0 424.878 346.75 -3.66838 10.6316
0.025 424.878 346.75 -3.66838 10.6316
0.05 424.565 346.257 -3.66175 10.6307
0.075 424.391 346.094 -3.65792 10.6296
0.1 424.154 345.861 -3.65292 10.6284
0.125 423.864 345.61 -3.64683 10.6269
0.15 423.514 345.31 -3.63949 10.625
0.175 423.107 344.962 -3.63145 10.6228
0.2 422.64 344.564 -3.6225 10.6202
0.225 422.117 344.118 -3.61274 10.6172
0.25 421.538 343.624 -3.60224 10.614
0.275 420.904 343.083 -3.59106 10.6104
0.3 420.218 342.498 -3.57929 10.6064
0.325 419.481 341.868 -3.56698 10.6021
0.35 418.695 341.196 -3.55422 10.5975
0.375 417.863 340.484 -3.54107 10.5926
0.4 416.987 339.734 -3.5276 10.5873
0.425 416.071 338.948 -3.51389 10.5816
0.45 415.115 338.127 -3.50001 10.5757
0.475 414.123 337.275 -3.48603 10.5695
0.5 413.097 336.392 -3.47202 10.5629
0.525 412.041 335.483 -3.45806 10.556
0.55 410.958 334.55 -3.44421 10.5488
0.575 409.851 333.594 -3.43056 10.5413
0.6 408.722 332.619 -3.41718 10.5334
0.625 407.577 331.628 -3.40415 10.5253
0.65 406.417 330.622 -3.39154 10.5169
0.675 405.247 329.606 -3.37943 10.5081
0.7 404.069 328.582 -3.3679 10.4991
0.725 402.888 327.554 -3.35702 10.4898
0.75 401.706 326.522 -3.34687 10.4802
0.775 400.527 325.492 -3.33752 10.4702
0.8 399.354 324.465 -3.32905 10.4601
0.825 398.191 323.445 -3.32153 10.4496
0.85 397.041 322.434 -3.31506 10.4388
0.875 395.907 321.436 -3.30968 10.4278
0.9 394.793 320.454 -3.30548 10.4165
0.925 393.702 319.489 -3.30252 10.4049
0.95 392.638 318.545 -3.30088 10.3931
0.975 391.602 317.624 -3.30062 10.381
1 390.598 316.73 -3.30179 10.3686
1.025 389.629 315.864 -3.30446 10.356
1.05 388.696 315.028 -3.30868 10.3431
1.075 387.804 314.226 -3.31452 10.3299
1.1 386.954 313.459 -3.32201 10.3165
1.125 386.149 312.73 -3.33122 10.3029
1.15 385.39 312.039 -3.34217 10.289
1.175 384.68 311.39 -3.35491 10.2748
1.2 384.019 310.783 -3.36947 10.2604
1.225 383.41 310.22 -3.38588 10.2457
1.25 382.854 309.702 -3.40416 10.2308
1.275 382.351 309.23 -3.42433 10.2157
1.3 381.904 308.805 -3.44642 10.2003
1.325 381.512 308.428 -3.47042 10.1846
1.35 381.174 308.1 -3.49635 10.1687
1.375 380.896 307.82 -3.52421 10.1526
1.4 380.672 307.588 -3.55398 10.1363
1.425 380.504 307.406 -3.58567 10.1196
1.45 380.392 307.272 -3.61923 10.1028
1.475 380.334 307.185 -3.65469 10.0857
1.5 380.33 307.143 -3.69203 10.0683
1.525 380.379 307.15 -3.73117 10.0507
1.55 380.479 307.202 -3.77211 10.0329
1.575 380.629 307.299 -3.81485 10.0148
1.6 380.827 307.438 -3.8593 9.99645
1.625 381.071 307.617 -3.90543 9.97786
1.65 381.359 307.837 -3.95321 9.95903
1.675 381.689 308.093 -4.00257 9.93993
1.7 382.058 308.384 -4.05347 9.92058
1.725 382.462 308.709 -4.10587 9.90097
1.75 382.9 309.064 -4.15971 9.88111
1.775 383.369 309.447 -4.21494 9.861
1.8 383.864 309.857 -4.27148 9.84061
1.825 384.383 310.288 -4.32921 9.81996
1.85 384.923 310.738 -4.38834 9.79905
1.875 385.479 311.205 -4.44854 9.77787
1.9 386.047 311.686 -4.50979 9.75642
1.925 386.625 312.176 -4.57209 9.7347
1.95 387.207 312.674 -4.6354 9.7127
1.975 387.791 313.176 -4.6996 9.69043
2 388.372 313.677 -4.76465 9.66789
2.025 388.946 314.176 -4.83051 9.64506
2.05 389.509 314.669 -4.89714 9.62194
2.075 390.056 315.151 -4.96446 9.59855
2.1 390.584 315.62 -5.03238 9.57487
2.125 391.088 316.072 -5.10093 9.55091
2.15 391.564 316.504 -5.17002 9.52665
2.175 392.008 316.912 -5.2396 9.5021
2.2 392.416 317.292 -5.30968 9.47726
2.225 392.783 317.642 -5.38012 9.45214
2.25 393.106 317.958 -5.45096 9.42671
2.275 393.38 318.236 -5.52207 9.401
2.3 393.602 318.474 -5.59346 9.37497
2.325 393.767 318.668 -5.66513 9.34866
2.35 393.873 318.815 -5.73702 9.32206
2.375 393.915 318.912 -5.8089 9.29515
2.4 393.889 318.956 -5.88126 9.26795
2.425 393.793 318.944 -5.95355 9.24045
2.45 393.622 318.873 -6.02592 9.21266
2.475 393.375 318.742 -6.09836 9.18457
2.5 393.047 318.548 -6.17082 9.15618
2.525 392.636 318.286 -6.24328 9.1275
2.55 392.139 317.954 -6.3157 9.09854
2.575 391.552 317.552 -6.3881 9.06928
2.6 390.874 317.076 -6.46037 9.03973
2.625 390.103 316.524 -6.53253 9.00991
2.65 389.235 315.895 -6.60457 8.97979
2.675 388.27 315.187 -6.67644 8.94939
2.7 387.206 314.398 -6.74809 8.91873
2.725 386.04 313.526 -6.81952 8.88778
2.75 384.771 312.571 -6.89073 8.85657
2.775 383.398 311.531 -6.96162 8.82509
2.8 381.919 310.404 -7.03216 8.79335
2.825 380.335 309.189 -7.10235 8.76135
2.85 378.639 307.887 -7.17214 8.7291
2.875 376.84 306.495 -7.24147 8.6966
2.9 374.936 305.013 -7.31031 8.66386
2.925 372.92 303.441 -7.37861 8.63089
2.95 370.796 301.779 -7.44635 8.59768
2.975 368.564 300.026 -7.51341 8.56425
3 366.223 298.181 -7.57976 8.5306
3.025 363.776 296.246 -7.64536 8.49674
3.05 361.222 294.217 -7.71011 8.46268
3.075 358.562 292.101 -7.77396 8.42842
3.1 355.797 289.894 -7.83683 8.39397
3.125 352.929 287.599 -7.89862 8.35933
3.15 349.959 285.215 -7.95927 8.32452
3.175 346.888 282.743 -8.01867 8.28955
3.2 343.718 280.185 -8.07672 8.25441
3.225 340.451 277.541 -8.13335 8.21912
3.25 337.09 274.813 -8.18843 8.18368
3.275 333.635 272.003 -8.24184 8.14812
3.3 330.091 269.111 -8.29349 8.11242
3.325 326.458 266.14 -8.34326 8.07661
3.35 322.74 263.091 -8.39101 8.04069
3.375 318.941 259.967 -8.43659 8.00467
3.4 315.061 256.77 -8.47991 7.96855
3.425 311.106 253.502 -8.52082 7.93236
3.45 307.076 250.165 -8.55916 7.89608
3.475 302.977 246.762 -8.5948 7.85975
3.5 298.812 243.295 -8.62763 7.82336
3.525 294.583 239.768 -8.65747 7.78692
3.55 290.295 236.184 -8.68415 7.75044
3.575 285.952 232.544 -8.70756 7.71393
3.6 281.556 228.853 -8.72753 7.67741
3.625 277.112 225.114 -8.74398 7.64087
3.65 272.624 221.329 -8.75672 7.60433
3.675 268.095 217.503 -8.76559 7.56779
3.7 263.53 213.639 -8.77047 7.53127
3.725 258.933 209.74 -8.77126 7.49477
3.75 254.307 205.81 -8.76784 7.45831
3.775 249.657 201.853 -8.76005 7.42188
3.8 244.987 197.868 -8.74783 7.3855
3.825 240.301 193.868 -8.73107 7.34918
3.85 235.603 189.853 -8.7097 7.31292
3.875 230.897 185.825 -8.68361 7.27674
3.9 226.187 181.788 -8.65275 7.24063
3.925 221.477 177.748 -8.61711 7.20461
3.95 216.771 173.707 -8.57663 7.16868
3.975 212.073 169.67 -8.53126 7.13286
4 207.387 165.64 -8.48103 7.09714
4.025 202.716 161.62 -8.42595 7.06154
4.05 198.065 157.616 -8.36603 7.02605
4.075 193.437 153.63 -8.30134 6.9907
4.1 188.835 149.666 -8.23189 6.95548
4.125 184.263 145.727 -8.15777 6.9204
4.15 179.724 141.818 -8.07908 6.88546
4.175 175.222 137.94 -7.99592 6.85068
4.2 170.759 134.098 -7.90839 6.81605
4.225 166.339 130.295 -7.81663 6.78159
4.25 161.964 126.533 -7.72081 6.74728
4.275 157.638 122.816 -7.62111 6.71315
4.3 153.362 119.146 -7.5176 6.6792
4.325 149.14 115.526 -7.41051 6.64542
4.35 144.973 111.958 -7.30004 6.61183
4.375 140.864 108.444 -7.18639 6.57843
4.4 136.814 104.988 -7.06977 6.54521
4.425 132.827 101.589 -6.95038 6.51219
4.45 128.903 98.2516 -6.82845 6.47937
4.475 125.044 94.976 -6.70421 6.44674
4.5 121.252 91.7639 -6.57788 6.41432
4.525 117.528 88.6169 -6.4497 6.38211
4.55 113.873 85.536 -6.31988 6.3501
4.575 110.289 82.5222 -6.18867 6.3183
4.6 106.775 79.5765 -6.0563 6.28672
4.625 103.334 76.6996 -5.92299 6.25535
4.65 99.9651 73.8921 -5.78897 6.22419
4.675 96.6695 71.1542 -5.65447 6.19325
4.7 93.4476 68.4865 -5.51968 6.16253
4.725 90.2995 65.8889 -5.38483 6.13203
4.75 87.2254 63.3615 -5.25013 6.10175
4.775 84.2255 60.9042 -5.11576 6.07168
4.8 81.2995 58.5168 -4.98192 6.04184
4.825 78.4474 56.1988 -4.84878 6.01223
4.85 75.6688 53.9499 -4.71653 5.98283
4.875 72.9634 51.7695 -4.58533 5.95366
4.9 70.3308 49.6568 -4.45532 5.92471
4.925 67.7704 47.6112 -4.32667 5.89598
4.95 65.2815 45.6319 -4.19938 5.86748
4.975 62.8634 43.7178 -4.07383 5.8392
5 60.5155 41.868 -3.95 5.81114
5.025 58.2367 40.0815 -3.82801 5.7833
5.05 56.0262 38.3571 -3.70796 5.75568
5.075 53.8831 36.6936 -3.58993 5.72828
5.1 51.8062 35.09 -3.47402 5.70111
5.125 49.7946 33.5448 -3.36028 5.67415
5.15 47.8471 32.0569 -3.24879 5.6474
5.175 45.9626 30.6248 -3.13959 5.62088
5.2 44.1398 29.2472 -3.03274 5.59457
5.225 42.3773 27.9229 -2.92828 5.56847
5.25 40.6744 26.6503 -2.82623 5.54259
5.275 39.0295 25.428 -2.72662 5.51692
5.3 37.4412 24.2548 -2.62948 5.49146
5.325 35.9084 23.1291 -2.5348 5.46621
5.35 34.4297 22.0495 -2.4426 5.44117
5.375 33.0038 21.0147 -2.35288 5.41633
5.4 31.6293 20.0232 -2.26564 5.3917
5.425 30.305 19.0737 -2.18085 5.36727
5.45 29.0294 18.1647 -2.09851 5.34305
5.475 27.8012 17.295 -2.0186 5.31902
5.5 26.6191 16.4631 -1.9411 5.29519
5.525 25.4818 15.6678 -1.86597 5.27156
5.55 24.388 14.9077 -1.79319 5.24813
5.575 23.3364 14.1815 -1.72273 5.22489
5.6 22.3257 13.4881 -1.65455 5.20184
5.625 21.3545 12.8261 -1.58861 5.17898
5.65 20.4218 12.1943 -1.52487 5.1563
5.675 19.5262 11.5917 -1.46329 5.13382
5.7 18.6665 11.0169 -1.40383 5.11152
5.725 17.8416 10.469 -1.34644 5.0894
5.75 17.0502 9.94685 -1.29108 5.06747
5.775 16.2912 9.44934 -1.2377 5.04571
5.8 15.5635 8.97548 -1.18624 5.02413
5.825 14.866 8.52425 -1.13667 5.00273
5.85 14.1976 8.09471 -1.08893 4.9815
5.875 13.5573 7.68591 -1.04298 4.96045
5.9 12.944 7.29695 -0.998755 4.93956
5.925 12.3568 6.92696 -0.956219 4.91884
5.95 11.7947 6.57509 -0.91532 4.8983
5.975 11.2566 6.24052 -0.876008 4.87791
6 10.7418 5.92249 -0.838234 4.85769
6.025 10.2493 5.62022 -0.801951 4.83764
6.05 9.77818 5.33299 -0.767112 4.81774
6.075 9.3277 5.06011 -0.733668 4.798
6.1 8.897 4.8009 -0.701575 4.77842
6.125 8.4853 4.55472 -0.670786 4.759
6.15 8.09183 4.32094 -0.641257 4.73973
6.175 7.71585 4.09898 -0.612944 4.72061
6.2 7.35664 3.88827 -0.585804 4.70164
6.225 7.01352 3.68826 -0.559795 4.68282
6.25 6.68582 3.49843 -0.534877 4.66414
6.275 6.37288 3.31829 -0.511009 4.64562
6.3 6.0741 3.14735 -0.488152 4.62724
6.325 5.78888 2.98516 -0.466268 4.609
6.35 5.51663 2.83129 -0.44532 4.5909
6.375 5.25679 2.68532 -0.425272 4.57294
6.4 5.00885 2.54686 -0.40609 4.55511
6.425 4.77228 2.41553 -0.387739 4.53743
6.45 4.54658 2.29096 -0.370187 4.51988
6.475 4.33128 2.17282 -0.353401 4.50246
6.5 4.12593 2.06077 -0.337351 4.48518
6.525 3.93009 1.95452 -0.322008 4.46802
6.55 3.74333 1.85376 -0.307341 4.451
6.575 3.56525 1.7582 -0.293324 4.4341
6.6 3.39546 1.6676 -0.27993 4.41733
6.625 3.23359 1.58168 -0.267132 4.40069
6.65 3.07929 1.5002 -0.254906 4.38417
6.675 2.93221 1.42295 -0.243228 4.36777
6.7 2.79203 1.34969 -0.232074 4.35149
6.725 2.65843 1.28023 -0.221422 4.33533
6.75 2.53111 1.21436 -0.21125 4.31929
6.775 2.40979 1.1519 -0.201538 4.30337
6.8 2.29418 1.09267 -0.192266 4.28757
6.825 2.18404 1.03651 -0.183415 4.27188
6.85 2.0791 0.983252 -0.174966 4.2563
6.875 1.97913 0.932745 -0.166902 4.24084
6.9 1.8839 0.884849 -0.159206 4.22548
6.925 1.79318 0.839427 -0.151862 4.21024
6.95 1.70677 0.79635 -0.144853 4.19511
6.975 1.62447 0.755497 -0.138166 4.18008
7 1.54608 0.71675 -0.131786 4.16516
7.025 1.47143 0.680002 -0.125698 4.15035
7.05 1.40033 0.645148 -0.119891 4.13564
7.075 1.33263 0.612089 -0.11435 4.12104
7.1 1.26816 0.580733 -0.109066 4.10653
7.125 1.20677 0.55099 -0.104024 4.09213
7.15 1.14831 0.522778 -0.0992161 4.07783
7.175 1.09266 0.496017 -0.0946298 4.06363
7.2 1.03967 0.470631 -0.0902556 4.04953
7.225 0.989221 0.44655 -0.0860838 4.03552
7.25 0.941193 0.423705 -0.0821051 4.02161
7.275 0.895471 0.402034 -0.0783107 4.0078
7.3 0.851946 0.381476 -0.0746922 3.99407
7.325 0.810515 0.361973 -0.0712415 3.98045
7.35 0.771077 0.343471 -0.0679509 3.96691
7.375 0.73354 0.325918 -0.0648129 3.95347
7.4 0.697812 0.309266 -0.0618207 3.94012
7.425 0.663807 0.293468 -0.0589675 3.92686
7.45 0.631444 0.278481 -0.0562468 3.91368
7.475 0.600645 0.264262 -0.0536525 3.9006
7.5 0.571335 0.250774 -0.0511788 3.8876
7.525 0.543444 0.237977 -0.0488202 3.87469
7.55 0.516903 0.225837 -0.0465712 3.86186
7.575 0.491649 0.214321 -0.0444267 3.84911
7.6 0.46762 0.203396 -0.0423821 3.83646
7.625 0.444758 0.193032 -0.0404325 3.82388
7.65 0.423007 0.183201 -0.0385736 3.81139
7.675 0.402313 0.173875 -0.0368012 3.79897
7.7 0.382627 0.165029 -0.0351112 3.78664
7.725 0.3639 0.156638 -0.0334998 3.77439
7.75 0.346086 0.148679 -0.0319633 3.76221
7.775 0.329141 0.14113 -0.0304984 3.75012
7.8 0.313023 0.13397 -0.0291015 3.7381
7.825 0.297694 0.12718 -0.0277696 3.72616
7.85 0.283114 0.120739 -0.0264995 3.71429
7.875 0.269249 0.114632 -0.0252885 3.7025
7.9 0.256062 0.108839 -0.0241338 3.69079
7.925 0.243523 0.103346 -0.0230326 3.67915
7.95 0.231599 0.0981371 -0.0219826 3.66758
7.975 0.22026 0.0931974 -0.0209813 3.65608
8 0.209479 0.0885133 -0.0200264 3.64466
8.025 0.199228 0.0840717 -0.0191158 3.6333
8.05 0.189482 0.07986 -0.0182474 3.62202
8.075 0.180216 0.0758665 -0.0174192 3.61081
8.1 0.171407 0.0720797 -0.0166293 3.59967
8.125 0.163032 0.0684891 -0.0158759 3.58859
8.15 0.15507 0.0650844 -0.0151573 3.57758
8.175 0.147502 0.061856 -0.0144718 3.56664
8.2 0.140307 0.0587947 -0.013818 3.55577
8.225 0.133468 0.0558917 -0.0131942 3.54496
8.25 0.126967 0.0531389 -0.0125992 3.53422
8.275 0.120788 0.0505282 -0.0120315 3.52354
8.3 0.114914 0.0480523 -0.0114898 3.51293
8.325 0.109331 0.045704 -0.010973 3.50238
8.35 0.104023 0.0434767 -0.0104798 3.4919
8.375 0.098979 0.0413639 -0.0100092 3.48147
8.4 0.0941841 0.0393595 -0.00956006 3.47111
8.425 0.0896264 0.0374578 -0.00913139 3.46081
8.45 0.0852941 0.0356534 -0.00872222 3.45058
8.475 0.081176 0.0339411 -0.00833165 3.4404
8.5 0.0772615 0.032316 -0.00795879 3.43028
8.525 0.0735404 0.0307733 -0.00760283 3.42022
8.55 0.070003 0.0293089 -0.00726297 3.41022
8.575 0.0666402 0.0279183 -0.00693846 3.40028
8.6 0.0634433 0.0265978 -0.00662858 3.39039
8.625 0.060404 0.0253436 -0.00633265 3.38057
8.65 0.0575143 0.0241521 -0.00605003 3.3708
8.675 0.0547668 0.0230201 -0.0057801 3.36108
8.7 0.0521544 0.0219442 -0.00552227 3.35142
8.725 0.0496702 0.0209217 -0.00527599 3.34182
8.75 0.0473079 0.0199496 -0.00504072 3.33227
8.775 0.0450614 0.0190253 -0.00481597 3.32278
8.8 0.0429248 0.0181462 -0.00460125 3.31334
8.825 0.0408926 0.0173099 -0.0043961 3.30395
8.85 0.0389595 0.0165143 -0.0042001 3.29462
8.875 0.0371207 0.0157572 -0.00401283 3.28534
8.9 0.0353714 0.0150366 -0.00383389 3.27611
8.925 0.0337071 0.0143506 -0.00366291 3.26694
8.95 0.0321235 0.0136974 -0.00349955 3.25781
8.975 0.0306166 0.0130754 -0.00334345 3.24874
9 0.0291827 0.0124829 -0.00319429 3.23971
9.025 0.0278179 0.0119184 -0.00305177 3.23074
9.05 0.0265189 0.0113804 -0.00291559 3.22181
9.075 0.0252824 0.0108678 -0.00278547 3.21294
9.1 0.0241054 0.0103793 -0.00266114 3.20411
9.125 0.0229847 0.00991345 -0.00254237 3.19533
9.15 0.0219176 0.00946932 -0.00242889 3.1866
9.175 0.0209015 0.00904578 -0.00232048 3.17792
9.2 0.0199338 0.00864181 -0.00221691 3.16929
9.225 0.0190122 0.00825643 -0.00211797 3.1607
9.25 0.0181344 0.00788877 -0.00202347 3.15215
9.275 0.0172981 0.00753794 -0.00193319 3.14366
9.3 0.0165014 0.00720312 -0.00184697 3.13521
9.325 0.0157423 0.00688354 -0.00176463 3.1268
9.35 0.0150189 0.00657845 -0.00168598 3.11844
9.375 0.0143295 0.00628718 -0.00161087 3.11013
9.4 0.0136725 0.00600901 -0.00153915 3.10186
9.425 0.0130461 0.00574334 -0.00147066 3.09363
9.45 0.012449 0.00548956 -0.00140526 3.08544
9.475 0.0118797 0.0052471 -0.00134281 3.0773
9.5 0.0113369 0.00501541 -0.00128318 3.0692
9.525 0.0108192 0.00479398 -0.00122625 3.06115
9.55 0.0103254 0.00458232 -0.00117189 3.05314
9.575 0.00985439 0.00437996 -0.00111999 3.04516
9.6 0.00940505 0.00418646 -0.00107044 3.03723
9.625 0.00897634 0.00400139 -0.00102313 3.02934
9.65 0.00856725 0.00382436 -0.000977954 3.0215
9.675 0.00817685 0.00365498 -0.000934822 3.01369
9.7 0.00780424 0.00349289 -0.000893638 3.00592
9.725 0.00744857 0.00333776 -0.000854314 2.99819
9.75 0.00710903 0.00318926 -0.000816763 2.99051
9.775 0.00678485 0.00304708 -0.000780906 2.98286
9.8 0.00647533 0.00291093 -0.000746663 2.97525
9.825 0.00617982 0.00278054 -0.000713961 2.96768
9.85 0.00589755 0.00265566 -0.000682729 2.96015
9.875 0.00562796 0.00253603 -0.0006529 2.95265
9.9 0.00537046 0.00242142 -0.000624409 2.9452
9.925 0.00512451 0.00231163 -0.000597195 2.93778
9.95 0.00488957 0.00220644 -0.000571197 2.9304
9.975 0.00466515 0.00210567 -0.000546365 2.92305
10 0.00445076 0.00200912 -0.000522644 2.91575
10.025 0.00424597 0.00191665 -0.000499983 2.90847
10.05 0.00405034 0.00182807 -0.000478338 2.90124
10.075 0.00386347 0.00174324 -0.000457658 2.89404
10.1 0.00368498 0.00166203 -0.000437902 2.88688
10.125 0.0035145 0.00158428 -0.000419029 2.87975
10.15 0.00335168 0.00150989 -0.000401001 2.87266
10.175 0.00319621 0.00143873 -0.000383781 2.8656
10.2 0.00304776 0.00137069 -0.000367333 2.85857
10.225 0.00290604 0.00130566 -0.000351624 2.85159
10.25 0.00277074 0.00124354 -0.000336622 2.84463
10.275 0.00264165 0.00118422 -0.000322296 2.83771
10.3 0.00251847 0.00112763 -0.000308617 2.83082
10.325 0.00240097 0.00107366 -0.000295559 2.82397
10.35 0.00228891 0.00102224 -0.000283094 2.81715
10.375 0.00218207 0.000973269 -0.000271196 2.81036
10.4 0.00208022 0.000926678 -0.000259842 2.8036
10.425 0.00198317 0.000882384 -0.000249009 2.79688
10.45 0.00189071 0.000840308 -0.000238673 2.79019
10.475 0.00180266 0.000800374 -0.000228813 2.78353
10.5 0.00171883 0.000762506 -0.000219409 2.7769
10.525 0.00163906 0.000726629 -0.00021044 2.77031
10.55 0.00156314 0.000692668 -0.000201887 2.76374
10.575 0.00149094 0.000660551 -0.000193731 2.75721
10.6 0.00142228 0.000630202 -0.000185954 2.7507
10.625 0.00135701 0.00060155 -0.000178539 2.74423
10.65 0.00129499 0.00057452 -0.000171469 2.73779
10.675 0.00123606 0.000549041 -0.000164726 2.73138
10.7 0.00118009 0.00052504 -0.000158296 2.725
10.725 0.00112694 0.000502445 -0.00015216 2.71865
10.75 0.00107648 0.000481184 -0.000146309 2.71232
10.775 0.00102858 0.000461186 -0.000140723 2.70603
10.8 0.000983114 0.000442381 -0.00013539 2.69977
10.825 0.000939963 0.000424699 -0.000130297 2.69353
10.85 0.000899008 0.000408072 -0.000125429 2.68733
10.875 0.000860138 0.000392432 -0.000120775 2.68115
10.9 0.000823244 0.000377714 -0.000116322 2.675
10.925 0.000788219 0.000363852 -0.000112058 2.66888
10.95 0.000754962 0.000350785 -0.000107972 2.66278
10.975 0.000723375 0.000338451 -0.000104053 2.65672
11 0.000693365 0.000326792 -0.000100292 2.65068
11.025 0.000664841 0.000315752 -9.66775e-05 2.64467
11.05 0.000637716 0.000305277 -9.32011e-05 2.63869
11.075 0.000611909 0.000295315 -8.9854e-05 2.63273
11.1 0.000587342 0.000285816 -8.66277e-05 2.6268
11.125 0.000563938 0.00027674 -8.35148e-05 2.6209
11.15 0.000541629 0.000268042 -8.05079e-05 2.61502
11.175 0.000520346 0.000259683 -7.76004e-05 2.60917
11.2 0.000500028 0.000251625 -7.47861e-05 2.60335
11.225 0.000480615 0.000243837 -7.20594e-05 2.59755
11.25 0.000462052 0.000236289 -6.94151e-05 2.59178
11.275 0.000444288 0.000228955 -6.68486e-05 2.58603
11.3 0.000427276 0.000221811 -6.43556e-05 2.58031
11.325 0.00041097 0.000214839 -6.19326e-05 2.57461
11.35 0.00039533 0.000208019 -5.95761e-05 2.56894
11.375 0.000380319 0.000201338 -5.72833e-05 2.5633
11.4 0.000365903 0.000194785 -5.50519e-05 2.55767
11.425 0.000352051 0.000188353 -5.28798e-05 2.55208
11.45 0.000338736 0.000182035 -5.07652e-05 2.54651
11.475 0.000325931 0.000175829 -4.87069e-05 2.54096
11.5 0.000313616 0.000169733 -4.67037e-05 2.53543
11.525 0.000301769 0.000163749 -4.47558e-05 2.52993
11.55 0.000290373 0.000157879 -4.28599e-05 2.52446
11.575 0.000279412 0.000152127 -4.10186e-05 2.51901
11.6 0.000268874 0.000146501 -3.92306e-05 2.51358
11.625 0.000258745 0.000141006 -3.74961e-05 2.50817
11.65 0.000249016 0.000135651 -3.58152e-05 2.50279
11.675 0.000239677 0.000130445 -3.41883e-05 2.49743
11.7 0.000230721 0.000125397 -3.26156e-05 2.49209
11.725 0.00022214 0.000120516 -3.10975e-05 2.48678
11.75 0.000213929 0.000115812 -2.96345e-05 2.48149
11.775 0.000206081 0.000111295 -2.82269e-05 2.47622
11.8 0.000198591 0.000106973 -2.6875e-05 2.47097
11.825 0.000191455 0.000102855 -2.55792e-05 2.46575
11.85 0.000184667 9.89489e-05 -2.43397e-05 2.46055
11.875 0.000178223 9.52618e-05 -2.31566e-05 2.45537
11.9 0.000172118 9.17997e-05 -2.20299e-05 2.45021
11.925 0.000166346 8.85675e-05 -2.09594e-05 2.44507
11.95 0.000160902 8.55687e-05 -1.9945e-05 2.43996
11.975 0.000155778 8.28069e-05 -1.89863e-05 2.43486
12 0.00015097 8.0281e-05 -1.80825e-05 2.42979
12.025 0.000146468 7.79916e-05 -1.72331e-05 2.42474
12.05 0.000142266 7.59363e-05 -1.64372e-05 2.41971
12.075 0.000138354 7.41127e-05 -1.56935e-05 2.4147
12.1 0.000134723 7.25155e-05 -1.5001e-05 2.40971
12.125 0.000131363 7.11384e-05 -1.43582e-05 2.40474
12.15 0.000128262 6.99744e-05 -1.37636e-05 2.39979
12.175 0.00012541 6.90126e-05 -1.32154e-05 2.39487
12.2 0.000122795 6.82444e-05 -1.27116e-05 2.38996
12.225 0.000120403 6.7658e-05 -1.22506e-05 2.38507
12.25 0.000118221 6.72407e-05 -1.18301e-05 2.3802
12.275 0.000116235 6.6979e-05 -1.14479e-05 2.37536
12.3 0.000114431 6.68586e-05 -1.11017e-05 2.37053
12.325 0.000112795 6.68643e-05 -1.0789e-05 2.36572
12.35 0.000111311 6.69803e-05 -1.05075e-05 2.36093
12.375 0.000109964 6.71905e-05 -1.02545e-05 2.35616
12.4 0.00010874 6.74782e-05 -1.00276e-05 2.35141
12.425 0.000107622 6.78268e-05 -9.82418e-06 2.34668
12.45 0.000106597 6.82196e-05 -9.6417e-06 2.34197
12.475 0.000105649 6.86399e-05 -9.47776e-06 2.33727
12.5 0.000104764 6.90715e-05 -9.32965e-06 2.3326
12.525 0.000103928 6.94982e-05 -9.19503e-06 2.32794
12.55 0.000103127 6.99048e-05 -9.07152e-06 2.32331
12.575 0.000102348 7.02764e-05 -8.95685e-06 2.31869
12.6 0.00010158 7.05992e-05 -8.84874e-06 2.31409
12.625 0.000100811 7.086e-05 -8.74528e-06 2.30951
12.65 0.00010003 7.10469e-05 -8.64442e-06 2.30494
12.675 9.92277e-05 7.11488e-05 -8.54435e-06 2.3004
12.7 9.83956e-05 7.11561e-05 -8.44339e-06 2.29587
12.725 9.7526e-05 7.10597e-05 -8.34002e-06 2.29136
12.75 9.66124e-05 7.08537e-05 -8.23286e-06 2.28686
12.775 9.56496e-05 7.05316e-05 -8.12072e-06 2.28239
12.8 9.4633e-05 7.00891e-05 -8.00257e-06 2.27793
12.825 9.35599e-05 6.95233e-05 -7.87757e-06 2.27349
12.85 9.24283e-05 6.88328e-05 -7.74502e-06 2.26907
12.875 9.12376e-05 6.80174e-05 -7.60442e-06 2.26466
12.9 8.99883e-05 6.70787e-05 -7.45545e-06 2.26027
12.925 8.86821e-05 6.60196e-05 -7.29794e-06 2.2559
12.95 8.73223e-05 6.48443e-05 -7.13192e-06 2.25155
12.975 8.59123e-05 6.35584e-05 -6.95755e-06 2.24721
13 8.44568e-05 6.21688e-05 -6.77517e-06 2.24289
13.025 8.29622e-05 6.06835e-05 -6.58524e-06 2.23858
13.05 8.14354e-05 5.91119e-05 -6.38841e-06 2.23429
13.075 7.98835e-05 5.74642e-05 -6.18543e-06 2.23002
13.1 7.83163e-05 5.57515e-05 -5.97718e-06 2.22576
13.125 7.67428e-05 5.39864e-05 -5.76466e-06 2.22153
13.15 7.51728e-05 5.21816e-05 -5.54897e-06 2.2173
13.175 7.3617e-05 5.03509e-05 -5.3313e-06 2.21309
13.2 7.20866e-05 4.85084e-05 -5.11296e-06 2.2089
13.225 7.05931e-05 4.66687e-05 -4.89519e-06 2.20473
13.25 6.9148e-05 4.48469e-05 -4.67942e-06 2.20057
13.275 6.77635e-05 4.30596e-05 -4.46709e-06 2.19642
13.3 6.64517e-05 4.13196e-05 -4.25964e-06 2.1923
13.325 6.52247e-05 3.96415e-05 -4.05855e-06 2.18818
13.35 6.40946e-05 3.80437e-05 -3.86543e-06 2.18408
13.375 6.30733e-05 3.65397e-05 -3.68148e-06 2.18
13.4 6.21725e-05 3.51443e-05 -3.50816e-06 2.17593
13.425 6.14034e-05 3.38715e-05 -3.34713e-06 2.17188
13.45 6.07769e-05 3.27352e-05 -3.19964e-06 2.16785
13.475 6.03032e-05 3.17482e-05 -3.06702e-06 2.16382
13.5 5.99927e-05 3.0923e-05 -2.95051e-06 2.15982
13.525 5.98541e-05 3.02711e-05 -2.85131e-06 2.15582
13.55 5.98961e-05 2.98032e-05 -2.77051e-06 2.15185
13.575 6.01263e-05 2.9529e-05 -2.70915e-06 2.14788
13.6 6.05516e-05 2.94572e-05 -2.66814e-06 2.14394
13.625 6.11779e-05 2.95957e-05 -2.64831e-06 2.14
13.65 6.20104e-05 2.99509e-05 -2.65037e-06 2.13608
13.675 6.30533e-05 3.05284e-05 -2.67496e-06 2.13218
13.7 6.43097e-05 3.13321e-05 -2.72253e-06 2.12829
13.725 6.57824e-05 3.2366e-05 -2.79347e-06 2.12441
13.75 6.74713e-05 3.36317e-05 -2.88809e-06 2.12055
13.775 6.93773e-05 3.513e-05 -3.0065e-06 2.1167
13.8 7.14994e-05 3.68604e-05 -3.14873e-06 2.11286
13.825 7.3836e-05 3.88212e-05 -3.31466e-06 2.10904
13.85 7.63849e-05 4.10102e-05 -3.50414e-06 2.10524
13.875 7.91406e-05 4.34252e-05 -3.71698e-06 2.10144
13.9 8.20991e-05 4.60575e-05 -3.95225e-06 2.09766
13.925 8.52536e-05 4.89007e-05 -4.2099e-06 2.0939
13.95 8.85995e-05 5.19521e-05 -4.48913e-06 2.09015
13.975 9.21283e-05 5.5201e-05 -4.78918e-06 2.08641
14 9.58316e-05 5.86396e-05 -5.10921e-06 2.08268
14.025 9.97002e-05 6.22575e-05 -5.44822e-06 2.07897
14.05 0.000103724 6.60442e-05 -5.80533e-06 2.07527
14.075 0.000107893 6.99884e-05 -6.17938e-06 2.07158
14.1 0.000112196 7.4078e-05 -6.5692e-06 2.06791
14.125 0.000116621 7.83005e-05 -6.97358e-06 2.06425
14.15 0.000121156 8.26426e-05 -7.39122e-06 2.0606
14.175 0.000125788 8.70908e-05 -7.82079e-06 2.05697
14.2 0.000130504 9.1631e-05 -8.26091e-06 2.05335
14.225 0.00013529 9.62489e-05 -8.71018e-06 2.04974
14.25 0.000140134 0.00010093 -9.16714e-06 2.04614
14.275 0.00014502 0.00010566 -9.63034e-06 2.04256
14.3 0.000149936 0.000110423 -1.00983e-05 2.03899
14.325 0.000154866 0.000115205 -1.05696e-05 2.03543
14.35 0.000159798 0.000119991 -1.10426e-05 2.03188
14.375 0.000164717 0.000124766 -1.1516e-05 2.02835
14.4 0.00016961 0.000129515 -1.19882e-05 2.02483
14.425 0.000174462 0.000134225 -1.24578e-05 2.02132
14.45 0.000179259 0.000138881 -1.29235e-05 2.01782
14.475 0.000183988 0.00014347 -1.33837e-05 2.01434
14.5 0.000188638 0.000147978 -1.38373e-05 2.01086
14.525 0.000193194 0.000152392 -1.42828e-05 2.0074
14.55 0.000197646 0.0001567 -1.4719e-05 2.00395
14.575 0.000201981 0.000160891 -1.51447e-05 2.00052
14.6 0.000206188 0.000164953 -1.55588e-05 1.99709
14.625 0.000210257 0.000168875 -1.59601e-05 1.99368
14.65 0.000214178 0.000172647 -1.63477e-05 1.99028
14.675 0.00021794 0.000176261 -1.67204e-05 1.98689
14.7 0.000221536 0.000179707 -1.70776e-05 1.98351
14.725 0.000224956 0.000182977 -1.74182e-05 1.98014
14.75 0.000228194 0.000186064 -1.77415e-05 1.97678
14.775 0.000231243 0.000188962 -1.80469e-05 1.97344
14.8 0.000234095 0.000191665 -1.83337e-05 1.9701
14.825 0.000236746 0.000194168 -1.86014e-05 1.96678
14.85 0.00023919 0.000196466 -1.88495e-05 1.96347
14.875 0.000241424 0.000198556 -1.90775e-05 1.96017
14.9 0.000243444 0.000200434 -1.92853e-05 1.95688
14.925 0.000245247 0.000202102 -1.94723e-05 1.9536
14.95 0.00024683 0.000203553 -1.96385e-05 1.95034
14.975 0.000248193 0.000204788 -1.97837e-05 1.94708
15 0.000249334 0.000205808 -1.99079e-05 1.94384
15.025 0.000250254 0.000206613 -2.00111e-05 1.9406
15.05 0.000250952 0.000207204 -2.00933e-05 1.93738
15.075 0.000251429 0.000207583 -2.01546e-05 1.93417
15.1 0.000251688 0.000207752 -2.01954e-05 1.93096
15.125 0.00025173 0.000207715 -2.02156e-05 1.92777
15.15 0.000251558 0.000207474 -2.02159e-05 1.92459
15.175 0.000251174 0.000207033 -2.01963e-05 1.92142
15.2 0.000250584 0.000206399 -2.01572e-05 1.91826
15.225 0.00024979 0.000205572 -2.00992e-05 1.91511
15.25 0.000248797 0.00020456 -2.00226e-05 1.91197
15.275 0.00024761 0.000203369 -1.99281e-05 1.90884
15.3 0.000246234 0.000202004 -1.98161e-05 1.90572
15.325 0.000244676 0.000200471 -1.96871e-05 1.90261
15.35 0.00024294 0.000198776 -1.95419e-05 1.89951
15.375 0.000241034 0.000196927 -1.93811e-05 1.89643
15.4 0.000238963 0.000194931 -1.92052e-05 1.89335
15.425 0.000236734 0.000192794 -1.9015e-05 1.89028
15.45 0.000234354 0.000190523 -1.88111e-05 1.88722
15.475 0.000231831 0.000188127 -1.85942e-05 1.88417
15.5 0.00022917 0.000185604 -1.83651e-05 1.88113
15.525 0.00022638 0.000182978 -1.81244e-05 1.8781
15.55 0.000223469 0.000180248 -1.78729e-05 1.87508
15.575 0.000220442 0.000177421 -1.76113e-05 1.87207
15.6 0.000217308 0.000174506 -1.73397e-05 1.86907
15.625 0.000214075 0.000171509 -1.706e-05 1.86608
15.65 0.000210749 0.000168439 -1.67725e-05 1.8631
15.675 0.000207338 0.000165302 -1.64776e-05 1.86013
15.7 0.000203849 0.000162105 -1.61763e-05 1.85717
15.725 0.000200291 0.000158856 -1.58691e-05 1.85422
15.75 0.000196669 0.000155562 -1.55567e-05 1.85127
15.775 0.000192992 0.000152229 -1.52398e-05 1.84834
15.8 0.000189265 0.000148863 -1.49191e-05 1.84541
15.825 0.000185496 0.000145472 -1.45952e-05 1.8425
15.85 0.000181692 0.000142062 -1.42686e-05 1.83959
15.875 0.000177859 0.000138638 -1.39401e-05 1.8367
15.9 0.000174003 0.000135207 -1.36102e-05 1.83381
15.925 0.00017013 0.000131773 -1.32794e-05 1.83093
15.95 0.000166247 0.000128344 -1.29482e-05 1.82806
15.975 0.000162359 0.000124922 -1.26173e-05 1.8252
16 0.000158472 0.000121514 -1.2287e-05 1.82235
16.025 0.00015459 0.000118124 -1.19579e-05 1.8195
16.05 0.00015072 0.000114757 -1.16305e-05 1.81667
16.075 0.000146866 0.000111416 -1.1305e-05 1.81384
16.1 0.000143032 0.000108106 -1.0982e-05 1.81103
16.125 0.000139222 0.000104831 -1.06618e-05 1.80822
16.15 0.000135442 0.000101593 -1.03448e-05 1.80542
16.175 0.000131695 9.83964e-05 -1.00313e-05 1.80263
16.2 0.000127985 9.52438e-05 -9.72164e-06 1.79985
16.225 0.000124315 9.21379e-05 -9.41607e-06 1.79708
16.25 0.000120688 8.90814e-05 -9.11489e-06 1.79431
16.275 0.000117108 8.60766e-05 -8.81833e-06 1.79155
16.3 0.000113577 8.31254e-05 -8.52663e-06 1.78881
16.325 0.000110098 8.02298e-05 -8.23997e-06 1.78607
16.35 0.000106672 7.73915e-05 -7.95845e-06 1.78334
16.375 0.000103304 7.46119e-05 -7.68245e-06 1.78061
16.4 9.99933e-05 7.18922e-05 -7.41208e-06 1.7779
16.425 9.67429e-05 6.92337e-05 -7.14729e-06 1.77519
16.45 9.35541e-05 6.66363e-05 -6.88828e-06 1.7725
16.475 9.04282e-05 6.41025e-05 -6.63515e-06 1.76981
16.5 8.73664e-05 6.16327e-05 -6.38796e-06 1.76712
16.525 8.43699e-05 5.92258e-05 -6.14678e-06 1.76445
16.55 8.14393e-05 5.68828e-05 -5.91166e-06 1.76179
16.575 7.85753e-05 5.46039e-05 -5.68262e-06 1.75913
16.6 7.57786e-05 5.23891e-05 -5.45968e-06 1.75648
16.625 7.30494e-05 5.02381e-05 -5.24284e-06 1.75384
16.65 7.0388e-05 4.81508e-05 -5.0321e-06 1.7512
16.675 6.77944e-05 4.61268e-05 -4.82743e-06 1.74858
16.7 6.52688e-05 4.41655e-05 -4.62881e-06 1.74596
16.725 6.28109e-05 4.22665e-05 -4.4362e-06 1.74335
16.75 6.04204e-05 4.0429e-05 -4.24954e-06 1.74075
16.775 5.8097e-05 3.86523e-05 -4.06877e-06 1.73816
16.8 5.58403e-05 3.69355e-05 -3.89384e-06 1.73557
16.825 5.36496e-05 3.52779e-05 -3.72466e-06 1.73299
16.85 5.15244e-05 3.36783e-05 -3.56115e-06 1.73042
16.875 4.94639e-05 3.21358e-05 -3.40324e-06 1.72785
16.9 4.74672e-05 3.06494e-05 -3.25081e-06 1.7253
16.925 4.55337e-05 2.92179e-05 -3.10379e-06 1.72275
16.95 4.36622e-05 2.78402e-05 -2.96206e-06 1.72021
16.975 4.18519e-05 2.6515e-05 -2.82552e-06 1.71768
17 4.01018e-05 2.52412e-05 -2.69406e-06 1.71515
17.025 3.84106e-05 2.40175e-05 -2.56757e-06 1.71263
17.05 3.67773e-05 2.28427e-05 -2.44593e-06 1.71012
17.075 3.52008e-05 2.17155e-05 -2.32902e-06 1.70762
17.1 3.36799e-05 2.06346e-05 -2.21673e-06 1.70512
17.125 3.22133e-05 1.95987e-05 -2.10893e-06 1.70263
17.15 3.07999e-05 1.86064e-05 -2.00551e-06 1.70015
17.175 2.94383e-05 1.76566e-05 -1.90633e-06 1.69767
17.2 2.81274e-05 1.67479e-05 -1.81129e-06 1.69521
17.225 2.68657e-05 1.58791e-05 -1.72026e-06 1.69275
17.25 2.56522e-05 1.50488e-05 -1.63312e-06 1.69029
17.275 2.44854e-05 1.42557e-05 -1.54974e-06 1.68785
17.3 2.33641e-05 1.34987e-05 -1.47001e-06 1.68541
17.325 2.2287e-05 1.27764e-05 -1.39381e-06 1.68298
17.35 2.12528e-05 1.20876e-05 -1.32101e-06 1.68055
17.375 2.02602e-05 1.14312e-05 -1.2515e-06 1.67813
17.4 1.9308e-05 1.08059e-05 -1.18518e-06 1.67572
17.425 1.8395e-05 1.02105e-05 -1.12191e-06 1.67332
17.45 1.75198e-05 9.64399e-06 -1.0616e-06 1.67092
17.475 1.66813e-05 9.10514e-06 -1.00413e-06 1.66853
17.5 1.58783e-05 8.59289e-06 -9.49393e-07 1.66615
17.525 1.51096e-05 8.10618e-06 -8.9729e-07 1.66377
17.55 1.43739e-05 7.64394e-06 -8.47715e-07 1.6614
17.575 1.36702e-05 7.20518e-06 -8.00568e-07 1.65904
17.6 1.29973e-05 6.78889e-06 -7.55752e-07 1.65668
17.625 1.23541e-05 6.39413e-06 -7.13172e-07 1.65433
17.65 1.17396e-05 6.01995e-06 -6.72734e-07 1.65199
17.675 1.11526e-05 5.66545e-06 -6.34348e-07 1.64965
17.7 1.05922e-05 5.32975e-06 -5.97928e-07 1.64732
17.725 1.00573e-05 5.012e-06 -5.63388e-07 1.645
17.75 9.54699e-06 4.71139e-06 -5.30645e-07 1.64268
17.775 9.06027e-06 4.42711e-06 -4.99621e-07 1.64037
17.8 8.5962e-06 4.15841e-06 -4.70238e-07 1.63806
17.825 8.1539e-06 3.90454e-06 -4.42421e-07 1.63577
17.85 7.73248e-06 3.66479e-06 -4.16098e-07 1.63348
17.875 7.33108e-06 3.43848e-06 -3.912e-07 1.63119
17.9 6.94889e-06 3.22495e-06 -3.6766e-07 1.62891
17.925 6.58509e-06 3.02357e-06 -3.45413e-07 1.62664
17.95 6.23891e-06 2.83372e-06 -3.24397e-07 1.62438
17.975 5.9096e-06 2.65482e-06 -3.04552e-07 1.62212
18 5.59643e-06 2.48632e-06 -2.85821e-07 1.61986
18.025 5.2987e-06 2.32767e-06 -2.68149e-07 1.61762
18.05 5.01573e-06 2.17836e-06 -2.51482e-07 1.61538
18.075 4.74687e-06 2.03791e-06 -2.3577e-07 1.61314
18.1 4.49149e-06 1.90584e-06 -2.20963e-07 1.61091
18.125 4.24899e-06 1.7817e-06 -2.07016e-07 1.60869
18.15 4.01877e-06 1.66507e-06 -1.93884e-07 1.60648
18.175 3.80027e-06 1.55552e-06 -1.81523e-07 1.60427
18.2 3.59295e-06 1.45269e-06 -1.69894e-07 1.60206
18.225 3.3963e-06 1.35618e-06 -1.58956e-07 1.59987
18.25 3.20981e-06 1.26566e-06 -1.48674e-07 1.59767
18.275 3.033e-06 1.18078e-06 -1.39011e-07 1.59549
18.3 2.86541e-06 1.10121e-06 -1.29934e-07 1.59331
18.325 2.7066e-06 1.02667e-06 -1.2141e-07 1.59114
18.35 2.55615e-06 9.56848e-07 -1.13408e-07 1.58897
18.375 2.41364e-06 8.91481e-07 -1.059e-07 1.58681
18.4 2.2787e-06 8.30305e-07 -9.88566e-08 1.58465
18.425 2.15095e-06 7.73074e-07 -9.22527e-08 1.5825
18.45 2.03003e-06 7.19554e-07 -8.60628e-08 1.58036
18.475 1.91561e-06 6.69521e-07 -8.02629e-08 1.57822
18.5 1.80736e-06 6.22767e-07 -7.48305e-08 1.57608
18.525 1.70496e-06 5.79089e-07 -6.97436e-08 1.57396
18.55 1.60813e-06 5.38306e-07 -6.4983e-08 1.57184
18.575 1.51657e-06 5.00238e-07 -6.05287e-08 1.56972
18.6 1.43002e-06 4.64716e-07 -5.63626e-08 1.56761
18.625 1.34823e-06 4.31582e-07 -5.24672e-08 1.56551
18.65 1.27093e-06 4.00686e-07 -4.88264e-08 1.56341
18.675 1.19791e-06 3.71887e-07 -4.54246e-08 1.56131
18.7 1.12894e-06 3.45052e-07 -4.22472e-08 1.55923
18.725 1.0638e-06 3.20056e-07 -3.92804e-08 1.55715
18.75 1.00229e-06 2.96781e-07 -3.65112e-08 1.55507
18.775 9.44224e-07 2.75115e-07 -3.39273e-08 1.553
18.8 8.89415e-07 2.54955e-07 -3.1517e-08 1.55093
18.825 8.3769e-07 2.36203e-07 -2.92696e-08 1.54887
18.85 7.88882e-07 2.18764e-07 -2.71745e-08 1.54682
18.875 7.42835e-07 2.02554e-07 -2.52222e-08 1.54477
18.9 6.994e-07 1.87491e-07 -2.34036e-08 1.54273
18.925 6.58434e-07 1.73497e-07 -2.17099e-08 1.54069
18.95 6.19804e-07 1.60501e-07 -2.01331e-08 1.53866
18.975 5.8338e-07 1.48437e-07 -1.86656e-08 1.53663
19 5.49043e-07 1.3724e-07 -1.73003e-08 1.53461
19.025 5.16678e-07 1.26852e-07 -1.60304e-08 1.53259
19.05 4.86174e-07 1.17217e-07 -1.48496e-08 1.53058
19.075 4.57429e-07 1.08284e-07 -1.37521e-08 1.52857
19.1 4.30346e-07 1.00004e-07 -1.27322e-08 1.52657
19.125 4.04831e-07 9.23308e-08 -1.17847e-08 1.52458
19.15 3.80796e-07 8.52234e-08 -1.09048e-08 1.52259
19.175 3.58159e-07 7.86414e-08 -1.00879e-08 1.5206
19.2 3.3684e-07 7.2548e-08 -9.32968e-09 1.51862
19.225 3.16765e-07 6.69085e-08 -8.62614e-09 1.51665
19.25 2.97864e-07 6.16907e-08 -7.97352e-09 1.51468
19.275 2.8007e-07 5.68643e-08 -7.36832e-09 1.51271
19.3 2.6332e-07 5.24014e-08 -6.80723e-09 1.51075
19.325 2.47554e-07 4.82757e-08 -6.28719e-09 1.5088
19.35 2.32716e-07 4.44627e-08 -5.80532e-09 1.50685
19.375 2.18753e-07 4.09397e-08 -5.35894e-09 1.50491
19.4 2.05614e-07 3.76856e-08 -4.94554e-09 1.50297
19.425 1.93252e-07 3.46806e-08 -4.56278e-09 1.50103
19.45 1.81621e-07 3.19063e-08 -4.20847e-09 1.4991
19.475 1.7068e-07 2.93456e-08 -3.88058e-09 1.49718
19.5 1.60389e-07 2.69826e-08 -3.57721e-09 1.49526
19.525 1.50709e-07 2.48026e-08 -3.29658e-09 1.49334
19.55 1.41605e-07 2.27918e-08 -3.03703e-09 1.49143
19.575 1.33043e-07 2.09374e-08 -2.79704e-09 1.48953
19.6 1.24992e-07 1.92276e-08 -2.57516e-09 1.48763
19.625 1.17421e-07 1.76514e-08 -2.37006e-09 1.48574
19.65 1.10303e-07 1.61985e-08 -2.18049e-09 1.48385
19.675 1.0361e-07 1.48594e-08 -2.00529e-09 1.48196
19.7 9.73184e-08 1.36253e-08 -1.84338e-09 1.48008
19.725 9.14034e-08 1.24879e-08 -1.69376e-09 1.4782
19.75 8.58429e-08 1.14398e-08 -1.55548e-09 1.47633
19.775 8.0616e-08 1.04738e-08 -1.42769e-09 1.47447
19.8 7.57029e-08 9.58333e-09 -1.30956e-09 1.4726
19.825 7.10847e-08 8.76237e-09 -1.20034e-09 1.47075
19.85 6.67441e-08 8.00524e-09 -1.09933e-09 1.46889
19.875 6.26643e-08 7.3067e-09 -1.00586e-09 1.46705
19.9 5.88297e-08 6.66184e-09 -9.19333e-10 1.4652
19.925 5.52257e-08 6.06614e-09 -8.3917e-10 1.46337
19.95 5.18384e-08 5.51533e-09 -7.64835e-10 1.46153
19.975 4.86549e-08 5.00561e-09 -6.95848e-10 1.4597
20 4.56625e-08 4.53288e-09 -6.31685e-10 1.45788
