0 0.0454963 0.0493896 0.00160994 0.0254998
0.025 0.0454963 0.0493896 0.00160994 0.0254998
0.05 0.0455236 0.0494162 0.00160792 0.025512
0.075 0.0455691 0.0494603 0.00160456 0.0255324
0.1 0.0456324 0.0495218 0.00159986 0.0255608
0.125 0.0457133 0.0496004 0.00159383 0.0255971
0.15 0.0458114 0.0496957 0.00158649 0.0256411
0.175 0.0459264 0.0498071 0.00157784 0.0256925
0.2 0.0460575 0.0499342 0.00156789 0.0257511
0.225 0.0462044 0.0500764 0.00155668 0.0258165
0.25 0.0463662 0.0502329 0.00154421 0.0258885
0.275 0.0465422 0.0504029 0.00153051 0.0259667
0.3 0.0467317 0.0505857 0.0015156 0.0260506
0.325 0.0469337 0.0507802 0.0014995 0.0261399
0.35 0.0471473 0.0509856 0.00148226 0.0262339
0.375 0.0473715 0.0512008 0.00146388 0.0263323
0.4 0.0476052 0.0514247 0.00144441 0.0264345
0.425 0.0478474 0.0516561 0.00142389 0.02654
0.45 0.0480969 0.0518939 0.00140234 0.0266481
0.475 0.0483525 0.0521369 0.0013798 0.0267584
0.5 0.048613 0.0523838 0.00135631 0.0268701
0.525 0.0488771 0.0526333 0.00133191 0.0269826
0.55 0.0491434 0.0528841 0.00130665 0.0270954
0.575 0.0494108 0.0531348 0.00128057 0.0272077
0.6 0.0496778 0.0533841 0.00125371 0.0273189
0.625 0.0499431 0.0536305 0.00122611 0.0274283
0.65 0.0502054 0.0538729 0.00119783 0.0275353
0.675 0.0504632 0.0541096 0.00116892 0.0276393
0.7 0.0507152 0.0543395 0.00113942 0.0277394
0.725 0.05096 0.0545611 0.00110938 0.0278352
0.75 0.0511964 0.054773 0.00107885 0.0279259
0.775 0.0514228 0.054974 0.00104789 0.0280109
0.8 0.0516381 0.0551627 0.00101655 0.0280896
0.825 0.051841 0.0553379 0.000984874 0.0281614
0.85 0.0520301 0.0554983 0.000952921 0.0282256
0.875 0.0522043 0.0556428 0.000920741 0.0282818
0.9 0.0523623 0.0557701 0.000888388 0.0283292
0.925 0.0525031 0.0558791 0.000855913 0.0283675
0.95 0.0526255 0.0559689 0.00082337 0.0283961
0.975 0.0527284 0.0560383 0.000790808 0.0284146
1 0.0528108 0.0560865 0.000758281 0.0284224
1.025 0.0528719 0.0561125 0.000725838 0.0284192
1.05 0.0529108 0.0561155 0.000693529 0.0284045
1.075 0.0529265 0.0560948 0.000661404 0.0283781
1.1 0.0529185 0.0560497 0.000629509 0.0283396
1.125 0.0528859 0.0559795 0.000597892 0.0282887
1.15 0.0528282 0.0558837 0.000566599 0.0282251
1.175 0.0527449 0.0557618 0.000535673 0.0281487
1.2 0.0526354 0.0556134 0.000505157 0.0280593
1.225 0.0524994 0.0554382 0.000475092 0.0279566
1.25 0.0523366 0.0552359 0.000445519 0.0278407
1.275 0.0521467 0.0550064 0.000416473 0.0277114
1.3 0.0519296 0.0547496 0.000387993 0.0275688
1.325 0.0516852 0.0544653 0.000360111 0.0274127
1.35 0.0514135 0.0541538 0.00033286 0.0272433
1.375 0.0511145 0.0538151 0.000306269 0.0270607
1.4 0.0507885 0.0534494 0.000280367 0.0268649
1.425 0.0504355 0.053057 0.000255179 0.0266561
1.45 0.050056 0.0526381 0.000230729 0.0264344
1.475 0.0496503 0.0521933 0.000207038 0.0262002
1.5 0.0492188 0.051723 0.000184125 0.0259536
1.525 0.0487619 0.0512277 0.000162008 0.0256948
1.55 0.0482804 0.050708 0.0001407 0.0254244
1.575 0.0477748 0.0501646 0.000120215 0.0251424
1.6 0.0472457 0.0495981 0.000100561 0.0248493
1.625 0.046694 0.0490094 8.17478e-05 0.0245456
1.65 0.0461204 0.0483992 6.37797e-05 0.0242315
1.675 0.0455258 0.0477684 4.66604e-05 0.0239076
1.7 0.0449111 0.0471179 3.03911e-05 0.0235742
1.725 0.0442771 0.0464486 1.49709e-05 0.0232318
1.75 0.0436249 0.0457615 3.96887e-07 0.022881
1.775 0.0429555 0.0450576 -1.3336e-05 0.0225221
1.8 0.0422698 0.0443379 -2.62346e-05 0.0221558
1.825 0.0415691 0.0436034 -3.83078e-05 0.0217825
1.85 0.0408543 0.0428552 -4.9566e-05 0.0214028
1.875 0.0401265 0.0420945 -6.00217e-05 0.0210172
1.9 0.0393869 0.0413222 -6.96886e-05 0.0206263
1.925 0.0386367 0.0405396 -7.85823e-05 0.0202305
1.95 0.0378769 0.0397477 -8.67196e-05 0.0198305
1.975 0.0371086 0.0389476 -9.41188e-05 0.0194268
2 0.0363331 0.0381405 -0.000100799 0.0190199
2.025 0.0355515 0.0373275 -0.000106782 0.0186103
2.05 0.0347649 0.0365096 -0.000112088 0.0181987
2.075 0.0339744 0.0356879 -0.000116741 0.0177856
2.1 0.0331811 0.0348636 -0.000120763 0.0173714
2.125 0.0323861 0.0340377 -0.00012418 0.0169568
2.15 0.0315905 0.0332112 -0.000127015 0.0165421
2.175 0.0307953 0.0323852 -0.000129294 0.016128
2.2 0.0300015 0.0315606 -0.000131043 0.0157148
2.225 0.0292101 0.0307384 -0.000132288 0.0153031
2.25 0.0284221 0.0299196 -0.000133056 0.0148933
2.275 0.0276384 0.029105 -0.000133372 0.0144858
2.3 0.0268599 0.0282955 -0.000133264 0.0140811
2.325 0.0260875 0.0274921 -0.000132757 0.0136797
2.35 0.0253219 0.0266954 -0.000131878 0.0132817
2.375 0.0245639 0.0259062 -0.000130653 0.0128878
2.4 0.0238142 0.0251254 -0.000129108 0.0124981
2.425 0.0230737 0.0243536 -0.000127268 0.0121131
2.45 0.0223428 0.0235914 -0.000125157 0.0117331
2.475 0.0216223 0.0228394 -0.000122802 0.0113583
2.5 0.0209126 0.0220983 -0.000120224 0.010989
2.525 0.0202144 0.0213686 -0.000117448 0.0106256
2.55 0.019528 0.0206508 -0.000114495 0.0102681
2.575 0.018854 0.0199453 -0.000111389 0.00991696
2.6 0.0181928 0.0192526 -0.000108149 0.00957223
2.625 0.0175446 0.018573 -0.000104795 0.00923412
2.65 0.0169098 0.0179069 -0.000101348 0.0089028
2.675 0.0162887 0.0172547 -9.7825e-05 0.00857842
2.7 0.0156815 0.0166164 -9.42444e-05 0.00826109
2.725 0.0150884 0.0159925 -9.06225e-05 0.00795093
2.75 0.0145096 0.015383 -8.69751e-05 0.00764802
2.775 0.0139453 0.0147882 -8.3317e-05 0.00735244
2.8 0.0133954 0.0142082 -7.96621e-05 0.00706424
2.825 0.01286 0.013643 -7.60232e-05 0.00678347
2.85 0.0123393 0.0130927 -7.24124e-05 0.00651014
2.875 0.0118331 0.0125574 -6.88408e-05 0.00624427
2.9 0.0113415 0.012037 -6.53185e-05 0.00598586
2.925 0.0108643 0.0115316 -6.18548e-05 0.00573488
2.95 0.0104016 0.0110411 -5.8458e-05 0.00549131
2.975 0.00995314 0.0105653 -5.51358e-05 0.00525511
3 0.00951887 0.0101043 -5.18948e-05 0.00502622
3.025 0.00909863 0.00965789 -4.8741e-05 0.00480457
3.05 0.00869224 0.0092259 -4.56793e-05 0.00459011
3.075 0.00829952 0.00880818 -4.27142e-05 0.00438273
3.1 0.00792026 0.00840457 -3.98493e-05 0.00418236
3.125 0.00755425 0.00801487 -3.70876e-05 0.00398889
3.15 0.00720126 0.00763886 -3.44314e-05 0.00380222
3.175 0.00686106 0.00727633 -3.18823e-05 0.00362222
3.2 0.00653338 0.00692702 -2.94415e-05 0.00344879
3.225 0.00621796 0.0065907 -2.71095e-05 0.0032818
3.25 0.00591455 0.0062671 -2.48864e-05 0.00312111
3.275 0.00562286 0.00595596 -2.27717e-05 0.0029666
3.3 0.00534262 0.005657 -2.07647e-05 0.00281812
3.325 0.00507354 0.00536994 -1.88639e-05 0.00267554
3.35 0.00481534 0.00509449 -1.70679e-05 0.00253871
3.375 0.00456772 0.00483035 -1.53746e-05 0.00240749
3.4 0.00433039 0.00457723 -1.37818e-05 0.00228173
3.425 0.00410307 0.00433484 -1.2287e-05 0.00216128
3.45 0.00388546 0.00410286 -1.08875e-05 0.00204599
3.475 0.00367727 0.00388101 -9.58036e-06 0.00193571
3.5 0.00347821 0.00366897 -8.36242e-06 0.0018303
3.525 0.00328799 0.00346644 -7.23048e-06 0.00172961
3.55 0.00310633 0.00327313 -6.18118e-06 0.00163347
3.575 0.00293295 0.00308873 -5.2111e-06 0.00154176
3.6 0.00276756 0.00291295 -4.31673e-06 0.00145432
3.625 0.00260991 0.0027455 -3.49454e-06 0.001371
3.65 0.0024597 0.00258608 -2.74098e-06 0.00129167
3.675 0.00231669 0.00243441 -2.0525e-06 0.00121618
3.7 0.0021806 0.0022902 -1.42557e-06 0.00114439
3.725 0.00205119 0.00215318 -8.56715e-07 0.00107616
3.75 0.0019282 0.00202308 -3.42493e-07 0.00101137
3.775 0.00181139 0.00189962 1.20465e-07 0.000949873
3.8 0.00170051 0.00178256 5.35447e-07 0.000891546
3.825 0.00159534 0.00167162 9.05653e-07 0.000836262
3.85 0.00149565 0.00156656 1.23418e-06 0.000783896
3.875 0.00140121 0.00146713 1.52404e-06 0.000734329
3.9 0.00131181 0.00137311 1.77809e-06 0.000687443
3.925 0.00122724 0.00128425 1.99912e-06 0.000643122
3.95 0.00114729 0.00120032 2.18975e-06 0.000601256
3.975 0.00107176 0.00112112 2.35251e-06 0.000561736
4 0.00100046 0.00104642 2.48978e-06 0.000524457
4.025 0.000933204 0.000976029 2.60383e-06 0.000489316
4.05 0.000869807 0.000909735 2.69679e-06 0.000456216
4.075 0.000810093 0.00084735 2.77066e-06 0.00042506
4.1 0.000753892 0.000788684 2.82733e-06 0.000395756
4.125 0.000701039 0.000733559 2.86855e-06 0.000368214
4.15 0.000651375 0.000681799 2.89596e-06 0.000342347
4.175 0.000604744 0.000633236 2.91107e-06 0.000318074
4.2 0.000560998 0.000587709 2.91529e-06 0.000295312
4.225 0.000519993 0.00054506 2.90991e-06 0.000273985
4.25 0.00048159 0.00050514 2.89612e-06 0.000254018
4.275 0.000445656 0.000467805 2.875e-06 0.00023534
4.3 0.000412062 0.000432916 2.84755e-06 0.000217882
4.325 0.000380684 0.00040034 2.81466e-06 0.000201577
4.35 0.000351403 0.000369949 2.77715e-06 0.000186363
4.375 0.000324105 0.000341621 2.73576e-06 0.000172179
4.4 0.00029868 0.00031524 2.69114e-06 0.000158965
4.425 0.000275022 0.000290692 2.64388e-06 0.000146668
4.45 0.00025303 0.000267872 2.59451e-06 0.000135233
4.475 0.000232608 0.000246677 2.54349e-06 0.00012461
4.5 0.000213663 0.000227009 2.49121e-06 0.00011475
4.525 0.000196107 0.000208775 2.43805e-06 0.000105607
4.55 0.000179855 0.000191887 2.38432e-06 9.71358e-05
4.575 0.000164826 0.000176261 2.33027e-06 8.92956e-05
4.6 0.000150944 0.000161816 2.27614e-06 8.20461e-05
4.625 0.000138136 0.000148476 2.22213e-06 7.53492e-05
4.65 0.000126331 0.000136169 2.1684e-06 6.91688e-05
4.675 0.000115463 0.000124826 2.11509e-06 6.34707e-05
4.7 0.00010547 0.000114382 2.06232e-06 5.82224e-05
4.725 9.62923e-05 0.000104776 2.01017e-06 5.33932e-05
4.75 8.7873e-05 9.59492e-05 1.95873e-06 4.8954e-05
4.775 8.01588e-05 8.78466e-05 1.90805e-06 4.48773e-05
4.8 7.30991e-05 8.04165e-05 1.85817e-06 4.11373e-05
4.825 6.66464e-05 7.36099e-05 1.80913e-06 3.77095e-05
4.85 6.07556e-05 6.73807e-05 1.76095e-06 3.45708e-05
4.875 5.53845e-05 6.16856e-05 1.71364e-06 3.16996e-05
4.9 5.04932e-05 5.64839e-05 1.66722e-06 2.90755e-05
4.925 4.60443e-05 5.17373e-05 1.62167e-06 2.66795e-05
4.95 4.20028e-05 4.74102e-05 1.57701e-06 2.44936e-05
4.975 3.83358e-05 4.34689e-05 1.53321e-06 2.25011e-05
5 3.50126e-05 3.98822e-05 1.49027e-06 2.06863e-05
5.025 3.20044e-05 3.66209e-05 1.44818e-06 1.90345e-05
5.05 2.92846e-05 3.36576e-05 1.40692e-06 1.75323e-05
5.075 2.68281e-05 3.09671e-05 1.36648e-06 1.61668e-05
5.1 2.46119e-05 2.85258e-05 1.32683e-06 1.49263e-05
5.125 2.26143e-05 2.63118e-05 1.28796e-06 1.37999e-05
5.15 2.08155e-05 2.43049e-05 1.24986e-06 1.27774e-05
5.175 1.9197e-05 2.24864e-05 1.21249e-06 1.18494e-05
5.2 1.77417e-05 2.0839e-05 1.17586e-06 1.10074e-05
5.225 1.64339e-05 1.93468e-05 1.13993e-06 1.02434e-05
5.25 1.52593e-05 1.79951e-05 1.10469e-06 9.5499e-06
5.275 1.42044e-05 1.67705e-05 1.07012e-06 8.92032e-06
5.3 1.32571e-05 1.56607e-05 1.03622e-06 8.34846e-06
5.325 1.24063e-05 1.46544e-05 1.00295e-06 7.82867e-06
5.35 1.16417e-05 1.37413e-05 9.70312e-07 7.35579e-06
5.375 1.09542e-05 1.2912e-05 9.38283e-07 6.92514e-06
5.4 1.03352e-05 1.2158e-05 9.06851e-07 6.53245e-06
5.425 9.77716e-06 1.14717e-05 8.76003e-07 6.17383e-06
5.45 9.27311e-06 1.08459e-05 8.45725e-07 5.84579e-06
5.475 8.81682e-06 1.02743e-05 8.16006e-07 5.54515e-06
5.5 8.40265e-06 9.75126e-06 7.86835e-07 5.26905e-06
5.525 8.02555e-06 9.27163e-06 7.58201e-07 5.01491e-06
5.55 7.681e-06 8.83076e-06 7.30095e-07 4.78043e-06
5.575 7.36495e-06 8.42453e-06 7.02508e-07 4.56352e-06
5.6 7.0738e-06 8.04922e-06 6.75432e-07 4.36232e-06
5.625 6.80435e-06 7.70151e-06 6.48861e-07 4.17519e-06
5.65 6.55377e-06 7.37845e-06 6.22788e-07 4.00062e-06
5.675 6.31957e-06 7.07739e-06 5.97208e-07 3.8373e-06
5.7 6.09955e-06 6.796e-06 5.72119e-07 3.68406e-06
5.725 5.89179e-06 6.53216e-06 5.47517e-07 3.53984e-06
5.75 5.69462e-06 6.28404e-06 5.234e-07 3.40372e-06
5.775 5.50657e-06 6.04997e-06 4.99768e-07 3.27487e-06
5.8 5.3264e-06 5.82848e-06 4.76621e-07 3.15255e-06
5.825 5.153e-06 5.61826e-06 4.5396e-07 3.03611e-06
5.85 4.98546e-06 5.41816e-06 4.31787e-07 2.92497e-06
5.875 4.82299e-06 5.22714e-06 4.10106e-07 2.81862e-06
5.9 4.6649e-06 5.04428e-06 3.88921e-07 2.7166e-06
5.925 4.51063e-06 4.86875e-06 3.68235e-07 2.61849e-06
5.95 4.35972e-06 4.69981e-06 3.48056e-07 2.52394e-06
5.975 4.21177e-06 4.53683e-06 3.28388e-07 2.43261e-06
6 4.06647e-06 4.37919e-06 3.09238e-07 2.34422e-06
6.025 3.92355e-06 4.22639e-06 2.90613e-07 2.2585e-06
6.05 3.78282e-06 4.07795e-06 2.7252e-07 2.17524e-06
6.075 3.64411e-06 3.93346e-06 2.54967e-07 2.09421e-06
6.1 3.5073e-06 3.79254e-06 2.37961e-07 2.01525e-06
6.125 3.37232e-06 3.65486e-06 2.21508e-07 1.93819e-06
6.15 3.23911e-06 3.52015e-06 2.05617e-07 1.86288e-06
6.175 3.10764e-06 3.38815e-06 1.90292e-07 1.78922e-06
6.2 2.9779e-06 3.25864e-06 1.75542e-07 1.71709e-06
6.225 2.84992e-06 3.13145e-06 1.6137e-07 1.64641e-06
6.25 2.72373e-06 3.00644e-06 1.47781e-07 1.57711e-06
6.275 2.59937e-06 2.88348e-06 1.3478e-07 1.50913e-06
6.3 2.47691e-06 2.7625e-06 1.22368e-07 1.44243e-06
6.325 2.35642e-06 2.64344e-06 1.10547e-07 1.37699e-06
6.35 2.23799e-06 2.52628e-06 9.93182e-08 1.3128e-06
6.375 2.1217e-06 2.41103e-06 8.86793e-08 1.24985e-06
6.4 2.00767e-06 2.2977e-06 7.86284e-08 1.18816e-06
6.425 1.89601e-06 2.18636e-06 6.91617e-08 1.12776e-06
6.45 1.78684e-06 2.07708e-06 6.02739e-08 1.06868e-06
6.475 1.68026e-06 1.96996e-06 5.19582e-08 1.01096e-06
6.5 1.57643e-06 1.86511e-06 4.42062e-08 9.54659e-07
6.525 1.47546e-06 1.76267e-06 3.70081e-08 8.9984e-07
6.55 1.37748e-06 1.66279e-06 3.03526e-08 8.4657e-07
6.575 1.28264e-06 1.56561e-06 2.42268e-08 7.94919e-07
6.6 1.19105e-06 1.47131e-06 1.86166e-08 7.44963e-07
6.625 1.10285e-06 1.38005e-06 1.35063e-08 6.9678e-07
6.65 1.01817e-06 1.29202e-06 8.87911e-09 6.50447e-07
6.675 9.37124e-07 1.20736e-06 4.71692e-09 6.06041e-07
6.7 8.5982e-07 1.12627e-06 1.00061e-09 5.63635e-07
6.725 7.86364e-07 1.04889e-06 -2.28999e-09 5.23298e-07
6.75 7.16847e-07 9.75363e-07 -5.17587e-09 4.85094e-07
6.775 6.5135e-07 9.05839e-07 -7.67877e-09 4.4908e-07
6.8 5.89938e-07 8.40429e-07 -9.82105e-09 4.15304e-07
6.825 5.32661e-07 7.79236e-07 -1.16255e-08 3.83805e-07
6.85 4.79554e-07 7.22338e-07 -1.31153e-08 3.54611e-07
6.875 4.30634e-07 6.69792e-07 -1.43137e-08 3.27739e-07
6.9 3.85897e-07 6.21629e-07 -1.5244e-08 3.03193e-07
6.925 3.45321e-07 5.77856e-07 -1.59294e-08 2.80963e-07
6.95 3.08865e-07 5.3845e-07 -1.6393e-08 2.61029e-07
6.975 2.76464e-07 5.03365e-07 -1.66572e-08 2.43354e-07
7 2.48037e-07 4.72523e-07 -1.6744e-08 2.27889e-07
7.025 2.23477e-07 4.45821e-07 -1.66749e-08 2.14573e-07
7.05 2.02661e-07 4.23128e-07 -1.64703e-08 2.03329e-07
7.075 1.85445e-07 4.04288e-07 -1.61499e-08 1.94069e-07
7.1 1.71664e-07 3.8912e-07 -1.57325e-08 1.86694e-07
7.125 1.6114e-07 3.7742e-07 -1.52357e-08 1.81092e-07
7.15 1.53673e-07 3.68963e-07 -1.4676e-08 1.77144e-07
7.175 1.49055e-07 3.63507e-07 -1.40685e-08 1.74719e-07
7.2 1.47058e-07 3.60792e-07 -1.34273e-08 1.73683e-07
7.225 1.4745e-07 3.60547e-07 -1.27651e-08 1.73891e-07
7.25 1.49985e-07 3.62488e-07 -1.20933e-08 1.75197e-07
7.275 1.54413e-07 3.66327e-07 -1.14218e-08 1.77453e-07
7.3 1.6048e-07 3.71771e-07 -1.07593e-08 1.80506e-07
7.325 1.67932e-07 3.78527e-07 -1.01133e-08 1.84207e-07
7.35 1.76512e-07 3.86304e-07 -9.48985e-09 1.88407e-07
7.375 1.8597e-07 3.94817e-07 -8.89377e-09 1.92962e-07
7.4 1.9606e-07 4.03791e-07 -8.32872e-09 1.97731e-07
7.425 2.06547e-07 4.12963e-07 -7.79724e-09 2.02583e-07
7.45 2.17204e-07 4.22083e-07 -7.30078e-09 2.07391e-07
7.475 2.27819e-07 4.30922e-07 -6.83985e-09 2.12041e-07
7.5 2.38193e-07 4.39266e-07 -6.41403e-09 2.16426e-07
7.525 2.48144e-07 4.46928e-07 -6.02213e-09 2.20453e-07
7.55 2.57511e-07 4.53739e-07 -5.66226e-09 2.24039e-07
7.575 2.66149e-07 4.5956e-07 -5.33191e-09 2.27114e-07
7.6 2.73937e-07 4.64274e-07 -5.02812e-09 2.29623e-07
7.625 2.80772e-07 4.67792e-07 -4.74751e-09 2.31522e-07
7.65 2.86576e-07 4.7005e-07 -4.48642e-09 2.32782e-07
7.675 2.91293e-07 4.71013e-07 -4.24103e-09 2.33386e-07
7.7 2.94887e-07 4.70671e-07 -4.00741e-09 2.33332e-07
7.725 2.97346e-07 4.69038e-07 -3.78167e-09 2.32628e-07
7.75 2.98679e-07 4.66154e-07 -3.56002e-09 2.31297e-07
7.775 2.98914e-07 4.6208e-07 -3.33884e-09 2.29371e-07
7.8 2.98099e-07 4.56898e-07 -3.11479e-09 2.26892e-07
7.825 2.963e-07 4.5071e-07 -2.88487e-09 2.23912e-07
7.85 2.93597e-07 4.43632e-07 -2.64646e-09 2.20493e-07
7.875 2.90087e-07 4.35796e-07 -2.39737e-09 2.16699e-07
7.9 2.85876e-07 4.27345e-07 -2.13592e-09 2.12604e-07
7.925 2.81082e-07 4.18429e-07 -1.86093e-09 2.08284e-07
7.95 2.75831e-07 4.09207e-07 -1.57176e-09 2.03818e-07
7.975 2.70251e-07 3.99839e-07 -1.26829e-09 1.99285e-07
8 2.64478e-07 3.90484e-07 -9.5098e-10 1.94766e-07
8.025 2.58645e-07 3.813e-07 -6.20802e-10 1.9034e-07
8.05 2.52883e-07 3.72441e-07 -2.79246e-10 1.86081e-07
8.075 2.47323e-07 3.64051e-07 7.17094e-11 1.82061e-07
8.1 2.42085e-07 3.56265e-07 4.29635e-10 1.78347e-07
8.125 2.37285e-07 3.49206e-07 7.91697e-10 1.74999e-07
8.15 2.33026e-07 3.42983e-07 1.1547e-09 1.72069e-07
8.175 2.29402e-07 3.37688e-07 1.51517e-09 1.69601e-07
8.2 2.26492e-07 3.33397e-07 1.86937e-09 1.67633e-07
8.225 2.24362e-07 3.30169e-07 2.21341e-09 1.66191e-07
8.25 2.23063e-07 3.28042e-07 2.54328e-09 1.65292e-07
8.275 2.2263e-07 3.27035e-07 2.85495e-09 1.64945e-07
8.3 2.2308e-07 3.27149e-07 3.14443e-09 1.65147e-07
8.325 2.24415e-07 3.28364e-07 3.40782e-09 1.65886e-07
8.35 2.26622e-07 3.30643e-07 3.64142e-09 1.67142e-07
8.375 2.2967e-07 3.33928e-07 3.84174e-09 1.68885e-07
8.4 2.33512e-07 3.38148e-07 4.00562e-09 1.71077e-07
8.425 2.3809e-07 3.43213e-07 4.13026e-09 1.73671e-07
8.45 2.43328e-07 3.4902e-07 4.21325e-09 1.76616e-07
8.475 2.49141e-07 3.55454e-07 4.25266e-09 1.79853e-07
8.5 2.55433e-07 3.62389e-07 4.24706e-09 1.83318e-07
8.525 2.62097e-07 3.69691e-07 4.19553e-09 1.86943e-07
8.55 2.69022e-07 3.77221e-07 4.09773e-09 1.90659e-07
8.575 2.76088e-07 3.84834e-07 3.95388e-09 1.94394e-07
8.6 2.83175e-07 3.92384e-07 3.76477e-09 1.98074e-07
8.625 2.90159e-07 3.99726e-07 3.53178e-09 2.01629e-07
8.65 2.96917e-07 4.06718e-07 3.25685e-09 2.04988e-07
8.675 3.0333e-07 4.13225e-07 2.94246e-09 2.08084e-07
8.7 3.09282e-07 4.19115e-07 2.59163e-09 2.10853e-07
8.725 3.14663e-07 4.24269e-07 2.20786e-09 2.13238e-07
8.75 3.19373e-07 4.28578e-07 1.7951e-09 2.15186e-07
8.775 3.23319e-07 4.31946e-07 1.35769e-09 2.16652e-07
8.8 3.26422e-07 4.3429e-07 9.00335e-10 2.17595e-07
8.825 3.28612e-07 4.35544e-07 4.28019e-10 2.17986e-07
8.85 3.29836e-07 4.35659e-07 -5.40516e-11 2.17802e-07
8.875 3.30052e-07 4.346e-07 -5.40508e-10 2.1703e-07
8.9 3.29236e-07 4.32352e-07 -1.02589e-09 2.15663e-07
8.925 3.27376e-07 4.28918e-07 -1.50473e-09 2.13707e-07
8.95 3.24479e-07 4.24317e-07 -1.9716e-09 2.11173e-07
8.975 3.20565e-07 4.18587e-07 -2.42119e-09 2.08083e-07
9 3.1567e-07 4.11781e-07 -2.8484e-09 2.04467e-07
9.025 3.09844e-07 4.0397e-07 -3.24837e-09 2.00361e-07
9.05 3.03152e-07 3.95237e-07 -3.61658e-09 1.9581e-07
9.075 2.95671e-07 3.85681e-07 -3.94887e-09 1.90866e-07
9.1 2.87491e-07 3.75412e-07 -4.24155e-09 1.85585e-07
9.125 2.7871e-07 3.64551e-07 -4.49136e-09 1.8003e-07
9.15 2.69437e-07 3.53226e-07 -4.69563e-09 1.74265e-07
9.175 2.59789e-07 3.41573e-07 -4.8522e-09 1.6836e-07
9.2 2.49887e-07 3.29733e-07 -4.95953e-09 1.62387e-07
9.225 2.39857e-07 3.1785e-07 -5.01667e-09 1.56417e-07
9.25 2.29826e-07 3.06066e-07 -5.0233e-09 1.50521e-07
9.275 2.19923e-07 2.94525e-07 -4.97974e-09 1.44772e-07
9.3 2.10274e-07 2.83365e-07 -4.88691e-09 1.39239e-07
9.325 2.01003e-07 2.72719e-07 -4.74634e-09 1.33986e-07
9.35 1.92226e-07 2.62715e-07 -4.56015e-09 1.29077e-07
9.375 1.84056e-07 2.53469e-07 -4.33103e-09 1.24569e-07
9.4 1.76595e-07 2.45088e-07 -4.06218e-09 1.20513e-07
9.425 1.69936e-07 2.37665e-07 -3.75729e-09 1.16954e-07
9.45 1.64162e-07 2.31283e-07 -3.42046e-09 1.13931e-07
9.475 1.59341e-07 2.26008e-07 -3.05621e-09 1.11476e-07
9.5 1.55529e-07 2.21891e-07 -2.66934e-09 1.09611e-07
9.525 1.5277e-07 2.18966e-07 -2.26493e-09 1.08351e-07
9.55 1.51092e-07 2.17254e-07 -1.84824e-09 1.07703e-07
9.575 1.50506e-07 2.16757e-07 -1.42464e-09 1.07666e-07
9.6 1.51011e-07 2.1746e-07 -9.99589e-10 1.0823e-07
9.625 1.52591e-07 2.19333e-07 -5.78489e-10 1.09377e-07
9.65 1.55213e-07 2.22329e-07 -1.66672e-10 1.11081e-07
9.675 1.58831e-07 2.26389e-07 2.30689e-10 1.1331e-07
9.7 1.63386e-07 2.31437e-07 6.08646e-10 1.16023e-07
9.725 1.68807e-07 2.37384e-07 9.62534e-10 1.19173e-07
9.75 1.7501e-07 2.44131e-07 1.28803e-09 1.22709e-07
9.775 1.819e-07 2.51567e-07 1.58123e-09 1.26574e-07
9.8 1.89375e-07 2.59575e-07 1.83865e-09 1.30707e-07
9.825 1.97324e-07 2.68028e-07 2.05731e-09 1.35043e-07
9.85 2.0563e-07 2.76795e-07 2.23476e-09 1.39515e-07
9.875 2.14173e-07 2.85742e-07 2.36911e-09 1.44055e-07
9.9 2.22829e-07 2.94732e-07 2.45904e-09 1.48595e-07
9.925 2.31471e-07 3.03629e-07 2.50384e-09 1.53066e-07
9.95 2.39977e-07 3.123e-07 2.50339e-09 1.57402e-07
9.975 2.48224e-07 3.20614e-07 2.45816e-09 1.61536e-07
10 2.56094e-07 3.28447e-07 2.36924e-09 1.65408e-07
10.025 2.63475e-07 3.35681e-07 2.23828e-09 1.6896e-07
10.05 2.7026e-07 3.42208e-07 2.06748e-09 1.72138e-07
10.075 2.76354e-07 3.47929e-07 1.85958e-09 1.74894e-07
10.1 2.81669e-07 3.52757e-07 1.61777e-09 1.77187e-07
10.125 2.86127e-07 3.56617e-07 1.34573e-09 1.78982e-07
10.15 2.89665e-07 3.59449e-07 1.0475e-09 1.80248e-07
10.175 2.92231e-07 3.61204e-07 7.2748e-10 1.80966e-07
10.2 2.93785e-07 3.61851e-07 3.90345e-10 1.8112e-07
10.225 2.94303e-07 3.61371e-07 4.09978e-11 1.80706e-07
10.25 2.93773e-07 3.59763e-07 -3.15499e-10 1.79724e-07
10.275 2.92198e-07 3.57039e-07 -6.73986e-10 1.78182e-07
10.3 2.89596e-07 3.53226e-07 -1.02928e-09 1.76099e-07
10.325 2.85998e-07 3.48368e-07 -1.37622e-09 1.73496e-07
10.35 2.81446e-07 3.42518e-07 -1.70975e-09 1.70404e-07
10.375 2.75998e-07 3.35747e-07 -2.02501e-09 1.66861e-07
10.4 2.69722e-07 3.28135e-07 -2.31731e-09 1.62909e-07
10.425 2.62697e-07 3.19773e-07 -2.5823e-09 1.58595e-07
10.45 2.55013e-07 3.10763e-07 -2.81592e-09 1.53973e-07
10.475 2.46766e-07 3.01214e-07 -3.01454e-09 1.491e-07
10.5 2.38063e-07 2.91242e-07 -3.17495e-09 1.44034e-07
10.525 2.29013e-07 2.8097e-07 -3.2944e-09 1.38838e-07
10.55 2.19732e-07 2.70523e-07 -3.37067e-09 1.33576e-07
10.575 2.10338e-07 2.60028e-07 -3.40205e-09 1.28313e-07
10.6 2.00952e-07 2.49613e-07 -3.3874e-09 1.23113e-07
10.625 1.91691e-07 2.39405e-07 -3.32615e-09 1.1804e-07
10.65 1.82675e-07 2.29529e-07 -3.2183e-09 1.13155e-07
10.675 1.74018e-07 2.20104e-07 -3.06441e-09 1.0852e-07
10.7 1.65831e-07 2.11245e-07 -2.86564e-09 1.04189e-07
10.725 1.58217e-07 2.03057e-07 -2.62367e-09 1.00217e-07
10.75 1.51273e-07 1.95641e-07 -2.34073e-09 9.66499e-08
10.775 1.45089e-07 1.89083e-07 -2.01954e-09 9.35319e-08
10.8 1.39743e-07 1.83464e-07 -1.6633e-09 9.09001e-08
10.825 1.35303e-07 1.78848e-07 -1.27563e-09 8.87861e-08
10.85 1.31827e-07 1.7529e-07 -8.60561e-10 8.72147e-08
10.875 1.29361e-07 1.72831e-07 -4.2244e-10 8.62044e-08
10.9 1.27937e-07 1.71499e-07 3.40874e-11 8.57666e-08
10.925 1.27576e-07 1.71308e-07 5.04146e-10 8.59059e-08
10.95 1.28283e-07 1.72257e-07 9.82686e-10 8.66197e-08
10.975 1.30054e-07 1.74333e-07 1.46454e-09 8.78986e-08
11 1.32869e-07 1.77509e-07 1.9445e-09 8.97266e-08
11.025 1.36697e-07 1.81744e-07 2.41734e-09 9.20807e-08
11.05 1.41493e-07 1.86986e-07 2.87792e-09 9.4932e-08
11.075 1.47203e-07 1.9317e-07 3.32124e-09 9.82456e-08
11.1 1.5376e-07 2.0022e-07 3.74245e-09 1.01981e-07
11.125 1.61087e-07 2.0805e-07 4.13697e-09 1.06093e-07
11.15 1.69099e-07 2.16565e-07 4.5005e-09 1.10533e-07
11.175 1.77701e-07 2.25663e-07 4.82909e-09 1.15246e-07
11.2 1.86794e-07 2.35233e-07 5.11918e-09 1.20176e-07
11.225 1.96271e-07 2.45161e-07 5.36761e-09 1.25264e-07
11.25 2.06021e-07 2.55329e-07 5.57173e-09 1.3045e-07
11.275 2.15929e-07 2.65615e-07 5.72935e-09 1.35672e-07
11.3 2.25882e-07 2.75897e-07 5.83878e-09 1.40868e-07
11.325 2.35761e-07 2.86052e-07 5.89891e-09 1.45975e-07
11.35 2.45453e-07 2.95961e-07 5.90914e-09 1.50935e-07
11.375 2.54844e-07 3.05505e-07 5.86943e-09 1.55687e-07
11.4 2.63824e-07 3.14573e-07 5.78029e-09 1.60177e-07
11.425 2.72291e-07 3.23057e-07 5.64279e-09 1.6435e-07
11.45 2.80144e-07 3.30856e-07 5.4585e-09 1.68157e-07
11.475 2.87294e-07 3.37879e-07 5.22952e-09 1.71554e-07
11.5 2.93655e-07 3.44042e-07 4.95845e-09 1.745e-07
11.525 2.99156e-07 3.49271e-07 4.64832e-09 1.7696e-07
11.55 3.0373e-07 3.53504e-07 4.30261e-09 1.78903e-07
11.575 3.07324e-07 3.56689e-07 3.92517e-09 1.80307e-07
11.6 3.09896e-07 3.58786e-07 3.5202e-09 1.81153e-07
11.625 3.11414e-07 3.59768e-07 3.09219e-09 1.8143e-07
11.65 3.11859e-07 3.59619e-07 2.64588e-09 1.81132e-07
11.675 3.11224e-07 3.58337e-07 2.1862e-09 1.80262e-07
11.7 3.09513e-07 3.55933e-07 1.71824e-09 1.78826e-07
11.725 3.06742e-07 3.52428e-07 1.24715e-09 1.76837e-07
11.75 3.02941e-07 3.47856e-07 7.78128e-10 1.74317e-07
11.775 2.98148e-07 3.42263e-07 3.16337e-10 1.7129e-07
11.8 2.92413e-07 3.35708e-07 -1.33132e-10 1.67787e-07
11.825 2.85798e-07 3.28256e-07 -5.65325e-10 1.63845e-07
11.85 2.78373e-07 3.19984e-07 -9.75475e-10 1.59504e-07
11.875 2.70216e-07 3.1098e-07 -1.35905e-09 1.5481e-07
11.9 2.61415e-07 3.01335e-07 -1.7118e-09 1.49812e-07
11.925 2.52063e-07 2.9115e-07 -2.0298e-09 1.4456e-07
11.95 2.42259e-07 2.80532e-07 -2.3095e-09 1.39111e-07
11.975 2.32109e-07 2.6959e-07 -2.54775e-09 1.33521e-07
12 2.2172e-07 2.58439e-07 -2.74183e-09 1.27848e-07
12.025 2.11202e-07 2.47193e-07 -2.8895e-09 1.22152e-07
12.05 2.00668e-07 2.35971e-07 -2.98898e-09 1.16491e-07
12.075 1.9023e-07 2.24889e-07 -3.03902e-09 1.10925e-07
12.1 1.79998e-07 2.14061e-07 -3.03887e-09 1.05511e-07
12.125 1.70082e-07 2.036e-07 -2.9883e-09 1.00306e-07
12.15 1.60588e-07 1.93616e-07 -2.88761e-09 9.53641e-08
12.175 1.51616e-07 1.84211e-07 -2.73762e-09 9.07365e-08
12.2 1.43264e-07 1.75483e-07 -2.53966e-09 8.64716e-08
12.225 1.3562e-07 1.67524e-07 -2.29556e-09 8.26141e-08
12.25 1.28767e-07 1.60416e-07 -2.00761e-09 7.92044e-08
12.275 1.2278e-07 1.54236e-07 -1.67859e-09 7.62785e-08
12.3 1.17725e-07 1.49047e-07 -1.31167e-09 7.38676e-08
12.325 1.13659e-07 1.44906e-07 -9.10431e-10 7.19978e-08
12.35 1.10628e-07 1.41858e-07 -4.78822e-10 7.06898e-08
12.375 1.08669e-07 1.39939e-07 -2.10984e-11 6.99589e-08
12.4 1.07808e-07 1.39171e-07 4.58199e-10 6.98147e-08
12.425 1.08061e-07 1.39568e-07 9.54296e-10 7.0261e-08
12.45 1.09432e-07 1.4113e-07 1.46223e-09 7.1296e-08
12.475 1.11915e-07 1.43848e-07 1.97691e-09 7.29124e-08
12.5 1.15492e-07 1.47701e-07 2.49312e-09 7.5097e-08
12.525 1.20137e-07 1.52657e-07 3.00565e-09 7.78314e-08
12.55 1.25811e-07 1.58675e-07 3.50925e-09 8.10921e-08
12.575 1.32468e-07 1.65702e-07 3.99878e-09 8.48504e-08
12.6 1.40049e-07 1.73677e-07 4.46915e-09 8.90733e-08
12.625 1.48491e-07 1.82531e-07 4.91547e-09 9.37231e-08
12.65 1.57719e-07 1.92184e-07 5.33302e-09 9.87584e-08
12.675 1.67654e-07 2.02551e-07 5.71735e-09 1.04134e-07
12.7 1.78206e-07 2.13541e-07 6.06428e-09 1.09803e-07
12.725 1.89285e-07 2.25056e-07 6.36994e-09 1.15713e-07
12.75 2.00793e-07 2.36994e-07 6.63086e-09 1.21812e-07
12.775 2.12627e-07 2.49248e-07 6.84392e-09 1.28046e-07
12.8 2.24684e-07 2.61711e-07 7.00645e-09 1.34359e-07
12.825 2.36857e-07 2.74272e-07 7.11621e-09 1.40694e-07
12.85 2.4904e-07 2.8682e-07 7.17144e-09 1.46996e-07
12.875 2.61125e-07 2.99244e-07 7.17086e-09 1.53208e-07
12.9 2.73006e-07 3.11436e-07 7.11368e-09 1.59275e-07
12.925 2.8458e-07 3.23287e-07 6.99963e-09 1.65143e-07
12.95 2.95744e-07 3.34694e-07 6.82894e-09 1.70762e-07
12.975 3.06402e-07 3.45557e-07 6.60234e-09 1.7608e-07
13 3.1646e-07 3.55782e-07 6.3211e-09 1.81051e-07
13.025 3.25831e-07 3.65278e-07 5.98694e-09 1.85632e-07
13.05 3.34434e-07 3.73963e-07 5.60212e-09 1.89782e-07
13.075 3.42194e-07 3.81761e-07 5.16931e-09 1.93465e-07
13.1 3.49043e-07 3.88605e-07 4.69168e-09 1.96649e-07
13.125 3.54924e-07 3.94436e-07 4.17279e-09 1.99304e-07
13.15 3.59784e-07 3.99201e-07 3.61662e-09 2.01409e-07
13.175 3.63583e-07 4.02861e-07 3.02751e-09 2.02944e-07
13.2 3.66287e-07 4.05382e-07 2.41015e-09 2.03896e-07
13.225 3.67873e-07 4.06743e-07 1.76952e-09 2.04256e-07
13.25 3.68327e-07 4.0693e-07 1.11087e-09 2.0402e-07
13.275 3.67645e-07 4.05942e-07 4.39679e-10 2.03191e-07
13.3 3.65833e-07 4.03785e-07 -2.38375e-10 2.01773e-07
13.325 3.62906e-07 4.00477e-07 -9.17476e-10 1.9978e-07
13.35 3.58887e-07 3.96044e-07 -1.5917e-09 1.97226e-07
13.375 3.53811e-07 3.90523e-07 -2.25506e-09 1.94134e-07
13.4 3.4772e-07 3.83959e-07 -2.90153e-09 1.90529e-07
13.425 3.40665e-07 3.76405e-07 -3.52513e-09 1.8644e-07
13.45 3.32705e-07 3.67923e-07 -4.11991e-09 1.81902e-07
13.475 3.23906e-07 3.58585e-07 -4.68005e-09 1.76952e-07
13.5 3.14342e-07 3.48465e-07 -5.19985e-09 1.71633e-07
13.525 3.04094e-07 3.37649e-07 -5.67378e-09 1.65988e-07
13.55 2.93247e-07 3.26226e-07 -6.09656e-09 1.60065e-07
13.575 2.81893e-07 3.1429e-07 -6.46312e-09 1.53913e-07
13.6 2.70127e-07 3.0194e-07 -6.76868e-09 1.47586e-07
13.625 2.58048e-07 2.89281e-07 -7.00879e-09 1.41136e-07
13.65 2.4576e-07 2.76418e-07 -7.17931e-09 1.3462e-07
13.675 2.33368e-07 2.6346e-07 -7.27648e-09 1.28092e-07
13.7 2.20977e-07 2.50517e-07 -7.29692e-09 1.2161e-07
13.725 2.08694e-07 2.37699e-07 -7.23766e-09 1.15231e-07
13.75 1.96628e-07 2.25117e-07 -7.09614e-09 1.09011e-07
13.775 1.84885e-07 2.12882e-07 -6.87025e-09 1.03006e-07
13.8 1.73571e-07 2.01102e-07 -6.55831e-09 9.72718e-08
13.825 1.62787e-07 1.89883e-07 -6.15909e-09 9.1862e-08
13.85 1.52635e-07 1.79329e-07 -5.67183e-09 8.68286e-08
13.875 1.43212e-07 1.6954e-07 -5.09623e-09 8.22217e-08
13.9 1.34611e-07 1.60611e-07 -4.43243e-09 7.80891e-08
13.925 1.2692e-07 1.52633e-07 -3.68103e-09 7.44759e-08
13.95 1.20222e-07 1.45692e-07 -2.84308e-09 7.14246e-08
13.975 1.14595e-07 1.39868e-07 -1.92008e-09 6.89742e-08
14 1.10111e-07 1.35235e-07 -9.13916e-10 6.71606e-08
14.025 1.06834e-07 1.31859e-07 1.73079e-10 6.60162e-08
14.05 1.04823e-07 1.29801e-07 1.33819e-09 6.55696e-08
14.075 1.0413e-07 1.29113e-07 2.57834e-09 6.58455e-08
14.1 1.04797e-07 1.29839e-07 3.89008e-09 6.68648e-08
14.125 1.06862e-07 1.32019e-07 5.26964e-09 6.86442e-08
14.15 1.10352e-07 1.3568e-07 6.71292e-09 7.11964e-08
14.175 1.15289e-07 1.40844e-07 8.21557e-09 7.45298e-08
14.2 1.21686e-07 1.47525e-07 9.77296e-09 7.8649e-08
14.225 1.29548e-07 1.55728e-07 1.13802e-08 8.35541e-08
14.25 1.38872e-07 1.6545e-07 1.30323e-08 8.92413e-08
14.275 1.49648e-07 1.76681e-07 1.4724e-08 9.57027e-08
14.3 1.61859e-07 1.89403e-07 1.64499e-08 1.02927e-07
14.325 1.75479e-07 2.0359e-07 1.82045e-08 1.10897e-07
14.35 1.90476e-07 2.19209e-07 1.99822e-08 1.19595e-07
14.375 2.06811e-07 2.36219e-07 2.17774e-08 1.28998e-07
14.4 2.24439e-07 2.54575e-07 2.35844e-08 1.3908e-07
14.425 2.43308e-07 2.74222e-07 2.53974e-08 1.4981e-07
14.45 2.63361e-07 2.95103e-07 2.7211e-08 1.61157e-07
14.475 2.84535e-07 3.17151e-07 2.90194e-08 1.73085e-07
14.5 3.06762e-07 3.40298e-07 3.0817e-08 1.85558e-07
14.525 3.29969e-07 3.64469e-07 3.25986e-08 1.98534e-07
14.55 3.5408e-07 3.89584e-07 3.43586e-08 2.11971e-07
14.575 3.79015e-07 4.15561e-07 3.60921e-08 2.25827e-07
14.6 4.04689e-07 4.42314e-07 3.77939e-08 2.40054e-07
14.625 4.31017e-07 4.69754e-07 3.94592e-08 2.54606e-07
14.65 4.5791e-07 4.97788e-07 4.10834e-08 2.69436e-07
14.675 4.85277e-07 5.26325e-07 4.26621e-08 2.84494e-07
14.7 5.13027e-07 5.55269e-07 4.41911e-08 2.9973e-07
14.725 5.41067e-07 5.84525e-07 4.56665e-08 3.15096e-07
14.75 5.69305e-07 6.13996e-07 4.70846e-08 3.3054e-07
14.775 5.97647e-07 6.43586e-07 4.8442e-08 3.46014e-07
14.8 6.26e-07 6.732e-07 4.97355e-08 3.61468e-07
14.825 6.54274e-07 7.02742e-07 5.09623e-08 3.76852e-07
14.85 6.82378e-07 7.3212e-07 5.21198e-08 3.9212e-07
14.875 7.10224e-07 7.61241e-07 5.32057e-08 4.07223e-07
14.9 7.37724e-07 7.90015e-07 5.42179e-08 4.22117e-07
14.925 7.64795e-07 8.18356e-07 5.51549e-08 4.36755e-07
14.95 7.91356e-07 8.46178e-07 5.60152e-08 4.51097e-07
14.975 8.17329e-07 8.734e-07 5.67976e-08 4.65099e-07
15 8.42637e-07 8.99944e-07 5.75013e-08 4.78723e-07
15.025 8.67211e-07 9.25735e-07 5.81257e-08 4.9193e-07
15.05 8.90982e-07 9.50703e-07 5.86705e-08 5.04687e-07
15.075 9.13886e-07 9.7478e-07 5.91357e-08 5.16958e-07
15.1 9.35864e-07 9.97904e-07 5.95215e-08 5.28713e-07
15.125 9.56861e-07 1.02002e-06 5.98283e-08 5.39923e-07
15.15 9.76826e-07 1.04107e-06 6.00569e-08 5.50562e-07
15.175 9.95713e-07 1.061e-06 6.02082e-08 5.60605e-07
15.2 1.01348e-06 1.07978e-06 6.02834e-08 5.70032e-07
15.225 1.03009e-06 1.09736e-06 6.02838e-08 5.78822e-07
15.25 1.04551e-06 1.11371e-06 6.0211e-08 5.8696e-07
15.275 1.05971e-06 1.12879e-06 6.00666e-08 5.94431e-07
15.3 1.07267e-06 1.14259e-06 5.98527e-08 6.01223e-07
15.325 1.08437e-06 1.15508e-06 5.95712e-08 6.07328e-07
15.35 1.0948e-06 1.16625e-06 5.92244e-08 6.12738e-07
15.375 1.10394e-06 1.17608e-06 5.88145e-08 6.17449e-07
15.4 1.1118e-06 1.18457e-06 5.8344e-08 6.21459e-07
15.425 1.11837e-06 1.19172e-06 5.78155e-08 6.24768e-07
15.45 1.12365e-06 1.19752e-06 5.72315e-08 6.27378e-07
15.475 1.12765e-06 1.20199e-06 5.65948e-08 6.29293e-07
15.5 1.13038e-06 1.20513e-06 5.59082e-08 6.30521e-07
15.525 1.13185e-06 1.20696e-06 5.51744e-08 6.31068e-07
15.55 1.13209e-06 1.20749e-06 5.43963e-08 6.30945e-07
15.575 1.13111e-06 1.20675e-06 5.35769e-08 6.30163e-07
15.6 1.12895e-06 1.20476e-06 5.27189e-08 6.28737e-07
15.625 1.12561e-06 1.20154e-06 5.18253e-08 6.26681e-07
15.65 1.12114e-06 1.19712e-06 5.08989e-08 6.24012e-07
15.675 1.11557e-06 1.19155e-06 4.99428e-08 6.20746e-07
15.7 1.10893e-06 1.18485e-06 4.89596e-08 6.16904e-07
15.725 1.10125e-06 1.17706e-06 4.79522e-08 6.12504e-07
15.75 1.09259e-06 1.16821e-06 4.69235e-08 6.07568e-07
15.775 1.08296e-06 1.15836e-06 4.58761e-08 6.02117e-07
15.8 1.07243e-06 1.14754e-06 4.48126e-08 5.96174e-07
15.825 1.06102e-06 1.13579e-06 4.37357e-08 5.89762e-07
15.85 1.04879e-06 1.12316e-06 4.2648e-08 5.82904e-07
15.875 1.03578e-06 1.1097e-06 4.15518e-08 5.75625e-07
15.9 1.02203e-06 1.09545e-06 4.04495e-08 5.67949e-07
15.925 1.00759e-06 1.08046e-06 3.93435e-08 5.59901e-07
15.95 9.925e-07 1.06478e-06 3.82359e-08 5.51506e-07
15.975 9.76814e-07 1.04845e-06 3.71289e-08 5.42788e-07
16 9.60575e-07 1.03152e-06 3.60244e-08 5.33772e-07
16.025 9.43828e-07 1.01404e-06 3.49244e-08 5.24483e-07
16.05 9.26619e-07 9.96061e-07 3.38307e-08 5.14946e-07
16.075 9.08993e-07 9.77623e-07 3.2745e-08 5.05184e-07
16.1 8.90995e-07 9.58776e-07 3.16689e-08 4.95223e-07
16.125 8.72668e-07 9.39565e-07 3.0604e-08 4.85084e-07
16.15 8.54054e-07 9.20034e-07 2.95517e-08 4.74793e-07
16.175 8.35197e-07 9.00227e-07 2.85133e-08 4.6437e-07
16.2 8.16136e-07 8.80187e-07 2.74901e-08 4.53839e-07
16.225 7.96912e-07 8.59957e-07 2.6483e-08 4.4322e-07
16.25 7.77563e-07 8.39576e-07 2.54933e-08 4.32534e-07
16.275 7.58126e-07 8.19083e-07 2.45218e-08 4.21803e-07
16.3 7.38637e-07 7.98518e-07 2.35694e-08 4.11044e-07
16.325 7.19132e-07 7.77916e-07 2.26367e-08 4.00276e-07
16.35 6.99642e-07 7.57313e-07 2.17246e-08 3.89519e-07
16.375 6.802e-07 7.36742e-07 2.08335e-08 3.78788e-07
16.4 6.60836e-07 7.16236e-07 1.9964e-08 3.681e-07
16.425 6.41578e-07 6.95824e-07 1.91165e-08 3.5747e-07
16.45 6.22455e-07 6.75537e-07 1.82914e-08 3.46914e-07
16.475 6.03491e-07 6.55402e-07 1.74888e-08 3.36445e-07
16.5 5.8471e-07 6.35444e-07 1.6709e-08 3.26077e-07
16.525 5.66136e-07 6.15689e-07 1.59522e-08 3.1582e-07
16.55 5.47788e-07 5.96158e-07 1.52184e-08 3.05688e-07
16.575 5.29688e-07 5.76873e-07 1.45077e-08 2.9569e-07
16.6 5.11852e-07 5.57854e-07 1.38199e-08 2.85837e-07
16.625 4.94298e-07 5.39118e-07 1.3155e-08 2.76137e-07
16.65 4.7704e-07 5.20683e-07 1.2513e-08 2.66598e-07
16.675 4.60093e-07 5.02564e-07 1.18934e-08 2.57229e-07
16.7 4.43468e-07 4.84774e-07 1.12963e-08 2.48035e-07
16.725 4.27177e-07 4.67326e-07 1.07212e-08 2.39023e-07
16.75 4.11229e-07 4.5023e-07 1.01678e-08 2.30199e-07
16.775 3.95633e-07 4.33497e-07 9.63594e-09 2.21566e-07
16.8 3.80396e-07 4.17134e-07 9.12511e-09 2.1313e-07
16.825 3.65524e-07 4.0115e-07 8.63496e-09 2.04892e-07
16.85 3.51022e-07 3.85549e-07 8.16507e-09 1.96857e-07
16.875 3.36894e-07 3.70336e-07 7.71499e-09 1.89026e-07
16.9 3.23143e-07 3.55516e-07 7.28427e-09 1.814e-07
16.925 3.09771e-07 3.41091e-07 6.87244e-09 1.73982e-07
16.95 2.96778e-07 3.27063e-07 6.47901e-09 1.66771e-07
16.975 2.84165e-07 3.13432e-07 6.10348e-09 1.59768e-07
17 2.71931e-07 3.00199e-07 5.74535e-09 1.52972e-07
17.025 2.60075e-07 2.87362e-07 5.40409e-09 1.46383e-07
17.05 2.48594e-07 2.74919e-07 5.0792e-09 1.39999e-07
17.075 2.37485e-07 2.62869e-07 4.77014e-09 1.33819e-07
17.1 2.26745e-07 2.51208e-07 4.4764e-09 1.27842e-07
17.125 2.1637e-07 2.39932e-07 4.19745e-09 1.22065e-07
17.15 2.06355e-07 2.29037e-07 3.93277e-09 1.16485e-07
17.175 1.96695e-07 2.18518e-07 3.68183e-09 1.111e-07
17.2 1.87384e-07 2.08369e-07 3.44413e-09 1.05907e-07
17.225 1.78417e-07 1.98585e-07 3.21916e-09 1.00902e-07
17.25 1.69786e-07 1.8916e-07 3.0064e-09 9.60831e-08
17.275 1.61487e-07 1.80086e-07 2.80538e-09 9.14458e-08
17.3 1.5351e-07 1.71357e-07 2.61559e-09 8.69865e-08
17.325 1.4585e-07 1.62966e-07 2.43656e-09 8.27015e-08
17.35 1.38498e-07 1.54905e-07 2.26783e-09 7.85866e-08
17.375 1.31448e-07 1.47167e-07 2.10893e-09 7.46379e-08
17.4 1.24692e-07 1.39743e-07 1.95942e-09 7.08511e-08
17.425 1.18221e-07 1.32625e-07 1.81887e-09 6.72221e-08
17.45 1.12027e-07 1.25806e-07 1.68684e-09 6.37465e-08
17.475 1.06104e-07 1.19277e-07 1.56293e-09 6.04201e-08
17.5 1.00442e-07 1.1303e-07 1.44675e-09 5.72384e-08
17.525 9.50334e-08 1.07056e-07 1.33789e-09 5.41971e-08
17.55 8.98706e-08 1.01348e-07 1.236e-09 5.12919e-08
17.575 8.49453e-08 9.58959e-08 1.1407e-09 4.85183e-08
17.6 8.02497e-08 9.06925e-08 1.05166e-09 4.58721e-08
17.625 7.57756e-08 8.57293e-08 9.68528e-10 4.33489e-08
17.65 7.15154e-08 8.09981e-08 8.90991e-10 4.09445e-08
17.675 6.74612e-08 7.64908e-08 8.18737e-10 3.86548e-08
17.7 6.36055e-08 7.21993e-08 7.51469e-10 3.64754e-08
17.725 5.99408e-08 6.81157e-08 6.889e-10 3.44023e-08
17.75 5.64595e-08 6.42323e-08 6.30759e-10 3.24315e-08
17.775 5.31546e-08 6.05414e-08 5.76785e-10 3.05591e-08
17.8 5.0019e-08 5.70354e-08 5.26727e-10 2.87811e-08
17.825 4.70456e-08 5.37071e-08 4.80348e-10 2.70937e-08
17.85 4.42278e-08 5.05492e-08 4.37422e-10 2.54933e-08
17.875 4.15588e-08 4.75546e-08 3.97732e-10 2.39762e-08
17.9 3.90324e-08 4.47166e-08 3.61074e-10 2.25388e-08
17.925 3.66421e-08 4.20284e-08 3.27253e-10 2.11778e-08
17.95 3.43821e-08 3.94836e-08 2.96083e-10 1.98898e-08
17.975 3.22462e-08 3.70758e-08 2.67389e-10 1.86716e-08
18 3.0229e-08 3.47988e-08 2.41006e-10 1.75199e-08
18.025 2.83247e-08 3.26468e-08 2.16776e-10 1.64318e-08
18.05 2.6528e-08 3.06139e-08 1.94551e-10 1.54042e-08
18.075 2.48339e-08 2.86946e-08 1.74192e-10 1.44344e-08
18.1 2.32372e-08 2.68836e-08 1.55565e-10 1.35196e-08
18.125 2.17333e-08 2.51755e-08 1.38548e-10 1.2657e-08
18.15 2.03173e-08 2.35654e-08 1.23022e-10 1.18442e-08
18.175 1.8985e-08 2.20484e-08 1.08878e-10 1.10786e-08
18.2 1.77321e-08 2.062e-08 9.60129e-11 1.0358e-08
18.225 1.65543e-08 1.92755e-08 8.43297e-11 9.67992e-09
18.25 1.54478e-08 1.80108e-08 7.37375e-11 9.04227e-09
18.275 1.44089e-08 1.68217e-08 6.41516e-11 8.44293e-09
18.3 1.34338e-08 1.57042e-08 5.54924e-11 7.87986e-09
18.325 1.25191e-08 1.46546e-08 4.76858e-11 7.35116e-09
18.35 1.16615e-08 1.36692e-08 4.06626e-11 6.85495e-09
18.375 1.08579e-08 1.27446e-08 3.43583e-11 6.38948e-09
18.4 1.01052e-08 1.18774e-08 2.87128e-11 5.95305e-09
18.425 9.40057e-09 1.10644e-08 2.36701e-11 5.54406e-09
18.45 8.74125e-09 1.03027e-08 1.91785e-11 5.16096e-09
18.475 8.12463e-09 9.58939e-09 1.51898e-11 4.80229e-09
18.5 7.54823e-09 8.92164e-09 1.16592e-11 4.46665e-09
18.525 7.0097e-09 8.29688e-09 8.54547e-12 4.15271e-09
18.55 6.50677e-09 7.71262e-09 5.81038e-12 3.85922e-09
18.575 6.03734e-09 7.1665e-09 3.41858e-12 3.58496e-09
18.6 5.59937e-09 6.65626e-09 1.3375e-12 3.3288e-09
18.625 5.19096e-09 6.17977e-09 -4.62903e-13 3.08965e-09
18.65 4.81029e-09 5.735e-09 -2.01025e-12 2.8665e-09
18.675 4.45565e-09 5.32004e-09 -3.32994e-12 2.65836e-09
18.7 4.12541e-09 4.93307e-09 -4.4453e-12 2.46431e-09
18.725 3.81803e-09 4.57237e-09 -5.37769e-12 2.28349e-09
18.75 3.53208e-09 4.2363e-09 -6.14667e-12 2.11507e-09
18.775 3.26617e-09 3.92332e-09 -6.77013e-12 1.95828e-09
18.8 3.01901e-09 3.63199e-09 -7.26439e-12 1.81236e-09
18.825 2.7894e-09 3.36093e-09 -7.64432e-12 1.67664e-09
18.85 2.57618e-09 3.10883e-09 -7.92344e-12 1.55046e-09
18.875 2.37828e-09 2.87449e-09 -8.11405e-12 1.43319e-09
18.9 2.19467e-09 2.65674e-09 -8.22728e-12 1.32426e-09
18.925 2.02441e-09 2.4545e-09 -8.27322e-12 1.22311e-09
18.95 1.86658e-09 2.26675e-09 -8.26097e-12 1.12924e-09
18.975 1.72036e-09 2.09252e-09 -8.19875e-12 1.04216e-09
19 1.58495e-09 1.93092e-09 -8.09392e-12 9.61414e-10
19.025 1.4596e-09 1.78109e-09 -7.95311e-12 8.8657e-10
19.05 1.34361e-09 1.64224e-09 -7.78226e-12 8.1723e-10
19.075 1.23635e-09 1.51362e-09 -7.58665e-12 7.53016e-10
19.1 1.13719e-09 1.39452e-09 -7.371e-12 6.93575e-10
19.125 1.04556e-09 1.28429e-09 -7.13948e-12 6.38576e-10
19.15 9.60925e-10 1.18231e-09 -6.89578e-12 5.87709e-10
19.175 8.82791e-10 1.08801e-09 -6.64318e-12 5.40682e-10
19.2 8.10685e-10 1.00084e-09 -6.38451e-12 4.97226e-10
19.225 7.44173e-10 9.20291e-10 -6.12229e-12 4.57084e-10
19.25 6.82847e-10 8.45902e-10 -5.85867e-12 4.20022e-10
19.275 6.26326e-10 7.77226e-10 -5.59552e-12 3.85815e-10
19.3 5.74257e-10 7.13851e-10 -5.33447e-12 3.54258e-10
19.325 5.26309e-10 6.55393e-10 -5.07686e-12 3.25158e-10
19.35 4.82175e-10 6.01492e-10 -4.82385e-12 2.98334e-10
19.375 4.41568e-10 5.51813e-10 -4.57641e-12 2.73618e-10
19.4 4.04224e-10 5.06045e-10 -4.33532e-12 2.50855e-10
19.425 3.69893e-10 4.63898e-10 -4.10121e-12 2.29898e-10
19.45 3.38346e-10 4.25099e-10 -3.8746e-12 2.10612e-10
19.475 3.09369e-10 3.89399e-10 -3.65586e-12 1.92872e-10
19.5 2.82765e-10 3.56563e-10 -3.44526e-12 1.76559e-10
19.525 2.58348e-10 3.26373e-10 -3.24301e-12 1.61565e-10
19.55 2.35949e-10 2.98628e-10 -3.04919e-12 1.47789e-10
19.575 2.15409e-10 2.73139e-10 -2.86386e-12 1.35137e-10
19.6 1.96582e-10 2.49732e-10 -2.68697e-12 1.23523e-10
19.625 1.79331e-10 2.28247e-10 -2.51847e-12 1.12864e-10
19.65 1.63532e-10 2.08533e-10 -2.35822e-12 1.03087e-10
19.675 1.49068e-10 1.90451e-10 -2.20608e-12 9.41224e-11
19.7 1.35832e-10 1.73873e-10 -2.06185e-12 8.59055e-11
19.725 1.23724e-10 1.58679e-10 -1.92534e-12 7.8377e-11
19.75 1.12652e-10 1.4476e-10 -1.7963e-12 7.1482e-11
19.775 1.02533e-10 1.32014e-10 -1.6745e-12 6.51698e-11
19.8 9.32873e-11 1.20346e-10 -1.55967e-12 5.93932e-11
19.825 8.48435e-11 1.09669e-10 -1.45154e-12 5.41089e-11
19.85 7.7135e-11 9.99034e-11 -1.34985e-12 4.92768e-11
19.875 7.01007e-11 9.09742e-11 -1.25433e-12 4.48599e-11
19.9 6.3684e-11 8.28131e-11 -1.16469e-12 4.08242e-11
19.925 5.78331e-11 7.53568e-11 -1.08067e-12 3.71381e-11
19.95 5.25002e-11 6.85472e-11 -1.00198e-12 3.37726e-11
19.975 4.76414e-11 6.23306e-11 -9.28376e-13 3.07011e-11
20 4.32162e-11 5.66574e-11 -8.59582e-13 2.78989e-11
