0 -0.000340027 -0.000296695 1.26734e-05 -0.000142011
0.025 -0.000340027 -0.000296695 1.26734e-05 -0.000142011
0.05 -0.000679072 -0.000592526 2.52984e-05 -0.000283614
0.075 -0.00101616 -0.000886633 3.7827e-05 -0.000424403
0.1 -0.00135031 -0.00117816 5.02112e-05 -0.000563975
0.125 -0.00168056 -0.00146626 6.24036e-05 -0.000701929
0.15 -0.00200596 -0.0017501 7.43574e-05 -0.000837872
0.175 -0.00232557 -0.00202886 8.60264e-05 -0.000971415
0.2 -0.00263849 -0.00230172 9.73653e-05 -0.00110218
0.225 -0.00294379 -0.00256791 0.00010833 -0.00122979
0.25 -0.00324062 -0.00282667 0.000118877 -0.0013539
0.275 -0.00352813 -0.00307724 0.000128965 -0.00147414
0.3 -0.0038055 -0.00331892 0.000138553 -0.00159019
0.325 -0.00407193 -0.00355103 0.000147602 -0.00170171
0.35 -0.00432668 -0.0037729 0.000156074 -0.00180841
0.375 -0.00456903 -0.00398393 0.000163933 -0.00191
0.4 -0.0047983 -0.00418351 0.000171145 -0.00200618
0.425 -0.00501384 -0.00437111 0.000177677 -0.00209672
0.45 -0.00521508 -0.00454622 0.000183498 -0.00218136
0.475 -0.00540145 -0.00470835 0.000188579 -0.00225989
0.5 -0.00557245 -0.0048571 0.000192893 -0.0023321
0.525 -0.00572761 -0.00499206 0.000196415 -0.00239782
0.55 -0.00586654 -0.00511289 0.00019912 -0.00245689
0.575 -0.00598886 -0.00521931 0.000200988 -0.00250916
0.6 -0.00609428 -0.00531105 0.000201998 -0.00255452
0.625 -0.00618253 -0.00538791 0.000202132 -0.00259289
0.65 -0.0062534 -0.00544973 0.000201374 -0.00262418
0.675 -0.00630675 -0.0054964 0.00019971 -0.00264834
0.7 -0.00634249 -0.00552786 0.000197127 -0.00266536
0.725 -0.00636055 -0.00554408 0.000193613 -0.00267523
0.75 -0.00636096 -0.0055451 0.000189159 -0.00267797
0.775 -0.00634377 -0.005531 0.000183757 -0.00267362
0.8 -0.00630911 -0.0055019 0.0001774 -0.00266225
0.825 -0.00625715 -0.00545796 0.000170083 -0.00264394
0.85 -0.0061881 -0.00539941 0.000161801 -0.00261881
0.875 -0.00610224 -0.00532651 0.000152553 -0.00258698
0.9 -0.00599989 -0.00523955 0.000142337 -0.00254861
0.925 -0.00588144 -0.00513889 0.000131151 -0.00250387
0.95 -0.0057473 -0.00502492 0.000118997 -0.00245296
0.975 -0.00559794 -0.00489805 0.000105877 -0.00239609
1 -0.00543389 -0.00475876 9.17914e-05 -0.00233349
1.025 -0.00525571 -0.00460756 7.67449e-05 -0.00226541
1.05 -0.005064 -0.00444498 6.07413e-05 -0.00219212
1.075 -0.0048594 -0.0042716 4.37854e-05 -0.00211391
1.1 -0.0046426 -0.00408802 2.58827e-05 -0.00203107
1.125 -0.00441433 -0.00389489 7.03959e-06 -0.00194392
1.15 -0.00417533 -0.00369286 -1.27369e-05 -0.0018528
1.175 -0.00392641 -0.00348263 -3.34389e-05 -0.00175803
1.2 -0.00366838 -0.00326492 -5.50579e-05 -0.00165999
1.225 -0.00340208 -0.00304047 -7.75847e-05 -0.00155903
1.25 -0.00312841 -0.00281003 -0.000101009 -0.00145552
1.275 -0.00284824 -0.00257439 -0.00012532 -0.00134985
1.3 -0.0025625 -0.00233434 -0.000150506 -0.00124242
1.325 -0.00227213 -0.00209068 -0.000176553 -0.00113362
1.35 -0.00197808 -0.00184425 -0.000203448 -0.00102385
1.375 -0.00168131 -0.00159587 -0.000231175 -0.000913521
1.4 -0.0013828 -0.00134637 -0.000259718 -0.000803044
1.425 -0.00108354 -0.0010966 -0.000289059 -0.00069283
1.45 -0.000784493 -0.000847406 -0.000319177 -0.000583292
1.475 -0.000486666 -0.000599631 -0.000350053 -0.000474842
1.5 -0.000191041 -0.000354119 -0.000381662 -0.000367891
1.525 0.000101397 -0.000111711 -0.00041398 -0.000262845
1.55 0.000389672 0.000126758 -0.000446978 -0.00016011
1.575 0.000672816 0.000360463 -0.000480628 -6.00823e-05
1.6 0.000949872 0.000588588 -0.000514897 3.68454e-05
1.625 0.0012199 0.000810328 -0.00054975 0.000130289
1.65 0.00148197 0.0010249 -0.000585151 0.000219873
1.675 0.00173519 0.00123152 -0.000621057 0.000305231
1.7 0.00197867 0.00142944 -0.000657426 0.000386007
1.725 0.00221155 0.00161793 -0.000694211 0.00046186
1.75 0.002433 0.00179627 -0.000731361 0.000532457
1.775 0.00264223 0.00196379 -0.000768823 0.000597482
1.8 0.00283846 0.00211981 -0.000806539 0.000656634
1.825 0.00302097 0.0022637 -0.000844449 0.000709626
1.85 0.00318905 0.00239486 -0.000882487 0.000756189
1.875 0.00334204 0.00251273 -0.000920586 0.00079607
1.9 0.00347932 0.00261674 -0.000958673 0.000829035
1.925 0.00360033 0.00270641 -0.000996672 0.00085487
1.95 0.00370452 0.00278126 -0.0010345 0.000873379
1.975 0.0037914 0.00284086 -0.00107208 0.000884388
2 0.00386054 0.00288481 -0.00110932 0.000887742
2.025 0.00391153 0.00291275 -0.00114613 0.000883309
2.05 0.00394405 0.00292438 -0.00118242 0.000870978
2.075 0.00395779 0.00291941 -0.00121809 0.000850663
2.1 0.00395251 0.00289763 -0.00125303 0.000822297
2.125 0.00392803 0.00285883 -0.00128715 0.000785839
2.15 0.0038842 0.00280288 -0.00132034 0.000741271
2.175 0.00382094 0.00272968 -0.00135249 0.000688597
2.2 0.00373823 0.00263918 -0.00138349 0.000627847
2.225 0.0036361 0.00253137 -0.00141322 0.000559073
2.25 0.00351461 0.00240629 -0.00144158 0.000482352
2.275 0.00337391 0.00226403 -0.00146846 0.000397784
2.3 0.00321418 0.00210471 -0.00149373 0.000305493
2.325 0.00303567 0.00192853 -0.00151728 0.000205626
2.35 0.00283867 0.0017357 -0.001539 9.83531e-05
2.375 0.00262352 0.00152651 -0.00155877 -1.61333e-05
2.4 0.00239063 0.00130126 -0.00157649 -0.000137618
2.425 0.00214044 0.00106031 -0.00159204 -0.000265864
2.45 0.00187346 0.000804091 -0.00160532 -0.000400615
2.475 0.00159023 0.000533038 -0.00161622 -0.000541592
2.5 0.00129134 0.000247649 -0.00162464 -0.000688497
2.525 0.000977424 -5.15377e-05 -0.00163049 -0.000841015
2.55 0.000649172 -0.000363947 -0.00163367 -0.000998811
2.575 0.000307302 -0.000688961 -0.0016341 -0.00116153
2.6 -4.74277e-05 -0.00102593 -0.0016317 -0.00132881
2.625 -0.000414219 -0.00137416 -0.00162639 -0.00150027
2.65 -0.00079224 -0.00173292 -0.00161811 -0.00167551
2.675 -0.00118063 -0.00210147 -0.00160679 -0.00185413
2.7 -0.00157849 -0.00247901 -0.00159238 -0.00203569
2.725 -0.00198491 -0.00286473 -0.00157484 -0.00221979
2.75 -0.00239894 -0.00325779 -0.00155413 -0.00240596
2.775 -0.00281963 -0.00365733 -0.00153023 -0.00259378
2.8 -0.00324597 -0.00406246 -0.00150312 -0.00278279
2.825 -0.00367699 -0.00447227 -0.0014728 -0.00297253
2.85 -0.00411168 -0.00488585 -0.00143925 -0.00316255
2.875 -0.004549 -0.00530226 -0.00140251 -0.00335238
2.9 -0.00498796 -0.00572057 -0.00136258 -0.00354157
2.925 -0.0054275 -0.00613982 -0.0013195 -0.00372966
2.95 -0.00586662 -0.00655906 -0.00127333 -0.00391619
2.975 -0.00630429 -0.00697733 -0.0012241 -0.00410071
3 -0.00673951 -0.00739368 -0.00117189 -0.00428278
3.025 -0.00717125 -0.00780715 -0.00111678 -0.00446197
3.05 -0.00759855 -0.00821682 -0.00105884 -0.00463783
3.075 -0.00802042 -0.00862174 -0.000998178 -0.00480996
3.1 -0.0084359 -0.00902101 -0.000934896 -0.00497795
3.125 -0.00884408 -0.00941371 -0.000869111 -0.00514141
3.15 -0.00924405 -0.00979897 -0.000800948 -0.00529996
3.175 -0.00963491 -0.0101759 -0.00073054 -0.00545323
3.2 -0.0100158 -0.0105438 -0.000658031 -0.00560089
3.225 -0.010386 -0.0109016 -0.000583572 -0.0057426
3.25 -0.0107447 -0.0112488 -0.00050732 -0.00587806
3.275 -0.011091 -0.0115845 -0.000429441 -0.00600697
3.3 -0.0114244 -0.011908 -0.000350106 -0.00612906
3.325 -0.0117442 -0.0122187 -0.000269493 -0.0062441
3.35 -0.0120497 -0.0125159 -0.000187783 -0.00635185
3.375 -0.0123404 -0.0127991 -0.000105165 -0.00645211
3.4 -0.0126158 -0.0130676 -2.1828e-05 -0.00654471
3.425 -0.0128754 -0.013321 6.20345e-05 -0.00662948
3.45 -0.0131187 -0.0135588 0.000146227 -0.0067063
3.475 -0.0133454 -0.0137807 0.000230552 -0.00677506
3.5 -0.0135551 -0.0139862 0.000314814 -0.00683567
3.525 -0.0137477 -0.014175 0.000398813 -0.00688808
3.55 -0.0139228 -0.0143469 0.000482355 -0.00693225
3.575 -0.0140802 -0.0145016 0.000565243 -0.00696817
3.6 -0.01422 -0.014639 0.000647287 -0.00699586
3.625 -0.0143419 -0.014759 0.000728298 -0.00701534
3.65 -0.014446 -0.0148615 0.000808089 -0.00702669
3.675 -0.0145323 -0.0149464 0.000886482 -0.00702997
3.7 -0.0146008 -0.0150139 0.000963301 -0.00702529
3.725 -0.0146517 -0.0150639 0.00103838 -0.00701279
3.75 -0.0146852 -0.0150967 0.00111155 -0.00699259
3.775 -0.0147015 -0.0151124 0.00118266 -0.00696486
3.8 -0.0147008 -0.0151111 0.00125156 -0.00692978
3.825 -0.0146834 -0.0150932 0.00131812 -0.00688756
3.85 -0.0146497 -0.015059 0.0013822 -0.00683841
3.875 -0.0146 -0.0150088 0.00144368 -0.00678255
3.9 -0.0145347 -0.0149429 0.00150246 -0.00672023
3.925 -0.0144544 -0.0148618 0.00155842 -0.00665171
3.95 -0.0143594 -0.014766 0.00161148 -0.00657726
3.975 -0.0142503 -0.0146558 0.00166156 -0.00649714
4 -0.0141275 -0.0145319 0.00170858 -0.00641166
4.025 -0.0139918 -0.0143947 0.00175248 -0.00632111
4.05 -0.0138435 -0.0142448 0.00179323 -0.00622579
4.075 -0.0136833 -0.0140828 0.00183076 -0.006126
4.1 -0.0135119 -0.0139092 0.00186507 -0.00602207
4.125 -0.0133298 -0.0137247 0.00189613 -0.0059143
4.15 -0.0131378 -0.0135299 0.00192393 -0.005803
4.175 -0.0129363 -0.0133255 0.00194847 -0.00568851
4.2 -0.0127261 -0.013112 0.00196977 -0.00557113
4.225 -0.0125078 -0.0128902 0.00198786 -0.00545118
4.25 -0.0122822 -0.0126607 0.00200276 -0.00532897
4.275 -0.0120497 -0.0124241 0.00201451 -0.00520481
4.3 -0.0118112 -0.0121812 0.00202316 -0.005079
4.325 -0.0115672 -0.0119324 0.00202877 -0.00495183
4.35 -0.0113183 -0.0116786 0.00203142 -0.00482361
4.375 -0.0110653 -0.0114204 0.00203116 -0.00469461
4.4 -0.0108087 -0.0111583 0.00202808 -0.00456512
4.425 -0.0105492 -0.010893 0.00202226 -0.00443538
4.45 -0.0102873 -0.0106252 0.00201381 -0.00430567
4.475 -0.0100235 -0.0103553 0.0020028 -0.00417623
4.5 -0.00975858 -0.010084 0.00198936 -0.0040473
4.525 -0.00949294 -0.00981176 0.00197358 -0.00391909
4.55 -0.00922712 -0.00953924 0.00195557 -0.00379183
4.575 -0.00896163 -0.00926689 0.00193545 -0.00366572
4.6 -0.00869696 -0.00899523 0.00191333 -0.00354095
4.625 -0.00843356 -0.00872473 0.00188933 -0.0034177
4.65 -0.00817186 -0.00845583 0.00186356 -0.00329613
4.675 -0.00791227 -0.00818897 0.00183616 -0.00317641
4.7 -0.0076552 -0.00792455 0.00180723 -0.00305866
4.725 -0.00740099 -0.00766296 0.00177691 -0.00294303
4.75 -0.00714998 -0.00740455 0.0017453 -0.00282962
4.775 -0.00690251 -0.00714965 0.00171254 -0.00271856
4.8 -0.00665885 -0.00689857 0.00167873 -0.00260992
4.825 -0.00641927 -0.00665159 0.00164399 -0.0025038
4.85 -0.00618402 -0.00640897 0.00160844 -0.00240027
4.875 -0.00595332 -0.00617095 0.00157219 -0.00229938
4.9 -0.00572736 -0.00593774 0.00153534 -0.0022012
4.925 -0.00550633 -0.00570952 0.00149801 -0.00210575
4.95 -0.00529037 -0.00548646 0.00146029 -0.00201308
4.975 -0.00507961 -0.0052687 0.00142229 -0.0019232
5 -0.00487417 -0.00505636 0.0013841 -0.00183613
5.025 -0.00467413 -0.00484955 0.0013458 -0.00175187
5.05 -0.00447958 -0.00464834 0.00130749 -0.00167042
5.075 -0.00429056 -0.00445279 0.00126925 -0.00159177
5.1 -0.00410711 -0.00426295 0.00123116 -0.0015159
5.125 -0.00392924 -0.00407885 0.00119328 -0.00144278
5.15 -0.00375697 -0.00390048 0.0011557 -0.00137239
5.175 -0.00359029 -0.00372786 0.00111847 -0.00130469
5.2 -0.00342916 -0.00356095 0.00108166 -0.00123965
5.225 -0.00327355 -0.00339972 0.00104532 -0.0011772
5.25 -0.00312341 -0.00324413 0.0010095 -0.00111732
5.275 -0.00297868 -0.00309412 0.000974245 -0.00105994
5.3 -0.0028393 -0.0029496 0.000939603 -0.001005
5.325 -0.00270517 -0.00281052 0.000905611 -0.000952455
5.35 -0.00257621 -0.00267677 0.000872302 -0.000902236
5.375 -0.00245233 -0.00254827 0.000839706 -0.000854282
5.4 -0.00233342 -0.0024249 0.000807849 -0.000808526
5.425 -0.00221937 -0.00230656 0.000776754 -0.000764904
5.45 -0.00211007 -0.00219313 0.000746439 -0.000723346
5.475 -0.00200541 -0.00208449 0.00071692 -0.000683787
5.5 -0.00190525 -0.00198052 0.000688209 -0.000646156
5.525 -0.00180947 -0.00188109 0.000660315 -0.000610386
5.55 -0.00171795 -0.00178606 0.000633243 -0.000576408
5.575 -0.00163056 -0.00169531 0.000606997 -0.000544155
5.6 -0.00154717 -0.00160869 0.000581577 -0.000513558
5.625 -0.00146764 -0.00152608 0.000556982 -0.000484552
5.65 -0.00139184 -0.00144735 0.000533207 -0.00045707
5.675 -0.00131964 -0.00137234 0.000510246 -0.000431048
5.7 -0.00125092 -0.00130094 0.000488092 -0.000406422
5.725 -0.00118553 -0.001233 0.000466733 -0.000383131
5.75 -0.00112336 -0.00116839 0.000446159 -0.000361114
5.775 -0.00106427 -0.00110698 0.000426357 -0.000340312
5.8 -0.00100814 -0.00104865 0.000407313 -0.000320667
5.825 -0.000954855 -0.00099326 0.000389011 -0.000302124
5.85 -0.000904285 -0.000940693 0.000371436 -0.000284629
5.875 -0.000856316 -0.000890826 0.00035457 -0.000268128
5.9 -0.000810833 -0.000843541 0.000338394 -0.000252573
5.925 -0.000767725 -0.000798722 0.000322892 -0.000237915
5.95 -0.000726882 -0.000756255 0.000308044 -0.000224105
5.975 -0.0006882 -0.000716032 0.000293831 -0.000211101
6 -0.000651577 -0.000677947 0.000280232 -0.000198857
6.025 -0.000616913 -0.000641897 0.000267229 -0.000187334
6.05 -0.000584112 -0.000607783 0.000254802 -0.000176491
6.075 -0.000553084 -0.00057551 0.000242931 -0.00016629
6.1 -0.000523739 -0.000544985 0.000231595 -0.000156695
6.125 -0.000495991 -0.00051612 0.000220776 -0.000147672
6.15 -0.000469758 -0.00048883 0.000210454 -0.000139188
6.175 -0.000444962 -0.000463032 0.000200609 -0.000131211
6.2 -0.000421527 -0.000438648 0.000191223 -0.000123713
6.225 -0.00039938 -0.000415604 0.000182277 -0.000116663
6.25 -0.000378454 -0.000393826 0.000173753 -0.000110037
6.275 -0.00035868 -0.000373248 0.000165632 -0.000103808
6.3 -0.000339997 -0.000353803 0.000157899 -9.79521e-05
6.325 -0.000322344 -0.000335429 0.000150535 -9.2447e-05
6.35 -0.000305665 -0.000318066 0.000143523 -8.72711e-05
6.375 -0.000289903 -0.000301658 0.000136849 -8.24041e-05
6.4 -0.000275009 -0.000286151 0.000130497 -7.78268e-05
6.425 -0.000260932 -0.000271494 0.000124451 -7.35213e-05
6.45 -0.000247626 -0.000257639 0.000118698 -6.94706e-05
6.475 -0.000235048 -0.000244539 0.000113222 -6.56587e-05
6.5 -0.000223154 -0.000232152 0.000108011 -6.20705e-05
6.525 -0.000211905 -0.000220436 0.000103052 -5.86921e-05
6.55 -0.000201264 -0.000209353 9.83325e-05 -5.55101e-05
6.575 -0.000191196 -0.000198865 9.38405e-05 -5.25121e-05
6.6 -0.000181667 -0.000188938 8.95645e-05 -4.96865e-05
6.625 -0.000172646 -0.000179539 8.54939e-05 -4.70225e-05
6.65 -0.000164102 -0.000170637 8.16181e-05 -4.45097e-05
6.675 -0.000156009 -0.000162204 7.79272e-05 -4.21386e-05
6.7 -0.00014834 -0.000154213 7.44117e-05 -3.99004e-05
6.725 -0.000141069 -0.000146636 7.10627e-05 -3.77868e-05
6.75 -0.000134174 -0.000139451 6.78716e-05 -3.57898e-05
6.775 -0.000127633 -0.000132635 6.48302e-05 -3.39023e-05
6.8 -0.000121426 -0.000126166 6.19307e-05 -3.21175e-05
6.825 -0.000115533 -0.000120024 5.91659e-05 -3.04291e-05
6.85 -0.000109936 -0.000114191 5.65288e-05 -2.88313e-05
6.875 -0.000104618 -0.00010865 5.40127e-05 -2.73184e-05
6.9 -9.95638e-05 -0.000103383 5.16114e-05 -2.58855e-05
6.925 -9.47582e-05 -9.83749e-05 4.93191e-05 -2.45279e-05
6.95 -9.01874e-05 -9.36121e-05 4.71302e-05 -2.3241e-05
6.975 -8.58384e-05 -8.90808e-05 4.50394e-05 -2.20207e-05
7 -8.1699e-05 -8.47683e-05 4.30417e-05 -2.08633e-05
7.025 -7.7758e-05 -8.06628e-05 4.11324e-05 -1.97652e-05
7.05 -7.40046e-05 -7.67532e-05 3.93072e-05 -1.8723e-05
7.075 -7.04289e-05 -7.30292e-05 3.75618e-05 -1.77337e-05
7.1 -6.70217e-05 -6.94811e-05 3.58924e-05 -1.67944e-05
7.125 -6.37741e-05 -6.60999e-05 3.42952e-05 -1.59023e-05
7.15 -6.06781e-05 -6.2877e-05 3.27669e-05 -1.5055e-05
7.175 -5.77261e-05 -5.98045e-05 3.1304e-05 -1.42502e-05
7.2 -5.49108e-05 -5.68749e-05 2.99037e-05 -1.34856e-05
7.225 -5.22255e-05 -5.40813e-05 2.85628e-05 -1.27592e-05
7.25 -4.96641e-05 -5.1417e-05 2.72788e-05 -1.20691e-05
7.275 -4.72205e-05 -4.8876e-05 2.60491e-05 -1.14135e-05
7.3 -4.48893e-05 -4.64524e-05 2.48712e-05 -1.07906e-05
7.325 -4.26651e-05 -4.41407e-05 2.37429e-05 -1.01989e-05
7.35 -4.05432e-05 -4.19358e-05 2.2662e-05 -9.63691e-06
7.375 -3.85188e-05 -3.9833e-05 2.16266e-05 -9.10319e-06
7.4 -3.65876e-05 -3.78275e-05 2.06347e-05 -8.5964e-06
7.425 -3.47455e-05 -3.5915e-05 1.96844e-05 -8.11528e-06
7.45 -3.29885e-05 -3.40915e-05 1.87742e-05 -7.65864e-06
7.475 -3.13129e-05 -3.23531e-05 1.79025e-05 -7.22532e-06
7.5 -2.97153e-05 -3.0696e-05 1.70675e-05 -6.81425e-06
7.525 -2.81923e-05 -2.91169e-05 1.6268e-05 -6.42441e-06
7.55 -2.67407e-05 -2.76122e-05 1.55026e-05 -6.05481e-06
7.575 -2.53575e-05 -2.61789e-05 1.47699e-05 -5.70451e-06
7.6 -2.40398e-05 -2.4814e-05 1.40687e-05 -5.37262e-06
7.625 -2.27848e-05 -2.35144e-05 1.33978e-05 -5.05829e-06
7.65 -2.15899e-05 -2.22775e-05 1.27561e-05 -4.76071e-06
7.675 -2.04526e-05 -2.11006e-05 1.21424e-05 -4.47909e-06
7.7 -1.93705e-05 -1.99812e-05 1.15558e-05 -4.21268e-06
7.725 -1.83412e-05 -1.89167e-05 1.09952e-05 -3.96077e-06
7.75 -1.73625e-05 -1.7905e-05 1.04596e-05 -3.72267e-06
7.775 -1.64324e-05 -1.69437e-05 9.9482e-06 -3.49773e-06
7.8 -1.55486e-05 -1.60306e-05 9.45999e-06 -3.28531e-06
7.825 -1.47093e-05 -1.51637e-05 8.99413e-06 -3.08481e-06
7.85 -1.39125e-05 -1.43411e-05 8.54978e-06 -2.89565e-06
7.875 -1.31565e-05 -1.35607e-05 8.12614e-06 -2.71728e-06
7.9 -1.24394e-05 -1.28207e-05 7.7224e-06 -2.54917e-06
7.925 -1.17595e-05 -1.21194e-05 7.33781e-06 -2.39081e-06
7.95 -1.11152e-05 -1.1455e-05 6.97162e-06 -2.24171e-06
7.975 -1.0505e-05 -1.08259e-05 6.62311e-06 -2.10141e-06
8 -9.92731e-06 -1.02305e-05 6.29158e-06 -1.96946e-06
8.025 -9.38064e-06 -9.66722e-06 5.97634e-06 -1.84544e-06
8.05 -8.86361e-06 -9.13462e-06 5.67674e-06 -1.72894e-06
8.075 -8.37485e-06 -8.63127e-06 5.39213e-06 -1.61957e-06
8.1 -7.91306e-06 -8.1558e-06 5.12188e-06 -1.51696e-06
8.125 -7.47697e-06 -7.7069e-06 4.86539e-06 -1.42076e-06
8.15 -7.06536e-06 -7.2833e-06 4.62206e-06 -1.33062e-06
8.175 -6.67706e-06 -6.88378e-06 4.39131e-06 -1.24624e-06
8.2 -6.31095e-06 -6.50717e-06 4.1726e-06 -1.16729e-06
8.225 -5.96594e-06 -6.15233e-06 3.96537e-06 -1.09348e-06
8.25 -5.64099e-06 -5.81818e-06 3.76911e-06 -1.02453e-06
8.275 -5.33509e-06 -5.50367e-06 3.5833e-06 -9.60184e-07
8.3 -5.04728e-06 -5.20779e-06 3.40745e-06 -9.00172e-07
8.325 -4.77663e-06 -4.92959e-06 3.24108e-06 -8.44254e-07
8.35 -4.52224e-06 -4.66813e-06 3.08374e-06 -7.92197e-07
8.375 -4.28325e-06 -4.42253e-06 2.93497e-06 -7.43778e-07
8.4 -4.05884e-06 -4.19192e-06 2.79435e-06 -6.98783e-07
8.425 -3.84822e-06 -3.97548e-06 2.66146e-06 -6.5701e-07
8.45 -3.65062e-06 -3.77242e-06 2.5359e-06 -6.18263e-07
8.475 -3.46532e-06 -3.582e-06 2.41729e-06 -5.82355e-07
8.5 -3.29161e-06 -3.40347e-06 2.30525e-06 -5.4911e-07
8.525 -3.12882e-06 -3.23615e-06 2.19943e-06 -5.18356e-07
8.55 -2.97631e-06 -3.07936e-06 2.0995e-06 -4.89931e-07
8.575 -2.83345e-06 -2.93247e-06 2.00512e-06 -4.63679e-07
8.6 -2.69967e-06 -2.79487e-06 1.91597e-06 -4.39451e-07
8.625 -2.57438e-06 -2.66598e-06 1.83177e-06 -4.17103e-07
8.65 -2.45705e-06 -2.54523e-06 1.75223e-06 -3.96501e-07
8.675 -2.34717e-06 -2.43209e-06 1.67706e-06 -3.77515e-07
8.7 -2.24423e-06 -2.32606e-06 1.60602e-06 -3.6002e-07
8.725 -2.14778e-06 -2.22664e-06 1.53884e-06 -3.439e-07
8.75 -2.05736e-06 -2.13339e-06 1.47531e-06 -3.2904e-07
8.775 -1.97254e-06 -2.04586e-06 1.41519e-06 -3.15336e-07
8.8 -1.89293e-06 -1.96364e-06 1.35827e-06 -3.02687e-07
8.825 -1.81814e-06 -1.88633e-06 1.30434e-06 -2.90996e-07
8.85 -1.7478e-06 -1.81357e-06 1.25322e-06 -2.80174e-07
8.875 -1.68158e-06 -1.745e-06 1.20473e-06 -2.70136e-07
8.9 -1.61915e-06 -1.6803e-06 1.15869e-06 -2.60803e-07
8.925 -1.56021e-06 -1.61915e-06 1.11495e-06 -2.52101e-07
8.95 -1.50448e-06 -1.56126e-06 1.07334e-06 -2.43959e-07
8.975 -1.45168e-06 -1.50637e-06 1.03374e-06 -2.36315e-07
9 -1.40156e-06 -1.45421e-06 9.95996e-07 -2.29109e-07
9.025 -1.35391e-06 -1.40456e-06 9.59991e-07 -2.22287e-07
9.05 -1.30849e-06 -1.3572e-06 9.25606e-07 -2.15798e-07
9.075 -1.26512e-06 -1.31192e-06 8.92728e-07 -2.09598e-07
9.1 -1.22361e-06 -1.26855e-06 8.61255e-07 -2.03646e-07
9.125 -1.18379e-06 -1.2269e-06 8.31091e-07 -1.97906e-07
9.15 -1.1455e-06 -1.18684e-06 8.02145e-07 -1.92346e-07
9.175 -1.10862e-06 -1.14821e-06 7.74334e-07 -1.86937e-07
9.2 -1.07301e-06 -1.11089e-06 7.4758e-07 -1.81656e-07
9.225 -1.03856e-06 -1.07477e-06 7.21813e-07 -1.76481e-07
9.25 -1.00517e-06 -1.03975e-06 6.96966e-07 -1.71394e-07
9.275 -9.72742e-07 -1.00574e-06 6.72977e-07 -1.66382e-07
9.3 -9.41208e-07 -9.72659e-07 6.49792e-07 -1.61433e-07
9.325 -9.10494e-07 -9.40438e-07 6.27359e-07 -1.56539e-07
9.35 -8.80541e-07 -9.09018e-07 6.05631e-07 -1.51694e-07
9.375 -8.51296e-07 -8.7835e-07 5.84565e-07 -1.46892e-07
9.4 -8.22717e-07 -8.4839e-07 5.64123e-07 -1.42134e-07
9.425 -7.94767e-07 -8.19104e-07 5.44269e-07 -1.37418e-07
9.45 -7.67418e-07 -7.90463e-07 5.24973e-07 -1.32745e-07
9.475 -7.40644e-07 -7.62443e-07 5.06205e-07 -1.28119e-07
9.5 -7.14428e-07 -7.35026e-07 4.87941e-07 -1.23543e-07
9.525 -6.88757e-07 -7.08199e-07 4.70158e-07 -1.19021e-07
9.55 -6.63619e-07 -6.81953e-07 4.52835e-07 -1.14559e-07
9.575 -6.39009e-07 -6.56281e-07 4.35956e-07 -1.10162e-07
9.6 -6.14923e-07 -6.31178e-07 4.19505e-07 -1.05837e-07
9.625 -5.9136e-07 -6.06645e-07 4.03468e-07 -1.01588e-07
9.65 -5.68319e-07 -5.8268e-07 3.87834e-07 -9.74231e-08
9.675 -5.45804e-07 -5.59285e-07 3.72592e-07 -9.33464e-08
9.7 -5.23817e-07 -5.36463e-07 3.57735e-07 -8.93639e-08
9.725 -5.02362e-07 -5.14216e-07 3.43255e-07 -8.54804e-08
9.75 -4.81441e-07 -4.92546e-07 3.29145e-07 -8.17003e-08
9.775 -4.6106e-07 -4.71456e-07 3.15401e-07 -7.80275e-08
9.8 -4.4122e-07 -4.50948e-07 3.02018e-07 -7.44652e-08
9.825 -4.21925e-07 -4.31024e-07 2.88992e-07 -7.10158e-08
9.85 -4.03176e-07 -4.11683e-07 2.76321e-07 -6.76812e-08
9.875 -3.84975e-07 -3.92926e-07 2.64001e-07 -6.44624e-08
9.9 -3.67321e-07 -3.74751e-07 2.52031e-07 -6.13597e-08
9.925 -3.50214e-07 -3.57155e-07 2.40409e-07 -5.83728e-08
9.95 -3.3365e-07 -3.40134e-07 2.29132e-07 -5.55007e-08
9.975 -3.17628e-07 -3.23683e-07 2.18199e-07 -5.27416e-08
10 -3.02141e-07 -3.07795e-07 2.07609e-07 -5.00934e-08
10.025 -2.87185e-07 -2.92464e-07 1.97358e-07 -4.75531e-08
10.05 -2.72752e-07 -2.77681e-07 1.87446e-07 -4.51176e-08
10.075 -2.58834e-07 -2.63437e-07 1.77871e-07 -4.27831e-08
10.1 -2.45423e-07 -2.4972e-07 1.68629e-07 -4.05456e-08
10.125 -2.32509e-07 -2.36521e-07 1.59719e-07 -3.84009e-08
10.15 -2.20081e-07 -2.23826e-07 1.51138e-07 -3.63444e-08
10.175 -2.08129e-07 -2.11625e-07 1.42882e-07 -3.43715e-08
10.2 -1.96641e-07 -1.99903e-07 1.34948e-07 -3.24776e-08
10.225 -1.85605e-07 -1.88648e-07 1.27332e-07 -3.06581e-08
10.25 -1.75008e-07 -1.77847e-07 1.2003e-07 -2.89083e-08
10.275 -1.6484e-07 -1.67486e-07 1.13039e-07 -2.72239e-08
10.3 -1.55086e-07 -1.57553e-07 1.06352e-07 -2.56007e-08
10.325 -1.45736e-07 -1.48034e-07 9.99645e-08 -2.40347e-08
10.35 -1.36776e-07 -1.38916e-07 9.38717e-08 -2.25223e-08
10.375 -1.28196e-07 -1.30187e-07 8.80675e-08 -2.106e-08
10.4 -1.19983e-07 -1.21836e-07 8.25459e-08 -1.96449e-08
10.425 -1.12127e-07 -1.1385e-07 7.73007e-08 -1.82745e-08
10.45 -1.04618e-07 -1.06218e-07 7.23253e-08 -1.69464e-08
10.475 -9.74444e-08 -9.89307e-08 6.7613e-08 -1.56588e-08
10.5 -9.05977e-08 -9.19777e-08 6.31567e-08 -1.44105e-08
10.525 -8.40687e-08 -8.53499e-08 5.89495e-08 -1.32002e-08
10.55 -7.78491e-08 -7.90388e-08 5.49841e-08 -1.20274e-08
10.575 -7.19312e-08 -7.30364e-08 5.12529e-08 -1.08917e-08
10.6 -6.63076e-08 -6.73352e-08 4.77485e-08 -9.79334e-09
10.625 -6.09716e-08 -6.19284e-08 4.44634e-08 -8.73252e-09
10.65 -5.59169e-08 -5.68096e-08 4.13898e-08 -7.70992e-09
10.675 -5.11376e-08 -5.19728e-08 3.852e-08 -6.7264e-09
10.7 -4.66284e-08 -4.74125e-08 3.58464e-08 -5.78303e-09
10.725 -4.2384e-08 -4.31232e-08 3.33612e-08 -4.88102e-09
10.75 -3.83995e-08 -3.91001e-08 3.10567e-08 -4.02171e-09
10.775 -3.46702e-08 -3.53381e-08 2.89252e-08 -3.20648e-09
10.8 -3.11914e-08 -3.18326e-08 2.69591e-08 -2.43677e-09
10.825 -2.79585e-08 -2.85787e-08 2.51508e-08 -1.71397e-09
10.85 -2.49671e-08 -2.55717e-08 2.34929e-08 -1.03942e-09
10.875 -2.22123e-08 -2.28067e-08 2.19779e-08 -4.14364e-10
10.9 -1.96894e-08 -2.02784e-08 2.05986e-08 1.60095e-10
10.925 -1.73933e-08 -1.79817e-08 1.93478e-08 6.83031e-10
10.95 -1.53186e-08 -1.59109e-08 1.82183e-08 1.15372e-09
10.975 -1.34597e-08 -1.406e-08 1.72033e-08 1.57167e-09
11 -1.18106e-08 -1.24226e-08 1.62959e-08 1.93663e-09
11.025 -1.0365e-08 -1.0992e-08 1.54893e-08 2.24866e-09
11.05 -9.11597e-09 -9.76104e-09 1.47772e-08 2.50806e-09
11.075 -8.05635e-09 -8.72204e-09 1.41529e-08 2.71545e-09
11.1 -7.17843e-09 -7.86691e-09 1.36105e-08 2.87177e-09
11.125 -6.47408e-09 -7.18709e-09 1.31436e-08 2.97824e-09
11.15 -5.93475e-09 -6.67359e-09 1.27464e-08 3.03638e-09
11.175 -5.55144e-09 -6.317e-09 1.24131e-08 3.04803e-09
11.2 -5.31476e-09 -6.1075e-09 1.21381e-08 3.01528e-09
11.225 -5.21496e-09 -6.03493e-09 1.19159e-08 2.94049e-09
11.25 -5.24196e-09 -6.08879e-09 1.17414e-08 2.82629e-09
11.275 -5.38539e-09 -6.25831e-09 1.16093e-08 2.67551e-09
11.3 -5.63466e-09 -6.53254e-09 1.15149e-08 2.49118e-09
11.325 -5.97896e-09 -6.90033e-09 1.14534e-08 2.27652e-09
11.35 -6.40742e-09 -7.35045e-09 1.14202e-08 2.03487e-09
11.375 -6.90907e-09 -7.87165e-09 1.1411e-08 1.76969e-09
11.4 -7.47298e-09 -8.4527e-09 1.14217e-08 1.48452e-09
11.425 -8.08826e-09 -9.08251e-09 1.14484e-08 1.18294e-09
11.45 -8.7442e-09 -9.75014e-09 1.14873e-08 8.68556e-10
11.475 -9.43028e-09 -1.04449e-08 1.15348e-08 5.44935e-10
11.5 -1.01363e-08 -1.11564e-08 1.15876e-08 2.15603e-10
11.525 -1.08523e-08 -1.18747e-08 1.16427e-08 -1.15999e-10
11.55 -1.15689e-08 -1.25902e-08 1.16972e-08 -4.46543e-10
11.575 -1.2277e-08 -1.32939e-08 1.17483e-08 -7.72844e-10
11.6 -1.29681e-08 -1.39773e-08 1.17936e-08 -1.09188e-09
11.625 -1.36343e-08 -1.46325e-08 1.18308e-08 -1.40083e-09
11.65 -1.42684e-08 -1.52522e-08 1.18581e-08 -1.69708e-09
11.675 -1.48635e-08 -1.58299e-08 1.18734e-08 -1.97825e-09
11.7 -1.54138e-08 -1.63598e-08 1.18754e-08 -2.24219e-09
11.725 -1.59141e-08 -1.68367e-08 1.18626e-08 -2.48705e-09
11.75 -1.63597e-08 -1.72562e-08 1.18338e-08 -2.7112e-09
11.775 -1.67469e-08 -1.76149e-08 1.17882e-08 -2.91334e-09
11.8 -1.70726e-08 -1.79099e-08 1.17251e-08 -3.0924e-09
11.825 -1.73347e-08 -1.81391e-08 1.16438e-08 -3.24763e-09
11.85 -1.75315e-08 -1.83012e-08 1.15442e-08 -3.37854e-09
11.875 -1.76622e-08 -1.83958e-08 1.1426e-08 -3.48492e-09
11.9 -1.77267e-08 -1.84229e-08 1.12892e-08 -3.56682e-09
11.925 -1.77257e-08 -1.83834e-08 1.11343e-08 -3.62457e-09
11.95 -1.76603e-08 -1.82788e-08 1.09614e-08 -3.6587e-09
11.975 -1.75325e-08 -1.81112e-08 1.07712e-08 -3.67002e-09
12 -1.73445e-08 -1.78834e-08 1.05644e-08 -3.6595e-09
12.025 -1.70994e-08 -1.75984e-08 1.03417e-08 -3.62835e-09
12.05 -1.68006e-08 -1.72599e-08 1.01041e-08 -3.57792e-09
12.075 -1.64518e-08 -1.68721e-08 9.85265e-09 -3.50973e-09
12.1 -1.60574e-08 -1.64393e-08 9.5885e-09 -3.42542e-09
12.125 -1.56219e-08 -1.59664e-08 9.31288e-09 -3.32675e-09
12.15 -1.51499e-08 -1.54582e-08 9.02705e-09 -3.21555e-09
12.175 -1.46465e-08 -1.49198e-08 8.73237e-09 -3.09373e-09
12.2 -1.41169e-08 -1.43567e-08 8.43023e-09 -2.96322e-09
12.225 -1.35661e-08 -1.3774e-08 8.12204e-09 -2.82599e-09
12.25 -1.29994e-08 -1.31772e-08 7.80922e-09 -2.68397e-09
12.275 -1.2422e-08 -1.25714e-08 7.4932e-09 -2.5391e-09
12.3 -1.18389e-08 -1.19619e-08 7.1754e-09 -2.39326e-09
12.325 -1.12551e-08 -1.13537e-08 6.85721e-09 -2.24824e-09
12.35 -1.06755e-08 -1.07516e-08 6.53999e-09 -2.1058e-09
12.375 -1.01045e-08 -1.01602e-08 6.22506e-09 -1.96756e-09
12.4 -9.54639e-09 -9.58372e-09 5.91365e-09 -1.83503e-09
12.425 -9.00524e-09 -9.02621e-09 5.60697e-09 -1.70962e-09
12.45 -8.48468e-09 -8.49129e-09 5.30613e-09 -1.59258e-09
12.475 -7.98801e-09 -7.9822e-09 5.01215e-09 -1.48503e-09
12.5 -7.51815e-09 -7.50182e-09 4.72598e-09 -1.38792e-09
12.525 -7.07761e-09 -7.05259e-09 4.44846e-09 -1.30206e-09
12.55 -6.66853e-09 -6.63655e-09 4.18034e-09 -1.2281e-09
12.575 -6.29258e-09 -6.2553e-09 3.92226e-09 -1.16652e-09
12.6 -5.95105e-09 -5.91003e-09 3.67475e-09 -1.11764e-09
12.625 -5.64479e-09 -5.60147e-09 3.43825e-09 -1.08161e-09
12.65 -5.37424e-09 -5.32996e-09 3.21306e-09 -1.05845e-09
12.675 -5.13943e-09 -5.0954e-09 2.9994e-09 -1.048e-09
12.7 -4.93999e-09 -4.89733e-09 2.79736e-09 -1.04999e-09
12.725 -4.77518e-09 -4.73488e-09 2.60693e-09 -1.06397e-09
12.75 -4.64392e-09 -4.60683e-09 2.42802e-09 -1.08941e-09
12.775 -4.54476e-09 -4.51164e-09 2.2604e-09 -1.12562e-09
12.8 -4.47598e-09 -4.44745e-09 2.10378e-09 -1.17183e-09
12.825 -4.43555e-09 -4.41212e-09 1.95777e-09 -1.22718e-09
12.85 -4.4212e-09 -4.40328e-09 1.82188e-09 -1.2907e-09
12.875 -4.43044e-09 -4.41833e-09 1.69558e-09 -1.36137e-09
12.9 -4.46059e-09 -4.45449e-09 1.57824e-09 -1.43812e-09
12.925 -4.50884e-09 -4.50884e-09 1.46918e-09 -1.51983e-09
12.95 -4.57222e-09 -4.57835e-09 1.36766e-09 -1.60534e-09
12.975 -4.6477e-09 -4.6599e-09 1.27291e-09 -1.6935e-09
13 -4.7322e-09 -4.75033e-09 1.1841e-09 -1.78311e-09
13.025 -4.82262e-09 -4.84648e-09 1.1004e-09 -1.87304e-09
13.05 -4.91586e-09 -4.94518e-09 1.02092e-09 -1.96213e-09
13.075 -5.00889e-09 -5.04336e-09 9.44805e-10 -2.04928e-09
13.1 -5.09873e-09 -5.138e-09 8.71162e-10 -2.13342e-09
13.125 -5.18253e-09 -5.2262e-09 7.99118e-10 -2.21354e-09
13.15 -5.25754e-09 -5.30521e-09 7.2781e-10 -2.2887e-09
13.175 -5.3212e-09 -5.37241e-09 6.56396e-10 -2.35801e-09
13.2 -5.37111e-09 -5.42541e-09 5.84061e-10 -2.42067e-09
13.225 -5.40506e-09 -5.46198e-09 5.10027e-10 -2.47597e-09
13.25 -5.42106e-09 -5.48014e-09 4.33554e-10 -2.52329e-09
13.275 -5.41737e-09 -5.47813e-09 3.53952e-10 -2.56209e-09
13.3 -5.39246e-09 -5.45444e-09 2.70583e-10 -2.59193e-09
13.325 -5.34508e-09 -5.40784e-09 1.82865e-10 -2.61249e-09
13.35 -5.27422e-09 -5.33732e-09 9.02778e-11 -2.62352e-09
13.375 -5.17914e-09 -5.24216e-09 -7.63294e-12 -2.6249e-09
13.4 -5.05936e-09 -5.12192e-09 -1.11255e-10 -2.61659e-09
13.425 -4.9147e-09 -4.97641e-09 -2.20904e-10 -2.59866e-09
13.45 -4.74518e-09 -4.80571e-09 -3.36827e-10 -2.57127e-09
13.475 -4.55113e-09 -4.61016e-09 -4.59195e-10 -2.53468e-09
13.5 -4.33312e-09 -4.39035e-09 -5.88108e-10 -2.48923e-09
13.525 -4.09193e-09 -4.1471e-09 -7.23592e-10 -2.43535e-09
13.55 -3.82861e-09 -3.88149e-09 -8.65601e-10 -2.37354e-09
13.575 -3.5444e-09 -3.59478e-09 -1.01402e-09 -2.3044e-09
13.6 -3.24075e-09 -3.28845e-09 -1.16866e-09 -2.22855e-09
13.625 -2.9193e-09 -2.96417e-09 -1.32927e-09 -2.14672e-09
13.65 -2.58185e-09 -2.62376e-09 -1.49554e-09 -2.05965e-09
13.675 -2.23037e-09 -2.26921e-09 -1.6671e-09 -1.96815e-09
13.7 -1.86693e-09 -1.90263e-09 -1.8435e-09 -1.87307e-09
13.725 -1.49375e-09 -1.52625e-09 -2.02426e-09 -1.77526e-09
13.75 -1.11311e-09 -1.14237e-09 -2.20886e-09 -1.67562e-09
13.775 -7.27396e-10 -7.53377e-10 -2.39672e-09 -1.57505e-09
13.8 -3.39016e-10 -3.61718e-10 -2.58722e-09 -1.47447e-09
13.825 4.95705e-11 3.01447e-11 -2.77972e-09 -1.37479e-09
13.85 4.35896e-10 4.19731e-10 -2.97354e-09 -1.2769e-09
13.875 8.17499e-10 8.04571e-10 -3.16798e-09 -1.1817e-09
13.9 1.19194e-09 1.18222e-09 -3.36232e-09 -1.09005e-09
13.925 1.55683e-09 1.55027e-09 -3.55584e-09 -1.00278e-09
13.95 1.90983e-09 1.9064e-09 -3.7478e-09 -9.20698e-10
13.975 2.24868e-09 2.24833e-09 -3.93746e-09 -8.44561e-10
14 2.57122e-09 2.57391e-09 -4.12408e-09 -7.75086e-10
14.025 2.87538e-09 2.88107e-09 -4.30695e-09 -7.12939e-10
14.05 3.15923e-09 3.16786e-09 -4.48533e-09 -6.58735e-10
14.075 3.42095e-09 3.43249e-09 -4.65855e-09 -6.13028e-10
14.1 3.65887e-09 3.67328e-09 -4.82591e-09 -5.76316e-10
14.125 3.87147e-09 3.88872e-09 -4.98678e-09 -5.49031e-10
14.15 4.0574e-09 4.07744e-09 -5.14053e-09 -5.31543e-10
14.175 4.21544e-09 4.23826e-09 -5.28657e-09 -5.24155e-10
14.2 4.34457e-09 4.37014e-09 -5.42435e-09 -5.27104e-10
14.225 4.44394e-09 4.47223e-09 -5.55335e-09 -5.40559e-10
14.25 4.51286e-09 4.54386e-09 -5.67311e-09 -5.64624e-10
14.275 4.55082e-09 4.58453e-09 -5.7832e-09 -5.99334e-10
14.3 4.5575e-09 4.5939e-09 -5.88322e-09 -6.44663e-10
14.325 4.53275e-09 4.57182e-09 -5.97285e-09 -7.00516e-10
14.35 4.47657e-09 4.51832e-09 -6.0518e-09 -7.66741e-10
14.375 4.38915e-09 4.43357e-09 -6.11982e-09 -8.43124e-10
14.4 4.27085e-09 4.31794e-09 -6.17673e-09 -9.29394e-10
14.425 4.12216e-09 4.17192e-09 -6.22237e-09 -1.02523e-09
14.45 3.94376e-09 3.99618e-09 -6.25667e-09 -1.13025e-09
14.475 3.73643e-09 3.79151e-09 -6.27957e-09 -1.24403e-09
14.5 3.50113e-09 3.55885e-09 -6.29107e-09 -1.36611e-09
14.525 3.23891e-09 3.29927e-09 -6.29123e-09 -1.49598e-09
14.55 2.95097e-09 3.01394e-09 -6.28014e-09 -1.6331e-09
14.575 2.6386e-09 2.70416e-09 -6.25794e-09 -1.77689e-09
14.6 2.30319e-09 2.37131e-09 -6.22481e-09 -1.92675e-09
14.625 1.94622e-09 2.01687e-09 -6.18098e-09 -2.08205e-09
14.65 1.56926e-09 1.6424e-09 -6.12671e-09 -2.24215e-09
14.675 1.17394e-09 1.24951e-09 -6.06228e-09 -2.40638e-09
14.7 7.61934e-10 8.3989e-10 -5.98804e-09 -2.57407e-09
14.725 3.34985e-10 4.15253e-10 -5.90434e-09 -2.74454e-09
14.75 -1.05142e-10 -2.2638e-11 -5.81157e-09 -2.9171e-09
14.775 -5.56652e-10 -4.71997e-10 -5.71015e-09 -3.09108e-09
14.8 -1.01774e-09 -9.31025e-10 -5.60053e-09 -3.26578e-09
14.825 -1.48658e-09 -1.39791e-09 -5.48315e-09 -3.44053e-09
14.85 -1.96137e-09 -1.87086e-09 -5.3585e-09 -3.61468e-09
14.875 -2.44031e-09 -2.34809e-09 -5.22708e-09 -3.78758e-09
14.9 -2.92162e-09 -2.82781e-09 -5.08938e-09 -3.95859e-09
14.925 -3.40355e-09 -3.3083e-09 -4.94592e-09 -4.12711e-09
14.95 -3.8844e-09 -3.78786e-09 -4.79723e-09 -4.29254e-09
14.975 -4.36251e-09 -4.26482e-09 -4.64384e-09 -4.45433e-09
15 -4.83626e-09 -4.73759e-09 -4.48626e-09 -4.61193e-09
15.025 -5.3041e-09 -5.20462e-09 -4.32504e-09 -4.76483e-09
15.05 -5.76453e-09 -5.66442e-09 -4.1607e-09 -4.91256e-09
15.075 -6.21615e-09 -6.11559e-09 -3.99375e-09 -5.05467e-09
15.1 -6.65759e-09 -6.55677e-09 -3.82471e-09 -5.19074e-09
15.125 -7.0876e-09 -6.98671e-09 -3.65409e-09 -5.3204e-09
15.15 -7.50498e-09 -7.4042e-09 -3.48238e-09 -5.44329e-09
15.175 -7.90862e-09 -7.80816e-09 -3.31006e-09 -5.55911e-09
15.2 -8.29751e-09 -8.19756e-09 -3.13761e-09 -5.66758e-09
15.225 -8.6707e-09 -8.57146e-09 -2.96546e-09 -5.76846e-09
15.25 -9.02736e-09 -8.92902e-09 -2.79406e-09 -5.86154e-09
15.275 -9.36673e-09 -9.26948e-09 -2.62382e-09 -5.94665e-09
15.3 -9.68813e-09 -9.59217e-09 -2.45514e-09 -6.02366e-09
15.325 -9.99099e-09 -9.89651e-09 -2.2884e-09 -6.09246e-09
15.35 -1.02748e-08 -1.0182e-08 -2.12396e-09 -6.15298e-09
15.375 -1.05392e-08 -1.04482e-08 -1.96214e-09 -6.20519e-09
15.4 -1.07838e-08 -1.06949e-08 -1.80326e-09 -6.24907e-09
15.425 -1.10084e-08 -1.09217e-08 -1.64762e-09 -6.28466e-09
15.45 -1.12129e-08 -1.11285e-08 -1.49549e-09 -6.312e-09
15.475 -1.13971e-08 -1.13153e-08 -1.3471e-09 -6.33118e-09
15.5 -1.15611e-08 -1.14819e-08 -1.20269e-09 -6.34229e-09
15.525 -1.1705e-08 -1.16285e-08 -1.06245e-09 -6.34548e-09
15.55 -1.18287e-08 -1.17552e-08 -9.26564e-10 -6.34089e-09
15.575 -1.19327e-08 -1.18622e-08 -7.95192e-10 -6.32869e-09
15.6 -1.20171e-08 -1.19497e-08 -6.68467e-10 -6.30909e-09
15.625 -1.20822e-08 -1.20181e-08 -5.46506e-10 -6.2823e-09
15.65 -1.21284e-08 -1.20677e-08 -4.29401e-10 -6.24854e-09
15.675 -1.21562e-08 -1.20989e-08 -3.17227e-10 -6.20806e-09
15.7 -1.21661e-08 -1.21122e-08 -2.1004e-10 -6.16112e-09
15.725 -1.21584e-08 -1.21081e-08 -1.07876e-10 -6.10798e-09
15.75 -1.21339e-08 -1.20871e-08 -1.07543e-11 -6.04893e-09
15.775 -1.2093e-08 -1.20498e-08 8.13229e-11 -5.98426e-09
15.8 -1.20364e-08 -1.19969e-08 1.6837e-10 -5.91426e-09
15.825 -1.19647e-08 -1.19289e-08 2.50415e-10 -5.83923e-09
15.85 -1.18787e-08 -1.18465e-08 3.27503e-10 -5.75948e-09
15.875 -1.17789e-08 -1.17503e-08 3.9969e-10 -5.67531e-09
15.9 -1.16661e-08 -1.16411e-08 4.67045e-10 -5.58704e-09
15.925 -1.1541e-08 -1.15196e-08 5.2965e-10 -5.49498e-09
15.95 -1.14043e-08 -1.13865e-08 5.87595e-10 -5.39943e-09
15.975 -1.12567e-08 -1.12424e-08 6.40983e-10 -5.3007e-09
16 -1.1099e-08 -1.10881e-08 6.89922e-10 -5.1991e-09
16.025 -1.09319e-08 -1.09244e-08 7.34532e-10 -5.09493e-09
16.05 -1.0756e-08 -1.07519e-08 7.74937e-10 -4.98847e-09
16.075 -1.05722e-08 -1.05713e-08 8.11269e-10 -4.88003e-09
16.1 -1.03812e-08 -1.03834e-08 8.43663e-10 -4.76988e-09
16.125 -1.01836e-08 -1.01889e-08 8.72261e-10 -4.6583e-09
16.15 -9.98005e-09 -9.98832e-09 8.97207e-10 -4.54556e-09
16.175 -9.77133e-09 -9.78246e-09 9.1865e-10 -4.43191e-09
16.2 -9.55805e-09 -9.57194e-09 9.3674e-10 -4.3176e-09
16.225 -9.34085e-09 -9.35739e-09 9.51629e-10 -4.20288e-09
16.25 -9.12034e-09 -9.13942e-09 9.63468e-10 -4.08797e-09
16.275 -8.89713e-09 -8.91862e-09 9.72411e-10 -3.97311e-09
16.3 -8.67179e-09 -8.69558e-09 9.78611e-10 -3.85848e-09
16.325 -8.44487e-09 -8.47083e-09 9.8222e-10 -3.74431e-09
16.35 -8.2169e-09 -8.24492e-09 9.83389e-10 -3.63077e-09
16.375 -7.9884e-09 -8.01834e-09 9.82266e-10 -3.51804e-09
16.4 -7.75983e-09 -7.79158e-09 9.78998e-10 -3.40629e-09
16.425 -7.53167e-09 -7.5651e-09 9.7373e-10 -3.29568e-09
16.45 -7.30434e-09 -7.33932e-09 9.66603e-10 -3.18636e-09
16.475 -7.07825e-09 -7.11466e-09 9.57754e-10 -3.07845e-09
16.5 -6.85379e-09 -6.89151e-09 9.47319e-10 -2.9721e-09
16.525 -6.63131e-09 -6.67022e-09 9.35429e-10 -2.8674e-09
16.55 -6.41116e-09 -6.45113e-09 9.22209e-10 -2.76446e-09
16.575 -6.19363e-09 -6.23455e-09 9.07783e-10 -2.66338e-09
16.6 -5.97902e-09 -6.02077e-09 8.92269e-10 -2.56425e-09
16.625 -5.76758e-09 -5.81006e-09 8.7578e-10 -2.46714e-09
16.65 -5.55957e-09 -5.60266e-09 8.58426e-10 -2.37212e-09
16.675 -5.35519e-09 -5.39879e-09 8.4031e-10 -2.27924e-09
16.7 -5.15464e-09 -5.19865e-09 8.21534e-10 -2.18856e-09
16.725 -4.9581e-09 -5.00241e-09 8.02191e-10 -2.10011e-09
16.75 -4.76572e-09 -4.81024e-09 7.82372e-10 -2.01393e-09
16.775 -4.57763e-09 -4.62227e-09 7.62163e-10 -1.93005e-09
16.8 -4.39396e-09 -4.43863e-09 7.41643e-10 -1.84849e-09
16.825 -4.21479e-09 -4.25941e-09 7.2089e-10 -1.76926e-09
16.85 -4.04022e-09 -4.0847e-09 6.99975e-10 -1.69236e-09
16.875 -3.8703e-09 -3.91457e-09 6.78963e-10 -1.6178e-09
16.9 -3.70507e-09 -3.74907e-09 6.57919e-10 -1.54557e-09
16.925 -3.54459e-09 -3.58824e-09 6.369e-10 -1.47567e-09
16.95 -3.38886e-09 -3.4321e-09 6.15959e-10 -1.40807e-09
16.975 -3.23789e-09 -3.28066e-09 5.95147e-10 -1.34276e-09
17 -3.09168e-09 -3.13393e-09 5.74509e-10 -1.27971e-09
17.025 -2.95021e-09 -2.99188e-09 5.54087e-10 -1.2189e-09
17.05 -2.81345e-09 -2.8545e-09 5.33919e-10 -1.16029e-09
17.075 -2.68137e-09 -2.72175e-09 5.1404e-10 -1.10386e-09
17.1 -2.55391e-09 -2.5936e-09 4.9448e-10 -1.04956e-09
17.125 -2.43103e-09 -2.46997e-09 4.75267e-10 -9.97353e-10
17.15 -2.31265e-09 -2.35083e-09 4.56427e-10 -9.47203e-10
17.175 -2.19872e-09 -2.2361e-09 4.37981e-10 -8.99061e-10
17.2 -2.08915e-09 -2.12572e-09 4.19947e-10 -8.52884e-10
17.225 -1.98387e-09 -2.01959e-09 4.02341e-10 -8.08625e-10
17.25 -1.88278e-09 -1.91765e-09 3.85178e-10 -7.66234e-10
17.275 -1.78581e-09 -1.81979e-09 3.68468e-10 -7.25663e-10
17.3 -1.69284e-09 -1.72594e-09 3.52221e-10 -6.86861e-10
17.325 -1.60379e-09 -1.636e-09 3.36443e-10 -6.49778e-10
17.35 -1.51856e-09 -1.54986e-09 3.21139e-10 -6.14362e-10
17.375 -1.43704e-09 -1.46744e-09 3.06313e-10 -5.80562e-10
17.4 -1.35913e-09 -1.38862e-09 2.91965e-10 -5.48327e-10
17.425 -1.28472e-09 -1.31331e-09 2.78096e-10 -5.17605e-10
17.45 -1.21371e-09 -1.24139e-09 2.64703e-10 -4.88344e-10
17.475 -1.14599e-09 -1.17277e-09 2.51785e-10 -4.60494e-10
17.5 -1.08146e-09 -1.10735e-09 2.39337e-10 -4.34004e-10
17.525 -1.02e-09 -1.045e-09 2.27353e-10 -4.08825e-10
17.55 -9.61509e-10 -9.85639e-10 2.15828e-10 -3.84905e-10
17.575 -9.05885e-10 -9.29152e-10 2.04755e-10 -3.62199e-10
17.6 -8.53022e-10 -8.75437e-10 1.94125e-10 -3.40656e-10
17.625 -8.02815e-10 -8.24393e-10 1.8393e-10 -3.20231e-10
17.65 -7.55162e-10 -7.75917e-10 1.74162e-10 -3.00878e-10
17.675 -7.09964e-10 -7.29911e-10 1.6481e-10 -2.82551e-10
17.7 -6.67121e-10 -6.86278e-10 1.55864e-10 -2.65207e-10
17.725 -6.26536e-10 -6.4492e-10 1.47314e-10 -2.48803e-10
17.75 -5.88116e-10 -6.05744e-10 1.39149e-10 -2.33297e-10
17.775 -5.51766e-10 -5.68657e-10 1.31358e-10 -2.1865e-10
17.8 -5.17398e-10 -5.33571e-10 1.2393e-10 -2.0482e-10
17.825 -4.84924e-10 -5.00397e-10 1.16853e-10 -1.91772e-10
17.85 -4.54257e-10 -4.69051e-10 1.10117e-10 -1.79467e-10
17.875 -4.25314e-10 -4.39448e-10 1.03709e-10 -1.6787e-10
17.9 -3.98016e-10 -4.1151e-10 9.76176e-11 -1.56946e-10
17.925 -3.72283e-10 -3.85158e-10 9.18322e-11 -1.46663e-10
17.95 -3.48041e-10 -3.60316e-10 8.63411e-11 -1.36987e-10
17.975 -3.25217e-10 -3.36911e-10 8.1133e-11 -1.27889e-10
18 -3.03739e-10 -3.14874e-10 7.61968e-11 -1.19339e-10
18.025 -2.83541e-10 -2.94136e-10 7.15216e-11 -1.11307e-10
18.05 -2.64557e-10 -2.74631e-10 6.70967e-11 -1.03767e-10
18.075 -2.46725e-10 -2.56297e-10 6.29114e-11 -9.66928e-11
18.1 -2.29983e-10 -2.39073e-10 5.89555e-11 -9.00587e-11
18.125 -2.14274e-10 -2.229e-10 5.52189e-11 -8.38407e-11
18.15 -1.99542e-10 -2.07724e-10 5.16916e-11 -7.8016e-11
18.175 -1.85735e-10 -1.93489e-10 4.83642e-11 -7.25624e-11
18.2 -1.72801e-10 -1.80146e-10 4.52274e-11 -6.74592e-11
18.225 -1.60691e-10 -1.67644e-10 4.2272e-11 -6.26861e-11
18.25 -1.4936e-10 -1.55938e-10 3.94893e-11 -5.82243e-11
18.275 -1.38763e-10 -1.44982e-10 3.68709e-11 -5.40556e-11
18.3 -1.28858e-10 -1.34734e-10 3.44086e-11 -5.01627e-11
18.325 -1.19604e-10 -1.25153e-10 3.20944e-11 -4.65292e-11
18.35 -1.10963e-10 -1.162e-10 2.99209e-11 -4.31396e-11
18.375 -1.02899e-10 -1.07839e-10 2.78806e-11 -3.99791e-11
18.4 -9.53776e-11 -1.00034e-10 2.59664e-11 -3.70337e-11
18.425 -8.83653e-11 -9.27519e-11 2.41718e-11 -3.429e-11
18.45 -8.18313e-11 -8.59615e-11 2.24901e-11 -3.17357e-11
18.475 -7.5746e-11 -7.96326e-11 2.09152e-11 -2.93587e-11
18.5 -7.00816e-11 -7.37368e-11 1.94411e-11 -2.71479e-11
18.525 -6.48115e-11 -6.82473e-11 1.80622e-11 -2.50926e-11
18.55 -5.99109e-11 -6.31386e-11 1.6773e-11 -2.31828e-11
18.575 -5.53561e-11 -5.83866e-11 1.55683e-11 -2.14091e-11
18.6 -5.11248e-11 -5.39686e-11 1.44434e-11 -1.97626e-11
18.625 -4.7196e-11 -4.98631e-11 1.33933e-11 -1.82349e-11
18.65 -4.35499e-11 -4.60499e-11 1.24138e-11 -1.6818e-11
18.675 -4.01677e-11 -4.25098e-11 1.15005e-11 -1.55047e-11
18.7 -3.7032e-11 -3.9225e-11 1.06494e-11 -1.42878e-11
18.725 -3.41261e-11 -3.61784e-11 9.85673e-12 -1.31608e-11
18.75 -3.14345e-11 -3.33541e-11 9.11885e-12 -1.21176e-11
18.775 -2.89427e-11 -3.07372e-11 8.43233e-12 -1.11524e-11
18.8 -2.66368e-11 -2.83135e-11 7.79393e-12 -1.02598e-11
18.825 -2.45041e-11 -2.60699e-11 7.20059e-12 -9.43467e-12
18.85 -2.25325e-11 -2.3994e-11 6.6494e-12 -8.67228e-12
18.875 -2.07106e-11 -2.2074e-11 6.13763e-12 -7.96818e-12
18.9 -1.90279e-11 -2.02991e-11 5.6627e-12 -7.31822e-12
18.925 -1.74744e-11 -1.86592e-11 5.22219e-12 -6.7185e-12
18.95 -1.6041e-11 -1.71446e-11 4.8138e-12 -6.16538e-12
18.975 -1.47189e-11 -1.57463e-11 4.43538e-12 -5.65548e-12
19 -1.35001e-11 -1.44562e-11 4.08491e-12 -5.18563e-12
19.025 -1.2377e-11 -1.32662e-11 3.76047e-12 -4.75287e-12
19.05 -1.13426e-11 -1.21692e-11 3.46029e-12 -4.35446e-12
19.075 -1.03903e-11 -1.11583e-11 3.18268e-12 -3.98782e-12
19.1 -9.51399e-12 -1.02272e-11 2.92608e-12 -3.65058e-12
19.125 -8.70796e-12 -9.37002e-12 2.68899e-12 -3.34051e-12
19.15 -7.96692e-12 -8.58116e-12 2.47006e-12 -3.05555e-12
19.175 -7.28593e-12 -7.85553e-12 2.26797e-12 -2.79378e-12
19.2 -6.66041e-12 -7.18836e-12 2.08153e-12 -2.55342e-12
19.225 -6.08609e-12 -6.5752e-12 1.9096e-12 -2.3328e-12
19.25 -5.55901e-12 -6.01192e-12 1.75113e-12 -2.1304e-12
19.275 -5.07551e-12 -5.4947e-12 1.60513e-12 -1.94479e-12
19.3 -4.63217e-12 -5.01998e-12 1.47068e-12 -1.77465e-12
19.325 -4.22585e-12 -4.58444e-12 1.34693e-12 -1.61875e-12
19.35 -3.8536e-12 -4.18503e-12 1.23308e-12 -1.47597e-12
19.375 -3.51273e-12 -3.8189e-12 1.12838e-12 -1.34526e-12
19.4 -3.20071e-12 -3.48343e-12 1.03214e-12 -1.22564e-12
19.425 -2.91524e-12 -3.17618e-12 9.43724e-13 -1.11623e-12
19.45 -2.65417e-12 -2.89489e-12 8.62522e-13 -1.01618e-12
19.475 -2.41551e-12 -2.63748e-12 7.87984e-13 -9.24748e-13
19.5 -2.19744e-12 -2.40202e-12 7.19592e-13 -8.41214e-13
19.525 -1.99826e-12 -2.18673e-12 6.56868e-13 -7.64932e-13
19.55 -1.81641e-12 -1.98997e-12 5.99368e-13 -6.95299e-13
19.575 -1.65046e-12 -1.8102e-12 5.46679e-13 -6.31762e-13
19.6 -1.49908e-12 -1.64604e-12 4.98421e-13 -5.73812e-13
19.625 -1.36104e-12 -1.4962e-12 4.5424e-13 -5.20978e-13
19.65 -1.23524e-12 -1.35947e-12 4.13808e-13 -4.72829e-13
19.675 -1.12062e-12 -1.23476e-12 3.76825e-13 -4.28967e-13
19.7 -1.01624e-12 -1.12106e-12 3.4301e-13 -3.89026e-13
19.725 -9.21221e-13 -1.01745e-12 3.12106e-13 -3.52671e-13
19.75 -8.34763e-13 -9.23057e-13 2.83873e-13 -3.19592e-13
19.775 -7.56127e-13 -8.37107e-13 2.58092e-13 -2.89507e-13
19.8 -6.84632e-13 -7.58872e-13 2.3456e-13 -2.62156e-13
19.825 -6.19659e-13 -6.8769e-13 2.1309e-13 -2.373e-13
19.85 -5.60635e-13 -6.2295e-13 1.93509e-13 -2.14721e-13
19.875 -5.07039e-13 -5.64093e-13 1.75659e-13 -1.94217e-13
19.9 -4.5839e-13 -5.10605e-13 1.59393e-13 -1.75606e-13
19.925 -4.14251e-13 -4.62016e-13 1.44577e-13 -1.5872e-13
19.95 -3.74219e-13 -4.17895e-13 1.31088e-13 -1.43404e-13
19.975 -3.37926e-13 -3.77847e-13 1.18811e-13 -1.29518e-13
20 -3.05037e-13 -3.4151e-13 1.07643e-13 -1.16934e-13
