0 2.64991e-12 2.61965e-12 -1.45923e-12 5.8021e-13
0.025 2.64991e-12 2.61965e-12 -1.45923e-12 5.8021e-13
0.05 1.05912e-11 1.04703e-11 -5.8328e-12 2.31876e-12
0.075 2.37988e-11 2.35272e-11 -1.31084e-11 5.2094e-12
0.1 4.22306e-11 4.17489e-11 -2.32654e-11 9.24177e-12
0.125 6.58285e-11 6.5078e-11 -3.62752e-11 1.44014e-11
0.15 9.45176e-11 9.34407e-11 -5.2101e-11 2.06698e-11
0.175 1.28207e-10 1.26748e-10 -7.06985e-11 2.80246e-11
0.2 1.66791e-10 1.64894e-10 -9.20151e-11 3.64394e-11
0.225 2.10148e-10 2.0776e-10 -1.15991e-10 4.58843e-11
0.25 2.58141e-10 2.5521e-10 -1.42559e-10 5.63255e-11
0.275 3.10619e-10 3.07097e-10 -1.71645e-10 6.7726e-11
0.3 3.67418e-10 3.63258e-10 -2.03168e-10 8.00453e-11
0.325 4.28362e-10 4.23519e-10 -2.37039e-10 9.32399e-11
0.35 4.93259e-10 4.87692e-10 -2.73165e-10 1.07263e-10
0.375 5.61909e-10 5.55577e-10 -3.11446e-10 1.22066e-10
0.4 6.34099e-10 6.26967e-10 -3.51776e-10 1.37596e-10
0.425 7.09606e-10 7.01641e-10 -3.94044e-10 1.53799e-10
0.45 7.882e-10 7.79371e-10 -4.38134e-10 1.70618e-10
0.475 8.69638e-10 8.5992e-10 -4.83926e-10 1.87997e-10
0.5 9.53675e-10 9.43043e-10 -5.31296e-10 2.05873e-10
0.525 1.04005e-09 1.02849e-09 -5.80115e-10 2.24187e-10
0.55 1.12852e-09 1.116e-09 -6.30251e-10 2.42875e-10
0.575 1.2188e-09 1.20532e-09 -6.81572e-10 2.61874e-10
0.6 1.31063e-09 1.29618e-09 -7.33939e-10 2.8112e-10
0.625 1.40374e-09 1.38831e-09 -7.87214e-10 3.00547e-10
0.65 1.49785e-09 1.48144e-09 -8.41257e-10 3.20092e-10
0.675 1.5927e-09 1.57531e-09 -8.95926e-10 3.3969e-10
0.7 1.688e-09 1.66963e-09 -9.51081e-10 3.59275e-10
0.725 1.78348e-09 1.76415e-09 -1.00658e-09 3.78785e-10
0.75 1.87888e-09 1.85859e-09 -1.06228e-09 3.98156e-10
0.775 1.97391e-09 1.95268e-09 -1.11803e-09 4.17326e-10
0.8 2.06833e-09 2.04618e-09 -1.17371e-09 4.36234e-10
0.825 2.16186e-09 2.13881e-09 -1.22917e-09 4.54822e-10
0.85 2.25426e-09 2.23033e-09 -1.28427e-09 4.73031e-10
0.875 2.34527e-09 2.3205e-09 -1.33888e-09 4.90806e-10
0.9 2.43465e-09 2.40906e-09 -1.39287e-09 5.08094e-10
0.925 2.52217e-09 2.4958e-09 -1.44612e-09 5.24842e-10
0.95 2.6076e-09 2.58049e-09 -1.49848e-09 5.41002e-10
0.975 2.69073e-09 2.66291e-09 -1.54985e-09 5.56528e-10
1 2.77135e-09 2.74286e-09 -1.60011e-09 5.71376e-10
1.025 2.84926e-09 2.82015e-09 -1.64914e-09 5.85506e-10
1.05 2.92428e-09 2.89459e-09 -1.69683e-09 5.98879e-10
1.075 2.99624e-09 2.96601e-09 -1.74309e-09 6.11461e-10
1.1 3.06496e-09 3.03425e-09 -1.78781e-09 6.23219e-10
1.125 3.13031e-09 3.09916e-09 -1.83091e-09 6.34127e-10
1.15 3.19213e-09 3.1606e-09 -1.87228e-09 6.44158e-10
1.175 3.25031e-09 3.21845e-09 -1.91187e-09 6.53291e-10
1.2 3.30473e-09 3.27259e-09 -1.94958e-09 6.61507e-10
1.225 3.3553e-09 3.32293e-09 -1.98535e-09 6.68792e-10
1.25 3.40192e-09 3.36937e-09 -2.01911e-09 6.75132e-10
1.275 3.44452e-09 3.41185e-09 -2.05081e-09 6.80521e-10
1.3 3.48303e-09 3.45031e-09 -2.0804e-09 6.84952e-10
1.325 3.51742e-09 3.48468e-09 -2.10784e-09 6.88424e-10
1.35 3.54765e-09 3.51495e-09 -2.13308e-09 6.90938e-10
1.375 3.57369e-09 3.54109e-09 -2.15609e-09 6.92498e-10
1.4 3.59553e-09 3.56308e-09 -2.17685e-09 6.93113e-10
1.425 3.61319e-09 3.58093e-09 -2.19534e-09 6.92791e-10
1.45 3.62666e-09 3.59465e-09 -2.21155e-09 6.91547e-10
1.475 3.63598e-09 3.60426e-09 -2.22547e-09 6.89397e-10
1.5 3.64118e-09 3.60981e-09 -2.2371e-09 6.86359e-10
1.525 3.64232e-09 3.61134e-09 -2.24644e-09 6.82454e-10
1.55 3.63945e-09 3.60891e-09 -2.2535e-09 6.77705e-10
1.575 3.63265e-09 3.60258e-09 -2.2583e-09 6.72139e-10
1.6 3.62198e-09 3.59244e-09 -2.26087e-09 6.65782e-10
1.625 3.60754e-09 3.57856e-09 -2.26123e-09 6.58666e-10
1.65 3.58943e-09 3.56105e-09 -2.25941e-09 6.5082e-10
1.675 3.56775e-09 3.54e-09 -2.25544e-09 6.42278e-10
1.7 3.54262e-09 3.51552e-09 -2.24937e-09 6.33074e-10
1.725 3.51414e-09 3.48774e-09 -2.24125e-09 6.23243e-10
1.75 3.48245e-09 3.45677e-09 -2.23112e-09 6.12824e-10
1.775 3.44768e-09 3.42274e-09 -2.21904e-09 6.01852e-10
1.8 3.40996e-09 3.38579e-09 -2.20506e-09 5.90366e-10
1.825 3.36943e-09 3.34606e-09 -2.18925e-09 5.78405e-10
1.85 3.32624e-09 3.30368e-09 -2.17166e-09 5.66009e-10
1.875 3.28053e-09 3.2588e-09 -2.15236e-09 5.53217e-10
1.9 3.23246e-09 3.21157e-09 -2.13143e-09 5.40069e-10
1.925 3.18218e-09 3.16214e-09 -2.10893e-09 5.26604e-10
1.95 3.12984e-09 3.11065e-09 -2.08493e-09 5.12862e-10
1.975 3.07559e-09 3.05728e-09 -2.05951e-09 4.98882e-10
2 3.0196e-09 3.00215e-09 -2.03275e-09 4.84702e-10
2.025 2.96201e-09 2.94543e-09 -2.00471e-09 4.70361e-10
2.05 2.90298e-09 2.88728e-09 -1.97549e-09 4.55896e-10
2.075 2.84267e-09 2.82783e-09 -1.94515e-09 4.41342e-10
2.1 2.78122e-09 2.76725e-09 -1.91378e-09 4.26737e-10
2.125 2.71879e-09 2.70568e-09 -1.88145e-09 4.12113e-10
2.15 2.65552e-09 2.64326e-09 -1.84824e-09 3.97505e-10
2.175 2.59156e-09 2.58013e-09 -1.81424e-09 3.82944e-10
2.2 2.52704e-09 2.51644e-09 -1.77952e-09 3.68462e-10
2.225 2.46212e-09 2.45232e-09 -1.74415e-09 3.54087e-10
2.25 2.3969e-09 2.38791e-09 -1.70821e-09 3.39847e-10
2.275 2.33154e-09 2.32332e-09 -1.67179e-09 3.25769e-10
2.3 2.26615e-09 2.2587e-09 -1.63494e-09 3.11878e-10
2.325 2.20085e-09 2.19414e-09 -1.59775e-09 2.98197e-10
2.35 2.13577e-09 2.12977e-09 -1.56028e-09 2.84747e-10
2.375 2.071e-09 2.0657e-09 -1.5226e-09 2.7155e-10
2.4 2.00665e-09 2.00203e-09 -1.48478e-09 2.58623e-10
2.425 1.94282e-09 1.93885e-09 -1.44689e-09 2.45983e-10
2.45 1.87961e-09 1.87627e-09 -1.40898e-09 2.33645e-10
2.475 1.81711e-09 1.81437e-09 -1.37112e-09 2.21624e-10
2.5 1.75539e-09 1.75323e-09 -1.33337e-09 2.09932e-10
2.525 1.69454e-09 1.69293e-09 -1.29577e-09 1.98577e-10
2.55 1.63462e-09 1.63354e-09 -1.25839e-09 1.87571e-10
2.575 1.5757e-09 1.57512e-09 -1.22128e-09 1.7692e-10
2.6 1.51785e-09 1.51773e-09 -1.18448e-09 1.6663e-10
2.625 1.46111e-09 1.46144e-09 -1.14803e-09 1.56705e-10
2.65 1.40553e-09 1.40629e-09 -1.11199e-09 1.47149e-10
2.675 1.35117e-09 1.35231e-09 -1.07638e-09 1.37964e-10
2.7 1.29805e-09 1.29956e-09 -1.04126e-09 1.2915e-10
2.725 1.24621e-09 1.24807e-09 -1.00665e-09 1.20707e-10
2.75 1.19568e-09 1.19785e-09 -9.72586e-10 1.12633e-10
2.775 1.14649e-09 1.14895e-09 -9.39096e-10 1.04925e-10
2.8 1.09864e-09 1.10137e-09 -9.0621e-10 9.75795e-11
2.825 1.05216e-09 1.05513e-09 -8.7395e-10 9.05913e-11
2.85 1.00706e-09 1.01025e-09 -8.42339e-10 8.39551e-11
2.875 9.63341e-10 9.66726e-10 -8.11398e-10 7.76643e-11
2.9 9.21006e-10 9.24565e-10 -7.81142e-10 7.17117e-11
2.925 8.80054e-10 8.83767e-10 -7.51587e-10 6.60896e-11
2.95 8.4048e-10 8.44325e-10 -7.22747e-10 6.07894e-11
2.975 8.02276e-10 8.06234e-10 -6.9463e-10 5.58021e-11
3 7.6543e-10 7.69483e-10 -6.67246e-10 5.11184e-11
3.025 7.29929e-10 7.34058e-10 -6.40602e-10 4.67284e-11
3.05 6.95755e-10 6.99944e-10 -6.14701e-10 4.26218e-11
3.075 6.6289e-10 6.67122e-10 -5.89546e-10 3.87883e-11
3.1 6.31312e-10 6.35572e-10 -5.65138e-10 3.52171e-11
3.125 6.00997e-10 6.05271e-10 -5.41477e-10 3.18973e-11
3.15 5.71921e-10 5.76195e-10 -5.18559e-10 2.88182e-11
3.175 5.44057e-10 5.48318e-10 -4.96381e-10 2.59685e-11
3.2 5.17376e-10 5.21613e-10 -4.74938e-10 2.33374e-11
3.225 4.91849e-10 4.96051e-10 -4.54223e-10 2.09139e-11
3.25 4.67445e-10 4.71602e-10 -4.34228e-10 1.86871e-11
3.275 4.44134e-10 4.48237e-10 -4.14944e-10 1.66462e-11
3.3 4.21882e-10 4.25923e-10 -3.96361e-10 1.47806e-11
3.325 4.00658e-10 4.04629e-10 -3.78469e-10 1.308e-11
3.35 3.80429e-10 3.84322e-10 -3.61254e-10 1.15342e-11
3.375 3.6116e-10 3.64971e-10 -3.44704e-10 1.01332e-11
3.4 3.42819e-10 3.46542e-10 -3.28807e-10 8.86747e-12
3.425 3.25373e-10 3.29002e-10 -3.13547e-10 7.72759e-12
3.45 3.08787e-10 3.12319e-10 -2.9891e-10 6.70458e-12
3.475 2.93029e-10 2.96461e-10 -2.84882e-10 5.78974e-12
3.5 2.78066e-10 2.81395e-10 -2.71446e-10 4.97474e-12
3.525 2.63865e-10 2.6709e-10 -2.58586e-10 4.25162e-12
3.55 2.50395e-10 2.53513e-10 -2.46288e-10 3.61276e-12
3.575 2.37625e-10 2.40635e-10 -2.34533e-10 3.05092e-12
3.6 2.25523e-10 2.28424e-10 -2.23306e-10 2.55926e-12
3.625 2.14059e-10 2.16852e-10 -2.1259e-10 2.13129e-12
3.65 2.03204e-10 2.0589e-10 -2.02368e-10 1.7609e-12
3.675 1.9293e-10 1.95508e-10 -1.92623e-10 1.44235e-12
3.7 1.83209e-10 1.8568e-10 -1.8334e-10 1.1703e-12
3.725 1.74014e-10 1.7638e-10 -1.74501e-10 9.39727e-13
3.75 1.65319e-10 1.67581e-10 -1.66089e-10 7.45991e-13
3.775 1.57099e-10 1.59259e-10 -1.58089e-10 5.84786e-13
3.8 1.49329e-10 1.51389e-10 -1.50485e-10 4.52144e-13
3.825 1.41987e-10 1.43949e-10 -1.43261e-10 3.44421e-13
3.85 1.35049e-10 1.36917e-10 -1.364e-10 2.58283e-13
3.875 1.28495e-10 1.3027e-10 -1.29888e-10 1.90694e-13
3.9 1.22303e-10 1.23988e-10 -1.23711e-10 1.38902e-13
3.925 1.16455e-10 1.18053e-10 -1.17852e-10 1.00429e-13
3.95 1.10931e-10 1.12444e-10 -1.12298e-10 7.30489e-14
3.975 1.05712e-10 1.07145e-10 -1.07035e-10 5.47807e-14
4 1.00783e-10 1.02137e-10 -1.0205e-10 4.38681e-14
4.025 9.6127e-11 9.74059e-11 -9.73284e-11 3.87674e-14
4.05 9.1728e-11 9.29347e-11 -9.28585e-11 3.81319e-14
4.075 8.75716e-11 8.87091e-11 -8.86275e-11 4.07972e-14
4.1 8.36438e-11 8.47151e-11 -8.46235e-11 4.57672e-14
4.125 7.99314e-11 8.09394e-11 -8.0835e-11 5.22e-14
4.15 7.64219e-11 7.73696e-11 -7.72508e-11 5.93936e-14
4.175 7.31034e-11 7.39937e-11 -7.38601e-11 6.67733e-14
4.2 6.99648e-11 7.08004e-11 -7.06527e-11 7.38789e-14
4.225 6.69954e-11 6.77792e-11 -6.76185e-11 8.03521e-14
4.25 6.41853e-11 6.49199e-11 -6.4748e-11 8.59249e-14
4.275 6.1525e-11 6.2213e-11 -6.20322e-11 9.0409e-14
4.3 5.90057e-11 5.96497e-11 -5.94623e-11 9.36849e-14
4.325 5.6619e-11 5.72213e-11 -5.70299e-11 9.56924e-14
4.35 5.4357e-11 5.492e-11 -5.47271e-11 9.64214e-14
4.375 5.22122e-11 5.27381e-11 -5.25463e-11 9.59036e-14
4.4 5.01777e-11 5.06687e-11 -5.04803e-11 9.42046e-14
4.425 4.82468e-11 4.8705e-11 -4.85222e-11 9.14168e-14
4.45 4.64134e-11 4.68407e-11 -4.66654e-11 8.76531e-14
4.475 4.46715e-11 4.50698e-11 -4.49037e-11 8.30409e-14
4.5 4.30158e-11 4.33868e-11 -4.32314e-11 7.77172e-14
4.525 4.14409e-11 4.17864e-11 -4.16427e-11 7.18238e-14
4.55 3.9942e-11 4.02636e-11 -4.01326e-11 6.55034e-14
4.575 3.85145e-11 3.88137e-11 -3.86959e-11 5.88962e-14
4.6 3.71541e-11 3.74324e-11 -3.73281e-11 5.2137e-14
4.625 3.58566e-11 3.61154e-11 -3.60247e-11 4.53527e-14
4.65 3.46184e-11 3.48589e-11 -3.47815e-11 3.86607e-14
4.675 3.34357e-11 3.36591e-11 -3.35948e-11 3.21668e-14
4.7 3.23051e-11 3.25126e-11 -3.24607e-11 2.59646e-14
4.725 3.12234e-11 3.14161e-11 -3.13759e-11 2.01346e-14
4.75 3.01877e-11 3.03666e-11 -3.03371e-11 1.47439e-14
4.775 2.9195e-11 2.93611e-11 -2.93414e-11 9.84573e-15
4.8 2.82427e-11 2.83968e-11 -2.83859e-11 5.48014e-15
4.825 2.73283e-11 2.74714e-11 -2.7468e-11 1.67394e-15
4.85 2.64495e-11 2.65822e-11 -2.65853e-11 -1.5585e-15
4.875 2.56039e-11 2.57271e-11 -2.57355e-11 -4.21454e-15
4.9 2.47896e-11 2.49039e-11 -2.49165e-11 -6.30239e-15
4.925 2.40045e-11 2.41107e-11 -2.41264e-11 -7.84011e-15
4.95 2.32468e-11 2.33455e-11 -2.33633e-11 -8.85453e-15
4.975 2.25149e-11 2.26067e-11 -2.26255e-11 -9.38008e-15
5 2.18071e-11 2.18926e-11 -2.19115e-11 -9.45765e-15
5.025 2.1122e-11 2.12016e-11 -2.12199e-11 -9.13334e-15
5.05 2.04581e-11 2.05324e-11 -2.05493e-11 -8.45736e-15
5.075 1.98141e-11 1.98837e-11 -1.98986e-11 -7.48277e-15
5.1 1.91889e-11 1.92541e-11 -1.92667e-11 -6.26442e-15
5.125 1.85814e-11 1.86427e-11 -1.86524e-11 -4.85783e-15
5.15 1.79906e-11 1.80484e-11 -1.8055e-11 -3.31821e-15
5.175 1.74154e-11 1.74701e-11 -1.74735e-11 -1.69948e-15
5.2 1.68551e-11 1.69071e-11 -1.69072e-11 -5.34619e-17
5.225 1.63089e-11 1.63585e-11 -1.63553e-11 1.57094e-15
5.25 1.5776e-11 1.58236e-11 -1.58173e-11 3.1284e-15
5.275 1.52559e-11 1.53018e-11 -1.52926e-11 4.57774e-15
5.3 1.47479e-11 1.47924e-11 -1.47806e-11 5.88246e-15
5.325 1.42516e-11 1.4295e-11 -1.42809e-11 7.01107e-15
5.35 1.37664e-11 1.3809e-11 -1.37931e-11 7.93745e-15
5.375 1.3292e-11 1.3334e-11 -1.33168e-11 8.64099e-15
5.4 1.28281e-11 1.28698e-11 -1.28516e-11 9.10673e-15
5.425 1.23742e-11 1.24158e-11 -1.23972e-11 9.32539e-15
5.45 1.19303e-11 1.1972e-11 -1.19534e-11 9.29327e-15
5.475 1.14959e-11 1.1538e-11 -1.152e-11 9.01217e-15
5.5 1.1071e-11 1.11136e-11 -1.10967e-11 8.48913e-15
5.525 1.06554e-11 1.06988e-11 -1.06833e-11 7.73618e-15
5.55 1.0249e-11 1.02932e-11 -1.02797e-11 6.77002e-15
5.575 9.85172e-12 9.89691e-12 -9.88568e-12 5.61162e-15
5.6 9.46342e-12 9.50976e-12 -9.50118e-12 4.28584e-15
5.625 9.0841e-12 9.1317e-12 -9.12605e-12 2.8209e-15
5.65 8.71372e-12 8.76268e-12 -8.76019e-12 1.24797e-15
5.675 8.35227e-12 8.40269e-12 -8.40349e-12 -3.99356e-16
5.7 7.99974e-12 8.0517e-12 -8.05587e-12 -2.0856e-15
5.725 7.65615e-12 7.7097e-12 -7.71725e-12 -3.77391e-15
5.75 7.32151e-12 7.3767e-12 -7.38755e-12 -5.42657e-15
5.775 6.99583e-12 7.05269e-12 -7.0667e-12 -7.00553e-15
5.8 6.67914e-12 6.7377e-12 -6.75464e-12 -8.47291e-15
5.825 6.37145e-12 6.43171e-12 -6.4513e-12 -9.79149e-15
5.85 6.07279e-12 6.13475e-12 -6.1566e-12 -1.09252e-14
5.875 5.78318e-12 5.84681e-12 -5.87049e-12 -1.18394e-14
5.9 5.50261e-12 5.56789e-12 -5.59289e-12 -1.25016e-14
5.925 5.2311e-12 5.29798e-12 -5.32374e-12 -1.28815e-14
5.95 4.96863e-12 5.03707e-12 -5.06297e-12 -1.29517e-14
5.975 4.7152e-12 4.78512e-12 -4.81049e-12 -1.26874e-14
6 4.47077e-12 4.5421e-12 -4.56624e-12 -1.20673e-14
6.025 4.23531e-12 4.30797e-12 -4.33012e-12 -1.10735e-14
6.05 4.00876e-12 4.08267e-12 -4.10205e-12 -9.69179e-15
6.075 3.79107e-12 3.86612e-12 -3.88194e-12 -7.91151e-15
6.1 3.58216e-12 3.65824e-12 -3.66969e-12 -5.72597e-15
6.125 3.38194e-12 3.45894e-12 -3.46521e-12 -3.13232e-15
6.15 3.1903e-12 3.26811e-12 -3.26837e-12 -1.31577e-16
6.175 3.00714e-12 3.08562e-12 -3.07907e-12 3.27138e-15
6.2 2.83231e-12 2.91134e-12 -2.8972e-12 7.06793e-15
6.225 2.66568e-12 2.74512e-12 -2.72263e-12 1.12458e-14
6.25 2.50709e-12 2.58682e-12 -2.55524e-12 1.57891e-14
6.275 2.35637e-12 2.43625e-12 -2.39489e-12 2.06788e-14
6.3 2.21335e-12 2.29323e-12 -2.24145e-12 2.58927e-14
6.325 2.07783e-12 2.15758e-12 -2.09477e-12 3.14054e-14
6.35 1.94961e-12 2.02909e-12 -1.95471e-12 3.71893e-14
6.375 1.82848e-12 1.90756e-12 -1.82113e-12 4.32141e-14
6.4 1.71423e-12 1.79277e-12 -1.69387e-12 4.94474e-14
6.425 1.60662e-12 1.68449e-12 -1.57278e-12 5.58553e-14
6.45 1.50543e-12 1.5825e-12 -1.4577e-12 6.2402e-14
6.475 1.41042e-12 1.48656e-12 -1.34846e-12 6.90508e-14
6.5 1.32134e-12 1.39643e-12 -1.2449e-12 7.57639e-14
6.525 1.23795e-12 1.31187e-12 -1.14687e-12 8.25033e-14
6.55 1.16e-12 1.23264e-12 -1.05418e-12 8.92305e-14
6.575 1.08723e-12 1.15849e-12 -9.66679e-13 9.5907e-14
6.6 1.01941e-12 1.08918e-12 -8.84193e-13 1.02495e-13
6.625 9.56269e-13 1.02447e-12 -8.06552e-13 1.08957e-13
6.65 8.9757e-13 9.64101e-13 -7.33588e-13 1.15256e-13
6.675 8.43063e-13 9.07848e-13 -6.65131e-13 1.21358e-13
6.7 7.92506e-13 8.55472e-13 -6.01013e-13 1.27229e-13
6.725 7.45658e-13 8.06739e-13 -5.41066e-13 1.32836e-13
6.75 7.02286e-13 7.61424e-13 -4.85124e-13 1.3815e-13
6.775 6.62161e-13 7.19305e-13 -4.33021e-13 1.43142e-13
6.8 6.25061e-13 6.80167e-13 -3.84594e-13 1.47787e-13
6.825 5.90769e-13 6.43802e-13 -3.39683e-13 1.5206e-13
6.85 5.59077e-13 6.1001e-13 -2.98127e-13 1.55941e-13
6.875 5.29786e-13 5.78597e-13 -2.59773e-13 1.59412e-13
6.9 5.02702e-13 5.49379e-13 -2.24464e-13 1.62457e-13
6.925 4.77643e-13 5.22179e-13 -1.92053e-13 1.65063e-13
6.95 4.54434e-13 4.96831e-13 -1.62391e-13 1.6722e-13
6.975 4.32911e-13 4.73175e-13 -1.35334e-13 1.68921e-13
7 4.12916e-13 4.51063e-13 -1.10743e-13 1.7016e-13
7.025 3.94304e-13 4.30355e-13 -8.84816e-14 1.70937e-13
7.05 3.76938e-13 4.10919e-13 -6.84164e-14 1.71251e-13
7.075 3.60691e-13 3.92635e-13 -5.04192e-14 1.71108e-13
7.1 3.45446e-13 3.75389e-13 -3.43654e-14 1.70512e-13
7.125 3.31092e-13 3.59078e-13 -2.01344e-14 1.69472e-13
7.15 3.17532e-13 3.43608e-13 -7.60999e-15 1.67999e-13
7.175 3.04675e-13 3.28893e-13 3.32001e-15 1.66106e-13
7.2 2.92439e-13 3.14855e-13 1.27634e-14 1.63809e-13
7.225 2.80751e-13 3.01424e-13 2.0824e-14 1.61124e-13
7.25 2.69547e-13 2.88539e-13 2.76009e-14 1.5807e-13
7.275 2.5877e-13 2.76145e-13 3.31896e-14 1.54667e-13
7.3 2.48369e-13 2.64195e-13 3.76808e-14 1.50938e-13
7.325 2.38301e-13 2.52648e-13 4.11614e-14 1.46905e-13
7.35 2.28532e-13 2.4147e-13 4.37142e-14 1.42592e-13
7.375 2.19031e-13 2.30632e-13 4.54177e-14 1.38025e-13
7.4 2.09773e-13 2.20111e-13 4.63466e-14 1.33229e-13
7.425 2.00741e-13 2.09888e-13 4.65719e-14 1.2823e-13
7.45 1.91919e-13 1.9995e-13 4.61603e-14 1.23055e-13
7.475 1.83299e-13 1.90287e-13 4.51752e-14 1.17731e-13
7.5 1.74875e-13 1.80892e-13 4.36762e-14 1.12284e-13
7.525 1.66644e-13 1.71764e-13 4.17196e-14 1.06742e-13
7.55 1.58608e-13 1.62901e-13 3.93579e-14 1.01129e-13
7.575 1.50769e-13 1.54306e-13 3.66406e-14 9.54733e-14
7.6 1.43135e-13 1.45983e-13 3.3614e-14 8.97986e-14
7.625 1.35712e-13 1.37938e-13 3.03214e-14 8.41298e-14
7.65 1.28509e-13 1.30178e-13 2.68029e-14 7.84907e-14
7.675 1.21537e-13 1.22712e-13 2.30961e-14 7.29039e-14
7.7 1.14807e-13 1.15547e-13 1.92357e-14 6.73911e-14
7.725 1.08329e-13 1.08692e-13 1.52539e-14 6.19728e-14
7.75 1.02116e-13 1.02156e-13 1.11804e-14 5.66684e-14
7.775 9.61782e-14 9.59488e-14 7.04255e-15 5.14957e-14
7.8 9.05271e-14 9.00772e-14 2.86561e-15 4.64714e-14
7.825 8.51729e-14 8.45491e-14 -1.32739e-15 4.16108e-14
7.85 8.01251e-14 7.93709e-14 -5.51538e-15 3.69278e-14
7.875 7.53921e-14 7.45482e-14 -9.67916e-15 3.24345e-14
7.9 7.09813e-14 7.00853e-14 -1.38013e-14 2.8142e-14
7.925 6.68988e-14 6.59852e-14 -1.78661e-14 2.40596e-14
7.95 6.31491e-14 6.22497e-14 -2.18594e-14 2.01952e-14
7.975 5.97356e-14 5.88789e-14 -2.57684e-14 1.65553e-14
8 5.66597e-14 5.58715e-14 -2.95818e-14 1.31449e-14
8.025 5.39217e-14 5.32247e-14 -3.32896e-14 9.96757e-15
8.05 5.15199e-14 5.09343e-14 -3.6883e-14 7.02565e-15
8.075 4.94512e-14 4.89942e-14 -4.03542e-14 4.31998e-15
8.1 4.77109e-14 4.7397e-14 -4.36966e-14 1.8502e-15
8.125 4.62925e-14 4.6134e-14 -4.69046e-14 -3.85285e-16
8.15 4.51884e-14 4.51947e-14 -4.99732e-14 -2.38923e-15
8.175 4.43892e-14 4.45676e-14 -5.28986e-14 -4.16547e-15
8.2 4.38842e-14 4.42397e-14 -5.56775e-14 -5.7189e-15
8.225 4.36613e-14 4.41969e-14 -5.83075e-14 -7.05533e-15
8.25 4.37074e-14 4.44238e-14 -6.07868e-14 -8.18147e-15
8.275 4.40082e-14 4.49044e-14 -6.31141e-14 -9.10483e-15
8.3 4.45481e-14 4.56216e-14 -6.52888e-14 -9.83362e-15
8.325 4.5311e-14 4.65573e-14 -6.73107e-14 -1.03767e-14
8.35 4.62798e-14 4.76931e-14 -6.91802e-14 -1.07436e-14
8.375 4.74367e-14 4.90099e-14 -7.0898e-14 -1.0944e-14
8.4 4.87636e-14 5.04883e-14 -7.24653e-14 -1.09885e-14
8.425 5.02416e-14 5.21083e-14 -7.38834e-14 -1.08876e-14
8.45 5.18517e-14 5.38501e-14 -7.51544e-14 -1.06521e-14
8.475 5.35748e-14 5.56937e-14 -7.62803e-14 -1.02933e-14
8.5 5.53916e-14 5.7619e-14 -7.72634e-14 -9.82222e-15
8.525 5.72828e-14 5.96063e-14 -7.81065e-14 -9.25012e-15
8.55 5.92295e-14 6.16361e-14 -7.88125e-14 -8.58819e-15
8.575 6.12128e-14 6.36892e-14 -7.93842e-14 -7.84753e-15
8.6 6.32143e-14 6.57469e-14 -7.98251e-14 -7.0391e-15
8.625 6.52162e-14 6.77913e-14 -8.01385e-14 -6.17363e-15
8.65 6.72009e-14 6.98047e-14 -8.0328e-14 -5.26164e-15
8.675 6.91518e-14 7.17707e-14 -8.03972e-14 -4.3133e-15
8.7 7.10528e-14 7.36731e-14 -8.03501e-14 -3.33847e-15
8.725 7.28886e-14 7.54971e-14 -8.01903e-14 -2.34661e-15
8.75 7.4645e-14 7.72285e-14 -7.9922e-14 -1.34678e-15
8.775 7.63083e-14 7.88541e-14 -7.95492e-14 -3.47563e-16
8.8 7.78661e-14 8.03619e-14 -7.90761e-14 6.42904e-16
8.825 7.93068e-14 8.17408e-14 -7.85068e-14 1.617e-15
8.85 8.06199e-14 8.29807e-14 -7.78455e-14 2.5676e-15
8.875 8.17959e-14 8.40727e-14 -7.70965e-14 3.48813e-15
8.9 8.28264e-14 8.50091e-14 -7.62641e-14 4.37253e-15
8.925 8.3704e-14 8.57832e-14 -7.53525e-14 5.21531e-15
8.95 8.44225e-14 8.63892e-14 -7.43662e-14 6.01152e-15
8.975 8.49766e-14 8.68228e-14 -7.33093e-14 6.75676e-15
9 8.53623e-14 8.70805e-14 -7.21861e-14 7.44716e-15
9.025 8.55765e-14 8.71599e-14 -7.1001e-14 8.07941e-15
9.05 8.56171e-14 8.70597e-14 -6.97582e-14 8.65072e-15
9.075 8.54831e-14 8.67796e-14 -6.84619e-14 9.15882e-15
9.1 8.51743e-14 8.63202e-14 -6.71163e-14 9.60195e-15
9.125 8.46917e-14 8.56832e-14 -6.57255e-14 9.97884e-15
9.15 8.4037e-14 8.48709e-14 -6.42936e-14 1.02887e-14
9.175 8.32127e-14 8.38867e-14 -6.28246e-14 1.05311e-14
9.2 8.22224e-14 8.27347e-14 -6.13225e-14 1.07061e-14
9.225 8.10701e-14 8.14197e-14 -5.97911e-14 1.08143e-14
9.25 7.97607e-14 7.99472e-14 -5.82342e-14 1.08565e-14
9.275 7.82998e-14 7.83235e-14 -5.66557e-14 1.08339e-14
9.3 7.66935e-14 7.65551e-14 -5.5059e-14 1.0748e-14
9.325 7.49485e-14 7.46494e-14 -5.34479e-14 1.06008e-14
9.35 7.30718e-14 7.26141e-14 -5.18257e-14 1.03942e-14
9.375 7.10712e-14 7.04573e-14 -5.01957e-14 1.01308e-14
9.4 6.89547e-14 6.81875e-14 -4.85613e-14 9.81311e-15
9.425 6.67304e-14 6.58134e-14 -4.69255e-14 9.44394e-15
9.45 6.44069e-14 6.3344e-14 -4.52914e-14 9.02628e-15
9.475 6.19932e-14 6.07884e-14 -4.36619e-14 8.56326e-15
9.5 5.9498e-14 5.8156e-14 -4.20398e-14 8.05813e-15
9.525 5.69304e-14 5.54562e-14 -4.04277e-14 7.51424e-15
9.55 5.42996e-14 5.26984e-14 -3.88283e-14 6.93503e-15
9.575 5.16147e-14 4.98918e-14 -3.72439e-14 6.32396e-15
9.6 4.88847e-14 4.70459e-14 -3.56768e-14 5.68454e-15
9.625 4.61187e-14 4.41699e-14 -3.41293e-14 5.02031e-15
9.65 4.33256e-14 4.12728e-14 -3.26033e-14 4.33475e-15
9.675 4.05141e-14 3.83635e-14 -3.11007e-14 3.63137e-15
9.7 3.76928e-14 3.54506e-14 -2.96235e-14 2.91358e-15
9.725 3.48701e-14 3.25426e-14 -2.81731e-14 2.18476e-15
9.75 3.20539e-14 2.96476e-14 -2.67512e-14 1.44822e-15
9.775 2.92521e-14 2.67735e-14 -2.53592e-14 7.07155e-16
9.8 2.64723e-14 2.39277e-14 -2.39983e-14 -3.5327e-17
9.825 2.37215e-14 2.11173e-14 -2.26697e-14 -7.76235e-16
9.85 2.10066e-14 1.83491e-14 -2.13745e-14 -1.5127e-15
9.875 1.8334e-14 1.56296e-14 -2.01136e-14 -2.24199e-15
9.9 1.57099e-14 1.29647e-14 -1.88877e-14 -2.9615e-15
9.925 1.314e-14 1.036e-14 -1.76976e-14 -3.6688e-15
9.95 1.06294e-14 7.82068e-15 -1.65438e-14 -4.36156e-15
9.975 8.18322e-15 5.3515e-15 -1.54268e-14 -5.03767e-15
10 5.80583e-15 2.95678e-15 -1.4347e-14 -5.69512e-15
10.025 3.50133e-15 6.40435e-16 -1.33046e-14 -6.33209e-15
10.05 1.2734e-15 -1.59404e-15 -1.22998e-14 -6.94692e-15
10.075 -8.74705e-16 -3.74356e-15 -1.13327e-14 -7.53811e-15
10.1 -2.94013e-15 -5.80548e-15 -1.04031e-14 -8.1043e-15
10.125 -4.9204e-15 -7.77753e-15 -9.51113e-15 -8.64433e-15
10.15 -6.81345e-15 -9.65786e-15 -8.65646e-15 -9.15716e-15
10.175 -8.61759e-15 -1.1445e-14 -7.83885e-15 -9.64192e-15
10.2 -1.03315e-14 -1.31378e-14 -7.05796e-15 -1.00979e-14
10.225 -1.19542e-14 -1.47356e-14 -6.31338e-15 -1.05245e-14
10.25 -1.34851e-14 -1.62379e-14 -5.60464e-15 -1.09213e-14
10.275 -1.49239e-14 -1.76448e-14 -4.93118e-15 -1.1288e-14
10.3 -1.62707e-14 -1.89564e-14 -4.29242e-15 -1.16244e-14
10.325 -1.75257e-14 -2.01733e-14 -3.68771e-15 -1.19305e-14
10.35 -1.86897e-14 -2.12965e-14 -3.11637e-15 -1.22064e-14
10.375 -1.97634e-14 -2.23269e-14 -2.57764e-15 -1.24523e-14
10.4 -2.07481e-14 -2.3266e-14 -2.07076e-15 -1.26684e-14
10.425 -2.16452e-14 -2.41153e-14 -1.59491e-15 -1.28551e-14
10.45 -2.24562e-14 -2.48768e-14 -1.14925e-15 -1.3013e-14
10.475 -2.3183e-14 -2.55523e-14 -7.32904e-16 -1.31426e-14
10.5 -2.38275e-14 -2.61442e-14 -3.44989e-16 -1.32446e-14
10.525 -2.4392e-14 -2.66546e-14 1.54128e-17 -1.33196e-14
10.55 -2.48788e-14 -2.70863e-14 3.4923e-16 -1.33685e-14
10.575 -2.52902e-14 -2.74418e-14 6.57404e-16 -1.33922e-14
10.6 -2.56289e-14 -2.77238e-14 9.40886e-16 -1.33914e-14
10.625 -2.58976e-14 -2.79351e-14 1.20063e-15 -1.33673e-14
10.65 -2.60991e-14 -2.80788e-14 1.4376e-15 -1.33206e-14
10.675 -2.6236e-14 -2.81578e-14 1.65276e-15 -1.32525e-14
10.7 -2.63115e-14 -2.81751e-14 1.84705e-15 -1.3164e-14
10.725 -2.63283e-14 -2.81339e-14 2.02144e-15 -1.30562e-14
10.75 -2.62895e-14 -2.80371e-14 2.17687e-15 -1.29301e-14
10.775 -2.61981e-14 -2.7888e-14 2.31427e-15 -1.27869e-14
10.8 -2.6057e-14 -2.76896e-14 2.43456e-15 -1.26275e-14
10.825 -2.58693e-14 -2.7445e-14 2.53866e-15 -1.24531e-14
10.85 -2.56378e-14 -2.71572e-14 2.62745e-15 -1.22649e-14
10.875 -2.53656e-14 -2.68295e-14 2.70181e-15 -1.20638e-14
10.9 -2.50556e-14 -2.64646e-14 2.7626e-15 -1.1851e-14
10.925 -2.47106e-14 -2.60656e-14 2.81066e-15 -1.16275e-14
10.95 -2.43335e-14 -2.56354e-14 2.8468e-15 -1.13943e-14
10.975 -2.3927e-14 -2.51767e-14 2.8718e-15 -1.11524e-14
11 -2.34938e-14 -2.46923e-14 2.88645e-15 -1.09029e-14
11.025 -2.30364e-14 -2.4185e-14 2.89148e-15 -1.06467e-14
11.05 -2.25576e-14 -2.36572e-14 2.88762e-15 -1.03848e-14
11.075 -2.20596e-14 -2.31115e-14 2.87556e-15 -1.01179e-14
11.1 -2.1545e-14 -2.25502e-14 2.85596e-15 -9.84713e-15
11.125 -2.10159e-14 -2.19758e-14 2.82948e-15 -9.57315e-15
11.15 -2.04746e-14 -2.13904e-14 2.79672e-15 -9.29681e-15
11.175 -1.99232e-14 -2.07961e-14 2.75828e-15 -9.01889e-15
11.2 -1.93637e-14 -2.01949e-14 2.71472e-15 -8.7401e-15
11.225 -1.8798e-14 -1.95889e-14 2.66658e-15 -8.46115e-15
11.25 -1.82278e-14 -1.89797e-14 2.61437e-15 -8.18267e-15
11.275 -1.7655e-14 -1.83692e-14 2.55857e-15 -7.9053e-15
11.3 -1.70811e-14 -1.77588e-14 2.49964e-15 -7.6296e-15
11.325 -1.65077e-14 -1.71502e-14 2.43801e-15 -7.35612e-15
11.35 -1.59362e-14 -1.65448e-14 2.3741e-15 -7.08536e-15
11.375 -1.53679e-14 -1.59439e-14 2.30829e-15 -6.81778e-15
11.4 -1.4804e-14 -1.53486e-14 2.24093e-15 -6.55382e-15
11.425 -1.42457e-14 -1.47601e-14 2.17238e-15 -6.29388e-15
11.45 -1.3694e-14 -1.41795e-14 2.10293e-15 -6.0383e-15
11.475 -1.315e-14 -1.36077e-14 2.03289e-15 -5.78742e-15
11.5 -1.26144e-14 -1.30456e-14 1.96253e-15 -5.54153e-15
11.525 -1.20881e-14 -1.24939e-14 1.89209e-15 -5.30089e-15
11.55 -1.15719e-14 -1.19533e-14 1.82181e-15 -5.06574e-15
11.575 -1.10662e-14 -1.14244e-14 1.75191e-15 -4.83626e-15
11.6 -1.05718e-14 -1.09078e-14 1.68256e-15 -4.61264e-15
11.625 -1.0089e-14 -1.0404e-14 1.61396e-15 -4.39502e-15
11.65 -9.61839e-15 -9.91328e-15 1.54625e-15 -4.18351e-15
11.675 -9.16025e-15 -9.43603e-15 1.47959e-15 -3.97822e-15
11.7 -8.71489e-15 -8.97252e-15 1.4141e-15 -3.77921e-15
11.725 -8.28256e-15 -8.52296e-15 1.34989e-15 -3.58653e-15
11.75 -7.86345e-15 -8.08751e-15 1.28707e-15 -3.40022e-15
11.775 -7.45768e-15 -7.66627e-15 1.22572e-15 -3.22027e-15
11.8 -7.06534e-15 -7.25928e-15 1.16592e-15 -3.04668e-15
11.825 -6.68648e-15 -6.86658e-15 1.10772e-15 -2.87943e-15
11.85 -6.32109e-15 -6.48811e-15 1.05119e-15 -2.71846e-15
11.875 -5.96912e-15 -6.12381e-15 9.9636e-16 -2.56372e-15
11.9 -5.63051e-15 -5.77357e-15 9.43267e-16 -2.41515e-15
11.925 -5.30513e-15 -5.43724e-15 8.91935e-16 -2.27265e-15
11.95 -4.99284e-15 -5.11466e-15 8.4238e-16 -2.13614e-15
11.975 -4.69348e-15 -4.80563e-15 7.9461e-16 -2.00551e-15
12 -4.40684e-15 -4.50992e-15 7.48627e-16 -1.88065e-15
12.025 -4.13271e-15 -4.22728e-15 7.04426e-16 -1.76143e-15
12.05 -3.87084e-15 -3.95745e-15 6.61997e-16 -1.64773e-15
12.075 -3.62098e-15 -3.70014e-15 6.21324e-16 -1.53941e-15
12.1 -3.38285e-15 -3.45506e-15 5.82387e-16 -1.43634e-15
12.125 -3.15617e-15 -3.22188e-15 5.4516e-16 -1.33836e-15
12.15 -2.94063e-15 -3.00029e-15 5.09615e-16 -1.24534e-15
12.175 -2.73592e-15 -2.78996e-15 4.75721e-16 -1.15712e-15
12.2 -2.54173e-15 -2.59053e-15 4.43442e-16 -1.07354e-15
12.225 -2.35772e-15 -2.40167e-15 4.1274e-16 -9.94463e-16
12.25 -2.18357e-15 -2.22302e-15 3.83576e-16 -9.19721e-16
12.275 -2.01895e-15 -2.05423e-15 3.55909e-16 -8.49161e-16
12.3 -1.86353e-15 -1.89495e-15 3.29694e-16 -7.82628e-16
12.325 -1.71695e-15 -1.74482e-15 3.04888e-16 -7.19966e-16
12.35 -1.57889e-15 -1.60349e-15 2.81445e-16 -6.61022e-16
12.375 -1.44902e-15 -1.47061e-15 2.59319e-16 -6.05644e-16
12.4 -1.327e-15 -1.34582e-15 2.38462e-16 -5.53679e-16
12.425 -1.21251e-15 -1.22879e-15 2.18829e-16 -5.04981e-16
12.45 -1.10522e-15 -1.11918e-15 2.00371e-16 -4.59403e-16
12.475 -1.0048e-15 -1.01665e-15 1.83042e-16 -4.16803e-16
12.5 -9.10958e-16 -9.20873e-16 1.66796e-16 -3.77039e-16
12.525 -8.23373e-16 -8.31536e-16 1.51585e-16 -3.39975e-16
12.55 -7.41747e-16 -7.48321e-16 1.37364e-16 -3.05479e-16
12.575 -6.65788e-16 -6.70926e-16 1.24088e-16 -2.73419e-16
12.6 -5.95209e-16 -5.99052e-16 1.11713e-16 -2.4367e-16
12.625 -5.29733e-16 -5.32412e-16 1.00195e-16 -2.16109e-16
12.65 -4.6909e-16 -4.70727e-16 8.94922e-17 -1.90617e-16
12.675 -4.13018e-16 -4.13726e-16 7.95626e-17 -1.67081e-16
12.7 -3.61265e-16 -3.61146e-16 7.03661e-17 -1.4539e-16
12.725 -3.13586e-16 -3.12738e-16 6.18634e-17 -1.25437e-16
12.75 -2.69747e-16 -2.68256e-16 5.40168e-17 -1.0712e-16
12.775 -2.2952e-16 -2.27468e-16 4.67893e-17 -9.03395e-17
12.8 -1.92689e-16 -1.9015e-16 4.01456e-17 -7.50021e-17
12.825 -1.59043e-16 -1.56085e-16 3.40513e-17 -6.10169e-17
12.85 -1.28384e-16 -1.25068e-16 2.84735e-17 -4.82974e-17
12.875 -1.00519e-16 -9.69023e-17 2.33806e-17 -3.67609e-17
12.9 -7.52651e-17 -7.13992e-17 1.87421e-17 -2.63285e-17
12.925 -5.24482e-17 -4.83794e-17 1.4529e-17 -1.69252e-17
12.95 -3.19019e-17 -2.76723e-17 1.07135e-17 -8.4794e-18
12.975 -1.34678e-17 -9.11538e-18 7.26888e-18 -9.2325e-19
13 3.0043e-18 7.44542e-18 4.16991e-18 5.80767e-18
13.025 1.76571e-17 2.21563e-17 1.39245e-18 1.17744e-17
13.05 3.06257e-17 3.51557e-17 -1.08645e-18 1.70346e-17
13.075 4.20379e-17 4.65744e-17 -3.28854e-18 2.16429e-17
13.1 5.20145e-17 5.65361e-17 -5.23446e-18 2.56508e-17
13.125 6.06695e-17 6.51572e-17 -6.94372e-18 2.91068e-17
13.15 6.81102e-17 7.25475e-17 -8.43478e-18 3.20564e-17
13.175 7.44376e-17 7.88102e-17 -9.72505e-18 3.45426e-17
13.2 7.97466e-17 8.4042e-17 -1.08309e-17 3.66056e-17
13.225 8.41262e-17 8.83339e-17 -1.17678e-17 3.8283e-17
13.25 8.76598e-17 9.17709e-17 -1.25503e-17 3.96103e-17
13.275 9.04254e-17 9.44324e-17 -1.31919e-17 4.06203e-17
13.3 9.24959e-17 9.63927e-17 -1.37054e-17 4.13437e-17
13.325 9.39391e-17 9.7721e-17 -1.41027e-17 4.18091e-17
13.35 9.48183e-17 9.84815e-17 -1.4395e-17 4.20432e-17
13.375 9.51923e-17 9.8734e-17 -1.45925e-17 4.20707e-17
13.4 9.51156e-17 9.8534e-17 -1.4705e-17 4.19145e-17
13.425 9.46388e-17 9.79329e-17 -1.47414e-17 4.15957e-17
13.45 9.38086e-17 9.6978e-17 -1.471e-17 4.1134e-17
13.475 9.26681e-17 9.5713e-17 -1.46186e-17 4.05472e-17
13.5 9.1257e-17 9.41784e-17 -1.44743e-17 3.98521e-17
13.525 8.96119e-17 9.2411e-17 -1.42835e-17 3.90637e-17
13.55 8.77663e-17 9.04449e-17 -1.40525e-17 3.81962e-17
13.575 8.57508e-17 8.8311e-17 -1.37866e-17 3.72622e-17
13.6 8.35935e-17 8.60376e-17 -1.34911e-17 3.62733e-17
13.625 8.13199e-17 8.36506e-17 -1.31706e-17 3.524e-17
13.65 7.89532e-17 8.11734e-17 -1.28293e-17 3.41721e-17
13.675 7.65143e-17 7.86271e-17 -1.2471e-17 3.3078e-17
13.7 7.40223e-17 7.60308e-17 -1.20994e-17 3.19657e-17
13.725 7.14942e-17 7.34017e-17 -1.17175e-17 3.08421e-17
13.75 6.89453e-17 7.07553e-17 -1.13283e-17 2.97135e-17
13.775 6.63893e-17 6.81052e-17 -1.09343e-17 2.85854e-17
13.8 6.38385e-17 6.54636e-17 -1.05378e-17 2.74629e-17
13.825 6.13034e-17 6.28413e-17 -1.01409e-17 2.63502e-17
13.85 5.87936e-17 6.02479e-17 -9.74538e-18 2.52512e-17
13.875 5.63175e-17 5.76914e-17 -9.35286e-18 2.41693e-17
13.9 5.38821e-17 5.51791e-17 -8.96477e-18 2.31072e-17
13.925 5.14936e-17 5.27172e-17 -8.58232e-18 2.20674e-17
13.95 4.91574e-17 5.03107e-17 -8.2066e-18 2.10521e-17
13.975 4.68778e-17 4.79642e-17 -7.8385e-18 2.00628e-17
14 4.46585e-17 4.5681e-17 -7.4788e-18 1.91011e-17
14.025 4.25024e-17 4.34642e-17 -7.12816e-18 1.8168e-17
14.05 4.04119e-17 4.13159e-17 -6.78709e-18 1.72644e-17
14.075 3.83888e-17 3.92379e-17 -6.45603e-18 1.63909e-17
14.1 3.64342e-17 3.72313e-17 -6.1353e-18 1.5548e-17
14.125 3.45491e-17 3.52968e-17 -5.82515e-18 1.47358e-17
14.15 3.27336e-17 3.34346e-17 -5.52575e-18 1.39544e-17
14.175 3.0988e-17 3.16447e-17 -5.23718e-18 1.32038e-17
14.2 2.93118e-17 2.99267e-17 -4.9595e-18 1.24836e-17
14.225 2.77045e-17 2.82799e-17 -4.69267e-18 1.17936e-17
14.25 2.61653e-17 2.67034e-17 -4.43664e-18 1.11334e-17
14.275 2.4693e-17 2.51959e-17 -4.1913e-18 1.05023e-17
14.3 2.32865e-17 2.37563e-17 -3.95649e-18 9.89989e-18
14.325 2.19443e-17 2.23829e-17 -3.73205e-18 9.32542e-18
14.35 2.06649e-17 2.10742e-17 -3.51777e-18 8.7782e-18
14.375 1.94467e-17 1.98284e-17 -3.31341e-18 8.25747e-18
14.4 1.8288e-17 1.86436e-17 -3.11874e-18 7.76246e-18
14.425 1.71868e-17 1.75182e-17 -2.93348e-18 7.29233e-18
14.45 1.61415e-17 1.64499e-17 -2.75737e-18 6.84628e-18
14.475 1.515e-17 1.5437e-17 -2.59012e-18 6.42344e-18
14.5 1.42104e-17 1.44774e-17 -2.43142e-18 6.02298e-18
14.525 1.33209e-17 1.3569e-17 -2.28099e-18 5.64402e-18
14.55 1.24794e-17 1.271e-17 -2.13853e-18 5.28572e-18
14.575 1.1684e-17 1.18982e-17 -2.00372e-18 4.94723e-18
14.6 1.09329e-17 1.11317e-17 -1.87626e-18 4.62771e-18
14.625 1.02241e-17 1.04085e-17 -1.75586e-18 4.32633e-18
14.65 9.55579e-18 9.72677e-18 -1.64222e-18 4.04228e-18
14.675 8.92608e-18 9.08455e-18 -1.53504e-18 3.77476e-18
14.7 8.33321e-18 8.48001e-18 -1.43403e-18 3.52299e-18
14.725 7.77542e-18 7.91136e-18 -1.33891e-18 3.28622e-18
14.75 7.25101e-18 7.37683e-18 -1.2494e-18 3.06371e-18
14.775 6.75834e-18 6.87473e-18 -1.16523e-18 2.85475e-18
14.8 6.29579e-18 6.40341e-18 -1.08614e-18 2.65863e-18
14.825 5.86181e-18 5.96128e-18 -1.01188e-18 2.4747e-18
14.85 5.45491e-18 5.54681e-18 -9.42192e-19 2.30231e-18
14.875 5.07365e-18 5.15852e-18 -8.76843e-19 2.14084e-18
14.9 4.71664e-18 4.79497e-18 -8.15604e-19 1.98969e-18
14.925 4.38255e-18 4.45482e-18 -7.58252e-19 1.84828e-18
14.95 4.07009e-18 4.13674e-18 -7.04575e-19 1.71608e-18
14.975 3.77805e-18 3.83949e-18 -6.54369e-19 1.59256e-18
15 3.50525e-18 3.56186e-18 -6.07438e-19 1.47721e-18
15.025 3.25058e-18 3.30272e-18 -5.63596e-19 1.36956e-18
15.05 3.01297e-18 3.06097e-18 -5.22663e-19 1.26916e-18
15.075 2.7914e-18 2.83558e-18 -4.84469e-19 1.17555e-18
15.1 2.58492e-18 2.62555e-18 -4.48852e-19 1.08835e-18
15.125 2.39258e-18 2.42995e-18 -4.15655e-19 1.00715e-18
15.15 2.21354e-18 2.24788e-18 -3.84733e-19 9.31575e-19
15.175 2.04696e-18 2.07851e-18 -3.55946e-19 8.61281e-19
15.2 1.89205e-18 1.92103e-18 -3.29161e-19 7.95933e-19
15.225 1.74808e-18 1.77468e-18 -3.04252e-19 7.35213e-19
15.25 1.61434e-18 1.63875e-18 -2.811e-19 6.78823e-19
15.275 1.49017e-18 1.51256e-18 -2.59593e-19 6.26482e-19
15.3 1.37494e-18 1.39547e-18 -2.39624e-19 5.77924e-19
15.325 1.26807e-18 1.28689e-18 -2.21093e-19 5.32897e-19
15.35 1.169e-18 1.18624e-18 -2.03906e-19 4.91167e-19
15.375 1.07721e-18 1.09299e-18 -1.87972e-19 4.5251e-19
15.4 9.92194e-19 1.00665e-18 -1.73208e-19 4.16719e-19
15.425 9.13502e-19 9.26726e-19 -1.59535e-19 3.83596e-19
15.45 8.40695e-19 8.52792e-19 -1.46879e-19 3.52957e-19
15.475 7.73366e-19 7.84428e-19 -1.35169e-19 3.2463e-19
15.5 7.11133e-19 7.21244e-19 -1.2434e-19 2.98452e-19
15.525 6.53637e-19 6.62876e-19 -1.14331e-19 2.74272e-19
15.55 6.00541e-19 6.0898e-19 -1.05083e-19 2.51948e-19
15.575 5.51533e-19 5.59238e-19 -9.65437e-20 2.31347e-19
15.6 5.06318e-19 5.1335e-19 -8.86617e-20 2.12344e-19
15.625 4.64621e-19 4.71037e-19 -8.13898e-20 1.94824e-19
15.65 4.26187e-19 4.32038e-19 -7.46839e-20 1.78677e-19
15.675 3.90776e-19 3.9611e-19 -6.85029e-20 1.63804e-19
15.7 3.58164e-19 3.63025e-19 -6.28081e-20 1.50109e-19
15.725 3.28144e-19 3.32572e-19 -5.75637e-20 1.37504e-19
15.75 3.00521e-19 3.04554e-19 -5.27362e-20 1.25909e-19
15.775 2.75116e-19 2.78788e-19 -4.82944e-20 1.15247e-19
15.8 2.5176e-19 2.55102e-19 -4.42093e-20 1.05446e-19
15.825 2.30298e-19 2.33338e-19 -4.04539e-20 9.64419e-20
15.85 2.10584e-19 2.13348e-19 -3.70031e-20 8.81727e-20
15.875 1.92484e-19 1.94997e-19 -3.38336e-20 8.05816e-20
15.9 1.75872e-19 1.78156e-19 -3.09236e-20 7.3616e-20
15.925 1.60633e-19 1.62707e-19 -2.8253e-20 6.7227e-20
15.95 1.46658e-19 1.48542e-19 -2.58032e-20 6.13694e-20
15.975 1.33849e-19 1.35559e-19 -2.35568e-20 5.60011e-20
16 1.22113e-19 1.23664e-19 -2.14979e-20 5.10833e-20
16.025 1.11364e-19 1.12772e-19 -1.96115e-20 4.658e-20
16.05 1.01523e-19 1.028e-19 -1.7884e-20 4.2458e-20
16.075 9.25181e-20 9.36753e-20 -1.63025e-20 3.86864e-20
16.1 8.42805e-20 8.53292e-20 -1.48553e-20 3.52369e-20
16.125 7.67482e-20 7.76981e-20 -1.35316e-20 3.20833e-20
16.15 6.98634e-20 7.07237e-20 -1.23213e-20 2.92012e-20
16.175 6.35731e-20 6.43519e-20 -1.12152e-20 2.65684e-20
16.2 5.78281e-20 5.85329e-20 -1.02046e-20 2.41642e-20
16.225 5.25833e-20 5.32208e-20 -9.28163e-21 2.19696e-20
16.25 4.77969e-20 4.83735e-20 -8.43912e-21 1.99672e-20
16.275 4.34306e-20 4.39519e-20 -7.67031e-21 1.81408e-20
16.3 3.94491e-20 3.99201e-20 -6.96903e-21 1.64756e-20
16.325 3.58197e-20 3.62454e-20 -6.32959e-21 1.49579e-20
16.35 3.25128e-20 3.28972e-20 -5.74677e-21 1.35752e-20
16.375 2.95007e-20 2.98477e-20 -5.21575e-21 1.2316e-20
16.4 2.67582e-20 2.70714e-20 -4.73212e-21 1.11696e-20
16.425 2.42621e-20 2.45447e-20 -4.29182e-21 1.01265e-20
16.45 2.19912e-20 2.22461e-20 -3.89111e-21 9.1775e-21
16.475 1.99259e-20 2.01557e-20 -3.52658e-21 8.31457e-21
16.5 1.80482e-20 1.82554e-20 -3.19508e-21 7.53016e-21
16.525 1.63419e-20 1.65285e-20 -2.89373e-21 6.8174e-21
16.55 1.47917e-20 1.49598e-20 -2.61989e-21 6.16998e-21
16.575 1.3384e-20 1.35354e-20 -2.37114e-21 5.58212e-21
16.6 1.21061e-20 1.22424e-20 -2.14527e-21 5.04854e-21
16.625 1.09464e-20 1.10691e-20 -1.94024e-21 4.56441e-21
16.65 9.89447e-21 1.00048e-20 -1.75421e-21 4.1253e-21
16.675 8.94057e-21 9.0398e-21 -1.58547e-21 3.72716e-21
16.7 8.07589e-21 8.1651e-21 -1.43247e-21 3.36631e-21
16.725 7.29238e-21 7.37255e-21 -1.2938e-21 3.03938e-21
16.75 6.58265e-21 6.65469e-21 -1.16816e-21 2.74327e-21
16.775 5.94001e-21 6.0047e-21 -1.05436e-21 2.47517e-21
16.8 5.3583e-21 5.41639e-21 -9.51321e-22 2.23253e-21
16.825 4.83194e-21 4.88409e-21 -8.58067e-22 2.01301e-21
16.85 4.35584e-21 4.40263e-21 -7.73694e-22 1.81447e-21
16.875 3.92534e-21 3.96731e-21 -6.97385e-22 1.63496e-21
16.9 3.53621e-21 3.57385e-21 -6.28392e-22 1.47273e-21
16.925 3.18461e-21 3.21835e-21 -5.66036e-22 1.32616e-21
16.95 2.86701e-21 2.89725e-21 -5.09699e-22 1.19378e-21
16.975 2.58025e-21 2.60734e-21 -4.58817e-22 1.07426e-21
17 2.3214e-21 2.34566e-21 -4.12878e-22 9.66391e-22
17.025 2.08783e-21 2.10956e-21 -3.71416e-22 8.6907e-22
17.05 1.87715e-21 1.8966e-21 -3.34009e-22 7.81295e-22
17.075 1.68719e-21 1.70458e-21 -3.0027e-22 7.02157e-22
17.1 1.51595e-21 1.53151e-21 -2.69852e-22 6.3083e-22
17.125 1.36165e-21 1.37557e-21 -2.42436e-22 5.66565e-22
17.15 1.22266e-21 1.2351e-21 -2.17734e-22 5.08683e-22
17.175 1.0975e-21 1.10862e-21 -1.95486e-22 4.56567e-22
17.2 9.84838e-22 9.94772e-22 -1.75454e-22 4.09659e-22
17.225 8.83457e-22 8.92329e-22 -1.57425e-22 3.67452e-22
17.25 7.92258e-22 8.00179e-22 -1.41202e-22 3.29489e-22
17.275 7.10246e-22 7.17317e-22 -1.26611e-22 2.95353e-22
17.3 6.3652e-22 6.4283e-22 -1.13491e-22 2.6467e-22
17.325 5.70266e-22 5.75894e-22 -1.01698e-22 2.37098e-22
17.35 5.10746e-22 5.15765e-22 -9.1101e-23 2.12332e-22
17.375 4.57293e-22 4.61767e-22 -8.15825e-23 1.90092e-22
17.4 4.09305e-22 4.13292e-22 -7.30354e-23 1.70129e-22
17.425 3.66237e-22 3.6979e-22 -6.53629e-23 1.52213e-22
17.45 3.27597e-22 3.30762e-22 -5.8478e-23 1.36142e-22
17.475 2.92942e-22 2.9576e-22 -5.23018e-23 1.21729e-22
17.5 2.61871e-22 2.64379e-22 -4.67631e-23 1.08808e-22
17.525 2.34022e-22 2.36254e-22 -4.17978e-23 9.7228e-23
17.55 2.09069e-22 2.11055e-22 -3.7348e-23 8.68534e-23
17.575 1.86719e-22 1.88485e-22 -3.33615e-23 7.75616e-23
17.6 1.66706e-22 1.68276e-22 -2.97912e-23 6.92424e-23
17.625 1.48792e-22 1.50187e-22 -2.65947e-23 6.17963e-23
17.65 1.32761e-22 1.34002e-22 -2.37338e-23 5.51339e-23
17.675 1.18421e-22 1.19523e-22 -2.1174e-23 4.91746e-23
17.7 1.05598e-22 1.06576e-22 -1.88845e-23 4.38458e-23
17.725 9.41338e-23 9.50024e-23 -1.68374e-23 3.90825e-23
17.75 8.38886e-23 8.46595e-23 -1.50075e-23 3.4826e-23
17.775 7.47354e-23 7.54194e-23 -1.33723e-23 3.10235e-23
17.8 6.65605e-23 6.71672e-23 -1.19117e-23 2.76278e-23
17.825 5.92617e-23 5.97997e-23 -1.06073e-23 2.45962e-23
17.85 5.27472e-23 5.3224e-23 -9.4429e-24 2.18906e-23
17.875 4.69344e-23 4.7357e-23 -8.40373e-24 1.94767e-23
17.9 4.17495e-23 4.21239e-23 -7.47663e-24 1.73237e-23
17.925 3.71261e-23 3.74577e-23 -6.64978e-24 1.5404e-23
17.95 3.30047e-23 3.32983e-23 -5.91257e-24 1.36929e-23
17.975 2.93319e-23 2.95918e-23 -5.25549e-24 1.21682e-23
18 2.60599e-23 2.629e-23 -4.67002e-24 1.081e-23
18.025 2.3146e-23 2.33495e-23 -4.14851e-24 9.60048e-24
18.05 2.05517e-23 2.07316e-23 -3.68413e-24 8.52374e-24
18.075 1.82426e-23 1.84017e-23 -3.27074e-24 7.5655e-24
18.1 1.61882e-23 1.63288e-23 -2.90286e-24 6.71297e-24
18.125 1.43607e-23 1.4485e-23 -2.57559e-24 5.95472e-24
18.15 1.27358e-23 1.28456e-23 -2.28452e-24 5.28054e-24
18.175 1.12914e-23 1.13883e-23 -2.02574e-24 4.68129e-24
18.2 1.00078e-23 1.00934e-23 -1.79574e-24 4.14881e-24
18.225 8.86742e-24 8.94297e-24 -1.59138e-24 3.6758e-24
18.25 7.85468e-24 7.92135e-24 -1.40985e-24 3.25575e-24
18.275 6.95554e-24 7.01435e-24 -1.24865e-24 2.88285e-24
18.3 6.1575e-24 6.20936e-24 -1.10556e-24 2.5519e-24
18.325 5.4494e-24 5.49513e-24 -9.78575e-25 2.25828e-24
18.35 4.82131e-24 4.86161e-24 -8.65918e-25 1.99785e-24
18.375 4.26435e-24 4.29986e-24 -7.66004e-25 1.76693e-24
18.4 3.77062e-24 3.8019e-24 -6.77418e-25 1.56224e-24
18.425 3.33307e-24 3.36061e-24 -5.98899e-25 1.38086e-24
18.45 2.94543e-24 2.96968e-24 -5.29325e-25 1.22018e-24
18.475 2.60211e-24 2.62345e-24 -4.67696e-25 1.07788e-24
18.5 2.29813e-24 2.31691e-24 -4.13121e-25 9.51892e-25
18.525 2.02907e-24 2.04558e-24 -3.64807e-25 8.40388e-25
18.55 1.79098e-24 1.80551e-24 -3.22049e-25 7.41728e-25
18.575 1.58037e-24 1.59314e-24 -2.84219e-25 6.5446e-25
18.6 1.39412e-24 1.40534e-24 -2.50759e-25 5.77291e-25
18.625 1.22946e-24 1.23932e-24 -2.21174e-25 5.09073e-25
18.65 1.08394e-24 1.0926e-24 -1.95023e-25 4.48786e-25
18.675 9.55357e-25 9.62962e-25 -1.71913e-25 3.95524e-25
18.7 8.41786e-25 8.48462e-25 -1.51498e-25 3.48482e-25
18.725 7.41502e-25 7.47361e-25 -1.33469e-25 3.06946e-25
18.75 6.52975e-25 6.58116e-25 -1.17551e-25 2.70283e-25
18.775 5.74852e-25 5.79361e-25 -1.03501e-25 2.3793e-25
18.8 5.05929e-25 5.09883e-25 -9.11042e-26 2.09389e-25
18.825 4.45141e-25 4.48608e-25 -8.01691e-26 1.84219e-25
18.85 3.91545e-25 3.94583e-25 -7.05261e-26 1.62028e-25
18.875 3.44302e-25 3.46964e-25 -6.20252e-26 1.42469e-25
18.9 3.02673e-25 3.05004e-25 -5.45332e-26 1.25236e-25
18.925 2.66001e-25 2.68042e-25 -4.79324e-26 1.10055e-25
18.95 2.33705e-25 2.35492e-25 -4.21184e-26 9.66868e-26
18.975 2.05271e-25 2.06835e-25 -3.69991e-26 8.49181e-26
19 1.80245e-25 1.81614e-25 -3.24926e-26 7.45607e-26
19.025 1.58225e-25 1.59423e-25 -2.85269e-26 6.54478e-26
19.05 1.38856e-25 1.39903e-25 -2.50381e-26 5.74324e-26
19.075 1.21823e-25 1.22738e-25 -2.19696e-26 5.03843e-26
19.1 1.06849e-25 1.07649e-25 -1.92717e-26 4.41886e-26
19.125 9.36889e-26 9.43877e-26 -1.69003e-26 3.87437e-26
19.15 8.21264e-26 8.27368e-26 -1.48165e-26 3.39602e-26
19.175 7.19704e-26 7.25034e-26 -1.29859e-26 2.97588e-26
19.2 6.30524e-26 6.35178e-26 -1.13783e-26 2.60698e-26
19.225 5.52239e-26 5.56301e-26 -9.96683e-27 2.28316e-26
19.25 4.83537e-26 4.87081e-26 -8.728e-27 1.99901e-26
19.275 4.23263e-26 4.26354e-26 -7.64099e-27 1.74972e-26
19.3 3.70397e-26 3.73093e-26 -6.68747e-27 1.53109e-26
19.325 3.24043e-26 3.26393e-26 -5.85128e-27 1.3394e-26
19.35 2.8341e-26 2.85459e-26 -5.11821e-27 1.17138e-26
19.375 2.47803e-26 2.49588e-26 -4.47572e-27 1.02415e-26
19.4 2.16608e-26 2.18163e-26 -3.91278e-27 8.95178e-27
19.425 1.89288e-26 1.90642e-26 -3.41968e-27 7.82225e-27
19.45 1.65367e-26 1.66546e-26 -2.98789e-27 6.83334e-27
19.475 1.44428e-26 1.45454e-26 -2.60988e-27 5.96777e-27
19.5 1.26106e-26 1.26998e-26 -2.27906e-27 5.21039e-27
19.525 1.10077e-26 1.10853e-26 -1.98962e-27 4.54786e-27
19.55 9.60584e-27 9.67339e-27 -1.73645e-27 3.96847e-27
19.575 8.3802e-27 8.43893e-27 -1.51507e-27 3.46193e-27
19.6 7.3089e-27 7.35996e-27 -1.32154e-27 3.01921e-27
19.625 6.37278e-27 6.41715e-27 -1.15242e-27 2.63237e-27
19.65 5.55502e-27 5.59356e-27 -1.00466e-27 2.29445e-27
19.675 4.84085e-27 4.87432e-27 -8.75597e-28 1.99936e-27
19.7 4.21732e-27 4.24639e-27 -7.62905e-28 1.74174e-27
19.725 3.67309e-27 3.69832e-27 -6.64532e-28 1.51689e-27
19.75 3.19821e-27 3.2201e-27 -5.78683e-28 1.32071e-27
19.775 2.78395e-27 2.80294e-27 -5.03785e-28 1.14958e-27
19.8 2.42268e-27 2.43915e-27 -4.38459e-28 1.00035e-27
19.825 2.10771e-27 2.12199e-27 -3.81499e-28 8.70246e-28
19.85 1.83318e-27 1.84556e-27 -3.31847e-28 7.56858e-28
19.875 1.59397e-27 1.6047e-27 -2.88577e-28 6.58063e-28
19.9 1.38559e-27 1.39489e-27 -2.5088e-28 5.72006e-28
19.925 1.20413e-27 1.21218e-27 -2.18047e-28 4.97066e-28
19.95 1.04614e-27 1.05311e-27 -1.89459e-28 4.31826e-28
19.975 9.08628e-28 9.14666e-28 -1.64574e-28 3.75046e-28
20 7.88978e-28 7.94203e-28 -1.42918e-28 3.25643e-28
