0 0.0453181 0.0491951 0.00160904 0.0254021
0.025 0.0453181 0.0491951 0.00160904 0.0254021
0.05 0.0453454 0.0492217 0.00160702 0.0254144
0.075 0.0453909 0.049266 0.00160367 0.0254348
0.1 0.0454544 0.0493277 0.00159898 0.0254633
0.125 0.0455354 0.0494064 0.00159297 0.0254997
0.15 0.0456337 0.0495019 0.00158564 0.0255438
0.175 0.0457488 0.0496137 0.001577 0.0255953
0.2 0.0458802 0.0497411 0.00156708 0.0256541
0.225 0.0460273 0.0498837 0.00155589 0.0257198
0.25 0.0461894 0.0500406 0.00154345 0.025792
0.275 0.0463658 0.0502111 0.00152978 0.0258704
0.3 0.0465556 0.0503944 0.0015149 0.0259547
0.325 0.046758 0.0505896 0.00149883 0.0260442
0.35 0.0469721 0.0507956 0.00148162 0.0261386
0.375 0.0471968 0.0510115 0.00146328 0.0262374
0.4 0.0474311 0.0512361 0.00144385 0.02634
0.425 0.0476739 0.0514684 0.00142337 0.0264459
0.45 0.047924 0.0517071 0.00140186 0.0265545
0.475 0.0481804 0.0519511 0.00137936 0.0266652
0.5 0.0484416 0.052199 0.00135591 0.0267775
0.525 0.0487065 0.0524496 0.00133156 0.0268906
0.55 0.0489738 0.0527015 0.00130635 0.0270039
0.575 0.0492421 0.0529535 0.00128031 0.0271169
0.6 0.0495101 0.0532041 0.00125349 0.0272288
0.625 0.0497766 0.0534519 0.00122594 0.0273389
0.65 0.05004 0.0536957 0.00119771 0.0274467
0.675 0.050299 0.053934 0.00116884 0.0275514
0.7 0.0505524 0.0541655 0.00113939 0.0276525
0.725 0.0507986 0.0543888 0.00110939 0.0277491
0.75 0.0510364 0.0546025 0.00107891 0.0278407
0.775 0.0512645 0.0548054 0.001048 0.0279267
0.8 0.0514814 0.054996 0.0010167 0.0280064
0.825 0.051686 0.0551733 0.000985065 0.0280792
0.85 0.0518769 0.0553358 0.000953153 0.0281445
0.875 0.052053 0.0554824 0.000921014 0.0282017
0.9 0.052213 0.055612 0.000888699 0.0282504
0.925 0.0523558 0.0557234 0.000856261 0.0282898
0.95 0.0524803 0.0558156 0.000823753 0.0283197
0.975 0.0525855 0.0558875 0.000791226 0.0283394
1 0.0526703 0.0559383 0.000758731 0.0283485
1.025 0.0527337 0.055967 0.000726319 0.0283466
1.05 0.052775 0.0559727 0.000694038 0.0283334
1.075 0.0527933 0.0559548 0.000661939 0.0283084
1.1 0.0527879 0.0559125 0.000630069 0.0282713
1.125 0.052758 0.0558452 0.000598475 0.0282219
1.15 0.0527031 0.0557524 0.000567202 0.0281598
1.175 0.0526225 0.0556336 0.000536295 0.0280849
1.2 0.0525159 0.0554883 0.000505795 0.027997
1.225 0.0523829 0.0553162 0.000475745 0.027896
1.25 0.0522231 0.0551172 0.000446183 0.0277817
1.275 0.0520362 0.0548909 0.000417148 0.027654
1.3 0.0518222 0.0546373 0.000388676 0.027513
1.325 0.051581 0.0543564 0.0003608 0.0273586
1.35 0.0513124 0.0540483 0.000333553 0.0271909
1.375 0.0510167 0.0537129 0.000306964 0.0270099
1.4 0.0506939 0.0533506 0.000281062 0.0268158
1.425 0.0503442 0.0529616 0.000255872 0.0266087
1.45 0.049968 0.0525462 0.000231419 0.0263888
1.475 0.0495655 0.0521048 0.000207723 0.0261563
1.5 0.0491373 0.0516379 0.000184803 0.0259114
1.525 0.0486838 0.051146 0.000162678 0.0256544
1.55 0.0482056 0.0506298 0.00014136 0.0253856
1.575 0.0477033 0.0500898 0.000120863 0.0251053
1.6 0.0471775 0.0495267 0.000101197 0.024814
1.625 0.0466291 0.0489414 8.23692e-05 0.0245119
1.65 0.0460588 0.0483346 6.43858e-05 0.0241995
1.675 0.0454674 0.0477071 4.72502e-05 0.0238772
1.7 0.0448558 0.0470599 3.09635e-05 0.0235454
1.725 0.044225 0.0463938 1.5525e-05 0.0232047
1.75 0.043576 0.0457099 9.31758e-07 0.0228554
1.775 0.0429096 0.0450092 -1.2821e-05 0.0224982
1.8 0.042227 0.0442925 -2.57402e-05 0.0221334
1.825 0.0415293 0.0435611 -3.78345e-05 0.0217616
1.85 0.0408174 0.042816 -4.91144e-05 0.0213834
1.875 0.0400925 0.0420582 -5.95921e-05 0.0209993
1.9 0.0393557 0.0412888 -6.92814e-05 0.0206098
1.925 0.0386082 0.040509 -7.81976e-05 0.0202154
1.95 0.0378511 0.0397198 -8.63577e-05 0.0198167
1.975 0.0370855 0.0389224 -9.37797e-05 0.0194143
2 0.0363125 0.0381179 -0.000100483 0.0190087
2.025 0.0355333 0.0373074 -0.000106488 0.0186004
2.05 0.0347491 0.0364919 -0.000111817 0.01819
2.075 0.0339608 0.0356726 -0.000116492 0.0177781
2.1 0.0331698 0.0348506 -0.000120537 0.017365
2.125 0.0323769 0.0340269 -0.000123975 0.0169514
2.15 0.0315833 0.0332025 -0.000126832 0.0165378
2.175 0.0307901 0.0323785 -0.000129132 0.0161247
2.2 0.0299981 0.0315558 -0.000130901 0.0157125
2.225 0.0292086 0.0307355 -0.000132167 0.0153017
2.25 0.0284223 0.0299184 -0.000132954 0.0148927
2.275 0.0276402 0.0291055 -0.000133289 0.0144861
2.3 0.0268632 0.0282977 -0.000133198 0.0140822
2.325 0.0260922 0.0274957 -0.000132709 0.0136815
2.35 0.0253279 0.0267005 -0.000131847 0.0132843
2.375 0.0245712 0.0259127 -0.000130638 0.012891
2.4 0.0238227 0.0251331 -0.000129108 0.012502
2.425 0.0230833 0.0243624 -0.000127282 0.0121176
2.45 0.0223534 0.0236014 -0.000125186 0.0117381
2.475 0.0216338 0.0228504 -0.000122843 0.0113638
2.5 0.0209251 0.0221103 -0.000120278 0.010995
2.525 0.0202276 0.0213815 -0.000117513 0.010632
2.55 0.019542 0.0206645 -0.000114572 0.0102749
2.575 0.0188687 0.0199597 -0.000111475 0.00992411
2.6 0.018208 0.0192677 -0.000108244 0.0095797
2.625 0.0175603 0.0185887 -0.000104899 0.00924189
2.65 0.016926 0.0179231 -0.000101459 0.00891083
2.675 0.0163053 0.0172713 -9.79432e-05 0.00858668
2.7 0.0156984 0.0166335 -9.43687e-05 0.00826955
2.725 0.0151056 0.0160099 -9.07523e-05 0.00795956
2.75 0.0145271 0.0154007 -8.71097e-05 0.00765679
2.775 0.0139629 0.0148061 -8.34557e-05 0.00736133
2.8 0.0134131 0.0142262 -7.98042e-05 0.00707322
2.825 0.0128778 0.0136612 -7.61681e-05 0.00679251
2.85 0.0123571 0.013111 -7.25596e-05 0.00651923
2.875 0.0118509 0.0125757 -6.89896e-05 0.00625338
2.9 0.0113592 0.0120554 -6.54684e-05 0.00599496
2.925 0.010882 0.0115499 -6.20053e-05 0.00574397
2.95 0.0104192 0.0110593 -5.86086e-05 0.00550036
2.975 0.0099706 0.0105835 -5.52861e-05 0.0052641
3 0.00953616 0.0101223 -5.20443e-05 0.00503514
3.025 0.00911572 0.0096757 -4.88891e-05 0.00481341
3.05 0.00870911 0.00924351 -4.58259e-05 0.00459884
3.075 0.00831614 0.00882557 -4.28588e-05 0.00439135
3.1 0.00793662 0.0084217 -3.99917e-05 0.00419086
3.125 0.00757032 0.00803173 -3.72274e-05 0.00399725
3.15 0.00721703 0.00765542 -3.45683e-05 0.00381043
3.175 0.00687651 0.00729257 -3.20162e-05 0.00363028
3.2 0.0065485 0.00694294 -2.95721e-05 0.00345668
3.225 0.00623274 0.00660628 -2.72366e-05 0.00328952
3.25 0.00592898 0.00628232 -2.50098e-05 0.00312866
3.275 0.00563693 0.00597082 -2.28914e-05 0.00297396
3.3 0.00535632 0.00567148 -2.08804e-05 0.0028253
3.325 0.00508687 0.00538403 -1.89756e-05 0.00268253
3.35 0.00482829 0.00510819 -1.71755e-05 0.00254551
3.375 0.00458029 0.00484366 -1.54781e-05 0.00241409
3.4 0.00434258 0.00459015 -1.38811e-05 0.00228813
3.425 0.00411488 0.00434735 -1.23822e-05 0.00216748
3.45 0.00389688 0.00411497 -1.09785e-05 0.002052
3.475 0.00368831 0.00389272 -9.66711e-06 0.00194153
3.5 0.00348887 0.00368028 -8.44502e-06 0.00183592
3.525 0.00329828 0.00347735 -7.30897e-06 0.00173502
3.55 0.00311624 0.00328364 -6.25561e-06 0.00163869
3.575 0.00294249 0.00309885 -5.28153e-06 0.00154679
3.6 0.00277675 0.00292269 -4.38323e-06 0.00145915
3.625 0.00261873 0.00275485 -3.5572e-06 0.00137565
3.65 0.00246817 0.00259505 -2.79989e-06 0.00129613
3.675 0.00232481 0.00244301 -2.10776e-06 0.00122045
3.7 0.00218839 0.00229844 -1.47729e-06 0.00114848
3.725 0.00205864 0.00216107 -9.05001e-07 0.00108008
3.75 0.00193533 0.00203062 -3.87457e-07 0.00101512
3.775 0.0018182 0.00190682 7.8704e-08 0.000953452
3.8 0.00170701 0.00178943 4.96769e-07 0.000894961
3.825 0.00160154 0.00167816 8.69936e-07 0.000839517
3.85 0.00150156 0.00157279 1.20131e-06 0.000786997
3.875 0.00140684 0.00147306 1.49387e-06 0.000737279
3.9 0.00131716 0.00137874 1.75052e-06 0.000690246
3.925 0.00123232 0.00128959 1.974e-06 0.000645784
3.95 0.00115211 0.0012054 2.16698e-06 0.000603782
3.975 0.00107633 0.00112593 2.33196e-06 0.000564129
4 0.00100479 0.00105097 2.47133e-06 0.000526723
4.025 0.000937304 0.000980333 2.58736e-06 0.00049146
4.05 0.000873683 0.000913802 2.68219e-06 0.000458242
4.075 0.000813755 0.000851188 2.75783e-06 0.000426973
4.1 0.000757348 0.000792303 2.81615e-06 0.00039756
4.125 0.000704297 0.000736968 2.85891e-06 0.000369913
4.15 0.000654443 0.000685007 2.88776e-06 0.000343948
4.175 0.000607631 0.000636253 2.90421e-06 0.000319578
4.2 0.000563711 0.000590542 2.90968e-06 0.000296726
4.225 0.000522541 0.000547719 2.90546e-06 0.000275312
4.25 0.00048398 0.000507633 2.89273e-06 0.000255263
4.275 0.000447896 0.000470139 2.8726e-06 0.000236506
4.3 0.000414159 0.0004351 2.84605e-06 0.000218973
4.325 0.000382645 0.000402381 2.81399e-06 0.000202597
4.35 0.000353235 0.000371855 2.77724e-06 0.000187316
4.375 0.000325814 0.000343399 2.73654e-06 0.000173068
4.4 0.000300273 0.000316896 2.69254e-06 0.000159794
4.425 0.000276505 0.000292234 2.64585e-06 0.00014744
4.45 0.00025441 0.000269305 2.59698e-06 0.000135951
4.475 0.00023389 0.000248008 2.54641e-06 0.000125277
4.5 0.000214853 0.000228244 2.49453e-06 0.000115369
4.525 0.00019721 0.00020992 2.44173e-06 0.000106181
4.55 0.000180877 0.000192948 2.3883e-06 9.76681e-05
4.575 0.000165772 0.000177242 2.33451e-06 8.97883e-05
4.6 0.000151818 0.000162723 2.28061e-06 8.25017e-05
4.625 0.000138942 0.000149313 2.22679e-06 7.577e-05
4.65 0.000127074 0.000136941 2.17322e-06 6.95571e-05
4.675 0.000116148 0.000125537 2.12004e-06 6.38287e-05
4.7 0.0001061 0.000115037 2.06736e-06 5.85521e-05
4.725 9.68712e-05 0.000105378 2.01529e-06 5.36965e-05
4.75 8.84043e-05 9.65017e-05 1.9639e-06 4.92328e-05
4.775 8.06459e-05 8.83535e-05 1.91324e-06 4.51334e-05
4.8 7.35453e-05 8.0881e-05 1.86337e-06 4.13722e-05
4.825 6.70546e-05 7.40352e-05 1.81432e-06 3.79248e-05
4.85 6.11287e-05 6.77697e-05 1.76611e-06 3.47679e-05
4.875 5.5725e-05 6.20411e-05 1.71877e-06 3.18799e-05
4.9 5.08038e-05 5.68085e-05 1.67229e-06 2.92404e-05
4.925 4.63272e-05 5.20335e-05 1.62668e-06 2.68301e-05
4.95 4.22603e-05 4.76801e-05 1.58194e-06 2.4631e-05
4.975 3.85699e-05 4.37147e-05 1.53806e-06 2.26264e-05
5 3.52253e-05 4.01059e-05 1.49503e-06 2.08005e-05
5.025 3.21975e-05 3.68243e-05 1.45284e-06 1.91386e-05
5.05 2.94596e-05 3.38425e-05 1.41148e-06 1.7627e-05
5.075 2.69868e-05 3.1135e-05 1.37093e-06 1.6253e-05
5.1 2.47555e-05 2.86783e-05 1.33117e-06 1.50047e-05
5.125 2.27443e-05 2.64502e-05 1.29219e-06 1.38712e-05
5.15 2.09331e-05 2.44305e-05 1.25397e-06 1.28422e-05
5.175 1.93033e-05 2.26003e-05 1.21649e-06 1.19084e-05
5.2 1.78378e-05 2.09424e-05 1.17974e-06 1.10611e-05
5.225 1.65208e-05 1.94406e-05 1.1437e-06 1.02921e-05
5.25 1.53378e-05 1.80803e-05 1.10834e-06 9.5943e-06
5.275 1.42754e-05 1.68478e-05 1.07366e-06 8.96076e-06
5.3 1.33213e-05 1.5731e-05 1.03964e-06 8.3853e-06
5.325 1.24643e-05 1.47183e-05 1.00627e-06 7.86227e-06
5.35 1.16943e-05 1.37994e-05 9.73517e-07 7.38647e-06
5.375 1.10018e-05 1.2965e-05 9.4138e-07 6.95318e-06
5.4 1.03785e-05 1.22064e-05 9.09844e-07 6.55811e-06
5.425 9.81647e-06 1.15158e-05 8.78893e-07 6.19736e-06
5.45 9.3089e-06 1.08863e-05 8.48515e-07 5.86739e-06
5.475 8.84946e-06 1.03113e-05 8.18699e-07 5.56501e-06
5.5 8.43249e-06 9.78527e-06 7.89434e-07 5.28735e-06
5.525 8.0529e-06 9.30291e-06 7.60708e-07 5.03181e-06
5.55 7.70613e-06 8.85961e-06 7.32512e-07 4.79606e-06
5.575 7.38811e-06 8.45117e-06 7.04838e-07 4.57801e-06
5.6 7.0952e-06 8.07388e-06 6.77678e-07 4.37578e-06
5.625 6.82419e-06 7.72439e-06 6.51025e-07 4.18771e-06
5.65 6.57223e-06 7.39972e-06 6.24872e-07 4.0123e-06
5.675 6.33679e-06 7.09721e-06 5.99216e-07 3.84821e-06
5.7 6.11568e-06 6.81449e-06 5.74052e-07 3.69427e-06
5.725 5.90695e-06 6.54946e-06 5.49377e-07 3.54942e-06
5.75 5.70891e-06 6.30024e-06 5.2519e-07 3.41272e-06
5.775 5.52009e-06 6.06518e-06 5.01489e-07 3.28333e-06
5.8 5.33922e-06 5.84278e-06 4.78274e-07 3.16052e-06
5.825 5.1652e-06 5.63173e-06 4.55548e-07 3.04364e-06
5.85 4.9971e-06 5.43086e-06 4.33312e-07 2.93209e-06
5.875 4.83412e-06 5.23914e-06 4.11568e-07 2.82535e-06
5.9 4.67557e-06 5.05562e-06 3.90322e-07 2.72297e-06
5.925 4.52089e-06 4.87949e-06 3.69577e-07 2.62453e-06
5.95 4.36959e-06 4.71e-06 3.49339e-07 2.52967e-06
5.975 4.2213e-06 4.5465e-06 3.29614e-07 2.43806e-06
6 4.07567e-06 4.38839e-06 3.10409e-07 2.3494e-06
6.025 3.93245e-06 4.23514e-06 2.91729e-07 2.26344e-06
6.05 3.79144e-06 4.08629e-06 2.73583e-07 2.17994e-06
6.075 3.65246e-06 3.94142e-06 2.55978e-07 2.0987e-06
6.1 3.51541e-06 3.80015e-06 2.38921e-07 2.01953e-06
6.125 3.3802e-06 3.66215e-06 2.22418e-07 1.94228e-06
6.15 3.24676e-06 3.52713e-06 2.06478e-07 1.8668e-06
6.175 3.11508e-06 3.39485e-06 1.91107e-07 1.79298e-06
6.2 2.98514e-06 3.26508e-06 1.7631e-07 1.7207e-06
6.225 2.85697e-06 3.13765e-06 1.62093e-07 1.64987e-06
6.25 2.73059e-06 3.01241e-06 1.48461e-07 1.58044e-06
6.275 2.60605e-06 2.88925e-06 1.35418e-07 1.51233e-06
6.3 2.4834e-06 2.76807e-06 1.22965e-07 1.44552e-06
6.325 2.36274e-06 2.64883e-06 1.11106e-07 1.37997e-06
6.35 2.24413e-06 2.5315e-06 9.98387e-08 1.31567e-06
6.375 2.12768e-06 2.41608e-06 8.91637e-08 1.25262e-06
6.4 2.01348e-06 2.3026e-06 7.90783e-08 1.19084e-06
6.425 1.90165e-06 2.19111e-06 6.95787e-08 1.13034e-06
6.45 1.7923e-06 2.08169e-06 6.06596e-08 1.07117e-06
6.475 1.68556e-06 1.97442e-06 5.23142e-08 1.01337e-06
6.5 1.58155e-06 1.86944e-06 4.45342e-08 9.56986e-07
6.525 1.4804e-06 1.76686e-06 3.73098e-08 9.02085e-07
6.55 1.38225e-06 1.66683e-06 3.06296e-08 8.48731e-07
6.575 1.28723e-06 1.56951e-06 2.44808e-08 7.96997e-07
6.6 1.19546e-06 1.47507e-06 1.88491e-08 7.46957e-07
6.625 1.10708e-06 1.38366e-06 1.37189e-08 6.98688e-07
6.65 1.02221e-06 1.29546e-06 9.07332e-09 6.52268e-07
6.675 9.40966e-07 1.21065e-06 4.89422e-09 6.07771e-07
6.7 8.63467e-07 1.12938e-06 1.16237e-09 5.65273e-07
6.725 7.89812e-07 1.05182e-06 -2.14242e-09 5.24841e-07
6.75 7.20094e-07 9.7812e-07 -5.04123e-09 4.86539e-07
6.775 6.54392e-07 9.08406e-07 -7.55591e-09 4.50425e-07
6.8 5.92773e-07 8.42802e-07 -9.70887e-09 4.16547e-07
6.825 5.35287e-07 7.81409e-07 -1.1523e-08 3.84943e-07
6.85 4.8197e-07 7.24306e-07 -1.30216e-08 3.55642e-07
6.875 4.32838e-07 6.7155e-07 -1.4228e-08 3.28661e-07
6.9 3.8789e-07 6.23174e-07 -1.51656e-08 3.04004e-07
6.925 3.47104e-07 5.79186e-07 -1.58577e-08 2.81664e-07
6.95 3.10438e-07 5.39564e-07 -1.63274e-08 2.61618e-07
6.975 2.77831e-07 5.04263e-07 -1.65974e-08 2.43833e-07
7 2.492e-07 4.73207e-07 -1.66896e-08 2.28259e-07
7.025 2.24442e-07 4.46294e-07 -1.66256e-08 2.14834e-07
7.05 2.03432e-07 4.23394e-07 -1.6426e-08 2.03484e-07
7.075 1.86028e-07 4.04353e-07 -1.61105e-08 1.94121e-07
7.1 1.72067e-07 3.88991e-07 -1.5698e-08 1.86646e-07
7.125 1.61369e-07 3.77106e-07 -1.52061e-08 1.8095e-07
7.15 1.53739e-07 3.68473e-07 -1.46512e-08 1.76911e-07
7.175 1.48966e-07 3.62852e-07 -1.40488e-08 1.74402e-07
7.2 1.46826e-07 3.59985e-07 -1.34128e-08 1.73286e-07
7.225 1.47084e-07 3.59599e-07 -1.27559e-08 1.73422e-07
7.25 1.49498e-07 3.61414e-07 -1.20895e-08 1.74662e-07
7.275 1.53817e-07 3.65142e-07 -1.14237e-08 1.76859e-07
7.3 1.59788e-07 3.7049e-07 -1.07671e-08 1.79861e-07
7.325 1.67156e-07 3.77164e-07 -1.0127e-08 1.83519e-07
7.35 1.75665e-07 3.84875e-07 -9.5096e-09 1.87683e-07
7.375 1.85064e-07 3.93338e-07 -8.91967e-09 1.92209e-07
7.4 1.95109e-07 4.02277e-07 -8.36081e-09 1.96958e-07
7.425 2.05563e-07 4.11429e-07 -7.83552e-09 2.01797e-07
7.45 2.16199e-07 4.20544e-07 -7.34521e-09 2.06599e-07
7.475 2.26805e-07 4.2939e-07 -6.89032e-09 2.1125e-07
7.5 2.3718e-07 4.37757e-07 -6.47039e-09 2.15643e-07
7.525 2.47144e-07 4.45451e-07 -6.08417e-09 2.19684e-07
7.55 2.56532e-07 4.52307e-07 -5.7297e-09 2.23289e-07
7.575 2.652e-07 4.58182e-07 -5.40443e-09 2.26389e-07
7.6 2.73025e-07 4.62958e-07 -5.10533e-09 2.28926e-07
7.625 2.79905e-07 4.66545e-07 -4.82897e-09 2.30858e-07
7.65 2.85759e-07 4.68878e-07 -4.57165e-09 2.32153e-07
7.675 2.9053e-07 4.69921e-07 -4.32949e-09 2.32796e-07
7.7 2.94182e-07 4.69661e-07 -4.09854e-09 2.32781e-07
7.725 2.96701e-07 4.68111e-07 -3.87486e-09 2.32118e-07
7.75 2.98094e-07 4.6531e-07 -3.65463e-09 2.30828e-07
7.775 2.9839e-07 4.61317e-07 -3.43423e-09 2.28941e-07
7.8 2.97635e-07 4.56214e-07 -3.2103e-09 2.26502e-07
7.825 2.95893e-07 4.501e-07 -2.97982e-09 2.2356e-07
7.85 2.93245e-07 4.43092e-07 -2.7402e-09 2.20176e-07
7.875 2.89786e-07 4.35319e-07 -2.48926e-09 2.16415e-07
7.9 2.85621e-07 4.26924e-07 -2.22534e-09 2.12349e-07
7.925 2.80867e-07 4.18057e-07 -1.94728e-09 2.08055e-07
7.95 2.7565e-07 4.08875e-07 -1.65449e-09 2.0361e-07
7.975 2.70099e-07 3.99537e-07 -1.34691e-09 1.99095e-07
8 2.64347e-07 3.90204e-07 -1.02503e-09 1.94589e-07
8.025 2.58527e-07 3.81032e-07 -6.89891e-10 1.90171e-07
8.05 2.52773e-07 3.72176e-07 -3.43052e-10 1.85917e-07
8.075 2.47212e-07 3.6378e-07 1.34381e-11 1.81897e-07
8.1 2.41967e-07 3.55979e-07 3.77078e-10 1.78178e-07
8.125 2.37152e-07 3.48896e-07 7.44955e-10 1.7482e-07
8.15 2.32873e-07 3.42641e-07 1.1138e-09 1.71877e-07
8.175 2.29222e-07 3.37307e-07 1.48005e-09 1.69394e-07
8.2 2.2628e-07 3.32972e-07 1.83989e-09 1.67406e-07
8.225 2.24113e-07 3.29693e-07 2.18935e-09 1.65941e-07
8.25 2.22772e-07 3.2751e-07 2.52435e-09 1.65017e-07
8.275 2.22294e-07 3.26445e-07 2.8408e-09 1.64643e-07
8.3 2.22697e-07 3.26498e-07 3.13462e-09 1.64816e-07
8.325 2.23983e-07 3.27651e-07 3.40186e-09 1.65526e-07
8.35 2.2614e-07 3.29866e-07 3.63875e-09 1.66753e-07
8.375 2.29137e-07 3.3309e-07 3.84177e-09 1.68466e-07
8.4 2.3293e-07 3.37249e-07 4.00771e-09 1.70629e-07
8.425 2.3746e-07 3.42257e-07 4.13373e-09 1.73195e-07
8.45 2.42653e-07 3.4801e-07 4.2174e-09 1.76114e-07
8.475 2.48424e-07 3.54395e-07 4.25679e-09 1.79326e-07
8.5 2.54677e-07 3.61288e-07 4.25045e-09 1.82769e-07
8.525 2.61308e-07 3.68553e-07 4.19747e-09 1.86375e-07
8.55 2.68204e-07 3.76052e-07 4.09752e-09 1.90075e-07
8.575 2.75247e-07 3.83642e-07 3.95084e-09 1.93796e-07
8.6 2.82317e-07 3.91177e-07 3.75826e-09 1.97468e-07
8.625 2.89289e-07 3.98512e-07 3.5212e-09 2.01016e-07
8.65 2.96043e-07 4.05505e-07 3.24163e-09 2.04373e-07
8.675 3.02458e-07 4.1202e-07 2.92211e-09 2.07471e-07
8.7 3.08418e-07 4.17927e-07 2.56572e-09 2.10246e-07
8.725 3.13814e-07 4.23105e-07 2.17601e-09 2.12641e-07
8.75 3.18545e-07 4.27446e-07 1.75702e-09 2.14601e-07
8.775 3.22518e-07 4.30852e-07 1.31317e-09 2.16083e-07
8.8 3.25652e-07 4.33241e-07 8.49236e-10 2.17045e-07
8.825 3.2788e-07 4.34546e-07 3.70284e-10 2.17458e-07
8.85 3.29145e-07 4.34716e-07 -1.18393e-10 2.17299e-07
8.875 3.29407e-07 4.33716e-07 -6.11343e-10 2.16552e-07
8.9 3.28639e-07 4.31531e-07 -1.10303e-09 2.15214e-07
8.925 3.2683e-07 4.28162e-07 -1.58789e-09 2.13287e-07
8.95 3.23985e-07 4.23627e-07 -2.06044e-09 2.10783e-07
8.975 3.20125e-07 4.17963e-07 -2.51529e-09 2.07724e-07
9 3.15283e-07 4.11224e-07 -2.94727e-09 2.04138e-07
9.025 3.0951e-07 4.03476e-07 -3.35148e-09 2.00063e-07
9.05 3.02869e-07 3.94806e-07 -3.72332e-09 1.95541e-07
9.075 2.95437e-07 3.85308e-07 -4.05861e-09 1.90625e-07
9.1 2.87303e-07 3.75094e-07 -4.35359e-09 1.8537e-07
9.125 2.78564e-07 3.64282e-07 -4.60502e-09 1.79839e-07
9.15 2.6933e-07 3.53001e-07 -4.81017e-09 1.74096e-07
9.175 2.59715e-07 3.41387e-07 -4.9669e-09 1.6821e-07
9.2 2.49841e-07 3.29578e-07 -5.07364e-09 1.62252e-07
9.225 2.39833e-07 3.17719e-07 -5.12948e-09 1.56295e-07
9.25 2.29819e-07 3.05952e-07 -5.13412e-09 1.50409e-07
9.275 2.19925e-07 2.9442e-07 -5.08788e-09 1.44666e-07
9.3 2.1028e-07 2.83262e-07 -4.99173e-09 1.39135e-07
9.325 2.01005e-07 2.72611e-07 -4.84725e-09 1.33882e-07
9.35 1.9222e-07 2.62593e-07 -4.65661e-09 1.28968e-07
9.375 1.84034e-07 2.53327e-07 -4.42256e-09 1.24452e-07
9.4 1.76551e-07 2.44918e-07 -4.14837e-09 1.20385e-07
9.425 1.69865e-07 2.37462e-07 -3.83778e-09 1.16812e-07
9.45 1.64058e-07 2.3104e-07 -3.495e-09 1.13772e-07
9.475 1.59199e-07 2.25719e-07 -3.12461e-09 1.11297e-07
9.5 1.55346e-07 2.21552e-07 -2.73148e-09 1.0941e-07
9.525 1.52541e-07 2.18574e-07 -2.32079e-09 1.08127e-07
9.55 1.50813e-07 2.16805e-07 -1.89788e-09 1.07454e-07
9.575 1.50176e-07 2.16248e-07 -1.4682e-09 1.0739e-07
9.6 1.50628e-07 2.1689e-07 -1.03728e-09 1.07926e-07
9.625 1.52153e-07 2.18701e-07 -6.10617e-10 1.09045e-07
9.65 1.5472e-07 2.21637e-07 -1.93606e-10 1.10721e-07
9.675 1.58284e-07 2.25636e-07 2.0851e-10 1.12922e-07
9.7 1.62787e-07 2.30625e-07 5.90717e-10 1.15608e-07
9.725 1.68157e-07 2.36516e-07 9.48294e-10 1.18732e-07
9.75 1.74311e-07 2.43211e-07 1.27687e-09 1.22244e-07
9.775 1.81156e-07 2.50599e-07 1.57249e-09 1.26086e-07
9.8 1.88589e-07 2.58563e-07 1.83164e-09 1.30197e-07
9.825 1.96501e-07 2.66978e-07 2.05132e-09 1.34515e-07
9.85 2.04775e-07 2.75713e-07 2.22906e-09 1.38971e-07
9.875 2.13291e-07 2.84633e-07 2.36296e-09 1.43498e-07
9.9 2.21925e-07 2.93604e-07 2.4517e-09 1.48028e-07
9.925 2.30553e-07 3.02489e-07 2.49458e-09 1.52492e-07
9.95 2.39049e-07 3.11154e-07 2.4915e-09 1.56823e-07
9.975 2.47293e-07 3.19469e-07 2.44296e-09 1.60956e-07
10 2.55166e-07 3.2731e-07 2.35008e-09 1.6483e-07
10.025 2.62556e-07 3.3456e-07 2.21455e-09 1.68387e-07
10.05 2.69356e-07 3.41108e-07 2.03864e-09 1.71573e-07
10.075 2.75471e-07 3.46857e-07 1.82512e-09 1.74341e-07
10.1 2.80811e-07 3.51719e-07 1.57727e-09 1.76648e-07
10.125 2.85301e-07 3.55619e-07 1.29882e-09 1.78459e-07
10.15 2.88875e-07 3.58494e-07 9.93899e-10 1.79744e-07
10.175 2.9148e-07 3.60298e-07 6.66971e-10 1.80482e-07
10.2 2.93078e-07 3.60996e-07 3.22795e-10 1.80659e-07
10.225 2.93642e-07 3.60571e-07 -3.36459e-11 1.80269e-07
10.25 2.93161e-07 3.5902e-07 -3.97208e-10 1.79311e-07
10.275 2.91637e-07 3.56354e-07 -7.62652e-10 1.77796e-07
10.3 2.89086e-07 3.52601e-07 -1.12471e-09 1.75738e-07
10.325 2.85539e-07 3.47801e-07 -1.47815e-09 1.73161e-07
10.35 2.81039e-07 3.4201e-07 -1.81785e-09 1.70096e-07
10.375 2.75641e-07 3.35295e-07 -2.13885e-09 1.66578e-07
10.4 2.69414e-07 3.27737e-07 -2.43642e-09 1.6265e-07
10.425 2.62435e-07 3.19426e-07 -2.70614e-09 1.5836e-07
10.45 2.54794e-07 3.10463e-07 -2.94391e-09 1.53759e-07
10.475 2.46587e-07 3.00957e-07 -3.14603e-09 1.48905e-07
10.5 2.37919e-07 2.91024e-07 -3.30926e-09 1.43857e-07
10.525 2.289e-07 2.80784e-07 -3.43082e-09 1.38677e-07
10.55 2.19645e-07 2.70364e-07 -3.50845e-09 1.33428e-07
10.575 2.10272e-07 2.5989e-07 -3.54045e-09 1.28175e-07
10.6 2.009e-07 2.4949e-07 -3.52566e-09 1.22982e-07
10.625 1.9165e-07 2.39291e-07 -3.46351e-09 1.17914e-07
10.65 1.82637e-07 2.29417e-07 -3.354e-09 1.13032e-07
10.675 1.73978e-07 2.19988e-07 -3.19772e-09 1.08395e-07
10.7 1.65783e-07 2.11117e-07 -2.99584e-09 1.04061e-07
10.725 1.58155e-07 2.02913e-07 -2.75009e-09 1.00081e-07
10.75 1.51192e-07 1.95473e-07 -2.46273e-09 9.6505e-08
10.775 1.44983e-07 1.88886e-07 -2.13652e-09 9.33749e-08
10.8 1.39607e-07 1.83232e-07 -1.77472e-09 9.07288e-08
10.825 1.35133e-07 1.78577e-07 -1.38102e-09 8.8598e-08
10.85 1.31618e-07 1.74975e-07 -9.59497e-10 8.7008e-08
10.875 1.2911e-07 1.72469e-07 -5.14572e-10 8.59772e-08
10.9 1.2764e-07 1.71086e-07 -5.09599e-11 8.55175e-08
10.925 1.2723e-07 1.70841e-07 4.26389e-10 8.56335e-08
10.95 1.27887e-07 1.71734e-07 9.12351e-10 8.63232e-08
10.975 1.29605e-07 1.73753e-07 1.40168e-09 8.75774e-08
11 1.32367e-07 1.76871e-07 1.88909e-09 8.93802e-08
11.025 1.36142e-07 1.81049e-07 2.36929e-09 9.17092e-08
11.05 1.40885e-07 1.86234e-07 2.83706e-09 9.45356e-08
11.075 1.46543e-07 1.92363e-07 3.2873e-09 9.7825e-08
11.1 1.5305e-07 1.99359e-07 3.71514e-09 1.01537e-07
11.125 1.60329e-07 2.07138e-07 4.11589e-09 1.05627e-07
11.15 1.68295e-07 2.15606e-07 4.48522e-09 1.10046e-07
11.175 1.76856e-07 2.2466e-07 4.8191e-09 1.1474e-07
11.2 1.85911e-07 2.34191e-07 5.11393e-09 1.19653e-07
11.225 1.95354e-07 2.44085e-07 5.36651e-09 1.24726e-07
11.25 2.05074e-07 2.54224e-07 5.57414e-09 1.29899e-07
11.275 2.14959e-07 2.64486e-07 5.73458e-09 1.3511e-07
11.3 2.24892e-07 2.74749e-07 5.84616e-09 1.40298e-07
11.325 2.34758e-07 2.84893e-07 5.90771e-09 1.454e-07
11.35 2.44442e-07 2.94795e-07 5.91864e-09 1.50357e-07
11.375 2.5383e-07 3.0434e-07 5.8789e-09 1.5511e-07
11.4 2.62815e-07 3.13415e-07 5.78901e-09 1.59602e-07
11.425 2.7129e-07 3.21911e-07 5.65003e-09 1.6378e-07
11.45 2.79158e-07 3.29729e-07 5.46356e-09 1.67596e-07
11.475 2.86327e-07 3.36776e-07 5.23173e-09 1.71004e-07
11.5 2.92714e-07 3.42968e-07 4.95716e-09 1.73963e-07
11.525 2.98244e-07 3.48232e-07 4.64293e-09 1.76437e-07
11.55 3.02853e-07 3.52504e-07 4.29255e-09 1.78398e-07
11.575 3.06486e-07 3.55732e-07 3.90992e-09 1.79821e-07
11.6 3.091e-07 3.57876e-07 3.4993e-09 1.80688e-07
11.625 3.10664e-07 3.58908e-07 3.06522e-09 1.80987e-07
11.65 3.11157e-07 3.58813e-07 2.61249e-09 1.80713e-07
11.675 3.10572e-07 3.57587e-07 2.14612e-09 1.79866e-07
11.7 3.08912e-07 3.55239e-07 1.67123e-09 1.78455e-07
11.725 3.06195e-07 3.51791e-07 1.19307e-09 1.76492e-07
11.75 3.02446e-07 3.47277e-07 7.16879e-10 1.73997e-07
11.775 2.97706e-07 3.41741e-07 2.47909e-10 1.70995e-07
11.8 2.92024e-07 3.35242e-07 -2.08688e-10 1.67517e-07
11.825 2.8546e-07 3.27845e-07 -6.4789e-10 1.63598e-07
11.85 2.78084e-07 3.19626e-07 -1.06486e-09 1.5928e-07
11.875 2.69974e-07 3.10671e-07 -1.45501e-09 1.54608e-07
11.9 2.61216e-07 3.01072e-07 -1.81401e-09 1.49629e-07
11.925 2.51904e-07 2.9093e-07 -2.1379e-09 1.44396e-07
11.95 2.42137e-07 2.8035e-07 -2.42305e-09 1.38964e-07
11.975 2.32019e-07 2.69442e-07 -2.66628e-09 1.33388e-07
12 2.21658e-07 2.58319e-07 -2.86481e-09 1.27727e-07
12.025 2.11163e-07 2.47097e-07 -3.01636e-09 1.22041e-07
12.05 2.00646e-07 2.35893e-07 -3.11911e-09 1.16387e-07
12.075 1.90221e-07 2.24823e-07 -3.17177e-09 1.10826e-07
12.1 1.79996e-07 2.14002e-07 -3.17358e-09 1.05414e-07
12.125 1.70082e-07 2.03542e-07 -3.12427e-09 1.00209e-07
12.15 1.60583e-07 1.93552e-07 -3.02414e-09 9.52639e-08
12.175 1.51602e-07 1.84136e-07 -2.87399e-09 9.06308e-08
12.2 1.43235e-07 1.75391e-07 -2.67515e-09 8.6358e-08
12.225 1.3557e-07 1.6741e-07 -2.42943e-09 8.24901e-08
12.25 1.28692e-07 1.60275e-07 -2.13916e-09 7.90677e-08
12.275 1.22675e-07 1.54061e-07 -1.80709e-09 7.6127e-08
12.3 1.17586e-07 1.48835e-07 -1.43645e-09 7.36992e-08
12.325 1.13481e-07 1.44652e-07 -1.03081e-09 7.18108e-08
12.35 1.10407e-07 1.41559e-07 -5.94157e-10 7.04825e-08
12.375 1.08402e-07 1.39591e-07 -1.30775e-10 6.97299e-08
12.4 1.07493e-07 1.38771e-07 3.54763e-10 6.95627e-08
12.425 1.07694e-07 1.39113e-07 8.57644e-10 6.99851e-08
12.45 1.09012e-07 1.40618e-07 1.37287e-09 7.09955e-08
12.475 1.1144e-07 1.43278e-07 1.89529e-09 7.25868e-08
12.5 1.14961e-07 1.47072e-07 2.41966e-09 7.47461e-08
12.525 1.1955e-07 1.5197e-07 2.94071e-09 7.74553e-08
12.55 1.25168e-07 1.57929e-07 3.45315e-09 8.0691e-08
12.575 1.31769e-07 1.64898e-07 3.95177e-09 8.4425e-08
12.6 1.39297e-07 1.72817e-07 4.43146e-09 8.86242e-08
12.625 1.47686e-07 1.81616e-07 4.88724e-09 9.32515e-08
12.65 1.56865e-07 1.91217e-07 5.31437e-09 9.82656e-08
12.675 1.66751e-07 2.01535e-07 5.70832e-09 1.03622e-07
12.7 1.7726e-07 2.1248e-07 6.06487e-09 1.09272e-07
12.725 1.88299e-07 2.23953e-07 6.3801e-09 1.15166e-07
12.75 1.99769e-07 2.35853e-07 6.65048e-09 1.21252e-07
12.775 2.11571e-07 2.48074e-07 6.87286e-09 1.27474e-07
12.8 2.236e-07 2.60509e-07 7.04451e-09 1.33777e-07
12.825 2.35751e-07 2.73047e-07 7.16314e-09 1.40105e-07
12.85 2.47916e-07 2.85578e-07 7.22697e-09 1.46402e-07
12.875 2.59989e-07 2.97991e-07 7.23466e-09 1.52613e-07
12.9 2.71863e-07 3.10176e-07 7.18539e-09 1.58681e-07
12.925 2.83436e-07 3.22027e-07 7.07885e-09 1.64553e-07
12.95 2.94604e-07 3.3344e-07 6.91525e-09 1.70178e-07
12.975 3.05271e-07 3.44315e-07 6.69528e-09 1.75505e-07
13 3.15345e-07 3.54556e-07 6.42019e-09 1.80488e-07
13.025 3.24736e-07 3.64075e-07 6.09169e-09 1.85083e-07
13.05 3.33365e-07 3.72788e-07 5.71199e-09 1.8925e-07
13.075 3.41155e-07 3.8062e-07 5.28378e-09 1.92952e-07
13.1 3.4804e-07 3.87502e-07 4.81019e-09 1.96156e-07
13.125 3.53961e-07 3.93375e-07 4.29478e-09 1.98835e-07
13.15 3.58865e-07 3.98188e-07 3.74153e-09 2.00965e-07
13.175 3.62711e-07 4.01898e-07 3.15477e-09 2.02526e-07
13.2 3.65467e-07 4.04474e-07 2.53918e-09 2.03506e-07
13.225 3.67107e-07 4.05892e-07 1.89975e-09 2.03896e-07
13.25 3.67618e-07 4.06139e-07 1.24173e-09 2.03691e-07
13.275 3.66995e-07 4.05213e-07 5.70616e-10 2.02892e-07
13.3 3.65243e-07 4.0312e-07 -1.07919e-10 2.01506e-07
13.325 3.62377e-07 3.99877e-07 -7.88047e-10 1.99545e-07
13.35 3.58421e-07 3.9551e-07 -1.46383e-09 1.97023e-07
13.375 3.53407e-07 3.90054e-07 -2.12926e-09 1.93962e-07
13.4 3.47378e-07 3.83554e-07 -2.77832e-09 1.90388e-07
13.425 3.40383e-07 3.76064e-07 -3.40499e-09 1.8633e-07
13.45 3.32482e-07 3.67645e-07 -4.00332e-09 1.81821e-07
13.475 3.23741e-07 3.58366e-07 -4.56745e-09 1.76899e-07
13.5 3.14232e-07 3.48305e-07 -5.09168e-09 1.71606e-07
13.525 3.04035e-07 3.37543e-07 -5.57047e-09 1.65986e-07
13.55 2.93237e-07 3.2617e-07 -5.99849e-09 1.60086e-07
13.575 2.81927e-07 3.14281e-07 -6.37067e-09 1.53955e-07
13.6 2.70202e-07 3.01974e-07 -6.68222e-09 1.47646e-07
13.625 2.58159e-07 2.89352e-07 -6.92864e-09 1.41212e-07
13.65 2.45902e-07 2.76522e-07 -7.1058e-09 1.34708e-07
13.675 2.33535e-07 2.6359e-07 -7.2099e-09 1.2819e-07
13.7 2.21164e-07 2.50668e-07 -7.23756e-09 1.21715e-07
13.725 2.08896e-07 2.37864e-07 -7.18577e-09 1.15339e-07
13.75 1.96838e-07 2.25292e-07 -7.05196e-09 1.0912e-07
13.775 1.85097e-07 2.13058e-07 -6.83401e-09 1.03112e-07
13.8 1.73778e-07 2.01274e-07 -6.5302e-09 9.73718e-08
13.825 1.62984e-07 1.90044e-07 -6.13932e-09 9.19521e-08
13.85 1.52815e-07 1.79471e-07 -5.66056e-09 8.69054e-08
13.875 1.43368e-07 1.69657e-07 -5.09362e-09 8.22817e-08
13.9 1.34736e-07 1.60696e-07 -4.43862e-09 7.81288e-08
13.925 1.27008e-07 1.5268e-07 -3.69615e-09 7.44919e-08
13.95 1.20267e-07 1.45694e-07 -2.86725e-09 7.14135e-08
13.975 1.14591e-07 1.39819e-07 -1.95339e-09 6.89327e-08
14 1.1005e-07 1.35127e-07 -9.56468e-10 6.70854e-08
14.025 1.06712e-07 1.31687e-07 1.21211e-10 6.59042e-08
14.05 1.04634e-07 1.29558e-07 1.27695e-09 6.54177e-08
14.075 1.03867e-07 1.28794e-07 2.50766e-09 6.56509e-08
14.1 1.04457e-07 1.29439e-07 3.80991e-09 6.66247e-08
14.125 1.06438e-07 1.31532e-07 5.17995e-09 6.8356e-08
14.15 1.09841e-07 1.35102e-07 6.61369e-09 7.08577e-08
14.175 1.14686e-07 1.4017e-07 8.10677e-09 7.41384e-08
14.2 1.20987e-07 1.46751e-07 9.65459e-09 7.82028e-08
14.225 1.28749e-07 1.5485e-07 1.12523e-08 8.30513e-08
14.25 1.37971e-07 1.64466e-07 1.28948e-08 8.86803e-08
14.275 1.48642e-07 1.75587e-07 1.45769e-08 9.5082e-08
14.3 1.60744e-07 1.88197e-07 1.62933e-08 1.02245e-07
14.325 1.74255e-07 2.02269e-07 1.80384e-08 1.10154e-07
14.35 1.89141e-07 2.17772e-07 1.98066e-08 1.18789e-07
14.375 2.05364e-07 2.34665e-07 2.15924e-08 1.28129e-07
14.4 2.22879e-07 2.52903e-07 2.339e-08 1.38147e-07
14.425 2.41635e-07 2.72433e-07 2.51939e-08 1.48813e-07
14.45 2.61575e-07 2.93195e-07 2.69982e-08 1.60097e-07
14.475 2.82637e-07 3.15127e-07 2.87974e-08 1.71962e-07
14.5 3.04752e-07 3.38157e-07 3.0586e-08 1.84372e-07
14.525 3.27849e-07 3.62213e-07 3.23586e-08 1.97286e-07
14.55 3.51852e-07 3.87215e-07 3.41098e-08 2.10663e-07
14.575 3.7668e-07 4.13081e-07 3.58346e-08 2.24458e-07
14.6 4.0225e-07 4.39726e-07 3.75277e-08 2.38627e-07
14.625 4.28477e-07 4.6706e-07 3.91846e-08 2.53122e-07
14.65 4.55272e-07 4.94992e-07 4.08005e-08 2.67896e-07
14.675 4.82545e-07 5.2343e-07 4.2371e-08 2.829e-07
14.7 5.10204e-07 5.52279e-07 4.3892e-08 2.98085e-07
14.725 5.38158e-07 5.81443e-07 4.53596e-08 3.13401e-07
14.75 5.66312e-07 6.10827e-07 4.677e-08 3.28799e-07
14.775 5.94576e-07 6.40335e-07 4.81199e-08 3.44228e-07
14.8 6.22855e-07 6.69872e-07 4.94062e-08 3.59639e-07
14.825 6.5106e-07 6.99342e-07 5.06259e-08 3.74984e-07
14.85 6.791e-07 7.28652e-07 5.17765e-08 3.90214e-07
14.875 7.06886e-07 7.57711e-07 5.28558e-08 4.05283e-07
14.9 7.34333e-07 7.86428e-07 5.38617e-08 4.20145e-07
14.925 7.61355e-07 8.14717e-07 5.47926e-08 4.34755e-07
14.95 7.87872e-07 8.42494e-07 5.5647e-08 4.4907e-07
14.975 8.13806e-07 8.69675e-07 5.64238e-08 4.63049e-07
15 8.39082e-07 8.96184e-07 5.71221e-08 4.76653e-07
15.025 8.63628e-07 9.21946e-07 5.77415e-08 4.89844e-07
15.05 8.87376e-07 9.46889e-07 5.82815e-08 5.02585e-07
15.075 9.10263e-07 9.70948e-07 5.87422e-08 5.14845e-07
15.1 9.3223e-07 9.94059e-07 5.91238e-08 5.26592e-07
15.125 9.5322e-07 1.01617e-06 5.94268e-08 5.37796e-07
15.15 9.73183e-07 1.03721e-06 5.96519e-08 5.48432e-07
15.175 9.92073e-07 1.05715e-06 5.98e-08 5.58475e-07
15.2 1.00985e-06 1.07594e-06 5.98722e-08 5.67904e-07
15.225 1.02647e-06 1.09353e-06 5.987e-08 5.767e-07
15.25 1.04191e-06 1.1099e-06 5.97949e-08 5.84845e-07
15.275 1.05613e-06 1.125e-06 5.96486e-08 5.92326e-07
15.3 1.06912e-06 1.13883e-06 5.94331e-08 5.99131e-07
15.325 1.08085e-06 1.15135e-06 5.91503e-08 6.05251e-07
15.35 1.09131e-06 1.16255e-06 5.88025e-08 6.10678e-07
15.375 1.10049e-06 1.17242e-06 5.8392e-08 6.15408e-07
15.4 1.10839e-06 1.18096e-06 5.79212e-08 6.1944e-07
15.425 1.115e-06 1.18815e-06 5.73927e-08 6.22772e-07
15.45 1.12033e-06 1.194e-06 5.68091e-08 6.25407e-07
15.475 1.12438e-06 1.19852e-06 5.61731e-08 6.27349e-07
15.5 1.12716e-06 1.20172e-06 5.54875e-08 6.28604e-07
15.525 1.12869e-06 1.20361e-06 5.4755e-08 6.29181e-07
15.55 1.12899e-06 1.2042e-06 5.39786e-08 6.29089e-07
15.575 1.12807e-06 1.20352e-06 5.31611e-08 6.2834e-07
15.6 1.12597e-06 1.20159e-06 5.23053e-08 6.26948e-07
15.625 1.1227e-06 1.19844e-06 5.14142e-08 6.24927e-07
15.65 1.11829e-06 1.1941e-06 5.04907e-08 6.22293e-07
15.675 1.11279e-06 1.18859e-06 4.95376e-08 6.19064e-07
15.7 1.10621e-06 1.18196e-06 4.85578e-08 6.15259e-07
15.725 1.09861e-06 1.17424e-06 4.75541e-08 6.10897e-07
15.75 1.09001e-06 1.16547e-06 4.65292e-08 6.05999e-07
15.775 1.08046e-06 1.15569e-06 4.54858e-08 6.00587e-07
15.8 1.06999e-06 1.14494e-06 4.44267e-08 5.94684e-07
15.825 1.05866e-06 1.13327e-06 4.33544e-08 5.88311e-07
15.85 1.0465e-06 1.12072e-06 4.22714e-08 5.81493e-07
15.875 1.03356e-06 1.10733e-06 4.11802e-08 5.74254e-07
15.9 1.01988e-06 1.09315e-06 4.00831e-08 5.66618e-07
15.925 1.00551e-06 1.07824e-06 3.89824e-08 5.5861e-07
15.95 9.90488e-07 1.06263e-06 3.78803e-08 5.50254e-07
15.975 9.74872e-07 1.04637e-06 3.67789e-08 5.41576e-07
16 9.58701e-07 1.02952e-06 3.56802e-08 5.32599e-07
16.025 9.42022e-07 1.01211e-06 3.45861e-08 5.23349e-07
16.05 9.2488e-07 9.94202e-07 3.34984e-08 5.1385e-07
16.075 9.07321e-07 9.75835e-07 3.24189e-08 5.04127e-07
16.1 8.89387e-07 9.57057e-07 3.13491e-08 4.94203e-07
16.125 8.71124e-07 9.37913e-07 3.02905e-08 4.84102e-07
16.15 8.52573e-07 9.18449e-07 2.92446e-08 4.73847e-07
16.175 8.33777e-07 8.98707e-07 2.82127e-08 4.6346e-07
16.2 8.14776e-07 8.78732e-07 2.7196e-08 4.52964e-07
16.225 7.95611e-07 8.58563e-07 2.61955e-08 4.42379e-07
16.25 7.76319e-07 8.38243e-07 2.52124e-08 4.31728e-07
16.275 7.56938e-07 8.17811e-07 2.42475e-08 4.21029e-07
16.3 7.37503e-07 7.97303e-07 2.33018e-08 4.10302e-07
16.325 7.1805e-07 7.76758e-07 2.23758e-08 3.99567e-07
16.35 6.98612e-07 7.56209e-07 2.14703e-08 3.8884e-07
16.375 6.7922e-07 7.35691e-07 2.05859e-08 3.78139e-07
16.4 6.59904e-07 7.15236e-07 1.9723e-08 3.6748e-07
16.425 6.40693e-07 6.94875e-07 1.8882e-08 3.56878e-07
16.45 6.21614e-07 6.74636e-07 1.80634e-08 3.4635e-07
16.475 6.02694e-07 6.54547e-07 1.72673e-08 3.35907e-07
16.5 5.83955e-07 6.34634e-07 1.6494e-08 3.25564e-07
16.525 5.65421e-07 6.14922e-07 1.57435e-08 3.15333e-07
16.55 5.47112e-07 5.95433e-07 1.5016e-08 3.05224e-07
16.575 5.29049e-07 5.76188e-07 1.43115e-08 2.9525e-07
16.6 5.1125e-07 5.57207e-07 1.36299e-08 2.85419e-07
16.625 4.9373e-07 5.38509e-07 1.29711e-08 2.7574e-07
16.65 4.76505e-07 5.20109e-07 1.2335e-08 2.66222e-07
16.675 4.59589e-07 5.02024e-07 1.17214e-08 2.56872e-07
16.7 4.42994e-07 4.84266e-07 1.113e-08 2.47698e-07
16.725 4.26732e-07 4.66849e-07 1.05606e-08 2.38705e-07
16.75 4.10811e-07 4.49783e-07 1.00129e-08 2.29898e-07
16.775 3.95241e-07 4.33078e-07 9.48644e-09 2.21282e-07
16.8 3.80029e-07 4.16742e-07 8.98098e-09 2.12861e-07
16.825 3.65181e-07 4.00783e-07 8.49608e-09 2.04639e-07
16.85 3.50702e-07 3.85206e-07 8.03132e-09 1.96619e-07
16.875 3.36595e-07 3.70017e-07 7.58626e-09 1.88801e-07
16.9 3.22864e-07 3.55218e-07 7.16045e-09 1.81189e-07
16.925 3.09511e-07 3.40814e-07 6.75339e-09 1.73784e-07
16.95 2.96536e-07 3.26805e-07 6.36462e-09 1.66585e-07
16.975 2.83941e-07 3.13193e-07 5.99363e-09 1.59593e-07
17 2.71723e-07 2.99977e-07 5.63991e-09 1.52808e-07
17.025 2.59882e-07 2.87156e-07 5.30295e-09 1.4623e-07
17.05 2.48415e-07 2.74729e-07 4.98223e-09 1.39856e-07
17.075 2.3732e-07 2.62694e-07 4.67722e-09 1.33686e-07
17.1 2.26593e-07 2.51046e-07 4.38741e-09 1.27717e-07
17.125 2.16229e-07 2.39783e-07 4.11226e-09 1.21948e-07
17.15 2.06225e-07 2.289e-07 3.85127e-09 1.16376e-07
17.175 1.96576e-07 2.18393e-07 3.60391e-09 1.10998e-07
17.2 1.87275e-07 2.08255e-07 3.36966e-09 1.05812e-07
17.225 1.78317e-07 1.98481e-07 3.14803e-09 1.00814e-07
17.25 1.69695e-07 1.89065e-07 2.9385e-09 9.60016e-08
17.275 1.61403e-07 1.8e-07 2.74058e-09 9.13701e-08
17.3 1.53434e-07 1.71279e-07 2.5538e-09 8.69164e-08
17.325 1.45781e-07 1.62895e-07 2.37766e-09 8.26365e-08
17.35 1.38436e-07 1.54841e-07 2.21172e-09 7.85265e-08
17.375 1.31391e-07 1.47109e-07 2.0555e-09 7.45824e-08
17.4 1.2464e-07 1.39691e-07 1.90857e-09 7.07999e-08
17.425 1.18174e-07 1.32579e-07 1.7705e-09 6.71749e-08
17.45 1.11986e-07 1.25765e-07 1.64085e-09 6.3703e-08
17.475 1.06066e-07 1.19241e-07 1.51923e-09 6.038e-08
17.5 1.00409e-07 1.12998e-07 1.40524e-09 5.72016e-08
17.525 9.50039e-08 1.07028e-07 1.29849e-09 5.41633e-08
17.55 8.98445e-08 1.01323e-07 1.19861e-09 5.12609e-08
17.575 8.49224e-08 9.58747e-08 1.10525e-09 4.849e-08
17.6 8.02296e-08 9.06743e-08 1.01805e-09 4.58462e-08
17.625 7.57581e-08 8.57139e-08 9.36687e-10 4.33253e-08
17.65 7.15003e-08 8.09852e-08 8.60839e-10 4.0923e-08
17.675 6.74483e-08 7.64801e-08 7.90198e-10 3.86352e-08
17.7 6.35945e-08 7.21907e-08 7.2447e-10 3.64576e-08
17.725 5.99315e-08 6.8109e-08 6.63371e-10 3.43862e-08
17.75 5.64519e-08 6.42272e-08 6.06631e-10 3.24169e-08
17.775 5.31484e-08 6.05378e-08 5.53991e-10 3.05459e-08
17.8 5.00141e-08 5.70332e-08 5.05205e-10 2.87692e-08
17.825 4.70418e-08 5.3706e-08 4.60037e-10 2.7083e-08
17.85 4.4225e-08 5.05492e-08 4.18262e-10 2.54837e-08
17.875 4.1557e-08 4.75556e-08 3.79667e-10 2.39676e-08
17.9 3.90314e-08 4.47184e-08 3.44049e-10 2.25312e-08
17.925 3.66419e-08 4.20309e-08 3.11215e-10 2.1171e-08
17.95 3.43824e-08 3.94867e-08 2.80983e-10 1.98838e-08
17.975 3.22471e-08 3.70793e-08 2.53179e-10 1.86663e-08
18 3.02303e-08 3.48028e-08 2.27639e-10 1.75152e-08
18.025 2.83264e-08 3.26512e-08 2.04208e-10 1.64277e-08
18.05 2.65301e-08 3.06186e-08 1.8274e-10 1.54007e-08
18.075 2.48363e-08 2.86996e-08 1.63097e-10 1.44313e-08
18.1 2.32399e-08 2.68887e-08 1.45148e-10 1.35169e-08
18.125 2.17361e-08 2.51807e-08 1.28771e-10 1.26547e-08
18.15 2.03203e-08 2.35707e-08 1.13851e-10 1.18423e-08
18.175 1.89882e-08 2.20538e-08 1.00279e-10 1.1077e-08
18.2 1.77353e-08 2.06254e-08 8.79539e-11 1.03567e-08
18.225 1.65576e-08 1.92809e-08 7.678e-11 9.67886e-09
18.25 1.54511e-08 1.80162e-08 6.66683e-11 9.04143e-09
18.275 1.44122e-08 1.6827e-08 5.75351e-11 8.44228e-09
18.3 1.34371e-08 1.57095e-08 4.93025e-11 7.8794e-09
18.325 1.25224e-08 1.46598e-08 4.18975e-11 7.35084e-09
18.35 1.16648e-08 1.36743e-08 3.52523e-11 6.85477e-09
18.375 1.08611e-08 1.27495e-08 2.93035e-11 6.38942e-09
18.4 1.01083e-08 1.18822e-08 2.39922e-11 5.9531e-09
18.425 9.40363e-09 1.10691e-08 1.92636e-11 5.54419e-09
18.45 8.74423e-09 1.03073e-08 1.5067e-11 5.16117e-09
18.475 8.12753e-09 9.59377e-09 1.13551e-11 4.80256e-09
18.5 7.55104e-09 8.92587e-09 8.08439e-12 4.46698e-09
18.525 7.01241e-09 8.30096e-09 5.21433e-12 4.15309e-09
18.55 6.50939e-09 7.71655e-09 2.70763e-12 3.85963e-09
18.575 6.03986e-09 7.17027e-09 5.29817e-13 3.5854e-09
18.6 5.6018e-09 6.65987e-09 -1.35088e-12 3.32926e-09
18.625 5.19329e-09 6.18323e-09 -2.96373e-12 3.09013e-09
18.65 4.81252e-09 5.73831e-09 -4.33561e-12 2.86699e-09
18.675 4.45778e-09 5.3232e-09 -5.49123e-12 2.65885e-09
18.7 4.12744e-09 4.93608e-09 -6.45323e-12 2.46481e-09
18.725 3.81997e-09 4.57523e-09 -7.24235e-12 2.28399e-09
18.75 3.53391e-09 4.23902e-09 -7.87757e-12 2.11557e-09
18.775 3.26791e-09 3.92591e-09 -8.37618e-12 1.95877e-09
18.8 3.02067e-09 3.63445e-09 -8.75396e-12 1.81285e-09
18.825 2.79097e-09 3.36325e-09 -9.02528e-12 1.67711e-09
18.85 2.57767e-09 3.11104e-09 -9.20318e-12 1.55092e-09
18.875 2.37969e-09 2.87657e-09 -9.29949e-12 1.43364e-09
18.9 2.196e-09 2.65871e-09 -9.32492e-12 1.32469e-09
18.925 2.02566e-09 2.45636e-09 -9.28914e-12 1.22353e-09
18.95 1.86776e-09 2.2685e-09 -9.20086e-12 1.12965e-09
18.975 1.72147e-09 2.09417e-09 -9.06794e-12 1.04255e-09
19 1.58599e-09 1.93248e-09 -8.8974e-12 9.6179e-10
19.025 1.46058e-09 1.78256e-09 -8.69555e-12 8.86931e-10
19.05 1.34454e-09 1.64362e-09 -8.46801e-12 8.17575e-10
19.075 1.23721e-09 1.51491e-09 -8.21978e-12 7.53345e-10
19.1 1.138e-09 1.39573e-09 -7.9553e-12 6.93889e-10
19.125 1.04632e-09 1.28543e-09 -7.67851e-12 6.38875e-10
19.15 9.61637e-10 1.18338e-09 -7.39285e-12 5.87992e-10
19.175 8.83456e-10 1.089e-09 -7.10135e-12 5.40951e-10
19.2 8.11307e-10 1.00177e-09 -6.80668e-12 4.97481e-10
19.225 7.44753e-10 9.21163e-10 -6.51111e-12 4.57326e-10
19.25 6.83388e-10 8.46716e-10 -6.21664e-12 4.2025e-10
19.275 6.2683e-10 7.77986e-10 -5.92496e-12 3.86031e-10
19.3 5.74726e-10 7.1456e-10 -5.63752e-12 3.54461e-10
19.325 5.26746e-10 6.56054e-10 -5.35553e-12 3.25349e-10
19.35 4.82581e-10 6.02108e-10 -5.08001e-12 2.98514e-10
19.375 4.41946e-10 5.52387e-10 -4.81177e-12 2.73788e-10
19.4 4.04574e-10 5.06579e-10 -4.55149e-12 2.51014e-10
19.425 3.70218e-10 4.64394e-10 -4.29968e-12 2.30047e-10
19.45 3.38648e-10 4.25561e-10 -4.05674e-12 2.10752e-10
19.475 3.09649e-10 3.89828e-10 -3.82294e-12 1.93002e-10
19.5 2.83024e-10 3.56961e-10 -3.59849e-12 1.76681e-10
19.525 2.58588e-10 3.26742e-10 -3.38346e-12 1.61679e-10
19.55 2.36171e-10 2.9897e-10 -3.17789e-12 1.47896e-10
19.575 2.15614e-10 2.73456e-10 -2.98173e-12 1.35237e-10
19.6 1.96772e-10 2.50026e-10 -2.7949e-12 1.23616e-10
19.625 1.79507e-10 2.28519e-10 -2.61724e-12 1.12951e-10
19.65 1.63694e-10 2.08784e-10 -2.44859e-12 1.03168e-10
19.675 1.49217e-10 1.90683e-10 -2.28872e-12 9.41973e-11
19.7 1.35969e-10 1.74088e-10 -2.1374e-12 8.59751e-11
19.725 1.2385e-10 1.58878e-10 -1.99438e-12 7.84416e-11
19.75 1.12769e-10 1.44943e-10 -1.85936e-12 7.1542e-11
19.775 1.0264e-10 1.32183e-10 -1.73208e-12 6.52254e-11
19.8 9.33859e-11 1.20502e-10 -1.61222e-12 5.94447e-11
19.825 8.49341e-11 1.09813e-10 -1.4995e-12 5.41566e-11
19.85 7.72183e-11 1.00036e-10 -1.39359e-12 4.9321e-11
19.875 7.01771e-11 9.10959e-11 -1.29421e-12 4.49009e-11
19.9 6.37541e-11 8.29251e-11 -1.20103e-12 4.0862e-11
19.925 5.78974e-11 7.54599e-11 -1.11378e-12 3.7173e-11
19.95 5.25592e-11 6.8642e-11 -1.03214e-12 3.38049e-11
19.975 4.76954e-11 6.24176e-11 -9.55824e-13 3.07309e-11
20 4.32657e-11 5.67373e-11 -8.84559e-13 2.79264e-11
