0 3.46289e-06 3.00124e-06 -3.69126e-05 -1.69557e-05
0.025 3.46289e-06 3.00124e-06 -3.69126e-05 -1.69557e-05
0.05 6.91234e-06 5.99141e-06 -7.37527e-05 -3.38806e-05
0.075 1.03349e-05 8.95948e-06 -0.000110448 -5.07442e-05
0.1 1.37174e-05 1.18945e-05 -0.000146926 -6.75158e-05
0.125 1.70466e-05 1.47857e-05 -0.000183116 -8.41653e-05
0.15 2.03096e-05 1.76223e-05 -0.000218948 -0.000100663
0.175 2.34936e-05 2.0394e-05 -0.000254351 -0.000116978
0.2 2.65863e-05 2.30906e-05 -0.000289258 -0.000133083
0.225 2.95756e-05 2.57021e-05 -0.000323601 -0.000148949
0.25 3.24498e-05 2.8219e-05 -0.000357315 -0.000164548
0.275 3.51978e-05 3.06321e-05 -0.000390338 -0.000179853
0.3 3.78086e-05 3.29326e-05 -0.000422606 -0.000194837
0.325 4.02722e-05 3.51122e-05 -0.000454061 -0.000209474
0.35 4.25788e-05 3.71628e-05 -0.000484645 -0.000223741
0.375 4.47193e-05 3.90773e-05 -0.000514304 -0.000237613
0.4 4.66852e-05 4.08486e-05 -0.000542986 -0.000251068
0.425 4.84689e-05 4.24706e-05 -0.00057064 -0.000264085
0.45 5.00632e-05 4.39376e-05 -0.000597221 -0.000276642
0.475 5.14617e-05 4.52444e-05 -0.000622685 -0.00028872
0.5 5.2659e-05 4.63867e-05 -0.000646991 -0.000300302
0.525 5.36502e-05 4.73607e-05 -0.000670103 -0.000311371
0.55 5.44314e-05 4.81634e-05 -0.000691986 -0.000321911
0.575 5.49994e-05 4.87923e-05 -0.00071261 -0.000331909
0.6 5.53519e-05 4.92459e-05 -0.000731948 -0.000341351
0.625 5.54876e-05 4.95231e-05 -0.000749977 -0.000350227
0.65 5.54059e-05 4.96239e-05 -0.000766676 -0.000358526
0.675 5.51071e-05 4.95488e-05 -0.000782031 -0.000366241
0.7 5.45926e-05 4.92991e-05 -0.000796027 -0.000373364
0.725 5.38644e-05 4.88768e-05 -0.000808658 -0.000379891
0.75 5.29258e-05 4.8285e-05 -0.000819917 -0.000385816
0.775 5.17806e-05 4.7527e-05 -0.000829804 -0.000391139
0.8 5.04337e-05 4.66073e-05 -0.000838322 -0.000395857
0.825 4.8891e-05 4.5531e-05 -0.000845476 -0.000399973
0.85 4.7159e-05 4.43039e-05 -0.000851278 -0.000403487
0.875 4.52452e-05 4.29325e-05 -0.00085574 -0.000406404
0.9 4.31581e-05 4.14241e-05 -0.00085888 -0.000408728
0.925 4.09068e-05 3.97867e-05 -0.000860719 -0.000410466
0.95 3.85014e-05 3.80288e-05 -0.000861282 -0.000411627
0.975 3.59525e-05 3.61598e-05 -0.000860596 -0.000412218
1 3.32716e-05 3.41894e-05 -0.000858693 -0.000412252
1.025 3.04711e-05 3.21283e-05 -0.000855606 -0.000411739
1.05 2.75638e-05 2.99873e-05 -0.000851374 -0.000410693
1.075 2.45632e-05 2.77781e-05 -0.000846037 -0.00040913
1.1 2.14834e-05 2.55128e-05 -0.000839638 -0.000407063
1.125 1.83392e-05 2.32039e-05 -0.000832224 -0.00040451
1.15 1.51458e-05 2.08643e-05 -0.000823843 -0.000401489
1.175 1.19187e-05 1.85073e-05 -0.000814546 -0.000398019
1.2 8.67404e-06 1.61467e-05 -0.000804387 -0.00039412
1.225 5.4282e-06 1.37964e-05 -0.000793421 -0.000389812
1.25 2.19785e-06 1.14705e-05 -0.000781706 -0.000385118
1.275 -1.00008e-06 9.18349e-06 -0.0007693 -0.000380058
1.3 -4.14849e-06 6.94992e-06 -0.000756266 -0.000374658
1.325 -7.23016e-06 4.78442e-06 -0.000742664 -0.00036894
1.35 -1.02278e-05 2.70169e-06 -0.000728559 -0.000362929
1.375 -1.31242e-05 7.164e-07 -0.000714015 -0.00035665
1.4 -1.59022e-05 -1.15682e-06 -0.000699098 -0.000350127
1.425 -1.85447e-05 -2.90346e-06 -0.000683873 -0.000343388
1.45 -2.10349e-05 -4.50919e-06 -0.000668407 -0.000336458
1.475 -2.33561e-05 -5.95988e-06 -0.000652766 -0.000329363
1.5 -2.54923e-05 -7.24171e-06 -0.000637017 -0.00032213
1.525 -2.74275e-05 -8.34118e-06 -0.000621228 -0.000314784
1.55 -2.91463e-05 -9.24517e-06 -0.000605463 -0.000307354
1.575 -3.06339e-05 -9.94102e-06 -0.000589789 -0.000299865
1.6 -3.18761e-05 -1.04166e-05 -0.00057427 -0.000292343
1.625 -3.28593e-05 -1.06602e-05 -0.000558971 -0.000284815
1.65 -3.35705e-05 -1.06608e-05 -0.000543954 -0.000277307
1.675 -3.39977e-05 -1.04082e-05 -0.000529281 -0.000269845
1.7 -3.41295e-05 -9.89256e-06 -0.000515012 -0.000262452
1.725 -3.39555e-05 -9.10501e-06 -0.000501205 -0.000255155
1.75 -3.34662e-05 -8.03741e-06 -0.000487917 -0.000247977
1.775 -3.26531e-05 -6.68247e-06 -0.000475202 -0.000240942
1.8 -3.15087e-05 -5.03375e-06 -0.000463112 -0.000234073
1.825 -3.00265e-05 -3.08573e-06 -0.000451699 -0.000227392
1.85 -2.82011e-05 -8.33842e-07 -0.000441008 -0.000220921
1.875 -2.60284e-05 1.72553e-06 -0.000431086 -0.00021468
1.9 -2.35053e-05 4.59498e-06 -0.000421974 -0.00020869
1.925 -2.06298e-05 7.77608e-06 -0.000413712 -0.000202968
1.95 -1.74013e-05 1.12694e-05 -0.000406336 -0.000197533
1.975 -1.38203e-05 1.50743e-05 -0.00039988 -0.000192403
2 -9.88865e-06 1.91892e-05 -0.000394374 -0.000187592
2.025 -5.60927e-06 2.36115e-05 -0.000389845 -0.000183117
2.05 -9.86429e-07 2.83373e-05 -0.000386316 -0.000178989
2.075 3.9744e-06 3.33616e-05 -0.000383808 -0.000175223
2.1 9.2665e-06 3.86787e-05 -0.000382339 -0.00017183
2.125 1.4882e-05 4.42812e-05 -0.00038192 -0.00016882
2.15 2.08116e-05 5.01612e-05 -0.000382563 -0.000166201
2.175 2.70453e-05 5.63095e-05 -0.000384274 -0.000163983
2.2 3.35714e-05 6.27157e-05 -0.000387056 -0.00016217
2.225 4.03775e-05 6.93686e-05 -0.000390909 -0.00016077
2.25 4.74499e-05 7.62561e-05 -0.000395828 -0.000159786
2.275 5.47739e-05 8.33649e-05 -0.000401806 -0.00015922
2.3 6.23339e-05 9.06809e-05 -0.000408832 -0.000159076
2.325 7.01134e-05 9.81892e-05 -0.000416892 -0.000159352
2.35 7.80948e-05 0.000105874 -0.000425969 -0.000160047
2.375 8.62598e-05 0.000113719 -0.000436042 -0.000161161
2.4 9.45894e-05 0.000121706 -0.000447086 -0.00016269
2.425 0.000103064 0.000129819 -0.000459075 -0.000164628
2.45 0.000111663 0.000138037 -0.000471979 -0.000166971
2.475 0.000120365 0.000146343 -0.000485766 -0.000169712
2.5 0.00012915 0.000154716 -0.000500399 -0.000172842
2.525 0.000137995 0.000163137 -0.000515841 -0.000176352
2.55 0.000146878 0.000171585 -0.00053205 -0.000180233
2.575 0.000155777 0.000180039 -0.000548985 -0.000184473
2.6 0.00016467 0.00018848 -0.000566599 -0.00018906
2.625 0.000173533 0.000196885 -0.000584847 -0.000193981
2.65 0.000182344 0.000205235 -0.000603677 -0.000199221
2.675 0.000191081 0.000213507 -0.000623041 -0.000204767
2.7 0.000199721 0.000221682 -0.000642886 -0.000210602
2.725 0.000208242 0.000229739 -0.000663158 -0.00021671
2.75 0.000216622 0.000237656 -0.000683802 -0.000223073
2.775 0.000224841 0.000245415 -0.000704763 -0.000229674
2.8 0.000232876 0.000252995 -0.000725984 -0.000236494
2.825 0.000240709 0.000260378 -0.000747408 -0.000243515
2.85 0.000248318 0.000267544 -0.000768978 -0.000250717
2.875 0.000255685 0.000274476 -0.000790635 -0.00025808
2.9 0.000262793 0.000281156 -0.000812322 -0.000265583
2.925 0.000269623 0.000287568 -0.000833981 -0.000273207
2.95 0.000276159 0.000293695 -0.000855555 -0.00028093
2.975 0.000282385 0.000299524 -0.000876986 -0.000288731
3 0.000288287 0.000305039 -0.000898219 -0.00029659
3.025 0.000293851 0.000310227 -0.000919198 -0.000304485
3.05 0.000299066 0.000315077 -0.000939868 -0.000312396
3.075 0.000303919 0.000319577 -0.000960177 -0.0003203
3.1 0.0003084 0.000323717 -0.000980072 -0.000328177
3.125 0.000312501 0.000327489 -0.000999503 -0.000336007
3.15 0.000316213 0.000330884 -0.00101842 -0.000343769
3.175 0.000319531 0.000333896 -0.00103678 -0.000351442
3.2 0.000322448 0.00033652 -0.00105454 -0.000359008
3.225 0.00032496 0.00033875 -0.00107164 -0.000366446
3.25 0.000327065 0.000340583 -0.00108806 -0.000373738
3.275 0.000328762 0.000342019 -0.00110375 -0.000380866
3.3 0.000330048 0.000343055 -0.00111868 -0.000387812
3.325 0.000330926 0.000343693 -0.00113281 -0.000394558
3.35 0.000331398 0.000343933 -0.00114611 -0.000401088
3.375 0.000331465 0.000343778 -0.00115855 -0.000407387
3.4 0.000331133 0.000343232 -0.00117011 -0.000413439
3.425 0.000330407 0.0003423 -0.00118076 -0.00041923
3.45 0.000329294 0.000340988 -0.00119048 -0.000424748
3.475 0.000327799 0.000339302 -0.00119926 -0.000429979
3.5 0.000325933 0.000337249 -0.00120707 -0.000434912
3.525 0.000323704 0.00033484 -0.00121391 -0.000439536
3.55 0.000321123 0.000332083 -0.00121977 -0.000443842
3.575 0.0003182 0.000328989 -0.00122463 -0.00044782
3.6 0.000314947 0.000325569 -0.0012285 -0.000451463
3.625 0.000311378 0.000321836 -0.00123136 -0.000454764
3.65 0.000307503 0.0003178 -0.00123323 -0.000457716
3.675 0.000303339 0.000313477 -0.00123411 -0.000460316
3.7 0.000298898 0.000308879 -0.001234 -0.000462559
3.725 0.000294196 0.000304022 -0.0012329 -0.000464441
3.75 0.000289248 0.000298918 -0.00123084 -0.000465962
3.775 0.000284068 0.000293585 -0.00122782 -0.000467119
3.8 0.000278673 0.000288036 -0.00122386 -0.000467914
3.825 0.000273079 0.000282289 -0.00121898 -0.000468346
3.85 0.000267302 0.000276357 -0.00121319 -0.000468417
3.875 0.000261358 0.000270258 -0.00120652 -0.00046813
3.9 0.000255263 0.000264008 -0.00119898 -0.000467488
3.925 0.000249033 0.000257622 -0.00119061 -0.000466497
3.95 0.000242685 0.000251116 -0.00118144 -0.00046516
3.975 0.000236234 0.000244506 -0.00117147 -0.000463483
4 0.000229697 0.000237808 -0.00116076 -0.000461474
4.025 0.000223087 0.000231038 -0.00114932 -0.000459139
4.05 0.000216422 0.00022421 -0.00113718 -0.000456487
4.075 0.000209716 0.000217339 -0.00112439 -0.000453526
4.1 0.000202982 0.00021044 -0.00111097 -0.000450266
4.125 0.000196236 0.000203528 -0.00109696 -0.000446715
4.15 0.000189491 0.000196615 -0.00108238 -0.000442884
4.175 0.000182761 0.000189716 -0.00106728 -0.000438784
4.2 0.000176057 0.000182843 -0.0010517 -0.000434426
4.225 0.000169392 0.000176008 -0.00103565 -0.000429822
4.25 0.000162778 0.000169223 -0.00101919 -0.000424982
4.275 0.000156226 0.000162499 -0.00100234 -0.00041992
4.3 0.000149745 0.000155847 -0.000985141 -0.000414647
4.325 0.000143347 0.000149277 -0.000967628 -0.000409175
4.35 0.000137039 0.000142799 -0.000949836 -0.000403518
4.375 0.000130831 0.00013642 -0.000931797 -0.000397688
4.4 0.00012473 0.00013015 -0.000913546 -0.000391698
4.425 0.000118745 0.000123995 -0.000895116 -0.00038556
4.45 0.000112881 0.000117963 -0.000876539 -0.000379288
4.475 0.000107145 0.00011206 -0.000857846 -0.000372893
4.5 0.000101541 0.000106292 -0.000839069 -0.000366389
4.525 9.60761e-05 0.000100663 -0.000820238 -0.000359787
4.55 9.0753e-05 9.51785e-05 -0.000801381 -0.000353101
4.575 8.55758e-05 8.98419e-05 -0.000782526 -0.000346342
4.6 8.05476e-05 8.46566e-05 -0.0007637 -0.000339522
4.625 7.56709e-05 7.96253e-05 -0.00074493 -0.000332653
4.65 7.09478e-05 7.47503e-05 -0.00072624 -0.000325745
4.675 6.63798e-05 7.00331e-05 -0.000707654 -0.000318811
4.7 6.19679e-05 6.54749e-05 -0.000689194 -0.00031186
4.725 5.77127e-05 6.10765e-05 -0.000670881 -0.000304902
4.75 5.36141e-05 5.68379e-05 -0.000652737 -0.000297949
4.775 4.9672e-05 5.27591e-05 -0.000634778 -0.00029101
4.8 4.58856e-05 4.88394e-05 -0.000617024 -0.000284092
4.825 4.22538e-05 4.50777e-05 -0.000599491 -0.000277207
4.85 3.87751e-05 4.14726e-05 -0.000582194 -0.000270361
4.875 3.54477e-05 3.80225e-05 -0.000565148 -0.000263563
4.9 3.22696e-05 3.47253e-05 -0.000548364 -0.00025682
4.925 2.92383e-05 3.15786e-05 -0.000531856 -0.000250139
4.95 2.63514e-05 2.85799e-05 -0.000515634 -0.000243527
4.975 2.36058e-05 2.57263e-05 -0.000499707 -0.00023699
5 2.09986e-05 2.30147e-05 -0.000484084 -0.000230535
5.025 1.85265e-05 2.0442e-05 -0.000468773 -0.000224165
5.05 1.61861e-05 1.80045e-05 -0.000453779 -0.000217887
5.075 1.39739e-05 1.56989e-05 -0.000439109 -0.000211705
5.1 1.18861e-05 1.35214e-05 -0.000424766 -0.000205622
5.125 9.91908e-06 1.14682e-05 -0.000410755 -0.000199643
5.15 8.06895e-06 9.53533e-06 -0.000397077 -0.000193771
5.175 6.3318e-06 7.7189e-06 -0.000383735 -0.000188008
5.2 4.70369e-06 6.01489e-06 -0.000370731 -0.000182358
5.225 3.18063e-06 4.41924e-06 -0.000358063 -0.000176822
5.25 1.75864e-06 2.92789e-06 -0.000345732 -0.000171402
5.275 4.33731e-07 1.53678e-06 -0.000333737 -0.0001661
5.3 -7.9807e-07 2.41839e-07 -0.000322076 -0.000160917
5.325 -1.94071e-06 -9.60952e-07 -0.000310747 -0.000155854
5.35 -2.99808e-06 -2.07559e-06 -0.000299746 -0.000150911
5.375 -3.97406e-06 -3.10602e-06 -0.000289071 -0.000146088
5.4 -4.87243e-06 -4.05613e-06 -0.000278717 -0.000141387
5.425 -5.69692e-06 -4.92974e-06 -0.000268681 -0.000136805
5.45 -6.45118e-06 -5.7306e-06 -0.000258957 -0.000132344
5.475 -7.13879e-06 -6.46237e-06 -0.000249542 -0.000128002
5.5 -7.76323e-06 -7.12864e-06 -0.000240428 -0.000123778
5.525 -8.3279e-06 -7.73288e-06 -0.000231612 -0.000119672
5.55 -8.83608e-06 -8.27848e-06 -0.000223086 -0.000115682
5.575 -9.29096e-06 -8.76873e-06 -0.000214845 -0.000111807
5.6 -9.69564e-06 -9.2068e-06 -0.000206883 -0.000108045
5.625 -1.00531e-05 -9.59577e-06 -0.000199193 -0.000104394
5.65 -1.03662e-05 -9.93859e-06 -0.000191769 -0.000100854
5.675 -1.06378e-05 -1.02381e-05 -0.000184604 -9.74208e-05
5.7 -1.08704e-05 -1.04971e-05 -0.000177691 -9.40939e-05
5.725 -1.10666e-05 -1.07182e-05 -0.000171023 -9.08708e-05
5.75 -1.12289e-05 -1.09038e-05 -0.000164595 -8.77494e-05
5.775 -1.13596e-05 -1.10565e-05 -0.000158399 -8.47275e-05
5.8 -1.1461e-05 -1.11784e-05 -0.000152427 -8.18029e-05
5.825 -1.1535e-05 -1.12718e-05 -0.000146675 -7.89733e-05
5.85 -1.15839e-05 -1.13388e-05 -0.000141134 -7.62363e-05
5.875 -1.16094e-05 -1.13814e-05 -0.000135798 -7.35897e-05
5.9 -1.16134e-05 -1.14014e-05 -0.000130661 -7.1031e-05
5.925 -1.15976e-05 -1.14006e-05 -0.000125715 -6.8558e-05
5.95 -1.15637e-05 -1.13807e-05 -0.000120956 -6.61682e-05
5.975 -1.15131e-05 -1.13433e-05 -0.000116375 -6.38593e-05
6 -1.14473e-05 -1.12899e-05 -0.000111968 -6.1629e-05
6.025 -1.13678e-05 -1.12219e-05 -0.000107728 -5.94749e-05
6.05 -1.12757e-05 -1.11406e-05 -0.000103649 -5.73948e-05
6.075 -1.11723e-05 -1.10473e-05 -9.97255e-05 -5.53864e-05
6.1 -1.10587e-05 -1.09432e-05 -9.59517e-05 -5.34474e-05
6.125 -1.0936e-05 -1.08293e-05 -9.23221e-05 -5.15757e-05
6.15 -1.08051e-05 -1.07066e-05 -8.88314e-05 -4.9769e-05
6.175 -1.06669e-05 -1.05762e-05 -8.54743e-05 -4.80252e-05
6.2 -1.05224e-05 -1.04389e-05 -8.22458e-05 -4.63424e-05
6.225 -1.03723e-05 -1.02956e-05 -7.91411e-05 -4.47183e-05
6.25 -1.02174e-05 -1.01469e-05 -7.61553e-05 -4.31511e-05
6.275 -1.00583e-05 -9.99373e-06 -7.32838e-05 -4.16388e-05
6.3 -9.89568e-06 -9.83663e-06 -7.05222e-05 -4.01794e-05
6.325 -9.73015e-06 -9.67624e-06 -6.78662e-05 -3.87712e-05
6.35 -9.56223e-06 -9.51312e-06 -6.53117e-05 -3.74124e-05
6.375 -9.39243e-06 -9.34779e-06 -6.28546e-05 -3.61012e-05
6.4 -9.2212e-06 -9.18075e-06 -6.04912e-05 -3.4836e-05
6.425 -9.04896e-06 -9.01241e-06 -5.82176e-05 -3.3615e-05
6.45 -8.8761e-06 -8.8432e-06 -5.60303e-05 -3.24368e-05
6.475 -8.70297e-06 -8.67347e-06 -5.39259e-05 -3.12997e-05
6.5 -8.5299e-06 -8.50357e-06 -5.19012e-05 -3.02024e-05
6.525 -8.35717e-06 -8.3338e-06 -4.99528e-05 -2.91433e-05
6.55 -8.18505e-06 -8.16444e-06 -4.80778e-05 -2.81211e-05
6.575 -8.01378e-06 -7.99574e-06 -4.62732e-05 -2.71345e-05
6.6 -7.84357e-06 -7.82793e-06 -4.45363e-05 -2.61821e-05
6.625 -7.67462e-06 -7.66122e-06 -4.28644e-05 -2.52628e-05
6.65 -7.50711e-06 -7.49578e-06 -4.12549e-05 -2.43753e-05
6.675 -7.34118e-06 -7.33179e-06 -3.97053e-05 -2.35185e-05
6.7 -7.17698e-06 -7.16939e-06 -3.82133e-05 -2.26913e-05
6.725 -7.01463e-06 -7.00871e-06 -3.67767e-05 -2.18927e-05
6.75 -6.85424e-06 -6.84987e-06 -3.53932e-05 -2.11215e-05
6.775 -6.6959e-06 -6.69297e-06 -3.40608e-05 -2.03769e-05
6.8 -6.5397e-06 -6.5381e-06 -3.27776e-05 -1.96578e-05
6.825 -6.38569e-06 -6.38533e-06 -3.15416e-05 -1.89635e-05
6.85 -6.23396e-06 -6.23474e-06 -3.03511e-05 -1.82929e-05
6.875 -6.08454e-06 -6.08638e-06 -2.92042e-05 -1.76453e-05
6.9 -5.93748e-06 -5.94029e-06 -2.80995e-05 -1.70199e-05
6.925 -5.79282e-06 -5.79652e-06 -2.70352e-05 -1.64159e-05
6.95 -5.65057e-06 -5.6551e-06 -2.60099e-05 -1.58325e-05
6.975 -5.51078e-06 -5.51605e-06 -2.50222e-05 -1.52691e-05
7 -5.37344e-06 -5.3794e-06 -2.40706e-05 -1.4725e-05
7.025 -5.23858e-06 -5.24516e-06 -2.31538e-05 -1.41995e-05
7.05 -5.10619e-06 -5.11335e-06 -2.22706e-05 -1.36919e-05
7.075 -4.97629e-06 -4.98395e-06 -2.14197e-05 -1.32018e-05
7.1 -4.84886e-06 -4.85699e-06 -2.06e-05 -1.27285e-05
7.125 -4.72391e-06 -4.73245e-06 -1.98104e-05 -1.22714e-05
7.15 -4.60143e-06 -4.61034e-06 -1.90498e-05 -1.18301e-05
7.175 -4.4814e-06 -4.49064e-06 -1.83171e-05 -1.14039e-05
7.2 -4.36382e-06 -4.37334e-06 -1.76115e-05 -1.09924e-05
7.225 -4.24867e-06 -4.25843e-06 -1.6932e-05 -1.05952e-05
7.25 -4.13592e-06 -4.14591e-06 -1.62776e-05 -1.02117e-05
7.275 -4.02558e-06 -4.03574e-06 -1.56474e-05 -9.84158e-06
7.3 -3.9176e-06 -3.92791e-06 -1.50407e-05 -9.48432e-06
7.325 -3.81198e-06 -3.82241e-06 -1.44567e-05 -9.13955e-06
7.35 -3.70869e-06 -3.71922e-06 -1.38945e-05 -8.80686e-06
7.375 -3.60771e-06 -3.6183e-06 -1.33534e-05 -8.48586e-06
7.4 -3.50901e-06 -3.51965e-06 -1.28327e-05 -8.17619e-06
7.425 -3.41257e-06 -3.42323e-06 -1.23317e-05 -7.87748e-06
7.45 -3.31836e-06 -3.32902e-06 -1.18498e-05 -7.58939e-06
7.475 -3.22636e-06 -3.237e-06 -1.13862e-05 -7.31158e-06
7.5 -3.13654e-06 -3.14714e-06 -1.09403e-05 -7.04372e-06
7.525 -3.04886e-06 -3.05942e-06 -1.05116e-05 -6.78549e-06
7.55 -2.96331e-06 -2.9738e-06 -1.00994e-05 -6.53659e-06
7.575 -2.87985e-06 -2.89026e-06 -9.70316e-06 -6.29671e-06
7.6 -2.79846e-06 -2.80878e-06 -9.32236e-06 -6.06557e-06
7.625 -2.71909e-06 -2.72931e-06 -8.95646e-06 -5.84289e-06
7.65 -2.64173e-06 -2.65184e-06 -8.60492e-06 -5.62838e-06
7.675 -2.56634e-06 -2.57633e-06 -8.26725e-06 -5.42179e-06
7.7 -2.49289e-06 -2.50275e-06 -7.94295e-06 -5.22285e-06
7.725 -2.42135e-06 -2.43107e-06 -7.63155e-06 -5.03131e-06
7.75 -2.35169e-06 -2.36127e-06 -7.3326e-06 -4.84693e-06
7.775 -2.28387e-06 -2.2933e-06 -7.04563e-06 -4.66947e-06
7.8 -2.21787e-06 -2.22714e-06 -6.77023e-06 -4.49869e-06
7.825 -2.15364e-06 -2.16276e-06 -6.50596e-06 -4.33436e-06
7.85 -2.09116e-06 -2.10012e-06 -6.25241e-06 -4.17627e-06
7.875 -2.0304e-06 -2.03919e-06 -6.0092e-06 -4.02419e-06
7.9 -1.97131e-06 -1.97993e-06 -5.77593e-06 -3.87793e-06
7.925 -1.91387e-06 -1.92232e-06 -5.55222e-06 -3.73727e-06
7.95 -1.85804e-06 -1.86632e-06 -5.33772e-06 -3.60202e-06
7.975 -1.80379e-06 -1.8119e-06 -5.13206e-06 -3.47198e-06
8 -1.75108e-06 -1.75902e-06 -4.93491e-06 -3.34697e-06
8.025 -1.69988e-06 -1.70765e-06 -4.74593e-06 -3.22679e-06
8.05 -1.65016e-06 -1.65776e-06 -4.5648e-06 -3.11128e-06
8.075 -1.60188e-06 -1.60931e-06 -4.39121e-06 -3.00026e-06
8.1 -1.55501e-06 -1.56227e-06 -4.22485e-06 -2.89356e-06
8.125 -1.50952e-06 -1.5166e-06 -4.06543e-06 -2.79101e-06
8.15 -1.46536e-06 -1.47228e-06 -3.91266e-06 -2.69247e-06
8.175 -1.42251e-06 -1.42926e-06 -3.76627e-06 -2.59776e-06
8.2 -1.38093e-06 -1.38752e-06 -3.62599e-06 -2.50675e-06
8.225 -1.3406e-06 -1.34702e-06 -3.49156e-06 -2.41929e-06
8.25 -1.30147e-06 -1.30773e-06 -3.36274e-06 -2.33524e-06
8.275 -1.26351e-06 -1.26962e-06 -3.23929e-06 -2.25445e-06
8.3 -1.2267e-06 -1.23265e-06 -3.12097e-06 -2.17681e-06
8.325 -1.191e-06 -1.1968e-06 -3.00756e-06 -2.10218e-06
8.35 -1.15638e-06 -1.16203e-06 -2.89884e-06 -2.03043e-06
8.375 -1.12281e-06 -1.1283e-06 -2.7946e-06 -1.96145e-06
8.4 -1.09025e-06 -1.0956e-06 -2.69465e-06 -1.89513e-06
8.425 -1.05868e-06 -1.06389e-06 -2.5988e-06 -1.83135e-06
8.45 -1.02807e-06 -1.03314e-06 -2.50685e-06 -1.77e-06
8.475 -9.98384e-07 -1.00332e-06 -2.41864e-06 -1.71098e-06
8.5 -9.696e-07 -9.74406e-07 -2.33398e-06 -1.6542e-06
8.525 -9.41687e-07 -9.46363e-07 -2.25273e-06 -1.59954e-06
8.55 -9.14617e-07 -9.19167e-07 -2.17471e-06 -1.54694e-06
8.575 -8.88365e-07 -8.92791e-07 -2.09978e-06 -1.49629e-06
8.6 -8.62903e-07 -8.67209e-07 -2.0278e-06 -1.4475e-06
8.625 -8.38205e-07 -8.42394e-07 -1.95862e-06 -1.40051e-06
8.65 -8.14246e-07 -8.18322e-07 -1.89212e-06 -1.35522e-06
8.675 -7.91003e-07 -7.94967e-07 -1.82817e-06 -1.31157e-06
8.7 -7.6845e-07 -7.72306e-07 -1.76665e-06 -1.26948e-06
8.725 -7.46565e-07 -7.50315e-07 -1.70745e-06 -1.22888e-06
8.75 -7.25324e-07 -7.28972e-07 -1.65045e-06 -1.18971e-06
8.775 -7.04706e-07 -7.08255e-07 -1.59555e-06 -1.1519e-06
8.8 -6.8469e-07 -6.88142e-07 -1.54266e-06 -1.1154e-06
8.825 -6.65254e-07 -6.68612e-07 -1.49168e-06 -1.08015e-06
8.85 -6.46378e-07 -6.49645e-07 -1.44252e-06 -1.04608e-06
8.875 -6.28044e-07 -6.31222e-07 -1.39509e-06 -1.01315e-06
8.9 -6.10231e-07 -6.13323e-07 -1.34931e-06 -9.81318e-07
8.925 -5.92923e-07 -5.95931e-07 -1.30511e-06 -9.50523e-07
8.95 -5.761e-07 -5.79028e-07 -1.26242e-06 -9.20724e-07
8.975 -5.59747e-07 -5.62596e-07 -1.22116e-06 -8.91879e-07
9 -5.43847e-07 -5.46619e-07 -1.18128e-06 -8.63947e-07
9.025 -5.28384e-07 -5.31081e-07 -1.1427e-06 -8.36889e-07
9.05 -5.13343e-07 -5.15968e-07 -1.10537e-06 -8.10668e-07
9.075 -4.9871e-07 -5.01264e-07 -1.06924e-06 -7.85251e-07
9.1 -4.8447e-07 -4.86956e-07 -1.03425e-06 -7.60602e-07
9.125 -4.7061e-07 -4.7303e-07 -1.00036e-06 -7.36693e-07
9.15 -4.57118e-07 -4.59473e-07 -9.67511e-07 -7.13492e-07
9.175 -4.4398e-07 -4.46272e-07 -9.35673e-07 -6.90973e-07
9.2 -4.31186e-07 -4.33417e-07 -9.04799e-07 -6.69108e-07
9.225 -4.18723e-07 -4.20895e-07 -8.74852e-07 -6.47873e-07
9.25 -4.06582e-07 -4.08696e-07 -8.45795e-07 -6.27245e-07
9.275 -3.94752e-07 -3.96809e-07 -8.17594e-07 -6.07201e-07
9.3 -3.83223e-07 -3.85225e-07 -7.90218e-07 -5.87722e-07
9.325 -3.71987e-07 -3.73935e-07 -7.63636e-07 -5.68786e-07
9.35 -3.61034e-07 -3.6293e-07 -7.37822e-07 -5.50376e-07
9.375 -3.50355e-07 -3.52201e-07 -7.12748e-07 -5.32474e-07
9.4 -3.39944e-07 -3.4174e-07 -6.88389e-07 -5.15065e-07
9.425 -3.29793e-07 -3.3154e-07 -6.64724e-07 -4.98132e-07
9.45 -3.19893e-07 -3.21594e-07 -6.4173e-07 -4.81662e-07
9.475 -3.1024e-07 -3.11894e-07 -6.19388e-07 -4.65641e-07
9.5 -3.00826e-07 -3.02436e-07 -5.97677e-07 -4.50056e-07
9.525 -2.91646e-07 -2.93211e-07 -5.76581e-07 -4.34896e-07
9.55 -2.82693e-07 -2.84216e-07 -5.56083e-07 -4.20149e-07
9.575 -2.73962e-07 -2.75443e-07 -5.36167e-07 -4.05805e-07
9.6 -2.65449e-07 -2.6689e-07 -5.16819e-07 -3.91854e-07
9.625 -2.57148e-07 -2.58549e-07 -4.98024e-07 -3.78287e-07
9.65 -2.49056e-07 -2.50418e-07 -4.7977e-07 -3.65094e-07
9.675 -2.41166e-07 -2.42491e-07 -4.62044e-07 -3.52267e-07
9.7 -2.33477e-07 -2.34764e-07 -4.44835e-07 -3.398e-07
9.725 -2.25983e-07 -2.27234e-07 -4.28132e-07 -3.27683e-07
9.75 -2.18681e-07 -2.19897e-07 -4.11923e-07 -3.1591e-07
9.775 -2.11568e-07 -2.1275e-07 -3.962e-07 -3.04475e-07
9.8 -2.04639e-07 -2.05788e-07 -3.80953e-07 -2.9337e-07
9.825 -1.97893e-07 -1.99009e-07 -3.66171e-07 -2.8259e-07
9.85 -1.91325e-07 -1.9241e-07 -3.51847e-07 -2.72129e-07
9.875 -1.84934e-07 -1.85988e-07 -3.37972e-07 -2.6198e-07
9.9 -1.78715e-07 -1.79739e-07 -3.24537e-07 -2.52138e-07
9.925 -1.72667e-07 -1.73662e-07 -3.11535e-07 -2.42598e-07
9.95 -1.66787e-07 -1.67753e-07 -2.98956e-07 -2.33354e-07
9.975 -1.61071e-07 -1.6201e-07 -2.86794e-07 -2.24402e-07
10 -1.55517e-07 -1.56429e-07 -2.7504e-07 -2.15735e-07
10.025 -1.50124e-07 -1.5101e-07 -2.63687e-07 -2.07348e-07
10.05 -1.44887e-07 -1.45748e-07 -2.52727e-07 -1.99237e-07
10.075 -1.39806e-07 -1.40641e-07 -2.42152e-07 -1.91397e-07
10.1 -1.34876e-07 -1.35688e-07 -2.31955e-07 -1.83822e-07
10.125 -1.30096e-07 -1.30885e-07 -2.22129e-07 -1.76507e-07
10.15 -1.25464e-07 -1.2623e-07 -2.12665e-07 -1.69447e-07
10.175 -1.20976e-07 -1.2172e-07 -2.03556e-07 -1.62638e-07
10.2 -1.1663e-07 -1.17353e-07 -1.94794e-07 -1.56073e-07
10.225 -1.12424e-07 -1.13127e-07 -1.86371e-07 -1.49749e-07
10.25 -1.08356e-07 -1.09038e-07 -1.7828e-07 -1.43659e-07
10.275 -1.04421e-07 -1.05084e-07 -1.70513e-07 -1.37799e-07
10.3 -1.00619e-07 -1.01263e-07 -1.63062e-07 -1.32162e-07
10.325 -9.69459e-08 -9.75717e-08 -1.55918e-07 -1.26745e-07
10.35 -9.33995e-08 -9.40076e-08 -1.49075e-07 -1.21541e-07
10.375 -8.99771e-08 -9.05682e-08 -1.42523e-07 -1.16545e-07
10.4 -8.6676e-08 -8.72505e-08 -1.36255e-07 -1.11753e-07
10.425 -8.34935e-08 -8.40519e-08 -1.30262e-07 -1.07157e-07
10.45 -8.04268e-08 -8.09697e-08 -1.24537e-07 -1.02754e-07
10.475 -7.74732e-08 -7.80009e-08 -1.19072e-07 -9.85364e-08
10.5 -7.46298e-08 -7.5143e-08 -1.13858e-07 -9.45003e-08
10.525 -7.1894e-08 -7.2393e-08 -1.08887e-07 -9.06397e-08
10.55 -6.92628e-08 -6.97481e-08 -1.0415e-07 -8.69492e-08
10.575 -6.67335e-08 -6.72055e-08 -9.96412e-08 -8.34234e-08
10.6 -6.43033e-08 -6.47624e-08 -9.5351e-08 -8.00567e-08
10.625 -6.19694e-08 -6.24159e-08 -9.12717e-08 -7.68438e-08
10.65 -5.97288e-08 -6.01632e-08 -8.73955e-08 -7.37794e-08
10.675 -5.75789e-08 -5.80015e-08 -8.37146e-08 -7.08581e-08
10.7 -5.55169e-08 -5.59281e-08 -8.02212e-08 -6.80746e-08
10.725 -5.35399e-08 -5.394e-08 -7.69077e-08 -6.54238e-08
10.75 -5.16452e-08 -5.20345e-08 -7.37667e-08 -6.29006e-08
10.775 -4.98301e-08 -5.0209e-08 -7.07907e-08 -6.04998e-08
10.8 -4.80918e-08 -4.84606e-08 -6.79725e-08 -5.82165e-08
10.825 -4.64278e-08 -4.67866e-08 -6.53051e-08 -5.60459e-08
10.85 -4.48353e-08 -4.51845e-08 -6.27815e-08 -5.3983e-08
10.875 -4.33117e-08 -4.36516e-08 -6.03948e-08 -5.20232e-08
10.9 -4.18545e-08 -4.21853e-08 -5.81386e-08 -5.0162e-08
10.925 -4.04611e-08 -4.07832e-08 -5.60064e-08 -4.83948e-08
10.95 -3.91291e-08 -3.94426e-08 -5.3992e-08 -4.67173e-08
10.975 -3.7856e-08 -3.81611e-08 -5.20892e-08 -4.51251e-08
11 -3.66394e-08 -3.69364e-08 -5.02921e-08 -4.36143e-08
11.025 -3.54771e-08 -3.57661e-08 -4.85952e-08 -4.21807e-08
11.05 -3.43666e-08 -3.46479e-08 -4.6993e-08 -4.08204e-08
11.075 -3.33058e-08 -3.35796e-08 -4.548e-08 -3.95298e-08
11.1 -3.22925e-08 -3.2559e-08 -4.40512e-08 -3.83051e-08
11.125 -3.13245e-08 -3.15839e-08 -4.27018e-08 -3.71428e-08
11.15 -3.03998e-08 -3.06522e-08 -4.1427e-08 -3.60396e-08
11.175 -2.95165e-08 -2.97621e-08 -4.02223e-08 -3.49922e-08
11.2 -2.86724e-08 -2.89114e-08 -3.90833e-08 -3.39973e-08
11.225 -2.78658e-08 -2.80983e-08 -3.8006e-08 -3.30521e-08
11.25 -2.70947e-08 -2.73209e-08 -3.69864e-08 -3.21536e-08
11.275 -2.63574e-08 -2.65774e-08 -3.60206e-08 -3.1299e-08
11.3 -2.56521e-08 -2.58662e-08 -3.51052e-08 -3.04857e-08
11.325 -2.49773e-08 -2.51854e-08 -3.42367e-08 -2.97111e-08
11.35 -2.43311e-08 -2.45335e-08 -3.34119e-08 -2.89727e-08
11.375 -2.37122e-08 -2.3909e-08 -3.26276e-08 -2.82683e-08
11.4 -2.31188e-08 -2.33102e-08 -3.1881e-08 -2.75956e-08
11.425 -2.25497e-08 -2.27357e-08 -3.11692e-08 -2.69525e-08
11.45 -2.20034e-08 -2.21841e-08 -3.04897e-08 -2.63369e-08
11.475 -2.14784e-08 -2.16541e-08 -2.98398e-08 -2.5747e-08
11.5 -2.09736e-08 -2.11443e-08 -2.92174e-08 -2.51809e-08
11.525 -2.04876e-08 -2.06534e-08 -2.86202e-08 -2.46368e-08
11.55 -2.00193e-08 -2.01803e-08 -2.8046e-08 -2.41132e-08
11.575 -1.95674e-08 -1.97238e-08 -2.74929e-08 -2.36084e-08
11.6 -1.91309e-08 -1.92827e-08 -2.69591e-08 -2.31209e-08
11.625 -1.87087e-08 -1.88561e-08 -2.64427e-08 -2.26494e-08
11.65 -1.82997e-08 -1.84428e-08 -2.59421e-08 -2.21924e-08
11.675 -1.79031e-08 -1.80419e-08 -2.54558e-08 -2.17488e-08
11.7 -1.75178e-08 -1.76524e-08 -2.49823e-08 -2.13174e-08
11.725 -1.7143e-08 -1.72735e-08 -2.45203e-08 -2.08969e-08
11.75 -1.67778e-08 -1.69044e-08 -2.40684e-08 -2.04864e-08
11.775 -1.64214e-08 -1.65442e-08 -2.36256e-08 -2.00849e-08
11.8 -1.60731e-08 -1.61921e-08 -2.31905e-08 -1.96913e-08
11.825 -1.57322e-08 -1.58475e-08 -2.27623e-08 -1.93049e-08
11.85 -1.5398e-08 -1.55097e-08 -2.23399e-08 -1.89248e-08
11.875 -1.50698e-08 -1.5178e-08 -2.19224e-08 -1.85502e-08
11.9 -1.47471e-08 -1.48518e-08 -2.15091e-08 -1.81805e-08
11.925 -1.44293e-08 -1.45307e-08 -2.1099e-08 -1.78149e-08
11.95 -1.41159e-08 -1.42141e-08 -2.06917e-08 -1.74529e-08
11.975 -1.38064e-08 -1.39014e-08 -2.02863e-08 -1.70939e-08
12 -1.35004e-08 -1.35924e-08 -1.98823e-08 -1.67373e-08
12.025 -1.31975e-08 -1.32865e-08 -1.94792e-08 -1.63829e-08
12.05 -1.28974e-08 -1.29834e-08 -1.90766e-08 -1.603e-08
12.075 -1.25997e-08 -1.26828e-08 -1.86739e-08 -1.56784e-08
12.1 -1.23041e-08 -1.23845e-08 -1.82708e-08 -1.53277e-08
12.125 -1.20103e-08 -1.20881e-08 -1.78671e-08 -1.49776e-08
12.15 -1.17183e-08 -1.17934e-08 -1.74625e-08 -1.46279e-08
12.175 -1.14277e-08 -1.15003e-08 -1.70567e-08 -1.42785e-08
12.2 -1.11384e-08 -1.12085e-08 -1.66496e-08 -1.3929e-08
12.225 -1.08503e-08 -1.09181e-08 -1.6241e-08 -1.35795e-08
12.25 -1.05634e-08 -1.06288e-08 -1.5831e-08 -1.32299e-08
12.275 -1.02774e-08 -1.03406e-08 -1.54195e-08 -1.288e-08
12.3 -9.99252e-09 -1.00535e-08 -1.50064e-08 -1.253e-08
12.325 -9.70861e-09 -9.76754e-09 -1.4592e-08 -1.21798e-08
12.35 -9.42572e-09 -9.48263e-09 -1.41762e-08 -1.18294e-08
12.375 -9.1439e-09 -9.19885e-09 -1.37592e-08 -1.1479e-08
12.4 -8.86321e-09 -8.91627e-09 -1.33413e-08 -1.11288e-08
12.425 -8.58374e-09 -8.63498e-09 -1.29226e-08 -1.07788e-08
12.45 -8.30559e-09 -8.35507e-09 -1.25033e-08 -1.04292e-08
12.475 -8.02889e-09 -8.07668e-09 -1.20838e-08 -1.00802e-08
12.5 -7.75378e-09 -7.79994e-09 -1.16644e-08 -9.73215e-09
12.525 -7.48042e-09 -7.52501e-09 -1.12454e-08 -9.38519e-09
12.55 -7.20897e-09 -7.25205e-09 -1.08272e-08 -9.03961e-09
12.575 -6.93963e-09 -6.98126e-09 -1.04102e-08 -8.69571e-09
12.6 -6.67257e-09 -6.71281e-09 -9.99477e-09 -8.35379e-09
12.625 -6.40801e-09 -6.44691e-09 -9.58144e-09 -8.01418e-09
12.65 -6.14614e-09 -6.18377e-09 -9.17062e-09 -7.6772e-09
12.675 -5.88719e-09 -5.9236e-09 -8.76279e-09 -7.3432e-09
12.7 -5.63137e-09 -5.66662e-09 -8.35843e-09 -7.01252e-09
12.725 -5.37891e-09 -5.41304e-09 -7.95804e-09 -6.68554e-09
12.75 -5.13001e-09 -5.16308e-09 -7.56212e-09 -6.3626e-09
12.775 -4.88491e-09 -4.91696e-09 -7.17117e-09 -6.04407e-09
12.8 -4.64383e-09 -4.67491e-09 -6.78571e-09 -5.73031e-09
12.825 -4.40696e-09 -4.43713e-09 -6.40623e-09 -5.42168e-09
12.85 -4.17454e-09 -4.20384e-09 -6.03325e-09 -5.11854e-09
12.875 -3.94675e-09 -3.97523e-09 -5.66725e-09 -4.82124e-09
12.9 -3.72381e-09 -3.75151e-09 -5.30874e-09 -4.53012e-09
12.925 -3.50589e-09 -3.53286e-09 -4.95818e-09 -4.24552e-09
12.95 -3.29317e-09 -3.31946e-09 -4.61604e-09 -3.96775e-09
12.975 -3.08584e-09 -3.11147e-09 -4.28276e-09 -3.69712e-09
13 -2.88403e-09 -2.90906e-09 -3.95879e-09 -3.43393e-09
13.025 -2.68791e-09 -2.71238e-09 -3.64451e-09 -3.17844e-09
13.05 -2.49761e-09 -2.52155e-09 -3.34033e-09 -2.93094e-09
13.075 -2.31324e-09 -2.33669e-09 -3.0466e-09 -2.69164e-09
13.1 -2.13491e-09 -2.15792e-09 -2.76366e-09 -2.46079e-09
13.125 -1.96272e-09 -1.98531e-09 -2.49182e-09 -2.23857e-09
13.15 -1.79675e-09 -1.81896e-09 -2.23136e-09 -2.02516e-09
13.175 -1.63705e-09 -1.65893e-09 -1.98254e-09 -1.82073e-09
13.2 -1.48369e-09 -1.50526e-09 -1.74556e-09 -1.62541e-09
13.225 -1.33668e-09 -1.35799e-09 -1.52062e-09 -1.4393e-09
13.25 -1.19607e-09 -1.21713e-09 -1.30787e-09 -1.2625e-09
13.275 -1.06184e-09 -1.08269e-09 -1.10743e-09 -1.09506e-09
13.3 -9.33988e-10 -9.54665e-10 -9.19401e-10 -9.37033e-10
13.325 -8.12492e-10 -8.33022e-10 -7.4382e-10 -7.88421e-10
13.35 -6.97313e-10 -7.17725e-10 -5.80714e-10 -6.4922e-10
13.375 -5.88399e-10 -6.08721e-10 -4.30068e-10 -5.19394e-10
13.4 -4.85685e-10 -5.05943e-10 -2.91834e-10 -3.98888e-10
13.425 -3.89092e-10 -4.09312e-10 -1.65931e-10 -2.87621e-10
13.45 -2.9853e-10 -3.18737e-10 -5.22467e-11 -1.85492e-10
13.475 -2.13898e-10 -2.34115e-10 4.93642e-11 -9.23754e-11
13.5 -1.35081e-10 -1.55332e-10 1.39077e-10 -8.12719e-12
13.525 -6.1958e-11 -8.22623e-11 2.17098e-10 6.74179e-11
13.55 5.60598e-12 -1.47722e-11 2.83661e-10 1.34444e-10
13.575 6.77529e-11 4.72821e-11 3.39026e-10 1.93154e-10
13.6 1.24633e-10 1.04053e-10 3.83482e-10 2.43767e-10
13.625 1.76405e-10 1.55699e-10 4.1734e-10 2.8652e-10
13.65 2.23234e-10 2.02387e-10 4.40936e-10 3.21661e-10
13.675 2.65291e-10 2.4429e-10 4.54625e-10 3.49457e-10
13.7 3.02751e-10 2.81585e-10 4.58783e-10 3.70184e-10
13.725 3.35797e-10 3.14454e-10 4.53803e-10 3.84129e-10
13.75 3.64612e-10 3.43085e-10 4.40097e-10 3.91591e-10
13.775 3.89383e-10 3.67664e-10 4.18087e-10 3.92876e-10
13.8 4.10302e-10 3.88385e-10 3.8821e-10 3.88298e-10
13.825 4.27559e-10 4.0544e-10 3.50914e-10 3.78177e-10
13.85 4.41345e-10 4.19022e-10 3.06655e-10 3.62838e-10
13.875 4.51855e-10 4.29325e-10 2.55894e-10 3.4261e-10
13.9 4.59279e-10 4.36543e-10 1.99101e-10 3.17822e-10
13.925 4.63808e-10 4.40868e-10 1.36746e-10 2.88807e-10
13.95 4.65631e-10 4.42491e-10 6.93013e-11 2.55896e-10
13.975 4.64935e-10 4.41599e-10 -2.76001e-12 2.1942e-10
14 4.61903e-10 4.38378e-10 -7.89677e-11 1.79705e-10
14.025 4.56717e-10 4.33011e-10 -1.58855e-10 1.37078e-10
14.05 4.49553e-10 4.25674e-10 -2.4196e-10 9.18572e-11
14.075 4.40584e-10 4.16543e-10 -3.27827e-10 4.43579e-11
14.1 4.29977e-10 4.05786e-10 -4.16009e-10 -5.11167e-12
14.125 4.17897e-10 3.93568e-10 -5.06069e-10 -5.62504e-11
14.15 4.045e-10 3.80048e-10 -5.97578e-10 -1.08765e-10
14.175 3.89939e-10 3.6538e-10 -6.90122e-10 -1.62371e-10
14.2 3.74361e-10 3.49711e-10 -7.83298e-10 -2.16793e-10
14.225 3.57907e-10 3.33182e-10 -8.76716e-10 -2.71767e-10
14.25 3.4071e-10 3.1593e-10 -9.70003e-10 -3.27036e-10
14.275 3.229e-10 2.98083e-10 -1.0628e-09 -3.82359e-10
14.3 3.04597e-10 2.79763e-10 -1.15476e-09 -4.37501e-10
14.325 2.85917e-10 2.61087e-10 -1.24557e-09 -4.92242e-10
14.35 2.66969e-10 2.42164e-10 -1.33491e-09 -5.46374e-10
14.375 2.47856e-10 2.23098e-10 -1.4225e-09 -5.997e-10
14.4 2.28673e-10 2.03983e-10 -1.50805e-09 -6.52035e-10
14.425 2.09509e-10 1.8491e-10 -1.59133e-09 -7.03209e-10
14.45 1.90447e-10 1.65962e-10 -1.67209e-09 -7.53063e-10
14.475 1.71565e-10 1.47216e-10 -1.75011e-09 -8.01449e-10
14.5 1.52933e-10 1.28743e-10 -1.82521e-09 -8.48233e-10
14.525 1.34614e-10 1.10606e-10 -1.8972e-09 -8.93295e-10
14.55 1.16668e-10 9.28641e-11 -1.96591e-09 -9.36525e-10
14.575 9.91469e-11 7.55698e-11 -2.03122e-09 -9.77825e-10
14.6 8.20982e-11 5.877e-11 -2.09299e-09 -1.01711e-09
14.625 6.55636e-11 4.25058e-11 -2.15112e-09 -1.05431e-09
14.65 4.95795e-11 2.68135e-11 -2.20552e-09 -1.08935e-09
14.675 3.41774e-11 1.1724e-11 -2.25611e-09 -1.12219e-09
14.7 1.93842e-11 -2.73648e-12 -2.30285e-09 -1.15279e-09
14.725 5.22203e-12 -1.65465e-11 -2.34569e-09 -1.18112e-09
14.75 -8.29117e-12 -2.96887e-11 -2.3846e-09 -1.20715e-09
14.775 -2.11416e-11 -4.21503e-11 -2.41959e-09 -1.23087e-09
14.8 -3.33193e-11 -5.3922e-11 -2.45064e-09 -1.25228e-09
14.825 -4.4818e-11 -6.49985e-11 -2.47778e-09 -1.27139e-09
14.85 -5.56347e-11 -7.53776e-11 -2.50104e-09 -1.28821e-09
14.875 -6.57696e-11 -8.50607e-11 -2.52046e-09 -1.30276e-09
14.9 -7.52258e-11 -9.40518e-11 -2.5361e-09 -1.31507e-09
14.925 -8.40091e-11 -1.02358e-10 -2.54801e-09 -1.32518e-09
14.95 -9.21279e-11 -1.09988e-10 -2.55627e-09 -1.33313e-09
14.975 -9.95926e-11 -1.16954e-10 -2.56096e-09 -1.33896e-09
15 -1.06416e-10 -1.2327e-10 -2.56218e-09 -1.34272e-09
15.025 -1.12612e-10 -1.28951e-10 -2.56001e-09 -1.34448e-09
15.05 -1.18197e-10 -1.34014e-10 -2.55458e-09 -1.3443e-09
15.075 -1.23189e-10 -1.38478e-10 -2.54598e-09 -1.34223e-09
15.1 -1.27606e-10 -1.42362e-10 -2.53433e-09 -1.33835e-09
15.125 -1.31468e-10 -1.45688e-10 -2.51976e-09 -1.33272e-09
15.15 -1.34795e-10 -1.48478e-10 -2.50238e-09 -1.32543e-09
15.175 -1.3761e-10 -1.50754e-10 -2.48233e-09 -1.31654e-09
15.2 -1.39934e-10 -1.52538e-10 -2.45975e-09 -1.30614e-09
15.225 -1.41789e-10 -1.53856e-10 -2.43475e-09 -1.2943e-09
15.25 -1.43199e-10 -1.54729e-10 -2.40748e-09 -1.2811e-09
15.275 -1.44187e-10 -1.55184e-10 -2.37807e-09 -1.26663e-09
15.3 -1.44775e-10 -1.55243e-10 -2.34666e-09 -1.25095e-09
15.325 -1.44987e-10 -1.5493e-10 -2.31338e-09 -1.23416e-09
15.35 -1.44846e-10 -1.54269e-10 -2.27837e-09 -1.21632e-09
15.375 -1.44373e-10 -1.53285e-10 -2.24177e-09 -1.19753e-09
15.4 -1.43593e-10 -1.51999e-10 -2.2037e-09 -1.17785e-09
15.425 -1.42526e-10 -1.50436e-10 -2.1643e-09 -1.15737e-09
15.45 -1.41194e-10 -1.48616e-10 -2.1237e-09 -1.13616e-09
15.475 -1.39619e-10 -1.46562e-10 -2.08202e-09 -1.11429e-09
15.5 -1.37821e-10 -1.44295e-10 -2.03939e-09 -1.09184e-09
15.525 -1.35819e-10 -1.41836e-10 -1.99593e-09 -1.06888e-09
15.55 -1.33633e-10 -1.39203e-10 -1.95175e-09 -1.04548e-09
15.575 -1.31282e-10 -1.36417e-10 -1.90697e-09 -1.0217e-09
15.6 -1.28783e-10 -1.33495e-10 -1.86171e-09 -9.976e-10
15.625 -1.26153e-10 -1.30456e-10 -1.81605e-09 -9.73254e-10
15.65 -1.23409e-10 -1.27314e-10 -1.77012e-09 -9.48716e-10
15.675 -1.20567e-10 -1.24088e-10 -1.724e-09 -9.24043e-10
15.7 -1.17641e-10 -1.2079e-10 -1.67779e-09 -8.99289e-10
15.725 -1.14645e-10 -1.17437e-10 -1.63158e-09 -8.74506e-10
15.75 -1.11593e-10 -1.14041e-10 -1.58545e-09 -8.49744e-10
15.775 -1.08497e-10 -1.10615e-10 -1.53948e-09 -8.25049e-10
15.8 -1.05369e-10 -1.07171e-10 -1.49376e-09 -8.00464e-10
15.825 -1.0222e-10 -1.0372e-10 -1.44834e-09 -7.76032e-10
15.85 -9.90601e-11 -1.00272e-10 -1.40331e-09 -7.5179e-10
15.875 -9.5899e-11 -9.68363e-11 -1.35871e-09 -7.27775e-10
15.9 -9.27457e-11 -9.34222e-11 -1.31462e-09 -7.04021e-10
15.925 -8.96083e-11 -9.00378e-11 -1.27108e-09 -6.80559e-10
15.95 -8.64943e-11 -8.66902e-11 -1.22814e-09 -6.57417e-10
15.975 -8.34106e-11 -8.33862e-11 -1.18586e-09 -6.34622e-10
16 -8.03634e-11 -8.01318e-11 -1.14426e-09 -6.12197e-10
16.025 -7.73584e-11 -7.69326e-11 -1.1034e-09 -5.90165e-10
16.05 -7.44007e-11 -7.37933e-11 -1.06329e-09 -5.68544e-10
16.075 -7.14949e-11 -7.07182e-11 -1.02399e-09 -5.47352e-10
16.1 -6.8645e-11 -6.77111e-11 -9.85497e-10 -5.26604e-10
16.125 -6.58546e-11 -6.47752e-11 -9.47852e-10 -5.06314e-10
16.15 -6.31266e-11 -6.19132e-11 -9.11072e-10 -4.86492e-10
16.175 -6.04638e-11 -5.91275e-11 -8.75172e-10 -4.6715e-10
16.2 -5.78683e-11 -5.64198e-11 -8.40167e-10 -4.48294e-10
16.225 -5.5342e-11 -5.37917e-11 -8.06068e-10 -4.2993e-10
16.25 -5.28863e-11 -5.12441e-11 -7.72883e-10 -4.12064e-10
16.275 -5.05023e-11 -4.8778e-11 -7.40618e-10 -3.94698e-10
16.3 -4.81909e-11 -4.63936e-11 -7.09276e-10 -3.77835e-10
16.325 -4.59525e-11 -4.40911e-11 -6.78857e-10 -3.61474e-10
16.35 -4.37874e-11 -4.18704e-11 -6.49362e-10 -3.45616e-10
16.375 -4.16955e-11 -3.97309e-11 -6.20785e-10 -3.30258e-10
16.4 -3.96765e-11 -3.76721e-11 -5.93123e-10 -3.15397e-10
16.425 -3.77301e-11 -3.56931e-11 -5.66368e-10 -3.0103e-10
16.45 -3.58555e-11 -3.37928e-11 -5.40511e-10 -2.87152e-10
16.475 -3.4052e-11 -3.19702e-11 -5.15544e-10 -2.73757e-10
16.5 -3.23185e-11 -3.02237e-11 -4.91453e-10 -2.60838e-10
16.525 -3.06539e-11 -2.85519e-11 -4.68227e-10 -2.48389e-10
16.55 -2.90569e-11 -2.69532e-11 -4.45852e-10 -2.36402e-10
16.575 -2.75263e-11 -2.54258e-11 -4.24312e-10 -2.24869e-10
16.6 -2.60605e-11 -2.39681e-11 -4.03592e-10 -2.1378e-10
16.625 -2.46581e-11 -2.2578e-11 -3.83676e-10 -2.03127e-10
16.65 -2.33174e-11 -2.12538e-11 -3.64547e-10 -1.929e-10
16.675 -2.20368e-11 -1.99934e-11 -3.46185e-10 -1.83089e-10
16.7 -2.08146e-11 -1.87948e-11 -3.28574e-10 -1.73684e-10
16.725 -1.96491e-11 -1.7656e-11 -3.11693e-10 -1.64675e-10
16.75 -1.85385e-11 -1.6575e-11 -2.95525e-10 -1.5605e-10
16.775 -1.7481e-11 -1.55496e-11 -2.80049e-10 -1.47799e-10
16.8 -1.64748e-11 -1.45779e-11 -2.65245e-10 -1.39912e-10
16.825 -1.55183e-11 -1.36578e-11 -2.51095e-10 -1.32376e-10
16.85 -1.46095e-11 -1.27873e-11 -2.37577e-10 -1.25182e-10
16.875 -1.37467e-11 -1.19644e-11 -2.24673e-10 -1.18319e-10
16.9 -1.29282e-11 -1.1187e-11 -2.12362e-10 -1.11774e-10
16.925 -1.21522e-11 -1.04533e-11 -2.00624e-10 -1.05539e-10
16.95 -1.1417e-11 -9.7614e-12 -1.8944e-10 -9.96008e-11
16.975 -1.07209e-11 -9.10936e-12 -1.7879e-10 -9.39499e-11
17 -1.00623e-11 -8.49537e-12 -1.68656e-10 -8.85755e-11
17.025 -9.43959e-12 -7.91765e-12 -1.59017e-10 -8.34673e-11
17.05 -8.85112e-12 -7.37448e-12 -1.49855e-10 -7.8615e-11
17.075 -8.29538e-12 -6.86417e-12 -1.41153e-10 -7.40085e-11
17.1 -7.77088e-12 -6.38509e-12 -1.32891e-10 -6.96381e-11
17.125 -7.27615e-12 -5.93567e-12 -1.25052e-10 -6.54941e-11
17.15 -6.80979e-12 -5.51436e-12 -1.1762e-10 -6.1567e-11
17.175 -6.37043e-12 -5.11971e-12 -1.10576e-10 -5.78477e-11
17.2 -5.95673e-12 -4.75029e-12 -1.03904e-10 -5.43271e-11
17.225 -5.56743e-12 -4.40474e-12 -9.75886e-11 -5.09966e-11
17.25 -5.20129e-12 -4.08174e-12 -9.16138e-11 -4.78478e-11
17.275 -4.85712e-12 -3.78003e-12 -8.59645e-11 -4.48722e-11
17.3 -4.53377e-12 -3.49842e-12 -8.06258e-11 -4.20621e-11
17.325 -4.23016e-12 -3.23575e-12 -7.55835e-11 -3.94096e-11
17.35 -3.94522e-12 -2.99091e-12 -7.08238e-11 -3.69073e-11
17.375 -3.67796e-12 -2.76285e-12 -6.63331e-11 -3.4548e-11
17.4 -3.42739e-12 -2.55058e-12 -6.20987e-11 -3.23247e-11
17.425 -3.19259e-12 -2.35312e-12 -5.81081e-11 -3.02306e-11
17.45 -2.97269e-12 -2.16958e-12 -5.43491e-11 -2.82594e-11
17.475 -2.76684e-12 -1.99909e-12 -5.08103e-11 -2.64047e-11
17.5 -2.57424e-12 -1.84083e-12 -4.74805e-11 -2.46607e-11
17.525 -2.39411e-12 -1.69402e-12 -4.43489e-11 -2.30215e-11
17.55 -2.22573e-12 -1.55793e-12 -4.14054e-11 -2.14817e-11
17.575 -2.06841e-12 -1.43186e-12 -3.864e-11 -2.00359e-11
17.6 -1.92149e-12 -1.31515e-12 -3.60433e-11 -1.86792e-11
17.625 -1.78435e-12 -1.20717e-12 -3.36062e-11 -1.74067e-11
17.65 -1.65638e-12 -1.10735e-12 -3.13201e-11 -1.62137e-11
17.675 -1.53703e-12 -1.01512e-12 -2.91767e-11 -1.50959e-11
17.7 -1.42577e-12 -9.29978e-13 -2.71682e-11 -1.40491e-11
17.725 -1.3221e-12 -8.51417e-13 -2.52868e-11 -1.30691e-11
17.75 -1.22553e-12 -7.78982e-13 -2.35256e-11 -1.21523e-11
17.775 -1.13562e-12 -7.12241e-13 -2.18775e-11 -1.12949e-11
17.8 -1.05195e-12 -6.50786e-13 -2.03362e-11 -1.04935e-11
17.825 -9.74104e-13 -5.94238e-13 -1.88953e-11 -9.74479e-12
17.85 -9.01719e-13 -5.4224e-13 -1.75491e-11 -9.04565e-12
17.875 -8.34434e-13 -4.94458e-13 -1.62918e-11 -8.39311e-12
17.9 -7.71915e-13 -4.50579e-13 -1.51181e-11 -7.78435e-12
17.925 -7.13847e-13 -4.10313e-13 -1.40231e-11 -7.2167e-12
17.95 -6.59933e-13 -3.73387e-13 -1.30019e-11 -6.68764e-12
17.975 -6.09896e-13 -3.39547e-13 -1.205e-11 -6.19478e-12
18 -5.63474e-13 -3.08557e-13 -1.11631e-11 -5.73584e-12
18.025 -5.20422e-13 -2.80196e-13 -1.03372e-11 -5.3087e-12
18.05 -4.8051e-13 -2.54259e-13 -9.56842e-12 -4.91134e-12
18.075 -4.43522e-13 -2.30555e-13 -8.85313e-12 -4.54184e-12
18.1 -4.09256e-13 -2.08907e-13 -8.18793e-12 -4.19842e-12
18.125 -3.77524e-13 -1.89151e-13 -7.56959e-12 -3.87937e-12
18.15 -3.48147e-13 -1.71134e-13 -6.99507e-12 -3.5831e-12
18.175 -3.20961e-13 -1.54715e-13 -6.46152e-12 -3.30812e-12
18.2 -2.95811e-13 -1.39762e-13 -5.96622e-12 -3.05299e-12
18.225 -2.72552e-13 -1.26156e-13 -5.50665e-12 -2.81641e-12
18.25 -2.51049e-13 -1.13783e-13 -5.08043e-12 -2.5971e-12
18.275 -2.31176e-13 -1.02539e-13 -4.68529e-12 -2.39392e-12
18.3 -2.12815e-13 -9.23307e-14 -4.31915e-12 -2.20574e-12
18.325 -1.95857e-13 -8.30681e-14 -3.98002e-12 -2.03154e-12
18.35 -1.802e-13 -7.46704e-14 -3.66605e-12 -1.87036e-12
18.375 -1.65749e-13 -6.70627e-14 -3.3755e-12 -1.72128e-12
18.4 -1.52414e-13 -6.01759e-14 -3.10673e-12 -1.58345e-12
18.425 -1.40114e-13 -5.39468e-14 -2.85824e-12 -1.45609e-12
18.45 -1.28771e-13 -4.8317e-14 -2.62857e-12 -1.33844e-12
18.475 -1.18314e-13 -4.32329e-14 -2.41641e-12 -1.22982e-12
18.5 -1.08677e-13 -3.86454e-14 -2.22049e-12 -1.12957e-12
18.525 -9.97984e-14 -3.45096e-14 -2.03966e-12 -1.03709e-12
18.55 -9.16207e-14 -3.0784e-14 -1.87282e-12 -9.51803e-13
18.575 -8.40909e-14 -2.74309e-14 -1.71896e-12 -8.73195e-13
18.6 -7.71595e-14 -2.44157e-14 -1.57712e-12 -8.00768e-13
18.625 -7.07809e-14 -2.17069e-14 -1.44642e-12 -7.34066e-13
18.65 -6.49127e-14 -1.92754e-14 -1.32605e-12 -6.7266e-13
18.675 -5.95155e-14 -1.7095e-14 -1.21521e-12 -6.16155e-13
18.7 -5.4553e-14 -1.51416e-14 -1.11322e-12 -5.6418e-13
18.725 -4.99914e-14 -1.33934e-14 -1.01939e-12 -5.16392e-13
18.75 -4.57994e-14 -1.18303e-14 -9.33112e-13 -4.72471e-13
18.775 -4.19482e-14 -1.04341e-14 -8.5381e-13 -4.32122e-13
18.8 -3.84111e-14 -9.18852e-15 -7.8095e-13 -3.95069e-13
18.825 -3.51632e-14 -8.07838e-15 -7.14035e-13 -3.61057e-13
18.85 -3.21819e-14 -7.09012e-15 -6.52606e-13 -3.29848e-13
18.875 -2.94458e-14 -6.2114e-15 -5.96236e-13 -3.01223e-13
18.9 -2.69356e-14 -5.43102e-15 -5.44529e-13 -2.7498e-13
18.925 -2.46331e-14 -4.73886e-15 -4.97118e-13 -2.50929e-13
18.95 -2.25218e-14 -4.12575e-15 -4.53665e-13 -2.28896e-13
18.975 -2.05863e-14 -3.58341e-15 -4.13855e-13 -2.08719e-13
19 -1.88123e-14 -3.10435e-15 -3.77397e-13 -1.90251e-13
19.025 -1.7187e-14 -2.68184e-15 -3.44022e-13 -1.73352e-13
19.05 -1.56981e-14 -2.30977e-15 -3.13482e-13 -1.57896e-13
19.075 -1.43346e-14 -1.98267e-15 -2.85547e-13 -1.43765e-13
19.1 -1.30862e-14 -1.69561e-15 -2.60005e-13 -1.3085e-13
19.125 -1.19436e-14 -1.44415e-15 -2.3666e-13 -1.19052e-13
19.15 -1.0898e-14 -1.22432e-15 -2.15331e-13 -1.08278e-13
19.175 -9.94145e-15 -1.03253e-15 -1.95853e-13 -9.84427e-14
19.2 -9.06658e-15 -8.65587e-16 -1.78071e-13 -8.94682e-14
19.225 -8.26661e-15 -7.20623e-16 -1.61844e-13 -8.12823e-14
19.25 -7.53533e-15 -5.95072e-16 -1.47042e-13 -7.38186e-14
19.275 -6.86701e-15 -4.86642e-16 -1.33545e-13 -6.70158e-14
19.3 -6.25639e-15 -3.93289e-16 -1.21243e-13 -6.0818e-14
19.325 -5.69862e-15 -3.13188e-16 -1.10034e-13 -5.51735e-14
19.35 -5.18926e-15 -2.44715e-16 -9.98248e-14 -5.00347e-14
19.375 -4.72423e-15 -1.86428e-16 -9.05302e-14 -4.53583e-14
19.4 -4.29978e-15 -1.37044e-16 -8.20714e-14 -4.11042e-14
19.425 -3.91246e-15 -9.54246e-17 -7.43761e-14 -3.72358e-14
19.45 -3.55912e-15 -6.05627e-17 -6.73781e-14 -3.37193e-14
19.475 -3.23687e-15 -3.15669e-17 -6.10166e-14 -3.05241e-14
19.5 -2.94303e-15 -7.65001e-18 -5.52359e-14 -2.76218e-14
19.525 -2.67518e-15 1.18824e-17 -4.99851e-14 -2.49866e-14
19.55 -2.43108e-15 2.76415e-17 -4.52172e-14 -2.25948e-14
19.575 -2.20868e-15 4.01646e-17 -4.08895e-14 -2.04247e-14
19.6 -2.0061e-15 4.9923e-17 -3.69629e-14 -1.84565e-14
19.625 -1.82163e-15 5.73295e-17 -3.34015e-14 -1.66721e-14
19.65 -1.65369e-15 6.27447e-17 -3.01726e-14 -1.50549e-14
19.675 -1.50084e-15 6.64833e-17 -2.72462e-14 -1.35898e-14
19.7 -1.36175e-15 6.88187e-17 -2.45949e-14 -1.2263e-14
19.725 -1.23523e-15 6.99885e-17 -2.21938e-14 -1.10619e-14
19.75 -1.12017e-15 7.01981e-17 -2.002e-14 -9.97492e-15
19.775 -1.01555e-15 6.96248e-17 -1.80529e-14 -8.99162e-15
19.8 -9.20463e-16 6.84212e-17 -1.62733e-14 -8.10244e-15
19.825 -8.34053e-16 6.67179e-17 -1.4664e-14 -7.29865e-15
19.85 -7.55551e-16 6.46266e-17 -1.32093e-14 -6.57232e-15
19.875 -6.84253e-16 6.22422e-17 -1.18947e-14 -5.91623e-15
19.9 -6.19515e-16 5.96448e-17 -1.07072e-14 -5.32379e-15
19.925 -5.6075e-16 5.6902e-17 -9.63496e-15 -4.78903e-15
19.95 -5.07421e-16 5.40702e-17 -8.66707e-15 -4.3065e-15
19.975 -4.59037e-16 5.11963e-17 -7.79371e-15 -3.87126e-15
20 -4.15153e-16 4.83186e-17 -7.00595e-15 -3.47881e-15
