0 0.141828 0.154242 -0.00670883 0.0737667
0.025 0.141828 0.154242 -0.00670883 0.0737667
0.05 0.141834 0.154247 -0.00671066 0.0737681
0.075 0.141844 0.154254 -0.00671373 0.0737703
0.1 0.141858 0.154265 -0.00671802 0.0737735
0.125 0.141876 0.154279 -0.00672356 0.0737776
0.15 0.141898 0.154295 -0.00673034 0.0737826
0.175 0.141924 0.154315 -0.00673838 0.0737884
0.2 0.141954 0.154338 -0.00674769 0.0737951
0.225 0.141988 0.154363 -0.00675828 0.0738026
0.25 0.142025 0.154392 -0.00677018 0.073811
0.275 0.142067 0.154424 -0.0067834 0.0738201
0.3 0.142113 0.154458 -0.00679795 0.0738301
0.325 0.142162 0.154495 -0.00681387 0.0738408
0.35 0.142216 0.154536 -0.00683117 0.0738522
0.375 0.142273 0.154578 -0.00684987 0.0738643
0.4 0.142334 0.154624 -0.00687002 0.0738771
0.425 0.142399 0.154673 -0.00689162 0.0738905
0.45 0.142467 0.154724 -0.00691471 0.0739045
0.475 0.142539 0.154777 -0.00693932 0.073919
0.5 0.142615 0.154834 -0.00696549 0.0739341
0.525 0.142695 0.154892 -0.00699323 0.0739495
0.55 0.142778 0.154953 -0.0070226 0.0739654
0.575 0.142864 0.155017 -0.00705362 0.0739816
0.6 0.142954 0.155083 -0.00708632 0.0739981
0.625 0.143047 0.15515 -0.00712075 0.0740148
0.65 0.143144 0.15522 -0.00715693 0.0740317
0.675 0.143243 0.155292 -0.00719492 0.0740487
0.7 0.143346 0.155366 -0.00723473 0.0740656
0.725 0.143451 0.155441 -0.00727641 0.0740825
0.75 0.14356 0.155519 -0.00732 0.0740993
0.775 0.143671 0.155597 -0.00736554 0.0741158
0.8 0.143784 0.155677 -0.00741305 0.074132
0.825 0.1439 0.155758 -0.00746258 0.0741477
0.85 0.144018 0.15584 -0.00751415 0.074163
0.875 0.144138 0.155923 -0.00756781 0.0741776
0.9 0.14426 0.156007 -0.00762359 0.0741915
0.925 0.144384 0.15609 -0.00768152 0.0742045
0.95 0.144509 0.156175 -0.00774163 0.0742165
0.975 0.144636 0.156259 -0.00780394 0.0742275
1 0.144763 0.156343 -0.00786849 0.0742373
1.025 0.144891 0.156427 -0.0079353 0.0742457
1.05 0.14502 0.15651 -0.00800438 0.0742526
1.075 0.145149 0.156592 -0.00807577 0.0742579
1.1 0.145278 0.156672 -0.00814948 0.0742614
1.125 0.145407 0.156752 -0.00822552 0.074263
1.15 0.145535 0.156829 -0.0083039 0.0742626
1.175 0.145662 0.156904 -0.00838464 0.0742599
1.2 0.145787 0.156977 -0.00846773 0.0742547
1.225 0.145911 0.157047 -0.00855317 0.0742471
1.25 0.146033 0.157114 -0.00864098 0.0742366
1.275 0.146153 0.157178 -0.00873113 0.0742233
1.3 0.14627 0.157237 -0.00882361 0.0742068
1.325 0.146384 0.157293 -0.00891842 0.0741871
1.35 0.146494 0.157343 -0.00901553 0.0741638
1.375 0.1466 0.157389 -0.00911492 0.0741369
1.4 0.146702 0.157429 -0.00921656 0.0741062
1.425 0.146799 0.157463 -0.00932042 0.0740713
1.45 0.14689 0.157491 -0.00942645 0.0740322
1.475 0.146976 0.157512 -0.00953462 0.0739887
1.5 0.147056 0.157526 -0.00964488 0.0739404
1.525 0.147128 0.157532 -0.00975717 0.0738873
1.55 0.147194 0.15753 -0.00987143 0.0738291
1.575 0.147251 0.157519 -0.00998761 0.0737655
1.6 0.147301 0.157499 -0.0101056 0.0736965
1.625 0.147342 0.157469 -0.0102254 0.0736217
1.65 0.147373 0.157429 -0.0103469 0.0735409
1.675 0.147394 0.157378 -0.01047 0.073454
1.7 0.147406 0.157316 -0.0105946 0.0733608
1.725 0.147406 0.157242 -0.0107207 0.0732609
1.75 0.147395 0.157157 -0.010848 0.0731542
1.775 0.147372 0.157058 -0.0109766 0.0730406
1.8 0.147336 0.156946 -0.0111063 0.0729197
1.825 0.147288 0.15682 -0.0112371 0.0727914
1.85 0.147226 0.15668 -0.0113687 0.0726555
1.875 0.14715 0.156525 -0.0115011 0.0725118
1.9 0.147059 0.156354 -0.0116341 0.07236
1.925 0.146953 0.156168 -0.0117676 0.0722001
1.95 0.146832 0.155965 -0.0119016 0.0720317
1.975 0.146694 0.155745 -0.0120358 0.0718548
2 0.14654 0.155508 -0.0121701 0.0716691
2.025 0.146368 0.155253 -0.0123044 0.0714745
2.05 0.146179 0.15498 -0.0124385 0.0712708
2.075 0.145972 0.154688 -0.0125723 0.0710579
2.1 0.145746 0.154377 -0.0127057 0.0708356
2.125 0.145501 0.154046 -0.0128384 0.0706037
2.15 0.145236 0.153695 -0.0129704 0.0703621
2.175 0.144952 0.153323 -0.0131015 0.0701108
2.2 0.144648 0.152931 -0.0132316 0.0698495
2.225 0.144322 0.152517 -0.0133604 0.0695782
2.25 0.143976 0.152081 -0.0134879 0.0692968
2.275 0.143608 0.151624 -0.0136138 0.0690051
2.3 0.143219 0.151144 -0.0137381 0.0687031
2.325 0.142807 0.150642 -0.0138606 0.0683907
2.35 0.142373 0.150117 -0.0139812 0.0680679
2.375 0.141916 0.149569 -0.0140996 0.0677346
2.4 0.141436 0.148997 -0.0142158 0.0673907
2.425 0.140934 0.148402 -0.0143296 0.0670362
2.45 0.140407 0.147783 -0.0144408 0.0666711
2.475 0.139858 0.14714 -0.0145494 0.0662954
2.5 0.139284 0.146473 -0.0146551 0.0659091
2.525 0.138687 0.145782 -0.0147579 0.0655122
2.55 0.138065 0.145067 -0.0148576 0.0651047
2.575 0.137419 0.144327 -0.0149541 0.0646866
2.6 0.13675 0.143563 -0.0150473 0.0642581
2.625 0.136056 0.142775 -0.015137 0.063819
2.65 0.135337 0.141962 -0.0152231 0.0633696
2.675 0.134595 0.141125 -0.0153056 0.0629099
2.7 0.133828 0.140264 -0.0153843 0.06244
2.725 0.133037 0.139379 -0.0154591 0.0619599
2.75 0.132222 0.13847 -0.0155299 0.0614698
2.775 0.131383 0.137536 -0.0155967 0.0609698
2.8 0.130521 0.136579 -0.0156592 0.0604601
2.825 0.129634 0.135599 -0.0157176 0.0599408
2.85 0.128724 0.134595 -0.0157715 0.0594119
2.875 0.127791 0.133569 -0.0158211 0.0588738
2.9 0.126835 0.132519 -0.0158663 0.0583266
2.925 0.125856 0.131448 -0.0159068 0.0577704
2.95 0.124854 0.130354 -0.0159428 0.0572054
2.975 0.12383 0.129238 -0.0159742 0.0566319
3 0.122785 0.128101 -0.0160008 0.0560501
3.025 0.121717 0.126943 -0.0160228 0.0554601
3.05 0.120629 0.125764 -0.0160399 0.0548622
3.075 0.11952 0.124566 -0.0160523 0.0542567
3.1 0.118391 0.123347 -0.0160598 0.0536438
3.125 0.117242 0.12211 -0.0160624 0.0530237
3.15 0.116073 0.120854 -0.0160602 0.0523967
3.175 0.114886 0.119579 -0.0160531 0.051763
3.2 0.11368 0.118287 -0.0160411 0.0511231
3.225 0.112456 0.116978 -0.0160243 0.050477
3.25 0.111216 0.115653 -0.0160025 0.0498252
3.275 0.109958 0.114311 -0.0159758 0.0491678
3.3 0.108684 0.112955 -0.0159443 0.0485053
3.325 0.107395 0.111584 -0.0159079 0.0478379
3.35 0.10609 0.110198 -0.0158666 0.0471659
3.375 0.104772 0.1088 -0.0158206 0.0464896
3.4 0.103439 0.107389 -0.0157697 0.0458094
3.425 0.102094 0.105965 -0.0157141 0.0451256
3.45 0.100736 0.104531 -0.0156538 0.0444385
3.475 0.0993669 0.103086 -0.0155887 0.0437485
3.5 0.0979867 0.101631 -0.0155191 0.0430558
3.525 0.0965963 0.100166 -0.0154448 0.0423608
3.55 0.0951964 0.0986938 -0.015366 0.0416639
3.575 0.0937877 0.0972134 -0.0152827 0.0409653
3.6 0.0923709 0.0957261 -0.015195 0.0402655
3.625 0.0909469 0.0942326 -0.0151029 0.0395648
3.65 0.0895164 0.0927336 -0.0150065 0.0388635
3.675 0.0880801 0.0912299 -0.0149058 0.038162
3.7 0.0866387 0.0897223 -0.014801 0.0374606
3.725 0.0851932 0.0882115 -0.0146921 0.0367597
3.75 0.0837442 0.0866983 -0.0145792 0.0360595
3.775 0.0822925 0.0851835 -0.0144623 0.0353606
3.8 0.080839 0.0836678 -0.0143416 0.0346631
3.825 0.0793843 0.082152 -0.0142171 0.0339674
3.85 0.0779292 0.0806368 -0.0140889 0.033274
3.875 0.0764746 0.0791231 -0.0139572 0.032583
3.9 0.0750212 0.0776116 -0.0138219 0.0318949
3.925 0.0735698 0.0761031 -0.0136833 0.0312099
3.95 0.0721211 0.0745982 -0.0135413 0.0305285
3.975 0.0706759 0.0730978 -0.0133962 0.0298508
4 0.069235 0.0716026 -0.0132479 0.0291773
4.025 0.067799 0.0701133 -0.0130967 0.0285083
4.05 0.0663689 0.0686307 -0.0129426 0.027844
4.075 0.0649452 0.0671554 -0.0127857 0.0271848
4.1 0.0635287 0.0656882 -0.0126262 0.026531
4.125 0.0621202 0.0642297 -0.0124642 0.0258827
4.15 0.0607202 0.0627807 -0.0122998 0.0252405
4.175 0.0593296 0.0613418 -0.012133 0.0246044
4.2 0.057949 0.0599137 -0.0119641 0.0239748
4.225 0.056579 0.058497 -0.0117932 0.0233519
4.25 0.0552202 0.0570923 -0.0116203 0.022736
4.275 0.0538734 0.0557003 -0.0114456 0.0221274
4.3 0.0525391 0.0543216 -0.0112693 0.0215262
4.325 0.051218 0.0529567 -0.0110915 0.0209326
4.35 0.0499105 0.0516062 -0.0109122 0.020347
4.375 0.0486173 0.0502707 -0.0107317 0.0197695
4.4 0.0473389 0.0489506 -0.01055 0.0192003
4.425 0.0460758 0.0476466 -0.0103674 0.0186396
4.45 0.0448285 0.0463589 -0.0101839 0.0180875
4.475 0.0435974 0.0450882 -0.00999961 0.0175443
4.5 0.0423832 0.0438349 -0.00981477 0.0170101
4.525 0.041186 0.0425994 -0.00962947 0.016485
4.55 0.0400064 0.0413821 -0.00944384 0.0159691
4.575 0.0388448 0.0401833 -0.00925803 0.0154626
4.6 0.0377015 0.0390034 -0.00907215 0.0149656
4.625 0.0365768 0.0378428 -0.00888636 0.0144782
4.65 0.0354711 0.0367018 -0.00870078 0.0140005
4.675 0.0343846 0.0355806 -0.00851553 0.0135325
4.7 0.0333177 0.0344795 -0.00833076 0.0130744
4.725 0.0322704 0.0333987 -0.00814658 0.0126261
4.75 0.0312431 0.0323384 -0.00796314 0.0121876
4.775 0.030236 0.0312989 -0.00778054 0.0117592
4.8 0.0292491 0.0302802 -0.00759891 0.0113407
4.825 0.0282827 0.0292826 -0.00741837 0.0109321
4.85 0.0273368 0.0283061 -0.00723904 0.0105335
4.875 0.0264115 0.0273507 -0.00706103 0.0101448
4.9 0.0255069 0.0264167 -0.00688445 0.00976611
4.925 0.024623 0.0255039 -0.00670942 0.00939725
4.95 0.0237599 0.0246125 -0.00653603 0.00903823
4.975 0.0229175 0.0237424 -0.00636439 0.00868899
5 0.0220959 0.0228935 -0.00619459 0.00834946
5.025 0.0212948 0.0220659 -0.00602673 0.00801958
5.05 0.0205144 0.0212594 -0.0058609 0.00769926
5.075 0.0197544 0.020474 -0.00569719 0.00738841
5.1 0.0190148 0.0197095 -0.00553566 0.00708692
5.125 0.0182954 0.0189658 -0.00537641 0.0067947
5.15 0.017596 0.0182428 -0.00521951 0.00651162
5.175 0.0169166 0.0175402 -0.00506502 0.00623757
5.2 0.0162568 0.0168578 -0.00491301 0.00597241
5.225 0.0156165 0.0161955 -0.00476353 0.00571601
5.25 0.0149955 0.0155531 -0.00461665 0.00546822
5.275 0.0143936 0.0149302 -0.00447241 0.00522891
5.3 0.0138103 0.0143267 -0.00433085 0.00499791
5.325 0.0132456 0.0137422 -0.00419202 0.00477507
5.35 0.0126991 0.0131764 -0.00405596 0.00456023
5.375 0.0121705 0.0126292 -0.00392269 0.00435323
5.4 0.0116596 0.0121 -0.00379225 0.00415389
5.425 0.0111659 0.0115887 -0.00366464 0.00396205
5.45 0.0106892 0.011095 -0.0035399 0.00377753
5.475 0.0102291 0.0106183 -0.00341804 0.00360015
5.5 0.00978534 0.0101585 -0.00329906 0.00342973
5.525 0.00935752 0.00971518 -0.00318297 0.0032661
5.55 0.0089453 0.00928794 -0.00306977 0.00310908
5.575 0.00854832 0.00887642 -0.00295946 0.00295848
5.6 0.00816622 0.00848028 -0.00285203 0.00281412
5.625 0.00779862 0.00809912 -0.00274746 0.00267583
5.65 0.00744517 0.00773257 -0.00264575 0.00254341
5.675 0.00710548 0.00738025 -0.00254688 0.00241669
5.7 0.0067792 0.00704179 -0.00245082 0.00229549
5.725 0.00646594 0.0067168 -0.00235754 0.00217963
5.75 0.00616533 0.00640489 -0.00226703 0.00206893
5.775 0.00587701 0.0061057 -0.00217925 0.00196322
5.8 0.0056006 0.00581883 -0.00209417 0.00186233
5.825 0.00533575 0.00554392 -0.00201174 0.00176609
5.85 0.00508207 0.00528059 -0.00193194 0.00167432
5.875 0.00483922 0.00502846 -0.00185473 0.00158687
5.9 0.00460684 0.00478717 -0.00178005 0.00150356
5.925 0.00438457 0.00455637 -0.00170786 0.00142425
5.95 0.00417206 0.00433568 -0.00163813 0.00134878
5.975 0.00396898 0.00412475 -0.00157079 0.00127698
6 0.00377499 0.00392325 -0.00150581 0.00120872
6.025 0.00358976 0.00373083 -0.00144313 0.00114385
6.05 0.00341295 0.00354715 -0.00138269 0.00108223
6.075 0.00324426 0.00337188 -0.00132446 0.00102371
6.1 0.00308337 0.00320471 -0.00126837 0.000968171
6.125 0.00292999 0.00304532 -0.00121437 0.000915474
6.15 0.0027838 0.0028934 -0.00116241 0.000865496
6.175 0.00264452 0.00274865 -0.00111242 0.000818112
6.2 0.00251187 0.00261078 -0.00106437 0.000773206
6.225 0.00238558 0.00247951 -0.00101819 0.000730661
6.25 0.00226538 0.00235457 -0.000973831 0.000690368
6.275 0.002151 0.00223567 -0.000931234 0.00065222
6.3 0.00204221 0.00212257 -0.000890347 0.000616113
6.325 0.00193875 0.00201501 -0.000851117 0.000581948
6.35 0.00184039 0.00191275 -0.00081349 0.00054963
6.375 0.0017469 0.00181555 -0.000777413 0.000519068
6.4 0.00165806 0.00172318 -0.000742835 0.000490173
6.425 0.00157366 0.00163543 -0.000709704 0.000462861
6.45 0.0014935 0.00155207 -0.00067797 0.000437051
6.475 0.00141737 0.00147292 -0.000647583 0.000412666
6.5 0.00134509 0.00139776 -0.000618495 0.000389631
6.525 0.00127648 0.00132641 -0.000590658 0.000367876
6.55 0.00121136 0.00125869 -0.000564025 0.000347333
6.575 0.00114956 0.00119442 -0.000538551 0.000327937
6.6 0.00109092 0.00113344 -0.00051419 0.000309626
6.625 0.00103528 0.00107559 -0.000490901 0.000292343
6.65 0.000982504 0.0010207 -0.000468639 0.000276032
6.675 0.000932441 0.000968641 -0.000447365 0.000260638
6.7 0.000884957 0.000919263 -0.000427038 0.000246112
6.725 0.000839923 0.000872432 -0.000407619 0.000232406
6.75 0.000797214 0.00082802 -0.000389071 0.000219474
6.775 0.000756713 0.000785904 -0.000371358 0.000207273
6.8 0.000718307 0.000745967 -0.000354444 0.000195761
6.825 0.000681888 0.000708096 -0.000338295 0.000184901
6.85 0.000647353 0.000672187 -0.000322878 0.000174654
6.875 0.000614606 0.000638136 -0.000308162 0.000164987
6.9 0.000583552 0.000605848 -0.000294116 0.000155866
6.925 0.000554105 0.000575231 -0.00028071 0.000147261
6.95 0.00052618 0.000546198 -0.000267916 0.000139141
6.975 0.000499697 0.000518664 -0.000255707 0.000131478
7 0.000474581 0.000492553 -0.000244057 0.000124248
7.025 0.000450759 0.000467788 -0.000232941 0.000117424
7.05 0.000428164 0.0004443 -0.000222333 0.000110983
7.075 0.00040673 0.00042202 -0.000212212 0.000104904
7.1 0.000386397 0.000400885 -0.000202555 9.9165e-05
7.125 0.000367106 0.000380834 -0.000193341 9.37469e-05
7.15 0.000348802 0.000361811 -0.000184549 8.8631e-05
7.175 0.000331433 0.00034376 -0.00017616 8.37999e-05
7.2 0.000314949 0.00032663 -0.000168155 7.92374e-05
7.225 0.000299304 0.000310373 -0.000160517 7.49278e-05
7.25 0.000284453 0.000294942 -0.000153229 7.08568e-05
7.275 0.000270355 0.000280294 -0.000146273 6.70105e-05
7.3 0.000256969 0.000266388 -0.000139636 6.33761e-05
7.325 0.00024426 0.000253185 -0.000133302 5.99416e-05
7.35 0.000232189 0.000240647 -0.000127256 5.66954e-05
7.375 0.000220726 0.00022874 -0.000121487 5.36269e-05
7.4 0.000209837 0.000217432 -0.00011598 5.07261e-05
7.425 0.000199493 0.00020669 -0.000110723 4.79833e-05
7.45 0.000189665 0.000196485 -0.000105705 4.53898e-05
7.475 0.000180327 0.000186789 -0.000100915 4.29371e-05
7.5 0.000171453 0.000177577 -9.63424e-05 4.06172e-05
7.525 0.00016302 0.000168823 -9.19768e-05 3.84229e-05
7.55 0.000155005 0.000160503 -8.78087e-05 3.63471e-05
7.575 0.000147386 0.000152596 -8.38291e-05 3.43832e-05
7.6 0.000140143 0.000145079 -8.00293e-05 3.25251e-05
7.625 0.000133257 0.000137935 -7.6401e-05 3.07669e-05
7.65 0.000126711 0.000131143 -7.29364e-05 2.91031e-05
7.675 0.000120486 0.000124685 -6.9628e-05 2.75287e-05
7.7 0.000114567 0.000118546 -6.64686e-05 2.60386e-05
7.725 0.000108939 0.000112708 -6.34515e-05 2.46285e-05
7.75 0.000103586 0.000107158 -6.05702e-05 2.32938e-05
7.775 9.84957e-05 0.00010188 -5.78185e-05 2.20307e-05
7.8 9.36547e-05 9.6861e-05 -5.51907e-05 2.08352e-05
7.825 8.90505e-05 9.20884e-05 -5.26811e-05 1.97037e-05
7.85 8.46717e-05 8.75499e-05 -5.02844e-05 1.86328e-05
7.875 8.05071e-05 8.32341e-05 -4.79955e-05 1.76193e-05
7.9 7.65462e-05 7.913e-05 -4.58097e-05 1.66601e-05
7.925 7.27792e-05 7.52273e-05 -4.37224e-05 1.57525e-05
7.95 6.91966e-05 7.15161e-05 -4.1729e-05 1.48935e-05
7.975 6.57894e-05 6.79872e-05 -3.98256e-05 1.40808e-05
8 6.25492e-05 6.46317e-05 -3.80081e-05 1.33118e-05
8.025 5.94679e-05 6.14412e-05 -3.62726e-05 1.25843e-05
8.05 5.65378e-05 5.84078e-05 -3.46157e-05 1.18961e-05
8.075 5.37517e-05 5.55238e-05 -3.30337e-05 1.1245e-05
8.1 5.11027e-05 5.2782e-05 -3.15234e-05 1.06293e-05
8.125 4.8584e-05 5.01756e-05 -3.00817e-05 1.0047e-05
8.15 4.61896e-05 4.76981e-05 -2.87055e-05 9.49631e-06
8.175 4.39133e-05 4.53433e-05 -2.7392e-05 8.97565e-06
8.2 4.17497e-05 4.31051e-05 -2.61383e-05 8.48342e-06
8.225 3.96931e-05 4.09782e-05 -2.49419e-05 8.01812e-06
8.25 3.77385e-05 3.89569e-05 -2.38003e-05 7.57834e-06
8.275 3.58811e-05 3.70364e-05 -2.27109e-05 7.16272e-06
8.3 3.4116e-05 3.52116e-05 -2.16716e-05 6.77e-06
8.325 3.24389e-05 3.3478e-05 -2.06801e-05 6.39894e-06
8.35 3.08455e-05 3.18312e-05 -1.97344e-05 6.04841e-06
8.375 2.93318e-05 3.02669e-05 -1.88322e-05 5.71731e-06
8.4 2.78938e-05 2.87811e-05 -1.79719e-05 5.4046e-06
8.425 2.6528e-05 2.737e-05 -1.71514e-05 5.10929e-06
8.45 2.52308e-05 2.60299e-05 -1.6369e-05 4.83045e-06
8.475 2.39988e-05 2.47574e-05 -1.5623e-05 4.56719e-06
8.5 2.28289e-05 2.35492e-05 -1.49118e-05 4.31866e-06
8.525 2.1718e-05 2.24019e-05 -1.42338e-05 4.08406e-06
8.55 2.06631e-05 2.13128e-05 -1.35875e-05 3.86264e-06
8.575 1.96616e-05 2.02788e-05 -1.29715e-05 3.65367e-06
8.6 1.87108e-05 1.92972e-05 -1.23843e-05 3.45646e-06
8.625 1.78082e-05 1.83655e-05 -1.18247e-05 3.27037e-06
8.65 1.69512e-05 1.7481e-05 -1.12914e-05 3.09478e-06
8.675 1.61378e-05 1.66415e-05 -1.07832e-05 2.92911e-06
8.7 1.53656e-05 1.58446e-05 -1.0299e-05 2.7728e-06
8.725 1.46325e-05 1.50882e-05 -9.83752e-06 2.62533e-06
8.75 1.39367e-05 1.43702e-05 -9.39781e-06 2.4862e-06
8.775 1.32762e-05 1.36887e-05 -8.97882e-06 2.35494e-06
8.8 1.26492e-05 1.30418e-05 -8.57959e-06 2.23112e-06
8.825 1.20539e-05 1.24278e-05 -8.19917e-06 2.11429e-06
8.85 1.14888e-05 1.18448e-05 -7.83667e-06 2.00407e-06
8.875 1.09523e-05 1.12914e-05 -7.49123e-06 1.90008e-06
8.9 1.04429e-05 1.0766e-05 -7.16204e-06 1.80197e-06
8.925 9.95919e-06 1.02671e-05 -6.8483e-06 1.70938e-06
8.95 9.49984e-06 9.79331e-06 -6.54929e-06 1.62201e-06
8.975 9.06359e-06 9.34337e-06 -6.26426e-06 1.53956e-06
9 8.64921e-06 8.91601e-06 -5.99256e-06 1.46173e-06
9.025 8.25555e-06 8.51003e-06 -5.73352e-06 1.38825e-06
9.05 7.88152e-06 8.1243e-06 -5.48652e-06 1.31889e-06
9.075 7.52609e-06 7.75775e-06 -5.25098e-06 1.25338e-06
9.1 7.18826e-06 7.40936e-06 -5.02632e-06 1.19152e-06
9.125 6.86711e-06 7.07816e-06 -4.81201e-06 1.13307e-06
9.15 6.56173e-06 6.76324e-06 -4.60754e-06 1.07785e-06
9.175 6.2713e-06 6.46373e-06 -4.41241e-06 1.02566e-06
9.2 5.99502e-06 6.1788e-06 -4.22617e-06 9.76317e-07
9.225 5.73212e-06 5.90768e-06 -4.04837e-06 9.29657e-07
9.25 5.48189e-06 5.64962e-06 -3.87858e-06 8.85517e-07
9.275 5.24365e-06 5.40392e-06 -3.71643e-06 8.43748e-07
9.3 5.01677e-06 5.16993e-06 -3.56151e-06 8.04207e-07
9.325 4.80062e-06 4.947e-06 -3.41348e-06 7.66761e-07
9.35 4.59464e-06 4.73456e-06 -3.27199e-06 7.31283e-07
9.375 4.39827e-06 4.53203e-06 -3.13672e-06 6.97655e-07
9.4 4.21102e-06 4.33889e-06 -3.00736e-06 6.65765e-07
9.425 4.03238e-06 4.15464e-06 -2.88362e-06 6.35509e-07
9.45 3.8619e-06 3.9788e-06 -2.76522e-06 6.06787e-07
9.475 3.69915e-06 3.81092e-06 -2.65191e-06 5.79507e-07
9.5 3.54372e-06 3.65059e-06 -2.54343e-06 5.53581e-07
9.525 3.39522e-06 3.49741e-06 -2.43955e-06 5.28929e-07
9.55 3.25329e-06 3.351e-06 -2.34005e-06 5.05474e-07
9.575 3.11758e-06 3.211e-06 -2.24472e-06 4.83143e-07
9.6 2.98777e-06 3.0771e-06 -2.15336e-06 4.6187e-07
9.625 2.86356e-06 2.94896e-06 -2.06578e-06 4.41592e-07
9.65 2.74466e-06 2.8263e-06 -1.9818e-06 4.2225e-07
9.675 2.6308e-06 2.70885e-06 -1.90127e-06 4.03789e-07
9.7 2.52173e-06 2.59633e-06 -1.82401e-06 3.86159e-07
9.725 2.41721e-06 2.48851e-06 -1.74988e-06 3.69312e-07
9.75 2.31701e-06 2.38515e-06 -1.67874e-06 3.53203e-07
9.775 2.22093e-06 2.28603e-06 -1.61045e-06 3.37792e-07
9.8 2.12877e-06 2.19096e-06 -1.54489e-06 3.2304e-07
9.825 2.04034e-06 2.09975e-06 -1.48193e-06 3.08912e-07
9.85 1.95547e-06 2.01221e-06 -1.42146e-06 2.95375e-07
9.875 1.874e-06 1.92818e-06 -1.36338e-06 2.82398e-07
9.9 1.79577e-06 1.8475e-06 -1.30759e-06 2.69955e-07
9.925 1.72064e-06 1.77001e-06 -1.25398e-06 2.58018e-07
9.95 1.64847e-06 1.69559e-06 -1.20247e-06 2.46563e-07
9.975 1.57914e-06 1.62411e-06 -1.15297e-06 2.3557e-07
10 1.51253e-06 1.55543e-06 -1.1054e-06 2.25016e-07
10.025 1.44853e-06 1.48944e-06 -1.05968e-06 2.14884e-07
10.05 1.38703e-06 1.42605e-06 -1.01573e-06 2.05155e-07
10.075 1.32794e-06 1.36513e-06 -9.73502e-07 1.95815e-07
10.1 1.27115e-06 1.3066e-06 -9.32911e-07 1.86846e-07
10.125 1.21658e-06 1.25037e-06 -8.93899e-07 1.78237e-07
10.15 1.16416e-06 1.19635e-06 -8.56406e-07 1.69974e-07
10.175 1.11379e-06 1.14446e-06 -8.20375e-07 1.62045e-07
10.2 1.06541e-06 1.09463e-06 -7.85751e-07 1.54438e-07
10.225 1.01894e-06 1.04677e-06 -7.52482e-07 1.47143e-07
10.25 9.74323e-07 1.00082e-06 -7.20518e-07 1.40151e-07
10.275 9.31486e-07 9.56714e-07 -6.89813e-07 1.33451e-07
10.3 8.90369e-07 9.14387e-07 -6.60319e-07 1.27034e-07
10.325 8.50914e-07 8.73779e-07 -6.31995e-07 1.20892e-07
10.35 8.13065e-07 8.3483e-07 -6.04797e-07 1.15016e-07
10.375 7.76766e-07 7.97484e-07 -5.78686e-07 1.09399e-07
10.4 7.41966e-07 7.61686e-07 -5.53622e-07 1.04032e-07
10.425 7.08614e-07 7.27385e-07 -5.2957e-07 9.89076e-08
10.45 6.7666e-07 6.94528e-07 -5.06492e-07 9.40181e-08
10.475 6.46056e-07 6.63067e-07 -4.84355e-07 8.93561e-08
10.5 6.16756e-07 6.32952e-07 -4.63124e-07 8.49142e-08
10.525 5.88715e-07 6.04138e-07 -4.42768e-07 8.06849e-08
10.55 5.61889e-07 5.76578e-07 -4.23256e-07 7.66611e-08
10.575 5.36235e-07 5.50228e-07 -4.04557e-07 7.28354e-08
10.6 5.11711e-07 5.25043e-07 -3.86642e-07 6.92005e-08
10.625 4.88275e-07 5.00982e-07 -3.69483e-07 6.57494e-08
10.65 4.65888e-07 4.78003e-07 -3.53053e-07 6.24748e-08
10.675 4.4451e-07 4.56064e-07 -3.37325e-07 5.93696e-08
10.7 4.24102e-07 4.35126e-07 -3.22273e-07 5.64268e-08
10.725 4.04628e-07 4.1515e-07 -3.07872e-07 5.36393e-08
10.75 3.86051e-07 3.96098e-07 -2.94098e-07 5.10002e-08
10.775 3.68334e-07 3.77932e-07 -2.80927e-07 4.85026e-08
10.8 3.51442e-07 3.60616e-07 -2.68337e-07 4.61399e-08
10.825 3.35342e-07 3.44115e-07 -2.56305e-07 4.39053e-08
10.85 3.2e-07 3.28395e-07 -2.4481e-07 4.17924e-08
10.875 3.05385e-07 3.13421e-07 -2.33831e-07 3.97949e-08
10.9 2.91463e-07 2.99161e-07 -2.23348e-07 3.79065e-08
10.925 2.78206e-07 2.85584e-07 -2.13341e-07 3.61213e-08
10.95 2.65583e-07 2.72658e-07 -2.03791e-07 3.44334e-08
10.975 2.53566e-07 2.60355e-07 -1.9468e-07 3.28373e-08
11 2.42127e-07 2.48646e-07 -1.8599e-07 3.13277e-08
11.025 2.31241e-07 2.37503e-07 -1.77704e-07 2.98993e-08
11.05 2.2088e-07 2.26899e-07 -1.69805e-07 2.85473e-08
11.075 2.11021e-07 2.1681e-07 -1.62276e-07 2.72671e-08
11.1 2.0164e-07 2.07212e-07 -1.55103e-07 2.60542e-08
11.125 1.92714e-07 1.98079e-07 -1.4827e-07 2.49045e-08
11.15 1.84223e-07 1.89392e-07 -1.41763e-07 2.38142e-08
11.175 1.76145e-07 1.81127e-07 -1.35568e-07 2.27796e-08
11.2 1.6846e-07 1.73265e-07 -1.29671e-07 2.17974e-08
11.225 1.61151e-07 1.65787e-07 -1.24058e-07 2.08645e-08
11.25 1.54199e-07 1.58675e-07 -1.18719e-07 1.9978e-08
11.275 1.47588e-07 1.5191e-07 -1.1364e-07 1.91353e-08
11.3 1.41301e-07 1.45477e-07 -1.0881e-07 1.83339e-08
11.325 1.35324e-07 1.39361e-07 -1.04217e-07 1.75718e-08
11.35 1.29642e-07 1.33545e-07 -9.98512e-08 1.6847e-08
11.375 1.24242e-07 1.28017e-07 -9.5702e-08 1.61577e-08
11.4 1.1911e-07 1.22764e-07 -9.17592e-08 1.55022e-08
11.425 1.14236e-07 1.17772e-07 -8.80133e-08 1.48793e-08
11.45 1.09606e-07 1.1303e-07 -8.4455e-08 1.42876e-08
11.475 1.05211e-07 1.08528e-07 -8.10755e-08 1.37261e-08
11.5 1.01041e-07 1.04253e-07 -7.78662e-08 1.31936e-08
11.525 9.70842e-08 1.00198e-07 -7.48189e-08 1.26894e-08
11.55 9.33327e-08 9.63507e-08 -7.19255e-08 1.22126e-08
11.575 8.97773e-08 9.27036e-08 -6.91786e-08 1.17625e-08
11.6 8.64096e-08 8.92476e-08 -6.65707e-08 1.13384e-08
11.625 8.32213e-08 8.59744e-08 -6.40948e-08 1.09398e-08
11.65 8.02047e-08 8.28761e-08 -6.1744e-08 1.05661e-08
11.675 7.73522e-08 7.9945e-08 -5.95117e-08 1.02167e-08
11.7 7.46565e-08 7.71737e-08 -5.73916e-08 9.89105e-09
11.725 7.21105e-08 7.4555e-08 -5.53776e-08 9.5887e-09
11.75 6.97074e-08 7.20819e-08 -5.34637e-08 9.30908e-09
11.775 6.74404e-08 6.97476e-08 -5.16444e-08 9.05165e-09
11.8 6.5303e-08 6.75456e-08 -4.99139e-08 8.81582e-09
11.825 6.32888e-08 6.54691e-08 -4.82671e-08 8.601e-09
11.85 6.13915e-08 6.3512e-08 -4.66989e-08 8.40656e-09
11.875 5.96048e-08 6.16679e-08 -4.52043e-08 8.23182e-09
11.9 5.79228e-08 5.99307e-08 -4.37786e-08 8.07607e-09
11.925 5.63393e-08 5.82943e-08 -4.24172e-08 7.93855e-09
11.95 5.48485e-08 5.67526e-08 -4.11157e-08 7.81848e-09
11.975 5.34445e-08 5.52999e-08 -3.98699e-08 7.71502e-09
12 5.21217e-08 5.39304e-08 -3.86758e-08 7.62728e-09
12.025 5.08744e-08 5.26382e-08 -3.75295e-08 7.55436e-09
12.05 4.96971e-08 5.14179e-08 -3.64273e-08 7.49529e-09
12.075 4.85844e-08 5.0264e-08 -3.53658e-08 7.44911e-09
12.1 4.75309e-08 4.91711e-08 -3.43416e-08 7.41478e-09
12.125 4.65316e-08 4.8134e-08 -3.33514e-08 7.39129e-09
12.15 4.55815e-08 4.71476e-08 -3.23925e-08 7.37758e-09
12.175 4.46756e-08 4.6207e-08 -3.14619e-08 7.37259e-09
12.2 4.38093e-08 4.53074e-08 -3.0557e-08 7.37524e-09
12.225 4.29781e-08 4.44443e-08 -2.96754e-08 7.38446e-09
12.25 4.21776e-08 4.36133e-08 -2.88149e-08 7.39919e-09
12.275 4.14039e-08 4.28101e-08 -2.79733e-08 7.41838e-09
12.3 4.06529e-08 4.20309e-08 -2.71489e-08 7.44098e-09
12.325 3.99211e-08 4.12719e-08 -2.63399e-08 7.46599e-09
12.35 3.92049e-08 4.05296e-08 -2.55447e-08 7.49243e-09
12.375 3.85014e-08 3.98008e-08 -2.47622e-08 7.51934e-09
12.4 3.78075e-08 3.90826e-08 -2.39909e-08 7.54582e-09
12.425 3.71206e-08 3.83721e-08 -2.32301e-08 7.57101e-09
12.45 3.64384e-08 3.76671e-08 -2.24789e-08 7.59408e-09
12.475 3.57587e-08 3.69652e-08 -2.17367e-08 7.61429e-09
12.5 3.50798e-08 3.62647e-08 -2.10028e-08 7.63093e-09
12.525 3.44e-08 3.55639e-08 -2.02772e-08 7.64335e-09
12.55 3.37181e-08 3.48615e-08 -1.95595e-08 7.65098e-09
12.575 3.30331e-08 3.41564e-08 -1.88498e-08 7.6533e-09
12.6 3.23442e-08 3.34478e-08 -1.81481e-08 7.64986e-09
12.625 3.16511e-08 3.27352e-08 -1.74546e-08 7.64027e-09
12.65 3.09533e-08 3.20183e-08 -1.67699e-08 7.62422e-09
12.675 3.02511e-08 3.12972e-08 -1.60942e-08 7.60148e-09
12.7 2.95445e-08 3.05719e-08 -1.54282e-08 7.57185e-09
12.725 2.88341e-08 2.9843e-08 -1.47725e-08 7.53523e-09
12.75 2.81205e-08 2.91111e-08 -1.41279e-08 7.49158e-09
12.775 2.74047e-08 2.8377e-08 -1.34952e-08 7.44092e-09
12.8 2.66876e-08 2.76417e-08 -1.28751e-08 7.38332e-09
12.825 2.59705e-08 2.69066e-08 -1.22687e-08 7.31894e-09
12.85 2.52547e-08 2.61727e-08 -1.16768e-08 7.24798e-09
12.875 2.45417e-08 2.54418e-08 -1.11004e-08 7.17069e-09
12.9 2.38332e-08 2.47153e-08 -1.05405e-08 7.08739e-09
12.925 2.31307e-08 2.39949e-08 -9.99805e-09 6.99843e-09
12.95 2.2436e-08 2.32824e-08 -9.47402e-09 6.90422e-09
12.975 2.1751e-08 2.25797e-08 -8.96933e-09 6.8052e-09
13 2.10776e-08 2.18887e-08 -8.48492e-09 6.70188e-09
13.025 2.04177e-08 2.12111e-08 -8.02163e-09 6.59476e-09
13.05 1.97731e-08 2.05491e-08 -7.5803e-09 6.4844e-09
13.075 1.91457e-08 1.99045e-08 -7.1617e-09 6.37138e-09
13.1 1.85376e-08 1.92791e-08 -6.76652e-09 6.25632e-09
13.125 1.79504e-08 1.8675e-08 -6.39539e-09 6.13982e-09
13.15 1.7386e-08 1.80939e-08 -6.04886e-09 6.02254e-09
13.175 1.68462e-08 1.75377e-08 -5.72741e-09 5.90513e-09
13.2 1.63326e-08 1.70079e-08 -5.4314e-09 5.78826e-09
13.225 1.58468e-08 1.65063e-08 -5.16114e-09 5.67259e-09
13.25 1.53903e-08 1.60344e-08 -4.91681e-09 5.5588e-09
13.275 1.49645e-08 1.55936e-08 -4.6985e-09 5.44757e-09
13.3 1.45707e-08 1.51853e-08 -4.50623e-09 5.33956e-09
13.325 1.42101e-08 1.48107e-08 -4.33988e-09 5.23543e-09
13.35 1.38837e-08 1.44709e-08 -4.19925e-09 5.13584e-09
13.375 1.35925e-08 1.41669e-08 -4.08405e-09 5.04143e-09
13.4 1.33373e-08 1.38995e-08 -3.99388e-09 4.95282e-09
13.425 1.31188e-08 1.36695e-08 -3.92825e-09 4.87063e-09
13.45 1.29374e-08 1.34775e-08 -3.88659e-09 4.79544e-09
13.475 1.27938e-08 1.33239e-08 -3.86823e-09 4.72782e-09
13.5 1.2688e-08 1.3209e-08 -3.87241e-09 4.66832e-09
13.525 1.26204e-08 1.31332e-08 -3.89831e-09 4.61744e-09
13.55 1.2591e-08 1.30964e-08 -3.94504e-09 4.57569e-09
13.575 1.25996e-08 1.30987e-08 -4.01162e-09 4.54353e-09
13.6 1.26461e-08 1.31398e-08 -4.09703e-09 4.52137e-09
13.625 1.27301e-08 1.32195e-08 -4.20018e-09 4.50964e-09
13.65 1.28513e-08 1.33373e-08 -4.31996e-09 4.50868e-09
13.675 1.30091e-08 1.34928e-08 -4.45517e-09 4.51883e-09
13.7 1.32029e-08 1.36854e-08 -4.60464e-09 4.5404e-09
13.725 1.34319e-08 1.39144e-08 -4.76711e-09 4.57363e-09
13.75 1.36953e-08 1.41789e-08 -4.94134e-09 4.61875e-09
13.775 1.39922e-08 1.4478e-08 -5.12608e-09 4.67595e-09
13.8 1.43217e-08 1.48108e-08 -5.32004e-09 4.74538e-09
13.825 1.46827e-08 1.51762e-08 -5.52197e-09 4.82714e-09
13.85 1.5074e-08 1.55732e-08 -5.73059e-09 4.9213e-09
13.875 1.54945e-08 1.60005e-08 -5.94468e-09 5.0279e-09
13.9 1.59429e-08 1.64568e-08 -6.16299e-09 5.14692e-09
13.925 1.6418e-08 1.6941e-08 -6.38433e-09 5.27832e-09
13.95 1.69184e-08 1.74515e-08 -6.60754e-09 5.422e-09
13.975 1.74428e-08 1.79872e-08 -6.83147e-09 5.57784e-09
14 1.79897e-08 1.85464e-08 -7.05505e-09 5.74568e-09
14.025 1.85578e-08 1.91278e-08 -7.27722e-09 5.92531e-09
14.05 1.91455e-08 1.973e-08 -7.49699e-09 6.11649e-09
14.075 1.97515e-08 2.03513e-08 -7.71341e-09 6.31893e-09
14.1 2.03742e-08 2.09903e-08 -7.9256e-09 6.53233e-09
14.125 2.10121e-08 2.16454e-08 -8.13274e-09 6.75632e-09
14.15 2.16638e-08 2.23151e-08 -8.33405e-09 6.99053e-09
14.175 2.23278e-08 2.29979e-08 -8.52882e-09 7.23453e-09
14.2 2.30025e-08 2.36921e-08 -8.71641e-09 7.48787e-09
14.225 2.36864e-08 2.43964e-08 -8.89625e-09 7.75006e-09
14.25 2.43781e-08 2.5109e-08 -9.06781e-09 8.02059e-09
14.275 2.5076e-08 2.58285e-08 -9.23065e-09 8.29892e-09
14.3 2.57788e-08 2.65533e-08 -9.38437e-09 8.58447e-09
14.325 2.64849e-08 2.7282e-08 -9.52865e-09 8.87665e-09
14.35 2.71929e-08 2.80129e-08 -9.66322e-09 9.17485e-09
14.375 2.79014e-08 2.87447e-08 -9.78788e-09 9.47842e-09
14.4 2.8609e-08 2.94759e-08 -9.90248e-09 9.7867e-09
14.425 2.93143e-08 3.0205e-08 -1.00069e-08 1.0099e-08
14.45 3.00159e-08 3.09305e-08 -1.01012e-08 1.04147e-08
14.475 3.07126e-08 3.16512e-08 -1.01852e-08 1.0733e-08
14.5 3.14029e-08 3.23655e-08 -1.02592e-08 1.10532e-08
14.525 3.20856e-08 3.30723e-08 -1.03231e-08 1.13746e-08
14.55 3.27594e-08 3.377e-08 -1.03771e-08 1.16964e-08
14.575 3.34232e-08 3.44575e-08 -1.04215e-08 1.2018e-08
14.6 3.40757e-08 3.51335e-08 -1.04563e-08 1.23386e-08
14.625 3.47157e-08 3.57967e-08 -1.04819e-08 1.26574e-08
14.65 3.53422e-08 3.6446e-08 -1.04986e-08 1.29737e-08
14.675 3.59539e-08 3.70801e-08 -1.05066e-08 1.32868e-08
14.7 3.65499e-08 3.7698e-08 -1.05063e-08 1.35959e-08
14.725 3.7129e-08 3.82986e-08 -1.0498e-08 1.39003e-08
14.75 3.76904e-08 3.88808e-08 -1.0482e-08 1.41994e-08
14.775 3.8233e-08 3.94436e-08 -1.04588e-08 1.44924e-08
14.8 3.87559e-08 3.99861e-08 -1.04287e-08 1.47787e-08
14.825 3.92583e-08 4.05072e-08 -1.03921e-08 1.50576e-08
14.85 3.97392e-08 4.10061e-08 -1.03494e-08 1.53284e-08
14.875 4.01979e-08 4.14821e-08 -1.03009e-08 1.55906e-08
14.9 4.06337e-08 4.19342e-08 -1.02471e-08 1.58435e-08
14.925 4.10458e-08 4.23617e-08 -1.01884e-08 1.60867e-08
14.95 4.14335e-08 4.2764e-08 -1.0125e-08 1.63195e-08
14.975 4.17962e-08 4.31403e-08 -1.00574e-08 1.65415e-08
15 4.21334e-08 4.34902e-08 -9.98599e-09 1.67521e-08
15.025 4.24445e-08 4.38129e-08 -9.91103e-09 1.69509e-08
15.05 4.27291e-08 4.41081e-08 -9.83288e-09 1.71376e-08
15.075 4.29867e-08 4.43752e-08 -9.75187e-09 1.73117e-08
15.1 4.32169e-08 4.46139e-08 -9.66828e-09 1.74728e-08
15.125 4.34195e-08 4.48239e-08 -9.58242e-09 1.76208e-08
15.15 4.3594e-08 4.50049e-08 -9.49454e-09 1.77552e-08
15.175 4.37404e-08 4.51565e-08 -9.40491e-09 1.78758e-08
15.2 4.38584e-08 4.52787e-08 -9.31376e-09 1.79825e-08
15.225 4.39479e-08 4.53714e-08 -9.22131e-09 1.8075e-08
15.25 4.40089e-08 4.54344e-08 -9.12776e-09 1.81533e-08
15.275 4.40414e-08 4.54678e-08 -9.03328e-09 1.82173e-08
15.3 4.40453e-08 4.54716e-08 -8.93806e-09 1.82668e-08
15.325 4.40207e-08 4.54459e-08 -8.84223e-09 1.83018e-08
15.35 4.39679e-08 4.53909e-08 -8.74592e-09 1.83225e-08
15.375 4.3887e-08 4.53067e-08 -8.64926e-09 1.83287e-08
15.4 4.37783e-08 4.51937e-08 -8.55234e-09 1.83207e-08
15.425 4.36419e-08 4.50521e-08 -8.45525e-09 1.82984e-08
15.45 4.34784e-08 4.48824e-08 -8.35806e-09 1.82622e-08
15.475 4.32881e-08 4.46848e-08 -8.26083e-09 1.8212e-08
15.5 4.30714e-08 4.446e-08 -8.16361e-09 1.81482e-08
15.525 4.28288e-08 4.42083e-08 -8.06643e-09 1.8071e-08
15.55 4.25608e-08 4.39304e-08 -7.96931e-09 1.79806e-08
15.575 4.2268e-08 4.36269e-08 -7.87228e-09 1.78773e-08
15.6 4.1951e-08 4.32983e-08 -7.77533e-09 1.77615e-08
15.625 4.16104e-08 4.29454e-08 -7.67847e-09 1.76335e-08
15.65 4.1247e-08 4.25688e-08 -7.58169e-09 1.74936e-08
15.675 4.08615e-08 4.21694e-08 -7.48498e-09 1.73422e-08
15.7 4.04545e-08 4.17479e-08 -7.38833e-09 1.71798e-08
15.725 4.00269e-08 4.13051e-08 -7.2917e-09 1.70067e-08
15.75 3.95795e-08 4.08418e-08 -7.19508e-09 1.68234e-08
15.775 3.91132e-08 4.0359e-08 -7.09844e-09 1.66303e-08
15.8 3.86286e-08 3.98575e-08 -7.00175e-09 1.64279e-08
15.825 3.81269e-08 3.93382e-08 -6.90499e-09 1.62166e-08
15.85 3.76087e-08 3.88021e-08 -6.80812e-09 1.5997e-08
15.875 3.70751e-08 3.82501e-08 -6.71113e-09 1.57695e-08
15.9 3.6527e-08 3.76831e-08 -6.61398e-09 1.55345e-08
15.925 3.59653e-08 3.71021e-08 -6.51666e-09 1.52927e-08
15.95 3.53909e-08 3.65081e-08 -6.41914e-09 1.50445e-08
15.975 3.48048e-08 3.59021e-08 -6.3214e-09 1.47903e-08
16 3.42079e-08 3.5285e-08 -6.22343e-09 1.45308e-08
16.025 3.36012e-08 3.46579e-08 -6.12521e-09 1.42663e-08
16.05 3.29856e-08 3.40216e-08 -6.02675e-09 1.39974e-08
16.075 3.2362e-08 3.33773e-08 -5.92802e-09 1.37246e-08
16.1 3.17315e-08 3.27258e-08 -5.82905e-09 1.34484e-08
16.125 3.10949e-08 3.20681e-08 -5.72983e-09 1.31691e-08
16.15 3.04531e-08 3.14051e-08 -5.63036e-09 1.28874e-08
16.175 2.98071e-08 3.07379e-08 -5.53067e-09 1.26036e-08
16.2 2.91577e-08 3.00672e-08 -5.43078e-09 1.23182e-08
16.225 2.85059e-08 2.93941e-08 -5.33069e-09 1.20317e-08
16.25 2.78524e-08 2.87194e-08 -5.23045e-09 1.17445e-08
16.275 2.71981e-08 2.80439e-08 -5.13007e-09 1.14569e-08
16.3 2.65438e-08 2.73684e-08 -5.0296e-09 1.11694e-08
16.325 2.58903e-08 2.66939e-08 -4.92908e-09 1.08824e-08
16.35 2.52384e-08 2.60211e-08 -4.82854e-09 1.05963e-08
16.375 2.45888e-08 2.53508e-08 -4.72802e-09 1.03114e-08
16.4 2.39422e-08 2.46836e-08 -4.62759e-09 1.0028e-08
16.425 2.32994e-08 2.40204e-08 -4.52728e-09 9.74654e-09
16.45 2.2661e-08 2.33617e-08 -4.42716e-09 9.46727e-09
16.475 2.20276e-08 2.27083e-08 -4.32727e-09 9.1905e-09
16.5 2.13998e-08 2.20607e-08 -4.22768e-09 8.91651e-09
16.525 2.07782e-08 2.14196e-08 -4.12844e-09 8.64557e-09
16.55 2.01633e-08 2.07855e-08 -4.02962e-09 8.37792e-09
16.575 1.95558e-08 2.01589e-08 -3.93127e-09 8.1138e-09
16.6 1.89559e-08 1.95403e-08 -3.83345e-09 7.85344e-09
16.625 1.83643e-08 1.89303e-08 -3.73624e-09 7.59702e-09
16.65 1.77812e-08 1.83291e-08 -3.63968e-09 7.34473e-09
16.675 1.72072e-08 1.77373e-08 -3.54385e-09 7.09674e-09
16.7 1.66426e-08 1.71552e-08 -3.44881e-09 6.85322e-09
16.725 1.60877e-08 1.65832e-08 -3.35461e-09 6.61428e-09
16.75 1.55428e-08 1.60215e-08 -3.26131e-09 6.38007e-09
16.775 1.50081e-08 1.54704e-08 -3.16898e-09 6.1507e-09
16.8 1.4484e-08 1.49302e-08 -3.07768e-09 5.92624e-09
16.825 1.39706e-08 1.44011e-08 -2.98745e-09 5.7068e-09
16.85 1.34682e-08 1.38832e-08 -2.89835e-09 5.49244e-09
16.875 1.29769e-08 1.33769e-08 -2.81043e-09 5.28321e-09
16.9 1.24968e-08 1.28821e-08 -2.72375e-09 5.07916e-09
16.925 1.2028e-08 1.2399e-08 -2.63835e-09 4.88032e-09
16.95 1.15706e-08 1.19277e-08 -2.55427e-09 4.68672e-09
16.975 1.11248e-08 1.14683e-08 -2.47156e-09 4.49835e-09
17 1.06905e-08 1.10207e-08 -2.39025e-09 4.31524e-09
17.025 1.02677e-08 1.05851e-08 -2.31038e-09 4.13735e-09
17.05 9.85644e-09 1.01613e-08 -2.23199e-09 3.96468e-09
17.075 9.45673e-09 9.74949e-09 -2.15511e-09 3.79719e-09
17.1 9.0685e-09 9.34947e-09 -2.07976e-09 3.63485e-09
17.125 8.69168e-09 8.96121e-09 -2.00596e-09 3.47763e-09
17.15 8.32622e-09 8.58465e-09 -1.93375e-09 3.32545e-09
17.175 7.972e-09 8.21969e-09 -1.86314e-09 3.17827e-09
17.2 7.62892e-09 7.8662e-09 -1.79414e-09 3.03603e-09
17.225 7.29687e-09 7.52408e-09 -1.72678e-09 2.89865e-09
17.25 6.9757e-09 7.19317e-09 -1.66105e-09 2.76606e-09
17.275 6.66528e-09 6.87332e-09 -1.59696e-09 2.63818e-09
17.3 6.36543e-09 6.56437e-09 -1.53453e-09 2.51492e-09
17.325 6.076e-09 6.26616e-09 -1.47374e-09 2.39621e-09
17.35 5.79681e-09 5.97848e-09 -1.41461e-09 2.28193e-09
17.375 5.52767e-09 5.70116e-09 -1.35713e-09 2.17202e-09
17.4 5.26838e-09 5.43399e-09 -1.30128e-09 2.06635e-09
17.425 5.01875e-09 5.17676e-09 -1.24708e-09 1.96484e-09
17.45 4.77857e-09 4.92926e-09 -1.19449e-09 1.86739e-09
17.475 4.54763e-09 4.69128e-09 -1.14351e-09 1.77388e-09
17.5 4.32571e-09 4.46259e-09 -1.09413e-09 1.68423e-09
17.525 4.11259e-09 4.24297e-09 -1.04633e-09 1.59832e-09
17.55 3.90806e-09 4.03218e-09 -1.00009e-09 1.51604e-09
17.575 3.71187e-09 3.82999e-09 -9.55388e-10 1.4373e-09
17.6 3.52382e-09 3.63617e-09 -9.12205e-10 1.36198e-09
17.625 3.34367e-09 3.45049e-09 -8.70518e-10 1.28999e-09
17.65 3.17119e-09 3.27271e-09 -8.30301e-10 1.22121e-09
17.675 3.00615e-09 3.1026e-09 -7.91529e-10 1.15553e-09
17.7 2.84834e-09 2.93992e-09 -7.54175e-10 1.09287e-09
17.725 2.69751e-09 2.78443e-09 -7.18211e-10 1.03311e-09
17.75 2.55344e-09 2.63591e-09 -6.83608e-10 9.76153e-10
17.775 2.41592e-09 2.49413e-09 -6.50336e-10 9.21898e-10
17.8 2.28472e-09 2.35886e-09 -6.18365e-10 8.70247e-10
17.825 2.15962e-09 2.22987e-09 -5.87664e-10 8.21103e-10
17.85 2.0404e-09 2.10694e-09 -5.58201e-10 7.7437e-10
17.875 1.92686e-09 1.98986e-09 -5.29945e-10 7.29956e-10
17.9 1.81879e-09 1.8784e-09 -5.02863e-10 6.87768e-10
17.925 1.71597e-09 1.77236e-09 -4.76922e-10 6.47717e-10
17.95 1.61821e-09 1.67152e-09 -4.52092e-10 6.09716e-10
17.975 1.5253e-09 1.5757e-09 -4.28337e-10 5.7368e-10
18 1.43707e-09 1.48468e-09 -4.05627e-10 5.39526e-10
18.025 1.35331e-09 1.39827e-09 -3.83929e-10 5.07173e-10
18.05 1.27385e-09 1.31629e-09 -3.63209e-10 4.76542e-10
18.075 1.19851e-09 1.23855e-09 -3.43436e-10 4.47558e-10
18.1 1.1271e-09 1.16487e-09 -3.24579e-10 4.20145e-10
18.125 1.05946e-09 1.09507e-09 -3.06605e-10 3.94234e-10
18.15 9.95433e-10 1.02899e-09 -2.89484e-10 3.69754e-10
18.175 9.34848e-10 9.6646e-10 -2.73184e-10 3.46638e-10
18.2 8.77553e-10 9.0732e-10 -2.57675e-10 3.24822e-10
18.225 8.23398e-10 8.51415e-10 -2.42929e-10 3.04243e-10
18.25 7.72238e-10 7.98598e-10 -2.28914e-10 2.84842e-10
18.275 7.23931e-10 7.48722e-10 -2.15603e-10 2.66559e-10
18.3 6.78343e-10 7.01648e-10 -2.02968e-10 2.4934e-10
18.325 6.35343e-10 6.57242e-10 -1.90981e-10 2.3313e-10
18.35 5.94803e-10 6.15373e-10 -1.79616e-10 2.17879e-10
18.375 5.56604e-10 5.75917e-10 -1.68846e-10 2.03536e-10
18.4 5.20627e-10 5.38754e-10 -1.58646e-10 1.90054e-10
18.425 4.86762e-10 5.03767e-10 -1.48991e-10 1.77388e-10
18.45 4.54899e-10 4.70846e-10 -1.39857e-10 1.65494e-10
18.475 4.24936e-10 4.39885e-10 -1.31221e-10 1.54332e-10
18.5 3.96772e-10 4.1078e-10 -1.23061e-10 1.4386e-10
18.525 3.70314e-10 3.83434e-10 -1.15353e-10 1.34041e-10
18.55 3.4547e-10 3.57754e-10 -1.08078e-10 1.24838e-10
18.575 3.22154e-10 3.3365e-10 -1.01214e-10 1.16218e-10
18.6 3.00281e-10 3.11036e-10 -9.47418e-11 1.08147e-10
18.625 2.79772e-10 2.8983e-10 -8.86424e-11 1.00594e-10
18.65 2.60552e-10 2.69954e-10 -8.28972e-11 9.35283e-11
18.675 2.42549e-10 2.51334e-10 -7.74887e-11 8.69225e-11
18.7 2.25693e-10 2.33898e-10 -7.23997e-11 8.07492e-11
18.725 2.09919e-10 2.1758e-10 -6.7614e-11 7.49829e-11
18.75 1.95164e-10 2.02314e-10 -6.31157e-11 6.95991e-11
18.775 1.8137e-10 1.8804e-10 -5.88899e-11 6.4575e-11
18.8 1.68479e-10 1.74699e-10 -5.4922e-11 5.98886e-11
18.825 1.56439e-10 1.62237e-10 -5.11983e-11 5.55192e-11
18.85 1.45198e-10 1.506e-10 -4.77056e-11 5.14473e-11
18.875 1.34708e-10 1.3974e-10 -4.44311e-11 4.76544e-11
18.9 1.24923e-10 1.29609e-10 -4.13628e-11 4.41229e-11
18.925 1.15801e-10 1.20162e-10 -3.84892e-11 4.08364e-11
18.95 1.07301e-10 1.11358e-10 -3.57993e-11 3.77791e-11
18.975 9.93826e-11 1.03156e-10 -3.32825e-11 3.49365e-11
19 9.20109e-11 9.55182e-11 -3.0929e-11 3.22946e-11
19.025 8.51507e-11 8.84099e-11 -2.87292e-11 2.98403e-11
19.05 7.87696e-11 8.1797e-11 -2.66742e-11 2.75614e-11
19.075 7.28367e-11 7.56477e-11 -2.47552e-11 2.54462e-11
19.1 6.7323e-11 6.99321e-11 -2.29643e-11 2.34839e-11
19.125 6.22013e-11 6.4622e-11 -2.12936e-11 2.16642e-11
19.15 5.74457e-11 5.96909e-11 -1.97359e-11 1.99775e-11
19.175 5.30322e-11 5.51136e-11 -1.82842e-11 1.84147e-11
19.2 4.89379e-11 5.08668e-11 -1.69319e-11 1.69674e-11
19.225 4.51413e-11 4.69282e-11 -1.56729e-11 1.56277e-11
19.25 4.16225e-11 4.32772e-11 -1.45013e-11 1.4388e-11
19.275 3.83625e-11 3.98942e-11 -1.34115e-11 1.32414e-11
19.3 3.53436e-11 3.67609e-11 -1.23983e-11 1.21813e-11
19.325 3.25493e-11 3.38602e-11 -1.14567e-11 1.12017e-11
19.35 2.99638e-11 3.11759e-11 -1.05822e-11 1.02968e-11
19.375 2.75727e-11 2.86929e-11 -9.77025e-12 9.46134e-12
19.4 2.53623e-11 2.63973e-11 -9.01681e-12 8.69024e-12
19.425 2.33198e-11 2.42757e-11 -8.31796e-12 7.97886e-12
19.45 2.14333e-11 2.23158e-11 -7.67004e-12 7.32286e-12
19.475 1.96917e-11 2.0506e-11 -7.06963e-12 6.71818e-12
19.5 1.80844e-11 1.88356e-11 -6.5135e-12 6.16104e-12
19.525 1.66017e-11 1.72945e-11 -5.99861e-12 5.64792e-12
19.55 1.52347e-11 1.58732e-11 -5.52212e-12 5.17554e-12
19.575 1.39747e-11 1.45631e-11 -5.08138e-12 4.74084e-12
19.6 1.28139e-11 1.33558e-11 -4.67388e-12 4.34098e-12
19.625 1.17449e-11 1.22439e-11 -4.29728e-12 3.97332e-12
19.65 1.0761e-11 1.12202e-11 -3.94941e-12 3.63541e-12
19.675 9.85558e-12 1.02781e-11 -3.6282e-12 3.32496e-12
19.7 9.02288e-12 9.4115e-12 -3.33176e-12 3.03987e-12
19.725 8.25734e-12 8.61462e-12 -3.05828e-12 2.77817e-12
19.75 7.55383e-12 7.88218e-12 -2.80611e-12 2.53803e-12
19.775 6.90759e-12 7.20925e-12 -2.57369e-12 2.31778e-12
19.8 6.31422e-12 6.59123e-12 -2.35956e-12 2.11583e-12
19.825 5.7696e-12 6.0239e-12 -2.16238e-12 1.93076e-12
19.85 5.26993e-12 5.50329e-12 -1.98087e-12 1.76121e-12
19.875 4.8117e-12 5.02577e-12 -1.81387e-12 1.60595e-12
19.9 4.39164e-12 4.58793e-12 -1.66028e-12 1.46382e-12
19.925 4.00673e-12 4.18665e-12 -1.51909e-12 1.33378e-12
19.95 3.65416e-12 3.81902e-12 -1.38935e-12 1.21484e-12
19.975 3.33136e-12 3.48236e-12 -1.27019e-12 1.10609e-12
20 3.03592e-12 3.17418e-12 -1.16079e-12 1.0067e-12
