0 7.98857e-05 8.27934e-05 -5.91418e-07 4.1101e-05
0.025 7.98857e-05 8.27934e-05 -5.91418e-07 4.1101e-05
0.05 0.000319324 0.000330938 -2.36626e-06 0.000164286
0.075 0.000717657 0.00074373 -5.32626e-06 0.000369202
0.1 0.00127379 0.00132 -9.47427e-06 0.000655262
0.125 0.0019862 0.00205811 -1.48142e-05 0.00102165
0.15 0.00285294 0.00295596 -2.13508e-05 0.00146731
0.175 0.00387163 0.00401103 -2.90898e-05 0.00199097
0.2 0.00503947 0.00522031 -3.80374e-05 0.00259114
0.225 0.00635328 0.00658041 -4.82003e-05 0.0032661
0.25 0.00780947 0.00808747 -5.95855e-05 0.00401394
0.275 0.00940405 0.00973726 -7.22e-05 0.00483253
0.3 0.0111327 0.0115252 -8.60506e-05 0.00571955
0.325 0.0129906 0.0134461 -0.000101144 0.00667249
0.35 0.0149729 0.0154948 -0.000117484 0.00768866
0.375 0.0170741 0.0176655 -0.000135078 0.00876521
0.4 0.0192884 0.0199522 -0.000153927 0.00989911
0.425 0.02161 0.0223484 -0.000174033 0.0110872
0.45 0.0240326 0.0248477 -0.000195396 0.0123262
0.475 0.0265495 0.0274431 -0.000218014 0.0136126
0.5 0.0291541 0.0301276 -0.00024188 0.0149428
0.525 0.0318394 0.0328937 -0.000266988 0.0163133
0.55 0.0345982 0.035734 -0.000293326 0.0177203
0.575 0.0374232 0.0386407 -0.000320881 0.0191599
0.6 0.0403068 0.0416062 -0.000349633 0.0206283
0.625 0.0432415 0.0446223 -0.000379563 0.0221214
0.65 0.0462194 0.0476812 -0.000410643 0.0236353
0.675 0.0492328 0.0507747 -0.000442845 0.0251659
0.7 0.0522739 0.0538946 -0.000476134 0.0267092
0.725 0.0553346 0.0570329 -0.000510473 0.0282612
0.75 0.0584072 0.0601814 -0.000545817 0.0298178
0.775 0.0614836 0.0633321 -0.000582119 0.031375
0.8 0.0645561 0.0664768 -0.000619328 0.0329287
0.825 0.0676169 0.0696077 -0.000657387 0.0344751
0.85 0.0706581 0.0727168 -0.000696234 0.0360103
0.875 0.0736723 0.0757966 -0.000735804 0.0375304
0.9 0.0766519 0.0788395 -0.000776027 0.0390317
0.925 0.0795897 0.0818381 -0.000816829 0.0405106
0.95 0.0824784 0.0847852 -0.000858131 0.0419635
0.975 0.0853112 0.0876738 -0.000899851 0.043387
1 0.0880813 0.0904973 -0.000941904 0.0447777
1.025 0.0907821 0.0932492 -0.000984201 0.0461325
1.05 0.0934074 0.0959233 -0.00102665 0.0474483
1.075 0.0959513 0.0985136 -0.00106916 0.0487222
1.1 0.0984079 0.101015 -0.00111162 0.0499515
1.125 0.100772 0.103421 -0.00115395 0.0511335
1.15 0.103038 0.105728 -0.00119604 0.0522658
1.175 0.105202 0.10793 -0.00123779 0.0533462
1.2 0.107259 0.110024 -0.0012791 0.0543725
1.225 0.109205 0.112006 -0.00131986 0.0553428
1.25 0.111037 0.113871 -0.00135998 0.0562554
1.275 0.11275 0.115617 -0.00139934 0.0571087
1.3 0.114342 0.117241 -0.00143786 0.0579014
1.325 0.11581 0.11874 -0.00147542 0.0586321
1.35 0.117153 0.120112 -0.00151194 0.0593001
1.375 0.118367 0.121356 -0.00154731 0.0599043
1.4 0.119452 0.12247 -0.00158145 0.0604441
1.425 0.120407 0.123453 -0.00161427 0.0609192
1.45 0.12123 0.124304 -0.00164567 0.0613292
1.475 0.121922 0.125024 -0.00167558 0.061674
1.5 0.122481 0.125611 -0.00170393 0.0619537
1.525 0.12291 0.126067 -0.00173062 0.0621684
1.55 0.123208 0.126393 -0.00175561 0.0623187
1.575 0.123376 0.126589 -0.00177883 0.0624051
1.6 0.123416 0.126657 -0.00180021 0.0624282
1.625 0.123329 0.126598 -0.00181971 0.062389
1.65 0.123117 0.126414 -0.00183728 0.0622885
1.675 0.122783 0.126108 -0.00185288 0.0621278
1.7 0.12233 0.125683 -0.00186648 0.0619081
1.725 0.121759 0.12514 -0.00187805 0.061631
1.75 0.121075 0.124483 -0.00188756 0.0612978
1.775 0.12028 0.123715 -0.00189502 0.0609102
1.8 0.119378 0.12284 -0.00190039 0.06047
1.825 0.118373 0.121861 -0.0019037 0.0599789
1.85 0.117268 0.120783 -0.00190493 0.0594388
1.875 0.116069 0.119608 -0.0019041 0.0588518
1.9 0.114778 0.118341 -0.00190123 0.0582197
1.925 0.113401 0.116986 -0.00189634 0.0575448
1.95 0.111942 0.115548 -0.00188946 0.0568292
1.975 0.110405 0.114031 -0.00188062 0.0560751
2 0.108795 0.112439 -0.00186986 0.0552847
2.025 0.107118 0.110778 -0.00185722 0.0544602
2.05 0.105377 0.109051 -0.00184277 0.0536039
2.075 0.103577 0.107263 -0.00182655 0.0527182
2.1 0.101724 0.105419 -0.00180861 0.0518052
2.125 0.0998221 0.103524 -0.00178903 0.0508674
2.15 0.097876 0.101582 -0.00176787 0.0499069
2.175 0.0958905 0.0995971 -0.00174519 0.048926
2.2 0.0938703 0.0975749 -0.00172108 0.0479269
2.225 0.09182 0.0955195 -0.0016956 0.0469119
2.25 0.0897441 0.0934352 -0.00166884 0.0458832
2.275 0.0876471 0.0913264 -0.00164087 0.0448428
2.3 0.0855333 0.0891974 -0.00161178 0.0437928
2.325 0.083407 0.0870524 -0.00158165 0.0427354
2.35 0.0812722 0.0848953 -0.00155055 0.0416724
2.375 0.0791329 0.0827301 -0.00151859 0.0406058
2.4 0.0769929 0.0805607 -0.00148584 0.0395374
2.425 0.0748559 0.0783907 -0.00145238 0.0384691
2.45 0.0727255 0.0762236 -0.0014183 0.0374026
2.475 0.0706049 0.0740628 -0.00138369 0.0363396
2.5 0.0684974 0.0719116 -0.00134862 0.0352815
2.525 0.0664059 0.0697732 -0.00131318 0.03423
2.55 0.0643334 0.0676504 -0.00127745 0.0331865
2.575 0.0622826 0.065546 -0.0012415 0.0321523
2.6 0.0602558 0.0634627 -0.00120542 0.0311286
2.625 0.0582556 0.061403 -0.00116927 0.0301169
2.65 0.056284 0.0593691 -0.00113313 0.029118
2.675 0.054343 0.0573633 -0.00109706 0.0281331
2.7 0.0524344 0.0553875 -0.00106114 0.0271632
2.725 0.05056 0.0534435 -0.00102543 0.026209
2.75 0.0487211 0.0515331 -0.000989984 0.0252716
2.775 0.0469192 0.0496578 -0.000954863 0.0243515
2.8 0.0451553 0.047819 -0.000920122 0.0234494
2.825 0.0434306 0.0460178 -0.000885813 0.022566
2.85 0.0417458 0.0442554 -0.000851983 0.0217017
2.875 0.0401017 0.0425327 -0.000818676 0.020857
2.9 0.0384989 0.0408506 -0.000785935 0.0200323
2.925 0.0369378 0.0392097 -0.000753797 0.019228
2.95 0.0354188 0.0376106 -0.000722297 0.0184441
2.975 0.0339422 0.0360537 -0.000691466 0.0176811
3 0.0325079 0.0345392 -0.000661333 0.016939
3.025 0.0311161 0.0330676 -0.000631922 0.0162178
3.05 0.0297665 0.0316387 -0.000603256 0.0155177
3.075 0.0284591 0.0302526 -0.000575352 0.0148386
3.1 0.0271935 0.0289093 -0.000548226 0.0141805
3.125 0.0259694 0.0276085 -0.000521891 0.0135433
3.15 0.0247864 0.0263499 -0.000496358 0.0129268
3.175 0.0236439 0.0251333 -0.000471633 0.0123308
3.2 0.0225414 0.0239582 -0.000447721 0.0117552
3.225 0.0214782 0.022824 -0.000424623 0.0111997
3.25 0.0204538 0.0217303 -0.000402341 0.010664
3.275 0.0194674 0.0206765 -0.000380871 0.0101478
3.3 0.0185182 0.0196619 -0.000360209 0.00965084
3.325 0.0176056 0.0186858 -0.000340349 0.0091727
3.35 0.0167285 0.0177474 -0.000321281 0.00871305
3.375 0.0158863 0.016846 -0.000302996 0.00827148
3.4 0.0150781 0.0159807 -0.000285483 0.00784761
3.425 0.014303 0.0151508 -0.000268729 0.00744102
3.45 0.01356 0.0143553 -0.000252718 0.00705129
3.475 0.0128484 0.0135934 -0.000237436 0.00667799
3.5 0.0121673 0.0128642 -0.000222866 0.00632067
3.525 0.0115156 0.0121668 -0.000208991 0.00597889
3.55 0.0108926 0.0115002 -0.000195792 0.0056522
3.575 0.0102973 0.0108635 -0.00018325 0.00534014
3.6 0.0097288 0.0102559 -0.000171346 0.00504227
3.625 0.00918628 0.00967634 -0.00016006 0.00475814
3.65 0.00866883 0.00912394 -0.000149371 0.00448728
3.675 0.00817558 0.00859778 -0.00013926 0.00422926
3.7 0.0077057 0.00809696 -0.000129704 0.00398363
3.725 0.00725833 0.00762057 -0.000120684 0.00374994
3.75 0.00683265 0.00716772 -0.000112178 0.00352777
3.775 0.00642786 0.00673753 -0.000104166 0.00331668
3.8 0.00604316 0.00632914 -9.66261e-05 0.00311626
3.825 0.00567777 0.00594171 -8.95392e-05 0.00292609
3.85 0.00533095 0.0055744 -8.28845e-05 0.00274576
3.875 0.00500195 0.0052264 -7.66423e-05 0.00257488
3.9 0.00469005 0.00489691 -7.0793e-05 0.00241306
3.925 0.00439456 0.00458515 -6.53177e-05 0.00225992
3.95 0.00411478 0.00429037 -6.01976e-05 0.00211509
3.975 0.00385006 0.00401183 -5.54147e-05 0.00197821
4 0.00359975 0.00374882 -5.09513e-05 0.00184894
4.025 0.00336323 0.00350064 -4.67903e-05 0.00172692
4.05 0.00313989 0.00326661 -4.29152e-05 0.00161184
4.075 0.00292915 0.00304607 -3.93101e-05 0.00150338
4.1 0.00273043 0.00283841 -3.59595e-05 0.00140122
4.125 0.00254318 0.00264299 -3.28487e-05 0.00130507
4.15 0.00236688 0.00245924 -2.99635e-05 0.00121464
4.175 0.002201 0.00228658 -2.72903e-05 0.00112964
4.2 0.00204506 0.00212446 -2.4816e-05 0.00104982
4.225 0.00189857 0.00197235 -2.25284e-05 0.000974912
4.25 0.00176106 0.00182974 -2.04154e-05 0.000904664
4.275 0.00163211 0.00169615 -1.84659e-05 0.00083884
4.3 0.00151126 0.00157109 -1.66692e-05 0.000777208
4.325 0.00139812 0.00145411 -1.5015e-05 0.000719547
4.35 0.00129227 0.00134478 -1.34939e-05 0.000665645
4.375 0.00119335 0.00124269 -1.20967e-05 0.000615299
4.4 0.00110097 0.00114744 -1.08147e-05 0.000568312
4.425 0.0010148 0.00105863 -9.63995e-06 0.000524497
4.45 0.000934478 0.000975919 -8.56475e-06 0.000483677
4.475 0.000859692 0.000898941 -7.58192e-06 0.000445679
4.5 0.000790127 0.000827366 -6.6847e-06 0.000410341
4.525 0.000725484 0.000760878 -5.86676e-06 0.000377505
4.55 0.000665477 0.00069917 -5.12213e-06 0.000347024
4.575 0.000609833 0.000641955 -4.44527e-06 0.000318755
4.6 0.000558291 0.000588956 -3.83094e-06 0.000292562
4.625 0.000510601 0.00053991 -3.27428e-06 0.000268318
4.65 0.000466525 0.000494568 -2.77074e-06 0.000245898
4.675 0.000425838 0.000452692 -2.31606e-06 0.000225188
4.7 0.000388322 0.000414058 -1.9063e-06 0.000206076
4.725 0.000353772 0.000378451 -1.53775e-06 0.000188457
4.75 0.000321994 0.00034567 -1.207e-06 0.000172231
4.775 0.000292802 0.000315521 -9.1085e-07 0.000157305
4.8 0.000266021 0.000287825 -6.46333e-07 0.000143589
4.825 0.000241484 0.00026241 -4.10701e-07 0.000130999
4.85 0.000219032 0.000239113 -2.01403e-07 0.000119456
4.875 0.000198519 0.000217782 -1.60752e-08 0.000108883
4.9 0.000179801 0.000198272 1.4747e-07 9.921e-05
4.925 0.000162748 0.00018045 2.91255e-07 9.03706e-05
4.95 0.000147234 0.000164187 4.17147e-07 8.23019e-05
4.975 0.000133141 0.000149363 5.26868e-07 7.49451e-05
5 0.000120359 0.000135867 6.22008e-07 6.82447e-05
5.025 0.000108785 0.000123594 7.04024e-07 6.21491e-05
5.05 9.83197e-05 0.000112445 7.74258e-07 5.66098e-05
5.075 8.88738e-05 0.000102329 8.33941e-07 5.15815e-05
5.1 8.03617e-05 9.31599e-05 8.84197e-07 4.7022e-05
5.125 7.27042e-05 8.48581e-05 9.26055e-07 4.28921e-05
5.15 6.58272e-05 7.73495e-05 9.60452e-07 3.9155e-05
5.175 5.96619e-05 7.05652e-05 9.88238e-07 3.57767e-05
5.2 5.41444e-05 6.44415e-05 1.01019e-06 3.27258e-05
5.225 4.92153e-05 5.89192e-05 1.027e-06 2.99731e-05
5.25 4.48197e-05 5.39438e-05 1.03929e-06 2.74916e-05
5.275 4.09069e-05 4.9465e-05 1.04764e-06 2.52563e-05
5.3 3.743e-05 4.54362e-05 1.05255e-06 2.32444e-05
5.325 3.43458e-05 4.1815e-05 1.05445e-06 2.14347e-05
5.35 3.16146e-05 3.85621e-05 1.05376e-06 1.98079e-05
5.375 2.91999e-05 3.56418e-05 1.05081e-06 1.83463e-05
5.4 2.70685e-05 3.30212e-05 1.04592e-06 1.70336e-05
5.425 2.51897e-05 3.06705e-05 1.03935e-06 1.58549e-05
5.45 2.35357e-05 2.85624e-05 1.03131e-06 1.47969e-05
5.475 2.20813e-05 2.66721e-05 1.02202e-06 1.3847e-05
5.5 2.08032e-05 2.4977e-05 1.01162e-06 1.29943e-05
5.525 1.96807e-05 2.34567e-05 1.00026e-06 1.22285e-05
5.55 1.86949e-05 2.20928e-05 9.88041e-07 1.15404e-05
5.575 1.78288e-05 2.08685e-05 9.75062e-07 1.09218e-05
5.6 1.70669e-05 1.97688e-05 9.61389e-07 1.03651e-05
5.625 1.63955e-05 1.878e-05 9.47077e-07 9.86351e-06
5.65 1.58022e-05 1.78897e-05 9.32167e-07 9.41095e-06
5.675 1.52761e-05 1.70871e-05 9.16686e-07 9.00189e-06
5.7 1.48073e-05 1.63621e-05 9.00654e-07 8.63137e-06
5.725 1.4387e-05 1.57057e-05 8.84083e-07 8.29491e-06
5.75 1.40075e-05 1.511e-05 8.66979e-07 7.98849e-06
5.775 1.36619e-05 1.45676e-05 8.49346e-07 7.70848e-06
5.8 1.33442e-05 1.40721e-05 8.31182e-07 7.45163e-06
5.825 1.30492e-05 1.36175e-05 8.12489e-07 7.21498e-06
5.85 1.27721e-05 1.31985e-05 7.93266e-07 6.99588e-06
5.875 1.25089e-05 1.28104e-05 7.73515e-07 6.79195e-06
5.9 1.22561e-05 1.24488e-05 7.53242e-07 6.60101e-06
5.925 1.20106e-05 1.21098e-05 7.32454e-07 6.42113e-06
5.95 1.17699e-05 1.17899e-05 7.11165e-07 6.25053e-06
5.975 1.15316e-05 1.14859e-05 6.89393e-07 6.08763e-06
6 1.1294e-05 1.11948e-05 6.67159e-07 5.93098e-06
6.025 1.10554e-05 1.09141e-05 6.44492e-07 5.77931e-06
6.05 1.08144e-05 1.06415e-05 6.21426e-07 5.63144e-06
6.075 1.057e-05 1.03747e-05 5.98001e-07 5.48634e-06
6.1 1.03214e-05 1.01119e-05 5.7426e-07 5.34308e-06
6.125 1.00677e-05 9.85143e-06 5.50256e-07 5.20084e-06
6.15 9.80859e-06 9.59179e-06 5.26041e-07 5.05892e-06
6.175 9.54364e-06 9.3317e-06 5.01676e-07 4.91669e-06
6.2 9.27268e-06 9.07006e-06 4.77224e-07 4.77364e-06
6.225 8.99562e-06 8.80594e-06 4.52752e-07 4.62934e-06
6.25 8.71253e-06 8.5386e-06 4.28329e-07 4.48346e-06
6.275 8.42357e-06 8.26747e-06 4.04025e-07 4.33575e-06
6.3 8.129e-06 7.99216e-06 3.79914e-07 4.18603e-06
6.325 7.82919e-06 7.71241e-06 3.56068e-07 4.03424e-06
6.35 7.5246e-06 7.42817e-06 3.3256e-07 3.88036e-06
6.375 7.21576e-06 7.1395e-06 3.09461e-07 3.72448e-06
6.4 6.9033e-06 6.84663e-06 2.86841e-07 3.56674e-06
6.425 6.58789e-06 6.54993e-06 2.64767e-07 3.40735e-06
6.45 6.27029e-06 6.24989e-06 2.43304e-07 3.2466e-06
6.475 5.95131e-06 5.94714e-06 2.2251e-07 3.08483e-06
6.5 5.63181e-06 5.64242e-06 2.02442e-07 2.92243e-06
6.525 5.31271e-06 5.33656e-06 1.8315e-07 2.75986e-06
6.55 4.99493e-06 5.0305e-06 1.64678e-07 2.59759e-06
6.575 4.67947e-06 4.72523e-06 1.47066e-07 2.43615e-06
6.6 4.36731e-06 4.42183e-06 1.30346e-07 2.27609e-06
6.625 4.05945e-06 4.1214e-06 1.14544e-07 2.11797e-06
6.65 3.75692e-06 3.82509e-06 9.96805e-08 1.96239e-06
6.675 3.4607e-06 3.53408e-06 8.57668e-08 1.80992e-06
6.7 3.1718e-06 3.24951e-06 7.28092e-08 1.66116e-06
6.725 2.89116e-06 2.97253e-06 6.08065e-08 1.51667e-06
6.75 2.61971e-06 2.70427e-06 4.97514e-08 1.37701e-06
6.775 2.35833e-06 2.4458e-06 3.96298e-08 1.24271e-06
6.8 2.10786e-06 2.19811e-06 3.04217e-08 1.11427e-06
6.825 1.86904e-06 1.96216e-06 2.21016e-08 9.92133e-07
6.85 1.64257e-06 1.7388e-06 1.46385e-08 8.76718e-07
6.875 1.42906e-06 1.52876e-06 7.99674e-09 7.6838e-07
6.9 1.22903e-06 1.33271e-06 2.13627e-09 6.67422e-07
6.925 1.04292e-06 1.15116e-06 -2.98654e-09 5.74086e-07
6.95 8.71045e-07 9.84521e-07 -7.41845e-09 4.88551e-07
6.975 7.13647e-07 8.33072e-07 -1.12087e-08 4.10932e-07
7 5.70847e-07 6.96956e-07 -1.44083e-08 3.41274e-07
7.025 4.42663e-07 5.76185e-07 -1.70697e-08 2.79558e-07
7.05 3.29004e-07 4.70637e-07 -1.92456e-08 2.25696e-07
7.075 2.29674e-07 3.8006e-07 -2.09889e-08 1.79536e-07
7.1 1.44371e-07 3.04074e-07 -2.23519e-08 1.40861e-07
7.125 7.2692e-08 2.42178e-07 -2.33853e-08 1.09396e-07
7.15 1.4138e-08 1.93756e-07 -2.41386e-08 8.48087e-08
7.175 -3.1882e-08 1.58086e-07 -2.46586e-08 6.67136e-08
7.2 -6.60425e-08 1.34351e-07 -2.49896e-08 5.46805e-08
7.225 -8.90946e-08 1.21648e-07 -2.51726e-08 4.82375e-08
7.25 -1.01856e-07 1.19003e-07 -2.52455e-08 4.68787e-08
7.275 -1.05203e-07 1.25382e-07 -2.5242e-08 5.00702e-08
7.3 -1.00058e-07 1.39707e-07 -2.51923e-08 5.72572e-08
7.325 -8.73792e-08 1.60865e-07 -2.5122e-08 6.78715e-08
7.35 -6.81518e-08 1.8773e-07 -2.50529e-08 8.13384e-08
7.375 -4.33726e-08 2.19171e-07 -2.50023e-08 9.70842e-08
7.4 -1.40407e-08 2.54069e-07 -2.49834e-08 1.14543e-07
7.425 1.88549e-08 2.91333e-07 -2.50051e-08 1.33164e-07
7.45 5.43462e-08 3.29908e-07 -2.50725e-08 1.52418e-07
7.475 9.14973e-08 3.68791e-07 -2.51868e-08 1.71802e-07
7.5 1.29415e-07 4.07044e-07 -2.53456e-08 1.90849e-07
7.525 1.67257e-07 4.438e-07 -2.55435e-08 2.09128e-07
7.55 2.04245e-07 4.78275e-07 -2.57719e-08 2.26252e-07
7.575 2.39665e-07 5.09777e-07 -2.60199e-08 2.41879e-07
7.6 2.72883e-07 5.37711e-07 -2.62744e-08 2.55718e-07
7.625 3.03343e-07 5.61582e-07 -2.65205e-08 2.67531e-07
7.65 3.30577e-07 5.81003e-07 -2.67422e-08 2.7713e-07
7.675 3.54205e-07 5.9569e-07 -2.69223e-08 2.84384e-07
7.7 3.73939e-07 6.05471e-07 -2.70437e-08 2.89214e-07
7.725 3.89582e-07 6.10278e-07 -2.70888e-08 2.91594e-07
7.75 4.01026e-07 6.10143e-07 -2.7041e-08 2.91551e-07
7.775 4.08255e-07 6.05201e-07 -2.6884e-08 2.89159e-07
7.8 4.11337e-07 5.95677e-07 -2.66032e-08 2.84537e-07
7.825 4.10422e-07 5.81883e-07 -2.61852e-08 2.77849e-07
7.85 4.05734e-07 5.64209e-07 -2.56187e-08 2.69295e-07
7.875 3.97569e-07 5.43111e-07 -2.48947e-08 2.59108e-07
7.9 3.86282e-07 5.19107e-07 -2.40062e-08 2.47551e-07
7.925 3.72285e-07 4.92762e-07 -2.29491e-08 2.34906e-07
7.95 3.56032e-07 4.64676e-07 -2.17219e-08 2.21477e-07
7.975 3.38014e-07 4.35476e-07 -2.0326e-08 2.07575e-07
8 3.1875e-07 4.05805e-07 -1.87655e-08 1.9352e-07
8.025 2.98771e-07 3.76305e-07 -1.70474e-08 1.79629e-07
8.05 2.78619e-07 3.47611e-07 -1.51816e-08 1.66215e-07
8.075 2.58829e-07 3.20338e-07 -1.31803e-08 1.53579e-07
8.1 2.39925e-07 2.9507e-07 -1.10587e-08 1.42006e-07
8.125 2.2241e-07 2.72353e-07 -8.83402e-09 1.31759e-07
8.15 2.06754e-07 2.52681e-07 -6.52559e-09 1.23078e-07
8.175 1.9339e-07 2.36495e-07 -4.15463e-09 1.1617e-07
8.2 1.82705e-07 2.24171e-07 -1.74385e-09 1.11213e-07
8.225 1.75035e-07 2.16014e-07 6.82823e-10 1.08348e-07
8.25 1.70656e-07 2.12257e-07 3.10062e-09 1.07679e-07
8.275 1.69786e-07 2.13057e-07 5.48428e-09 1.09271e-07
8.3 1.72575e-07 2.18489e-07 7.80839e-09 1.13149e-07
8.325 1.79107e-07 2.2855e-07 1.00478e-08 1.19299e-07
8.35 1.89399e-07 2.43158e-07 1.21779e-08 1.27668e-07
8.375 2.03398e-07 2.62154e-07 1.41752e-08 1.38165e-07
8.4 2.20985e-07 2.85304e-07 1.60173e-08 1.50661e-07
8.425 2.41976e-07 3.12305e-07 1.76836e-08 1.64994e-07
8.45 2.66127e-07 3.42788e-07 1.91555e-08 1.80972e-07
8.475 2.93136e-07 3.76328e-07 2.04164e-08 1.98372e-07
8.5 3.22649e-07 4.12447e-07 2.14523e-08 2.1695e-07
8.525 3.54266e-07 4.50624e-07 2.2252e-08 2.36438e-07
8.55 3.87549e-07 4.90303e-07 2.28069e-08 2.56555e-07
8.575 4.22026e-07 5.30904e-07 2.31115e-08 2.77008e-07
8.6 4.57203e-07 5.71827e-07 2.31635e-08 2.97495e-07
8.625 4.92568e-07 6.12469e-07 2.29634e-08 3.17716e-07
8.65 5.27601e-07 6.52225e-07 2.25151e-08 3.3737e-07
8.675 5.61783e-07 6.90504e-07 2.18254e-08 3.56164e-07
8.7 5.94603e-07 7.26735e-07 2.09041e-08 3.7382e-07
8.725 6.25566e-07 7.60377e-07 1.97639e-08 3.90071e-07
8.75 6.54204e-07 7.90927e-07 1.84203e-08 4.04673e-07
8.775 6.80077e-07 8.17924e-07 1.6891e-08 4.17408e-07
8.8 7.02785e-07 8.40962e-07 1.51962e-08 4.28079e-07
8.825 7.21975e-07 8.59693e-07 1.3358e-08 4.36525e-07
8.85 7.3734e-07 8.73829e-07 1.13999e-08 4.42615e-07
8.875 7.4863e-07 8.83152e-07 9.3473e-09 4.46249e-07
8.9 7.55655e-07 8.87511e-07 7.22616e-09 4.47369e-07
8.925 7.58285e-07 8.8683e-07 5.06332e-09 4.45947e-07
8.95 7.56452e-07 8.81103e-07 2.88589e-09 4.41995e-07
8.975 7.50156e-07 8.70399e-07 7.20946e-10 4.3556e-07
9 7.39459e-07 8.54856e-07 -1.40483e-09 4.26725e-07
9.025 7.24487e-07 8.34682e-07 -3.46553e-09 4.15608e-07
9.05 7.05428e-07 8.1015e-07 -5.4363e-09 4.02357e-07
9.075 6.82529e-07 7.81596e-07 -7.29373e-09 3.87151e-07
9.1 6.5609e-07 7.49411e-07 -9.01609e-09 3.70197e-07
9.125 6.26465e-07 7.14035e-07 -1.05837e-08 3.51725e-07
9.15 5.94051e-07 6.75953e-07 -1.19789e-08 3.31987e-07
9.175 5.59285e-07 6.35687e-07 -1.31869e-08 3.1125e-07
9.2 5.22637e-07 5.93787e-07 -1.41951e-08 2.89796e-07
9.225 4.84605e-07 5.50824e-07 -1.49939e-08 2.67915e-07
9.25 4.45702e-07 5.07382e-07 -1.55766e-08 2.45903e-07
9.275 4.06457e-07 4.64049e-07 -1.59394e-08 2.24055e-07
9.3 3.67401e-07 4.21408e-07 -1.60814e-08 2.02663e-07
9.325 3.2906e-07 3.80032e-07 -1.60047e-08 1.82014e-07
9.35 2.91953e-07 3.40471e-07 -1.57145e-08 1.62378e-07
9.375 2.56576e-07 3.03249e-07 -1.52186e-08 1.44015e-07
9.4 2.23402e-07 2.68853e-07 -1.45274e-08 1.27163e-07
9.425 1.92872e-07 2.37731e-07 -1.36542e-08 1.12039e-07
9.45 1.65389e-07 2.10282e-07 -1.26143e-08 9.88337e-08
9.475 1.41312e-07 1.8685e-07 -1.14251e-08 8.77125e-08
9.5 1.20951e-07 1.67725e-07 -1.0106e-08 7.88096e-08
9.525 1.04565e-07 1.53134e-07 -8.67802e-09 7.22281e-08
9.55 9.23549e-08 1.43241e-07 -7.16322e-09 6.8039e-08
9.575 8.44656e-08 1.38144e-07 -5.58479e-09 6.62796e-08
9.6 8.09801e-08 1.37875e-07 -3.96652e-09 6.6954e-08
9.625 8.19208e-08 1.42398e-07 -2.33252e-09 7.00328e-08
9.65 8.7249e-08 1.51615e-07 -7.06924e-10 7.54538e-08
9.675 9.68658e-08 1.6536e-07 8.86511e-10 8.31233e-08
9.7 1.10614e-07 1.8341e-07 2.42465e-09 9.29173e-08
9.725 1.28279e-07 2.05482e-07 3.88533e-09 1.04684e-07
9.75 1.49597e-07 2.31242e-07 5.24761e-09 1.18245e-07
9.775 1.7425e-07 2.60305e-07 6.49211e-09 1.33399e-07
9.8 2.01881e-07 2.92247e-07 7.60118e-09 1.49924e-07
9.825 2.32092e-07 3.26605e-07 8.55918e-09 1.67582e-07
9.85 2.6445e-07 3.62888e-07 9.35266e-09 1.8612e-07
9.875 2.98497e-07 4.0058e-07 9.97054e-09 2.05275e-07
9.9 3.33754e-07 4.39151e-07 1.04042e-08 2.24777e-07
9.925 3.69727e-07 4.78061e-07 1.06476e-08 2.44355e-07
9.95 4.05916e-07 5.16772e-07 1.06974e-08 2.63734e-07
9.975 4.41819e-07 5.54747e-07 1.05529e-08 2.8265e-07
10 4.76941e-07 5.91467e-07 1.02162e-08 3.00842e-07
10.025 5.10802e-07 6.26432e-07 9.69167e-09 3.18062e-07
10.05 5.42938e-07 6.59166e-07 8.98666e-09 3.34076e-07
10.075 5.72913e-07 6.8923e-07 8.11073e-09 3.48671e-07
10.1 6.00323e-07 7.16222e-07 7.07582e-09 3.61649e-07
10.125 6.24798e-07 7.39782e-07 5.89596e-09 3.72839e-07
10.15 6.46012e-07 7.596e-07 4.58716e-09 3.82093e-07
10.175 6.63683e-07 7.75417e-07 3.16712e-09 3.89292e-07
10.2 6.77578e-07 7.8703e-07 1.65504e-09 3.94342e-07
10.225 6.87518e-07 7.94292e-07 7.13226e-11 3.97182e-07
10.25 6.93375e-07 7.97116e-07 -1.56267e-09 3.97776e-07
10.275 6.95079e-07 7.95472e-07 -3.2249e-09 3.96124e-07
10.3 6.92613e-07 7.89394e-07 -4.89299e-09 3.9225e-07
10.325 6.86019e-07 7.78969e-07 -6.54443e-09 3.86213e-07
10.35 6.75391e-07 7.64347e-07 -8.15695e-09 3.78095e-07
10.375 6.60879e-07 7.45727e-07 -9.70876e-09 3.68009e-07
10.4 6.42683e-07 7.23364e-07 -1.11788e-08 3.56092e-07
10.425 6.21052e-07 6.97559e-07 -1.25472e-08 3.42506e-07
10.45 5.96277e-07 6.68658e-07 -1.37952e-08 3.27431e-07
10.475 5.68694e-07 6.37044e-07 -1.49055e-08 3.11069e-07
10.5 5.38672e-07 6.03138e-07 -1.58629e-08 2.93638e-07
10.525 5.06612e-07 5.67386e-07 -1.66537e-08 2.75366e-07
10.55 4.72941e-07 5.30257e-07 -1.72665e-08 2.56495e-07
10.575 4.38105e-07 4.92236e-07 -1.76922e-08 2.37272e-07
10.6 4.02565e-07 4.5382e-07 -1.79238e-08 2.17948e-07
10.625 3.66791e-07 4.15507e-07 -1.79569e-08 1.98775e-07
10.65 3.31254e-07 3.77794e-07 -1.77896e-08 1.80002e-07
10.675 2.96422e-07 3.4117e-07 -1.74221e-08 1.61874e-07
10.7 2.62752e-07 3.06105e-07 -1.68576e-08 1.44624e-07
10.725 2.30687e-07 2.73053e-07 -1.61014e-08 1.28476e-07
10.75 2.00648e-07 2.42438e-07 -1.51611e-08 1.13638e-07
10.775 1.73029e-07 2.14654e-07 -1.40468e-08 1.00304e-07
10.8 1.48194e-07 1.90059e-07 -1.27704e-08 8.86442e-08
10.825 1.26472e-07 1.68969e-07 -1.1346e-08 7.88116e-08
10.85 1.08152e-07 1.51658e-07 -9.7895e-09 7.09344e-08
10.875 9.34791e-08 1.38352e-07 -8.1182e-09 6.51168e-08
10.9 8.26539e-08 1.29226e-07 -6.35092e-09 6.14374e-08
10.925 7.5829e-08 1.24405e-07 -4.50759e-09 5.99485e-08
10.95 7.3107e-08 1.2396e-07 -2.60906e-09 6.06754e-08
10.975 7.45403e-08 1.2791e-07 -6.76824e-10 6.36165e-08
11 8.01302e-08 1.3622e-07 1.26722e-09 6.87435e-08
11.025 8.98272e-08 1.48802e-07 3.20105e-09 7.60017e-08
11.05 1.03532e-07 1.65519e-07 5.10273e-09 8.53108e-08
11.075 1.21097e-07 1.86182e-07 6.95073e-09 9.65663e-08
11.1 1.42328e-07 2.10557e-07 8.72415e-09 1.0964e-07
11.125 1.66988e-07 2.38366e-07 1.04029e-08 1.24384e-07
11.15 1.94797e-07 2.69291e-07 1.19682e-08 1.4063e-07
11.175 2.2544e-07 3.02979e-07 1.34022e-08 1.5819e-07
11.2 2.58569e-07 3.39043e-07 1.46889e-08 1.76866e-07
11.225 2.93804e-07 3.77073e-07 1.58139e-08 1.96443e-07
11.25 3.30745e-07 4.16633e-07 1.67646e-08 2.16699e-07
11.275 3.68969e-07 4.57272e-07 1.75304e-08 2.37401e-07
11.3 4.08041e-07 4.9853e-07 1.81028e-08 2.58316e-07
11.325 4.47517e-07 5.39936e-07 1.84756e-08 2.79206e-07
11.35 4.86947e-07 5.81024e-07 1.86446e-08 2.99834e-07
11.375 5.25883e-07 6.21329e-07 1.86083e-08 3.19969e-07
11.4 5.63886e-07 6.60398e-07 1.8367e-08 3.39382e-07
11.425 6.00525e-07 6.97793e-07 1.79236e-08 3.57859e-07
11.45 6.35389e-07 7.33098e-07 1.72832e-08 3.7519e-07
11.475 6.68086e-07 7.65918e-07 1.6453e-08 3.91185e-07
11.5 6.9825e-07 7.95891e-07 1.54424e-08 4.05667e-07
11.525 7.25545e-07 8.22686e-07 1.42626e-08 4.18474e-07
11.55 7.49667e-07 8.4601e-07 1.29268e-08 4.29468e-07
11.575 7.70351e-07 8.65609e-07 1.14498e-08 4.38529e-07
11.6 7.8737e-07 8.81271e-07 9.84796e-09 4.45559e-07
11.625 8.00537e-07 8.92829e-07 8.13894e-09 4.50484e-07
11.65 8.09711e-07 9.00162e-07 6.34155e-09 4.53252e-07
11.675 8.14796e-07 9.03196e-07 4.47551e-09 4.53836e-07
11.7 8.15739e-07 9.01905e-07 2.56125e-09 4.52233e-07
11.725 8.12537e-07 8.9631e-07 6.19681e-10 4.48465e-07
11.75 8.05229e-07 8.86479e-07 -1.32804e-09 4.42576e-07
11.775 7.93903e-07 8.72527e-07 -3.26074e-09 4.34633e-07
11.8 7.78687e-07 8.54612e-07 -5.15742e-09 4.24727e-07
11.825 7.59754e-07 8.32937e-07 -6.99753e-09 4.1297e-07
11.85 7.37316e-07 8.07742e-07 -8.76117e-09 3.9949e-07
11.875 7.11625e-07 7.79307e-07 -1.04293e-08 3.84439e-07
11.9 6.82965e-07 7.47944e-07 -1.19839e-08 3.6798e-07
11.925 6.51653e-07 7.13998e-07 -1.34081e-08 3.50295e-07
11.95 6.18033e-07 6.7784e-07 -1.46867e-08 3.31576e-07
11.975 5.82474e-07 6.39861e-07 -1.58059e-08 3.12027e-07
12 5.45366e-07 6.00474e-07 -1.67534e-08 2.9186e-07
12.025 5.07113e-07 5.60104e-07 -1.75191e-08 2.71292e-07
12.05 4.68132e-07 5.19186e-07 -1.80946e-08 2.50546e-07
12.075 4.28846e-07 4.7816e-07 -1.84736e-08 2.29843e-07
12.1 3.89681e-07 4.37467e-07 -1.86516e-08 2.09408e-07
12.125 3.51062e-07 3.97543e-07 -1.86265e-08 1.89458e-07
12.15 3.13407e-07 3.58815e-07 -1.83982e-08 1.70208e-07
12.175 2.77124e-07 3.21697e-07 -1.79686e-08 1.51864e-07
12.2 2.42606e-07 2.86588e-07 -1.73419e-08 1.34623e-07
12.225 2.10228e-07 2.53863e-07 -1.65241e-08 1.1867e-07
12.25 1.80342e-07 2.23875e-07 -1.55232e-08 1.04176e-07
12.275 1.53276e-07 1.96947e-07 -1.43492e-08 9.1299e-08
12.3 1.29326e-07 1.73373e-07 -1.30137e-08 8.01795e-08
12.325 1.0876e-07 1.5341e-07 -1.153e-08 7.09401e-08
12.35 9.18094e-08 1.37283e-07 -9.91305e-09 6.36849e-08
12.375 7.86705e-08 1.25175e-07 -8.17893e-09 5.84981e-08
12.4 6.95012e-08 1.17232e-07 -6.34504e-09 5.54435e-08
12.425 6.44202e-08 1.13558e-07 -4.4298e-09 5.45641e-08
12.45 6.35061e-08 1.14216e-07 -2.45244e-09 5.58816e-08
12.475 6.67964e-08 1.19225e-07 -4.32874e-10 5.93963e-08
12.5 7.42881e-08 1.28566e-07 1.60855e-09 6.50874e-08
12.525 8.59374e-08 1.42175e-07 3.65119e-09 7.29133e-08
12.55 1.01661e-07 1.5995e-07 5.67436e-09 8.2812e-08
12.575 1.21335e-07 1.81747e-07 7.65748e-09 9.47022e-08
12.6 1.448e-07 2.07387e-07 9.58029e-09 1.08483e-07
12.625 1.71861e-07 2.36653e-07 1.1423e-08 1.24038e-07
12.65 2.02287e-07 2.69297e-07 1.31667e-08 1.41232e-07
12.675 2.35819e-07 3.05038e-07 1.4793e-08 1.59915e-07
12.7 2.72166e-07 3.43567e-07 1.62849e-08 1.79926e-07
12.725 3.11013e-07 3.84551e-07 1.76262e-08 2.01089e-07
12.75 3.52024e-07 4.27635e-07 1.88025e-08 2.23219e-07
12.775 3.94839e-07 4.72444e-07 1.98005e-08 2.46122e-07
12.8 4.39087e-07 5.1859e-07 2.06085e-08 2.69599e-07
12.825 4.84381e-07 5.65672e-07 2.12167e-08 2.93444e-07
12.85 5.30327e-07 6.13283e-07 2.16168e-08 3.1745e-07
12.875 5.76526e-07 6.61011e-07 2.18025e-08 3.41407e-07
12.9 6.22575e-07 7.08444e-07 2.17695e-08 3.65106e-07
12.925 6.68076e-07 7.55173e-07 2.1515e-08 3.88344e-07
12.95 7.12636e-07 8.00798e-07 2.10386e-08 4.10918e-07
12.975 7.55869e-07 8.44927e-07 2.03417e-08 4.32634e-07
13 7.97403e-07 8.87184e-07 1.94275e-08 4.53306e-07
13.025 8.36883e-07 9.27209e-07 1.83012e-08 4.72755e-07
13.05 8.7397e-07 9.64663e-07 1.69701e-08 4.90816e-07
13.075 9.08348e-07 9.99228e-07 1.54429e-08 5.07336e-07
13.1 9.39725e-07 1.03061e-06 1.37304e-08 5.22172e-07
13.125 9.67836e-07 1.05856e-06 1.18448e-08 5.35202e-07
13.15 9.92444e-07 1.08283e-06 9.79996e-09 5.46313e-07
13.175 1.01334e-06 1.10322e-06 7.61121e-09 5.55415e-07
13.2 1.03036e-06 1.11956e-06 5.29516e-09 5.6243e-07
13.225 1.04335e-06 1.13173e-06 2.86964e-09 5.67301e-07
13.25 1.05221e-06 1.13962e-06 3.53518e-10 5.69989e-07
13.275 1.05686e-06 1.14318e-06 -2.2334e-09 5.70472e-07
13.3 1.05728e-06 1.14236e-06 -4.87055e-09 5.68747e-07
13.325 1.05346e-06 1.1372e-06 -7.53675e-09 5.6483e-07
13.35 1.04544e-06 1.12772e-06 -1.02104e-08 5.58757e-07
13.375 1.03329e-06 1.11402e-06 -1.28695e-08 5.50578e-07
13.4 1.01711e-06 1.09622e-06 -1.5492e-08 5.40363e-07
13.425 9.9704e-07 1.07445e-06 -1.80559e-08 5.28199e-07
13.45 9.73252e-07 1.04891e-06 -2.05392e-08 5.14188e-07
13.475 9.45945e-07 1.01982e-06 -2.29203e-08 4.98448e-07
13.5 9.15349e-07 9.87399e-07 -2.51783e-08 4.8111e-07
13.525 8.81721e-07 9.51935e-07 -2.72925e-08 4.62321e-07
13.55 8.45343e-07 9.13718e-07 -2.92432e-08 4.42237e-07
13.575 8.06518e-07 8.73065e-07 -3.10117e-08 4.21027e-07
13.6 7.6557e-07 8.30315e-07 -3.25799e-08 3.98867e-07
13.625 7.22844e-07 7.85821e-07 -3.39311e-08 3.75945e-07
13.65 6.78695e-07 7.39955e-07 -3.50498e-08 3.52452e-07
13.675 6.33494e-07 6.93097e-07 -3.59217e-08 3.28588e-07
13.7 5.87622e-07 6.4564e-07 -3.65341e-08 3.04553e-07
13.725 5.41464e-07 5.97982e-07 -3.68753e-08 2.80553e-07
13.75 4.95413e-07 5.50524e-07 -3.69357e-08 2.56794e-07
13.775 4.49862e-07 5.0367e-07 -3.67068e-08 2.33482e-07
13.8 4.05203e-07 4.57822e-07 -3.6182e-08 2.1082e-07
13.825 3.61824e-07 4.13375e-07 -3.53562e-08 1.89009e-07
13.85 3.20106e-07 3.70721e-07 -3.42259e-08 1.68247e-07
13.875 2.80423e-07 3.30239e-07 -3.27895e-08 1.48725e-07
13.9 2.43136e-07 2.92298e-07 -3.10468e-08 1.30626e-07
13.925 2.08593e-07 2.57253e-07 -2.89993e-08 1.14127e-07
13.95 1.77127e-07 2.25441e-07 -2.66501e-08 9.93954e-08
13.975 1.49053e-07 1.97181e-07 -2.40041e-08 8.65886e-08
14 1.24665e-07 1.72774e-07 -2.10673e-08 7.58532e-08
14.025 1.04237e-07 1.52495e-07 -1.78475e-08 6.73238e-08
14.05 8.802e-08 1.36599e-07 -1.43538e-08 6.11228e-08
14.075 7.62415e-08 1.25315e-07 -1.05967e-08 5.73594e-08
14.1 6.91028e-08 1.18847e-07 -6.58788e-09 5.61293e-08
14.125 6.67792e-08 1.17369e-07 -2.34031e-09 5.75141e-08
14.15 6.9419e-08 1.2103e-07 2.13201e-09 6.15811e-08
14.175 7.7143e-08 1.29952e-07 6.81408e-09 6.83829e-08
14.2 9.00438e-08 1.44224e-07 1.16899e-08 7.79572e-08
14.225 1.08186e-07 1.63911e-07 1.67429e-08 9.03272e-08
14.25 1.31605e-07 1.89047e-07 2.19554e-08 1.05501e-07
14.275 1.6031e-07 2.19635e-07 2.73094e-08 1.23472e-07
14.3 1.9428e-07 2.55654e-07 3.27863e-08 1.4422e-07
14.325 2.33469e-07 2.97052e-07 3.83673e-08 1.67709e-07
14.35 2.77801e-07 3.43751e-07 4.40329e-08 1.93892e-07
14.375 3.27178e-07 3.95646e-07 4.97637e-08 2.22705e-07
14.4 3.81474e-07 4.52607e-07 5.55403e-08 2.54074e-07
14.425 4.40541e-07 5.1448e-07 6.13429e-08 2.87912e-07
14.45 5.04205e-07 5.81087e-07 6.71522e-08 3.2412e-07
14.475 5.72275e-07 6.52228e-07 7.29489e-08 3.62588e-07
14.5 6.44535e-07 7.27683e-07 7.8714e-08 4.03198e-07
14.525 7.20754e-07 8.07212e-07 8.44289e-08 4.4582e-07
14.55 8.00683e-07 8.90558e-07 9.00756e-08 4.90317e-07
14.575 8.84054e-07 9.77449e-07 9.56363e-08 5.36543e-07
14.6 9.7059e-07 1.0676e-06 1.01094e-07 5.84346e-07
14.625 1.06e-06 1.1607e-06 1.06433e-07 6.33568e-07
14.65 1.15198e-06 1.25646e-06 1.11636e-07 6.84047e-07
14.675 1.24621e-06 1.35454e-06 1.1669e-07 7.35614e-07
14.7 1.34239e-06 1.45462e-06 1.2158e-07 7.88099e-07
14.725 1.44018e-06 1.55637e-06 1.26293e-07 8.4133e-07
14.75 1.53926e-06 1.65944e-06 1.30817e-07 8.95131e-07
14.775 1.6393e-06 1.76351e-06 1.35141e-07 9.49327e-07
14.8 1.73996e-06 1.86823e-06 1.39254e-07 1.00374e-06
14.825 1.84092e-06 1.97327e-06 1.43147e-07 1.05821e-06
14.85 1.94185e-06 2.07828e-06 1.46811e-07 1.11254e-06
14.875 2.04242e-06 2.18293e-06 1.5024e-07 1.16659e-06
14.9 2.14233e-06 2.2869e-06 1.53427e-07 1.22016e-06
14.925 2.24124e-06 2.38987e-06 1.56366e-07 1.27312e-06
14.95 2.33888e-06 2.49153e-06 1.59054e-07 1.32529e-06
14.975 2.43493e-06 2.59156e-06 1.61487e-07 1.37652e-06
15 2.52912e-06 2.68969e-06 1.63663e-07 1.42668e-06
15.025 2.62117e-06 2.78563e-06 1.6558e-07 1.4756e-06
15.05 2.71082e-06 2.87911e-06 1.67237e-07 1.52317e-06
15.075 2.79784e-06 2.96987e-06 1.68637e-07 1.56926e-06
15.1 2.88197e-06 3.05769e-06 1.69779e-07 1.61373e-06
15.125 2.96302e-06 3.14232e-06 1.70666e-07 1.65649e-06
15.15 3.04076e-06 3.22356e-06 1.713e-07 1.69743e-06
15.175 3.11502e-06 3.30121e-06 1.71687e-07 1.73645e-06
15.2 3.18562e-06 3.3751e-06 1.71829e-07 1.77346e-06
15.225 3.2524e-06 3.44506e-06 1.71732e-07 1.80839e-06
15.25 3.31523e-06 3.51094e-06 1.71403e-07 1.84117e-06
15.275 3.37398e-06 3.57261e-06 1.70846e-07 1.87173e-06
15.3 3.42854e-06 3.62997e-06 1.70069e-07 1.90002e-06
15.325 3.47883e-06 3.68292e-06 1.6908e-07 1.926e-06
15.35 3.52477e-06 3.73137e-06 1.67886e-07 1.94963e-06
15.375 3.5663e-06 3.77527e-06 1.66496e-07 1.97088e-06
15.4 3.60338e-06 3.81456e-06 1.64917e-07 1.98974e-06
15.425 3.63598e-06 3.84922e-06 1.6316e-07 2.00619e-06
15.45 3.66409e-06 3.87923e-06 1.61232e-07 2.02023e-06
15.475 3.68771e-06 3.90459e-06 1.59143e-07 2.03187e-06
15.5 3.70686e-06 3.92531e-06 1.56903e-07 2.04111e-06
15.525 3.72157e-06 3.94143e-06 1.54522e-07 2.04798e-06
15.55 3.73189e-06 3.95298e-06 1.52009e-07 2.05249e-06
15.575 3.73786e-06 3.96002e-06 1.49373e-07 2.0547e-06
15.6 3.73956e-06 3.96261e-06 1.46625e-07 2.05462e-06
15.625 3.73706e-06 3.96083e-06 1.43774e-07 2.0523e-06
15.65 3.73046e-06 3.95478e-06 1.4083e-07 2.0478e-06
15.675 3.71984e-06 3.94454e-06 1.37802e-07 2.04117e-06
15.7 3.70533e-06 3.93023e-06 1.347e-07 2.03246e-06
15.725 3.68704e-06 3.91196e-06 1.31534e-07 2.02175e-06
15.75 3.66508e-06 3.88987e-06 1.28311e-07 2.00909e-06
15.775 3.63959e-06 3.86407e-06 1.25041e-07 1.99456e-06
15.8 3.61071e-06 3.83471e-06 1.21733e-07 1.97822e-06
15.825 3.57858e-06 3.80194e-06 1.18395e-07 1.96017e-06
15.85 3.54334e-06 3.76589e-06 1.15035e-07 1.94046e-06
15.875 3.50514e-06 3.72673e-06 1.1166e-07 1.9192e-06
15.9 3.46414e-06 3.68461e-06 1.08279e-07 1.89645e-06
15.925 3.42049e-06 3.63969e-06 1.04899e-07 1.8723e-06
15.95 3.37435e-06 3.59214e-06 1.01526e-07 1.84683e-06
15.975 3.32588e-06 3.5421e-06 9.81663e-08 1.82013e-06
16 3.27524e-06 3.48976e-06 9.48271e-08 1.79229e-06
16.025 3.22259e-06 3.43526e-06 9.15139e-08 1.76339e-06
16.05 3.16809e-06 3.37878e-06 8.8232e-08 1.73351e-06
16.075 3.11189e-06 3.32049e-06 8.49867e-08 1.70274e-06
16.1 3.05415e-06 3.26053e-06 8.17828e-08 1.67116e-06
16.125 2.99504e-06 3.19907e-06 7.86247e-08 1.63885e-06
16.15 2.93469e-06 3.13628e-06 7.55166e-08 1.6059e-06
16.175 2.87326e-06 3.07229e-06 7.24621e-08 1.57238e-06
16.2 2.8109e-06 3.00728e-06 6.94647e-08 1.53837e-06
16.225 2.74774e-06 2.94138e-06 6.65275e-08 1.50395e-06
16.25 2.68394e-06 2.87473e-06 6.36533e-08 1.46919e-06
16.275 2.61962e-06 2.80749e-06 6.08446e-08 1.43417e-06
16.3 2.55491e-06 2.73979e-06 5.81036e-08 1.39895e-06
16.325 2.48995e-06 2.67176e-06 5.5432e-08 1.36359e-06
16.35 2.42484e-06 2.60352e-06 5.28315e-08 1.32818e-06
16.375 2.35972e-06 2.5352e-06 5.03034e-08 1.29275e-06
16.4 2.29468e-06 2.46692e-06 4.78487e-08 1.25739e-06
16.425 2.22985e-06 2.39879e-06 4.54682e-08 1.22213e-06
16.45 2.16531e-06 2.33091e-06 4.31625e-08 1.18704e-06
16.475 2.10116e-06 2.2634e-06 4.0932e-08 1.15216e-06
16.5 2.0375e-06 2.19633e-06 3.87767e-08 1.11755e-06
16.525 1.97441e-06 2.12981e-06 3.66965e-08 1.08325e-06
16.55 1.91197e-06 2.06392e-06 3.46911e-08 1.04931e-06
16.575 1.85026e-06 1.99874e-06 3.27602e-08 1.01575e-06
16.6 1.78934e-06 1.93434e-06 3.0903e-08 9.82622e-07
16.625 1.72928e-06 1.8708e-06 2.91189e-08 9.49958e-07
16.65 1.67013e-06 1.80817e-06 2.74068e-08 9.17789e-07
16.675 1.61196e-06 1.74652e-06 2.57657e-08 8.86142e-07
16.7 1.55481e-06 1.6859e-06 2.41946e-08 8.55046e-07
16.725 1.49872e-06 1.62635e-06 2.2692e-08 8.24523e-07
16.75 1.44374e-06 1.56793e-06 2.12566e-08 7.94594e-07
16.775 1.3899e-06 1.51067e-06 1.9887e-08 7.65279e-07
16.8 1.33723e-06 1.45461e-06 1.85816e-08 7.36594e-07
16.825 1.28575e-06 1.39977e-06 1.73388e-08 7.08553e-07
16.85 1.2355e-06 1.34618e-06 1.6157e-08 6.81169e-07
16.875 1.18649e-06 1.29387e-06 1.50345e-08 6.5445e-07
16.9 1.13873e-06 1.24284e-06 1.39695e-08 6.28407e-07
16.925 1.09223e-06 1.19313e-06 1.29602e-08 6.03043e-07
16.95 1.047e-06 1.14472e-06 1.20049e-08 5.78365e-07
16.975 1.00306e-06 1.09765e-06 1.11017e-08 5.54374e-07
17 9.60387e-07 1.05189e-06 1.02488e-08 5.31071e-07
17.025 9.18994e-07 1.00747e-06 9.44442e-09 5.08456e-07
17.05 8.78874e-07 9.64368e-07 8.68668e-09 4.86527e-07
17.075 8.40021e-07 9.22588e-07 7.97377e-09 4.65281e-07
17.1 8.02424e-07 8.82121e-07 7.3039e-09 4.44712e-07
17.125 7.66074e-07 8.42956e-07 6.67527e-09 4.24816e-07
17.15 7.30956e-07 8.05083e-07 6.08613e-09 4.05585e-07
17.175 6.97055e-07 7.68487e-07 5.53474e-09 3.87011e-07
17.2 6.64355e-07 7.33151e-07 5.01939e-09 3.69085e-07
17.225 6.32838e-07 6.99059e-07 4.53841e-09 3.51799e-07
17.25 6.02482e-07 6.6619e-07 4.09015e-09 3.3514e-07
17.275 5.73268e-07 6.34526e-07 3.67302e-09 3.19099e-07
17.3 5.45173e-07 6.04042e-07 3.28545e-09 3.03664e-07
17.325 5.18174e-07 5.74718e-07 2.92592e-09 2.88822e-07
17.35 4.92246e-07 5.46527e-07 2.59296e-09 2.7456e-07
17.375 4.67365e-07 5.19446e-07 2.28514e-09 2.60866e-07
17.4 4.43505e-07 4.93449e-07 2.00108e-09 2.47725e-07
17.425 4.20639e-07 4.68509e-07 1.73942e-09 2.35124e-07
17.45 3.98743e-07 4.446e-07 1.49889e-09 2.23049e-07
17.475 3.77788e-07 4.21693e-07 1.27824e-09 2.11486e-07
17.5 3.57747e-07 3.99763e-07 1.07626e-09 2.0042e-07
17.525 3.38594e-07 3.7878e-07 8.9182e-10 1.89836e-07
17.55 3.20301e-07 3.58718e-07 7.23809e-10 1.79721e-07
17.575 3.0284e-07 3.39547e-07 5.71174e-10 1.70059e-07
17.6 2.86185e-07 3.2124e-07 4.32906e-10 1.60836e-07
17.625 2.70309e-07 3.03768e-07 3.08042e-10 1.52038e-07
17.65 2.55184e-07 2.87105e-07 1.95666e-10 1.4365e-07
17.675 2.40785e-07 2.71221e-07 9.49032e-11 1.35658e-07
17.7 2.27084e-07 2.56091e-07 4.9247e-12 1.28048e-07
17.725 2.14056e-07 2.41688e-07 -7.50575e-11 1.20806e-07
17.75 2.01675e-07 2.27983e-07 -1.4579e-10 1.13919e-07
17.775 1.89916e-07 2.14952e-07 -2.07978e-10 1.07372e-07
17.8 1.78756e-07 2.02568e-07 -2.62291e-10 1.01153e-07
17.825 1.68168e-07 1.90806e-07 -3.09358e-10 9.52484e-08
17.85 1.58131e-07 1.79642e-07 -3.49771e-10 8.9646e-08
17.875 1.48621e-07 1.6905e-07 -3.8409e-10 8.43332e-08
17.9 1.39615e-07 1.59009e-07 -4.12839e-10 7.92978e-08
17.925 1.31092e-07 1.49493e-07 -4.3651e-10 7.45282e-08
17.95 1.23031e-07 1.40481e-07 -4.55563e-10 7.00127e-08
17.975 1.1541e-07 1.31951e-07 -4.7043e-10 6.57402e-08
18 1.0821e-07 1.23881e-07 -4.81512e-10 6.16999e-08
18.025 1.01411e-07 1.16252e-07 -4.89185e-10 5.78812e-08
18.05 9.49947e-08 1.09042e-07 -4.93797e-10 5.42739e-08
18.075 8.89426e-08 1.02232e-07 -4.95672e-10 5.08682e-08
18.1 8.32372e-08 9.58041e-08 -4.95111e-10 4.76545e-08
18.125 7.78616e-08 8.97396e-08 -4.92392e-10 4.46236e-08
18.15 7.27994e-08 8.4021e-08 -4.87771e-10 4.17666e-08
18.175 6.8035e-08 7.86314e-08 -4.81487e-10 3.9075e-08
18.2 6.35532e-08 7.35546e-08 -4.73756e-10 3.65404e-08
18.225 5.93395e-08 6.87749e-08 -4.6478e-10 3.41551e-08
18.25 5.53799e-08 6.42772e-08 -4.5474e-10 3.19112e-08
18.275 5.1661e-08 6.0047e-08 -4.43806e-10 2.98016e-08
18.3 4.81701e-08 5.60705e-08 -4.3213e-10 2.78192e-08
18.325 4.48948e-08 5.23343e-08 -4.1985e-10 2.59572e-08
18.35 4.18234e-08 4.88257e-08 -4.07094e-10 2.42093e-08
18.375 3.89447e-08 4.55325e-08 -3.93974e-10 2.25693e-08
18.4 3.6248e-08 4.2443e-08 -3.80593e-10 2.10312e-08
18.425 3.3723e-08 3.95459e-08 -3.67044e-10 1.95894e-08
18.45 3.136e-08 3.68308e-08 -3.53409e-10 1.82387e-08
18.475 2.91498e-08 3.42873e-08 -3.39761e-10 1.69738e-08
18.5 2.70833e-08 3.19058e-08 -3.26165e-10 1.57898e-08
18.525 2.51524e-08 2.96771e-08 -3.12678e-10 1.46822e-08
18.55 2.33489e-08 2.75923e-08 -2.99351e-10 1.36465e-08
18.575 2.16653e-08 2.56431e-08 -2.86227e-10 1.26785e-08
18.6 2.00944e-08 2.38216e-08 -2.73343e-10 1.17741e-08
18.625 1.86293e-08 2.21202e-08 -2.60732e-10 1.09297e-08
18.65 1.72636e-08 2.05316e-08 -2.4842e-10 1.01416e-08
18.675 1.59911e-08 1.90492e-08 -2.36431e-10 9.40639e-09
18.7 1.48061e-08 1.76665e-08 -2.24782e-10 8.72085e-09
18.725 1.3703e-08 1.63773e-08 -2.13487e-10 8.08192e-09
18.75 1.26768e-08 1.5176e-08 -2.02559e-10 7.4867e-09
18.775 1.17224e-08 1.40569e-08 -1.92005e-10 6.93246e-09
18.8 1.08352e-08 1.30151e-08 -1.8183e-10 6.41662e-09
18.825 1.0011e-08 1.20455e-08 -1.72037e-10 5.93673e-09
18.85 9.24562e-09 1.11436e-08 -1.62627e-10 5.49049e-09
18.875 8.53515e-09 1.0305e-08 -1.53599e-10 5.07572e-09
18.9 7.87599e-09 9.52572e-09 -1.44949e-10 4.69039e-09
18.925 7.2647e-09 8.80178e-09 -1.36674e-10 4.33255e-09
18.95 6.69806e-09 8.12958e-09 -1.28767e-10 4.00041e-09
18.975 6.17307e-09 7.5057e-09 -1.21222e-10 3.69224e-09
19 5.68687e-09 6.92693e-09 -1.14031e-10 3.40645e-09
19.025 5.23681e-09 6.39023e-09 -1.07186e-10 3.14152e-09
19.05 4.82038e-09 5.89277e-09 -1.00677e-10 2.89604e-09
19.075 4.43524e-09 5.43187e-09 -9.44944e-11 2.66869e-09
19.1 4.07921e-09 5.00505e-09 -8.86282e-11 2.45821e-09
19.125 3.75023e-09 4.60994e-09 -8.3068e-11 2.26344e-09
19.15 3.44638e-09 4.24436e-09 -7.7803e-11 2.08328e-09
19.175 3.16586e-09 3.90623e-09 -7.28223e-11 1.9167e-09
19.2 2.907e-09 3.59363e-09 -6.81151e-11 1.76276e-09
19.225 2.66823e-09 3.30477e-09 -6.36705e-11 1.62055e-09
19.25 2.44809e-09 3.03793e-09 -5.94774e-11 1.48923e-09
19.275 2.2452e-09 2.79156e-09 -5.55251e-11 1.36802e-09
19.3 2.05831e-09 2.56418e-09 -5.1803e-11 1.25619e-09
19.325 1.88622e-09 2.35441e-09 -4.83005e-11 1.15306e-09
19.35 1.72783e-09 2.16097e-09 -4.50073e-11 1.05798e-09
19.375 1.58211e-09 1.98267e-09 -4.19135e-11 9.70376e-10
19.4 1.4481e-09 1.81838e-09 -3.90091e-11 8.89683e-10
19.425 1.32492e-09 1.66706e-09 -3.62847e-11 8.15389e-10
19.45 1.21174e-09 1.52776e-09 -3.37311e-11 7.47014e-10
19.475 1.1078e-09 1.39956e-09 -3.13392e-11 6.84112e-10
19.5 1.01237e-09 1.28164e-09 -2.91004e-11 6.2627e-10
19.525 9.24797e-10 1.17321e-09 -2.70064e-11 5.73102e-10
19.55 8.44472e-10 1.07355e-09 -2.50493e-11 5.2425e-10
19.575 7.70822e-10 9.81985e-10 -2.32212e-11 4.79382e-10
19.6 7.03322e-10 8.97894e-10 -2.15149e-11 4.3819e-10
19.625 6.41484e-10 8.20697e-10 -1.99233e-11 4.00387e-10
19.65 5.84856e-10 7.49858e-10 -1.84396e-11 3.65709e-10
19.675 5.33021e-10 6.84878e-10 -1.70575e-11 3.3391e-10
19.7 4.85592e-10 6.25298e-10 -1.57707e-11 3.04763e-10
19.725 4.42214e-10 5.70689e-10 -1.45735e-11 2.78058e-10
19.75 4.02556e-10 5.20657e-10 -1.34602e-11 2.53598e-10
19.775 3.66314e-10 4.74836e-10 -1.24257e-11 2.31205e-10
19.8 3.33207e-10 4.32889e-10 -1.14649e-11 2.10712e-10
19.825 3.02977e-10 3.94503e-10 -1.05732e-11 1.91965e-10
19.85 2.75384e-10 3.59389e-10 -9.74597e-12 1.74822e-10
19.875 2.5021e-10 3.27281e-10 -8.97907e-12 1.59151e-10
19.9 2.2725e-10 2.97933e-10 -8.26849e-12 1.44832e-10
19.925 2.06319e-10 2.71119e-10 -7.61046e-12 1.31754e-10
19.95 1.87246e-10 2.46628e-10 -7.00145e-12 1.19813e-10
19.975 1.69871e-10 2.24269e-10 -6.4381e-12 1.08915e-10
20 1.54051e-10 2.03863e-10 -5.91729e-12 9.89729e-11
