0 1.2697e-08 1.15747e-08 -4.21463e-10 5.57662e-09
0.025 1.2697e-08 1.15747e-08 -4.21463e-10 5.57662e-09
0.05 2.02949e-07 1.85015e-07 -6.73724e-09 8.91388e-08
0.075 1.02572e-06 9.35117e-07 -3.40553e-08 4.50531e-07
0.1 3.23424e-06 2.94871e-06 -1.07402e-07 1.42066e-06
0.125 7.87247e-06 7.17798e-06 -2.61494e-07 3.45824e-06
0.15 1.62647e-05 1.48311e-05 -5.40419e-07 7.14536e-06
0.175 3.00022e-05 2.73607e-05 -9.97233e-07 1.31817e-05
0.2 5.09276e-05 4.64491e-05 -1.69348e-06 2.23778e-05
0.225 8.11158e-05 7.39926e-05 -2.6986e-06 3.5647e-05
0.25 0.000122854 0.000112082 -4.08935e-06 5.39965e-05
0.275 0.000178617 0.000162984 -5.94902e-06 7.85174e-05
0.3 0.000251046 0.000229115 -8.36674e-06 0.000110374
0.325 0.000342915 0.000313022 -1.14366e-05 0.000150793
0.35 0.000457112 0.000417354 -1.52568e-05 0.000201049
0.375 0.0005966 0.000544838 -1.99288e-05 0.000262455
0.4 0.000764393 0.000698249 -2.55561e-05 0.000336347
0.425 0.000963523 0.000880386 -3.22438e-05 0.000424071
0.45 0.00119701 0.00109404 -4.00971e-05 0.000526971
0.475 0.00146782 0.00134196 -4.92205e-05 0.000646372
0.5 0.00177886 0.00162686 -5.97167e-05 0.000783571
0.525 0.00213291 0.00195132 -7.16861e-05 0.000939819
0.55 0.00253263 0.00231784 -8.52249e-05 0.00111631
0.575 0.00298049 0.00272876 -0.000100425 0.00131417
0.6 0.00347879 0.00318625 -0.000117373 0.00153444
0.625 0.0040296 0.00369229 -0.000136148 0.00177807
0.65 0.00463474 0.00424863 -0.000156824 0.0020459
0.675 0.00529576 0.00485681 -0.000179464 0.00233867
0.7 0.00601392 0.00551809 -0.000204125 0.00265698
0.725 0.00679018 0.00623348 -0.000230853 0.00300131
0.75 0.00762517 0.00700367 -0.000259685 0.00337199
0.775 0.00851919 0.00782908 -0.000290646 0.00376922
0.8 0.00947218 0.00870981 -0.000323752 0.00419303
0.825 0.0104837 0.00964563 -0.000359006 0.00464331
0.85 0.0115531 0.010636 -0.0003964 0.00511981
0.875 0.0126791 0.0116801 -0.000435915 0.00562208
0.9 0.0138603 0.0127766 -0.000477519 0.00614955
0.925 0.0150948 0.0139241 -0.000521169 0.00670149
0.95 0.0163805 0.0151208 -0.000566809 0.00727699
0.975 0.0177147 0.0163644 -0.000614372 0.00787503
1 0.0190946 0.0176526 -0.00066378 0.00849439
1.025 0.0205171 0.0189825 -0.000714944 0.00913377
1.05 0.0219786 0.0203512 -0.000767763 0.0097917
1.075 0.0234753 0.0217553 -0.000822126 0.0104666
1.1 0.0250032 0.0231914 -0.000877913 0.0111567
1.125 0.0265581 0.0246556 -0.000934995 0.0118603
1.15 0.0281354 0.0261441 -0.000993232 0.0125754
1.175 0.0297305 0.0276526 -0.00105248 0.0133
1.2 0.0313386 0.0291769 -0.00111259 0.0140321
1.225 0.0329547 0.0307125 -0.00117339 0.0147695
1.25 0.0345737 0.0322549 -0.00123472 0.0155101
1.275 0.0361906 0.0337994 -0.00129642 0.0162515
1.3 0.0378 0.0353414 -0.00135831 0.0169915
1.325 0.0393968 0.0368761 -0.00142022 0.0177279
1.35 0.0409759 0.0383988 -0.00148196 0.0184584
1.375 0.0425321 0.0399047 -0.00154336 0.0191807
1.4 0.0440602 0.0413893 -0.00160424 0.0198925
1.425 0.0455555 0.0428479 -0.00166442 0.0205917
1.45 0.047013 0.0442759 -0.00172373 0.0212761
1.475 0.048428 0.0456691 -0.00178198 0.0219436
1.5 0.0497961 0.0470231 -0.00183902 0.022592
1.525 0.0511129 0.0483338 -0.00189467 0.0232196
1.55 0.0523743 0.0495973 -0.00194878 0.0238243
1.575 0.0535766 0.05081 -0.00200118 0.0244044
1.6 0.0547161 0.0519682 -0.00205173 0.0249582
1.625 0.0557895 0.0530687 -0.00210029 0.0254842
1.65 0.0567938 0.0541084 -0.00214673 0.0259808
1.675 0.0577263 0.0550846 -0.00219091 0.0264469
1.7 0.0585845 0.0559947 -0.00223272 0.026881
1.725 0.0593664 0.0568365 -0.00227205 0.0272822
1.75 0.0600703 0.057608 -0.0023088 0.0276496
1.775 0.0606945 0.0583074 -0.00234289 0.0279822
1.8 0.0612381 0.0589333 -0.00237423 0.0282796
1.825 0.0617003 0.0594847 -0.00240275 0.028541
1.85 0.0620804 0.0599606 -0.00242841 0.0287661
1.875 0.0623785 0.0603606 -0.00245114 0.0289547
1.9 0.0625946 0.0606842 -0.00247091 0.0291067
1.925 0.0627292 0.0609316 -0.0024877 0.0292219
1.95 0.0627831 0.0611029 -0.00250149 0.0293007
1.975 0.0627572 0.0611986 -0.00251226 0.0293432
2 0.062653 0.0612196 -0.00252004 0.0293498
2.025 0.0624718 0.0611668 -0.00252481 0.029321
2.05 0.0622156 0.0610414 -0.00252662 0.0292574
2.075 0.0618864 0.060845 -0.00252549 0.0291598
2.1 0.0614863 0.0605792 -0.00252146 0.0290288
2.125 0.0610179 0.0602457 -0.00251459 0.0288656
2.15 0.0604837 0.0598467 -0.00250492 0.0286709
2.175 0.0598864 0.0593844 -0.00249252 0.0284459
2.2 0.0592291 0.0588611 -0.00247747 0.0281918
2.225 0.0585146 0.0582792 -0.00245985 0.0279097
2.25 0.0577462 0.0576414 -0.00243973 0.0276008
2.275 0.056927 0.0569504 -0.0024172 0.0272666
2.3 0.0560603 0.0562089 -0.00239238 0.0269083
2.325 0.0551494 0.0554199 -0.00236534 0.0265273
2.35 0.0541977 0.0545862 -0.0023362 0.026125
2.375 0.0532086 0.0537109 -0.00230507 0.0257029
2.4 0.0521854 0.052797 -0.00227205 0.0252625
2.425 0.0511316 0.0518474 -0.00223726 0.0248051
2.45 0.0500504 0.0508652 -0.00220081 0.0243322
2.475 0.0489451 0.0498535 -0.00216282 0.0238454
2.5 0.047819 0.0488153 -0.00212341 0.0233459
2.525 0.0466753 0.0477535 -0.0020827 0.0228354
2.55 0.0455171 0.0466712 -0.0020408 0.0223152
2.575 0.0443474 0.0455711 -0.00199783 0.0217866
2.6 0.043169 0.0444561 -0.00195391 0.0212511
2.625 0.0419849 0.0433291 -0.00190915 0.02071
2.65 0.0407977 0.0421927 -0.00186367 0.0201645
2.675 0.0396101 0.0410495 -0.00181758 0.0196159
2.7 0.0384245 0.039902 -0.00177099 0.0190655
2.725 0.0372432 0.0387527 -0.00172401 0.0185143
2.75 0.0360685 0.0376039 -0.00167674 0.0179636
2.775 0.0349025 0.0364579 -0.00162929 0.0174143
2.8 0.0337471 0.0353167 -0.00158174 0.0168675
2.825 0.0326042 0.0341825 -0.00153421 0.0163241
2.85 0.0314755 0.0330571 -0.00148677 0.0157851
2.875 0.0303625 0.0319422 -0.00143952 0.0152514
2.9 0.0292666 0.0308397 -0.00139254 0.0147236
2.925 0.0281893 0.029751 -0.0013459 0.0142025
2.95 0.0271316 0.0286776 -0.00129969 0.013689
2.975 0.0260946 0.0276209 -0.00125396 0.0131835
3 0.0250793 0.026582 -0.0012088 0.0126866
3.025 0.0240864 0.0255622 -0.00116425 0.012199
3.05 0.0231168 0.0245623 -0.00112039 0.011721
3.075 0.0221709 0.0235834 -0.00107725 0.0112531
3.1 0.0212493 0.0226262 -0.00103488 0.0107957
3.125 0.0203524 0.0216914 -0.000993344 0.010349
3.15 0.0194804 0.0207796 -0.000952666 0.00991348
3.175 0.0186337 0.0198913 -0.000912885 0.00948923
3.2 0.0178123 0.019027 -0.000874032 0.00907648
3.225 0.0170162 0.0181869 -0.000836135 0.00867538
3.25 0.0162456 0.0173713 -0.000799217 0.00828603
3.275 0.0155002 0.0165803 -0.000763298 0.00790852
3.3 0.0147799 0.0158141 -0.000728394 0.00754286
3.325 0.0140845 0.0150727 -0.000694518 0.00718907
3.35 0.0134138 0.0143559 -0.000661678 0.00684712
3.375 0.0127674 0.0136638 -0.00062988 0.00651694
3.4 0.0121449 0.012996 -0.000599127 0.00619845
3.425 0.0115461 0.0123525 -0.000569419 0.00589153
3.45 0.0109704 0.0117328 -0.000540753 0.00559604
3.475 0.0104174 0.0111368 -0.000513122 0.00531183
3.5 0.00988653 0.010564 -0.00048652 0.00503873
3.525 0.00937738 0.010014 -0.000460935 0.00477652
3.55 0.00888938 0.00948637 -0.000436356 0.004525
3.575 0.00842199 0.00898068 -0.000412767 0.00428395
3.6 0.00797464 0.00849641 -0.000390153 0.00405313
3.625 0.00754677 0.00803306 -0.000368497 0.00383228
3.65 0.00713779 0.00759009 -0.000347778 0.00362115
3.675 0.00674712 0.00716694 -0.000327976 0.00341948
3.7 0.00637419 0.00676305 -0.00030907 0.00322699
3.725 0.00601841 0.00637785 -0.000291037 0.00304341
3.75 0.00567919 0.00601076 -0.000273854 0.00286845
3.775 0.00535597 0.00566118 -0.000257496 0.00270184
3.8 0.00504816 0.00532853 -0.000241938 0.0025433
3.825 0.00475521 0.00501223 -0.000227156 0.00239254
3.85 0.00447656 0.00471168 -0.000213123 0.00224928
3.875 0.00421166 0.00442631 -0.000199814 0.00211325
3.9 0.00395997 0.00415553 -0.000187203 0.00198416
3.925 0.00372098 0.00389877 -0.000175265 0.00186175
3.95 0.00349417 0.00365548 -0.000163972 0.00174575
3.975 0.00327903 0.0034251 -0.0001533 0.0016359
4 0.00307509 0.0032071 -0.000143223 0.00153194
4.025 0.00288188 0.00300094 -0.000133717 0.00143361
4.05 0.00269892 0.00280611 -0.000124755 0.00134068
4.075 0.00252578 0.00262211 -0.000116314 0.0012529
4.1 0.00236203 0.00244845 -0.000108371 0.00117004
4.125 0.00220724 0.00228465 -0.000100901 0.00109188
4.15 0.00206103 0.00213026 -9.38833e-05 0.00101819
4.175 0.00192299 0.00198484 -8.72944e-05 0.000948773
4.2 0.00179275 0.00184795 -8.11134e-05 0.000883419
4.225 0.00166996 0.00171918 -7.53195e-05 0.000821932
4.25 0.00155426 0.00159814 -6.98927e-05 0.000764123
4.275 0.00144531 0.00148443 -6.48137e-05 0.00070981
4.3 0.00134281 0.0013777 -6.00638e-05 0.000658818
4.325 0.00124643 0.00127758 -5.56252e-05 0.000610978
4.35 0.00115587 0.00118374 -5.14805e-05 0.00056613
4.375 0.00107086 0.00109585 -4.76134e-05 0.000524118
4.4 0.000991121 0.0010136 -4.40081e-05 0.000484794
4.425 0.000916382 0.000936681 -4.06493e-05 0.000448016
4.45 0.000846392 0.000864817 -3.75228e-05 0.000413647
4.475 0.000780909 0.000797731 -3.46147e-05 0.000381558
4.5 0.000719699 0.00073516 -3.19121e-05 0.000351624
4.525 0.000662539 0.000676853 -2.94023e-05 0.000323725
4.55 0.000609213 0.000622571 -2.70737e-05 0.000297749
4.575 0.000559515 0.000572084 -2.49149e-05 0.000273585
4.6 0.000513248 0.000525175 -2.29152e-05 0.00025113
4.625 0.000470223 0.000481633 -2.10647e-05 0.000230284
4.65 0.000430257 0.00044126 -1.93536e-05 0.000210953
4.675 0.000393177 0.000403866 -1.77729e-05 0.000193046
4.7 0.000358816 0.000369268 -1.6314e-05 0.000176477
4.725 0.000327014 0.000337294 -1.49688e-05 0.000161163
4.75 0.000297618 0.00030778 -1.37297e-05 0.000147025
4.775 0.000270483 0.000280567 -1.25893e-05 0.000133989
4.8 0.000245468 0.000255507 -1.15409e-05 0.000121983
4.825 0.000222441 0.000232456 -1.0578e-05 0.000110939
4.85 0.000201272 0.000211281 -9.69453e-06 0.000100793
4.875 0.000181841 0.000191851 -8.8847e-06 9.14832e-05
4.9 0.000164032 0.000174046 -8.14313e-06 8.29514e-05
4.925 0.000147734 0.000157749 -7.46473e-06 7.51423e-05
4.95 0.000132843 0.000142852 -6.84472e-06 6.80036e-05
4.975 0.000119258 0.00012925 -6.27857e-06 6.14858e-05
5 0.000106886 0.000116846 -5.76207e-06 5.55422e-05
5.025 9.56363e-05 0.000105549 -5.29123e-06 5.01286e-05
5.05 8.54245e-05 9.52697e-05 -4.86232e-06 4.52037e-05
5.075 7.6171e-05 8.59285e-05 -4.47185e-06 4.07283e-05
5.1 6.78003e-05 7.74487e-05 -4.11655e-06 3.66661e-05
5.125 6.02418e-05 6.97588e-05 -3.79336e-06 3.29827e-05
5.15 5.3429e-05 6.2792e-05 -3.49943e-06 2.96463e-05
5.175 4.72996e-05 5.64863e-05 -3.23211e-06 2.66271e-05
5.2 4.17956e-05 5.07841e-05 -2.98891e-06 2.38976e-05
5.225 3.68628e-05 4.56318e-05 -2.76755e-06 2.14321e-05
5.25 3.24508e-05 4.098e-05 -2.5659e-06 1.92071e-05
5.275 2.85127e-05 3.67833e-05 -2.38201e-06 1.72007e-05
5.3 2.50054e-05 3.29998e-05 -2.21408e-06 1.53929e-05
5.325 2.18889e-05 2.95913e-05 -2.06044e-06 1.37654e-05
5.35 1.91264e-05 2.65226e-05 -1.91958e-06 1.23015e-05
5.375 1.66841e-05 2.3762e-05 -1.79013e-06 1.09859e-05
5.4 1.45311e-05 2.12805e-05 -1.67083e-06 9.80484e-06
5.425 1.26391e-05 1.90519e-05 -1.56055e-06 8.74569e-06
5.45 1.09824e-05 1.70526e-05 -1.45827e-06 7.79717e-06
5.475 9.53746e-06 1.52613e-05 -1.36309e-06 6.94909e-06
5.5 8.28318e-06 1.36588e-05 -1.27421e-06 6.19228e-06
5.525 7.2003e-06 1.22279e-05 -1.19089e-06 5.51852e-06
5.55 6.27145e-06 1.09534e-05 -1.11254e-06 4.92043e-06
5.575 5.48096e-06 9.82144e-06 -1.0386e-06 4.39142e-06
5.6 4.81472e-06 8.81974e-06 -9.68601e-07 3.92557e-06
5.625 4.26001e-06 7.93728e-06 -9.02158e-07 3.51756e-06
5.65 3.80537e-06 7.16417e-06 -8.38934e-07 3.16262e-06
5.675 3.44047e-06 6.49149e-06 -7.78652e-07 2.85642e-06
5.7 3.15598e-06 5.91118e-06 -7.21087e-07 2.59504e-06
5.725 2.94346e-06 5.41588e-06 -6.6606e-07 2.37491e-06
5.75 2.79523e-06 4.99885e-06 -6.13431e-07 2.19271e-06
5.775 2.70429e-06 4.65383e-06 -5.63094e-07 2.04537e-06
5.8 2.66422e-06 4.37499e-06 -5.14972e-07 1.93001e-06
5.825 2.6691e-06 4.15682e-06 -4.69014e-07 1.8439e-06
5.85 2.71344e-06 3.99404e-06 -4.25185e-07 1.78443e-06
5.875 2.7921e-06 3.88161e-06 -3.83468e-07 1.74907e-06
5.9 2.90027e-06 3.81461e-06 -3.43856e-07 1.73538e-06
5.925 3.03339e-06 3.78825e-06 -3.06349e-07 1.74095e-06
5.95 3.18713e-06 3.79785e-06 -2.70952e-07 1.76345e-06
5.975 3.35734e-06 3.83876e-06 -2.37669e-07 1.80055e-06
6 3.54008e-06 3.90644e-06 -2.06506e-07 1.84997e-06
6.025 3.73154e-06 3.99639e-06 -1.7746e-07 1.90946e-06
6.05 3.92809e-06 4.10419e-06 -1.50527e-07 1.97683e-06
6.075 4.12623e-06 4.22551e-06 -1.25692e-07 2.04991e-06
6.1 4.32264e-06 4.35614e-06 -1.02932e-07 2.1266e-06
6.125 4.51414e-06 4.49196e-06 -8.22166e-08 2.20487e-06
6.15 4.69774e-06 4.62903e-06 -6.35024e-08 2.28276e-06
6.175 4.87061e-06 4.7636e-06 -4.6737e-08 2.35843e-06
6.2 5.03015e-06 4.8921e-06 -3.18574e-08 2.43012e-06
6.225 5.17395e-06 5.01121e-06 -1.87906e-08 2.49621e-06
6.25 5.29986e-06 5.11789e-06 -7.45377e-09 2.55522e-06
6.275 5.40596e-06 5.20937e-06 2.24448e-09 2.60581e-06
6.3 5.49058e-06 5.2832e-06 1.04036e-08 2.6468e-06
6.325 5.55236e-06 5.33728e-06 1.71296e-08 2.67721e-06
6.35 5.59021e-06 5.36985e-06 2.25346e-08 2.69619e-06
6.375 5.60332e-06 5.37953e-06 2.67344e-08 2.70313e-06
6.4 5.5912e-06 5.36529e-06 2.98483e-08 2.69757e-06
6.425 5.55367e-06 5.32651e-06 3.19968e-08 2.67925e-06
6.45 5.49084e-06 5.26294e-06 3.33005e-08 2.64812e-06
6.475 5.40312e-06 5.1747e-06 3.38789e-08 2.60429e-06
6.5 5.29121e-06 5.06228e-06 3.38489e-08 2.54806e-06
6.525 5.1561e-06 4.9265e-06 3.33232e-08 2.47991e-06
6.55 4.99902e-06 4.76855e-06 3.24095e-08 2.40048e-06
6.575 4.82148e-06 4.58987e-06 3.12094e-08 2.31054e-06
6.6 4.62518e-06 4.39223e-06 2.9817e-08 2.21102e-06
6.625 4.41204e-06 4.17761e-06 2.83185e-08 2.10296e-06
6.65 4.18414e-06 3.94821e-06 2.67911e-08 1.9875e-06
6.675 3.94371e-06 3.70642e-06 2.5303e-08 1.86586e-06
6.7 3.69309e-06 3.45474e-06 2.39122e-08 1.73932e-06
6.725 3.4347e-06 3.19578e-06 2.2667e-08 1.60922e-06
6.75 3.171e-06 2.93221e-06 2.16056e-08 1.47691e-06
6.775 2.90449e-06 2.66671e-06 2.07559e-08 1.34373e-06
6.8 2.63762e-06 2.40195e-06 2.01363e-08 1.21104e-06
6.825 2.37281e-06 2.1405e-06 1.97555e-08 1.08013e-06
6.85 2.11239e-06 1.88488e-06 1.96135e-08 9.52245e-07
6.875 1.85859e-06 1.63743e-06 1.97018e-08 8.28567e-07
6.9 1.6135e-06 1.40037e-06 2.00042e-08 7.10187e-07
6.925 1.37904e-06 1.17569e-06 2.04978e-08 5.98094e-07
6.95 1.15695e-06 9.65183e-07 2.11538e-08 4.93169e-07
6.975 9.48778e-07 7.70395e-07 2.19383e-08 3.96167e-07
7 7.55833e-07 5.92618e-07 2.28135e-08 3.07716e-07
7.025 5.79207e-07 4.32878e-07 2.37387e-08 2.28308e-07
7.05 4.19748e-07 2.91921e-07 2.4671e-08 1.58296e-07
7.075 2.78059e-07 1.70218e-07 2.5567e-08 9.78924e-08
7.1 1.54494e-07 6.79571e-08 2.6383e-08 4.717e-08
7.125 4.91643e-08 -1.49451e-08 2.70766e-08 6.06577e-09
7.15 -3.80594e-08 -7.8838e-08 2.76075e-08 -2.56153e-08
7.175 -1.07537e-07 -1.24323e-07 2.79378e-08 -4.81926e-08
7.2 -1.59847e-07 -1.52237e-07 2.80336e-08 -6.21016e-08
7.225 -1.95772e-07 -1.63633e-07 2.7865e-08 -6.78839e-08
7.25 -2.1628e-07 -1.59758e-07 2.74072e-08 -6.61752e-08
7.275 -2.22506e-07 -1.42026e-07 2.66406e-08 -5.7693e-08
7.3 -2.1573e-07 -1.11997e-07 2.55513e-08 -4.32229e-08
7.325 -1.97353e-07 -7.13404e-08 2.41315e-08 -2.36044e-08
7.35 -1.68872e-07 -2.1812e-08 2.23794e-08 2.83705e-10
7.375 -1.31855e-07 3.47778e-08 2.02997e-08 2.75387e-08
7.4 -8.79172e-08 9.65943e-08 1.79028e-08 5.72485e-08
7.425 -3.86915e-08 1.61807e-07 1.52052e-08 8.85063e-08
7.45 1.4194e-08 2.2862e-07 1.22292e-08 1.20425e-07
7.475 6.91417e-08 2.95297e-07 9.00225e-09 1.52149e-07
7.5 1.24608e-07 3.60186e-07 5.55666e-09 1.82871e-07
7.525 1.79125e-07 4.21749e-07 1.92904e-09 2.11839e-07
7.55 2.31322e-07 4.78576e-07 -1.8403e-09 2.38368e-07
7.575 2.79942e-07 5.29406e-07 -5.70799e-09 2.61849e-07
7.6 3.23857e-07 5.73145e-07 -9.62833e-09 2.81758e-07
7.625 3.62087e-07 6.08876e-07 -1.3554e-08 2.97661e-07
7.65 3.93803e-07 6.35867e-07 -1.74369e-08 3.09215e-07
7.675 4.18341e-07 6.53584e-07 -2.12288e-08 3.16177e-07
7.7 4.35204e-07 6.61684e-07 -2.4882e-08 3.18401e-07
7.725 4.4407e-07 6.60024e-07 -2.83503e-08 3.15837e-07
7.75 4.44783e-07 6.48652e-07 -3.15897e-08 3.08531e-07
7.775 4.37358e-07 6.27802e-07 -3.45588e-08 2.96622e-07
7.8 4.21973e-07 5.97887e-07 -3.72198e-08 2.80334e-07
7.825 3.98961e-07 5.59483e-07 -3.95388e-08 2.59972e-07
7.85 3.68797e-07 5.13318e-07 -4.14862e-08 2.35916e-07
7.875 3.32091e-07 4.60254e-07 -4.30376e-08 2.08608e-07
7.9 2.89572e-07 4.01273e-07 -4.41736e-08 1.7855e-07
7.925 2.42069e-07 3.3745e-07 -4.48804e-08 1.46285e-07
7.95 1.905e-07 2.69938e-07 -4.51499e-08 1.12394e-07
7.975 1.35849e-07 1.99947e-07 -4.49799e-08 7.74838e-08
8 7.91512e-08 1.2872e-07 -4.43739e-08 4.21728e-08
8.025 2.14706e-08 5.75086e-08 -4.33411e-08 7.08373e-09
8.05 -3.61159e-08 -1.24412e-08 -4.18963e-08 -2.71688e-08
8.075 -9.2539e-08 -7.99162e-08 -4.00597e-08 -5.99879e-08
8.1 -1.46755e-07 -1.43753e-07 -3.78564e-08 -9.08048e-08
8.125 -1.97762e-07 -2.02859e-07 -3.53161e-08 -1.19087e-07
8.15 -2.44619e-07 -2.56225e-07 -3.24729e-08 -1.44349e-07
8.175 -2.86459e-07 -3.02947e-07 -2.93644e-08 -1.66156e-07
8.2 -3.22503e-07 -3.42234e-07 -2.60313e-08 -1.84133e-07
8.225 -3.52071e-07 -3.73425e-07 -2.25168e-08 -1.97971e-07
8.25 -3.74595e-07 -3.9599e-07 -1.88662e-08 -2.07428e-07
8.275 -3.89625e-07 -4.09546e-07 -1.51259e-08 -2.12336e-07
8.3 -3.96833e-07 -4.13856e-07 -1.13429e-08 -2.12599e-07
8.325 -3.96025e-07 -4.08831e-07 -7.56421e-09 -2.08198e-07
8.35 -3.87131e-07 -3.94532e-07 -3.83625e-09 -1.99184e-07
8.375 -3.70217e-07 -3.71167e-07 -2.03978e-10 -1.85685e-07
8.4 -3.45474e-07 -3.39081e-07 3.28949e-09 -1.67896e-07
8.425 -3.13217e-07 -2.98758e-07 6.60354e-09 -1.46077e-07
8.45 -2.73879e-07 -2.50802e-07 9.70054e-09 -1.20551e-07
8.475 -2.28002e-07 -1.95935e-07 1.25464e-08 -9.16942e-08
8.5 -1.76231e-07 -1.34976e-07 1.51107e-08 -5.99328e-08
8.525 -1.19298e-07 -6.88353e-08 1.73677e-08 -2.57338e-08
8.55 -5.80103e-08 1.5072e-09 1.92959e-08 1.04015e-08
8.575 6.75734e-09 7.5014e-08 2.08785e-08 4.79462e-08
8.6 7.40825e-08 1.50608e-07 2.21039e-08 8.63559e-08
8.625 1.43007e-07 2.27188e-07 2.29655e-08 1.25077e-07
8.65 2.12553e-07 3.0365e-07 2.34615e-08 1.63556e-07
8.675 2.81737e-07 3.78896e-07 2.35954e-08 2.01246e-07
8.7 3.49585e-07 4.51859e-07 2.33752e-08 2.37617e-07
8.725 4.15149e-07 5.21513e-07 2.2814e-08 2.72164e-07
8.75 4.77518e-07 5.86892e-07 2.19289e-08 3.0441e-07
8.775 5.35835e-07 6.47098e-07 2.07415e-08 3.33919e-07
8.8 5.89304e-07 7.01319e-07 1.92768e-08 3.60298e-07
8.825 6.37208e-07 7.48839e-07 1.75633e-08 3.83201e-07
8.85 6.78913e-07 7.89046e-07 1.56324e-08 4.02339e-07
8.875 7.1388e-07 8.21439e-07 1.35179e-08 4.17479e-07
8.9 7.41672e-07 8.45637e-07 1.12555e-08 4.28446e-07
8.925 7.61957e-07 8.6138e-07 8.88224e-09 4.35131e-07
8.95 7.74514e-07 8.68534e-07 6.43596e-09 4.37485e-07
8.975 7.79235e-07 8.6709e-07 3.95485e-09 4.35522e-07
9 7.76125e-07 8.57162e-07 1.47685e-09 4.2932e-07
9.025 7.65299e-07 8.38986e-07 -9.60891e-10 4.19013e-07
9.05 7.46985e-07 8.12912e-07 -3.3225e-09 4.04795e-07
9.075 7.21511e-07 7.79401e-07 -5.57385e-09 3.86914e-07
9.1 6.89308e-07 7.39013e-07 -7.68304e-09 3.65665e-07
9.125 6.50895e-07 6.92401e-07 -9.62077e-09 3.4139e-07
9.15 6.06877e-07 6.403e-07 -1.13607e-08 3.1447e-07
9.175 5.57931e-07 5.83512e-07 -1.288e-08 2.85316e-07
9.2 5.04797e-07 5.229e-07 -1.4159e-08 2.5437e-07
9.225 4.48268e-07 4.59367e-07 -1.51823e-08 2.22092e-07
9.25 3.89176e-07 3.93849e-07 -1.59382e-08 1.88956e-07
9.275 3.28381e-07 3.273e-07 -1.64191e-08 1.55441e-07
9.3 2.6676e-07 2.60676e-07 -1.66215e-08 1.22027e-07
9.325 2.05189e-07 1.94922e-07 -1.6546e-08 8.91879e-08
9.35 1.44537e-07 1.3096e-07 -1.61973e-08 5.73815e-08
9.375 8.56506e-08 6.96769e-08 -1.5584e-08 2.70465e-08
9.4 2.93426e-08 1.19096e-08 -1.47183e-08 -1.40436e-09
9.425 -2.3619e-08 -4.15636e-08 -1.36161e-08 -2.75899e-08
9.45 -7.25211e-08 -9.00341e-08 -1.22964e-08 -5.11652e-08
9.475 -1.16715e-07 -1.32872e-07 -1.07812e-08 -7.18265e-08
9.5 -1.55624e-07 -1.69533e-07 -9.09511e-09 -8.93142e-08
9.525 -1.88752e-07 -1.99568e-07 -7.26486e-09 -1.03416e-07
9.55 -2.15688e-07 -2.22622e-07 -5.31906e-09 -1.1397e-07
9.575 -2.36114e-07 -2.38445e-07 -3.28768e-09 -1.20866e-07
9.6 -2.49801e-07 -2.46889e-07 -1.20166e-09 -1.24045e-07
9.625 -2.56622e-07 -2.4791e-07 9.07561e-10 -1.23501e-07
9.65 -2.56542e-07 -2.4157e-07 3.00846e-09 -1.19281e-07
9.675 -2.49624e-07 -2.2803e-07 5.0699e-09 -1.1148e-07
9.7 -2.36026e-07 -2.07548e-07 7.06152e-09 -1.00243e-07
9.725 -2.15996e-07 -1.80479e-07 8.95418e-09 -8.57626e-08
9.75 -1.89867e-07 -1.47262e-07 1.07203e-08 -6.82707e-08
9.775 -1.58054e-07 -1.08415e-07 1.23344e-08 -4.80404e-08
9.8 -1.21047e-07 -6.45309e-08 1.3773e-08 -2.53789e-08
9.825 -7.94021e-08 -1.62624e-08 1.50156e-08 -6.23393e-10
9.85 -3.37324e-08 3.56835e-08 1.60441e-08 2.58638e-08
9.875 1.52984e-08 9.05574e-08 1.68439e-08 5.37007e-08
9.9 6.69875e-08 1.47578e-07 1.74033e-08 8.24906e-08
9.925 1.20602e-07 2.05943e-07 1.77142e-08 1.11829e-07
9.95 1.75391e-07 2.6484e-07 1.77717e-08 1.41306e-07
9.975 2.30593e-07 3.23459e-07 1.75746e-08 1.70517e-07
10 2.85449e-07 3.81e-07 1.7125e-08 1.99063e-07
10.025 3.39212e-07 4.36688e-07 1.64287e-08 2.26559e-07
10.05 3.91155e-07 4.89781e-07 1.54944e-08 2.52638e-07
10.075 4.40584e-07 5.39577e-07 1.43342e-08 2.76955e-07
10.1 4.86843e-07 5.85427e-07 1.29631e-08 2.99195e-07
10.125 5.29328e-07 6.26741e-07 1.13991e-08 3.1907e-07
10.15 5.67487e-07 6.62997e-07 9.66225e-09 3.3633e-07
10.175 6.00834e-07 6.93743e-07 7.77519e-09 3.50759e-07
10.2 6.2895e-07 7.18606e-07 5.76228e-09 3.62184e-07
10.225 6.5149e-07 7.37295e-07 3.64952e-09 3.70472e-07
10.25 6.68185e-07 7.49604e-07 1.46408e-09 3.75534e-07
10.275 6.78847e-07 7.55412e-07 -7.65962e-10 3.77323e-07
10.3 6.83371e-07 7.54686e-07 -3.01208e-09 3.75837e-07
10.325 6.81731e-07 7.47479e-07 -5.24562e-09 3.71117e-07
10.35 6.73986e-07 7.33929e-07 -7.43818e-09 3.63245e-07
10.375 6.60272e-07 7.14256e-07 -9.56197e-09 3.52347e-07
10.4 6.40805e-07 6.88757e-07 -1.15902e-08 3.38583e-07
10.425 6.15875e-07 6.57805e-07 -1.34973e-08 3.22154e-07
10.45 5.85838e-07 6.21839e-07 -1.52593e-08 3.0329e-07
10.475 5.51118e-07 5.81359e-07 -1.68544e-08 2.82252e-07
10.5 5.12194e-07 5.36921e-07 -1.82626e-08 2.59329e-07
10.525 4.696e-07 4.89127e-07 -1.94666e-08 2.3483e-07
10.55 4.2391e-07 4.38617e-07 -2.04515e-08 2.09083e-07
10.575 3.75737e-07 3.86062e-07 -2.12053e-08 1.82429e-07
10.6 3.2572e-07 3.32154e-07 -2.17188e-08 1.55217e-07
10.625 2.74519e-07 2.77595e-07 -2.19859e-08 1.27805e-07
10.65 2.22804e-07 2.23093e-07 -2.20036e-08 1.00545e-07
10.675 1.71248e-07 1.69349e-07 -2.17719e-08 7.37888e-08
10.7 1.20518e-07 1.1705e-07 -2.12936e-08 4.78782e-08
10.725 7.12664e-08 6.68591e-08 -2.0575e-08 2.31421e-08
10.75 2.41236e-08 1.94092e-08 -1.96248e-08 -1.07791e-10
10.775 -2.03108e-08 -2.47051e-08 -1.84549e-08 -2.158e-08
10.8 -6.14741e-08 -6.4935e-08 -1.70794e-08 -4.10072e-08
10.825 -9.88478e-08 -1.00783e-07 -1.55151e-08 -5.81492e-08
10.85 -1.31963e-07 -1.3181e-07 -1.3781e-08 -7.27955e-08
10.875 -1.60407e-07 -1.57638e-07 -1.18977e-08 -8.47677e-08
10.9 -1.83826e-07 -1.77954e-07 -9.88801e-09 -9.3921e-08
10.925 -2.0193e-07 -1.92517e-07 -7.77574e-09 -1.00146e-07
10.95 -2.14496e-07 -2.01156e-07 -5.58598e-09 -1.03371e-07
10.975 -2.2137e-07 -2.03772e-07 -3.34459e-09 -1.03558e-07
11 -2.22467e-07 -2.0034e-07 -1.07794e-09 -1.00709e-07
11.025 -2.17774e-07 -1.90909e-07 1.18743e-09 -9.48607e-08
11.05 -2.07348e-07 -1.75598e-07 3.42513e-09 -8.60863e-08
11.075 -1.91312e-07 -1.54595e-07 5.60919e-09 -7.4493e-08
11.1 -1.69857e-07 -1.28157e-07 7.71442e-09 -6.02212e-08
11.125 -1.43241e-07 -9.66007e-08 9.71664e-09 -4.3442e-08
11.15 -1.11776e-07 -6.03032e-08 1.1593e-08 -2.43551e-08
11.175 -7.58339e-08 -1.96942e-08 1.33221e-08 -3.18603e-09
11.2 -3.58368e-08 2.47487e-08 1.48846e-08 1.98166e-08
11.225 7.74835e-09 7.25061e-08 1.62629e-08 4.43845e-08
11.25 5.44149e-08 1.23023e-07 1.74417e-08 7.02326e-08
11.275 1.03623e-07 1.75718e-07 1.84082e-08 9.70629e-08
11.3 1.54805e-07 2.29984e-07 1.91517e-08 1.24568e-07
11.325 2.07376e-07 2.85204e-07 1.96646e-08 1.52435e-07
11.35 2.60735e-07 3.40753e-07 1.99415e-08 1.80347e-07
11.375 3.14278e-07 3.96004e-07 1.99799e-08 2.07992e-07
11.4 3.674e-07 4.50339e-07 1.97801e-08 2.3506e-07
11.425 4.19507e-07 5.03156e-07 1.93449e-08 2.6125e-07
11.45 4.70016e-07 5.53871e-07 1.86798e-08 2.86275e-07
11.475 5.18369e-07 6.0193e-07 1.77928e-08 3.09861e-07
11.5 5.64034e-07 6.46811e-07 1.66944e-08 3.31753e-07
11.525 6.06511e-07 6.88032e-07 1.53974e-08 3.51715e-07
11.55 6.45343e-07 7.25154e-07 1.39168e-08 3.69535e-07
11.575 6.80111e-07 7.57787e-07 1.22692e-08 3.85028e-07
11.6 7.10448e-07 7.85595e-07 1.04735e-08 3.98034e-07
11.625 7.36036e-07 8.08294e-07 8.54981e-09 4.08422e-07
11.65 7.56614e-07 8.25661e-07 6.51954e-09 4.1609e-07
11.675 7.71975e-07 8.37533e-07 4.40526e-09 4.20969e-07
11.7 7.81974e-07 8.43808e-07 2.23032e-09 4.23019e-07
11.725 7.86524e-07 8.44444e-07 1.85944e-11 4.22231e-07
11.75 7.85598e-07 8.39462e-07 -2.20574e-09 4.18628e-07
11.775 7.79229e-07 8.28946e-07 -4.41848e-09 4.12264e-07
11.8 7.67512e-07 8.13036e-07 -6.5957e-09 4.0322e-07
11.825 7.50596e-07 7.91931e-07 -8.71393e-09 3.91608e-07
11.85 7.28687e-07 7.65884e-07 -1.07505e-08 3.77567e-07
11.875 7.02045e-07 7.352e-07 -1.26836e-08 3.61258e-07
11.9 6.70977e-07 7.00232e-07 -1.44928e-08 3.42869e-07
11.925 6.35838e-07 6.61375e-07 -1.6159e-08 3.22608e-07
11.95 5.97024e-07 6.19064e-07 -1.76647e-08 3.007e-07
11.975 5.54969e-07 5.73769e-07 -1.89942e-08 2.77387e-07
12 5.10136e-07 5.25987e-07 -2.01336e-08 2.52926e-07
12.025 4.63019e-07 4.76238e-07 -2.10714e-08 2.27583e-07
12.05 4.14133e-07 4.25061e-07 -2.17979e-08 2.01632e-07
12.075 3.64005e-07 3.73007e-07 -2.23058e-08 1.7535e-07
12.1 3.13179e-07 3.20632e-07 -2.25902e-08 1.49021e-07
12.125 2.62198e-07 2.68493e-07 -2.26485e-08 1.22922e-07
12.15 2.11607e-07 2.17143e-07 -2.24805e-08 9.73313e-08
12.175 1.61945e-07 1.67122e-07 -2.20881e-08 7.25167e-08
12.2 1.13736e-07 1.18954e-07 -2.1476e-08 4.87388e-08
12.225 6.74911e-08 7.31426e-08 -2.06506e-08 2.6246e-08
12.25 2.36958e-08 3.01656e-08 -1.96209e-08 5.27233e-09
12.275 -1.71898e-08 -9.53115e-09 -1.83978e-08 -1.39645e-08
12.3 -5.47371e-08 -4.55361e-08 -1.69942e-08 -3.12651e-08
12.325 -8.85528e-08 -7.74763e-08 -1.54247e-08 -4.64505e-08
12.35 -1.18282e-07 -1.05021e-07 -1.37058e-08 -5.93634e-08
12.375 -1.43614e-07 -1.27884e-07 -1.18551e-08 -6.98697e-08
12.4 -1.64279e-07 -1.45827e-07 -9.89199e-09 -7.78594e-08
12.425 -1.80058e-07 -1.58659e-07 -7.83657e-09 -8.32478e-08
12.45 -1.90778e-07 -1.66241e-07 -5.71001e-09 -8.59758e-08
12.475 -1.96318e-07 -1.68486e-07 -3.53416e-09 -8.60101e-08
12.5 -1.96607e-07 -1.65356e-07 -1.33135e-09 -8.33437e-08
12.525 -1.91624e-07 -1.56867e-07 8.75829e-10 -7.79956e-08
12.55 -1.814e-07 -1.43084e-07 3.06473e-09 -7.00099e-08
12.575 -1.66015e-07 -1.24124e-07 5.21286e-09 -5.94557e-08
12.6 -1.456e-07 -1.00151e-07 7.29812e-09 -4.64263e-08
12.625 -1.20329e-07 -7.13737e-08 9.29898e-09 -3.10373e-08
12.65 -9.04253e-08 -3.80474e-08 1.11947e-08 -1.34263e-08
12.675 -5.61517e-08 -4.66864e-10 1.29655e-08 6.2493e-09
12.7 -1.78119e-08 4.10348e-08 1.45927e-08 2.78137e-08
12.725 2.42539e-08 8.609e-08 1.60589e-08 5.10745e-08
12.75 6.96727e-08 1.343e-07 1.73484e-08 7.58244e-08
12.775 1.18042e-07 1.85241e-07 1.84468e-08 1.01844e-07
12.8 1.68935e-07 2.38463e-07 1.93415e-08 1.28902e-07
12.825 2.21902e-07 2.93501e-07 2.00218e-08 1.56762e-07
12.85 2.76477e-07 3.49874e-07 2.04789e-08 1.85176e-07
12.875 3.32183e-07 4.07091e-07 2.07059e-08 2.13899e-07
12.9 3.88533e-07 4.64658e-07 2.06979e-08 2.42678e-07
12.925 4.45036e-07 5.22076e-07 2.04523e-08 2.71264e-07
12.95 5.01203e-07 5.78855e-07 1.99682e-08 2.99412e-07
12.975 5.56551e-07 6.34508e-07 1.92471e-08 3.26878e-07
13 6.10603e-07 6.88564e-07 1.82923e-08 3.53428e-07
13.025 6.62899e-07 7.40565e-07 1.71094e-08 3.78837e-07
13.05 7.12993e-07 7.90075e-07 1.57058e-08 4.0289e-07
13.075 7.60462e-07 8.36679e-07 1.40907e-08 4.25385e-07
13.1 8.04907e-07 8.79992e-07 1.22752e-08 4.46134e-07
13.125 8.45957e-07 9.19656e-07 1.02721e-08 4.64964e-07
13.15 8.83272e-07 9.55346e-07 8.09595e-09 4.81721e-07
13.175 9.16542e-07 9.86774e-07 5.76252e-09 4.96268e-07
13.2 9.45497e-07 1.01369e-06 3.28906e-09 5.08488e-07
13.225 9.69903e-07 1.03587e-06 6.94016e-10 5.18283e-07
13.25 9.89563e-07 1.05316e-06 -2.00314e-09 5.25576e-07
13.275 1.00432e-06 1.06541e-06 -4.78203e-09 5.30312e-07
13.3 1.01407e-06 1.07253e-06 -7.62154e-09 5.32455e-07
13.325 1.01874e-06 1.07449e-06 -1.05e-08 5.31994e-07
13.35 1.01829e-06 1.07127e-06 -1.33952e-08 5.28937e-07
13.375 1.01274e-06 1.06291e-06 -1.6285e-08 5.23314e-07
13.4 1.00214e-06 1.0495e-06 -1.91469e-08 5.15176e-07
13.425 9.86601e-07 1.03115e-06 -2.19585e-08 5.04594e-07
13.45 9.66244e-07 1.00801e-06 -2.46979e-08 4.91657e-07
13.475 9.41248e-07 9.80295e-07 -2.73433e-08 4.76476e-07
13.5 9.11824e-07 9.48228e-07 -2.98737e-08 4.59177e-07
13.525 8.78218e-07 9.12076e-07 -3.22687e-08 4.39904e-07
13.55 8.40708e-07 8.72139e-07 -3.45086e-08 4.18815e-07
13.575 7.99604e-07 8.28743e-07 -3.6575e-08 3.96084e-07
13.6 7.55242e-07 7.82243e-07 -3.84503e-08 3.71896e-07
13.625 7.07985e-07 7.33015e-07 -4.01182e-08 3.46449e-07
13.65 6.58218e-07 6.81459e-07 -4.15638e-08 3.19948e-07
13.675 6.06344e-07 6.27991e-07 -4.27733e-08 2.92609e-07
13.7 5.52782e-07 5.73041e-07 -4.37347e-08 2.64653e-07
13.725 4.97967e-07 5.1705e-07 -4.44372e-08 2.36306e-07
13.75 4.4234e-07 4.6047e-07 -4.48718e-08 2.07799e-07
13.775 3.86351e-07 4.03756e-07 -4.50311e-08 1.79362e-07
13.8 3.30454e-07 3.47365e-07 -4.49093e-08 1.51228e-07
13.825 2.75101e-07 2.91752e-07 -4.45023e-08 1.23625e-07
13.85 2.20744e-07 2.3737e-07 -4.38075e-08 9.67814e-08
13.875 1.67826e-07 1.84663e-07 -4.28243e-08 7.09196e-08
13.9 1.16785e-07 1.34066e-07 -4.15533e-08 4.62561e-08
13.925 6.80439e-08 8.59982e-08 -3.99972e-08 2.30005e-08
13.95 2.20142e-08 4.08672e-08 -3.816e-08 1.35358e-09
13.975 -2.09107e-08 -9.39521e-10 -3.60473e-08 -1.84934e-08
14 -6.03562e-08 -3.90542e-08 -3.36662e-08 -3.63602e-08
14.025 -9.5969e-08 -7.31314e-08 -3.10251e-08 -5.20783e-08
14.05 -1.27419e-07 -1.0285e-07 -2.81339e-08 -6.54919e-08
14.075 -1.54401e-07 -1.27914e-07 -2.50038e-08 -7.6459e-08
14.1 -1.76637e-07 -1.48056e-07 -2.16469e-08 -8.48517e-08
14.125 -1.93876e-07 -1.63037e-07 -1.80767e-08 -9.05569e-08
14.15 -2.05898e-07 -1.72647e-07 -1.43076e-08 -9.34771e-08
14.175 -2.12511e-07 -1.76706e-07 -1.03548e-08 -9.35305e-08
14.2 -2.13555e-07 -1.75068e-07 -6.23438e-09 -9.06512e-08
14.225 -2.08902e-07 -1.67616e-07 -1.96308e-09 -8.47895e-08
14.25 -1.98455e-07 -1.54266e-07 2.44176e-09 -7.59121e-08
14.275 -1.8215e-07 -1.34966e-07 6.96234e-09 -6.40018e-08
14.3 -1.59952e-07 -1.09695e-07 1.15805e-08 -4.90575e-08
14.325 -1.31861e-07 -7.84654e-08 1.62777e-08 -3.10939e-08
14.35 -9.79061e-08 -4.13179e-08 2.10355e-08 -1.01412e-08
14.375 -5.8147e-08 1.6751e-09 2.58351e-08 1.37551e-08
14.4 -1.26732e-08 5.04124e-08 3.06581e-08 4.05352e-08
14.425 3.83971e-08 1.04764e-07 3.54858e-08 7.01251e-08
14.45 9.49186e-08 1.64575e-07 4.03002e-08 1.02437e-07
14.475 1.56719e-07 2.29661e-07 4.50833e-08 1.37372e-07
14.5 2.23603e-07 2.99816e-07 4.98176e-08 1.74817e-07
14.525 2.9535e-07 3.74811e-07 5.44862e-08 2.14649e-07
14.55 3.71718e-07 4.54396e-07 5.90726e-08 2.56734e-07
14.575 4.52447e-07 5.38299e-07 6.35611e-08 3.0093e-07
14.6 5.37255e-07 6.26235e-07 6.79366e-08 3.47086e-07
14.625 6.25847e-07 7.17898e-07 7.21848e-08 3.95041e-07
14.65 7.17911e-07 8.12971e-07 7.62922e-08 4.44632e-07
14.675 8.13125e-07 9.11125e-07 8.02461e-08 4.95685e-07
14.7 9.11152e-07 1.01202e-06 8.40349e-08 5.48027e-07
14.725 1.01165e-06 1.1153e-06 8.76476e-08 6.01476e-07
14.75 1.11427e-06 1.22063e-06 9.10745e-08 6.55851e-07
14.775 1.21865e-06 1.32763e-06 9.43066e-08 7.10966e-07
14.8 1.32444e-06 1.43594e-06 9.73361e-08 7.66638e-07
14.825 1.43127e-06 1.54521e-06 1.00156e-07 8.22681e-07
14.85 1.53878e-06 1.65506e-06 1.02761e-07 8.78911e-07
14.875 1.64662e-06 1.76514e-06 1.05145e-07 9.35145e-07
14.9 1.75444e-06 1.8751e-06 1.07305e-07 9.91203e-07
14.925 1.86187e-06 1.98458e-06 1.09238e-07 1.04691e-06
14.95 1.96858e-06 2.09324e-06 1.10942e-07 1.10209e-06
14.975 2.07424e-06 2.20074e-06 1.12416e-07 1.15658e-06
15 2.17851e-06 2.30676e-06 1.1366e-07 1.21021e-06
15.025 2.28109e-06 2.41098e-06 1.14675e-07 1.26283e-06
15.05 2.38167e-06 2.51311e-06 1.15462e-07 1.31429e-06
15.075 2.47996e-06 2.61286e-06 1.16024e-07 1.36444e-06
15.1 2.57569e-06 2.70994e-06 1.16365e-07 1.41315e-06
15.125 2.66859e-06 2.8041e-06 1.16487e-07 1.46029e-06
15.15 2.75843e-06 2.8951e-06 1.16396e-07 1.50575e-06
15.175 2.84496e-06 2.9827e-06 1.16098e-07 1.5494e-06
15.2 2.92798e-06 3.0667e-06 1.15598e-07 1.59115e-06
15.225 3.00729e-06 3.1469e-06 1.14902e-07 1.6309e-06
15.25 3.08272e-06 3.22313e-06 1.14018e-07 1.66857e-06
15.275 3.15409e-06 3.29522e-06 1.12953e-07 1.70409e-06
15.3 3.22127e-06 3.36304e-06 1.11715e-07 1.73738e-06
15.325 3.28414e-06 3.42645e-06 1.10313e-07 1.76838e-06
15.35 3.34258e-06 3.48536e-06 1.08754e-07 1.79706e-06
15.375 3.3965e-06 3.53967e-06 1.07048e-07 1.82336e-06
15.4 3.44584e-06 3.58932e-06 1.05203e-07 1.84726e-06
15.425 3.49053e-06 3.63424e-06 1.0323e-07 1.86874e-06
15.45 3.53054e-06 3.67441e-06 1.01136e-07 1.88777e-06
15.475 3.56584e-06 3.7098e-06 9.89315e-08 1.90437e-06
15.5 3.59643e-06 3.74041e-06 9.66262e-08 1.91852e-06
15.525 3.62232e-06 3.76625e-06 9.42291e-08 1.93024e-06
15.55 3.64353e-06 3.78733e-06 9.17496e-08 1.93954e-06
15.575 3.6601e-06 3.80371e-06 8.91971e-08 1.94645e-06
15.6 3.67208e-06 3.81544e-06 8.65807e-08 1.95101e-06
15.625 3.67953e-06 3.82257e-06 8.39094e-08 1.95324e-06
15.65 3.68254e-06 3.82519e-06 8.1192e-08 1.95319e-06
15.675 3.68118e-06 3.82339e-06 7.84373e-08 1.95091e-06
15.7 3.67557e-06 3.81726e-06 7.56536e-08 1.94646e-06
15.725 3.6658e-06 3.80693e-06 7.2849e-08 1.93989e-06
15.75 3.65199e-06 3.79249e-06 7.00315e-08 1.93126e-06
15.775 3.63428e-06 3.77409e-06 6.72086e-08 1.92065e-06
15.8 3.61279e-06 3.75186e-06 6.43877e-08 1.90812e-06
15.825 3.58767e-06 3.72593e-06 6.15756e-08 1.89375e-06
15.85 3.55905e-06 3.69646e-06 5.87789e-08 1.87762e-06
15.875 3.5271e-06 3.66359e-06 5.6004e-08 1.8598e-06
15.9 3.49197e-06 3.62749e-06 5.32568e-08 1.84037e-06
15.925 3.45381e-06 3.58831e-06 5.05428e-08 1.81943e-06
15.95 3.41279e-06 3.54622e-06 4.78672e-08 1.79704e-06
15.975 3.36908e-06 3.50138e-06 4.52348e-08 1.77331e-06
16 3.32283e-06 3.45396e-06 4.26502e-08 1.74831e-06
16.025 3.27423e-06 3.40413e-06 4.01173e-08 1.72212e-06
16.05 3.22342e-06 3.35206e-06 3.764e-08 1.69485e-06
16.075 3.17059e-06 3.29791e-06 3.52216e-08 1.66657e-06
16.1 3.1159e-06 3.24186e-06 3.28652e-08 1.63736e-06
16.125 3.05951e-06 3.18406e-06 3.05734e-08 1.60732e-06
16.15 3.00158e-06 3.12468e-06 2.83486e-08 1.57652e-06
16.175 2.94228e-06 3.06389e-06 2.61929e-08 1.54504e-06
16.2 2.88176e-06 3.00185e-06 2.41078e-08 1.51298e-06
16.225 2.82018e-06 2.9387e-06 2.20949e-08 1.4804e-06
16.25 2.75769e-06 2.87461e-06 2.01551e-08 1.44738e-06
16.275 2.69444e-06 2.80971e-06 1.82894e-08 1.414e-06
16.3 2.63056e-06 2.74416e-06 1.64983e-08 1.38033e-06
16.325 2.5662e-06 2.6781e-06 1.47821e-08 1.34644e-06
16.35 2.50148e-06 2.61165e-06 1.31408e-08 1.3124e-06
16.375 2.43655e-06 2.54496e-06 1.15743e-08 1.27827e-06
16.4 2.37152e-06 2.47814e-06 1.0082e-08 1.24411e-06
16.425 2.30651e-06 2.41132e-06 8.66358e-09 1.20999e-06
16.45 2.24163e-06 2.3446e-06 7.31806e-09 1.17596e-06
16.475 2.17699e-06 2.27811e-06 6.04453e-09 1.14208e-06
16.5 2.11269e-06 2.21194e-06 4.84185e-09 1.10839e-06
16.525 2.04883e-06 2.14619e-06 3.70876e-09 1.07495e-06
16.55 1.9855e-06 2.08096e-06 2.64384e-09 1.0418e-06
16.575 1.92278e-06 2.01633e-06 1.64556e-09 1.00899e-06
16.6 1.86075e-06 1.95238e-06 7.12286e-10 9.76544e-07
16.625 1.79949e-06 1.88918e-06 -1.57718e-10 9.44513e-07
16.65 1.73907e-06 1.82682e-06 -9.66272e-10 9.12927e-07
16.675 1.67954e-06 1.76535e-06 -1.71527e-09 8.81819e-07
16.7 1.62097e-06 1.70484e-06 -2.40665e-09 8.51216e-07
16.725 1.56341e-06 1.64533e-06 -3.04243e-09 8.21145e-07
16.75 1.50691e-06 1.58688e-06 -3.62464e-09 7.9163e-07
16.775 1.4515e-06 1.52954e-06 -4.15537e-09 7.62692e-07
16.8 1.39723e-06 1.47334e-06 -4.63669e-09 7.3435e-07
16.825 1.34413e-06 1.41831e-06 -5.07072e-09 7.0662e-07
16.85 1.29223e-06 1.36449e-06 -5.45957e-09 6.79517e-07
16.875 1.24155e-06 1.31191e-06 -5.80534e-09 6.53053e-07
16.9 1.19212e-06 1.26059e-06 -6.11012e-09 6.27238e-07
16.925 1.14395e-06 1.21053e-06 -6.37601e-09 6.02079e-07
16.95 1.09704e-06 1.16177e-06 -6.60504e-09 5.77583e-07
16.975 1.05142e-06 1.11431e-06 -6.79925e-09 5.53754e-07
17 1.00709e-06 1.06815e-06 -6.96063e-09 5.30595e-07
17.025 9.64051e-07 1.0233e-06 -7.09114e-09 5.08107e-07
17.05 9.22298e-07 9.7977e-07 -7.19267e-09 4.86289e-07
17.075 8.81831e-07 9.37544e-07 -7.2671e-09 4.65138e-07
17.1 8.42644e-07 8.96622e-07 -7.31625e-09 4.44653e-07
17.125 8.04728e-07 8.56997e-07 -7.34186e-09 4.24827e-07
17.15 7.68073e-07 8.18658e-07 -7.34565e-09 4.05656e-07
17.175 7.32665e-07 7.81595e-07 -7.32928e-09 3.87133e-07
17.2 6.98489e-07 7.45792e-07 -7.29432e-09 3.69249e-07
17.225 6.65529e-07 7.11234e-07 -7.24231e-09 3.51996e-07
17.25 6.33765e-07 6.77903e-07 -7.17472e-09 3.35364e-07
17.275 6.03179e-07 6.45779e-07 -7.09297e-09 3.19343e-07
17.3 5.73748e-07 6.14843e-07 -6.99839e-09 3.03922e-07
17.325 5.45451e-07 5.85071e-07 -6.89227e-09 2.89089e-07
17.35 5.18263e-07 5.56442e-07 -6.77584e-09 2.74833e-07
17.375 4.92161e-07 5.2893e-07 -6.65026e-09 2.6114e-07
17.4 4.67119e-07 5.02511e-07 -6.51662e-09 2.47997e-07
17.425 4.4311e-07 4.7716e-07 -6.37597e-09 2.35392e-07
17.45 4.20109e-07 4.52849e-07 -6.2293e-09 2.2331e-07
17.475 3.98089e-07 4.29553e-07 -6.07751e-09 2.11738e-07
17.5 3.77022e-07 4.07243e-07 -5.92149e-09 2.00661e-07
17.525 3.5688e-07 3.85893e-07 -5.76203e-09 1.90065e-07
17.55 3.37637e-07 3.65474e-07 -5.59991e-09 1.79937e-07
17.575 3.19264e-07 3.45959e-07 -5.43582e-09 1.70262e-07
17.6 3.01733e-07 3.2732e-07 -5.27042e-09 1.61025e-07
17.625 2.85017e-07 3.09528e-07 -5.10431e-09 1.52212e-07
17.65 2.69088e-07 2.92556e-07 -4.93805e-09 1.43809e-07
17.675 2.53918e-07 2.76377e-07 -4.77216e-09 1.35802e-07
17.7 2.39482e-07 2.60963e-07 -4.6071e-09 1.28178e-07
17.725 2.25751e-07 2.46286e-07 -4.44331e-09 1.20921e-07
17.75 2.127e-07 2.3232e-07 -4.28117e-09 1.1402e-07
17.775 2.00302e-07 2.19039e-07 -4.12103e-09 1.07459e-07
17.8 1.88533e-07 2.06417e-07 -3.9632e-09 1.01227e-07
17.825 1.77366e-07 1.94428e-07 -3.80798e-09 9.53098e-08
17.85 1.66778e-07 1.83046e-07 -3.65559e-09 8.96953e-08
17.875 1.56745e-07 1.72248e-07 -3.50627e-09 8.4371e-08
17.9 1.47243e-07 1.6201e-07 -3.3602e-09 7.93248e-08
17.925 1.38249e-07 1.52307e-07 -3.21755e-09 7.4545e-08
17.95 1.29741e-07 1.43118e-07 -3.07844e-09 7.002e-08
17.975 1.21697e-07 1.3442e-07 -2.943e-09 6.57386e-08
18 1.14097e-07 1.26191e-07 -2.81131e-09 6.16901e-08
18.025 1.0692e-07 1.18411e-07 -2.68345e-09 5.78638e-08
18.05 1.00146e-07 1.11059e-07 -2.55947e-09 5.42497e-08
18.075 9.3757e-08 1.04115e-07 -2.43941e-09 5.08377e-08
18.1 8.77336e-08 9.75599e-08 -2.32327e-09 4.76183e-08
18.125 8.20582e-08 9.13757e-08 -2.21107e-09 4.45823e-08
18.15 7.67138e-08 8.55444e-08 -2.1028e-09 4.17208e-08
18.175 7.16837e-08 8.00488e-08 -1.99844e-09 3.90252e-08
18.2 6.6952e-08 7.48723e-08 -1.89795e-09 3.64872e-08
18.225 6.25036e-08 6.99989e-08 -1.80128e-09 3.40988e-08
18.25 5.83235e-08 6.54133e-08 -1.7084e-09 3.18524e-08
18.275 5.43978e-08 6.11007e-08 -1.61924e-09 2.97407e-08
18.3 5.0713e-08 5.7047e-08 -1.53373e-09 2.77566e-08
18.325 4.7256e-08 5.32386e-08 -1.4518e-09 2.58934e-08
18.35 4.40145e-08 4.96624e-08 -1.37338e-09 2.41445e-08
18.375 4.09766e-08 4.6306e-08 -1.29837e-09 2.25038e-08
18.4 3.81311e-08 4.31575e-08 -1.2267e-09 2.09654e-08
18.425 3.54671e-08 4.02055e-08 -1.15828e-09 1.95236e-08
18.45 3.29743e-08 3.74391e-08 -1.09301e-09 1.8173e-08
18.475 3.06429e-08 3.48479e-08 -1.0308e-09 1.69085e-08
18.5 2.84636e-08 3.2422e-08 -9.7155e-10 1.57252e-08
18.525 2.64274e-08 3.01519e-08 -9.15169e-10 1.46184e-08
18.55 2.4526e-08 2.80288e-08 -8.61559e-10 1.35836e-08
18.575 2.27512e-08 2.6044e-08 -8.10623e-10 1.26167e-08
18.6 2.10956e-08 2.41895e-08 -7.62263e-10 1.17136e-08
18.625 1.95518e-08 2.24574e-08 -7.16383e-10 1.08705e-08
18.65 1.8113e-08 2.08406e-08 -6.72887e-10 1.00839e-08
18.675 1.67727e-08 1.9332e-08 -6.31682e-10 9.35015e-09
18.7 1.55248e-08 1.79251e-08 -5.92674e-10 8.66619e-09
18.725 1.43635e-08 1.66135e-08 -5.55772e-10 8.02889e-09
18.75 1.32833e-08 1.53916e-08 -5.20886e-10 7.43534e-09
18.775 1.2279e-08 1.42535e-08 -4.87928e-10 6.8828e-09
18.8 1.13457e-08 1.31942e-08 -4.56813e-10 6.36868e-09
18.825 1.04788e-08 1.22085e-08 -4.27456e-10 5.89051e-09
18.85 9.67403e-09 1.12918e-08 -3.99777e-10 5.446e-09
18.875 8.92723e-09 1.04396e-08 -3.73696e-10 5.03296e-09
18.9 8.23456e-09 9.64782e-09 -3.49136e-10 4.64934e-09
18.925 7.59239e-09 8.91244e-09 -3.26024e-10 4.29321e-09
18.95 6.99733e-09 8.22975e-09 -3.04287e-10 3.96273e-09
18.975 6.44618e-09 7.59628e-09 -2.83856e-10 3.65621e-09
19 5.93593e-09 7.00873e-09 -2.64664e-10 3.37203e-09
19.025 5.46376e-09 6.46402e-09 -2.46648e-10 3.10869e-09
19.05 5.02704e-09 5.95925e-09 -2.29744e-10 2.86475e-09
19.075 4.62329e-09 5.49169e-09 -2.13893e-10 2.6389e-09
19.1 4.25019e-09 5.0588e-09 -1.99039e-10 2.42988e-09
19.125 3.90556e-09 4.65817e-09 -1.85127e-10 2.23652e-09
19.15 3.58739e-09 4.28757e-09 -1.72105e-10 2.05773e-09
19.175 3.29377e-09 3.94489e-09 -1.59922e-10 1.89248e-09
19.2 3.02293e-09 3.62816e-09 -1.4853e-10 1.73981e-09
19.225 2.77321e-09 3.33555e-09 -1.37885e-10 1.59883e-09
19.25 2.54307e-09 3.06533e-09 -1.27943e-10 1.4687e-09
19.275 2.33108e-09 2.81591e-09 -1.18662e-10 1.34862e-09
19.3 2.13588e-09 2.58576e-09 -1.10003e-10 1.23788e-09
19.325 1.95622e-09 2.37351e-09 -1.01929e-10 1.13579e-09
19.35 1.79094e-09 2.17783e-09 -9.44045e-11 1.04171e-09
19.375 1.63896e-09 1.99751e-09 -8.73952e-11 9.55056e-10
19.4 1.49927e-09 1.83141e-09 -8.08696e-11 8.7527e-10
19.425 1.37093e-09 1.67848e-09 -7.47974e-11 8.0184e-10
19.45 1.25307e-09 1.53772e-09 -6.915e-11 7.34287e-10
19.475 1.14487e-09 1.40823e-09 -6.39004e-11 6.72167e-10
19.5 1.0456e-09 1.28916e-09 -5.9023e-11 6.15067e-10
19.525 9.54551e-10 1.1797e-09 -5.44938e-11 5.62602e-10
19.55 8.71081e-10 1.07912e-09 -5.02899e-11 5.14417e-10
19.575 7.94592e-10 9.86749e-10 -4.639e-11 4.70179e-10
19.6 7.24529e-10 9.0194e-10 -4.27738e-11 4.29583e-10
19.625 6.6038e-10 8.2411e-10 -3.94223e-11 3.92344e-10
19.65 6.01672e-10 7.52713e-10 -3.63177e-11 3.58197e-10
19.675 5.47965e-10 6.87243e-10 -3.34432e-11 3.269e-10
19.7 4.98854e-10 6.27233e-10 -3.07831e-11 2.98225e-10
19.725 4.53965e-10 5.72249e-10 -2.83224e-11 2.71963e-10
19.75 4.12952e-10 5.21891e-10 -2.60473e-11 2.47922e-10
19.775 3.75496e-10 4.75787e-10 -2.39448e-11 2.25921e-10
19.8 3.41303e-10 4.33596e-10 -2.20028e-11 2.05796e-10
19.825 3.10102e-10 3.94999e-10 -2.02098e-11 1.87395e-10
19.85 2.81642e-10 3.59706e-10 -1.85551e-11 1.70575e-10
19.875 2.55695e-10 3.27446e-10 -1.70289e-11 1.55208e-10
19.9 2.32047e-10 2.97969e-10 -1.56217e-11 1.41174e-10
19.925 2.10504e-10 2.71047e-10 -1.43248e-11 1.28361e-10
19.95 1.90887e-10 2.46467e-10 -1.31302e-11 1.16668e-10
19.975 1.7303e-10 2.24034e-10 -1.20303e-11 1.06002e-10
20 1.56783e-10 2.03569e-10 -1.10181e-11 9.62756e-11
