0 1.26953e-08 1.15741e-08 -4.21384e-10 5.57638e-09
0.025 1.26953e-08 1.15741e-08 -4.21384e-10 5.57638e-09
0.05 2.02922e-07 1.85006e-07 -6.73598e-09 8.91349e-08
0.075 1.02558e-06 9.35071e-07 -3.4049e-08 4.50511e-07
0.1 3.23381e-06 2.94857e-06 -1.07382e-07 1.42059e-06
0.125 7.87142e-06 7.17763e-06 -2.61446e-07 3.45809e-06
0.15 1.62625e-05 1.48304e-05 -5.40319e-07 7.14505e-06
0.175 2.99982e-05 2.73594e-05 -9.97049e-07 1.31812e-05
0.2 5.09208e-05 4.64469e-05 -1.69316e-06 2.23769e-05
0.225 8.11051e-05 7.39891e-05 -2.69811e-06 3.56455e-05
0.25 0.000122838 0.000112077 -4.0886e-06 5.39943e-05
0.275 0.000178594 0.000162976 -5.94794e-06 7.85142e-05
0.3 0.000251013 0.000229105 -8.36523e-06 0.00011037
0.325 0.000342871 0.000313008 -1.14345e-05 0.000150787
0.35 0.000457054 0.000417336 -1.52541e-05 0.000201041
0.375 0.000596525 0.000544815 -1.99252e-05 0.000262445
0.4 0.000764298 0.00069822 -2.55516e-05 0.000336334
0.425 0.000963405 0.00088035 -3.22382e-05 0.000424056
0.45 0.00119686 0.001094 -4.00901e-05 0.000526953
0.475 0.00146765 0.00134191 -4.9212e-05 0.000646351
0.5 0.00177865 0.0016268 -5.97065e-05 0.000783546
0.525 0.00213266 0.00195125 -7.16739e-05 0.00093979
0.55 0.00253234 0.00231776 -8.52105e-05 0.00111628
0.575 0.00298016 0.00272867 -0.000100408 0.00131413
0.6 0.00347841 0.00318615 -0.000117353 0.0015344
0.625 0.00402917 0.00369217 -0.000136126 0.00177802
0.65 0.00463425 0.00424851 -0.000156798 0.00204585
0.675 0.00529521 0.00485668 -0.000179435 0.00233862
0.7 0.00601331 0.00551795 -0.000204093 0.00265693
0.725 0.00678951 0.00623333 -0.000230817 0.00300126
0.75 0.00762445 0.00700352 -0.000259645 0.00337194
0.775 0.0085184 0.00782892 -0.000290602 0.00376916
0.8 0.00947134 0.00870965 -0.000323704 0.00419297
0.825 0.0104828 0.00964548 -0.000358953 0.00464326
0.85 0.0115521 0.0106359 -0.000396343 0.00511976
0.875 0.0126781 0.0116799 -0.000435854 0.00562204
0.9 0.0138593 0.0127765 -0.000477453 0.00614953
0.925 0.0150937 0.013924 -0.000521098 0.00670147
0.95 0.0163793 0.0151207 -0.000566734 0.007277
0.975 0.0177135 0.0163644 -0.000614293 0.00787505
1 0.0190934 0.0176526 -0.000663697 0.00849444
1.025 0.0205159 0.0189825 -0.000714857 0.00913385
1.05 0.0219773 0.0203513 -0.000767671 0.0097918
1.075 0.0234741 0.0217555 -0.000822031 0.0104667
1.1 0.025002 0.0231916 -0.000877814 0.0111569
1.125 0.0265569 0.024656 -0.000934893 0.0118605
1.15 0.0281343 0.0261445 -0.000993128 0.0125757
1.175 0.0297295 0.0276531 -0.00105237 0.0133004
1.2 0.0313377 0.0291776 -0.00111248 0.0140325
1.225 0.0329539 0.0307133 -0.00117328 0.01477
1.25 0.034573 0.0322559 -0.00123461 0.0155106
1.275 0.03619 0.0338006 -0.00129631 0.0162521
1.3 0.0377996 0.0353427 -0.0013582 0.0169923
1.325 0.0393966 0.0368776 -0.00142011 0.0177288
1.35 0.0409758 0.0384005 -0.00148185 0.0184593
1.375 0.0425322 0.0399067 -0.00154325 0.0191817
1.4 0.0440607 0.0413915 -0.00160414 0.0198937
1.425 0.0455562 0.0428503 -0.00166432 0.020593
1.45 0.0470139 0.0442787 -0.00172363 0.0212775
1.475 0.0484293 0.0456721 -0.00178189 0.0219451
1.5 0.0497977 0.0470264 -0.00183894 0.0225937
1.525 0.0511148 0.0483374 -0.00189459 0.0232214
1.55 0.0523766 0.0496013 -0.00194871 0.0238263
1.575 0.0535793 0.0508142 -0.00200112 0.0244066
1.6 0.0547192 0.0519728 -0.00205168 0.0249606
1.625 0.055793 0.0530737 -0.00210025 0.0254867
1.65 0.0567977 0.0541138 -0.0021467 0.0259835
1.675 0.0577307 0.0550904 -0.00219089 0.0264497
1.7 0.0585894 0.0560009 -0.00223271 0.0268841
1.725 0.0593718 0.056843 -0.00227206 0.0272855
1.75 0.0600761 0.0576149 -0.00230882 0.027653
1.775 0.0607009 0.0583147 -0.00234292 0.0279859
1.8 0.0612449 0.0589411 -0.00237428 0.0282834
1.825 0.0617076 0.0594929 -0.00240282 0.028545
1.85 0.0620883 0.0599693 -0.00242849 0.0287704
1.875 0.0623868 0.0603696 -0.00245124 0.0289592
1.9 0.0626035 0.0606937 -0.00247103 0.0291113
1.925 0.0627386 0.0609415 -0.00248784 0.0292268
1.95 0.062793 0.0611132 -0.00250165 0.0293058
1.975 0.0627676 0.0612093 -0.00251244 0.0293485
2 0.0626638 0.0612307 -0.00252023 0.0293552
2.025 0.0624832 0.0611783 -0.00252503 0.0293267
2.05 0.0622275 0.0610534 -0.00252686 0.0292633
2.075 0.0618987 0.0608574 -0.00252575 0.0291658
2.1 0.0614991 0.0605919 -0.00252174 0.0290351
2.125 0.0610311 0.0602588 -0.00251488 0.028872
2.15 0.0604973 0.0598602 -0.00250523 0.0286775
2.175 0.0599004 0.0593983 -0.00249285 0.0284527
2.2 0.0592435 0.0588753 -0.00247782 0.0281987
2.225 0.0585294 0.0582937 -0.00246021 0.0279167
2.25 0.0577613 0.0576562 -0.00244011 0.027608
2.275 0.0569424 0.0569655 -0.00241761 0.0272739
2.3 0.056076 0.0562243 -0.0023928 0.0269157
2.325 0.0551654 0.0554355 -0.00236578 0.0265349
2.35 0.054214 0.0546021 -0.00233666 0.0261327
2.375 0.0532251 0.053727 -0.00230554 0.0257107
2.4 0.0522021 0.0528132 -0.00227253 0.0252704
2.425 0.0511485 0.0518638 -0.00223776 0.024813
2.45 0.0500674 0.0508819 -0.00220133 0.0243403
2.475 0.0489623 0.0498703 -0.00216335 0.0238535
2.5 0.0478363 0.0488322 -0.00212395 0.0233541
2.525 0.0466927 0.0477705 -0.00208325 0.0228436
2.55 0.0455345 0.0466882 -0.00204136 0.0223234
2.575 0.0443648 0.0455882 -0.0019984 0.0217949
2.6 0.0431865 0.0444733 -0.00195449 0.0212594
2.625 0.0420023 0.0433462 -0.00190973 0.0207182
2.65 0.0408151 0.0422098 -0.00186426 0.0201728
2.675 0.0396274 0.0410665 -0.00181818 0.0196242
2.7 0.0384417 0.039919 -0.00177159 0.0190737
2.725 0.0372603 0.0387696 -0.00172462 0.0185225
2.75 0.0360855 0.0376208 -0.00167735 0.0179717
2.775 0.0349193 0.0364746 -0.0016299 0.0174224
2.8 0.0337638 0.0353334 -0.00158236 0.0168755
2.825 0.0326207 0.034199 -0.00153483 0.0163321
2.85 0.0314917 0.0330734 -0.00148739 0.015793
2.875 0.0303785 0.0319584 -0.00144014 0.0152591
2.9 0.0292825 0.0308556 -0.00139315 0.0147312
2.925 0.0282049 0.0297667 -0.00134651 0.0142101
2.95 0.0271469 0.0286931 -0.00130029 0.0136964
2.975 0.0261096 0.0276361 -0.00125456 0.0131908
3 0.025094 0.0265971 -0.00120939 0.0126938
3.025 0.0241009 0.0255769 -0.00116484 0.0122061
3.05 0.0231309 0.0245768 -0.00112097 0.0117279
3.075 0.0221847 0.0235976 -0.00107782 0.0112599
3.1 0.0212628 0.0226401 -0.00103545 0.0108023
3.125 0.0203656 0.021705 -0.000993902 0.0103556
3.15 0.0194933 0.020793 -0.000953214 0.00991987
3.175 0.0186462 0.0199044 -0.000913423 0.00949547
3.2 0.0178245 0.0190397 -0.00087456 0.00908257
3.225 0.0170281 0.0181993 -0.000836652 0.00868131
3.25 0.0162571 0.0173833 -0.000799723 0.00829181
3.275 0.0155114 0.0165921 -0.000763793 0.00791414
3.3 0.0147908 0.0158255 -0.000728877 0.00754832
3.325 0.0140951 0.0150837 -0.000694989 0.00719438
3.35 0.013424 0.0143667 -0.000662136 0.00685226
3.375 0.0127773 0.0136742 -0.000630326 0.00652192
3.4 0.0121545 0.0130061 -0.00059956 0.00620327
3.425 0.0115553 0.0123622 -0.000569839 0.00589619
3.45 0.0109793 0.0117423 -0.00054116 0.00560055
3.475 0.010426 0.0111459 -0.000513516 0.00531619
3.5 0.00989483 0.0105728 -0.000486901 0.00504293
3.525 0.00938538 0.0100224 -0.000461303 0.00478057
3.55 0.00889708 0.00949452 -0.00043671 0.00452891
3.575 0.00842939 0.00898852 -0.000413109 0.00428771
3.6 0.00798175 0.00850396 -0.000390482 0.00405674
3.625 0.00755359 0.00804031 -0.000368813 0.00383575
3.65 0.00714433 0.00759704 -0.000348081 0.00362448
3.675 0.0067534 0.0071736 -0.000328267 0.00342267
3.7 0.0063802 0.00676944 -0.000309349 0.00323004
3.725 0.00602416 0.00638396 -0.000291304 0.00304633
3.75 0.00568469 0.0060166 -0.000274108 0.00287124
3.775 0.00536122 0.00566676 -0.000257738 0.00270451
3.8 0.00505317 0.00533386 -0.000242169 0.00254585
3.825 0.00475999 0.00501731 -0.000227376 0.00239497
3.85 0.00448111 0.00471652 -0.000213332 0.00225159
3.875 0.00421599 0.00443091 -0.000200013 0.00211545
3.9 0.0039641 0.00415991 -0.000187392 0.00198626
3.925 0.0037249 0.00390293 -0.000175443 0.00186374
3.95 0.00349789 0.00365943 -0.000164141 0.00174764
3.975 0.00328257 0.00342885 -0.00015346 0.00163769
4 0.00307845 0.00321065 -0.000143374 0.00153364
4.025 0.00288506 0.0030043 -0.000133858 0.00143522
4.05 0.00270193 0.00280929 -0.000124888 0.0013422
4.075 0.00252863 0.00262511 -0.00011644 0.00125434
4.1 0.00236472 0.00245128 -0.000108489 0.0011714
4.125 0.00220978 0.00228733 -0.000101012 0.00109316
4.15 0.00206342 0.00213279 -9.39865e-05 0.0010194
4.175 0.00192525 0.00198721 -8.73909e-05 0.000949911
4.2 0.00179488 0.00185018 -8.12035e-05 0.00088449
4.225 0.00167196 0.00172128 -7.54035e-05 0.000822939
4.25 0.00155614 0.00160011 -6.99709e-05 0.000765069
4.275 0.00144708 0.00148628 -6.48864e-05 0.000710698
4.3 0.00134446 0.00137943 -6.01314e-05 0.00065965
4.325 0.00124798 0.0012792 -5.56878e-05 0.000611758
4.35 0.00115733 0.00118526 -5.15385e-05 0.00056686
4.375 0.00107222 0.00109727 -4.7667e-05 0.0005248
4.4 0.000992391 0.00101492 -4.40575e-05 0.000485431
4.425 0.000917567 0.000937915 -4.06949e-05 0.00044861
4.45 0.000847497 0.000865967 -3.75648e-05 0.000414201
4.475 0.000781938 0.000798801 -3.46533e-05 0.000382074
4.5 0.000720657 0.000736154 -3.19475e-05 0.000352103
4.525 0.000663428 0.000677776 -2.94348e-05 0.000324171
4.55 0.000610039 0.000623427 -2.71034e-05 0.000298162
4.575 0.000560281 0.000572878 -2.4942e-05 0.000273968
4.6 0.000513958 0.000525909 -2.294e-05 0.000251485
4.625 0.000470879 0.000482312 -2.10872e-05 0.000230612
4.65 0.000430863 0.000441887 -1.93741e-05 0.000211257
4.675 0.000393737 0.000404444 -1.77915e-05 0.000193326
4.7 0.000359332 0.000369801 -1.63309e-05 0.000176735
4.725 0.000327489 0.000337785 -1.49841e-05 0.0001614
4.75 0.000298055 0.000308231 -1.37435e-05 0.000147244
4.775 0.000270885 0.000280981 -1.26018e-05 0.00013419
4.8 0.000245837 0.000255886 -1.15522e-05 0.000122167
4.825 0.000222778 0.000232804 -1.05882e-05 0.000111108
4.85 0.000201581 0.000211598 -9.70363e-06 0.000100947
4.875 0.000182123 0.000192141 -8.89288e-06 9.16243e-05
4.9 0.000164289 0.000174311 -8.15047e-06 8.30802e-05
4.925 0.000147969 0.000157991 -7.47132e-06 7.52597e-05
4.95 0.000133056 0.000143072 -6.85062e-06 6.81105e-05
4.975 0.000119452 0.00012945 -6.28386e-06 6.1583e-05
5 0.000107061 0.000117028 -5.76681e-06 5.56305e-05
5.025 9.57952e-05 0.000105713 -5.29547e-06 5.02087e-05
5.05 8.55683e-05 9.54186e-05 -4.86612e-06 4.52762e-05
5.075 7.63008e-05 8.60633e-05 -4.47526e-06 4.0794e-05
5.1 6.79173e-05 7.75704e-05 -4.11961e-06 3.67254e-05
5.125 6.03471e-05 6.98687e-05 -3.79612e-06 3.30363e-05
5.15 5.35236e-05 6.28911e-05 -3.50191e-06 2.96946e-05
5.175 4.73845e-05 5.65756e-05 -3.23434e-06 2.66706e-05
5.2 4.18717e-05 5.08645e-05 -2.99093e-06 2.39368e-05
5.225 3.69309e-05 4.57041e-05 -2.76939e-06 2.14674e-05
5.25 3.25116e-05 4.1045e-05 -2.56758e-06 1.92387e-05
5.275 2.8567e-05 3.68417e-05 -2.38356e-06 1.72291e-05
5.3 2.50538e-05 3.30523e-05 -2.2155e-06 1.54184e-05
5.325 2.1932e-05 2.96384e-05 -2.06175e-06 1.37883e-05
5.35 1.91647e-05 2.6565e-05 -1.92081e-06 1.23221e-05
5.375 1.67181e-05 2.38e-05 -1.79128e-06 1.10044e-05
5.4 1.45612e-05 2.13147e-05 -1.67191e-06 9.82139e-06
5.425 1.26658e-05 1.90827e-05 -1.56157e-06 8.76055e-06
5.45 1.1006e-05 1.70803e-05 -1.45925e-06 7.81052e-06
5.475 9.55843e-06 1.52862e-05 -1.36403e-06 6.96108e-06
5.5 8.30177e-06 1.36812e-05 -1.27511e-06 6.20307e-06
5.525 7.21678e-06 1.22482e-05 -1.19177e-06 5.52823e-06
5.55 6.28607e-06 1.09718e-05 -1.11339e-06 4.92919e-06
5.575 5.49396e-06 9.8381e-06 -1.03943e-06 4.39934e-06
5.6 4.8263e-06 8.83488e-06 -9.69419e-07 3.93273e-06
5.625 4.27035e-06 7.95107e-06 -9.02962e-07 3.52405e-06
5.65 3.81464e-06 7.17675e-06 -8.39725e-07 3.16851e-06
5.675 3.44881e-06 6.503e-06 -7.79432e-07 2.86178e-06
5.7 3.16351e-06 5.92173e-06 -7.21858e-07 2.59994e-06
5.725 2.9503e-06 5.42558e-06 -6.66823e-07 2.37938e-06
5.75 2.80147e-06 5.00779e-06 -6.14187e-07 2.1968e-06
5.775 2.71002e-06 4.66209e-06 -5.63842e-07 2.04912e-06
5.8 2.66952e-06 4.38264e-06 -5.15714e-07 1.93346e-06
5.825 2.67403e-06 4.16391e-06 -4.69748e-07 1.84708e-06
5.85 2.71805e-06 4.00063e-06 -4.25911e-07 1.78736e-06
5.875 2.79645e-06 3.88775e-06 -3.84186e-07 1.75178e-06
5.9 2.9044e-06 3.82034e-06 -3.44565e-07 1.73789e-06
5.925 3.03733e-06 3.79362e-06 -3.07049e-07 1.74328e-06
5.95 3.1909e-06 3.80288e-06 -2.71642e-07 1.76562e-06
5.975 3.36098e-06 3.84349e-06 -2.38349e-07 1.80257e-06
6 3.5436e-06 3.91089e-06 -2.07173e-07 1.85186e-06
6.025 3.73497e-06 4.00059e-06 -1.78115e-07 1.91124e-06
6.05 3.93144e-06 4.10816e-06 -1.51168e-07 1.9785e-06
6.075 4.12952e-06 4.22929e-06 -1.26317e-07 2.05148e-06
6.1 4.32587e-06 4.35973e-06 -1.03542e-07 2.12809e-06
6.125 4.51732e-06 4.49539e-06 -8.28092e-08 2.20629e-06
6.15 4.70088e-06 4.63233e-06 -6.40768e-08 2.28413e-06
6.175 4.87372e-06 4.76677e-06 -4.72923e-08 2.35974e-06
6.2 5.03323e-06 4.89517e-06 -3.23926e-08 2.43139e-06
6.225 5.17701e-06 5.01421e-06 -1.93047e-08 2.49745e-06
6.25 5.30291e-06 5.12082e-06 -7.94594e-09 2.55644e-06
6.275 5.40899e-06 5.21225e-06 1.77502e-09 2.60701e-06
6.3 5.49361e-06 5.28605e-06 9.95752e-09 2.648e-06
6.325 5.55538e-06 5.3401e-06 1.67077e-08 2.67841e-06
6.35 5.59322e-06 5.37267e-06 2.21371e-08 2.6974e-06
6.375 5.60634e-06 5.38234e-06 2.6362e-08 2.70435e-06
6.4 5.59422e-06 5.36811e-06 2.95011e-08 2.69881e-06
6.425 5.5567e-06 5.32936e-06 3.16749e-08 2.68052e-06
6.45 5.49387e-06 5.26581e-06 3.3004e-08 2.64941e-06
6.475 5.40616e-06 5.1776e-06 3.36078e-08 2.6056e-06
6.5 5.29426e-06 5.06521e-06 3.36028e-08 2.5494e-06
6.525 5.15915e-06 4.92947e-06 3.31017e-08 2.48128e-06
6.55 5.00208e-06 4.77154e-06 3.22122e-08 2.40188e-06
6.575 4.82454e-06 4.5929e-06 3.10355e-08 2.31197e-06
6.6 4.62824e-06 4.39528e-06 2.96658e-08 2.21248e-06
6.625 4.41509e-06 4.18068e-06 2.8189e-08 2.10444e-06
6.65 4.18719e-06 3.9513e-06 2.66824e-08 1.98899e-06
6.675 3.94674e-06 3.70951e-06 2.52139e-08 1.86736e-06
6.7 3.6961e-06 3.45783e-06 2.38414e-08 1.74083e-06
6.725 3.43768e-06 3.19886e-06 2.26132e-08 1.61073e-06
6.75 3.17395e-06 2.93526e-06 2.15673e-08 1.47841e-06
6.775 2.9074e-06 2.66973e-06 2.07317e-08 1.34523e-06
6.8 2.64047e-06 2.40491e-06 2.01246e-08 1.21252e-06
6.825 2.37561e-06 2.1434e-06 1.97549e-08 1.08158e-06
6.85 2.11512e-06 1.8877e-06 1.96223e-08 9.5366e-07
6.875 1.86125e-06 1.64016e-06 1.97183e-08 8.29942e-07
6.9 1.61607e-06 1.403e-06 2.0027e-08 7.11513e-07
6.925 1.38152e-06 1.17821e-06 2.05253e-08 5.99366e-07
6.95 1.15933e-06 9.67573e-07 2.11844e-08 4.94379e-07
6.975 9.51047e-07 7.72649e-07 2.19706e-08 3.9731e-07
7 7.57985e-07 5.94727e-07 2.28461e-08 3.08786e-07
7.025 5.81235e-07 4.34832e-07 2.37702e-08 2.29301e-07
7.05 4.21646e-07 2.93715e-07 2.47003e-08 1.59208e-07
7.075 2.7982e-07 1.71846e-07 2.55928e-08 9.87195e-08
7.1 1.56115e-07 6.9416e-08 2.64045e-08 4.79102e-08
7.125 5.06418e-08 -1.36578e-08 2.70929e-08 6.71754e-09
7.15 -3.67279e-08 -7.77228e-08 2.76177e-08 -2.50526e-08
7.175 -1.06353e-07 -1.23379e-07 2.79413e-08 -4.77186e-08
7.2 -1.5881e-07 -1.51461e-07 2.803e-08 -6.17153e-08
7.225 -1.9488e-07 -1.6302e-07 2.78539e-08 -6.75832e-08
7.25 -2.15532e-07 -1.59303e-07 2.73883e-08 -6.59571e-08
7.275 -2.21897e-07 -1.41722e-07 2.66139e-08 -5.75539e-08
7.3 -2.15256e-07 -1.11834e-07 2.55167e-08 -4.31584e-08
7.325 -1.97008e-07 -7.13081e-08 2.40893e-08 -2.36094e-08
7.35 -1.68648e-07 -2.18998e-08 2.23298e-08 2.1499e-10
7.375 -1.31744e-07 3.45822e-08 2.0243e-08 2.74126e-08
7.4 -8.79107e-08 9.63038e-08 1.78395e-08 5.70716e-08
7.425 -3.87795e-08 1.61435e-07 1.51358e-08 8.82856e-08
7.45 1.40218e-08 2.28181e-07 1.21544e-08 1.20168e-07
7.475 6.88964e-08 2.94804e-07 8.92264e-09 1.51863e-07
7.5 1.24301e-07 3.59655e-07 5.47298e-09 1.82564e-07
7.525 1.78768e-07 4.21193e-07 1.84205e-09 2.11517e-07
7.55 2.30927e-07 4.78008e-07 -1.92983e-09 2.38039e-07
7.575 2.7952e-07 5.28841e-07 -5.79928e-09 2.61521e-07
7.6 3.2342e-07 5.72595e-07 -9.72061e-09 2.81437e-07
7.625 3.61646e-07 6.08352e-07 -1.36465e-08 2.97353e-07
7.65 3.93368e-07 6.35381e-07 -1.7529e-08 3.08926e-07
7.675 4.17923e-07 6.53145e-07 -2.13196e-08 3.15912e-07
7.7 4.34813e-07 6.61301e-07 -2.4971e-08 3.18165e-07
7.725 4.43713e-07 6.59703e-07 -2.84369e-08 3.15633e-07
7.75 4.44469e-07 6.484e-07 -3.16734e-08 3.08363e-07
7.775 4.37093e-07 6.27624e-07 -3.46393e-08 2.96492e-07
7.8 4.21763e-07 5.97785e-07 -3.72966e-08 2.80244e-07
7.825 3.98809e-07 5.59459e-07 -3.96116e-08 2.59924e-07
7.85 3.68707e-07 5.13372e-07 -4.1555e-08 2.35909e-07
7.875 3.32066e-07 4.60386e-07 -4.31021e-08 2.08642e-07
7.9 2.89612e-07 4.01479e-07 -4.42339e-08 1.78623e-07
7.925 2.42174e-07 3.37727e-07 -4.49366e-08 1.46395e-07
7.95 1.90669e-07 2.70282e-07 -4.52022e-08 1.1254e-07
7.975 1.36079e-07 2.00352e-07 -4.50285e-08 7.76616e-08
8 7.94381e-08 1.29177e-07 -4.44191e-08 4.23792e-08
8.025 2.18105e-08 5.80125e-08 -4.33833e-08 7.31459e-09
8.05 -3.57283e-08 -1.18995e-08 -4.1936e-08 -2.69177e-08
8.075 -9.21097e-08 -7.93455e-08 -4.00973e-08 -5.97214e-08
8.1 -1.4629e-07 -1.43163e-07 -3.78925e-08 -9.05275e-08
8.125 -1.9727e-07 -2.02257e-07 -3.53513e-08 -1.18804e-07
8.15 -2.44107e-07 -2.55622e-07 -3.25077e-08 -1.44065e-07
8.175 -2.85934e-07 -3.02352e-07 -2.93995e-08 -1.65876e-07
8.2 -3.21973e-07 -3.41657e-07 -2.60672e-08 -1.83862e-07
8.225 -3.51544e-07 -3.72872e-07 -2.25542e-08 -1.97713e-07
8.25 -3.74079e-07 -3.95471e-07 -1.89057e-08 -2.07189e-07
8.275 -3.89126e-07 -4.09069e-07 -1.5168e-08 -2.12118e-07
8.3 -3.96361e-07 -4.13426e-07 -1.13881e-08 -2.12407e-07
8.325 -3.95584e-07 -4.08455e-07 -7.61311e-09 -2.08034e-07
8.35 -3.86728e-07 -3.94215e-07 -3.88919e-09 -1.99052e-07
8.375 -3.69857e-07 -3.70911e-07 -2.61345e-10 -1.85586e-07
8.4 -3.45162e-07 -3.38891e-07 3.2274e-09 -1.67832e-07
8.425 -3.12956e-07 -2.98635e-07 6.53648e-09 -1.46049e-07
8.45 -2.73672e-07 -2.50747e-07 9.62835e-09 -1.20559e-07
8.475 -2.27852e-07 -1.95947e-07 1.24689e-08 -9.1739e-08
8.5 -1.76139e-07 -1.35054e-07 1.50281e-08 -6.00131e-08
8.525 -1.19262e-07 -6.89769e-08 1.72799e-08 -2.58485e-08
8.55 -5.80312e-08 1.30555e-09 1.9203e-08 1.02543e-08
8.575 6.68183e-09 7.47565e-08 2.07808e-08 4.77687e-08
8.6 7.3955e-08 1.503e-07 2.20017e-08 8.61507e-08
8.625 1.42831e-07 2.26836e-07 2.2859e-08 1.24847e-07
8.65 2.12333e-07 3.03259e-07 2.33512e-08 1.63305e-07
8.675 2.81477e-07 3.78474e-07 2.34817e-08 2.00978e-07
8.7 3.49291e-07 4.51413e-07 2.32587e-08 2.37336e-07
8.725 4.14828e-07 5.21052e-07 2.26952e-08 2.71874e-07
8.75 4.77176e-07 5.86423e-07 2.18084e-08 3.04115e-07
8.775 5.35478e-07 6.46629e-07 2.06199e-08 3.33624e-07
8.8 5.88939e-07 7.00859e-07 1.91547e-08 3.60007e-07
8.825 6.36843e-07 7.48395e-07 1.74413e-08 3.82918e-07
8.85 6.78554e-07 7.88625e-07 1.55113e-08 4.02068e-07
8.875 7.13535e-07 8.21049e-07 1.33982e-08 4.17224e-07
8.9 7.41347e-07 8.45284e-07 1.11378e-08 4.28211e-07
8.925 7.61658e-07 8.6107e-07 8.76712e-09 4.34919e-07
8.95 7.74247e-07 8.68273e-07 6.32399e-09 4.37299e-07
8.975 7.79006e-07 8.66882e-07 3.84656e-09 4.35364e-07
9 7.75938e-07 8.57012e-07 1.37269e-09 4.29192e-07
9.025 7.6516e-07 8.38895e-07 -1.0605e-09 4.18917e-07
9.05 7.46896e-07 8.12883e-07 -3.41719e-09 4.04733e-07
9.075 7.21475e-07 7.79435e-07 -5.66332e-09 3.86886e-07
9.1 6.89327e-07 7.3911e-07 -7.76706e-09 3.65671e-07
9.125 6.5097e-07 6.92561e-07 -9.69916e-09 3.41431e-07
9.15 6.07008e-07 6.4052e-07 -1.14334e-08 3.14543e-07
9.175 5.58117e-07 5.8379e-07 -1.29469e-08 2.85422e-07
9.2 5.05038e-07 5.23232e-07 -1.42202e-08 2.54506e-07
9.225 4.48561e-07 4.5975e-07 -1.52379e-08 2.22256e-07
9.25 3.89518e-07 3.94279e-07 -1.59883e-08 1.89145e-07
9.275 3.28769e-07 3.2777e-07 -1.64639e-08 1.55653e-07
9.3 2.67188e-07 2.61181e-07 -1.66613e-08 1.2226e-07
9.325 2.05654e-07 1.95455e-07 -1.65812e-08 8.94368e-08
9.35 1.45033e-07 1.31515e-07 -1.62283e-08 5.76432e-08
9.375 8.61721e-08 7.02459e-08 -1.56111e-08 2.73174e-08
9.4 2.98832e-08 1.2486e-08 -1.47421e-08 -1.12805e-09
9.425 -2.30656e-08 -4.09869e-08 -1.36371e-08 -2.7312e-08
9.45 -7.19615e-08 -8.94643e-08 -1.23151e-08 -5.08897e-08
9.475 -1.16156e-07 -1.32316e-07 -1.07981e-08 -7.1557e-08
9.5 -1.55071e-07 -1.68998e-07 -9.11078e-09 -8.90544e-08
9.525 -1.88213e-07 -1.99059e-07 -7.27987e-09 -1.0317e-07
9.55 -2.15169e-07 -2.22147e-07 -5.33396e-09 -1.1374e-07
9.575 -2.35619e-07 -2.38008e-07 -3.30303e-09 -1.20655e-07
9.6 -2.49338e-07 -2.46495e-07 -1.21798e-09 -1.23857e-07
9.625 -2.56194e-07 -2.47565e-07 8.89746e-10 -1.23337e-07
9.65 -2.56155e-07 -2.41276e-07 2.98867e-09 -1.19143e-07
9.675 -2.49282e-07 -2.27789e-07 5.04768e-09 -1.11371e-07
9.7 -2.35732e-07 -2.07364e-07 7.03646e-09 -1.00164e-07
9.725 -2.15752e-07 -1.80353e-07 8.92592e-09 -8.57134e-08
9.75 -1.89675e-07 -1.47193e-07 1.06885e-08 -6.82524e-08
9.775 -1.57916e-07 -1.08405e-07 1.22988e-08 -4.80529e-08
9.8 -1.20963e-07 -6.45771e-08 1.37334e-08 -2.54219e-08
9.825 -7.93721e-08 -1.63637e-08 1.49717e-08 -6.95991e-10
9.85 -3.37554e-08 3.55296e-08 1.59959e-08 2.57627e-08
9.875 1.52242e-08 9.0354e-08 1.67913e-08 5.35726e-08
9.9 6.68643e-08 1.47329e-07 1.73463e-08 8.23375e-08
9.925 1.20433e-07 2.05652e-07 1.76527e-08 1.11653e-07
9.95 1.7518e-07 2.64513e-07 1.7706e-08 1.4111e-07
9.975 2.30344e-07 3.231e-07 1.75047e-08 1.70303e-07
10 2.85166e-07 3.80616e-07 1.70512e-08 1.98834e-07
10.025 3.389e-07 4.36285e-07 1.63512e-08 2.26318e-07
10.05 3.90819e-07 4.89364e-07 1.54134e-08 2.52389e-07
10.075 4.4023e-07 5.39152e-07 1.42501e-08 2.76701e-07
10.1 4.86478e-07 5.85002e-07 1.28763e-08 2.98939e-07
10.125 5.28957e-07 6.26321e-07 1.13098e-08 3.18816e-07
10.15 5.67116e-07 6.62588e-07 9.571e-09 3.3608e-07
10.175 6.00469e-07 6.93351e-07 7.68236e-09 3.50517e-07
10.2 6.28596e-07 7.18237e-07 5.66831e-09 3.61953e-07
10.225 6.51152e-07 7.36954e-07 3.55485e-09 3.70255e-07
10.25 6.6787e-07 7.49296e-07 1.36918e-09 3.75332e-07
10.275 6.78559e-07 7.55141e-07 -8.60657e-10 3.7714e-07
10.3 6.83115e-07 7.54456e-07 -3.10612e-09 3.75675e-07
10.325 6.81511e-07 7.47293e-07 -5.33856e-09 3.70977e-07
10.35 6.73805e-07 7.33789e-07 -7.52959e-09 3.6313e-07
10.375 6.60134e-07 7.14165e-07 -9.65144e-09 3.52257e-07
10.4 6.40712e-07 6.88716e-07 -1.16773e-08 3.38519e-07
10.425 6.15827e-07 6.57815e-07 -1.35817e-08 3.22117e-07
10.45 5.85838e-07 6.21899e-07 -1.53407e-08 3.03279e-07
10.475 5.51166e-07 5.8147e-07 -1.69324e-08 2.82269e-07
10.5 5.12292e-07 5.37081e-07 -1.8337e-08 2.59372e-07
10.525 4.69745e-07 4.89334e-07 -1.95371e-08 2.34898e-07
10.55 4.24101e-07 4.38869e-07 -2.05179e-08 2.09176e-07
10.575 3.75972e-07 3.86356e-07 -2.12674e-08 1.82544e-07
10.6 3.25997e-07 3.32485e-07 -2.17765e-08 1.55354e-07
10.625 2.74835e-07 2.77961e-07 -2.20391e-08 1.27961e-07
10.65 2.23156e-07 2.23489e-07 -2.20522e-08 1.00718e-07
10.675 1.71631e-07 1.6977e-07 -2.18158e-08 7.39772e-08
10.7 1.20929e-07 1.17491e-07 -2.13329e-08 4.80791e-08
10.725 7.17007e-08 6.73154e-08 -2.06097e-08 2.33528e-08
10.75 2.45761e-08 1.98754e-08 -1.9655e-08 1.10215e-10
10.775 -1.98451e-08 -2.42344e-08 -1.84806e-08 -2.13575e-08
10.8 -6.10003e-08 -6.44651e-08 -1.71008e-08 -4.07829e-08
10.825 -9.8371e-08 -1.00319e-07 -1.55323e-08 -5.79259e-08
10.85 -1.31489e-07 -1.31357e-07 -1.37941e-08 -7.25758e-08
10.875 -1.5994e-07 -1.57201e-07 -1.19071e-08 -8.45541e-08
10.9 -1.8337e-07 -1.77538e-07 -9.89376e-09 -9.37161e-08
10.925 -2.01491e-07 -1.92127e-07 -7.7781e-09 -9.99524e-08
10.95 -2.14079e-07 -2.00795e-07 -5.58519e-09 -1.0319e-07
10.975 -2.20978e-07 -2.03444e-07 -3.34091e-09 -1.03392e-07
11 -2.22105e-07 -2.00048e-07 -1.07162e-09 -1.0056e-07
11.025 -2.17446e-07 -1.90656e-07 1.19612e-09 -9.47301e-08
11.05 -2.07055e-07 -1.75386e-07 3.43592e-09 -8.59752e-08
11.075 -1.91057e-07 -1.54427e-07 5.62183e-09 -7.44025e-08
11.1 -1.69644e-07 -1.28033e-07 7.72862e-09 -6.01521e-08
11.125 -1.43069e-07 -9.65215e-08 9.73214e-09 -4.33947e-08
11.15 -1.11647e-07 -6.02689e-08 1.16095e-08 -2.43297e-08
11.175 -7.5749e-08 -1.97044e-08 1.33395e-08 -3.18248e-09
11.2 -3.57954e-08 2.46949e-08 1.49025e-08 1.97987e-08
11.225 7.74674e-09 7.24103e-08 1.62811e-08 4.43457e-08
11.25 5.43713e-08 1.22887e-07 1.746e-08 7.01738e-08
11.275 1.03539e-07 1.75544e-07 1.84263e-08 9.69852e-08
11.3 1.54683e-07 2.29776e-07 1.91696e-08 1.24473e-07
11.325 2.07218e-07 2.84964e-07 1.9682e-08 1.52323e-07
11.35 2.60544e-07 3.40485e-07 1.99582e-08 1.80221e-07
11.375 3.14057e-07 3.95712e-07 1.99959e-08 2.07854e-07
11.4 3.67154e-07 4.50027e-07 1.97951e-08 2.34911e-07
11.425 4.19238e-07 5.02828e-07 1.93588e-08 2.61093e-07
11.45 4.69729e-07 5.53532e-07 1.86926e-08 2.86112e-07
11.475 5.18068e-07 6.01584e-07 1.78043e-08 3.09694e-07
11.5 5.63723e-07 6.46463e-07 1.67046e-08 3.31584e-07
11.525 6.06196e-07 6.87687e-07 1.54063e-08 3.51547e-07
11.55 6.45027e-07 7.24816e-07 1.39242e-08 3.6937e-07
11.575 6.79799e-07 7.57461e-07 1.22752e-08 3.84868e-07
11.6 7.10145e-07 7.85284e-07 1.0478e-08 3.97881e-07
11.625 7.35746e-07 8.08003e-07 8.55284e-09 4.08278e-07
11.65 7.5634e-07 8.25394e-07 6.5211e-09 4.15958e-07
11.675 7.71723e-07 8.37294e-07 4.40537e-09 4.2085e-07
11.7 7.81746e-07 8.43598e-07 2.229e-09 4.22914e-07
11.725 7.86323e-07 8.44267e-07 1.58967e-11 4.22141e-07
11.75 7.85427e-07 8.39321e-07 -2.20977e-09 4.18556e-07
11.775 7.79092e-07 8.28842e-07 -4.4238e-09 4.12209e-07
11.8 7.6741e-07 8.12971e-07 -6.60224e-09 4.03184e-07
11.825 7.50531e-07 7.91906e-07 -8.72163e-09 3.91592e-07
11.85 7.28661e-07 7.659e-07 -1.07593e-08 3.7757e-07
11.875 7.02058e-07 7.35257e-07 -1.26934e-08 3.61282e-07
11.9 6.7103e-07 7.0033e-07 -1.45036e-08 3.42913e-07
11.925 6.35932e-07 6.61513e-07 -1.61706e-08 3.22671e-07
11.95 5.97157e-07 6.19242e-07 -1.7677e-08 3.00782e-07
11.975 5.5514e-07 5.73984e-07 -1.90071e-08 2.77488e-07
12 5.10346e-07 5.26237e-07 -2.01471e-08 2.53045e-07
12.025 4.63265e-07 4.76521e-07 -2.10853e-08 2.27718e-07
12.05 4.14412e-07 4.25375e-07 -2.18121e-08 2.01781e-07
12.075 3.64316e-07 3.73348e-07 -2.23203e-08 1.75514e-07
12.1 3.13518e-07 3.20998e-07 -2.26049e-08 1.49196e-07
12.125 2.62563e-07 2.6888e-07 -2.26632e-08 1.23109e-07
12.15 2.11994e-07 2.17547e-07 -2.24951e-08 9.7526e-08
12.175 1.62351e-07 1.67539e-07 -2.21026e-08 7.27183e-08
12.2 1.14157e-07 1.19381e-07 -2.14901e-08 4.89453e-08
12.225 6.79237e-08 7.35752e-08 -2.06644e-08 2.64554e-08
12.25 2.41358e-08 3.05996e-08 -1.96342e-08 5.48273e-09
12.275 -1.67464e-08 -9.0997e-09 -1.84105e-08 -1.37551e-08
12.3 -5.42942e-08 -4.51112e-08 -1.70061e-08 -3.10587e-08
12.325 -8.81144e-08 -7.70621e-08 -1.54358e-08 -4.62489e-08
12.35 -1.17852e-07 -1.04621e-07 -1.37159e-08 -5.91685e-08
12.375 -1.43196e-07 -1.27502e-07 -1.18643e-08 -6.96833e-08
12.4 -1.63877e-07 -1.45466e-07 -9.90002e-09 -7.76831e-08
12.425 -1.79675e-07 -1.58323e-07 -7.84336e-09 -8.30832e-08
12.45 -1.90418e-07 -1.65933e-07 -5.71546e-09 -8.58243e-08
12.475 -1.95984e-07 -1.68208e-07 -3.53818e-09 -8.5873e-08
12.5 -1.96301e-07 -1.6511e-07 -1.33384e-09 -8.32221e-08
12.525 -1.91349e-07 -1.56656e-07 8.7496e-10 -7.78904e-08
12.55 -1.81158e-07 -1.4291e-07 3.06556e-09 -6.9922e-08
12.575 -1.65809e-07 -1.23987e-07 5.21549e-09 -5.93858e-08
12.6 -1.4543e-07 -1.00052e-07 7.30262e-09 -4.63746e-08
12.625 -1.20197e-07 -7.13139e-08 9.30543e-09 -3.10042e-08
12.65 -9.03311e-08 -3.80269e-08 1.12032e-08 -1.34118e-08
12.675 -5.60962e-08 -4.85421e-10 1.2976e-08 6.2453e-09
12.7 -1.77951e-08 4.09777e-08 1.46053e-08 2.77915e-08
12.725 2.42324e-08 8.59954e-08 1.60738e-08 5.10346e-08
12.75 6.96137e-08 1.34169e-07 1.73655e-08 7.57675e-08
12.775 1.17947e-07 1.85075e-07 1.84662e-08 1.01771e-07
12.8 1.68805e-07 2.38265e-07 1.93632e-08 1.28814e-07
12.825 2.21738e-07 2.93272e-07 2.00459e-08 1.56659e-07
12.85 2.76282e-07 3.49617e-07 2.05053e-08 1.85061e-07
12.875 3.31959e-07 4.06809e-07 2.07347e-08 2.13772e-07
12.9 3.88283e-07 4.64352e-07 2.07291e-08 2.42541e-07
12.925 4.44763e-07 5.21752e-07 2.04858e-08 2.71119e-07
12.95 5.0091e-07 5.78515e-07 2.00041e-08 2.99259e-07
12.975 5.5624e-07 6.34156e-07 1.92853e-08 3.2672e-07
13 6.10279e-07 6.88202e-07 1.83328e-08 3.53268e-07
13.025 6.62564e-07 7.40198e-07 1.71522e-08 3.78675e-07
13.05 7.12651e-07 7.89706e-07 1.57507e-08 4.02728e-07
13.075 7.60117e-07 8.36312e-07 1.41377e-08 4.25225e-07
13.1 8.04563e-07 8.79631e-07 1.23243e-08 4.45978e-07
13.125 8.45617e-07 9.19304e-07 1.03233e-08 4.64814e-07
13.15 8.82939e-07 9.55007e-07 8.14901e-09 4.81578e-07
13.175 9.16221e-07 9.86451e-07 5.8174e-09 4.96134e-07
13.2 9.45191e-07 1.01338e-06 3.34567e-09 5.08365e-07
13.225 9.69614e-07 1.03559e-06 7.52246e-10 5.18172e-07
13.25 9.89296e-07 1.0529e-06 -1.9434e-09 5.25478e-07
13.275 1.00408e-06 1.06518e-06 -4.72089e-09 5.30228e-07
13.3 1.01386e-06 1.07233e-06 -7.55912e-09 5.32387e-07
13.325 1.01855e-06 1.07432e-06 -1.04364e-08 5.31943e-07
13.35 1.01813e-06 1.07114e-06 -1.33306e-08 5.28904e-07
13.375 1.01262e-06 1.06282e-06 -1.62195e-08 5.233e-07
13.4 1.00206e-06 1.04944e-06 -1.90806e-08 5.1518e-07
13.425 9.86549e-07 1.03113e-06 -2.18917e-08 5.04617e-07
13.45 9.6623e-07 1.00803e-06 -2.46306e-08 4.917e-07
13.475 9.41273e-07 9.80354e-07 -2.72756e-08 4.76539e-07
13.5 9.11887e-07 9.48326e-07 -2.98058e-08 4.5926e-07
13.525 8.7832e-07 9.12214e-07 -3.22007e-08 4.40007e-07
13.55 8.40849e-07 8.72315e-07 -3.44407e-08 4.18937e-07
13.575 7.99783e-07 8.28957e-07 -3.65073e-08 3.96225e-07
13.6 7.55459e-07 7.82494e-07 -3.83829e-08 3.72056e-07
13.625 7.08239e-07 7.33302e-07 -4.00513e-08 3.46625e-07
13.65 6.58507e-07 6.8178e-07 -4.14974e-08 3.20141e-07
13.675 6.06667e-07 6.28343e-07 -4.27076e-08 2.92818e-07
13.7 5.53138e-07 5.73422e-07 -4.36697e-08 2.64876e-07
13.725 4.98352e-07 5.17459e-07 -4.43731e-08 2.36543e-07
13.75 4.42753e-07 4.60904e-07 -4.48088e-08 2.08047e-07
13.775 3.86789e-07 4.04211e-07 -4.49691e-08 1.79621e-07
13.8 3.30914e-07 3.47839e-07 -4.48485e-08 1.51495e-07
13.825 2.75581e-07 2.92242e-07 -4.44427e-08 1.239e-07
13.85 2.21239e-07 2.37873e-07 -4.37492e-08 9.70618e-08
13.875 1.68335e-07 1.85175e-07 -4.27672e-08 7.12039e-08
13.9 1.17303e-07 1.34583e-07 -4.14977e-08 4.65426e-08
13.925 6.85692e-08 8.65178e-08 -3.99431e-08 2.32874e-08
13.95 2.25425e-08 4.13856e-08 -3.81073e-08 1.63913e-09
13.975 -2.03828e-08 -4.25906e-10 -3.59961e-08 -1.8211e-08
14 -5.98323e-08 -3.85489e-08 -3.36164e-08 -3.60827e-08
14.025 -9.54526e-08 -7.26379e-08 -3.09768e-08 -5.18074e-08
14.05 -1.26914e-07 -1.02372e-07 -2.80872e-08 -6.52294e-08
14.075 -1.5391e-07 -1.27454e-07 -2.49585e-08 -7.62065e-08
14.1 -1.76164e-07 -1.47618e-07 -2.16031e-08 -8.46108e-08
14.125 -1.93424e-07 -1.62624e-07 -1.80343e-08 -9.03292e-08
14.15 -2.0547e-07 -1.72262e-07 -1.42666e-08 -9.32642e-08
14.175 -2.1211e-07 -1.76352e-07 -1.03151e-08 -9.33337e-08
14.2 -2.13185e-07 -1.74748e-07 -6.19595e-09 -9.04719e-08
14.225 -2.08565e-07 -1.67332e-07 -1.92588e-09 -8.4629e-08
14.25 -1.98154e-07 -1.54021e-07 2.4778e-09 -7.57716e-08
14.275 -1.81887e-07 -1.34762e-07 6.99727e-09 -6.38823e-08
14.3 -1.5973e-07 -1.09534e-07 1.16144e-08 -4.89601e-08
14.325 -1.31681e-07 -7.83494e-08 1.63107e-08 -3.10194e-08
14.35 -9.77706e-08 -4.12484e-08 2.10676e-08 -1.00904e-08
14.375 -5.80576e-08 1.69679e-09 2.58665e-08 1.37816e-08
14.4 -1.26314e-08 5.0385e-08 3.06887e-08 4.05369e-08
14.425 3.83901e-08 1.04687e-07 3.55159e-08 7.01014e-08
14.45 9.48618e-08 1.64446e-07 4.03297e-08 1.02388e-07
14.475 1.56612e-07 2.29481e-07 4.51124e-08 1.37297e-07
14.5 2.23445e-07 2.99585e-07 4.98464e-08 1.74716e-07
14.525 2.9514e-07 3.74529e-07 5.45147e-08 2.14522e-07
14.55 3.71457e-07 4.54061e-07 5.9101e-08 2.56581e-07
14.575 4.52133e-07 5.37914e-07 6.35894e-08 3.00752e-07
14.6 5.3689e-07 6.25799e-07 6.7965e-08 3.46882e-07
14.625 6.25431e-07 7.17412e-07 7.22133e-08 3.94813e-07
14.65 7.17446e-07 8.12436e-07 7.63209e-08 4.44379e-07
14.675 8.1261e-07 9.10542e-07 8.02751e-08 4.95409e-07
14.7 9.10589e-07 1.01139e-06 8.40643e-08 5.47727e-07
14.725 1.01104e-06 1.11463e-06 8.76774e-08 6.01154e-07
14.75 1.11361e-06 1.21991e-06 9.11048e-08 6.55507e-07
14.775 1.21795e-06 1.32687e-06 9.43375e-08 7.10602e-07
14.8 1.3237e-06 1.43514e-06 9.73677e-08 7.66254e-07
14.825 1.43049e-06 1.54437e-06 1.00188e-07 8.22279e-07
14.85 1.53796e-06 1.65419e-06 1.02794e-07 8.78491e-07
14.875 1.64577e-06 1.76424e-06 1.05179e-07 9.34708e-07
14.9 1.75354e-06 1.87416e-06 1.0734e-07 9.90751e-07
14.925 1.86095e-06 1.98361e-06 1.09274e-07 1.04644e-06
14.95 1.96763e-06 2.09224e-06 1.10979e-07 1.10161e-06
14.975 2.07325e-06 2.19972e-06 1.12454e-07 1.15609e-06
15 2.1775e-06 2.30572e-06 1.13699e-07 1.20971e-06
15.025 2.28006e-06 2.40992e-06 1.14714e-07 1.26232e-06
15.05 2.38062e-06 2.51203e-06 1.15503e-07 1.31377e-06
15.075 2.47889e-06 2.61176e-06 1.16066e-07 1.36391e-06
15.1 2.57461e-06 2.70883e-06 1.16407e-07 1.41262e-06
15.125 2.6675e-06 2.80298e-06 1.1653e-07 1.45976e-06
15.15 2.75732e-06 2.89397e-06 1.1644e-07 1.50521e-06
15.175 2.84385e-06 2.98157e-06 1.16143e-07 1.54886e-06
15.2 2.92686e-06 3.06557e-06 1.15643e-07 1.59061e-06
15.225 3.00617e-06 3.14577e-06 1.14949e-07 1.63036e-06
15.25 3.08159e-06 3.222e-06 1.14066e-07 1.66803e-06
15.275 3.15297e-06 3.2941e-06 1.13002e-07 1.70355e-06
15.3 3.22015e-06 3.36192e-06 1.11765e-07 1.73684e-06
15.325 3.28302e-06 3.42534e-06 1.10363e-07 1.76785e-06
15.35 3.34147e-06 3.48425e-06 1.08805e-07 1.79653e-06
15.375 3.3954e-06 3.53858e-06 1.07099e-07 1.82284e-06
15.4 3.44474e-06 3.58824e-06 1.05255e-07 1.84675e-06
15.425 3.48945e-06 3.63318e-06 1.03282e-07 1.86823e-06
15.45 3.52947e-06 3.67337e-06 1.01189e-07 1.88728e-06
15.475 3.56479e-06 3.70877e-06 9.89847e-08 1.90388e-06
15.5 3.5954e-06 3.7394e-06 9.66797e-08 1.91804e-06
15.525 3.6213e-06 3.76526e-06 9.42829e-08 1.92977e-06
15.55 3.64253e-06 3.78636e-06 9.18037e-08 1.93908e-06
15.575 3.65912e-06 3.80277e-06 8.92514e-08 1.94601e-06
15.6 3.67112e-06 3.81451e-06 8.66351e-08 1.95057e-06
15.625 3.6786e-06 3.82167e-06 8.39638e-08 1.95282e-06
15.65 3.68163e-06 3.82432e-06 8.12465e-08 1.95278e-06
15.675 3.6803e-06 3.82254e-06 7.84917e-08 1.95052e-06
15.7 3.67471e-06 3.81644e-06 7.57079e-08 1.94608e-06
15.725 3.66496e-06 3.80613e-06 7.29031e-08 1.93952e-06
15.75 3.65119e-06 3.79172e-06 7.00854e-08 1.9309e-06
15.775 3.6335e-06 3.77335e-06 6.72622e-08 1.92031e-06
15.8 3.61204e-06 3.75114e-06 6.44409e-08 1.90779e-06
15.825 3.58694e-06 3.72524e-06 6.16284e-08 1.89343e-06
15.85 3.55835e-06 3.6958e-06 5.88313e-08 1.87731e-06
15.875 3.52643e-06 3.66296e-06 5.60559e-08 1.85951e-06
15.9 3.49132e-06 3.62688e-06 5.33081e-08 1.8401e-06
15.925 3.45319e-06 3.58773e-06 5.05935e-08 1.81916e-06
15.95 3.4122e-06 3.54567e-06 4.79173e-08 1.79679e-06
15.975 3.36851e-06 3.50086e-06 4.52842e-08 1.77307e-06
16 3.32229e-06 3.45346e-06 4.26989e-08 1.74808e-06
16.025 3.27371e-06 3.40366e-06 4.01653e-08 1.72191e-06
16.05 3.22293e-06 3.35161e-06 3.76872e-08 1.69465e-06
16.075 3.17013e-06 3.29749e-06 3.5268e-08 1.66638e-06
16.1 3.11546e-06 3.24146e-06 3.29107e-08 1.63718e-06
16.125 3.05909e-06 3.18368e-06 3.06181e-08 1.60715e-06
16.15 3.00119e-06 3.12433e-06 2.83924e-08 1.57636e-06
16.175 2.94191e-06 3.06357e-06 2.62357e-08 1.5449e-06
16.2 2.88141e-06 3.00154e-06 2.41497e-08 1.51285e-06
16.225 2.81985e-06 2.93842e-06 2.21358e-08 1.48028e-06
16.25 2.75738e-06 2.87434e-06 2.01951e-08 1.44727e-06
16.275 2.69415e-06 2.80947e-06 1.83284e-08 1.4139e-06
16.3 2.63029e-06 2.74394e-06 1.65363e-08 1.38024e-06
16.325 2.56595e-06 2.67789e-06 1.48191e-08 1.34635e-06
16.35 2.50125e-06 2.61146e-06 1.31768e-08 1.31232e-06
16.375 2.43634e-06 2.54478e-06 1.16092e-08 1.2782e-06
16.4 2.37132e-06 2.47798e-06 1.0116e-08 1.24405e-06
16.425 2.30632e-06 2.41117e-06 8.69656e-09 1.20994e-06
16.45 2.24146e-06 2.34448e-06 7.35003e-09 1.17591e-06
16.475 2.17683e-06 2.278e-06 6.0755e-09 1.14204e-06
16.5 2.11255e-06 2.21184e-06 4.87184e-09 1.10836e-06
16.525 2.0487e-06 2.1461e-06 3.73776e-09 1.07492e-06
16.55 1.98538e-06 2.08088e-06 2.67186e-09 1.04178e-06
16.575 1.92268e-06 2.01626e-06 1.67262e-09 1.00897e-06
16.6 1.86066e-06 1.95232e-06 7.38392e-10 9.76529e-07
16.625 1.79941e-06 1.88914e-06 -1.32552e-10 9.44503e-07
16.65 1.739e-06 1.82679e-06 -9.42031e-10 9.12922e-07
16.675 1.67948e-06 1.76533e-06 -1.69193e-09 8.81817e-07
16.7 1.62092e-06 1.70482e-06 -2.38421e-09 8.51217e-07
16.725 1.56337e-06 1.64532e-06 -3.02087e-09 8.2115e-07
16.75 1.50687e-06 1.58688e-06 -3.60394e-09 7.91638e-07
16.775 1.45147e-06 1.52954e-06 -4.13551e-09 7.62703e-07
16.8 1.39721e-06 1.47334e-06 -4.61765e-09 7.34363e-07
16.825 1.34412e-06 1.41832e-06 -5.05248e-09 7.06636e-07
16.85 1.29222e-06 1.36451e-06 -5.44211e-09 6.79535e-07
16.875 1.24155e-06 1.31193e-06 -5.78864e-09 6.53073e-07
16.9 1.19212e-06 1.26061e-06 -6.09417e-09 6.27259e-07
16.925 1.14395e-06 1.21056e-06 -6.36077e-09 6.02102e-07
16.95 1.09705e-06 1.1618e-06 -6.5905e-09 5.77607e-07
16.975 1.05144e-06 1.11434e-06 -6.78539e-09 5.53779e-07
17 1.00711e-06 1.06819e-06 -6.94743e-09 5.30621e-07
17.025 9.6407e-07 1.02335e-06 -7.07857e-09 5.08133e-07
17.05 9.2232e-07 9.79812e-07 -7.18071e-09 4.86316e-07
17.075 8.81855e-07 9.37588e-07 -7.25574e-09 4.65166e-07
17.1 8.4267e-07 8.96667e-07 -7.30545e-09 4.44681e-07
17.125 8.04756e-07 8.57043e-07 -7.33161e-09 4.24856e-07
17.15 7.68102e-07 8.18706e-07 -7.33594e-09 4.05685e-07
17.175 7.32695e-07 7.81643e-07 -7.32007e-09 3.87161e-07
17.2 6.98521e-07 7.4584e-07 -7.2856e-09 3.69277e-07
17.225 6.65561e-07 7.11282e-07 -7.23406e-09 3.52024e-07
17.25 6.33798e-07 6.77951e-07 -7.16692e-09 3.35392e-07
17.275 6.03212e-07 6.45828e-07 -7.0856e-09 3.19371e-07
17.3 5.73782e-07 6.14891e-07 -6.99143e-09 3.0395e-07
17.325 5.45485e-07 5.85119e-07 -6.88571e-09 2.89117e-07
17.35 5.18298e-07 5.56489e-07 -6.76966e-09 2.7486e-07
17.375 4.92195e-07 5.28977e-07 -6.64443e-09 2.61166e-07
17.4 4.67152e-07 5.02558e-07 -6.51114e-09 2.48023e-07
17.425 4.43144e-07 4.77205e-07 -6.37082e-09 2.35417e-07
17.45 4.20143e-07 4.52894e-07 -6.22445e-09 2.23335e-07
17.475 3.98122e-07 4.29597e-07 -6.07296e-09 2.11762e-07
17.5 3.77054e-07 4.07286e-07 -5.91722e-09 2.00684e-07
17.525 3.56912e-07 3.85935e-07 -5.75803e-09 1.90088e-07
17.55 3.37668e-07 3.65515e-07 -5.59616e-09 1.79959e-07
17.575 3.19294e-07 3.45999e-07 -5.43231e-09 1.70283e-07
17.6 3.01762e-07 3.27358e-07 -5.26714e-09 1.61046e-07
17.625 2.85045e-07 3.09566e-07 -5.10124e-09 1.52232e-07
17.65 2.69116e-07 2.92593e-07 -4.93519e-09 1.43829e-07
17.675 2.53946e-07 2.76412e-07 -4.76949e-09 1.35821e-07
17.7 2.39508e-07 2.60997e-07 -4.60462e-09 1.28196e-07
17.725 2.25777e-07 2.46319e-07 -4.44099e-09 1.20939e-07
17.75 2.12725e-07 2.32352e-07 -4.27901e-09 1.14037e-07
17.775 2.00326e-07 2.1907e-07 -4.11903e-09 1.07475e-07
17.8 1.88556e-07 2.06446e-07 -3.96134e-09 1.01243e-07
17.825 1.77389e-07 1.94456e-07 -3.80625e-09 9.53248e-08
17.85 1.668e-07 1.83073e-07 -3.65399e-09 8.97097e-08
17.875 1.56765e-07 1.72274e-07 -3.50479e-09 8.43848e-08
17.9 1.47262e-07 1.62035e-07 -3.35883e-09 7.9338e-08
17.925 1.38267e-07 1.52331e-07 -3.21628e-09 7.45576e-08
17.95 1.29759e-07 1.43141e-07 -3.07727e-09 7.0032e-08
17.975 1.21714e-07 1.34442e-07 -2.94192e-09 6.57501e-08
18 1.14113e-07 1.26212e-07 -2.81032e-09 6.1701e-08
18.025 1.06936e-07 1.18431e-07 -2.68254e-09 5.78743e-08
18.05 1.00161e-07 1.11078e-07 -2.55863e-09 5.42596e-08
18.075 9.37712e-08 1.04133e-07 -2.43863e-09 5.08471e-08
18.1 8.77471e-08 9.75771e-08 -2.32256e-09 4.76273e-08
18.125 8.20711e-08 9.13921e-08 -2.21042e-09 4.45908e-08
18.15 7.6726e-08 8.556e-08 -2.1022e-09 4.17289e-08
18.175 7.16953e-08 8.00636e-08 -1.99789e-09 3.90328e-08
18.2 6.69631e-08 7.48863e-08 -1.89745e-09 3.64944e-08
18.225 6.2514e-08 7.00122e-08 -1.80083e-09 3.41057e-08
18.25 5.83334e-08 6.54259e-08 -1.70799e-09 3.1859e-08
18.275 5.44072e-08 6.11126e-08 -1.61886e-09 2.97469e-08
18.3 5.07218e-08 5.70583e-08 -1.53339e-09 2.77624e-08
18.325 4.72643e-08 5.32492e-08 -1.45149e-09 2.58989e-08
18.35 4.40224e-08 4.96725e-08 -1.3731e-09 2.41497e-08
18.375 4.09841e-08 4.63155e-08 -1.29812e-09 2.25087e-08
18.4 3.81381e-08 4.31665e-08 -1.22647e-09 2.097e-08
18.425 3.54737e-08 4.02139e-08 -1.15807e-09 1.95279e-08
18.45 3.29805e-08 3.7447e-08 -1.09282e-09 1.81771e-08
18.475 3.06487e-08 3.48554e-08 -1.03063e-09 1.69124e-08
18.5 2.84691e-08 3.2429e-08 -9.714e-10 1.57288e-08
18.525 2.64326e-08 3.01586e-08 -9.15035e-10 1.46218e-08
18.55 2.45308e-08 2.8035e-08 -8.6144e-10 1.35868e-08
18.575 2.27558e-08 2.60499e-08 -8.10516e-10 1.26197e-08
18.6 2.10998e-08 2.4195e-08 -7.62168e-10 1.17164e-08
18.625 1.95558e-08 2.24626e-08 -7.16299e-10 1.08731e-08
18.65 1.81167e-08 2.08454e-08 -6.72814e-10 1.00863e-08
18.675 1.67762e-08 1.93365e-08 -6.31618e-10 9.35245e-09
18.7 1.55281e-08 1.79293e-08 -5.92618e-10 8.66834e-09
18.725 1.43665e-08 1.66175e-08 -5.55724e-10 8.0309e-09
18.75 1.32861e-08 1.53953e-08 -5.20844e-10 7.43722e-09
18.775 1.22816e-08 1.4257e-08 -4.87892e-10 6.88456e-09
18.8 1.13482e-08 1.31974e-08 -4.56782e-10 6.37031e-09
18.825 1.04811e-08 1.22115e-08 -4.2743e-10 5.89204e-09
18.85 9.67618e-09 1.12946e-08 -3.99755e-10 5.44743e-09
18.875 8.92923e-09 1.04423e-08 -3.73678e-10 5.03429e-09
18.9 8.23641e-09 9.65028e-09 -3.49122e-10 4.65058e-09
18.925 7.59412e-09 8.91473e-09 -3.26012e-10 4.29436e-09
18.95 6.99894e-09 8.23188e-09 -3.04278e-10 3.9638e-09
18.975 6.44767e-09 7.59826e-09 -2.83849e-10 3.65721e-09
19 5.93731e-09 7.01058e-09 -2.6466e-10 3.37296e-09
19.025 5.46505e-09 6.46574e-09 -2.46645e-10 3.10955e-09
19.05 5.02823e-09 5.96084e-09 -2.29742e-10 2.86555e-09
19.075 4.62439e-09 5.49317e-09 -2.13893e-10 2.63964e-09
19.1 4.2512e-09 5.06017e-09 -1.9904e-10 2.43057e-09
19.125 3.9065e-09 4.65945e-09 -1.85129e-10 2.23716e-09
19.15 3.58826e-09 4.28875e-09 -1.72108e-10 2.05832e-09
19.175 3.29457e-09 3.94598e-09 -1.59925e-10 1.89303e-09
19.2 3.02367e-09 3.62918e-09 -1.48534e-10 1.74032e-09
19.225 2.7739e-09 3.33649e-09 -1.3789e-10 1.5993e-09
19.25 2.54371e-09 3.0662e-09 -1.27948e-10 1.46913e-09
19.275 2.33166e-09 2.81671e-09 -1.18667e-10 1.34902e-09
19.3 2.13641e-09 2.58651e-09 -1.10009e-10 1.23825e-09
19.325 1.95672e-09 2.3742e-09 -1.01935e-10 1.13613e-09
19.35 1.7914e-09 2.17846e-09 -9.441e-11 1.04203e-09
19.375 1.63938e-09 1.99809e-09 -8.74007e-11 9.55347e-10
19.4 1.49966e-09 1.83195e-09 -8.08751e-11 8.75538e-10
19.425 1.37128e-09 1.67898e-09 -7.48028e-11 8.02087e-10
19.45 1.25339e-09 1.53818e-09 -6.91554e-11 7.34515e-10
19.475 1.14517e-09 1.40866e-09 -6.39057e-11 6.72377e-10
19.5 1.04587e-09 1.28955e-09 -5.90282e-11 6.1526e-10
19.525 9.54803e-10 1.18006e-09 -5.44988e-11 5.6278e-10
19.55 8.71312e-10 1.07945e-09 -5.02948e-11 5.1458e-10
19.575 7.94803e-10 9.87053e-10 -4.63947e-11 4.70329e-10
19.6 7.24723e-10 9.0222e-10 -4.27783e-11 4.29721e-10
19.625 6.60558e-10 8.24367e-10 -3.94267e-11 3.9247e-10
19.65 6.01834e-10 7.52949e-10 -3.63219e-11 3.58314e-10
19.675 5.48113e-10 6.8746e-10 -3.34472e-11 3.27006e-10
19.7 4.98989e-10 6.27432e-10 -3.07869e-11 2.98323e-10
19.725 4.54089e-10 5.72432e-10 -2.8326e-11 2.72053e-10
19.75 4.13065e-10 5.22058e-10 -2.60507e-11 2.48004e-10
19.775 3.75599e-10 4.75941e-10 -2.39481e-11 2.25996e-10
19.8 3.41397e-10 4.33736e-10 -2.20059e-11 2.05865e-10
19.825 3.10188e-10 3.95128e-10 -2.02127e-11 1.87458e-10
19.85 2.81721e-10 3.59824e-10 -1.85579e-11 1.70633e-10
19.875 2.55766e-10 3.27553e-10 -1.70315e-11 1.55261e-10
19.9 2.32112e-10 2.98068e-10 -1.56241e-11 1.41222e-10
19.925 2.10563e-10 2.71137e-10 -1.43271e-11 1.28405e-10
19.95 1.9094e-10 2.46549e-10 -1.31324e-11 1.16708e-10
19.975 1.73079e-10 2.24109e-10 -1.20324e-11 1.06039e-10
20 1.56827e-10 2.03638e-10 -1.102e-11 9.6309e-11
