0 0.159076 0.167162 -0.0059727 0.0805947
0.025 0.159076 0.167162 -0.0059727 0.0805947
0.05 0.159024 0.167117 -0.00597121 0.0805729
0.075 0.158938 0.167042 -0.00596872 0.0805366
0.1 0.158817 0.166937 -0.00596526 0.0804859
0.125 0.158663 0.166803 -0.00596084 0.080421
0.15 0.158475 0.16664 -0.00595549 0.0803422
0.175 0.158254 0.166448 -0.00594923 0.0802495
0.2 0.158002 0.166229 -0.00594211 0.0801434
0.225 0.157718 0.165982 -0.00593415 0.080024
0.25 0.157403 0.165709 -0.00592541 0.0798919
0.275 0.157059 0.165411 -0.00591594 0.0797474
0.3 0.156687 0.165088 -0.00590578 0.0795909
0.325 0.156288 0.164741 -0.005895 0.0794229
0.35 0.155862 0.164371 -0.00588367 0.0792439
0.375 0.155412 0.163981 -0.00587183 0.0790544
0.4 0.154938 0.16357 -0.00585958 0.0788551
0.425 0.154442 0.16314 -0.00584698 0.0786465
0.45 0.153926 0.162693 -0.00583411 0.0784292
0.475 0.153391 0.162229 -0.00582106 0.0782039
0.5 0.152839 0.16175 -0.0058079 0.0779712
0.525 0.152271 0.161258 -0.00579474 0.0777319
0.55 0.15169 0.160755 -0.00578166 0.0774866
0.575 0.151097 0.160241 -0.00576875 0.077236
0.6 0.150493 0.159718 -0.00575612 0.076981
0.625 0.149881 0.159188 -0.00574385 0.0767222
0.65 0.149262 0.158653 -0.00573206 0.0764603
0.675 0.148638 0.158113 -0.00572085 0.0761962
0.7 0.148012 0.157572 -0.00571032 0.0759306
0.725 0.147385 0.157029 -0.00570058 0.0756642
0.75 0.146759 0.156487 -0.00569173 0.0753979
0.775 0.146135 0.155948 -0.0056839 0.0751322
0.8 0.145516 0.155413 -0.00567717 0.0748681
0.825 0.144903 0.154884 -0.00567168 0.0746062
0.85 0.144299 0.154362 -0.00566752 0.0743472
0.875 0.143705 0.153848 -0.00566482 0.0740918
0.9 0.143122 0.153345 -0.00566368 0.0738407
0.925 0.142553 0.152853 -0.00566422 0.0735946
0.95 0.141999 0.152375 -0.00566655 0.0733541
0.975 0.141462 0.15191 -0.00567078 0.0731199
1 0.140942 0.151462 -0.00567702 0.0728924
1.025 0.140443 0.15103 -0.0056854 0.0726723
1.05 0.139964 0.150616 -0.00569601 0.0724601
1.075 0.139508 0.150222 -0.00570898 0.0722564
1.1 0.139076 0.149847 -0.0057244 0.0720615
1.125 0.138669 0.149494 -0.00574239 0.0718758
1.15 0.138287 0.149163 -0.00576307 0.0716999
1.175 0.137932 0.148854 -0.00578652 0.071534
1.2 0.137606 0.14857 -0.00581288 0.0713784
1.225 0.137307 0.148309 -0.00584222 0.0712335
1.25 0.137039 0.148073 -0.00587467 0.0710994
1.275 0.1368 0.147863 -0.00591031 0.0709763
1.3 0.136591 0.147678 -0.00594926 0.0708644
1.325 0.136414 0.147519 -0.0059916 0.0707638
1.35 0.136268 0.147386 -0.00603744 0.0706745
1.375 0.136153 0.14728 -0.00608686 0.0705965
1.4 0.136069 0.1472 -0.00613996 0.0705298
1.425 0.136018 0.147146 -0.00619683 0.0704744
1.45 0.135997 0.147118 -0.00625755 0.07043
1.475 0.136008 0.147115 -0.0063222 0.0703966
1.5 0.13605 0.147139 -0.00639086 0.0703738
1.525 0.136122 0.147187 -0.0064636 0.0703615
1.55 0.136223 0.147259 -0.00654051 0.0703593
1.575 0.136354 0.147356 -0.00662164 0.0703669
1.6 0.136514 0.147475 -0.00670706 0.0703839
1.625 0.136701 0.147617 -0.00679683 0.0704099
1.65 0.136914 0.14778 -0.006891 0.0704443
1.675 0.137153 0.147963 -0.00698962 0.0704867
1.7 0.137417 0.148166 -0.00709273 0.0705365
1.725 0.137703 0.148387 -0.00720037 0.0705931
1.75 0.138012 0.148624 -0.00731258 0.070656
1.775 0.13834 0.148878 -0.00742937 0.0707243
1.8 0.138688 0.149146 -0.00755077 0.0707976
1.825 0.139053 0.149427 -0.00767678 0.0708749
1.85 0.139434 0.149719 -0.0078074 0.0709557
1.875 0.139828 0.150021 -0.00794264 0.071039
1.9 0.140235 0.150331 -0.00808248 0.0711242
1.925 0.140652 0.150648 -0.00822689 0.0712104
1.95 0.141077 0.150969 -0.00837584 0.0712967
1.975 0.141509 0.151294 -0.0085293 0.0713823
2 0.141945 0.15162 -0.00868721 0.0714663
2.025 0.142384 0.151945 -0.00884951 0.0715479
2.05 0.142822 0.152268 -0.00901614 0.071626
2.075 0.143259 0.152587 -0.00918699 0.0716999
2.1 0.143692 0.152899 -0.00936199 0.0717686
2.125 0.144119 0.153203 -0.00954103 0.0718312
2.15 0.144537 0.153498 -0.00972399 0.0718868
2.175 0.144945 0.15378 -0.00991074 0.0719344
2.2 0.14534 0.154047 -0.0101011 0.0719731
2.225 0.145721 0.154299 -0.010295 0.0720021
2.25 0.146084 0.154533 -0.0104923 0.0720205
2.275 0.146428 0.154747 -0.0106927 0.0720273
2.3 0.14675 0.154939 -0.010896 0.0720217
2.325 0.14705 0.155108 -0.0111021 0.0720028
2.35 0.147323 0.155251 -0.0113108 0.0719699
2.375 0.147569 0.155366 -0.0115218 0.071922
2.4 0.147785 0.155452 -0.0117348 0.0718585
2.425 0.14797 0.155507 -0.0119497 0.0717785
2.45 0.148121 0.155529 -0.0121661 0.0716813
2.475 0.148237 0.155516 -0.0123838 0.0715662
2.5 0.148315 0.155468 -0.0126025 0.0714325
2.525 0.148355 0.155381 -0.012822 0.0712797
2.55 0.148355 0.155256 -0.0130417 0.0711071
2.575 0.148312 0.15509 -0.0132616 0.0709141
2.6 0.148226 0.154882 -0.0134812 0.0707003
2.625 0.148095 0.15463 -0.0137002 0.0704651
2.65 0.147918 0.154335 -0.0139182 0.0702082
2.675 0.147693 0.153993 -0.014135 0.0699291
2.7 0.147419 0.153605 -0.0143501 0.0696275
2.725 0.147097 0.153169 -0.0145632 0.0693031
2.75 0.146723 0.152685 -0.0147739 0.0689556
2.775 0.146298 0.152152 -0.0149818 0.0685849
2.8 0.145822 0.151568 -0.0151865 0.0681909
2.825 0.145292 0.150934 -0.0153878 0.0677733
2.85 0.14471 0.15025 -0.0155851 0.0673322
2.875 0.144074 0.149513 -0.0157782 0.0668676
2.9 0.143384 0.148726 -0.0159666 0.0663795
2.925 0.142641 0.147886 -0.0161499 0.0658681
2.95 0.141843 0.146995 -0.0163279 0.0653334
2.975 0.140991 0.146052 -0.0165 0.0647758
3 0.140086 0.145057 -0.016666 0.0641954
3.025 0.139128 0.144011 -0.0168254 0.0635926
3.05 0.138116 0.142913 -0.0169781 0.0629677
3.075 0.137052 0.141766 -0.0171234 0.0623211
3.1 0.135936 0.140568 -0.0172613 0.0616534
3.125 0.134769 0.139321 -0.0173913 0.0609649
3.15 0.133552 0.138026 -0.0175131 0.0602562
3.175 0.132285 0.136682 -0.0176265 0.0595279
3.2 0.13097 0.135293 -0.0177311 0.0587807
3.225 0.129608 0.133857 -0.0178268 0.0580152
3.25 0.1282 0.132377 -0.0179131 0.057232
3.275 0.126747 0.130854 -0.01799 0.056432
3.3 0.125251 0.129289 -0.0180571 0.0556159
3.325 0.123713 0.127683 -0.0181144 0.0547845
3.35 0.122135 0.126039 -0.0181616 0.0539386
3.375 0.120519 0.124357 -0.0181985 0.0530791
3.4 0.118866 0.122639 -0.0182251 0.0522068
3.425 0.117177 0.120887 -0.0182411 0.0513227
3.45 0.115455 0.119102 -0.0182466 0.0504278
3.475 0.113702 0.117287 -0.0182415 0.0495228
3.5 0.11192 0.115443 -0.0182256 0.0486088
3.525 0.11011 0.113573 -0.018199 0.0476868
3.55 0.108274 0.111677 -0.0181617 0.0467577
3.575 0.106415 0.109759 -0.0181137 0.0458225
3.6 0.104534 0.107819 -0.0180549 0.0448821
3.625 0.102634 0.105861 -0.0179856 0.0439376
3.65 0.100717 0.103886 -0.0179058 0.04299
3.675 0.098785 0.101896 -0.0178156 0.0420402
3.7 0.0968397 0.0998935 -0.017715 0.0410892
3.725 0.0948835 0.0978804 -0.0176044 0.040138
3.75 0.0929185 0.0958588 -0.0174838 0.0391875
3.775 0.0909468 0.0938308 -0.0173534 0.0382387
3.8 0.0889706 0.0917984 -0.0172135 0.0372924
3.825 0.0869917 0.0897636 -0.0170643 0.0363497
3.85 0.0850124 0.0877286 -0.016906 0.0354113
3.875 0.0830345 0.0856952 -0.0167388 0.0344782
3.9 0.0810601 0.0836655 -0.0165632 0.0335511
3.925 0.0790911 0.0816414 -0.0163794 0.032631
3.95 0.0771295 0.0796248 -0.0161876 0.0317186
3.975 0.0751769 0.0776175 -0.0159883 0.0308146
4 0.0732353 0.0756214 -0.0157817 0.0299198
4.025 0.0713063 0.0736382 -0.0155683 0.029035
4.05 0.0693918 0.0716696 -0.0153483 0.0281606
4.075 0.0674932 0.0697173 -0.0151222 0.0272975
4.1 0.0656122 0.0677827 -0.0148902 0.0264462
4.125 0.0637502 0.0658676 -0.0146529 0.0256073
4.15 0.0619087 0.0639733 -0.0144106 0.0247813
4.175 0.0600891 0.0621011 -0.0141636 0.0239687
4.2 0.0582926 0.0602525 -0.0139125 0.02317
4.225 0.0565205 0.0584287 -0.0136575 0.0223856
4.25 0.054774 0.0566309 -0.0133991 0.0216159
4.275 0.053054 0.0548601 -0.0131376 0.0208612
4.3 0.0513617 0.0531174 -0.0128736 0.0201219
4.325 0.0496979 0.0514037 -0.0126073 0.0193982
4.35 0.0480635 0.0497201 -0.0123391 0.0186905
4.375 0.0464592 0.0480671 -0.0120695 0.0179988
4.4 0.0448859 0.0464457 -0.0117989 0.0173234
4.425 0.043344 0.0448564 -0.0115275 0.0166644
4.45 0.0418343 0.0432998 -0.0112558 0.016022
4.475 0.0403571 0.0417765 -0.0109841 0.0153962
4.5 0.0389128 0.0402869 -0.0107127 0.0147871
4.525 0.0375019 0.0388313 -0.0104421 0.0141946
4.55 0.0361247 0.0374102 -0.0101725 0.0136188
4.575 0.0347812 0.0360236 -0.00990428 0.0130597
4.6 0.0334717 0.0346718 -0.00963769 0.012517
4.625 0.0321962 0.0333549 -0.00937304 0.0119909
4.65 0.0309549 0.0320729 -0.00911061 0.0114811
4.675 0.0297475 0.0308258 -0.00885068 0.0109875
4.7 0.0285742 0.0296135 -0.00859348 0.01051
4.725 0.0274347 0.0284359 -0.00833928 0.0100483
4.75 0.0263288 0.0272929 -0.00808827 0.00960231
4.775 0.0252562 0.0261841 -0.00784069 0.00917172
4.8 0.0242168 0.0251094 -0.00759672 0.00875633
4.825 0.0232102 0.0240683 -0.00735654 0.00835589
4.85 0.0222359 0.0230606 -0.00712034 0.00797012
4.875 0.0212937 0.0220857 -0.00688825 0.00759874
4.9 0.020383 0.0211433 -0.00666042 0.00724146
4.925 0.0195033 0.0202329 -0.00643698 0.00689798
4.95 0.0186542 0.019354 -0.00621803 0.00656798
4.975 0.0178352 0.018506 -0.00600368 0.00625115
5 0.0170456 0.0176883 -0.00579401 0.00594716
5.025 0.0162848 0.0169005 -0.0055891 0.00565568
5.05 0.0155524 0.0161417 -0.005389 0.00537637
5.075 0.0148476 0.0154115 -0.00519376 0.00510889
5.1 0.0141698 0.0147092 -0.00500342 0.00485289
5.125 0.0135184 0.0140341 -0.00481801 0.00460804
5.15 0.0128926 0.0133855 -0.00463754 0.004374
5.175 0.0122919 0.0127628 -0.004462 0.0041504
5.2 0.0117156 0.0121652 -0.0042914 0.00393692
5.225 0.0111629 0.0115921 -0.00412572 0.00373321
5.25 0.0106332 0.0110428 -0.00396494 0.00353894
5.275 0.0101258 0.0105165 -0.00380901 0.00335376
5.3 0.00964008 0.0100126 -0.00365791 0.00317735
5.325 0.00917525 0.00953035 -0.00351157 0.00300939
5.35 0.00873067 0.00906904 -0.00336996 0.00284954
5.375 0.00830567 0.008628 -0.00323299 0.0026975
5.4 0.00789958 0.00820653 -0.00310061 0.00255296
5.425 0.00751174 0.00780395 -0.00297275 0.0024156
5.45 0.0071415 0.00741961 -0.00284932 0.00228514
5.475 0.00678821 0.00705282 -0.00273024 0.00216129
5.5 0.00645125 0.00670294 -0.00261543 0.00204376
5.525 0.00612999 0.00636934 -0.0025048 0.00193227
5.55 0.00582382 0.00605138 -0.00239825 0.00182656
5.575 0.00553215 0.00574845 -0.00229569 0.00172638
5.6 0.0052544 0.00545995 -0.00219702 0.00163146
5.625 0.00499 0.00518528 -0.00210214 0.00154157
5.65 0.00473838 0.00492389 -0.00201095 0.00145647
5.675 0.00449903 0.0046752 -0.00192335 0.00137592
5.7 0.0042714 0.00443868 -0.00183924 0.00129972
5.725 0.00405499 0.00421381 -0.00175851 0.00122765
5.75 0.00384931 0.00400007 -0.00168106 0.0011595
5.775 0.00365387 0.00379696 -0.00160679 0.00109508
5.8 0.00346822 0.003604 -0.0015356 0.0010342
5.825 0.00329191 0.00342075 -0.00146738 0.000976683
5.85 0.0031245 0.00324673 -0.00140203 0.00092235
5.875 0.00296558 0.00308153 -0.00133946 0.000871037
5.9 0.00281475 0.00292473 -0.00127956 0.000822586
5.925 0.00267162 0.00277593 -0.00122224 0.000776844
5.95 0.00253582 0.00263474 -0.00116741 0.000733666
5.975 0.00240698 0.00250079 -0.00111496 0.000692915
6 0.00228478 0.00237373 -0.00106482 0.000654458
6.025 0.00216888 0.00225322 -0.00101688 0.00061817
6.05 0.00205897 0.00213893 -0.000971067 0.000583931
6.075 0.00195474 0.00203055 -0.000927292 0.000551627
6.1 0.00185591 0.00192777 -0.000885471 0.000521151
6.125 0.0017622 0.00183032 -0.000845525 0.000492399
6.15 0.00167335 0.00173793 -0.000807375 0.000465275
6.175 0.00158911 0.00165032 -0.000770945 0.000439687
6.2 0.00150924 0.00156725 -0.000736162 0.000415546
6.225 0.0014335 0.0014885 -0.000702955 0.00039277
6.25 0.0013617 0.00141382 -0.000671255 0.000371281
6.275 0.00129361 0.00134301 -0.000640997 0.000351005
6.3 0.00122904 0.00127586 -0.000612115 0.000331871
6.325 0.0011678 0.00121218 -0.00058455 0.000313814
6.35 0.00110973 0.00115178 -0.000558241 0.000296771
6.375 0.00105464 0.0010945 -0.000533132 0.000280684
6.4 0.00100239 0.00104016 -0.000509168 0.000265496
6.425 0.000952808 0.000988607 -0.000486297 0.000251155
6.45 0.000905767 0.000939693 -0.000464468 0.000237613
6.475 0.000861125 0.000893277 -0.000443633 0.000224822
6.5 0.000818756 0.000849225 -0.000423747 0.000212739
6.525 0.000778536 0.00080741 -0.000404764 0.000201323
6.55 0.000740351 0.000767714 -0.000386644 0.000190535
6.575 0.000704092 0.000730022 -0.000369345 0.000180339
6.6 0.000669656 0.000694228 -0.000352829 0.0001707
6.625 0.000636947 0.000660231 -0.000337059 0.000161586
6.65 0.000605872 0.000627936 -0.000322001 0.000152967
6.675 0.000576345 0.000597252 -0.000307621 0.000144815
6.7 0.000548283 0.000568094 -0.000293888 0.000137103
6.725 0.000521611 0.000540382 -0.00028077 0.000129806
6.75 0.000496254 0.000514039 -0.000268239 0.0001229
6.775 0.000472144 0.000488995 -0.000256269 0.000116363
6.8 0.000449215 0.000465182 -0.000244832 0.000110175
6.825 0.000427408 0.000442535 -0.000233904 0.000104316
6.85 0.000406663 0.000420995 -0.000223461 9.87672e-05
6.875 0.000386926 0.000400505 -0.000213481 9.35119e-05
6.9 0.000368147 0.00038101 -0.000203942 8.85339e-05
6.925 0.000350275 0.000362461 -0.000194825 8.38179e-05
6.95 0.000333265 0.00034481 -0.000186111 7.93497e-05
6.975 0.000317075 0.000328011 -0.00017778 7.51158e-05
7 0.000301662 0.000312022 -0.000169815 7.11036e-05
7.025 0.000286989 0.000296803 -0.000162201 6.73012e-05
7.05 0.000273019 0.000282315 -0.00015492 6.36975e-05
7.075 0.000259717 0.000268523 -0.000147959 6.02818e-05
7.1 0.000247051 0.000255393 -0.000141304 5.70444e-05
7.125 0.00023499 0.000242892 -0.00013494 5.39758e-05
7.15 0.000223505 0.00023099 -0.000128855 5.10672e-05
7.175 0.000212568 0.000219658 -0.000123037 4.83104e-05
7.2 0.000202153 0.000208869 -0.000117474 4.56975e-05
7.225 0.000192236 0.000198598 -0.000112155 4.32211e-05
7.25 0.000182792 0.000188819 -0.00010707 4.08742e-05
7.275 0.0001738 0.000179509 -0.000102209 3.86502e-05
7.3 0.000165238 0.000170647 -9.75613e-05 3.65428e-05
7.325 0.000157087 0.000162211 -9.31188e-05 3.45462e-05
7.35 0.000149328 0.000154182 -8.88725e-05 3.26548e-05
7.375 0.000141941 0.000146541 -8.48143e-05 3.08632e-05
7.4 0.000134911 0.000139269 -8.0936e-05 2.91664e-05
7.425 0.00012822 0.00013235 -7.72303e-05 2.75597e-05
7.45 0.000121853 0.000125767 -7.36898e-05 2.60385e-05
7.475 0.000115795 0.000119505 -7.03075e-05 2.45985e-05
7.5 0.000110032 0.000113548 -6.7077e-05 2.32357e-05
7.525 0.000104551 0.000107884 -6.39918e-05 2.19461e-05
7.55 9.93382e-05 0.000102498 -6.10458e-05 2.07262e-05
7.575 9.43816e-05 9.73779e-05 -5.82333e-05 1.95723e-05
7.6 8.96696e-05 9.2511e-05 -5.55485e-05 1.84812e-05
7.625 8.51907e-05 8.78857e-05 -5.29862e-05 1.74497e-05
7.65 8.09343e-05 8.34908e-05 -5.05412e-05 1.64748e-05
7.675 7.68902e-05 7.93157e-05 -4.82085e-05 1.55536e-05
7.7 7.30484e-05 7.53501e-05 -4.59834e-05 1.46833e-05
7.725 6.93996e-05 7.15841e-05 -4.38613e-05 1.38614e-05
7.75 6.59348e-05 6.80086e-05 -4.18378e-05 1.30854e-05
7.775 6.26454e-05 6.46144e-05 -3.99086e-05 1.23529e-05
7.8 5.95231e-05 6.1393e-05 -3.80698e-05 1.16616e-05
7.825 5.656e-05 5.83362e-05 -3.63174e-05 1.10094e-05
7.85 5.37486e-05 5.54361e-05 -3.46475e-05 1.03943e-05
7.875 5.10816e-05 5.26853e-05 -3.30567e-05 9.81428e-06
7.9 4.85521e-05 5.00765e-05 -3.15415e-05 9.2675e-06
7.925 4.61534e-05 4.76028e-05 -3.00984e-05 8.75219e-06
7.95 4.38792e-05 4.52575e-05 -2.87242e-05 8.26667e-06
7.975 4.17234e-05 4.30345e-05 -2.74159e-05 7.80931e-06
8 3.96801e-05 4.09276e-05 -2.61704e-05 7.37861e-06
8.025 3.77438e-05 3.89311e-05 -2.4985e-05 6.97308e-06
8.05 3.59091e-05 3.70394e-05 -2.38567e-05 6.59135e-06
8.075 3.41709e-05 3.52472e-05 -2.2783e-05 6.23209e-06
8.1 3.25243e-05 3.35494e-05 -2.17613e-05 5.89405e-06
8.125 3.09647e-05 3.19413e-05 -2.07892e-05 5.57602e-06
8.15 2.94874e-05 3.04181e-05 -1.98643e-05 5.27688e-06
8.175 2.80884e-05 2.89754e-05 -1.89844e-05 4.99553e-06
8.2 2.67634e-05 2.76091e-05 -1.81472e-05 4.73096e-06
8.225 2.55086e-05 2.63151e-05 -1.73508e-05 4.48218e-06
8.25 2.43203e-05 2.50896e-05 -1.6593e-05 4.24826e-06
8.275 2.31948e-05 2.39288e-05 -1.58721e-05 4.02833e-06
8.3 2.21289e-05 2.28292e-05 -1.51861e-05 3.82155e-06
8.325 2.11192e-05 2.17876e-05 -1.45334e-05 3.62713e-06
8.35 2.01627e-05 2.08008e-05 -1.39122e-05 3.44432e-06
8.375 1.92565e-05 1.98657e-05 -1.33209e-05 3.2724e-06
8.4 1.83977e-05 1.89795e-05 -1.27581e-05 3.11071e-06
8.425 1.75838e-05 1.81394e-05 -1.22222e-05 2.95861e-06
8.45 1.68121e-05 1.73429e-05 -1.17119e-05 2.81549e-06
8.475 1.60803e-05 1.65874e-05 -1.12258e-05 2.68078e-06
8.5 1.53861e-05 1.58706e-05 -1.07627e-05 2.55395e-06
8.525 1.47274e-05 1.51903e-05 -1.03213e-05 2.4345e-06
8.55 1.41021e-05 1.45444e-05 -9.90054e-06 2.32193e-06
8.575 1.35082e-05 1.39309e-05 -9.49928e-06 2.21581e-06
8.6 1.2944e-05 1.33479e-05 -9.11651e-06 2.11571e-06
8.625 1.24076e-05 1.27937e-05 -8.75122e-06 2.02123e-06
8.65 1.18975e-05 1.22665e-05 -8.40248e-06 1.932e-06
8.675 1.14121e-05 1.17647e-05 -8.06942e-06 1.84766e-06
8.7 1.095e-05 1.12869e-05 -7.75117e-06 1.76789e-06
8.725 1.05097e-05 1.08317e-05 -7.44695e-06 1.69237e-06
8.75 1.009e-05 1.03977e-05 -7.15601e-06 1.62083e-06
8.775 9.68962e-06 9.98358e-06 -6.87762e-06 1.55298e-06
8.8 9.30745e-06 9.58828e-06 -6.61112e-06 1.48858e-06
8.825 8.9424e-06 9.21066e-06 -6.35588e-06 1.42739e-06
8.85 8.59347e-06 8.84969e-06 -6.11128e-06 1.3692e-06
8.875 8.2597e-06 8.50438e-06 -5.87678e-06 1.3138e-06
8.9 7.94021e-06 8.17384e-06 -5.65182e-06 1.26101e-06
8.925 7.63417e-06 7.8572e-06 -5.43592e-06 1.21064e-06
8.95 7.3408e-06 7.55369e-06 -5.2286e-06 1.16254e-06
8.975 7.05939e-06 7.26255e-06 -5.02942e-06 1.11656e-06
9 6.78926e-06 6.98309e-06 -4.83797e-06 1.07256e-06
9.025 6.52978e-06 6.71467e-06 -4.65385e-06 1.03041e-06
9.05 6.28037e-06 6.4567e-06 -4.4767e-06 9.90002e-07
9.075 6.04048e-06 6.20861e-06 -4.30617e-06 9.51219e-07
9.1 5.80962e-06 5.96988e-06 -4.14195e-06 9.13966e-07
9.125 5.5873e-06 5.74004e-06 -3.98374e-06 8.78152e-07
9.15 5.37311e-06 5.51864e-06 -3.83125e-06 8.43695e-07
9.175 5.16664e-06 5.30526e-06 -3.68422e-06 8.10519e-07
9.2 4.96751e-06 5.09952e-06 -3.54241e-06 7.78554e-07
9.225 4.77538e-06 4.90107e-06 -3.4056e-06 7.47738e-07
9.25 4.58994e-06 4.70958e-06 -3.27356e-06 7.18011e-07
9.275 4.41089e-06 4.52475e-06 -3.1461e-06 6.89323e-07
9.3 4.23795e-06 4.34628e-06 -3.02304e-06 6.61625e-07
9.325 4.07088e-06 4.17394e-06 -2.90419e-06 6.34872e-07
9.35 3.90945e-06 4.00746e-06 -2.7894e-06 6.09026e-07
9.375 3.75343e-06 3.84663e-06 -2.67853e-06 5.84049e-07
9.4 3.60264e-06 3.69123e-06 -2.57142e-06 5.59908e-07
9.425 3.45687e-06 3.54109e-06 -2.46795e-06 5.36572e-07
9.45 3.31597e-06 3.39601e-06 -2.36799e-06 5.14013e-07
9.475 3.17978e-06 3.25584e-06 -2.27143e-06 4.92205e-07
9.5 3.04813e-06 3.12041e-06 -2.17816e-06 4.71123e-07
9.525 2.9209e-06 2.98957e-06 -2.08808e-06 4.50746e-07
9.55 2.79796e-06 2.8632e-06 -2.0011e-06 4.31052e-07
9.575 2.67918e-06 2.74116e-06 -1.91712e-06 4.12021e-07
9.6 2.56445e-06 2.62333e-06 -1.83606e-06 3.93636e-07
9.625 2.45365e-06 2.50959e-06 -1.75783e-06 3.75878e-07
9.65 2.34668e-06 2.39983e-06 -1.68237e-06 3.58731e-07
9.675 2.24345e-06 2.29396e-06 -1.6096e-06 3.42179e-07
9.7 2.14386e-06 2.19186e-06 -1.53944e-06 3.26206e-07
9.725 2.04782e-06 2.09343e-06 -1.47184e-06 3.10798e-07
9.75 1.95524e-06 1.9986e-06 -1.40672e-06 2.95941e-07
9.775 1.86603e-06 1.90726e-06 -1.34402e-06 2.8162e-07
9.8 1.78012e-06 1.81933e-06 -1.28368e-06 2.67822e-07
9.825 1.69741e-06 1.73471e-06 -1.22565e-06 2.54533e-07
9.85 1.61784e-06 1.65334e-06 -1.16985e-06 2.41741e-07
9.875 1.54132e-06 1.57511e-06 -1.11625e-06 2.29433e-07
9.9 1.46778e-06 1.49996e-06 -1.06477e-06 2.17597e-07
9.925 1.39714e-06 1.42781e-06 -1.01537e-06 2.06219e-07
9.95 1.32934e-06 1.35856e-06 -9.67984e-07 1.95289e-07
9.975 1.26428e-06 1.29216e-06 -9.22567e-07 1.84794e-07
10 1.20191e-06 1.22851e-06 -8.79062e-07 1.74724e-07
10.025 1.14216e-06 1.16755e-06 -8.37416e-07 1.65065e-07
10.05 1.08494e-06 1.10919e-06 -7.97577e-07 1.55808e-07
10.075 1.03019e-06 1.05338e-06 -7.59491e-07 1.46942e-07
10.1 9.77846e-07 1.00002e-06 -7.23107e-07 1.38456e-07
10.125 9.27831e-07 9.49053e-07 -6.88373e-07 1.3034e-07
10.15 8.80078e-07 9.00403e-07 -6.55238e-07 1.22583e-07
10.175 8.34521e-07 8.54001e-07 -6.2365e-07 1.15175e-07
10.2 7.91092e-07 8.09775e-07 -5.93559e-07 1.08108e-07
10.225 7.49724e-07 7.67657e-07 -5.64914e-07 1.01371e-07
10.25 7.10353e-07 7.27577e-07 -5.37665e-07 9.4956e-08
10.275 6.72913e-07 6.89469e-07 -5.11763e-07 8.88532e-08
10.3 6.37341e-07 6.53267e-07 -4.87158e-07 8.30542e-08
10.325 6.03572e-07 6.18903e-07 -4.63802e-07 7.75505e-08
10.35 5.71546e-07 5.86315e-07 -4.41648e-07 7.23336e-08
10.375 5.412e-07 5.55439e-07 -4.20648e-07 6.73956e-08
10.4 5.12474e-07 5.26211e-07 -4.00754e-07 6.27283e-08
10.425 4.85308e-07 4.98571e-07 -3.81923e-07 5.83239e-08
10.45 4.59644e-07 4.72458e-07 -3.64109e-07 5.41747e-08
10.475 4.35425e-07 4.47813e-07 -3.47267e-07 5.02731e-08
10.5 4.12593e-07 4.24578e-07 -3.31355e-07 4.66116e-08
10.525 3.91094e-07 4.02695e-07 -3.1633e-07 4.31826e-08
10.55 3.70872e-07 3.82109e-07 -3.02152e-07 3.99789e-08
10.575 3.51874e-07 3.62765e-07 -2.88779e-07 3.69929e-08
10.6 3.34047e-07 3.44608e-07 -2.76174e-07 3.42173e-08
10.625 3.1734e-07 3.27587e-07 -2.64297e-07 3.16448e-08
10.65 3.01703e-07 3.11649e-07 -2.53113e-07 2.92681e-08
10.675 2.87086e-07 2.96744e-07 -2.42585e-07 2.70797e-08
10.7 2.7344e-07 2.82823e-07 -2.32678e-07 2.50722e-08
10.725 2.60718e-07 2.69837e-07 -2.2336e-07 2.32382e-08
10.75 2.48875e-07 2.57738e-07 -2.14598e-07 2.15702e-08
10.775 2.37863e-07 2.46482e-07 -2.06361e-07 2.00607e-08
10.8 2.2764e-07 2.36023e-07 -1.98618e-07 1.87022e-08
10.825 2.18162e-07 2.26316e-07 -1.91342e-07 1.7487e-08
10.85 2.09386e-07 2.17319e-07 -1.84504e-07 1.64077e-08
10.875 2.01271e-07 2.0899e-07 -1.78077e-07 1.54564e-08
10.9 1.93778e-07 2.01288e-07 -1.72037e-07 1.46257e-08
10.925 1.86867e-07 1.94174e-07 -1.66359e-07 1.3908e-08
10.95 1.805e-07 1.8761e-07 -1.61019e-07 1.32955e-08
10.975 1.74641e-07 1.81557e-07 -1.55995e-07 1.27809e-08
11 1.69252e-07 1.7598e-07 -1.51267e-07 1.23565e-08
11.025 1.64301e-07 1.70843e-07 -1.46813e-07 1.20152e-08
11.05 1.59752e-07 1.66114e-07 -1.42615e-07 1.17494e-08
11.075 1.55575e-07 1.61758e-07 -1.38654e-07 1.15522e-08
11.1 1.51737e-07 1.57745e-07 -1.34912e-07 1.14166e-08
11.125 1.48208e-07 1.54044e-07 -1.31373e-07 1.13356e-08
11.15 1.4496e-07 1.50627e-07 -1.28022e-07 1.13027e-08
11.175 1.41966e-07 1.47465e-07 -1.24842e-07 1.13115e-08
11.2 1.39198e-07 1.44533e-07 -1.21821e-07 1.13559e-08
11.225 1.36632e-07 1.41805e-07 -1.18945e-07 1.143e-08
11.25 1.34245e-07 1.39257e-07 -1.16201e-07 1.15282e-08
11.275 1.32013e-07 1.36867e-07 -1.13576e-07 1.16452e-08
11.3 1.29916e-07 1.34613e-07 -1.11061e-07 1.1776e-08
11.325 1.27933e-07 1.32477e-07 -1.08645e-07 1.19161e-08
11.35 1.26047e-07 1.30439e-07 -1.06317e-07 1.20612e-08
11.375 1.2424e-07 1.28482e-07 -1.04068e-07 1.22073e-08
11.4 1.22497e-07 1.26591e-07 -1.01889e-07 1.23509e-08
11.425 1.20802e-07 1.24751e-07 -9.97733e-08 1.24888e-08
11.45 1.19143e-07 1.22949e-07 -9.77122e-08 1.26182e-08
11.475 1.17508e-07 1.21172e-07 -9.56991e-08 1.27366e-08
11.5 1.15886e-07 1.19412e-07 -9.37275e-08 1.28421e-08
11.525 1.14268e-07 1.17657e-07 -9.17914e-08 1.29328e-08
11.55 1.12645e-07 1.159e-07 -8.98855e-08 1.30074e-08
11.575 1.11011e-07 1.14135e-07 -8.80049e-08 1.3065e-08
11.6 1.09359e-07 1.12355e-07 -8.6145e-08 1.31048e-08
11.625 1.07684e-07 1.10555e-07 -8.43019e-08 1.31265e-08
11.65 1.05984e-07 1.08732e-07 -8.24721e-08 1.31299e-08
11.675 1.04255e-07 1.06883e-07 -8.06525e-08 1.31154e-08
11.7 1.02495e-07 1.05007e-07 -7.88403e-08 1.30833e-08
11.725 1.00703e-07 1.03102e-07 -7.70333e-08 1.30344e-08
11.75 9.88794e-08 1.01169e-07 -7.52296e-08 1.29695e-08
11.775 9.70244e-08 9.92071e-08 -7.34276e-08 1.28897e-08
11.8 9.51394e-08 9.7219e-08 -7.16263e-08 1.27964e-08
11.825 9.32261e-08 9.52062e-08 -6.98247e-08 1.26907e-08
11.85 9.12871e-08 9.31712e-08 -6.80225e-08 1.25744e-08
11.875 8.93252e-08 9.11169e-08 -6.62193e-08 1.24488e-08
11.9 8.73437e-08 8.90467e-08 -6.44153e-08 1.23157e-08
11.925 8.53463e-08 8.69641e-08 -6.26109e-08 1.21766e-08
11.95 8.33369e-08 8.48733e-08 -6.08067e-08 1.20333e-08
11.975 8.13197e-08 8.27783e-08 -5.90036e-08 1.18874e-08
12 7.92989e-08 8.06834e-08 -5.72026e-08 1.17404e-08
12.025 7.7279e-08 7.85929e-08 -5.54051e-08 1.15939e-08
12.05 7.52643e-08 7.65113e-08 -5.36124e-08 1.14494e-08
12.075 7.32591e-08 7.44428e-08 -5.18262e-08 1.13083e-08
12.1 7.12678e-08 7.23917e-08 -5.00482e-08 1.11718e-08
12.125 6.92946e-08 7.03621e-08 -4.82802e-08 1.1041e-08
12.15 6.73434e-08 6.8358e-08 -4.65243e-08 1.09169e-08
12.175 6.5418e-08 6.63829e-08 -4.47823e-08 1.08003e-08
12.2 6.35219e-08 6.44404e-08 -4.30563e-08 1.06921e-08
12.225 6.16584e-08 6.25337e-08 -4.13485e-08 1.05926e-08
12.25 5.98304e-08 6.06655e-08 -3.9661e-08 1.05022e-08
12.275 5.80405e-08 5.88384e-08 -3.79958e-08 1.04213e-08
12.3 5.62911e-08 5.70545e-08 -3.6355e-08 1.03498e-08
12.325 5.4584e-08 5.53157e-08 -3.47406e-08 1.02875e-08
12.35 5.29207e-08 5.36234e-08 -3.31547e-08 1.02344e-08
12.375 5.13026e-08 5.19787e-08 -3.15991e-08 1.01898e-08
12.4 4.97303e-08 5.03823e-08 -3.00756e-08 1.01533e-08
12.425 4.82045e-08 4.88346e-08 -2.8586e-08 1.01243e-08
12.45 4.67252e-08 4.73355e-08 -2.71319e-08 1.01018e-08
12.475 4.52922e-08 4.58848e-08 -2.57148e-08 1.0085e-08
12.5 4.3905e-08 4.44818e-08 -2.43359e-08 1.00729e-08
12.525 4.25628e-08 4.31256e-08 -2.29966e-08 1.00645e-08
12.55 4.12646e-08 4.1815e-08 -2.1698e-08 1.00585e-08
12.575 4.0009e-08 4.05485e-08 -2.04408e-08 1.00538e-08
12.6 3.87944e-08 3.93246e-08 -1.92261e-08 1.00493e-08
12.625 3.76192e-08 3.81413e-08 -1.80543e-08 1.00435e-08
12.65 3.64814e-08 3.69966e-08 -1.69259e-08 1.00354e-08
12.675 3.5379e-08 3.58885e-08 -1.58412e-08 1.00236e-08
12.7 3.43099e-08 3.48146e-08 -1.48005e-08 1.0007e-08
12.725 3.3272e-08 3.37728e-08 -1.38037e-08 9.98455e-09
12.75 3.22629e-08 3.27608e-08 -1.28508e-08 9.95502e-09
12.775 3.12806e-08 3.17762e-08 -1.19413e-08 9.91744e-09
12.8 3.03228e-08 3.08168e-08 -1.1075e-08 9.87089e-09
12.825 2.93874e-08 2.98804e-08 -1.02513e-08 9.81455e-09
12.85 2.84724e-08 2.89649e-08 -9.4695e-09 9.74768e-09
12.875 2.75759e-08 2.80683e-08 -8.72889e-09 9.66969e-09
12.9 2.66961e-08 2.71888e-08 -8.02859e-09 9.58009e-09
12.925 2.58314e-08 2.63247e-08 -7.36764e-09 9.47853e-09
12.95 2.49804e-08 2.54746e-08 -6.74498e-09 9.36479e-09
12.975 2.41419e-08 2.46371e-08 -6.15951e-09 9.2388e-09
13 2.33148e-08 2.38113e-08 -5.61004e-09 9.10064e-09
13.025 2.24984e-08 2.29963e-08 -5.09533e-09 8.9505e-09
13.05 2.16921e-08 2.21916e-08 -4.6141e-09 8.78874e-09
13.075 2.08957e-08 2.13968e-08 -4.16505e-09 8.61587e-09
13.1 2.01091e-08 2.06119e-08 -3.74684e-09 8.43251e-09
13.125 1.93325e-08 1.9837e-08 -3.35813e-09 8.23943e-09
13.15 1.85664e-08 1.90726e-08 -2.99756e-09 8.03753e-09
13.175 1.78115e-08 1.83194e-08 -2.66379e-09 7.82782e-09
13.2 1.70688e-08 1.75784e-08 -2.35551e-09 7.61144e-09
13.225 1.63393e-08 1.68507e-08 -2.07139e-09 7.38963e-09
13.25 1.56246e-08 1.61376e-08 -1.81018e-09 7.16372e-09
13.275 1.49262e-08 1.54409e-08 -1.57062e-09 6.93513e-09
13.3 1.42459e-08 1.47622e-08 -1.35154e-09 6.70535e-09
13.325 1.35856e-08 1.41037e-08 -1.15178e-09 6.47595e-09
13.35 1.29476e-08 1.34673e-08 -9.70259e-10 6.24852e-09
13.375 1.23341e-08 1.28554e-08 -8.05939e-10 6.02472e-09
13.4 1.17473e-08 1.22703e-08 -6.57852e-10 5.80622e-09
13.425 1.11899e-08 1.17145e-08 -5.25091e-10 5.59471e-09
13.45 1.06642e-08 1.11906e-08 -4.06815e-10 5.39188e-09
13.475 1.01729e-08 1.0701e-08 -3.02251e-10 5.19939e-09
13.5 9.71855e-09 1.02485e-08 -2.10693e-10 5.01891e-09
13.525 9.30372e-09 9.83558e-09 -1.31503e-10 4.85204e-09
13.55 8.93095e-09 9.46481e-09 -6.41067e-11 4.70035e-09
13.575 8.60274e-09 9.13871e-09 -7.99898e-12 4.56535e-09
13.6 8.3215e-09 8.8597e-09 3.72644e-11 4.44848e-09
13.625 8.08954e-09 8.63012e-09 7.20665e-11 4.35109e-09
13.65 7.90905e-09 8.45217e-09 9.67329e-11 4.27445e-09
13.675 7.78206e-09 8.3279e-09 1.11535e-10 4.21972e-09
13.7 7.71047e-09 8.25923e-09 1.16693e-10 4.18796e-09
13.725 7.69598e-09 8.24786e-09 1.12383e-10 4.18012e-09
13.75 7.74008e-09 8.29533e-09 9.8736e-11 4.19703e-09
13.775 7.84407e-09 8.40292e-09 7.58486e-11 4.23938e-09
13.8 8.009e-09 8.57173e-09 4.37836e-11 4.30776e-09
13.825 8.23572e-09 8.80258e-09 2.57678e-12 4.40258e-09
13.85 8.52478e-09 9.09608e-09 -4.77589e-11 4.52416e-09
13.875 8.87652e-09 9.45256e-09 -1.07228e-10 4.67267e-09
13.9 9.29098e-09 9.87208e-09 -1.75847e-10 4.84812e-09
13.925 9.76797e-09 1.03544e-08 -2.5364e-10 5.0504e-09
13.95 1.0307e-08 1.08992e-08 -3.40636e-10 5.27928e-09
13.975 1.09073e-08 1.15056e-08 -4.36858e-10 5.53437e-09
14 1.1568e-08 1.21726e-08 -5.42328e-10 5.81514e-09
14.025 1.22876e-08 1.2899e-08 -6.57053e-10 6.12097e-09
14.05 1.30646e-08 1.36832e-08 -7.81027e-10 6.45108e-09
14.075 1.38974e-08 1.45234e-08 -9.14228e-10 6.80459e-09
14.1 1.47837e-08 1.54176e-08 -1.05661e-09 7.18051e-09
14.125 1.57214e-08 1.63635e-08 -1.2081e-09 7.57772e-09
14.15 1.6708e-08 1.73587e-08 -1.36861e-09 7.99502e-09
14.175 1.77406e-08 1.84003e-08 -1.53801e-09 8.43113e-09
14.2 1.88165e-08 1.94854e-08 -1.71614e-09 8.88464e-09
14.225 1.99324e-08 2.0611e-08 -1.90282e-09 9.35411e-09
14.25 2.10852e-08 2.17738e-08 -2.09781e-09 9.838e-09
14.275 2.22714e-08 2.29703e-08 -2.30086e-09 1.03347e-08
14.3 2.34875e-08 2.4197e-08 -2.51167e-09 1.08427e-08
14.325 2.47297e-08 2.54501e-08 -2.72992e-09 1.13601e-08
14.35 2.59942e-08 2.67259e-08 -2.95524e-09 1.18853e-08
14.375 2.72773e-08 2.80205e-08 -3.18723e-09 1.24166e-08
14.4 2.8575e-08 2.93299e-08 -3.42546e-09 1.29522e-08
14.425 2.98833e-08 3.06502e-08 -3.66945e-09 1.34904e-08
14.45 3.11982e-08 3.19772e-08 -3.91872e-09 1.40293e-08
14.475 3.25156e-08 3.33071e-08 -4.17274e-09 1.45672e-08
14.5 3.38317e-08 3.46357e-08 -4.43095e-09 1.51024e-08
14.525 3.51423e-08 3.5959e-08 -4.69278e-09 1.56331e-08
14.55 3.64437e-08 3.72731e-08 -4.95763e-09 1.61578e-08
14.575 3.77318e-08 3.85741e-08 -5.22487e-09 1.66746e-08
14.6 3.9003e-08 3.98582e-08 -5.49387e-09 1.71822e-08
14.625 4.02534e-08 4.11216e-08 -5.76398e-09 1.76788e-08
14.65 4.14796e-08 4.23607e-08 -6.03453e-09 1.81631e-08
14.675 4.26779e-08 4.35719e-08 -6.30485e-09 1.86335e-08
14.7 4.38451e-08 4.4752e-08 -6.57427e-09 1.90889e-08
14.725 4.4978e-08 4.58976e-08 -6.84211e-09 1.95278e-08
14.75 4.60735e-08 4.70057e-08 -7.10769e-09 1.9949e-08
14.775 4.71288e-08 4.80734e-08 -7.37034e-09 2.03515e-08
14.8 4.8141e-08 4.90979e-08 -7.62938e-09 2.07343e-08
14.825 4.91078e-08 5.00766e-08 -7.88417e-09 2.10962e-08
14.85 5.00266e-08 5.10072e-08 -8.13406e-09 2.14366e-08
14.875 5.08955e-08 5.18875e-08 -8.37842e-09 2.17546e-08
14.9 5.17124e-08 5.27155e-08 -8.61664e-09 2.20494e-08
14.925 5.24756e-08 5.34895e-08 -8.84814e-09 2.23207e-08
14.95 5.31835e-08 5.42077e-08 -9.07235e-09 2.25677e-08
14.975 5.38348e-08 5.48689e-08 -9.28872e-09 2.27901e-08
15 5.44283e-08 5.54719e-08 -9.49676e-09 2.29876e-08
15.025 5.49631e-08 5.60157e-08 -9.69596e-09 2.31599e-08
15.05 5.54384e-08 5.64995e-08 -9.88588e-09 2.33068e-08
15.075 5.58538e-08 5.69228e-08 -1.00661e-08 2.34284e-08
15.1 5.62088e-08 5.72853e-08 -1.02362e-08 2.35245e-08
15.125 5.65033e-08 5.75866e-08 -1.03959e-08 2.35954e-08
15.15 5.67374e-08 5.7827e-08 -1.05449e-08 2.3641e-08
15.175 5.69113e-08 5.80064e-08 -1.06828e-08 2.36618e-08
15.2 5.70254e-08 5.81254e-08 -1.08094e-08 2.3658e-08
15.225 5.70801e-08 5.81845e-08 -1.09245e-08 2.363e-08
15.25 5.70764e-08 5.81844e-08 -1.1028e-08 2.35782e-08
15.275 5.70149e-08 5.81259e-08 -1.11197e-08 2.35031e-08
15.3 5.68969e-08 5.80101e-08 -1.11995e-08 2.34053e-08
15.325 5.67233e-08 5.78381e-08 -1.12674e-08 2.32853e-08
15.35 5.64956e-08 5.76112e-08 -1.13233e-08 2.31439e-08
15.375 5.62151e-08 5.73308e-08 -1.13673e-08 2.29818e-08
15.4 5.58834e-08 5.69985e-08 -1.13994e-08 2.27996e-08
15.425 5.55021e-08 5.66159e-08 -1.14196e-08 2.25981e-08
15.45 5.50729e-08 5.61846e-08 -1.14281e-08 2.23782e-08
15.475 5.45977e-08 5.57066e-08 -1.14251e-08 2.21407e-08
15.5 5.40782e-08 5.51836e-08 -1.14107e-08 2.18865e-08
15.525 5.35165e-08 5.46177e-08 -1.13851e-08 2.16163e-08
15.55 5.29146e-08 5.40109e-08 -1.13485e-08 2.13312e-08
15.575 5.22745e-08 5.33651e-08 -1.13013e-08 2.10319e-08
15.6 5.15983e-08 5.26826e-08 -1.12436e-08 2.07195e-08
15.625 5.08881e-08 5.19655e-08 -1.11758e-08 2.03948e-08
15.65 5.01461e-08 5.12158e-08 -1.10981e-08 2.00588e-08
15.675 4.93745e-08 5.04358e-08 -1.1011e-08 1.97124e-08
15.7 4.85753e-08 4.96277e-08 -1.09148e-08 1.93564e-08
15.725 4.77508e-08 4.87936e-08 -1.08099e-08 1.89919e-08
15.75 4.6903e-08 4.79357e-08 -1.06965e-08 1.86196e-08
15.775 4.60342e-08 4.70562e-08 -1.05752e-08 1.82405e-08
15.8 4.51465e-08 4.61572e-08 -1.04464e-08 1.78554e-08
15.825 4.42419e-08 4.52408e-08 -1.03104e-08 1.74652e-08
15.85 4.33226e-08 4.43091e-08 -1.01676e-08 1.70707e-08
15.875 4.23904e-08 4.33642e-08 -1.00186e-08 1.66728e-08
15.9 4.14475e-08 4.24079e-08 -9.86365e-09 1.62721e-08
15.925 4.04956e-08 4.14424e-08 -9.70325e-09 1.58696e-08
15.95 3.95368e-08 4.04694e-08 -9.53783e-09 1.54658e-08
15.975 3.85727e-08 3.94909e-08 -9.3678e-09 1.50615e-08
16 3.76053e-08 3.85085e-08 -9.1936e-09 1.46575e-08
16.025 3.66361e-08 3.75242e-08 -9.01564e-09 1.42543e-08
16.05 3.56668e-08 3.65394e-08 -8.83433e-09 1.38525e-08
16.075 3.4699e-08 3.55558e-08 -8.65008e-09 1.34528e-08
16.1 3.37341e-08 3.45749e-08 -8.46331e-09 1.30558e-08
16.125 3.27736e-08 3.35981e-08 -8.27439e-09 1.26619e-08
16.15 3.18189e-08 3.2627e-08 -8.08371e-09 1.22716e-08
16.175 3.08713e-08 3.16627e-08 -7.89164e-09 1.18855e-08
16.2 2.99319e-08 3.07065e-08 -7.69855e-09 1.1504e-08
16.225 2.90019e-08 2.97596e-08 -7.50479e-09 1.11274e-08
16.25 2.80823e-08 2.88231e-08 -7.3107e-09 1.07562e-08
16.275 2.71743e-08 2.7898e-08 -7.1166e-09 1.03907e-08
16.3 2.62786e-08 2.69852e-08 -6.92281e-09 1.00312e-08
16.325 2.53962e-08 2.60857e-08 -6.72962e-09 9.67803e-09
16.35 2.45278e-08 2.52002e-08 -6.53732e-09 9.33143e-09
16.375 2.36742e-08 2.43295e-08 -6.34619e-09 8.99164e-09
16.4 2.2836e-08 2.34742e-08 -6.15648e-09 8.65887e-09
16.425 2.20138e-08 2.2635e-08 -5.96843e-09 8.33331e-09
16.45 2.12082e-08 2.18125e-08 -5.78227e-09 8.0151e-09
16.475 2.04195e-08 2.1007e-08 -5.59823e-09 7.70438e-09
16.5 1.96482e-08 2.0219e-08 -5.41649e-09 7.40126e-09
16.525 1.88946e-08 1.94489e-08 -5.23724e-09 7.10583e-09
16.55 1.81591e-08 1.8697e-08 -5.06066e-09 6.81816e-09
16.575 1.74418e-08 1.79635e-08 -4.8869e-09 6.53829e-09
16.6 1.67429e-08 1.72486e-08 -4.71611e-09 6.26625e-09
16.625 1.60626e-08 1.65525e-08 -4.54842e-09 6.00205e-09
16.65 1.5401e-08 1.58753e-08 -4.38394e-09 5.74568e-09
16.675 1.4758e-08 1.5217e-08 -4.22279e-09 5.49711e-09
16.7 1.41338e-08 1.45777e-08 -4.06505e-09 5.2563e-09
16.725 1.35282e-08 1.39572e-08 -3.9108e-09 5.02321e-09
16.75 1.29413e-08 1.33556e-08 -3.76012e-09 4.79776e-09
16.775 1.23728e-08 1.27728e-08 -3.61305e-09 4.57987e-09
16.8 1.18226e-08 1.22086e-08 -3.46966e-09 4.36946e-09
16.825 1.12906e-08 1.16628e-08 -3.32997e-09 4.16641e-09
16.85 1.07766e-08 1.11353e-08 -3.19401e-09 3.97063e-09
16.875 1.02803e-08 1.06258e-08 -3.06179e-09 3.78199e-09
16.9 9.80147e-09 1.01341e-08 -2.93334e-09 3.60036e-09
16.925 9.33987e-09 9.65986e-09 -2.80864e-09 3.42561e-09
16.95 8.89519e-09 9.20289e-09 -2.68769e-09 3.2576e-09
16.975 8.46712e-09 8.76283e-09 -2.57047e-09 3.09618e-09
17 8.05533e-09 8.33938e-09 -2.45696e-09 2.94121e-09
17.025 7.65949e-09 7.93218e-09 -2.34713e-09 2.79252e-09
17.05 7.27925e-09 7.54088e-09 -2.24095e-09 2.64996e-09
17.075 6.91424e-09 7.16514e-09 -2.13838e-09 2.51338e-09
17.1 6.56409e-09 6.80456e-09 -2.03937e-09 2.3826e-09
17.125 6.22843e-09 6.45878e-09 -1.94386e-09 2.25746e-09
17.15 5.90687e-09 6.12741e-09 -1.85181e-09 2.1378e-09
17.175 5.59902e-09 5.81005e-09 -1.76315e-09 2.02345e-09
17.2 5.3045e-09 5.50632e-09 -1.67782e-09 1.91425e-09
17.225 5.0229e-09 5.21582e-09 -1.59576e-09 1.81003e-09
17.25 4.75383e-09 4.93815e-09 -1.51689e-09 1.71063e-09
17.275 4.49691e-09 4.6729e-09 -1.44115e-09 1.61588e-09
17.3 4.25173e-09 4.4197e-09 -1.36847e-09 1.52561e-09
17.325 4.01791e-09 4.17813e-09 -1.29876e-09 1.43968e-09
17.35 3.79506e-09 3.9478e-09 -1.23196e-09 1.35792e-09
17.375 3.58279e-09 3.72834e-09 -1.16797e-09 1.28018e-09
17.4 3.38072e-09 3.51934e-09 -1.10674e-09 1.2063e-09
17.425 3.18849e-09 3.32044e-09 -1.04817e-09 1.13613e-09
17.45 3.00571e-09 3.13126e-09 -9.92191e-10 1.06953e-09
17.475 2.83204e-09 2.95142e-09 -9.38718e-10 1.00635e-09
17.5 2.6671e-09 2.78057e-09 -8.87674e-10 9.46449e-10
17.525 2.51057e-09 2.61836e-09 -8.38979e-10 8.89689e-10
17.55 2.36208e-09 2.46443e-09 -7.92554e-10 8.35937e-10
17.575 2.22132e-09 2.31844e-09 -7.48322e-10 7.85061e-10
17.6 2.08795e-09 2.18008e-09 -7.06204e-10 7.36936e-10
17.625 1.96165e-09 2.049e-09 -6.66125e-10 6.91437e-10
17.65 1.84213e-09 1.9249e-09 -6.28008e-10 6.48445e-10
17.675 1.72908e-09 1.80747e-09 -5.91781e-10 6.07844e-10
17.7 1.6222e-09 1.69641e-09 -5.57369e-10 5.69523e-10
17.725 1.52123e-09 1.59144e-09 -5.24702e-10 5.33371e-10
17.75 1.42587e-09 1.49228e-09 -4.93708e-10 4.99286e-10
17.775 1.33588e-09 1.39865e-09 -4.6432e-10 4.67165e-10
17.8 1.25099e-09 1.3103e-09 -4.36471e-10 4.36913e-10
17.825 1.17095e-09 1.22696e-09 -4.10095e-10 4.08434e-10
17.85 1.09554e-09 1.14841e-09 -3.85128e-10 3.8164e-10
17.875 1.02452e-09 1.0744e-09 -3.61509e-10 3.56443e-10
17.9 9.57663e-10 1.0047e-09 -3.39177e-10 3.32761e-10
17.925 8.94768e-10 9.39103e-10 -3.18075e-10 3.10514e-10
17.95 8.35628e-10 8.77396e-10 -2.98145e-10 2.89626e-10
17.975 7.80047e-10 8.19379e-10 -2.79333e-10 2.70023e-10
18 7.27838e-10 7.64858e-10 -2.61586e-10 2.51636e-10
18.025 6.78822e-10 7.13649e-10 -2.44853e-10 2.34398e-10
18.05 6.32826e-10 6.65575e-10 -2.29084e-10 2.18246e-10
18.075 5.89685e-10 6.20467e-10 -2.14231e-10 2.03118e-10
18.1 5.49245e-10 5.78162e-10 -2.0025e-10 1.88956e-10
18.125 5.11353e-10 5.38507e-10 -1.87095e-10 1.75706e-10
18.15 4.75867e-10 5.01354e-10 -1.74725e-10 1.63315e-10
18.175 4.42651e-10 4.66562e-10 -1.63099e-10 1.51732e-10
18.2 4.11575e-10 4.33998e-10 -1.52178e-10 1.4091e-10
18.225 3.82515e-10 4.03532e-10 -1.41923e-10 1.30804e-10
18.25 3.55354e-10 3.75044e-10 -1.32301e-10 1.21372e-10
18.275 3.2998e-10 3.48418e-10 -1.23276e-10 1.12571e-10
18.3 3.06286e-10 3.23545e-10 -1.14815e-10 1.04365e-10
18.325 2.84172e-10 3.0032e-10 -1.06887e-10 9.67164e-11
18.35 2.63543e-10 2.78644e-10 -9.9463e-11 8.95906e-11
18.375 2.44308e-10 2.58424e-10 -9.25137e-11 8.29551e-11
18.4 2.26381e-10 2.3957e-10 -8.60121e-11 7.6779e-11
18.425 2.09681e-10 2.21999e-10 -7.99325e-11 7.10332e-11
18.45 1.94131e-10 2.0563e-10 -7.42502e-11 6.56902e-11
18.475 1.7966e-10 1.9039e-10 -6.89418e-11 6.07239e-11
18.5 1.66197e-10 1.76205e-10 -6.39853e-11 5.611e-11
18.525 1.5368e-10 1.6301e-10 -5.93594e-11 5.18254e-11
18.55 1.42046e-10 1.50741e-10 -5.50443e-11 4.78483e-11
18.575 1.31239e-10 1.39338e-10 -5.1021e-11 4.41585e-11
18.6 1.21204e-10 1.28745e-10 -4.72716e-11 4.07366e-11
18.625 1.1189e-10 1.18908e-10 -4.3779e-11 3.75646e-11
18.65 1.0325e-10 1.09778e-10 -4.05273e-11 3.46256e-11
18.675 9.52381e-11 1.01308e-10 -3.75012e-11 3.19036e-11
18.7 8.7812e-11 9.34542e-11 -3.46864e-11 2.93839e-11
18.725 8.09321e-11 8.61739e-11 -3.20694e-11 2.70523e-11
18.75 7.45609e-11 7.94288e-11 -2.96374e-11 2.48957e-11
18.775 6.86636e-11 7.31823e-11 -2.73784e-11 2.29019e-11
18.8 6.32072e-11 6.74e-11 -2.52811e-11 2.10595e-11
18.825 5.81611e-11 6.20498e-11 -2.33347e-11 1.93575e-11
18.85 5.34964e-11 5.71015e-11 -2.15293e-11 1.77861e-11
18.875 4.91861e-11 5.2527e-11 -1.98553e-11 1.63358e-11
18.9 4.52051e-11 4.82998e-11 -1.8304e-11 1.49979e-11
18.925 4.15298e-11 4.43952e-11 -1.68669e-11 1.37641e-11
18.95 3.81382e-11 4.07902e-11 -1.55363e-11 1.26269e-11
18.975 3.50098e-11 3.74632e-11 -1.43049e-11 1.15792e-11
19 3.21252e-11 3.43941e-11 -1.31657e-11 1.06142e-11
19.025 2.94668e-11 3.15641e-11 -1.21123e-11 9.7259e-12
19.05 2.70178e-11 2.89556e-11 -1.11386e-11 8.90848e-12
19.075 2.47626e-11 2.65524e-11 -1.02392e-11 8.15661e-12
19.1 2.26868e-11 2.43392e-11 -9.40852e-12 7.46533e-12
19.125 2.07769e-11 2.23018e-11 -8.64179e-12 6.83001e-12
19.15 1.90204e-11 2.04271e-11 -7.93438e-12 6.24636e-12
19.175 1.74057e-11 1.87028e-11 -7.28197e-12 5.7104e-12
19.2 1.59219e-11 1.71174e-11 -6.68054e-12 5.21844e-12
19.225 1.45589e-11 1.56605e-11 -6.12635e-12 4.76705e-12
19.25 1.33075e-11 1.4322e-11 -5.61592e-12 4.35306e-12
19.275 1.21591e-11 1.3093e-11 -5.14598e-12 3.97351e-12
19.3 1.11054e-11 1.19649e-11 -4.71351e-12 3.62569e-12
19.325 1.01393e-11 1.09298e-11 -4.31569e-12 3.30706e-12
19.35 9.25361e-12 9.98052e-12 -3.9499e-12 3.01531e-12
19.375 8.44211e-12 9.11023e-12 -3.6137e-12 2.74826e-12
19.4 7.69885e-12 8.31269e-12 -3.30483e-12 2.50393e-12
19.425 7.01838e-12 7.58212e-12 -3.02118e-12 2.28047e-12
19.45 6.39564e-12 6.91317e-12 -2.76081e-12 2.07618e-12
19.475 5.82596e-12 6.30088e-12 -2.5219e-12 1.88949e-12
19.5 5.30503e-12 5.74067e-12 -2.30278e-12 1.71894e-12
19.525 4.82886e-12 5.22832e-12 -2.10189e-12 1.56322e-12
19.55 4.3938e-12 4.75993e-12 -1.91779e-12 1.42107e-12
19.575 3.99644e-12 4.3319e-12 -1.74914e-12 1.29138e-12
19.6 3.63366e-12 3.9409e-12 -1.59471e-12 1.17309e-12
19.625 3.30259e-12 3.58386e-12 -1.45337e-12 1.06525e-12
19.65 3.00057e-12 3.25797e-12 -1.32405e-12 9.66964e-13
19.675 2.72516e-12 2.96063e-12 -1.20577e-12 8.77429e-13
19.7 2.47412e-12 2.68944e-12 -1.09765e-12 7.95894e-13
19.725 2.24537e-12 2.44219e-12 -9.98848e-13 7.21673e-13
19.75 2.03703e-12 2.21687e-12 -9.08595e-13 6.54136e-13
19.775 1.84733e-12 2.0116e-12 -8.26187e-13 5.92706e-13
19.8 1.67469e-12 1.82467e-12 -7.50971e-13 5.3685e-13
19.825 1.51763e-12 1.65451e-12 -6.82348e-13 4.86083e-13
19.85 1.3748e-12 1.49968e-12 -6.19764e-13 4.39959e-13
19.875 1.24496e-12 1.35885e-12 -5.62711e-13 3.98068e-13
19.9 1.12697e-12 1.23079e-12 -5.1072e-13 3.60037e-13
19.925 1.01979e-12 1.11441e-12 -4.6336e-13 3.25523e-13
19.95 9.22477e-13 1.00866e-12 -4.20237e-13 2.94213e-13
19.975 8.34145e-13 9.12626e-13 -3.80987e-13 2.6582e-13
20 7.54e-13 8.25437e-13 -3.45275e-13 2.40081e-13
