0 162.949 81.4679 -0.149764 3.86064
0.025 162.949 81.4679 -0.149764 3.86064
0.05 163.302 81.8677 -0.150463 3.86056
0.075 163.889 82.5325 -0.151627 3.86047
0.1 164.71 83.4599 -0.153256 3.86047
0.125 165.76 84.6476 -0.155349 3.86049
0.15 167.036 86.092 -0.157904 3.86047
0.175 168.537 87.7892 -0.16092 3.86047
0.2 170.256 89.7343 -0.164395 3.8604
0.225 172.189 91.9218 -0.168327 3.86034
0.25 174.33 94.3454 -0.172714 3.86028
0.275 176.674 96.9984 -0.177552 3.86017
0.3 179.213 99.8732 -0.182839 3.86002
0.325 181.941 102.962 -0.188569 3.85984
0.35 184.848 106.255 -0.19474 3.85963
0.375 187.928 109.744 -0.201344 3.85936
0.4 191.17 113.419 -0.208378 3.85903
0.425 194.567 117.27 -0.215834 3.85862
0.45 198.107 121.284 -0.223704 3.85814
0.475 201.781 125.453 -0.231982 3.8576
0.5 205.579 129.764 -0.240659 3.85695
0.525 209.489 134.204 -0.249724 3.85621
0.55 213.5 138.763 -0.259166 3.85535
0.575 217.602 143.426 -0.268976 3.85437
0.6 221.781 148.182 -0.27914 3.85328
0.625 226.027 153.017 -0.289644 3.85204
0.65 230.327 157.919 -0.300475 3.85065
0.675 234.67 162.874 -0.311616 3.84912
0.7 239.042 167.868 -0.323051 3.84742
0.725 243.432 172.888 -0.334763 3.84555
0.75 247.828 177.922 -0.346733 3.84349
0.775 252.216 182.955 -0.358942 3.84123
0.8 256.585 187.974 -0.371368 3.83878
0.825 260.923 192.967 -0.38399 3.83611
0.85 265.217 197.92 -0.396786 3.83322
0.875 269.457 202.82 -0.409732 3.8301
0.9 273.629 207.655 -0.422804 3.82674
0.925 277.722 212.413 -0.435975 3.82313
0.95 281.726 217.082 -0.44922 3.81927
0.975 285.63 221.65 -0.462513 3.81514
1 289.422 226.106 -0.475826 3.81074
1.025 293.093 230.439 -0.489131 3.80606
1.05 296.633 234.639 -0.502399 3.80109
1.075 300.032 238.695 -0.515602 3.79584
1.1 303.281 242.599 -0.528711 3.79028
1.125 306.372 246.34 -0.541695 3.78441
1.15 309.297 249.912 -0.554526 3.77823
1.175 312.047 253.305 -0.567174 3.77174
1.2 314.617 256.512 -0.579609 3.76493
1.225 316.998 259.526 -0.591801 3.7578
1.25 319.186 262.342 -0.603723 3.75033
1.275 321.174 264.954 -0.615345 3.74254
1.3 322.958 267.355 -0.626638 3.73441
1.325 324.533 269.544 -0.637577 3.72595
1.35 325.896 271.514 -0.648132 3.71714
1.375 327.042 273.262 -0.658283 3.708
1.4 327.97 274.787 -0.667997 3.69853
1.425 328.677 276.086 -0.677253 3.68871
1.45 329.162 277.155 -0.686027 3.67856
1.475 329.423 277.998 -0.694299 3.66806
1.5 329.461 278.612 -0.702047 3.65723
1.525 329.275 278.997 -0.709253 3.64607
1.55 328.867 279.155 -0.715897 3.63457
1.575 328.236 279.088 -0.721964 3.62275
1.6 327.386 278.795 -0.727439 3.6106
1.625 326.318 278.28 -0.732309 3.59813
1.65 325.035 277.546 -0.736561 3.58534
1.675 323.54 276.596 -0.740187 3.57224
1.7 321.838 275.435 -0.743178 3.55883
1.725 319.931 274.066 -0.745527 3.54513
1.75 317.825 272.494 -0.74723 3.53112
1.775 315.524 270.725 -0.748283 3.51683
1.8 313.034 268.763 -0.748685 3.50226
1.825 310.361 266.615 -0.748437 3.48741
1.85 307.509 264.286 -0.747538 3.47229
1.875 304.486 261.784 -0.745998 3.45692
1.9 301.299 259.114 -0.74382 3.44129
1.925 297.953 256.284 -0.74101 3.42541
1.95 294.456 253.301 -0.737579 3.40931
1.975 290.815 250.172 -0.733535 3.39297
2 287.038 246.904 -0.728896 3.37642
2.025 283.131 243.506 -0.723666 3.35966
2.05 279.103 239.985 -0.717864 3.34269
2.075 274.962 236.348 -0.711506 3.32554
2.1 270.714 232.604 -0.704609 3.30821
2.125 266.368 228.761 -0.697192 3.29071
2.15 261.933 224.826 -0.689274 3.27304
2.175 257.414 220.808 -0.680876 3.25523
2.2 252.822 216.714 -0.672019 3.23727
2.225 248.162 212.552 -0.662725 3.21918
2.25 243.444 208.33 -0.653017 3.20097
2.275 238.674 204.055 -0.642918 3.18264
2.3 233.86 199.735 -0.632453 3.16421
2.325 229.01 195.378 -0.621646 3.14569
2.35 224.131 190.984 -0.610522 3.12708
2.375 219.23 186.574 -0.599105 3.1084
2.4 214.314 182.147 -0.587422 3.08965
2.425 209.389 177.711 -0.575497 3.07085
2.45 204.463 173.272 -0.563355 3.052
2.475 199.542 168.836 -0.551023 3.03311
2.5 194.631 164.41 -0.538524 3.01419
2.525 189.737 159.999 -0.525884 2.99526
2.55 184.865 155.609 -0.513111 2.97631
2.575 180.021 151.25 -0.500262 2.95735
2.6 175.21 146.918 -0.487345 2.93841
2.625 170.437 142.622 -0.474381 2.91947
2.65 165.706 138.368 -0.461395 2.90055
2.675 161.023 134.158 -0.448407 2.88166
2.7 156.391 129.999 -0.435438 2.86281
2.725 151.813 125.89 -0.422511 2.844
2.75 147.295 121.84 -0.409643 2.82523
2.775 142.838 117.851 -0.396859 2.80652
2.8 138.447 113.925 -0.384167 2.78787
2.825 134.124 110.065 -0.37159 2.76929
2.85 129.872 106.274 -0.359143 2.75078
2.875 125.693 102.554 -0.346842 2.73235
2.9 121.589 98.9071 -0.334702 2.71401
2.925 117.563 95.3349 -0.322742 2.69575
2.95 113.616 91.8392 -0.310962 2.67759
2.975 109.749 88.4214 -0.29938 2.65952
3 105.963 85.0826 -0.288008 2.64156
3.025 102.261 81.8238 -0.276847 2.62371
3.05 98.642 78.6458 -0.265921 2.60596
3.075 95.1074 75.549 -0.25523 2.58833
3.1 91.6576 72.534 -0.244781 2.57082
3.125 88.2929 69.6008 -0.234581 2.55343
3.15 85.0134 66.7495 -0.224635 2.53621
3.175 81.8191 63.98 -0.214947 2.51907
3.2 78.7098 61.292 -0.205521 2.50206
3.225 75.6853 58.685 -0.19636 2.48517
3.25 72.7451 56.1586 -0.187466 2.46839
3.275 69.8887 53.7119 -0.178839 2.45178
3.3 67.1154 51.3443 -0.170482 2.43531
3.325 64.4244 49.0549 -0.162393 2.41898
3.35 61.8147 46.8425 -0.154572 2.40279
3.375 59.2856 44.7061 -0.147017 2.38674
3.4 56.8358 42.6446 -0.139728 2.37083
3.425 54.4643 40.6566 -0.132701 2.35507
3.45 52.1698 38.7409 -0.125934 2.33945
3.475 49.9512 36.896 -0.119423 2.32398
3.5 47.807 35.1205 -0.113165 2.30866
3.525 45.7352 33.4129 -0.107156 2.29348
3.55 43.7358 31.7717 -0.101391 2.27845
3.575 41.8065 30.1954 -0.0958648 2.26356
3.6 39.946 28.6822 -0.0905731 2.24882
3.625 38.1527 27.2307 -0.0855105 2.23423
3.65 36.4251 25.8391 -0.0806714 2.21978
3.675 34.7616 24.5059 -0.07605 2.20548
3.7 33.1606 23.2293 -0.0716405 2.19133
3.725 31.6206 22.0078 -0.0674369 2.17732
3.75 30.1399 20.8396 -0.063433 2.16346
3.775 28.7171 19.7231 -0.0596228 2.14974
3.8 27.3504 18.6567 -0.0559999 2.13616
3.825 26.0384 17.6387 -0.0525581 2.12273
3.85 24.7794 16.6675 -0.0492911 2.10944
3.875 23.5719 15.7415 -0.0461926 2.09628
3.9 22.4143 14.8591 -0.0432564 2.08327
3.925 21.3051 14.0189 -0.0404763 2.0704
3.95 20.2428 13.2191 -0.0378461 2.05766
3.975 19.2259 12.4584 -0.0353599 2.04506
4 18.2529 11.7352 -0.0330115 2.0326
4.025 17.3224 11.0482 -0.0307952 2.02027
4.05 16.4328 10.3958 -0.0287052 2.00807
4.075 15.5829 9.77676 -0.0267359 1.996
4.1 14.7712 9.18964 -0.0248817 1.98407
4.125 13.9963 8.63316 -0.0231373 1.97226
4.15 13.257 8.10601 -0.0214976 1.96058
4.175 12.5519 7.60696 -0.0199573 1.94903
4.2 11.8798 7.13479 -0.0185117 1.9376
4.225 11.2395 6.68831 -0.0171559 1.9263
4.25 10.6296 6.26638 -0.0158853 1.91511
4.275 10.0491 5.8679 -0.0146955 1.90405
4.3 9.49671 5.49178 -0.0135823 1.89311
4.325 8.97139 5.13698 -0.0125414 1.88228
4.35 8.47203 4.80251 -0.011569 1.87157
4.375 7.99757 4.48739 -0.0106613 1.86098
4.4 7.54697 4.19069 -0.00981451 1.8505
4.425 7.11923 3.91149 -0.00902525 1.84013
4.45 6.71338 3.64894 -0.00829018 1.82987
4.475 6.32847 3.40219 -0.0076061 1.81972
4.5 5.9636 3.17044 -0.00696998 1.80968
4.525 5.61788 2.95292 -0.00637893 1.79975
4.55 5.29045 2.74888 -0.00583019 1.78992
4.575 4.98049 2.55761 -0.00532115 1.78019
4.6 4.6872 2.37843 -0.00484932 1.77057
4.625 4.40981 2.21067 -0.00441234 1.76105
4.65 4.14757 2.05372 -0.00400798 1.75162
4.675 3.89977 1.90697 -0.00363411 1.7423
4.7 3.66571 1.76985 -0.00328874 1.73307
4.725 3.44473 1.64181 -0.00296997 1.72393
4.75 3.2362 1.52233 -0.00267602 1.71489
4.775 3.03949 1.41091 -0.00240519 1.70595
4.8 2.85402 1.30708 -0.00215591 1.69709
4.825 2.67921 1.21038 -0.00192667 1.68832
4.85 2.51453 1.12037 -0.00171606 1.67965
4.875 2.35945 1.03666 -0.00152277 1.67106
4.9 2.21347 0.958859 -0.00134555 1.66256
4.925 2.07612 0.886587 -0.00118323 1.65414
4.95 1.94693 0.819498 -0.00103472 1.64581
4.975 1.82546 0.757262 -0.000898999 1.63756
5 1.7113 0.699565 -0.000775105 1.62939
5.025 1.60406 0.646108 -0.000662145 1.6213
5.05 1.50333 0.596612 -0.000559282 1.61329
5.075 1.40877 0.550812 -0.000465739 1.60536
5.1 1.32003 0.508456 -0.00038078 1.5975
5.125 1.23677 0.469311 -0.000303733 1.58973
5.15 1.15869 0.433152 -0.000233968 1.58202
5.175 1.08548 0.399773 -0.000170902 1.5744
5.2 1.01686 0.368976 -0.000113989 1.56684
5.225 0.952567 0.340578 -6.2728e-05 1.55936
5.25 0.892335 0.314404 -1.66523e-05 1.55194
5.275 0.835926 0.290294 2.46687e-05 1.5446
5.3 0.783111 0.268096 6.1622e-05 1.53733
5.325 0.733671 0.247666 9.46011e-05 1.53012
5.35 0.687402 0.228874 0.000123924 1.52298
5.375 0.644107 0.211594 0.000149906 1.51591
5.4 0.603604 0.195712 0.000172831 1.50891
5.425 0.565718 0.181119 0.000192965 1.50196
5.45 0.530285 0.167715 0.000210545 1.49508
5.475 0.497151 0.155407 0.000225794 1.48827
5.5 0.466169 0.144109 0.00023891 1.48151
5.525 0.437202 0.133739 0.000250078 1.47482
5.55 0.410121 0.124223 0.000259465 1.46818
5.575 0.384803 0.115491 0.000267223 1.46161
5.6 0.361135 0.10748 0.00027349 1.4551
5.625 0.339008 0.100129 0.000278397 1.44864
5.65 0.318321 0.0933847 0.000282058 1.44224
5.675 0.29898 0.0871954 0.000284584 1.43589
5.7 0.280895 0.0815143 0.000286057 1.4296
5.725 0.263983 0.076298 0.000286564 1.42337
5.75 0.248166 0.0715067 0.000286198 1.41719
5.775 0.233369 0.0671035 0.000285025 1.41106
5.8 0.219525 0.0630543 0.000283113 1.40499
5.825 0.206569 0.0593281 0.000280522 1.39897
5.85 0.194441 0.0558961 0.000277308 1.393
5.875 0.183085 0.0527317 0.000273525 1.38708
5.9 0.172449 0.0498108 0.00026922 1.38121
5.925 0.162482 0.047111 0.000264439 1.37539
5.95 0.15314 0.0446118 0.000259228 1.36962
5.975 0.14438 0.0422946 0.000253621 1.36389
6 0.136162 0.040142 0.000247659 1.35822
6.025 0.128449 0.0381385 0.000241379 1.35259
6.05 0.121206 0.0362693 0.000234815 1.34701
6.075 0.1144 0.034522 0.000228001 1.34147
6.1 0.108003 0.0328844 0.000220968 1.33598
6.125 0.101987 0.0313456 0.000213749 1.33053
6.15 0.0963242 0.0298957 0.000206374 1.32513
6.175 0.090992 0.0285259 0.000198871 1.31977
6.2 0.0859677 0.0272282 0.00019127 1.31446
6.225 0.0812307 0.0259953 0.000183598 1.30919
6.25 0.0767616 0.0248208 0.000175883 1.30396
6.275 0.0725428 0.0236989 0.00016815 1.29877
6.3 0.0685576 0.0226246 0.000160424 1.29362
6.325 0.064791 0.0215933 0.000152731 1.28851
6.35 0.0612288 0.0206012 0.000145093 1.28345
6.375 0.0578579 0.0196448 0.000137532 1.27842
6.4 0.0546664 0.0187212 0.000130071 1.27343
6.425 0.0516432 0.0178279 0.000122729 1.26848
6.45 0.048778 0.0169629 0.00011553 1.26357
6.475 0.0460614 0.0161244 0.000108478 1.2587
6.5 0.0434848 0.0153111 0.000101603 1.25386
6.525 0.0410401 0.014522 9.49152e-05 1.24907
6.55 0.03872 0.0137562 8.84277e-05 1.24431
6.575 0.0365178 0.0130133 8.21526e-05 1.23958
6.6 0.034427 0.0122929 7.60996e-05 1.23489
6.625 0.0324421 0.0115948 7.02791e-05 1.23024
6.65 0.0305578 0.010919 6.46974e-05 1.22562
6.675 0.0287692 0.0102658 5.93603e-05 1.22103
6.7 0.0270717 0.00963525 5.42717e-05 1.21648
6.725 0.0254612 0.00902778 4.94344e-05 1.21196
6.75 0.0239338 0.0084436 4.48493e-05 1.20748
6.775 0.0224859 0.00788312 4.05161e-05 1.20303
6.8 0.0211141 0.00734673 3.64329e-05 1.19861
6.825 0.0198153 0.00683477 3.25969e-05 1.19423
6.85 0.0185864 0.00634755 2.90041e-05 1.18987
6.875 0.0174248 0.00588534 2.56483e-05 1.18555
6.9 0.0163277 0.00544833 2.25234e-05 1.18126
6.925 0.0152926 0.00503663 1.96222e-05 1.177
6.95 0.014317 0.00465027 1.69364e-05 1.17278
6.975 0.0133986 0.00428917 1.44572e-05 1.16858
7 0.0125351 0.00395315 1.21754e-05 1.16441
7.025 0.0117242 0.00364191 1.00807e-05 1.16027
7.05 0.0109639 0.00335505 8.16323e-06 1.15616
7.075 0.0102519 0.00309205 6.41266e-06 1.15208
7.1 0.00958611 0.00285228 4.81774e-06 1.14803
7.125 0.00896456 0.002635 3.36864e-06 1.14401
7.15 0.00838514 0.00243937 2.0549e-06 1.14001
7.175 0.00784584 0.00226445 8.66227e-07 1.13604
7.2 0.00734465 0.00210922 -2.07261e-07 1.1321
7.225 0.00687958 0.00197256 -1.17505e-06 1.12819
7.25 0.00644867 0.00185331 -2.04617e-06 1.12431
7.275 0.00604999 0.00175025 -2.82907e-06 1.12045
7.3 0.00568163 0.00166208 -3.53176e-06 1.11661
7.325 0.00534171 0.00158753 -4.16151e-06 1.11281
7.35 0.00502838 0.00152527 -4.72497e-06 1.10903
7.375 0.00473985 0.00147399 -5.22813e-06 1.10527
7.4 0.00447436 0.00143235 -5.6763e-06 1.10154
7.425 0.0042302 0.00139907 -6.07411e-06 1.09784
7.45 0.00400573 0.00137293 -6.42552e-06 1.09416
7.475 0.00379936 0.00135268 -6.73386e-06 1.09051
7.5 0.00360958 0.00133719 -7.00184e-06 1.08688
7.525 0.00343493 0.00132537 -7.2316e-06 1.08327
7.55 0.00327404 0.00131624 -7.42475e-06 1.07969
7.575 0.00312563 0.00130887 -7.58242e-06 1.07613
7.6 0.0029885 0.00130246 -7.70532e-06 1.07259
7.625 0.00286153 0.00129626 -7.79395e-06 1.06908
7.65 0.00274368 0.00128965 -7.84811e-06 1.06559
7.675 0.00263404 0.00128214 -7.86779e-06 1.06213
7.7 0.00253172 0.00127329 -7.85267e-06 1.05868
7.725 0.00243599 0.00126281 -7.80235e-06 1.05526
7.75 0.00234617 0.00125049 -7.71642e-06 1.05186
7.775 0.00226168 0.00123622 -7.59451e-06 1.04848
7.8 0.00218202 0.00122 -7.43633e-06 1.04513
7.825 0.00210677 0.0012019 -7.24186e-06 1.04179
7.85 0.00203559 0.00118208 -7.01114e-06 1.03848
7.875 0.00196821 0.00116075 -6.7443e-06 1.03519
7.9 0.00190442 0.00113823 -6.44227e-06 1.03192
7.925 0.00184406 0.00111484 -6.10594e-06 1.02867
7.95 0.00178706 0.001091 -5.7366e-06 1.02544
7.975 0.00173334 0.00106711 -5.33596e-06 1.02223
8 0.00168291 0.00104364 -4.90619e-06 1.01904
8.025 0.0016358 0.00102104 -4.44948e-06 1.01587
8.05 0.001592 0.000999771 -3.96873e-06 1.01272
8.075 0.00155162 0.00098029 -3.46708e-06 1.00958
8.1 0.00151471 0.000963033 -2.94791e-06 1.00647
8.125 0.00148135 0.000948405 -2.41525e-06 1.00338
8.15 0.00145161 0.00093678 -1.87286e-06 1.00031
8.175 0.00142555 0.000928496 -1.32509e-06 0.997252
8.2 0.0014032 0.000923773 -7.7635e-07 0.994216
8.225 0.00138459 0.000922903 -2.31198e-07 0.991198
8.25 0.00136973 0.000926018 3.05755e-07 0.988199
8.275 0.00135858 0.000933222 8.29878e-07 0.985218
8.3 0.00135109 0.000944523 1.33659e-06 0.982254
8.325 0.00134715 0.000959877 1.8214e-06 0.979309
8.35 0.00134666 0.000979202 2.28001e-06 0.976381
8.375 0.00134943 0.00100231 2.70829e-06 0.973471
8.4 0.00135528 0.00102895 3.10244e-06 0.970578
8.425 0.00136399 0.00105884 3.45894e-06 0.967702
8.45 0.00137527 0.0010916 3.77468e-06 0.964843
8.475 0.00138885 0.00112684 4.04707e-06 0.962001
8.5 0.00140441 0.00116409 4.27355e-06 0.959176
8.525 0.0014216 0.00120287 4.45252e-06 0.956367
8.55 0.00144007 0.00124266 4.5828e-06 0.953575
8.575 0.00145943 0.00128291 4.66338e-06 0.950799
8.6 0.0014793 0.00132307 4.69454e-06 0.948039
8.625 0.0014993 0.00136257 4.67632e-06 0.945295
8.65 0.00151903 0.00140084 4.60971e-06 0.942567
8.675 0.00153811 0.00143736 4.49623e-06 0.939854
8.7 0.00155616 0.00147158 4.33777e-06 0.937158
8.725 0.00157282 0.00150301 4.13683e-06 0.934476
8.75 0.00158775 0.00153123 3.8963e-06 0.931811
8.775 0.00160066 0.00155573 3.61951e-06 0.92916
8.8 0.00161128 0.00157618 3.31041e-06 0.926524
8.825 0.00161933 0.00159228 2.97298e-06 0.923903
8.85 0.0016246 0.00160377 2.61159e-06 0.921297
8.875 0.00162694 0.00161045 2.23086e-06 0.918706
8.9 0.00162622 0.00161218 1.83558e-06 0.916129
8.925 0.00162236 0.00160893 1.43064e-06 0.913567
8.95 0.00161532 0.00160071 1.02098e-06 0.911019
8.975 0.00160512 0.00158759 6.1153e-07 0.908485
9 0.00159181 0.00156975 2.07153e-07 0.905965
9.025 0.00157549 0.00154736 -1.87434e-07 0.90346
9.05 0.00155633 0.00152071 -5.67707e-07 0.900968
9.075 0.00153449 0.00149015 -9.2951e-07 0.898489
9.1 0.00151022 0.00145605 -1.26853e-06 0.896025
9.125 0.00148378 0.00141887 -1.58168e-06 0.893574
9.15 0.00145546 0.00137907 -1.86522e-06 0.891136
9.175 0.00142558 0.00133719 -2.11643e-06 0.888711
9.2 0.00139452 0.00129375 -2.33333e-06 0.8863
9.225 0.0013626 0.00124932 -2.5139e-06 0.883902
9.25 0.00133022 0.00120448 -2.65681e-06 0.881517
9.275 0.00129776 0.0011598 -2.76129e-06 0.879144
9.3 0.00126562 0.00111586 -2.8271e-06 0.876785
9.325 0.00123417 0.00107322 -2.85432e-06 0.874438
9.35 0.00120379 0.00103243 -2.84393e-06 0.872103
9.375 0.00117485 0.000994001 -2.79698e-06 0.869781
9.4 0.00114768 0.000958411 -2.71544e-06 0.867472
9.425 0.00112262 0.000926104 -2.60136e-06 0.865174
9.45 0.00109997 0.000897473 -2.4574e-06 0.862889
9.475 0.00107994 0.000872847 -2.28652e-06 0.860616
9.5 0.00106278 0.000852531 -2.09205e-06 0.858355
9.525 0.00104865 0.000836745 -1.87758e-06 0.856105
9.55 0.00103775 0.00082565 -1.64693e-06 0.853867
9.575 0.00103015 0.000819362 -1.40412e-06 0.851642
9.6 0.00102589 0.000817885 -1.15326e-06 0.849427
9.625 0.00102497 0.000821218 -8.9854e-07 0.847224
9.65 0.00102744 0.000829216 -6.44157e-07 0.845033
9.675 0.00103314 0.000841745 -3.94254e-07 0.842853
9.7 0.00104198 0.000858567 -1.52862e-07 0.840684
9.725 0.00105379 0.000879439 7.61499e-08 0.838526
9.75 0.00106837 0.000904007 2.89127e-07 0.83638
9.775 0.00108548 0.00093189 4.82678e-07 0.834244
9.8 0.00110484 0.000962665 6.5372e-07 0.83212
9.825 0.00112617 0.000995871 7.99516e-07 0.830006
9.85 0.00114913 0.00103102 9.17714e-07 0.827903
9.875 0.00117338 0.00106759 1.00638e-06 0.82581
9.9 0.00119856 0.00110506 1.06402e-06 0.823728
9.925 0.00122431 0.00114288 1.08956e-06 0.821657
9.95 0.00125023 0.00118052 1.08245e-06 0.819596
9.975 0.00127594 0.00121744 1.04259e-06 0.817545
10 0.00130111 0.00125311 9.70337e-07 0.815504
10.025 0.00132536 0.00128704 8.6654e-07 0.813474
10.05 0.00134836 0.00131874 7.32536e-07 0.811454
10.075 0.00136973 0.00134777 5.69902e-07 0.809444
10.1 0.00138921 0.00137373 3.80924e-07 0.807443
10.125 0.00140651 0.00139625 1.68068e-07 0.805453
10.15 0.0014214 0.00141502 -6.58024e-08 0.803472
10.175 0.00143365 0.00142982 -3.17519e-07 0.801501
10.2 0.00144311 0.00144037 -5.83651e-07 0.79954
10.225 0.00144963 0.00144655 -8.60546e-07 0.797588
10.25 0.00145313 0.00144828 -1.14439e-06 0.795646
10.275 0.00145355 0.00144554 -1.43124e-06 0.793714
10.3 0.0014509 0.00143833 -1.7171e-06 0.79179
10.325 0.00144521 0.00142679 -1.99794e-06 0.789876
10.35 0.00143655 0.00141105 -2.2698e-06 0.787972
10.375 0.00142504 0.00139126 -2.52879e-06 0.786076
10.4 0.00141086 0.00136781 -2.77116e-06 0.78419
10.425 0.00139418 0.00134092 -2.99336e-06 0.782312
10.45 0.00137524 0.00131097 -3.19207e-06 0.780444
10.475 0.00135431 0.00127835 -3.36427e-06 0.778584
10.5 0.00133168 0.0012435 -3.50723e-06 0.776734
10.525 0.00130765 0.00120687 -3.61865e-06 0.774892
10.55 0.00128257 0.00116896 -3.69634e-06 0.773059
10.575 0.00125678 0.00113027 -3.739e-06 0.771234
10.6 0.00123064 0.00109131 -3.74524e-06 0.769418
10.625 0.00120453 0.0010526 -3.71453e-06 0.767611
10.65 0.0011788 0.00101465 -3.64657e-06 0.765812
10.675 0.00115384 0.00097798 -3.54158e-06 0.764022
10.7 0.00112998 0.000943074 -3.40024e-06 0.76224
10.725 0.00110759 0.000910403 -3.22365e-06 0.760466
10.75 0.00108698 0.00088041 -3.01323e-06 0.7587
10.775 0.00106846 0.000853505 -2.77117e-06 0.756943
10.8 0.00105232 0.00083006 -2.49972e-06 0.755194
10.825 0.0010388 0.000810405 -2.20162e-06 0.753453
10.85 0.00102814 0.000794824 -1.87992e-06 0.75172
10.875 0.00102052 0.000783574 -1.538e-06 0.749995
10.9 0.00101609 0.000776795 -1.17939e-06 0.748277
10.925 0.00101496 0.000774631 -8.07942e-07 0.746568
10.95 0.0010172 0.000777117 -4.27652e-07 0.744867
10.975 0.00102286 0.000784331 -4.26209e-08 0.743173
11 0.00103192 0.000796206 3.42973e-07 0.741487
11.025 0.00104431 0.000812656 7.24929e-07 0.739808
11.05 0.00105995 0.000833485 1.09907e-06 0.738137
11.075 0.00107868 0.00085851 1.4613e-06 0.736474
11.1 0.00110039 0.000887474 1.80764e-06 0.734818
11.125 0.00112483 0.000920073 2.13427e-06 0.73317
11.15 0.00115179 0.000955959 2.43761e-06 0.731529
11.175 0.00118098 0.000994745 2.71431e-06 0.729895
11.2 0.00121212 0.00103601 2.96132e-06 0.728269
11.225 0.00124488 0.00107931 3.176e-06 0.72665
11.25 0.00127891 0.00112416 3.35582e-06 0.725038
11.275 0.00131387 0.00117006 3.49886e-06 0.723433
11.3 0.00134938 0.00121653 3.60353e-06 0.721835
11.325 0.00138508 0.00126304 3.66877e-06 0.720245
11.35 0.00142058 0.00130907 3.69377e-06 0.718661
11.375 0.00145551 0.00135414 3.67834e-06 0.717084
11.4 0.0014895 0.00139772 3.62264e-06 0.715515
11.425 0.00152218 0.00143935 3.52743e-06 0.713952
11.45 0.00155321 0.00147855 3.39344e-06 0.712396
11.475 0.00158225 0.00151491 3.22231e-06 0.710846
11.5 0.00160902 0.00154802 3.01604e-06 0.709304
11.525 0.00163322 0.00157752 2.77684e-06 0.707768
11.55 0.00165461 0.00160309 2.50736e-06 0.706239
11.575 0.00167296 0.00162444 2.21056e-06 0.704716
11.6 0.00168808 0.00164136 1.88974e-06 0.7032
11.625 0.00169983 0.00165363 1.54841e-06 0.701691
11.65 0.0017081 0.00166116 1.19033e-06 0.700188
11.675 0.00171281 0.00166387 8.19458e-07 0.698691
11.7 0.00171392 0.00166172 4.3986e-07 0.697201
11.725 0.00171146 0.00165474 5.57135e-08 0.695717
11.75 0.00170545 0.00164302 -3.28758e-07 0.694239
11.775 0.00169599 0.00162671 -7.09329e-07 0.692768
11.8 0.00168322 0.00160595 -1.08174e-06 0.691303
11.825 0.00166728 0.00158097 -1.44204e-06 0.689844
11.85 0.00164839 0.00155212 -1.78619e-06 0.688391
11.875 0.00162677 0.00151969 -2.1104e-06 0.686944
11.9 0.00160269 0.00148406 -2.41107e-06 0.685504
11.925 0.00157645 0.00144559 -2.68494e-06 0.684069
11.95 0.00154835 0.00140473 -2.92884e-06 0.682641
11.975 0.00151873 0.00136193 -3.14014e-06 0.681218
12 0.00148796 0.00131767 -3.31638e-06 0.679802
12.025 0.0014564 0.00127245 -3.4556e-06 0.678391
12.05 0.00142442 0.00122676 -3.55605e-06 0.676986
12.075 0.00139244 0.00118114 -3.61681e-06 0.675587
12.1 0.00136084 0.00113607 -3.63693e-06 0.674194
12.125 0.00133001 0.00109208 -3.61604e-06 0.672806
12.15 0.00130033 0.00104967 -3.55423e-06 0.671424
12.175 0.00127217 0.00100931 -3.452e-06 0.670048
12.2 0.0012459 0.00097148 -3.31014e-06 0.668677
12.225 0.00122186 0.00093661 -3.13027e-06 0.667312
12.25 0.00120037 0.000905117 -2.9139e-06 0.665953
12.275 0.00118173 0.000877379 -2.66355e-06 0.664599
12.3 0.00116621 0.00085374 -2.38136e-06 0.663251
12.325 0.00115406 0.000834503 -2.07031e-06 0.661908
12.35 0.0011455 0.00081993 -1.73358e-06 0.66057
12.375 0.00114068 0.000810234 -1.3746e-06 0.659238
12.4 0.00113976 0.000805599 -9.97084e-07 0.657912
12.425 0.00114283 0.000806125 -6.04932e-07 0.65659
12.45 0.00114998 0.000811889 -2.02231e-07 0.655274
12.475 0.00116122 0.00082292 2.06801e-07 0.653964
12.5 0.00117654 0.000839169 6.17851e-07 0.652658
12.525 0.00119588 0.000860567 1.02657e-06 0.651358
12.55 0.00121916 0.000886984 1.42855e-06 0.650063
12.575 0.00124626 0.000918242 1.81949e-06 0.648773
12.6 0.00127701 0.00095412 2.1951e-06 0.647488
12.625 0.00131121 0.000994385 2.55124e-06 0.646208
12.65 0.00134863 0.00103862 2.88393e-06 0.644934
12.675 0.00138902 0.00108659 3.18928e-06 0.643664
12.7 0.00143207 0.00113788 3.46394e-06 0.642399
12.725 0.00147749 0.00119207 3.7044e-06 0.64114
12.75 0.00152496 0.00124872 3.90774e-06 0.639885
12.775 0.00157404 0.00130739 4.07126e-06 0.638635
12.8 0.00162445 0.00136756 4.19262e-06 0.63739
12.825 0.00167577 0.00142876 4.26991e-06 0.63615
12.85 0.00172761 0.00149048 4.30162e-06 0.634914
12.875 0.00177958 0.0015522 4.28658e-06 0.633684
12.9 0.00183128 0.00161341 4.22408e-06 0.632458
12.925 0.00188231 0.00167361 4.11385e-06 0.631237
12.95 0.00193228 0.00173229 3.95607e-06 0.630021
12.975 0.00198081 0.00178897 3.75132e-06 0.628809
13 0.00202754 0.00184317 3.50075e-06 0.627602
13.025 0.00207211 0.00189446 3.20581e-06 0.6264
13.05 0.00211419 0.00194239 2.86848e-06 0.625202
13.075 0.00215349 0.00198659 2.49112e-06 0.624009
13.1 0.0021897 0.00202668 2.07645e-06 0.62282
13.125 0.00222259 0.00206235 1.62763e-06 0.621636
13.15 0.00225192 0.0020933 1.14818e-06 0.620457
13.175 0.00227751 0.00211929 6.41931e-07 0.619282
13.2 0.00229919 0.00214012 1.13057e-07 0.618111
13.225 0.00231685 0.00215562 -4.34305e-07 0.616945
13.25 0.0023304 0.00216567 -9.94858e-07 0.615783
13.275 0.0023398 0.00217022 -1.56365e-06 0.614625
13.3 0.00234505 0.00216926 -2.13622e-06 0.613472
13.325 0.00234616 0.00216281 -2.707e-06 0.612323
13.35 0.00234323 0.00215094 -3.27063e-06 0.611179
13.375 0.00233635 0.0021338 -3.82155e-06 0.610039
13.4 0.00232567 0.00211153 -4.3545e-06 0.608903
13.425 0.0023114 0.00208436 -4.86366e-06 0.607771
13.45 0.00229374 0.00205256 -5.34404e-06 0.606643
13.475 0.00227295 0.00201643 -5.79003e-06 0.60552
13.5 0.00224931 0.00197631 -6.19644e-06 0.6044
13.525 0.00222316 0.00193259 -6.55816e-06 0.603285
13.55 0.00219484 0.00188566 -6.87005e-06 0.602174
13.575 0.00216471 0.001836 -7.12739e-06 0.601067
13.6 0.00213317 0.00178406 -7.32576e-06 0.599965
13.625 0.00210069 0.00173035 -7.46096e-06 0.598866
13.65 0.00206768 0.0016754 -7.52903e-06 0.597771
13.675 0.00203459 0.00161973 -7.52639e-06 0.59668
13.7 0.00200188 0.00156391 -7.44974e-06 0.595593
13.725 0.00197005 0.0015085 -7.29622e-06 0.59451
13.75 0.00193954 0.00145408 -7.0633e-06 0.593431
13.775 0.00191087 0.00140121 -6.74883e-06 0.592356
13.8 0.0018845 0.00135046 -6.35117e-06 0.591285
13.825 0.00186093 0.00130242 -5.8689e-06 0.590218
13.85 0.00184062 0.00125764 -5.3012e-06 0.589155
13.875 0.00182403 0.00121667 -4.6476e-06 0.588095
13.9 0.00181163 0.00118003 -3.90807e-06 0.587039
13.925 0.00180383 0.00114826 -3.08304e-06 0.585987
13.95 0.00180106 0.00112182 -2.17333e-06 0.584939
13.975 0.00180369 0.00110124 -1.18017e-06 0.583895
14 0.00181213 0.00108687 -1.05222e-07 0.582854
14.025 0.00182671 0.00107916 1.04947e-06 0.581817
14.05 0.00184774 0.00107848 2.28147e-06 0.580784
14.075 0.00187551 0.00108518 3.58798e-06 0.579754
14.1 0.00191031 0.00109957 4.96647e-06 0.578728
14.125 0.00195229 0.0011219 6.41225e-06 0.577706
14.15 0.00200168 0.0011524 7.9221e-06 0.576687
14.175 0.00205863 0.00119126 9.49105e-06 0.575672
14.2 0.00212325 0.00123862 1.11168e-05 0.57466
14.225 0.00219562 0.00129458 1.27932e-05 0.573652
14.25 0.00227579 0.0013592 1.45158e-05 0.572648
14.275 0.00236376 0.00143249 1.62797e-05 0.571647
14.3 0.0024595 0.00151443 1.80787e-05 0.570649
14.325 0.00256293 0.00160494 1.99093e-05 0.569655
14.35 0.00267395 0.00170392 2.17651e-05 0.568665
14.375 0.00279242 0.00181121 2.36407e-05 0.567677
14.4 0.00291816 0.00192661 2.55305e-05 0.566694
14.425 0.00305095 0.0020499 2.74288e-05 0.565713
14.45 0.00319055 0.00218092 2.93302e-05 0.564737
14.475 0.00333669 0.00231916 3.1229e-05 0.563763
14.5 0.00348906 0.00246438 3.31196e-05 0.562793
14.525 0.00364732 0.00261622 3.49966e-05 0.561826
14.55 0.0038111 0.00277415 3.68546e-05 0.560863
14.575 0.00398003 0.00293799 3.86883e-05 0.559902
14.6 0.00415369 0.00310718 4.04927e-05 0.558945
14.625 0.00433165 0.00328125 4.22627e-05 0.557992
14.65 0.00451347 0.0034597 4.39935e-05 0.557041
14.675 0.00469867 0.00364203 4.56805e-05 0.556094
14.7 0.00488677 0.00382772 4.73194e-05 0.55515
14.725 0.00507737 0.00401622 4.8906e-05 0.554209
14.75 0.00526981 0.00420701 5.04363e-05 0.553272
14.775 0.00546366 0.00439951 5.19066e-05 0.552337
14.8 0.00565839 0.00459319 5.33135e-05 0.551406
14.825 0.0058535 0.00478747 5.46538e-05 0.550478
14.85 0.00604847 0.00498181 5.59247e-05 0.549553
14.875 0.00624278 0.00517565 5.71235e-05 0.548631
14.9 0.00643592 0.00536844 5.82479e-05 0.547712
14.925 0.00662738 0.00555964 5.92958e-05 0.546796
14.95 0.00681667 0.00574872 6.02654e-05 0.545884
14.975 0.00700329 0.00593516 6.11554e-05 0.544974
15 0.00718677 0.00611844 6.19644e-05 0.544067
15.025 0.00736665 0.00629809 6.26922e-05 0.543164
15.05 0.00754246 0.00647363 6.33369e-05 0.542263
15.075 0.00771379 0.0066446 6.38987e-05 0.541365
15.1 0.00788021 0.00681056 6.43777e-05 0.54047
15.125 0.00804132 0.00697112 6.47738e-05 0.539578
15.15 0.00819675 0.00712586 6.50875e-05 0.53869
15.175 0.00834615 0.00727444 6.53195e-05 0.537804
15.2 0.00848917 0.0074165 6.54707e-05 0.53692
15.225 0.00862551 0.00755173 6.55421e-05 0.53604
15.25 0.00875487 0.00767984 6.55351e-05 0.535163
15.275 0.008877 0.00780057 6.54512e-05 0.534288
15.3 0.00899166 0.00791368 6.5292e-05 0.533417
15.325 0.00909862 0.00801895 6.506e-05 0.532548
15.35 0.00919771 0.00811622 6.47562e-05 0.531682
15.375 0.00928875 0.00820532 6.43833e-05 0.530818
15.4 0.00937161 0.00828623 6.39436e-05 0.529958
15.425 0.00944617 0.00835864 6.34396e-05 0.5291
15.45 0.00951234 0.00842257 6.28738e-05 0.528245
15.475 0.00957006 0.00847798 6.22489e-05 0.527393
15.5 0.00961928 0.00852485 6.15677e-05 0.526543
15.525 0.00966 0.00856275 6.08329e-05 0.525697
15.55 0.0096922 0.00859298 6.00474e-05 0.524853
15.575 0.00971593 0.00861431 5.92142e-05 0.524011
15.6 0.00973123 0.00862726 5.83342e-05 0.523172
15.625 0.00973817 0.0086319 5.74144e-05 0.522336
15.65 0.00973684 0.00862835 5.64559e-05 0.521503
15.675 0.00972735 0.00861674 5.54615e-05 0.520672
15.7 0.00970983 0.00859723 5.44342e-05 0.519844
15.725 0.00968442 0.00857003 5.33772e-05 0.519019
15.75 0.00965129 0.00853523 5.22932e-05 0.518196
15.775 0.00961062 0.00849308 5.11853e-05 0.517375
15.8 0.00956259 0.00844379 5.00562e-05 0.516557
15.825 0.00950741 0.0083876 4.89088e-05 0.515742
15.85 0.00944529 0.00832474 4.77459e-05 0.51493
15.875 0.00937647 0.00825545 4.657e-05 0.514119
15.9 0.00930118 0.00818001 4.5384e-05 0.513312
15.925 0.00921967 0.00809867 4.41901e-05 0.512507
15.95 0.0091322 0.0080117 4.29911e-05 0.511704
15.975 0.00903902 0.00791939 4.17891e-05 0.510904
16 0.0089404 0.00782202 4.05865e-05 0.510106
16.025 0.00883663 0.00771972 3.93854e-05 0.509311
16.05 0.00872796 0.0076131 3.81881e-05 0.508518
16.075 0.00861469 0.00750229 3.69963e-05 0.507728
16.1 0.0084971 0.00738758 3.58121e-05 0.50694
16.125 0.00837546 0.00726927 3.46373e-05 0.506155
16.15 0.00825006 0.00714763 3.34734e-05 0.505372
16.175 0.00812118 0.00702297 3.23222e-05 0.504591
16.2 0.00798911 0.00689556 3.1185e-05 0.503813
16.225 0.00785412 0.0067657 3.00633e-05 0.503037
16.25 0.00771649 0.00663365 2.89584e-05 0.502264
16.275 0.00757648 0.00649969 2.78713e-05 0.501493
16.3 0.00743438 0.00636409 2.68033e-05 0.500724
16.325 0.00729043 0.00622711 2.5755e-05 0.499958
16.35 0.00714491 0.006089 2.4728e-05 0.499194
16.375 0.00699805 0.00595001 2.37224e-05 0.498432
16.4 0.00685012 0.00581038 2.27392e-05 0.497673
16.425 0.00670134 0.00567035 2.1779e-05 0.496915
16.45 0.00655196 0.00553014 2.08422e-05 0.496161
16.475 0.00640218 0.00538995 1.99294e-05 0.495408
16.5 0.00625225 0.00525001 1.90409e-05 0.494658
16.525 0.00610235 0.0051105 1.8177e-05 0.49391
16.55 0.0059527 0.00497163 1.73379e-05 0.493164
16.575 0.00580348 0.00483355 1.65237e-05 0.49242
16.6 0.00565488 0.00469646 1.57346e-05 0.491679
16.625 0.00550708 0.0045605 1.49705e-05 0.49094
16.65 0.00536024 0.00442583 1.42315e-05 0.490203
16.675 0.00521453 0.0042926 1.35173e-05 0.489468
16.7 0.00507009 0.00416093 1.28279e-05 0.488736
16.725 0.00492706 0.00403095 1.21631e-05 0.488005
16.75 0.00478558 0.00390278 1.15226e-05 0.487277
16.775 0.00464579 0.00377652 1.09061e-05 0.486551
16.8 0.00450776 0.00365227 1.03134e-05 0.485827
16.825 0.00437163 0.00353012 9.74399e-06 0.485106
16.85 0.00423748 0.00341014 9.19754e-06 0.484386
16.875 0.00410542 0.00329242 8.67362e-06 0.483669
16.9 0.00397552 0.00317701 8.1718e-06 0.482953
16.925 0.00384787 0.00306398 7.69158e-06 0.48224
16.95 0.00372251 0.00295336 7.23249e-06 0.481529
16.975 0.00359953 0.00284521 6.79402e-06 0.48082
17 0.00347896 0.00273956 6.37562e-06 0.480113
17.025 0.00336086 0.00263643 5.97678e-06 0.479408
17.05 0.00324526 0.00253586 5.59688e-06 0.478705
17.075 0.0031322 0.00243784 5.23547e-06 0.478004
17.1 0.0030217 0.00234241 4.89194e-06 0.477306
17.125 0.00291379 0.00224955 4.56573e-06 0.476609
17.15 0.00280847 0.00215924 4.25624e-06 0.475914
17.175 0.00270577 0.00207154 3.96293e-06 0.475222
17.2 0.00260568 0.00198641 3.68521e-06 0.474531
17.225 0.0025082 0.0019038 3.42251e-06 0.473842
17.25 0.00241333 0.00182373 3.17428e-06 0.473156
17.275 0.00232107 0.00174617 2.93996e-06 0.472471
17.3 0.00223138 0.00167109 2.71899e-06 0.471788
17.325 0.00214427 0.00159846 2.51083e-06 0.471108
17.35 0.00205971 0.00152824 2.31494e-06 0.470429
17.375 0.00197767 0.00146041 2.13081e-06 0.469752
17.4 0.00189812 0.00139493 1.9579e-06 0.469077
17.425 0.00182104 0.00133175 1.79571e-06 0.468404
17.45 0.0017464 0.00127083 1.64376e-06 0.467733
17.475 0.00167416 0.00121213 1.50156e-06 0.467064
17.5 0.00160427 0.00115561 1.36864e-06 0.466397
17.525 0.00153671 0.00110121 1.24455e-06 0.465731
17.55 0.00147143 0.0010489 1.12884e-06 0.465068
17.575 0.00140839 0.00099861 1.02109e-06 0.464407
17.6 0.00134755 0.000950304 9.2087e-07 0.463747
17.625 0.00128885 0.000903927 8.2779e-07 0.463089
17.65 0.00123225 0.000859429 7.4146e-07 0.462433
17.675 0.00117771 0.000816757 6.61506e-07 0.461779
17.7 0.00112518 0.000775862 5.87569e-07 0.461127
17.725 0.00107461 0.00073669 5.19302e-07 0.460477
17.75 0.00102595 0.000699191 4.56375e-07 0.459828
17.775 0.000979143 0.000663312 3.98468e-07 0.459181
17.8 0.000934151 0.000629003 3.45276e-07 0.458536
17.825 0.00089092 0.000596213 2.9651e-07 0.457893
17.85 0.000849402 0.000564891 2.51888e-07 0.457252
17.875 0.000809546 0.000534988 2.11144e-07 0.456613
17.9 0.000771304 0.000506455 1.7403e-07 0.455975
17.925 0.000734626 0.000479242 1.40301e-07 0.455339
17.95 0.000699465 0.000453303 1.09729e-07 0.454705
17.975 0.00066577 0.00042859 8.20946e-08 0.454072
18 0.000633498 0.000405057 5.71928e-08 0.453442
18.025 0.0006026 0.000382661 3.48276e-08 0.452813
18.05 0.000573031 0.000361355 1.48142e-08 0.452186
18.075 0.000544744 0.000341097 -3.02232e-09 0.45156
18.1 0.000517696 0.000321846 -1.88469e-08 0.450937
18.125 0.000491843 0.00030356 -3.28149e-08 0.450315
18.15 0.000467141 0.000286198 -4.5073e-08 0.449694
18.175 0.000443549 0.000269723 -5.57594e-08 0.449076
18.2 0.000421025 0.000254097 -6.50019e-08 0.448459
18.225 0.000399531 0.000239283 -7.29215e-08 0.447844
18.25 0.000379025 0.000225244 -7.96336e-08 0.44723
18.275 0.000359471 0.000211947 -8.52461e-08 0.446619
18.3 0.000340831 0.000199359 -8.98542e-08 0.446008
18.325 0.000323069 0.000187446 -9.35524e-08 0.4454
18.35 0.00030615 0.000176178 -9.6427e-08 0.444793
18.375 0.000290038 0.000165525 -9.85583e-08 0.444188
18.4 0.000274702 0.000155457 -1.0002e-07 0.443584
18.425 0.000260109 0.000145948 -1.00884e-07 0.442983
18.45 0.000246227 0.000136969 -1.01211e-07 0.442382
18.475 0.000233027 0.000128494 -1.01063e-07 0.441784
18.5 0.000220479 0.0001205 -1.00493e-07 0.441187
18.525 0.000208555 0.000112962 -9.95529e-08 0.440591
18.55 0.000197227 0.000105856 -9.82878e-08 0.439997
18.575 0.00018647 9.91619e-05 -9.67408e-08 0.439405
18.6 0.000176257 9.28578e-05 -9.49509e-08 0.438815
18.625 0.000166565 8.69233e-05 -9.29538e-08 0.438226
18.65 0.000157368 8.13392e-05 -9.07816e-08 0.437638
18.675 0.000148646 7.60869e-05 -8.84651e-08 0.437052
18.7 0.000140375 7.11486e-05 -8.60307e-08 0.436468
18.725 0.000132535 6.65077e-05 -8.35026e-08 0.435885
18.75 0.000125106 6.21478e-05 -8.09029e-08 0.435304
18.775 0.000118067 5.80536e-05 -7.82514e-08 0.434725
18.8 0.000111401 5.42104e-05 -7.55659e-08 0.434147
18.825 0.000105089 5.06044e-05 -7.28623e-08 0.43357
18.85 9.91143e-05 4.72221e-05 -7.01547e-08 0.432995
18.875 9.34601e-05 4.4051e-05 -6.74558e-08 0.432421
18.9 8.81108e-05 4.10789e-05 -6.47764e-08 0.431849
18.925 8.30512e-05 3.82946e-05 -6.21263e-08 0.431279
18.95 7.82669e-05 3.5687e-05 -5.9514e-08 0.43071
18.975 7.37441e-05 3.3246e-05 -5.69467e-08 0.430142
19 6.94696e-05 3.09617e-05 -5.44307e-08 0.429577
19.025 6.54306e-05 2.88248e-05 -5.19711e-08 0.429012
19.05 6.16152e-05 2.68267e-05 -4.95724e-08 0.428449
19.075 5.80118e-05 2.49589e-05 -4.72382e-08 0.427887
19.1 5.46094e-05 2.32137e-05 -4.49714e-08 0.427327
19.125 5.13976e-05 2.15834e-05 -4.27742e-08 0.426769
19.15 4.83664e-05 2.00612e-05 -4.06481e-08 0.426212
19.175 4.55063e-05 1.86404e-05 -3.85945e-08 0.425656
19.2 4.28081e-05 1.73146e-05 -3.66138e-08 0.425102
19.225 4.02632e-05 1.60779e-05 -3.47064e-08 0.424549
19.25 3.78636e-05 1.49248e-05 -3.2872e-08 0.423997
19.275 3.56012e-05 1.385e-05 -3.11102e-08 0.423447
19.3 3.34687e-05 1.28484e-05 -2.94204e-08 0.422899
19.325 3.14591e-05 1.19154e-05 -2.78013e-08 0.422352
19.35 2.95655e-05 1.10465e-05 -2.62519e-08 0.421806
19.375 2.77817e-05 1.02377e-05 -2.47706e-08 0.421262
19.4 2.61016e-05 9.48497e-06 -2.3356e-08 0.420719
19.425 2.45194e-05 8.78462e-06 -2.20064e-08 0.420178
19.45 2.30297e-05 8.13322e-06 -2.07198e-08 0.419638
19.475 2.16273e-05 7.5275e-06 -1.94943e-08 0.419099
19.5 2.03073e-05 6.96441e-06 -1.83281e-08 0.418562
19.525 1.90651e-05 6.44108e-06 -1.7219e-08 0.418026
19.55 1.78962e-05 5.9548e-06 -1.6165e-08 0.417491
19.575 1.67965e-05 5.50304e-06 -1.51639e-08 0.416958
19.6 1.5762e-05 5.08343e-06 -1.42136e-08 0.416426
19.625 1.4789e-05 4.69374e-06 -1.33119e-08 0.415896
19.65 1.38739e-05 4.33187e-06 -1.24568e-08 0.415367
19.675 1.30134e-05 3.99587e-06 -1.1646e-08 0.414839
19.7 1.22043e-05 3.68388e-06 -1.08774e-08 0.414312
19.725 1.14437e-05 3.39419e-06 -1.0149e-08 0.413787
19.75 1.07286e-05 3.12516e-06 -9.45855e-09 0.413264
19.775 1.00564e-05 2.87529e-06 -8.80409e-09 0.412741
19.8 9.4245e-06 2.64315e-06 -8.18353e-09 0.41222
19.825 8.8306e-06 2.42738e-06 -7.59486e-09 0.4117
19.85 8.27239e-06 2.22674e-06 -7.03609e-09 0.411182
19.875 7.74773e-06 2.04003e-06 -6.50524e-09 0.410664
19.9 7.25461e-06 1.86615e-06 -6.00037e-09 0.410149
19.925 6.79111e-06 1.70404e-06 -5.51956e-09 0.409634
19.95 6.35544e-06 1.5527e-06 -5.06086e-09 0.409121
19.975 5.9459e-06 1.41124e-06 -4.62261e-09 0.408609
20 5.56082e-06 1.27862e-06 -4.20225e-09 0.408098
