0 40.9483 12.4825 -0.0923595 1.79254
0.025 40.9483 12.4825 -0.0923595 1.79254
0.05 41.0372 12.5439 -0.0927913 1.7925
0.075 41.1856 12.6466 -0.0935138 1.79247
0.1 41.3939 12.7913 -0.0945308 1.79247
0.125 41.6627 12.9786 -0.0958479 1.79248
0.15 41.9925 13.2098 -0.097472 1.79248
0.175 42.3842 13.486 -0.0994115 1.79249
0.2 42.8386 13.8086 -0.101676 1.79248
0.225 43.3567 14.1793 -0.104276 1.79247
0.25 43.9396 14.5998 -0.107224 1.79248
0.275 44.5884 15.072 -0.110533 1.79248
0.3 45.3042 15.5979 -0.114215 1.79247
0.325 46.0882 16.1794 -0.118285 1.79246
0.35 46.9416 16.8188 -0.122757 1.79247
0.375 47.8655 17.5182 -0.127646 1.79247
0.4 48.8609 18.2796 -0.132967 1.79246
0.425 49.9289 19.1052 -0.138734 1.79244
0.45 51.0703 19.997 -0.144962 1.79243
0.475 52.2858 20.9569 -0.151664 1.79241
0.5 53.5761 21.9867 -0.158853 1.79239
0.525 54.9416 23.088 -0.166541 1.79236
0.55 56.3824 24.2623 -0.17474 1.79232
0.575 57.8986 25.5108 -0.183458 1.79228
0.6 59.4898 26.8344 -0.192703 1.79222
0.625 61.1555 28.234 -0.202483 1.79215
0.65 62.895 29.71 -0.212801 1.79207
0.675 64.707 31.2624 -0.223661 1.79197
0.7 66.59 32.891 -0.235062 1.79186
0.725 68.5425 34.5953 -0.247003 1.79172
0.75 70.5622 36.3745 -0.25948 1.79156
0.775 72.6467 38.2271 -0.272487 1.79137
0.8 74.7932 40.1515 -0.286015 1.79115
0.825 76.9986 42.1457 -0.300051 1.79091
0.85 79.2593 44.2072 -0.314583 1.79062
0.875 81.5716 46.3332 -0.329593 1.7903
0.9 83.9312 48.5204 -0.345063 1.78993
0.925 86.3338 50.7653 -0.36097 1.78951
0.95 88.7744 53.0639 -0.377289 1.78905
0.975 91.248 55.412 -0.393995 1.78853
1 93.7492 57.8044 -0.411057 1.78794
1.025 96.2724 60.2366 -0.428445 1.7873
1.05 98.8116 62.7032 -0.446125 1.78659
1.075 101.361 65.1986 -0.464057 1.7858
1.1 103.914 67.7168 -0.482208 1.78493
1.125 106.464 70.2518 -0.500537 1.78398
1.15 109.004 72.7972 -0.519002 1.78295
1.175 111.529 75.3467 -0.537559 1.78182
1.2 114.03 77.8934 -0.556166 1.78059
1.225 116.502 80.4308 -0.574776 1.77927
1.25 118.937 82.9519 -0.593343 1.77783
1.275 121.328 85.4498 -0.611821 1.77628
1.3 123.67 87.9176 -0.630162 1.77462
1.325 125.954 90.3485 -0.648318 1.77283
1.35 128.175 92.7356 -0.666242 1.77092
1.375 130.326 95.0722 -0.683887 1.76888
1.4 132.401 97.3515 -0.701204 1.76671
1.425 134.393 99.5679 -0.718152 1.7644
1.45 136.297 101.714 -0.734677 1.76194
1.475 138.108 103.783 -0.750737 1.75934
1.5 139.819 105.771 -0.766289 1.75659
1.525 141.426 107.67 -0.781292 1.75368
1.55 142.925 109.477 -0.795704 1.75062
1.575 144.31 111.186 -0.809486 1.74741
1.6 145.579 112.792 -0.822603 1.74403
1.625 146.727 114.291 -0.835019 1.74049
1.65 147.751 115.68 -0.846701 1.73678
1.675 148.649 116.953 -0.85762 1.73291
1.7 149.418 118.11 -0.867748 1.72887
1.725 150.057 119.145 -0.877059 1.72466
1.75 150.563 120.058 -0.885532 1.72028
1.775 150.936 120.846 -0.893145 1.71573
1.8 151.175 121.508 -0.899883 1.71101
1.825 151.28 122.043 -0.905731 1.70612
1.85 151.251 122.449 -0.910678 1.70106
1.875 151.089 122.727 -0.914714 1.69584
1.9 150.794 122.877 -0.917835 1.69045
1.925 150.369 122.9 -0.920038 1.68489
1.95 149.814 122.797 -0.921321 1.67916
1.975 149.133 122.568 -0.921685 1.67328
2 148.327 122.216 -0.921142 1.66724
2.025 147.399 121.742 -0.919697 1.66104
2.05 146.352 121.149 -0.91736 1.65468
2.075 145.191 120.441 -0.914148 1.64818
2.1 143.918 119.619 -0.910069 1.64152
2.125 142.538 118.687 -0.905144 1.63473
2.15 141.054 117.649 -0.899393 1.62779
2.175 139.472 116.509 -0.892838 1.62072
2.2 137.795 115.27 -0.885503 1.61352
2.225 136.028 113.938 -0.877414 1.60619
2.25 134.177 112.515 -0.868597 1.59874
2.275 132.246 111.008 -0.859082 1.59117
2.3 130.241 109.421 -0.848898 1.58349
2.325 128.165 107.758 -0.838077 1.5757
2.35 126.026 106.025 -0.826652 1.56781
2.375 123.827 104.226 -0.814655 1.55982
2.4 121.575 102.367 -0.80212 1.55174
2.425 119.274 100.452 -0.789083 1.54357
2.45 116.929 98.487 -0.775578 1.53532
2.475 114.547 96.4766 -0.761642 1.527
2.5 112.131 94.4263 -0.747309 1.5186
2.525 109.686 92.338 -0.732615 1.51014
2.55 107.219 90.2221 -0.717597 1.50162
2.575 104.733 88.0809 -0.70229 1.49304
2.6 102.233 85.9188 -0.686727 1.48442
2.625 99.7241 83.7407 -0.670948 1.47575
2.65 97.2101 81.551 -0.654966 1.46704
2.675 94.6954 79.3541 -0.638852 1.4583
2.7 92.1841 77.1541 -0.62262 1.44954
2.725 89.6801 74.9559 -0.606303 1.44074
2.75 87.1872 72.7618 -0.589932 1.43193
2.775 84.7088 70.5765 -0.573538 1.42311
2.8 82.2482 68.4034 -0.557149 1.41428
2.825 79.8088 66.246 -0.540796 1.40544
2.85 77.3935 64.1074 -0.524503 1.3966
2.875 75.0051 61.9907 -0.508303 1.38777
2.9 72.6461 59.8999 -0.49221 1.37895
2.925 70.3191 57.8351 -0.476252 1.37014
2.95 68.0263 55.8002 -0.460453 1.36148
2.975 65.7696 53.7971 -0.444833 1.35257
3 63.551 51.8272 -0.429411 1.34382
3.025 61.3722 49.8943 -0.414215 1.3351
3.05 59.2346 47.9992 -0.399244 1.32641
3.075 57.1396 46.1433 -0.384522 1.31775
3.1 55.0884 44.3279 -0.370064 1.30913
3.125 53.082 42.5543 -0.355876 1.30055
3.15 51.1213 40.8235 -0.341984 1.29201
3.175 49.2069 39.1363 -0.328392 1.28352
3.2 47.3395 37.4934 -0.315108 1.27507
3.225 45.5194 35.8953 -0.302141 1.26668
3.25 43.747 34.3425 -0.289497 1.25833
3.275 42.0226 32.8353 -0.277183 1.25004
3.3 40.346 31.3737 -0.265202 1.24181
3.325 38.7174 29.9578 -0.25356 1.23364
3.35 37.1364 28.5876 -0.242257 1.22552
3.375 35.6031 27.2627 -0.231296 1.21747
3.4 34.117 25.9829 -0.220677 1.20947
3.425 32.6776 24.7479 -0.210401 1.20154
3.45 31.2846 23.5571 -0.200466 1.19368
3.475 29.9372 22.4099 -0.19087 1.18588
3.5 28.6351 21.3058 -0.181611 1.17815
3.525 27.3774 20.244 -0.172686 1.17048
3.55 26.1634 19.2237 -0.164091 1.16288
3.575 24.9924 18.2442 -0.155822 1.15535
3.6 23.8635 17.3045 -0.147873 1.14789
3.625 22.7759 16.4039 -0.140239 1.1405
3.65 21.7287 15.5412 -0.132914 1.13318
3.675 20.721 14.7157 -0.125892 1.12592
3.7 19.7516 13.9262 -0.119167 1.11874
3.725 18.8201 13.1717 -0.112731 1.11163
3.75 17.9253 12.4513 -0.106578 1.10459
3.775 17.0661 11.7638 -0.100699 1.09762
3.8 16.2416 11.1083 -0.095087 1.09071
3.825 15.4508 10.4837 -0.0897348 1.08388
3.85 14.6928 9.88888 -0.0846342 1.07712
3.875 13.9665 9.32286 -0.0797772 1.07043
3.9 13.2709 8.78458 -0.0751558 1.0638
3.925 12.6051 8.27301 -0.070762 1.05725
3.95 11.9681 7.78714 -0.0665878 1.05076
3.975 11.3589 7.32597 -0.0626251 1.04435
4 10.7767 6.88851 -0.0588661 1.03799
4.025 10.2204 6.4738 -0.0553029 1.03171
4.05 9.68918 6.08088 -0.0519277 1.02549
4.075 9.18212 5.70884 -0.0487329 1.01934
4.1 8.69834 5.35677 -0.0457109 1.01326
4.125 8.23697 5.02379 -0.0428543 1.00724
4.15 7.79716 4.70906 -0.040156 1.00128
4.175 7.37809 4.41173 -0.0376088 0.995388
4.2 6.97897 4.13101 -0.0352059 0.989558
4.225 6.59899 3.86613 -0.0329407 0.983791
4.25 6.23739 3.61632 -0.0308065 0.978085
4.275 5.89344 3.38087 -0.028797 0.972441
4.3 5.56641 3.15907 -0.0269063 0.966857
4.325 5.2556 2.95026 -0.0251283 0.961332
4.35 4.96033 2.75377 -0.0234574 0.955867
4.375 4.67995 2.569 -0.021888 0.95046
4.4 4.41381 2.39534 -0.0204149 0.94511
4.425 4.1613 2.23221 -0.019033 0.939818
4.45 3.92182 2.07906 -0.0177374 0.934581
4.475 3.69481 1.93538 -0.0165234 0.929401
4.5 3.47969 1.80065 -0.0153865 0.924275
4.525 3.27594 1.67439 -0.0143225 0.919203
4.55 3.08303 1.55614 -0.0133273 0.914184
4.575 2.90047 1.44545 -0.0123969 0.909219
4.6 2.72778 1.34191 -0.0115275 0.904305
4.625 2.56449 1.24512 -0.0107157 0.899442
4.65 2.41016 1.15468 -0.00995808 0.894631
4.675 2.26436 1.07024 -0.00925136 0.889869
4.7 2.12668 0.99145 -0.00859248 0.885157
4.725 1.99672 0.917973 -0.00797855 0.880493
4.75 1.8741 0.849496 -0.0074068 0.875877
4.775 1.75847 0.785719 -0.0068746 0.871308
4.8 1.64946 0.726358 -0.00637948 0.866786
4.825 1.54674 0.671141 -0.00591909 0.86231
4.85 1.44998 0.619811 -0.00549118 0.85788
4.875 1.35889 0.572126 -0.00509367 0.853494
4.9 1.27316 0.527853 -0.00472456 0.849153
4.925 1.19252 0.486774 -0.00438197 0.844855
4.95 1.11669 0.448682 -0.00406412 0.840599
4.975 1.04542 0.41338 -0.00376935 0.836387
5 0.978452 0.380684 -0.00349608 0.832215
5.025 0.91556 0.350419 -0.00324282 0.828085
5.05 0.856521 0.32242 -0.00300818 0.823996
5.075 0.801108 0.296533 -0.00279084 0.819946
5.1 0.749129 0.27261 -0.00258957 0.815936
5.125 0.700386 0.250515 -0.00240322 0.811965
5.15 0.654694 0.230119 -0.00223069 0.808032
5.175 0.611878 0.211301 -0.00207096 0.804136
5.2 0.571771 0.193947 -0.0019231 0.800279
5.225 0.534213 0.177953 -0.0017862 0.796457
5.25 0.499056 0.163218 -0.00165944 0.792673
5.275 0.466156 0.14965 -0.00154204 0.788924
5.3 0.435378 0.137164 -0.00143329 0.78521
5.325 0.406595 0.125678 -0.00133251 0.781531
5.35 0.379686 0.115119 -0.00123908 0.777886
5.375 0.354537 0.105417 -0.00115243 0.774275
5.4 0.331039 0.0965085 -0.00107201 0.770697
5.425 0.309092 0.0883327 -0.000997336 0.767152
5.45 0.288599 0.080835 -0.000927954 0.76364
5.475 0.269469 0.0739643 -0.000863443 0.76016
5.5 0.251617 0.067673 -0.000803416 0.756711
5.525 0.234962 0.0619174 -0.00074752 0.753294
5.55 0.21943 0.0566572 -0.000695429 0.749907
5.575 0.204949 0.0518549 -0.000646846 0.746551
5.6 0.191452 0.0474759 -0.000601502 0.743224
5.625 0.178875 0.0434879 -0.000559148 0.739927
5.65 0.16716 0.0398615 -0.000519561 0.73666
5.675 0.15625 0.0365689 -0.000482536 0.733421
5.7 0.146094 0.0335848 -0.000447885 0.73021
5.725 0.136642 0.0308852 -0.000415442 0.727027
5.75 0.127848 0.028448 -0.000385053 0.723873
5.775 0.119667 0.0262525 -0.00035658 0.720745
5.8 0.11206 0.0242794 -0.000329898 0.717644
5.825 0.104988 0.0225105 -0.000304893 0.71457
5.85 0.0984136 0.0209291 -0.000281462 0.711523
5.875 0.0923037 0.0195187 -0.00025951 0.708501
5.9 0.0866258 0.0182644 -0.000238953 0.705505
5.925 0.0813498 0.0171516 -0.000219712 0.702534
5.95 0.0764472 0.0161677 -0.000201714 0.699588
5.975 0.0718913 0.0152996 -0.000184895 0.696666
6 0.0676568 0.0145354 -0.000169191 0.693769
6.025 0.0637202 0.0138636 -0.000154546 0.690896
6.05 0.060059 0.0132734 -0.000140906 0.688047
6.075 0.0566526 0.012755 -0.000128219 0.685221
6.1 0.053481 0.0122987 -0.000116438 0.682418
6.125 0.0505261 0.0118957 -0.000105515 0.679639
6.15 0.0477707 0.0115377 -9.54078e-05 0.676881
6.175 0.0451983 0.0112169 -8.60718e-05 0.674146
6.2 0.042794 0.0109262 -7.7466e-05 0.671433
6.225 0.0405439 0.0106591 -6.95489e-05 0.668742
6.25 0.0384348 0.0104095 -6.22813e-05 0.666073
6.275 0.0364548 0.010172 -5.56244e-05 0.663424
6.3 0.0345926 0.00994198 -4.95406e-05 0.660797
6.325 0.032838 0.00971507 -4.39926e-05 0.65819
6.35 0.0311814 0.0094876 -3.89447e-05 0.655604
6.375 0.0296143 0.00925649 -3.43611e-05 0.653038
6.4 0.0281288 0.00901917 -3.02079e-05 0.650492
6.425 0.0267178 0.00877364 -2.64519e-05 0.647966
6.45 0.0253749 0.0085184 -2.3061e-05 0.64546
6.475 0.0240945 0.00825248 -2.00045e-05 0.642973
6.5 0.0228713 0.00797529 -1.72529e-05 0.640505
6.525 0.0217009 0.00768677 -1.47781e-05 0.638055
6.55 0.0205795 0.00738724 -1.25536e-05 0.635625
6.575 0.0195037 0.00707737 -1.05544e-05 0.633213
6.6 0.0184704 0.0067582 -8.75724e-06 0.630819
6.625 0.0174775 0.00643105 -7.14057e-06 0.628443
6.65 0.0165227 0.00609747 -5.68453e-06 0.626086
6.675 0.0156043 0.00575916 -4.37111e-06 0.623745
6.7 0.0147212 0.00541834 -3.18403e-06 0.621422
6.725 0.0138721 0.00507678 -2.10886e-06 0.619117
6.75 0.0130563 0.00473673 -1.13284e-06 0.616828
6.775 0.0122732 0.00440034 -2.45073e-07 0.614557
6.8 0.0115223 0.00406979 5.63812e-07 0.612302
6.825 0.0108033 0.00374714 1.30156e-06 0.610063
6.85 0.010116 0.00343453 1.97446e-06 0.607841
6.875 0.00946021 0.00313382 2.58735e-06 0.605635
6.9 0.00883585 0.00284677 3.14393e-06 0.603445
6.925 0.00824281 0.00257496 3.6466e-06 0.601271
6.95 0.00768093 0.00231979 4.09696e-06 0.599113
6.975 0.00715006 0.00208242 4.49558e-06 0.59697
7 0.00664988 0.00186377 4.84239e-06 0.594842
7.025 0.00618009 0.00166457 5.13677e-06 0.59273
7.05 0.00574026 0.00148516 5.3776e-06 0.590632
7.075 0.00532987 0.00132578 5.56359e-06 0.588549
7.1 0.00494827 0.00118633 5.69329e-06 0.586481
7.125 0.0045947 0.00106649 5.76526e-06 0.584428
7.15 0.00426828 0.000965741 5.77817e-06 0.582388
7.175 0.00396802 0.000883266 5.73096e-06 0.580363
7.2 0.00369282 0.000818095 5.62291e-06 0.578352
7.225 0.00344147 0.00076906 5.45377e-06 0.576355
7.25 0.00321267 0.000734831 5.22377e-06 0.574372
7.275 0.00300503 0.000713948 4.93384e-06 0.572403
7.3 0.00281711 0.00070483 4.58533e-06 0.570446
7.325 0.00264739 0.000705817 4.18041e-06 0.568504
7.35 0.00249433 0.000715192 3.7219e-06 0.566574
7.375 0.00235636 0.000731211 3.21331e-06 0.564658
7.4 0.00223189 0.000752132 2.6588e-06 0.562754
7.425 0.00211936 0.000776239 2.06319e-06 0.560863
7.45 0.00201724 0.000801872 1.43187e-06 0.558985
7.475 0.00192403 0.00082745 7.70819e-07 0.55712
7.5 0.0018383 0.000851493 8.64648e-08 0.555267
7.525 0.00175869 0.000872645 -6.14353e-07 0.553426
7.55 0.00168392 0.000889687 -1.32447e-06 0.551598
7.575 0.00161284 0.000901575 -2.03651e-06 0.549781
7.6 0.00154438 0.000907388 -2.74294e-06 0.547977
7.625 0.00147761 0.000906429 -3.43622e-06 0.546184
7.65 0.00141171 0.000898168 -4.10885e-06 0.544403
7.675 0.00134601 0.000882269 -4.75353e-06 0.542634
7.7 0.00127996 0.000858592 -5.36322e-06 0.540876
7.725 0.00121315 0.000827133 -5.93125e-06 0.539129
7.75 0.0011453 0.000788127 -6.45139e-06 0.537394
7.775 0.00107627 0.000741947 -6.91799e-06 0.53567
7.8 0.00100607 0.000689125 -7.3258e-06 0.533957
7.825 0.000934737 0.000630352 -7.67107e-06 0.532255
7.85 0.000862507 0.000566449 -7.94971e-06 0.530563
7.875 0.000789691 0.000498336 -8.15899e-06 0.528883
7.9 0.000716682 0.000427028 -8.29684e-06 0.527213
7.925 0.000643952 0.000353618 -8.36231e-06 0.525554
7.95 0.000572039 0.000279244 -8.35518e-06 0.523905
7.975 0.000501519 0.00020508 -8.27612e-06 0.522266
8 0.000433017 0.000132322 -8.12665e-06 0.520638
8.025 0.000367166 6.21041e-05 -7.90926e-06 0.51902
8.05 0.000304611 -4.42188e-06 -7.62697e-06 0.517411
8.075 0.000245983 -6.61733e-05 -7.28399e-06 0.515813
8.1 0.000191893 -0.000122139 -6.88452e-06 0.514225
8.125 0.000142917 -0.000171377 -6.43396e-06 0.512646
8.15 9.95798e-05 -0.000213138 -5.93833e-06 0.511078
8.175 6.23494e-05 -0.000246617 -5.40387e-06 0.509518
8.2 3.16243e-05 -0.0002713 -4.83728e-06 0.507969
8.225 7.72612e-06 -0.000286739 -4.24549e-06 0.506428
8.25 -9.09972e-06 -0.000292629 -3.63597e-06 0.504897
8.275 -1.87153e-05 -0.000288824 -3.01592e-06 0.503375
8.3 -2.10886e-05 -0.000275326 -2.39269e-06 0.501863
8.325 -1.62251e-05 -0.00025228 -1.77354e-06 0.500359
8.35 -4.27611e-06 -0.00021998 -1.16556e-06 0.498865
8.375 1.45211e-05 -0.000178858 -5.7556e-07 0.497379
8.4 3.98408e-05 -0.000129479 -9.99523e-09 0.495903
8.425 7.12806e-05 -7.25313e-05 5.25047e-07 0.494435
8.45 0.000108338 -8.81262e-06 1.02448e-06 0.492976
8.475 0.000150442 6.07797e-05 1.4828e-06 0.491525
8.5 0.000196955 0.000135265 1.89597e-06 0.490083
8.525 0.000247185 0.000213593 2.26035e-06 0.488649
8.55 0.000300372 0.000294663 2.57309e-06 0.487224
8.575 0.000355767 0.000377339 2.83214e-06 0.485807
8.6 0.000412553 0.000460466 3.03603e-06 0.484398
8.625 0.000469914 0.000542891 3.18417e-06 0.482998
8.65 0.00052703 0.000623477 3.27676e-06 0.481605
8.675 0.00058309 0.000701121 3.31453e-06 0.480221
8.7 0.000637319 0.00077477 3.29914e-06 0.478844
8.725 0.000688952 0.000843436 3.23306e-06 0.477476
8.75 0.000737283 0.000906216 3.11913e-06 0.476115
8.775 0.000781658 0.000962321 2.96087e-06 0.474762
8.8 0.000821478 0.00101096 2.76239e-06 0.473417
8.825 0.000856234 0.00105152 2.52821e-06 0.472079
8.85 0.000885474 0.00108369 2.26325e-06 0.470749
8.875 0.000908839 0.00110696 1.97275e-06 0.469426
8.9 0.000926056 0.00112115 1.66218e-06 0.468111
8.925 0.000936944 0.00112617 1.33718e-06 0.466803
8.95 0.00094143 0.00112206 1.00345e-06 0.465502
8.975 0.000939489 0.001109 6.66692e-07 0.464209
9 0.000931197 0.00108728 3.32513e-07 0.462923
9.025 0.000916807 0.00105732 6.35219e-09 0.461644
9.05 0.000896575 0.00101965 -3.06819e-07 0.460372
9.075 0.000870854 0.000974893 -6.01614e-07 0.459107
9.1 0.000840076 0.000923781 -8.73765e-07 0.457849
9.125 0.000804751 0.00086716 -1.1191e-06 0.456598
9.15 0.000765428 0.000805894 -1.3343e-06 0.455353
9.175 0.000722733 0.000740926 -1.51613e-06 0.454116
9.2 0.000677321 0.000673239 -1.66209e-06 0.452885
9.225 0.000629886 0.000603847 -1.7703e-06 0.451661
9.25 0.000581144 0.000533774 -1.83943e-06 0.450443
9.275 0.000531822 0.000464047 -1.86874e-06 0.449232
9.3 0.000482656 0.000395675 -1.85843e-06 0.448028
9.325 0.000434392 0.000329637 -1.80884e-06 0.44683
9.35 0.000387661 0.00026683 -1.72114e-06 0.445638
9.375 0.000343178 0.000208222 -1.59714e-06 0.444453
9.4 0.000301588 0.00015458 -1.43908e-06 0.443274
9.425 0.000263462 0.00010666 -1.24975e-06 0.442102
9.45 0.000229355 6.50554e-05 -1.03238e-06 0.440935
9.475 0.000199735 3.03511e-05 -7.90617e-07 0.439775
9.5 0.000175009 2.9805e-06 -5.28444e-07 0.43862
9.525 0.000155514 -1.67074e-05 -2.50139e-07 0.437472
9.55 0.000141512 -2.8478e-05 3.97987e-08 0.43633
9.575 0.000133169 -3.22272e-05 3.36715e-07 0.435194
9.6 0.000130588 -2.79505e-05 6.35864e-07 0.434064
9.625 0.000133783 -1.57592e-05 9.32483e-07 0.432939
9.65 0.000142689 4.12526e-06 1.22186e-06 0.431821
9.675 0.000157149 3.13786e-05 1.49938e-06 0.430708
9.7 0.00017696 6.55636e-05 1.76064e-06 0.429601
9.725 0.000201814 0.000106173 2.00144e-06 0.4285
9.75 0.000231348 0.000152599 2.21791e-06 0.427404
9.775 0.000265132 0.00020416 2.40666e-06 0.426314
9.8 0.000302685 0.000260111 2.56409e-06 0.425229
9.825 0.000343473 0.000319655 2.68798e-06 0.42415
9.85 0.000386922 0.000381947 2.77591e-06 0.423077
9.875 0.000432427 0.000446115 2.82626e-06 0.422009
9.9 0.000479356 0.000511266 2.83776e-06 0.420946
9.925 0.000527061 0.000576503 2.8098e-06 0.419889
9.95 0.000574895 0.000640932 2.74213e-06 0.418837
9.975 0.000622205 0.00070368 2.63532e-06 0.41779
10 0.000668353 0.000763901 2.49042e-06 0.416749
10.025 0.000712666 0.000820792 2.30869e-06 0.415712
10.05 0.000754686 0.0008736 2.09232e-06 0.414681
10.075 0.000793761 0.000921632 1.8437e-06 0.413655
10.1 0.000829392 0.000964288 1.56576e-06 0.412634
10.125 0.000861144 0.00100098 1.26177e-06 0.411618
10.15 0.00088861 0.00103129 9.35411e-07 0.410607
10.175 0.000911439 0.00105479 5.90624e-07 0.409601
10.2 0.000929354 0.00107122 2.3162e-07 0.4086
10.225 0.000942145 0.00108045 -1.37199e-07 0.407604
10.25 0.000949673 0.00108236 -5.11295e-07 0.406613
10.275 0.000951873 0.00107697 -8.86053e-07 0.405626
10.3 0.00094875 0.00106438 -1.25684e-06 0.404644
10.325 0.00094038 0.00104481 -1.61906e-06 0.403667
10.35 0.000926919 0.00101851 -1.96823e-06 0.402695
10.375 0.000908562 0.000985935 -2.30001e-06 0.401728
10.4 0.000885606 0.000947511 -2.61028e-06 0.400765
10.425 0.000858393 0.000903767 -2.89518e-06 0.399806
10.45 0.0008273 0.000855345 -3.15118e-06 0.398853
10.475 0.00079282 0.000802892 -3.37508e-06 0.397904
10.5 0.000755411 0.000747122 -3.56409e-06 0.396959
10.525 0.000715609 0.00068879 -3.71595e-06 0.396019
10.55 0.000673999 0.000628679 -3.82857e-06 0.395083
10.575 0.000631119 0.000567595 -3.90048e-06 0.394152
10.6 0.000587554 0.00050635 -3.93096e-06 0.393225
10.625 0.000543984 0.000445759 -3.91948e-06 0.392302
10.65 0.000500955 0.00038662 -3.86614e-06 0.391384
10.675 0.00045908 0.000329716 -3.77156e-06 0.39047
10.7 0.000418945 0.000275796 -3.63669e-06 0.389561
10.725 0.000381108 0.000225569 -3.46325e-06 0.388655
10.75 0.000346099 0.000179696 -3.25305e-06 0.387754
10.775 0.000314412 0.000138784 -3.00882e-06 0.386857
10.8 0.0002865 0.000103373 -2.73331e-06 0.385964
10.825 0.000262766 7.39358e-05 -2.42977e-06 0.385075
10.85 0.000243563 5.0871e-05 -2.10175e-06 0.384191
10.875 0.000229188 3.44883e-05 -1.75315e-06 0.38331
10.9 0.000219881 2.50338e-05 -1.38797e-06 0.382434
10.925 0.000215818 2.26499e-05 -1.01052e-06 0.381561
10.95 0.000217075 2.74047e-05 -6.25226e-07 0.380693
10.975 0.000223753 3.92717e-05 -2.36578e-07 0.379828
11 0.000235779 5.81529e-05 1.50897e-07 0.378968
11.025 0.000253088 8.38456e-05 5.32694e-07 0.378111
11.05 0.000275529 0.000116081 9.04381e-07 0.377258
11.075 0.000302892 0.000154514 1.26165e-06 0.376409
11.1 0.000334908 0.000198725 1.60038e-06 0.375564
11.125 0.000371253 0.000248252 1.91667e-06 0.374722
11.15 0.00041155 0.000302494 2.20686e-06 0.373885
11.175 0.000455377 0.000360858 2.46765e-06 0.373051
11.2 0.000502273 0.000422723 2.69602e-06 0.372221
11.225 0.000551739 0.000487404 2.88939e-06 0.371394
11.25 0.000603248 0.000554154 3.04562e-06 0.370572
11.275 0.000656249 0.000622251 3.16275e-06 0.369753
11.3 0.000710176 0.000690938 3.23956e-06 0.368937
11.325 0.000764451 0.000759462 3.27523e-06 0.368125
11.35 0.000818497 0.00082707 3.26921e-06 0.367317
11.375 0.000871735 0.000893022 3.22188e-06 0.366512
11.4 0.000923601 0.000956604 3.13345e-06 0.365711
11.425 0.000973546 0.00101712 3.00509e-06 0.364913
11.45 0.00102105 0.00107389 2.8381e-06 0.364119
11.475 0.0010656 0.00112639 2.63451e-06 0.363328
11.5 0.00110675 0.00117402 2.39653e-06 0.362541
11.525 0.00114407 0.00121626 2.12681e-06 0.361757
11.55 0.00117717 0.0012527 1.82833e-06 0.360976
11.575 0.00120574 0.00128294 1.50442e-06 0.360199
11.6 0.00122949 0.0013067 1.15864e-06 0.359425
11.625 0.0012482 0.00132372 7.94812e-07 0.358655
11.65 0.00126169 0.00133389 4.1693e-07 0.357888
11.675 0.00126987 0.00133711 2.91371e-08 0.357124
11.7 0.00127267 0.00133338 -3.64325e-07 0.356363
11.725 0.00127011 0.00132276 -7.59094e-07 0.355606
11.75 0.00126224 0.00130541 -1.15101e-06 0.354851
11.775 0.00124922 0.00128154 -1.53575e-06 0.3541
11.8 0.00123122 0.00125145 -1.90917e-06 0.353352
11.825 0.0012085 0.00121552 -2.26721e-06 0.352608
11.85 0.00118131 0.00117414 -2.60603e-06 0.351866
11.875 0.00115 0.0011278 -2.92206e-06 0.351128
11.9 0.00111495 0.00107702 -3.21178e-06 0.350392
11.925 0.00107659 0.00102239 -3.47218e-06 0.34966
11.95 0.0010354 0.000964486 -3.70051e-06 0.348931
11.975 0.000991841 0.000904007 -3.8943e-06 0.348205
12 0.000946441 0.000841605 -4.05142e-06 0.347482
12.025 0.000899733 0.000777974 -4.1705e-06 0.346762
12.05 0.000852267 0.000713817 -4.25013e-06 0.346044
12.075 0.000804599 0.000649845 -4.28959e-06 0.34533
12.1 0.00075729 0.000586763 -4.28847e-06 0.344619
12.125 0.000710898 0.000525268 -4.24682e-06 0.343911
12.15 0.000665971 0.000466039 -4.16515e-06 0.343205
12.175 0.000623043 0.00040973 -4.04439e-06 0.342503
12.2 0.000582628 0.000356968 -3.88564e-06 0.341803
12.225 0.000545217 0.000308342 -3.69113e-06 0.341107
12.25 0.000511267 0.000264396 -3.46285e-06 0.340413
12.275 0.000481206 0.000225633 -3.20313e-06 0.339722
12.3 0.00045542 0.000192498 -2.9149e-06 0.339033
12.325 0.000434254 0.000165387 -2.60131e-06 0.338348
12.35 0.000418007 0.000144623 -2.2658e-06 0.337665
12.375 0.000406933 0.000130481 -1.91204e-06 0.336985
12.4 0.000401236 0.000123171 -1.5439e-06 0.336308
12.425 0.000401058 0.000122825 -1.16544e-06 0.335634
12.45 0.0004065 0.000129518 -7.80843e-07 0.334962
12.475 0.000417612 0.00014325 -3.94375e-07 0.334293
12.5 0.00043435 0.000163967 -1.03558e-08 0.333627
12.525 0.000456677 0.000191527 3.6689e-07 0.332963
12.55 0.000484457 0.000225742 7.33072e-07 0.332302
12.575 0.000517537 0.000266357 1.08398e-06 0.331643
12.6 0.000555687 0.000313058 1.4155e-06 0.330988
12.625 0.000598633 0.000365493 1.72371e-06 0.330334
12.65 0.000646069 0.000423154 2.00485e-06 0.329684
12.675 0.000697654 0.000485656 2.25539e-06 0.329036
12.7 0.000752934 0.000552451 2.47208e-06 0.32839
12.725 0.000811548 0.000622989 2.65194e-06 0.327747
12.75 0.000873015 0.000696672 2.79231e-06 0.327107
12.775 0.00093685 0.00077287 2.8909e-06 0.326469
12.8 0.00100255 0.00085099 2.94573e-06 0.325833
12.825 0.00106959 0.00093033 2.95528e-06 0.3252
12.85 0.00113744 0.00101024 2.9184e-06 0.32457
12.875 0.00120555 0.00109005 2.83431e-06 0.323941
12.9 0.0012734 0.00116908 2.70268e-06 0.323316
12.925 0.00134042 0.00124669 2.52356e-06 0.322693
12.95 0.00140611 0.00132221 2.29755e-06 0.322072
12.975 0.00146993 0.00139503 2.02556e-06 0.321453
13 0.00153138 0.00146453 1.70894e-06 0.320837
13.025 0.00158999 0.00153014 1.34945e-06 0.320224
13.05 0.0016453 0.00159132 9.4925e-07 0.319612
13.075 0.00169689 0.00164757 5.10864e-07 0.319003
13.1 0.00174435 0.00169843 3.7193e-08 0.318396
13.125 0.00178737 0.00174349 -4.68563e-07 0.317792
13.15 0.0018256 0.00178238 -1.00307e-06 0.31719
13.175 0.00185878 0.0018148 -1.56172e-06 0.31659
13.2 0.00188669 0.00184049 -2.14125e-06 0.315993
13.225 0.00190914 0.00185926 -2.73707e-06 0.315397
13.25 0.00192601 0.00187095 -3.34465e-06 0.314804
13.275 0.00193722 0.00187552 -3.95933e-06 0.314213
13.3 0.00194273 0.00187293 -4.57627e-06 0.313625
13.325 0.00194257 0.00186323 -5.19051e-06 0.313038
13.35 0.00193681 0.00184652 -5.79724e-06 0.312454
13.375 0.00192558 0.00182296 -6.39123e-06 0.311872
13.4 0.00190903 0.00179276 -6.96786e-06 0.311292
13.425 0.0018874 0.00175621 -7.52201e-06 0.310714
13.45 0.00186096 0.00171362 -8.04892e-06 0.310139
13.475 0.00183 0.00166539 -8.54383e-06 0.309565
13.5 0.00179488 0.00161193 -9.0018e-06 0.308994
13.525 0.00175599 0.00155372 -9.41865e-06 0.308425
13.55 0.00171374 0.00149127 -9.79014e-06 0.307857
13.575 0.00166865 0.00142513 -1.01123e-05 0.307292
13.6 0.00162118 0.00135588 -1.03813e-05 0.306729
13.625 0.00157186 0.00128415 -1.05938e-05 0.306168
13.65 0.00152125 0.00121056 -1.07466e-05 0.30561
13.675 0.00146987 0.00113578 -1.08369e-05 0.305053
13.7 0.00141832 0.00106048 -1.0862e-05 0.304498
13.725 0.00136721 0.000985317 -1.082e-05 0.303945
13.75 0.00131712 0.000911038 -1.0709e-05 0.303394
13.775 0.00126867 0.000838298 -1.05275e-05 0.302846
13.8 0.00122246 0.000767822 -1.02746e-05 0.302299
13.825 0.00117908 0.000700293 -9.94968e-06 0.301754
13.85 0.00113914 0.000636341 -9.55225e-06 0.301211
13.875 0.0011032 0.000576645 -9.08252e-06 0.30067
13.9 0.00107185 0.000521843 -8.54096e-06 0.300131
13.925 0.00104561 0.000472552 -7.92844e-06 0.299594
13.95 0.00102503 0.000429384 -7.24608e-06 0.299059
13.975 0.00101059 0.000392783 -6.49564e-06 0.298526
14 0.00100276 0.000363391 -5.67907e-06 0.297995
14.025 0.00100199 0.000341648 -4.7984e-06 0.297465
14.05 0.00100867 0.000328006 -3.85629e-06 0.296938
14.075 0.00102316 0.000322848 -2.85558e-06 0.296412
14.1 0.00104583 0.000326541 -1.79909e-06 0.295889
14.125 0.00107694 0.000339395 -6.90925e-07 0.295367
14.15 0.00111675 0.000361673 4.65637e-07 0.294847
14.175 0.00116548 0.000393587 1.66674e-06 0.294328
14.2 0.00122325 0.000435317 2.90778e-06 0.293812
14.225 0.0012902 0.00048697 4.18564e-06 0.293297
14.25 0.0013664 0.000548612 5.49537e-06 0.292785
14.275 0.00145188 0.000620259 6.83263e-06 0.292274
14.3 0.00154663 0.000701877 8.19277e-06 0.291764
14.325 0.00165058 0.000793384 9.57115e-06 0.291257
14.35 0.00176362 0.00089465 1.09634e-05 0.290751
14.375 0.00188562 0.0010055 1.23642e-05 0.290248
14.4 0.00201637 0.0011257 1.37684e-05 0.289745
14.425 0.00215564 0.001255 1.51727e-05 0.289245
14.45 0.00230317 0.00139309 1.65718e-05 0.288746
14.475 0.00245865 0.00153962 1.79611e-05 0.288249
14.5 0.00262173 0.00169415 1.93362e-05 0.287754
14.525 0.00279203 0.00185635 2.06925e-05 0.287261
14.55 0.00296915 0.00202574 2.2026e-05 0.286769
14.575 0.00315264 0.00220183 2.33324e-05 0.286279
14.6 0.00334204 0.00238411 2.46079e-05 0.28579
14.625 0.00353686 0.00257205 2.58485e-05 0.285304
14.65 0.00373659 0.00276509 2.70509e-05 0.284818
14.675 0.00394076 0.00296265 2.82114e-05 0.284335
14.7 0.00414869 0.00316416 2.93271e-05 0.283853
14.725 0.00435988 0.003369 3.03948e-05 0.283373
14.75 0.00457376 0.00357656 3.1412e-05 0.282894
14.775 0.00478974 0.00378624 3.2376e-05 0.282417
14.8 0.00500724 0.0039974 3.32847e-05 0.281942
14.825 0.00522567 0.00420942 3.4136e-05 0.281468
14.85 0.00544437 0.00442168 3.49282e-05 0.280996
14.875 0.00566287 0.00463357 3.56597e-05 0.280525
14.9 0.00588061 0.00484448 3.63294e-05 0.280056
14.925 0.00609686 0.00505381 3.69361e-05 0.279589
14.95 0.00631111 0.00526096 3.74791e-05 0.279123
14.975 0.00652281 0.00546536 3.79582e-05 0.278658
15 0.0067314 0.00566648 3.83725e-05 0.278195
15.025 0.00693635 0.00586375 3.87222e-05 0.277734
15.05 0.00713716 0.00605666 3.90074e-05 0.277274
15.075 0.00733332 0.00624472 3.92286e-05 0.276816
15.1 0.00752436 0.00642746 3.93863e-05 0.276359
15.125 0.00770983 0.00660441 3.94814e-05 0.275904
15.15 0.00788928 0.00677517 3.95147e-05 0.27545
15.175 0.00806232 0.00693933 3.94875e-05 0.274997
15.2 0.00822857 0.00709653 3.94011e-05 0.274546
15.225 0.00838766 0.00724643 3.9257e-05 0.274097
15.25 0.00853927 0.00738871 3.90568e-05 0.273649
15.275 0.00868309 0.0075231 3.88025e-05 0.273202
15.3 0.00881885 0.00764935 3.84956e-05 0.272757
15.325 0.0089463 0.00776722 3.81382e-05 0.272314
15.35 0.00906523 0.00787655 3.77326e-05 0.271871
15.375 0.00917544 0.00797715 3.72808e-05 0.271431
15.4 0.00927678 0.00806892 3.67841e-05 0.270991
15.425 0.00936912 0.00815183 3.62472e-05 0.270553
15.45 0.00945233 0.0082256 3.56713e-05 0.270116
15.475 0.00952636 0.00829032 3.50588e-05 0.269681
15.5 0.00959115 0.00834595 3.44121e-05 0.269247
15.525 0.00964666 0.0083925 3.37343e-05 0.268815
15.55 0.00969291 0.00843001 3.3027e-05 0.268384
15.575 0.00972994 0.00845855 3.22931e-05 0.267954
15.6 0.00975777 0.00847818 3.15351e-05 0.267526
15.625 0.00977649 0.00848903 3.07555e-05 0.267099
15.65 0.0097862 0.00849122 2.99569e-05 0.266673
15.675 0.00978701 0.0084849 2.91415e-05 0.266248
15.7 0.00977906 0.00847024 2.83119e-05 0.265825
15.725 0.0097625 0.00844743 2.74704e-05 0.265404
15.75 0.00973752 0.0084167 2.66192e-05 0.264983
15.775 0.00970431 0.00837821 2.57606e-05 0.264564
15.8 0.00966307 0.00833222 2.48967e-05 0.264146
15.825 0.00961403 0.00827898 2.40297e-05 0.26373
15.85 0.00955742 0.00821876 2.31615e-05 0.263315
15.875 0.00949349 0.00815181 2.22942e-05 0.262901
15.9 0.00942251 0.00807843 2.14294e-05 0.262488
15.925 0.00934473 0.00799889 2.05691e-05 0.262077
15.95 0.00926044 0.00791348 1.9715e-05 0.261667
15.975 0.00916992 0.00782252 1.88685e-05 0.261258
16 0.00907347 0.00772627 1.80311e-05 0.26085
16.025 0.00897138 0.00762496 1.72044e-05 0.260444
16.05 0.00886395 0.00751914 1.63897e-05 0.260039
16.075 0.00875148 0.00740898 1.5588e-05 0.259635
16.1 0.00863428 0.0072948 1.48006e-05 0.259232
16.125 0.00851266 0.0071769 1.40286e-05 0.258831
16.15 0.00838692 0.00705559 1.32729e-05 0.258431
16.175 0.00825736 0.00693117 1.25341e-05 0.258032
16.2 0.0081243 0.00680393 1.18133e-05 0.257634
16.225 0.00798804 0.00667419 1.1111e-05 0.257238
16.25 0.00784886 0.00654221 1.0428e-05 0.256843
16.275 0.00770707 0.00640831 9.76456e-06 0.256448
16.3 0.00756295 0.00627274 9.12127e-06 0.256056
16.325 0.0074168 0.00613578 8.49846e-06 0.255664
16.35 0.00726888 0.00599769 7.8964e-06 0.255273
16.375 0.00711946 0.00585874 7.3153e-06 0.254884
16.4 0.00696882 0.00571917 6.75533e-06 0.254496
16.425 0.00681721 0.00557922 6.21654e-06 0.254109
16.45 0.00666488 0.00543911 5.69897e-06 0.253723
16.475 0.00651207 0.00529908 5.20257e-06 0.253338
16.5 0.00635901 0.00515933 4.72724e-06 0.252955
16.525 0.00620593 0.00502007 4.27285e-06 0.252572
16.55 0.00605304 0.00488148 3.83919e-06 0.252191
16.575 0.00590056 0.00474375 3.42603e-06 0.251811
16.6 0.00574866 0.00460706 3.03307e-06 0.251432
16.625 0.00559755 0.00447156 2.66e-06 0.251054
16.65 0.0054474 0.00433741 2.3065e-06 0.250677
16.675 0.00529838 0.00420476 1.97211e-06 0.250302
16.7 0.00515065 0.00407373 1.65646e-06 0.249927
16.725 0.00500436 0.00394446 1.35909e-06 0.249554
16.75 0.00485965 0.00381705 1.07954e-06 0.249182
16.775 0.00471667 0.00369161 8.17336e-07 0.24881
16.8 0.0045755 0.00356824 5.71958e-07 0.24844
16.825 0.00443628 0.00344702 3.42898e-07 0.248071
16.85 0.0042991 0.00332804 1.29628e-07 0.247703
16.875 0.00416407 0.00321136 -6.83936e-08 0.247337
16.9 0.00403127 0.00309705 -2.51711e-07 0.246971
16.925 0.00390078 0.00298516 -4.20895e-07 0.246606
16.95 0.00377267 0.00287574 -5.76459e-07 0.246243
16.975 0.00364701 0.00276882 -7.18981e-07 0.24588
17 0.00352384 0.00266444 -8.49019e-07 0.245519
17.025 0.00340322 0.00256263 -9.67118e-07 0.245158
17.05 0.00328518 0.0024634 -1.07381e-06 0.244799
17.075 0.00316977 0.00236677 -1.16968e-06 0.24444
17.1 0.003057 0.00227271 -1.25526e-06 0.244083
17.125 0.0029469 0.00218129 -1.33104e-06 0.243727
17.15 0.00283948 0.00209249 -1.39756e-06 0.243372
17.175 0.00273476 0.00200625 -1.45533e-06 0.243018
17.2 0.00263274 0.0019226 -1.50484e-06 0.242664
17.225 0.00253341 0.00184149 -1.54659e-06 0.242312
17.25 0.00243677 0.00176294 -1.58104e-06 0.241961
17.275 0.00234282 0.0016869 -1.60865e-06 0.241611
17.3 0.00225152 0.00161335 -1.62987e-06 0.241262
17.325 0.00216288 0.00154224 -1.64513e-06 0.240914
17.35 0.00207686 0.00147356 -1.65487e-06 0.240567
17.375 0.00199343 0.00140725 -1.65945e-06 0.240221
17.4 0.00191258 0.00134329 -1.65928e-06 0.239876
17.425 0.00183426 0.00128162 -1.65473e-06 0.239532
17.45 0.00175845 0.0012222 -1.64615e-06 0.239188
17.475 0.0016851 0.00116499 -1.6339e-06 0.238846
17.5 0.00161418 0.00110994 -1.61828e-06 0.238505
17.525 0.00154564 0.00105701 -1.59963e-06 0.238165
17.55 0.00147944 0.00100613 -1.57822e-06 0.237826
17.575 0.00141554 0.000957265 -1.55435e-06 0.237487
17.6 0.00135389 0.000910359 -1.52827e-06 0.23715
17.625 0.00129444 0.00086536 -1.50025e-06 0.236814
17.65 0.00123714 0.000822217 -1.47052e-06 0.236478
17.675 0.00118195 0.000780876 -1.43928e-06 0.236144
17.7 0.00112881 0.000741285 -1.40681e-06 0.23581
17.725 0.00107767 0.000703392 -1.37324e-06 0.235478
17.75 0.00102849 0.000667143 -1.33877e-06 0.235146
17.775 0.000981202 0.000632488 -1.30359e-06 0.234815
17.8 0.000935768 0.000599373 -1.26785e-06 0.234486
17.825 0.000892131 0.000567748 -1.2317e-06 0.234157
17.85 0.00085024 0.000537563 -1.19529e-06 0.233829
17.875 0.000810044 0.000508766 -1.15873e-06 0.233502
17.9 0.000771492 0.000481308 -1.12214e-06 0.233176
17.925 0.000734533 0.000455142 -1.08565e-06 0.232851
17.95 0.000699117 0.000430219 -1.04933e-06 0.232526
17.975 0.000665193 0.000406492 -1.01329e-06 0.232203
18 0.000632716 0.000383915 -9.77604e-07 0.23188
18.025 0.000601635 0.000362444 -9.42347e-07 0.231559
18.05 0.000571903 0.000342035 -9.07584e-07 0.231238
18.075 0.000543473 0.000322644 -8.73374e-07 0.230918
18.1 0.0005163 0.00030423 -8.3977e-07 0.230599
18.125 0.000490338 0.000286752 -8.06817e-07 0.230281
18.15 0.000465543 0.000270171 -7.74557e-07 0.229964
18.175 0.000441873 0.000254448 -7.43023e-07 0.229648
18.2 0.000419284 0.000239546 -7.12243e-07 0.229332
18.225 0.000397736 0.000225428 -6.82241e-07 0.229018
18.25 0.000377189 0.000212061 -6.53037e-07 0.228704
18.275 0.000357603 0.000199409 -6.24647e-07 0.228391
18.3 0.00033894 0.00018744 -5.97081e-07 0.228079
18.325 0.000321164 0.000176122 -5.70348e-07 0.227768
18.35 0.000304238 0.000165424 -5.44453e-07 0.227458
18.375 0.000288128 0.000155317 -5.19396e-07 0.227148
18.4 0.000272799 0.000145774 -4.95176e-07 0.22684
18.425 0.000258218 0.000136765 -4.71789e-07 0.226532
18.45 0.000244355 0.000128266 -4.49231e-07 0.226225
18.475 0.000231177 0.00012025 -4.27491e-07 0.225919
18.5 0.000218656 0.000112694 -4.0656e-07 0.225613
18.525 0.000206761 0.000105574 -3.86427e-07 0.225309
18.55 0.000195467 9.88677e-05 -3.67078e-07 0.225005
18.575 0.000184745 9.25545e-05 -3.48496e-07 0.224702
18.6 0.00017457 8.66133e-05 -3.30671e-07 0.224536
18.625 0.000164918 8.10245e-05 -3.13584e-07 0.224099
18.65 0.000155763 7.57695e-05 -2.97217e-07 0.223799
18.675 0.000147083 7.08304e-05 -2.81553e-07 0.223499
18.7 0.000138856 6.619e-05 -2.66572e-07 0.2232
18.725 0.00013106 6.1832e-05 -2.52255e-07 0.222902
18.75 0.000123675 5.77409e-05 -2.38583e-07 0.222605
18.775 0.000116682 5.39019e-05 -2.25537e-07 0.222309
18.8 0.000110061 5.03009e-05 -2.13096e-07 0.222013
18.825 0.000103794 4.69245e-05 -2.0124e-07 0.221718
18.85 9.78639e-05 4.37599e-05 -1.8995e-07 0.221424
18.875 9.22542e-05 4.07949e-05 -1.79206e-07 0.221131
18.9 8.69489e-05 3.8018e-05 -1.68987e-07 0.220839
18.925 8.19328e-05 3.54183e-05 -1.59275e-07 0.220547
18.95 7.71913e-05 3.29855e-05 -1.5005e-07 0.220256
18.975 7.27105e-05 3.07096e-05 -1.41293e-07 0.219966
19 6.84771e-05 2.85813e-05 -1.32985e-07 0.219676
19.025 6.44784e-05 2.65919e-05 -1.25108e-07 0.219388
19.05 6.07023e-05 2.47328e-05 -1.17644e-07 0.2191
19.075 5.71373e-05 2.29963e-05 -1.10575e-07 0.218812
19.1 5.37723e-05 2.13748e-05 -1.03885e-07 0.218526
19.125 5.05968e-05 1.98612e-05 -9.75554e-08 0.21824
19.15 4.76008e-05 1.84489e-05 -9.15713e-08 0.217955
19.175 4.47748e-05 1.71315e-05 -8.59166e-08 0.217671
19.2 4.21097e-05 1.59032e-05 -8.05758e-08 0.217388
19.225 3.95969e-05 1.47582e-05 -7.55342e-08 0.217105
19.25 3.72281e-05 1.36913e-05 -7.07774e-08 0.216823
19.275 3.49955e-05 1.26974e-05 -6.62914e-08 0.216542
19.3 3.28918e-05 1.1772e-05 -6.2063e-08 0.216261
19.325 3.09099e-05 1.09105e-05 -5.80791e-08 0.215982
19.35 2.9043e-05 1.01088e-05 -5.43273e-08 0.215703
19.375 2.72848e-05 9.36297e-06 -5.07958e-08 0.215424
19.4 2.56293e-05 8.66934e-06 -4.74729e-08 0.215147
19.425 2.40708e-05 8.02443e-06 -4.43477e-08 0.21487
19.45 2.26038e-05 7.42499e-06 -4.14094e-08 0.214594
19.475 2.12231e-05 6.86798e-06 -3.86481e-08 0.214318
19.5 1.99239e-05 6.35051e-06 -3.60539e-08 0.214043
19.525 1.87016e-05 5.86991e-06 -3.36176e-08 0.213769
19.55 1.75518e-05 5.42364e-06 -3.13301e-08 0.213496
19.575 1.64703e-05 5.00934e-06 -2.91831e-08 0.213223
19.6 1.54533e-05 4.62479e-06 -2.71683e-08 0.212951
19.625 1.44969e-05 4.2679e-06 -2.5278e-08 0.21268
19.65 1.35977e-05 3.93673e-06 -2.35047e-08 0.21241
19.675 1.27524e-05 3.62944e-06 -2.18413e-08 0.21214
19.7 1.19578e-05 3.34432e-06 -2.0281e-08 0.21187
19.725 1.12109e-05 3.07976e-06 -1.88174e-08 0.211602
19.75 1.05089e-05 2.83426e-06 -1.74443e-08 0.211334
19.775 9.84925e-06 2.60641e-06 -1.61558e-08 0.211067
19.8 9.22933e-06 2.39489e-06 -1.49463e-08 0.2108
19.825 8.6468e-06 2.19844e-06 -1.38103e-08 0.210535
19.85 8.09943e-06 2.01592e-06 -1.27427e-08 0.210269
19.875 7.5851e-06 1.84622e-06 -1.17385e-08 0.210005
19.9 7.10181e-06 1.6883e-06 -1.0793e-08 0.209741
19.925 6.64767e-06 1.54122e-06 -9.90169e-09 0.209478
19.95 6.22092e-06 1.40403e-06 -9.06006e-09 0.209215
19.975 5.81988e-06 1.27594e-06 -8.26424e-09 0.208954
20 5.44291e-06 1.15597e-06 -7.5091e-09 0.208692
