0 412.172 361.531 -0.498744 1.98011
0.025 412.172 361.531 -0.498744 1.98011
0.05 411.621 360.808 -0.497596 1.97946
0.075 411.147 360.354 -0.496728 1.9786
0.1 410.493 359.733 -0.495534 1.97747
0.125 409.662 358.949 -0.494024 1.97603
0.15 408.664 358.022 -0.492223 1.97426
0.175 407.49 356.935 -0.490108 1.97218
0.2 406.142 355.686 -0.487682 1.96977
0.225 404.621 354.279 -0.484946 1.96705
0.25 402.929 352.713 -0.481905 1.96404
0.275 401.067 350.99 -0.478565 1.9607
0.3 399.039 349.114 -0.474929 1.95706
0.325 396.846 347.087 -0.471005 1.95312
0.35 394.492 344.91 -0.466798 1.94889
0.375 391.98 342.588 -0.462316 1.94436
0.4 389.313 340.122 -0.457566 1.93953
0.425 386.495 337.518 -0.452555 1.93442
0.45 383.528 334.778 -0.447293 1.92903
0.475 380.418 331.905 -0.441787 1.92336
0.5 377.168 328.904 -0.436046 1.91742
0.525 373.781 325.778 -0.43008 1.91121
0.55 370.264 322.532 -0.423899 1.90474
0.575 366.619 319.17 -0.417511 1.89801
0.6 362.851 315.696 -0.410927 1.89103
0.625 358.966 312.115 -0.404157 1.88381
0.65 354.968 308.431 -0.397213 1.87634
0.675 350.861 304.649 -0.390103 1.86865
0.7 346.652 300.774 -0.382841 1.86072
0.725 342.344 296.81 -0.375435 1.85258
0.75 337.944 292.763 -0.367898 1.84422
0.775 333.455 288.637 -0.36024 1.83566
0.8 328.884 284.437 -0.352473 1.82689
0.825 324.236 280.16 -0.344608 1.81793
0.85 319.516 275.837 -0.336657 1.80879
0.875 314.729 271.447 -0.328629 1.79946
0.9 309.88 267.003 -0.320537 1.78996
0.925 304.976 262.511 -0.312391 1.78029
0.95 300.021 257.976 -0.304202 1.77047
0.975 295.019 253.402 -0.295982 1.76049
1 289.979 248.794 -0.287741 1.75037
1.025 284.903 244.158 -0.279489 1.74011
1.05 279.797 239.499 -0.271238 1.72973
1.075 274.666 234.821 -0.262996 1.71922
1.1 269.516 230.128 -0.254775 1.70859
1.125 264.351 225.427 -0.246583 1.69786
1.15 259.177 220.721 -0.238421 1.68702
1.175 253.997 216.015 -0.230317 1.67609
1.2 248.816 211.313 -0.222273 1.66507
1.225 243.64 206.619 -0.214291 1.65397
1.25 238.473 201.939 -0.206384 1.64279
1.275 233.319 197.275 -0.198559 1.63155
1.3 228.182 192.632 -0.190823 1.62025
1.325 223.066 188.013 -0.183184 1.60889
1.35 217.976 183.424 -0.175649 1.59749
1.375 212.916 178.866 -0.168224 1.58604
1.4 207.888 174.343 -0.160916 1.57456
1.425 202.897 169.86 -0.15373 1.56305
1.45 197.946 165.418 -0.146672 1.55152
1.475 193.039 161.021 -0.139746 1.53996
1.5 188.178 156.672 -0.132958 1.5284
1.525 183.366 152.368 -0.126312 1.51683
1.55 178.607 148.122 -0.119812 1.50527
1.575 173.903 143.933 -0.113461 1.4937
1.6 169.257 139.801 -0.107262 1.48215
1.625 164.671 135.729 -0.101219 1.47061
1.65 160.147 131.721 -0.0953331 1.45909
1.675 155.687 127.777 -0.0896072 1.4476
1.7 151.294 123.896 -0.084043 1.43613
1.725 146.969 120.082 -0.0786425 1.4247
1.75 142.714 116.337 -0.0734035 1.41331
1.775 138.53 112.66 -0.0683304 1.40196
1.8 134.418 109.056 -0.0634223 1.39065
1.825 130.381 105.523 -0.0586793 1.37939
1.85 126.418 102.062 -0.054101 1.36819
1.875 122.531 98.675 -0.0496871 1.35704
1.9 118.721 95.3616 -0.0454367 1.34596
1.925 114.988 92.1225 -0.0413487 1.33493
1.95 111.333 88.958 -0.0374218 1.32397
1.975 107.756 85.8682 -0.0336545 1.31308
2 104.257 82.8533 -0.030045 1.30227
2.025 100.838 79.9132 -0.0265912 1.29152
2.05 97.4969 77.0478 -0.023291 1.28085
2.075 94.2348 74.2568 -0.0201419 1.27026
2.1 91.0513 71.54 -0.0171414 1.25975
2.125 87.9461 68.8969 -0.0142868 1.24933
2.15 84.919 66.3269 -0.011575 1.23899
2.175 81.9695 63.8295 -0.00900316 1.22873
2.2 79.097 61.404 -0.00656806 1.21856
2.225 76.301 59.0496 -0.00426645 1.20848
2.25 73.5808 56.7656 -0.00209458 1.19849
2.275 70.9357 54.551 -4.97324e-05 1.18859
2.3 68.3648 52.4048 0.00187198 1.17878
2.325 65.8673 50.3261 0.00367433 1.16907
2.35 63.4422 48.3139 0.00535992 1.15945
2.375 61.0886 46.3669 0.00693405 1.14992
2.4 58.8053 44.4841 0.00839967 1.14049
2.425 56.5913 42.6642 0.00976052 1.13116
2.45 54.4455 40.9061 0.0110203 1.12192
2.475 52.3667 39.2085 0.0121829 1.11278
2.5 50.3536 37.5701 0.0132519 1.10374
2.525 48.4051 35.9896 0.014231 1.09479
2.55 46.5199 34.4657 0.015124 1.08594
2.575 44.6967 32.9971 0.0159345 1.07719
2.6 42.9341 31.5823 0.0166662 1.06853
2.625 41.2309 30.2201 0.0173225 1.05997
2.65 39.5858 28.9091 0.0179072 1.05151
2.675 37.9973 27.6478 0.0184234 1.04314
2.7 36.4641 26.435 0.0188748 1.03487
2.725 34.9848 25.2693 0.0192645 1.02669
2.75 33.5582 24.1493 0.0195959 1.01861
2.775 32.1828 23.0737 0.0198721 1.01062
2.8 30.8572 22.041 0.0200962 1.00273
2.825 29.5802 21.0501 0.0202713 0.994933
2.85 28.3503 20.0995 0.0204002 0.987227
2.875 27.1663 19.188 0.0204856 0.979612
2.9 26.0267 18.3143 0.0205307 0.972089
2.925 24.9303 17.4771 0.0205379 0.964656
2.95 23.8758 16.6752 0.0205097 0.957313
2.975 22.8619 15.9074 0.0204487 0.950059
3 21.8874 15.1724 0.0203572 0.942893
3.025 20.9509 14.4691 0.0202375 0.935814
3.05 20.0514 13.7963 0.0200918 0.928822
3.075 19.1874 13.1529 0.0199222 0.921915
3.1 18.358 12.5378 0.0197307 0.915092
3.125 17.5619 11.9499 0.0195192 0.908354
3.15 16.798 11.3882 0.0192896 0.901697
3.175 16.0651 10.8517 0.0190435 0.895123
3.2 15.3622 10.3393 0.0187827 0.888629
3.225 14.6883 9.8501 0.0185087 0.882215
3.25 14.0422 9.38318 0.0182229 0.87588
3.275 13.423 8.9376 0.0179268 0.869623
3.3 12.8297 8.51249 0.0176218 0.863443
3.325 12.2613 8.10699 0.0173089 0.857339
3.35 11.7169 7.72029 0.0169895 0.851309
3.375 11.1956 7.35156 0.0166647 0.845353
3.4 10.6965 7.00006 0.0163349 0.839471
3.425 10.2188 6.66502 0.0160021 0.83366
3.45 9.76151 6.34573 0.0156671 0.82792
3.475 9.32396 6.0415 0.01533 0.82225
3.5 8.90534 5.75166 0.0149919 0.816649
3.525 8.50489 5.47556 0.0146535 0.811116
3.55 8.12189 5.21259 0.0143155 0.805651
3.575 7.75562 4.96214 0.0139785 0.800251
3.6 7.4054 4.72366 0.0136428 0.794917
3.625 7.07057 4.49658 0.0133095 0.789647
3.65 6.75051 4.28039 0.0129787 0.78444
3.675 6.44458 4.07457 0.012651 0.779296
3.7 6.15221 3.87865 0.0123266 0.774213
3.725 5.87282 3.69215 0.012006 0.76919
3.75 5.60586 3.51464 0.0116894 0.764228
3.775 5.3508 3.34569 0.0113771 0.759324
3.8 5.10714 3.18489 0.0110694 0.754478
3.825 4.87438 3.03185 0.0107664 0.749689
3.85 4.65206 2.88621 0.0104685 0.744957
3.875 4.43972 2.7476 0.0101756 0.74028
3.9 4.23693 2.61569 0.00988804 0.735657
3.925 4.04328 2.49015 0.00960585 0.731088
3.95 3.85835 2.37068 0.00932914 0.726572
3.975 3.68177 2.25698 0.009058 0.722108
4 3.51318 2.14877 0.00879247 0.717696
4.025 3.35221 2.04579 0.00853259 0.713334
4.05 3.19853 1.94777 0.00827841 0.709022
4.075 3.05182 1.85449 0.00802992 0.704759
4.1 2.91176 1.76569 0.00778712 0.700544
4.125 2.77805 1.68118 0.00755001 0.696377
4.15 2.65043 1.60073 0.00731855 0.692257
4.175 2.5286 1.52415 0.00709273 0.688183
4.2 2.41231 1.45125 0.00687249 0.684154
4.225 2.30131 1.38185 0.00665778 0.680171
4.25 2.19537 1.31578 0.00644856 0.676231
4.275 2.09425 1.25287 0.00624475 0.672335
4.3 1.99774 1.19298 0.00604629 0.668482
4.325 1.90563 1.13595 0.00585311 0.664671
4.35 1.81772 1.08165 0.00566512 0.660902
4.375 1.73382 1.02994 0.00548225 0.657173
4.4 1.65375 0.980697 0.00530442 0.653485
4.425 1.57734 0.933803 0.00513152 0.649836
4.45 1.50441 0.889143 0.00496349 0.646227
4.475 1.43482 0.846609 0.00480022 0.642656
4.5 1.36841 0.8061 0.00464162 0.639124
4.525 1.30503 0.767517 0.0044876 0.635628
4.55 1.24455 0.730768 0.00433807 0.63217
4.575 1.18684 0.695766 0.00419292 0.628748
4.6 1.13178 0.662427 0.00405207 0.625361
4.625 1.07923 0.630671 0.00391541 0.62201
4.65 1.0291 0.600423 0.00378286 0.618694
4.675 0.981258 0.571612 0.00365432 0.615412
4.7 0.935615 0.544169 0.00352969 0.612164
4.725 0.892063 0.51803 0.00340888 0.608949
4.75 0.850517 0.493132 0.00329179 0.605767
4.775 0.81088 0.469419 0.00317834 0.602618
4.8 0.773067 0.446833 0.00306844 0.5995
4.825 0.736994 0.425322 0.00296199 0.596413
4.85 0.702584 0.404835 0.0028589 0.593358
4.875 0.669761 0.385325 0.0027591 0.590333
4.9 0.638452 0.366746 0.00266249 0.587338
4.925 0.60859 0.349053 0.00256898 0.584373
4.95 0.580109 0.332206 0.0024785 0.581438
4.975 0.552947 0.316166 0.00239096 0.578531
5 0.527043 0.300893 0.00230628 0.575652
5.025 0.50234 0.286354 0.00222439 0.572802
5.05 0.478785 0.272513 0.0021452 0.569979
5.075 0.456324 0.259338 0.00206864 0.567183
5.1 0.434909 0.246798 0.00199464 0.564414
5.125 0.414492 0.234862 0.00192311 0.561672
5.15 0.395027 0.223504 0.001854 0.558956
5.175 0.376472 0.212695 0.00178723 0.556266
5.2 0.358784 0.20241 0.00172273 0.553601
5.225 0.341924 0.192625 0.00166044 0.550961
5.25 0.325854 0.183315 0.00160029 0.548347
5.275 0.310539 0.174459 0.00154221 0.545756
5.3 0.295943 0.166035 0.00148614 0.54319
5.325 0.282034 0.158023 0.00143202 0.540647
5.35 0.268779 0.150403 0.0013798 0.538128
5.375 0.25615 0.143156 0.00132941 0.535632
5.4 0.244117 0.136265 0.00128079 0.533159
5.425 0.232652 0.129713 0.00123389 0.530708
5.45 0.22173 0.123482 0.00118866 0.52828
5.475 0.211325 0.117559 0.00114504 0.525873
5.5 0.201413 0.111928 0.00110298 0.523489
5.525 0.191971 0.106575 0.00106243 0.521125
5.55 0.182977 0.101487 0.00102334 0.518783
5.575 0.174411 0.0966498 0.000985657 0.516461
5.6 0.166252 0.0920521 0.000949342 0.51416
5.625 0.158481 0.087682 0.000914346 0.511879
5.65 0.15108 0.0835282 0.000880625 0.509618
5.675 0.144031 0.0795801 0.000848135 0.507377
5.7 0.137318 0.0758275 0.000816834 0.505156
5.725 0.130926 0.0722606 0.000786682 0.502953
5.75 0.124837 0.0688702 0.000757638 0.50077
5.775 0.119039 0.0656475 0.000729664 0.498605
5.8 0.113518 0.0625839 0.000702722 0.496459
5.825 0.108259 0.0596716 0.000676775 0.494332
5.85 0.103251 0.0569028 0.000651789 0.492222
5.875 0.0984822 0.0542704 0.000627728 0.49013
5.9 0.0939399 0.0517672 0.000604559 0.488056
5.925 0.0896137 0.0493869 0.00058225 0.485999
5.95 0.0854933 0.047123 0.000560769 0.48396
5.975 0.0815686 0.0449697 0.000540086 0.481937
6 0.0778301 0.0429212 0.000520172 0.479931
6.025 0.074269 0.0409721 0.000500997 0.477942
6.05 0.0708764 0.0391174 0.000482535 0.475969
6.075 0.0676443 0.0373522 0.000464759 0.474012
6.1 0.0645647 0.0356718 0.000447643 0.472071
6.125 0.0616304 0.0340719 0.000431162 0.470146
6.15 0.0588341 0.0325483 0.000415292 0.468237
6.175 0.0561692 0.031097 0.000400009 0.466343
6.2 0.0536292 0.0297144 0.000385293 0.464464
6.225 0.051208 0.0283968 0.00037112 0.4626
6.25 0.0488999 0.0271409 0.00035747 0.460751
6.275 0.0466992 0.0259435 0.000344323 0.458917
6.3 0.0446007 0.0248016 0.00033166 0.457097
6.325 0.0425995 0.0237124 0.000319463 0.455292
6.35 0.0406908 0.0226731 0.000307712 0.4535
6.375 0.03887 0.0216812 0.000296392 0.451723
6.4 0.0371329 0.0207342 0.000285486 0.44996
6.425 0.0354755 0.01983 0.000274977 0.44821
6.45 0.0338937 0.0189662 0.00026485 0.446474
6.475 0.0323841 0.018141 0.000255092 0.444751
6.5 0.030943 0.0173523 0.000245687 0.443041
6.525 0.0295671 0.0165983 0.000236623 0.441344
6.55 0.0282534 0.0158774 0.000227886 0.439661
6.575 0.0269988 0.0151878 0.000219464 0.43799
6.6 0.0258005 0.0145282 0.000211345 0.436332
6.625 0.0246558 0.0138969 0.000203517 0.434686
6.65 0.0235622 0.0132927 0.000195971 0.433052
6.675 0.0225172 0.0127143 0.000188694 0.431431
6.7 0.0215185 0.0121604 0.000181678 0.429822
6.725 0.020564 0.01163 0.000174912 0.428225
6.75 0.0196517 0.0111218 0.000168387 0.426639
6.775 0.0187794 0.010635 0.000162095 0.425065
6.8 0.0179455 0.0101686 0.000156027 0.423503
6.825 0.0171481 0.0097216 0.000150175 0.421952
6.85 0.0163855 0.0092932 0.000144531 0.420413
6.875 0.0156562 0.00888257 0.000139087 0.418885
6.9 0.0149586 0.00848896 0.000133837 0.417367
6.925 0.0142914 0.00811164 0.000128774 0.415861
6.95 0.0136532 0.00774992 0.000123891 0.414365
6.975 0.0130426 0.00740317 0.000119181 0.412881
7 0.0124585 0.00707076 0.00011464 0.411406
7.025 0.0118997 0.00675211 0.00011026 0.409943
7.05 0.0113651 0.00644668 0.000106037 0.408489
7.075 0.0108536 0.00615393 0.000101965 0.407046
7.1 0.0103643 0.00587337 9.80389e-05 0.405613
7.125 0.00989617 0.00560453 9.4254e-05 0.40419
7.15 0.00944833 0.00534695 9.06054e-05 0.402777
7.175 0.00901991 0.0051002 8.70885e-05 0.401374
7.2 0.0086101 0.00486387 8.36991e-05 0.399981
7.225 0.00821812 0.00463758 8.04327e-05 0.398597
7.25 0.00784321 0.00442093 7.72855e-05 0.397223
7.275 0.00748467 0.00421357 7.42535e-05 0.395858
7.3 0.0071418 0.00401515 7.13328e-05 0.394502
7.325 0.00681398 0.00382534 6.85199e-05 0.393156
7.35 0.00650056 0.00364382 6.58111e-05 0.391819
7.375 0.00620096 0.00347029 6.32032e-05 0.390491
7.4 0.00591461 0.00330443 6.06927e-05 0.389172
7.425 0.00564097 0.00314598 5.82766e-05 0.387862
7.45 0.0053795 0.00299464 5.59516e-05 0.386561
7.475 0.00512971 0.00285015 5.37149e-05 0.385268
7.5 0.00489112 0.00271226 5.15635e-05 0.383984
7.525 0.00466327 0.0025807 4.94947e-05 0.382708
7.55 0.00444571 0.00245525 4.75056e-05 0.381441
7.575 0.00423803 0.00233565 4.55936e-05 0.380182
7.6 0.0040398 0.00222169 4.37562e-05 0.378932
7.625 0.00385064 0.00211314 4.19908e-05 0.37769
7.65 0.00367017 0.00200978 4.02951e-05 0.376455
7.675 0.00349803 0.0019114 3.86667e-05 0.375229
7.7 0.00333386 0.00181781 3.71032e-05 0.374011
7.725 0.00317733 0.0017288 3.56025e-05 0.372801
7.75 0.00302812 0.00164419 3.41623e-05 0.371598
7.775 0.00288591 0.00156378 3.27806e-05 0.370403
7.8 0.0027504 0.0014874 3.14552e-05 0.369216
7.825 0.0026213 0.00141488 3.01842e-05 0.368037
7.85 0.00249834 0.00134603 2.89657e-05 0.366865
7.875 0.00238124 0.00128071 2.77976e-05 0.3657
7.9 0.00226976 0.00121875 2.66783e-05 0.364543
7.925 0.00216363 0.00115999 2.56058e-05 0.363393
7.95 0.00206262 0.0011043 2.45784e-05 0.362251
7.975 0.00196651 0.00105152 2.35944e-05 0.361115
8 0.00187506 0.00100151 2.26521e-05 0.359987
8.025 0.00178807 0.000954153 2.175e-05 0.358865
8.05 0.00170533 0.000909307 2.08865e-05 0.357751
8.075 0.00162665 0.000866851 2.00599e-05 0.356643
8.1 0.00155184 0.000826664 1.92689e-05 0.355543
8.125 0.00148071 0.000788634 1.8512e-05 0.354449
8.15 0.00141309 0.000752648 1.77878e-05 0.353361
8.175 0.00134882 0.000718602 1.70949e-05 0.352281
8.2 0.00128773 0.000686393 1.64321e-05 0.351207
8.225 0.00122967 0.000655924 1.5798e-05 0.350139
8.25 0.0011745 0.000627102 1.51914e-05 0.349078
8.275 0.00112207 0.000599836 1.46111e-05 0.348024
8.3 0.00107225 0.000574042 1.4056e-05 0.346976
8.325 0.0010249 0.000549639 1.35248e-05 0.345934
8.35 0.00097991 0.000526547 1.30167e-05 0.344898
8.375 0.000937154 0.000504694 1.25304e-05 0.343868
8.4 0.000896521 0.000484007 1.2065e-05 0.342845
8.425 0.000857898 0.00046442 1.16196e-05 0.341828
8.45 0.00082119 0.000445868 1.11931e-05 0.340816
8.475 0.000786294 0.00042829 1.07847e-05 0.339811
8.5 0.000753116 0.000411628 1.03935e-05 0.338812
8.525 0.000721566 0.000395827 1.00187e-05 0.337818
8.55 0.000691558 0.000380835 9.65951e-06 0.33683
8.575 0.00066301 0.000366601 9.31514e-06 0.335848
8.6 0.000635844 0.000353079 8.98486e-06 0.334872
8.625 0.000609987 0.000340224 8.66798e-06 0.333902
8.65 0.000585366 0.000327993 8.36382e-06 0.332937
8.675 0.000561916 0.000316348 8.07175e-06 0.331977
8.7 0.000539572 0.000305249 7.79116e-06 0.331023
8.725 0.000518272 0.000294662 7.52147e-06 0.330075
8.75 0.00049796 0.000284552 7.26213e-06 0.329132
8.775 0.00047858 0.000274888 7.01261e-06 0.328194
8.8 0.00046008 0.00026564 6.77242e-06 0.327262
8.825 0.000442415 0.00025678 6.54108e-06 0.326335
8.85 0.000425529 0.00024828 6.31815e-06 0.325413
8.875 0.000409382 0.000240118 6.10321e-06 0.324496
8.9 0.000393933 0.000232268 5.89585e-06 0.323585
8.925 0.000379141 0.00022471 5.69571e-06 0.322678
8.95 0.000364969 0.000217422 5.50241e-06 0.321777
8.975 0.000351382 0.000210387 5.31564e-06 0.320881
9 0.000338347 0.000203587 5.13508e-06 0.319989
9.025 0.000325831 0.000197005 4.96043e-06 0.319103
9.05 0.000313805 0.000190626 4.79141e-06 0.318222
9.075 0.000302242 0.000184437 4.62776e-06 0.317345
9.1 0.000291116 0.000178424 4.46925e-06 0.316473
9.125 0.000280401 0.000172576 4.31565e-06 0.315606
9.15 0.000270077 0.000166883 4.16674e-06 0.314744
9.175 0.000260121 0.000161334 4.02233e-06 0.313886
9.2 0.000250513 0.000155922 3.88223e-06 0.313033
9.225 0.000241236 0.000150638 3.74627e-06 0.312185
9.25 0.000232271 0.000145475 3.61429e-06 0.311341
9.275 0.000223605 0.000140428 3.48615e-06 0.310502
9.3 0.000215221 0.000135491 3.36171e-06 0.309667
9.325 0.000207107 0.000130659 3.24084e-06 0.308837
9.35 0.00019925 0.000125929 3.12341e-06 0.308011
9.375 0.000191639 0.000121298 3.00932e-06 0.30719
9.4 0.000184263 0.000116763 2.89846e-06 0.306373
9.425 0.000177114 0.000112322 2.79075e-06 0.30556
9.45 0.000170183 0.000107973 2.6861e-06 0.304752
9.475 0.000163461 0.000103715 2.58442e-06 0.303948
9.5 0.000156942 9.95483e-05 2.48564e-06 0.303148
9.525 0.000150619 9.54716e-05 2.38968e-06 0.302352
9.55 0.000144488 9.14851e-05 2.29648e-06 0.301561
9.575 0.00013854 8.75892e-05 2.20597e-06 0.300774
9.6 0.000132774 8.37844e-05 2.11811e-06 0.29999
9.625 0.000127185 8.00715e-05 2.03282e-06 0.299211
9.65 0.000121768 7.64513e-05 1.95007e-06 0.298436
9.675 0.00011652 7.29247e-05 1.8698e-06 0.297665
9.7 0.000111439 6.94929e-05 1.79196e-06 0.296898
9.725 0.00010652 6.61568e-05 1.71651e-06 0.296134
9.75 0.000101762 6.29177e-05 1.64341e-06 0.295375
9.775 9.71612e-05 5.97764e-05 1.57261e-06 0.29462
9.8 9.27158e-05 5.6734e-05 1.50407e-06 0.293868
9.825 8.84236e-05 5.37914e-05 1.43776e-06 0.29312
9.85 8.42824e-05 5.09492e-05 1.37363e-06 0.292376
9.875 8.02899e-05 4.82082e-05 1.31165e-06 0.291636
9.9 7.6444e-05 4.55686e-05 1.25177e-06 0.2909
9.925 7.27425e-05 4.30308e-05 1.19397e-06 0.290167
9.95 6.91832e-05 4.05947e-05 1.1382e-06 0.289438
9.975 6.57639e-05 3.82602e-05 1.08443e-06 0.288712
10 6.24822e-05 3.60268e-05 1.03262e-06 0.287991
10.025 5.93358e-05 3.3894e-05 9.82729e-07 0.287272
10.05 5.6322e-05 3.18608e-05 9.34725e-07 0.286558
10.075 5.34384e-05 2.99261e-05 8.88569e-07 0.285847
10.1 5.06821e-05 2.80886e-05 8.44221e-07 0.285139
10.125 4.80504e-05 2.63467e-05 8.01647e-07 0.284435
10.15 4.55402e-05 2.46985e-05 7.60807e-07 0.283735
10.175 4.31486e-05 2.3142e-05 7.21661e-07 0.283038
10.2 4.08724e-05 2.1675e-05 6.84172e-07 0.282344
10.225 3.87082e-05 2.02951e-05 6.483e-07 0.281654
10.25 3.66528e-05 1.89996e-05 6.14005e-07 0.280967
10.275 3.47026e-05 1.77857e-05 5.81248e-07 0.280283
10.3 3.28542e-05 1.66506e-05 5.4999e-07 0.279603
10.325 3.11038e-05 1.55912e-05 5.20189e-07 0.278926
10.35 2.9448e-05 1.46043e-05 4.91806e-07 0.278252
10.375 2.78829e-05 1.36867e-05 4.648e-07 0.277582
10.4 2.64049e-05 1.28351e-05 4.39131e-07 0.276914
10.425 2.50101e-05 1.2046e-05 4.14758e-07 0.27625
10.45 2.3695e-05 1.13162e-05 3.91642e-07 0.275589
10.475 2.24558e-05 1.06422e-05 3.69741e-07 0.274932
10.5 2.12888e-05 1.00207e-05 3.49015e-07 0.274277
10.525 2.01904e-05 9.44824e-06 3.29424e-07 0.273626
10.55 1.91569e-05 8.92158e-06 3.10929e-07 0.272977
10.575 1.8185e-05 8.43748e-06 2.93489e-07 0.272332
10.6 1.72712e-05 7.99281e-06 2.77066e-07 0.27169
10.625 1.64123e-05 7.58451e-06 2.6162e-07 0.27105
10.65 1.56049e-05 7.20966e-06 2.47112e-07 0.270414
10.675 1.48459e-05 6.86557e-06 2.33506e-07 0.269781
10.7 1.41325e-05 6.54932e-06 2.20761e-07 0.269151
10.725 1.34619e-05 6.25853e-06 2.08843e-07 0.268523
10.75 1.28312e-05 5.99083e-06 1.97714e-07 0.267899
10.775 1.22381e-05 5.74401e-06 1.87337e-07 0.267277
10.8 1.168e-05 5.51602e-06 1.77679e-07 0.266658
10.825 1.11548e-05 5.305e-06 1.68703e-07 0.266043
10.85 1.06603e-05 5.10923e-06 1.60376e-07 0.26543
10.875 1.01946e-05 4.92717e-06 1.52664e-07 0.264819
10.9 9.75595e-06 4.7574e-06 1.45535e-07 0.264212
10.925 9.34263e-06 4.59872e-06 1.38957e-07 0.263607
10.95 8.95314e-06 4.45018e-06 1.329e-07 0.263006
10.975 8.58613e-06 4.31078e-06 1.27331e-07 0.262407
11 8.24033e-06 4.17978e-06 1.22223e-07 0.26181
11.025 7.91464e-06 4.05651e-06 1.17546e-07 0.261216
11.05 7.60806e-06 3.94053e-06 1.13272e-07 0.260625
11.075 7.31968e-06 3.83142e-06 1.09374e-07 0.260037
11.1 7.04872e-06 3.72892e-06 1.05828e-07 0.259452
11.125 6.79448e-06 3.63285e-06 1.02608e-07 0.258868
11.15 6.55633e-06 3.54306e-06 9.96885e-08 0.258288
11.175 6.33374e-06 3.45954e-06 9.70439e-08 0.25771
11.2 6.12621e-06 3.38232e-06 9.46533e-08 0.257135
11.225 5.93332e-06 3.31149e-06 9.2495e-08 0.256562
11.25 5.75468e-06 3.24714e-06 9.05479e-08 0.255992
11.275 5.58995e-06 3.18942e-06 8.87918e-08 0.255425
11.3 5.43878e-06 3.13845e-06 8.72074e-08 0.254859
11.325 5.30089e-06 3.09444e-06 8.57763e-08 0.254297
11.35 5.17596e-06 3.05751e-06 8.44806e-08 0.253737
11.375 5.0637e-06 3.0278e-06 8.3304e-08 0.253179
11.4 4.9638e-06 3.00547e-06 8.22305e-08 0.252624
11.425 4.87595e-06 2.99048e-06 8.1243e-08 0.252071
11.45 4.79981e-06 2.98293e-06 8.03312e-08 0.251521
11.475 4.73502e-06 2.98287e-06 7.94795e-08 0.250973
11.5 4.68121e-06 2.99011e-06 7.86755e-08 0.250427
11.525 4.63795e-06 3.00461e-06 7.79074e-08 0.249884
11.55 4.60481e-06 3.02614e-06 7.7164e-08 0.249343
11.575 4.58129e-06 3.05459e-06 7.64353e-08 0.248804
11.6 4.56688e-06 3.08963e-06 7.57119e-08 0.248268
11.625 4.56102e-06 3.1309e-06 7.49848e-08 0.247734
11.65 4.56314e-06 3.178e-06 7.42462e-08 0.247203
11.675 4.57255e-06 3.23047e-06 7.34889e-08 0.246673
11.7 4.5887e-06 3.2878e-06 7.27066e-08 0.246146
11.725 4.61085e-06 3.34942e-06 7.18934e-08 0.245622
11.75 4.6383e-06 3.41471e-06 7.10456e-08 0.245099
11.775 4.67031e-06 3.48302e-06 7.01563e-08 0.244579
11.8 4.70612e-06 3.55366e-06 6.9223e-08 0.24406
11.825 4.74498e-06 3.62589e-06 6.82429e-08 0.243544
11.85 4.7861e-06 3.69897e-06 6.72135e-08 0.243031
11.875 4.82867e-06 3.77214e-06 6.6133e-08 0.242519
11.9 4.872e-06 3.8446e-06 6.50002e-08 0.242009
11.925 4.91526e-06 3.91559e-06 6.38146e-08 0.241502
11.95 4.95771e-06 3.98431e-06 6.25761e-08 0.240997
11.975 4.99861e-06 4.05001e-06 6.12839e-08 0.240494
12 5.03725e-06 4.11192e-06 5.99417e-08 0.239993
12.025 5.07294e-06 4.16931e-06 5.85497e-08 0.239494
12.05 5.10504e-06 4.2215e-06 5.71097e-08 0.238997
12.075 5.13294e-06 4.26783e-06 5.56243e-08 0.238502
12.1 5.1561e-06 4.30768e-06 5.40961e-08 0.238009
12.125 5.17399e-06 4.34049e-06 5.25285e-08 0.237519
12.15 5.18621e-06 4.36576e-06 5.0925e-08 0.23703
12.175 5.19229e-06 4.38304e-06 4.92907e-08 0.236543
12.2 5.19193e-06 4.39195e-06 4.76273e-08 0.236058
12.225 5.18487e-06 4.39216e-06 4.59403e-08 0.235576
12.25 5.17091e-06 4.3835e-06 4.42347e-08 0.235095
12.275 5.14994e-06 4.36577e-06 4.25152e-08 0.234616
12.3 5.12188e-06 4.3389e-06 4.07859e-08 0.234139
12.325 5.08674e-06 4.30288e-06 3.90541e-08 0.233664
12.35 5.04464e-06 4.25778e-06 3.73242e-08 0.233191
12.375 4.99571e-06 4.20378e-06 3.56019e-08 0.23272
12.4 4.94019e-06 4.14105e-06 3.38916e-08 0.232251
12.425 4.87838e-06 4.07002e-06 3.21999e-08 0.231784
12.45 4.81064e-06 3.99102e-06 3.05321e-08 0.231318
12.475 4.73741e-06 3.90452e-06 2.88934e-08 0.230855
12.5 4.65918e-06 3.81107e-06 2.72895e-08 0.230393
12.525 4.57651e-06 3.71125e-06 2.57257e-08 0.229933
12.55 4.48999e-06 3.60576e-06 2.42071e-08 0.229475
12.575 4.40029e-06 3.49529e-06 2.27388e-08 0.229019
12.6 4.30811e-06 3.38065e-06 2.13259e-08 0.228565
12.625 4.2142e-06 3.26277e-06 1.9973e-08 0.228112
12.65 4.11938e-06 3.1422e-06 1.86847e-08 0.227661
12.675 4.02436e-06 3.02018e-06 1.74652e-08 0.227212
12.7 3.93006e-06 2.89752e-06 1.63186e-08 0.226765
12.725 3.83732e-06 2.77521e-06 1.5249e-08 0.226319
12.75 3.747e-06 2.65421e-06 1.42593e-08 0.225876
12.775 3.65999e-06 2.53552e-06 1.33532e-08 0.225434
12.8 3.57717e-06 2.42017e-06 1.25333e-08 0.224993
12.825 3.4994e-06 2.30908e-06 1.18023e-08 0.224555
12.85 3.42757e-06 2.20327e-06 1.11623e-08 0.224118
12.875 3.36251e-06 2.10371e-06 1.06154e-08 0.223683
12.9 3.30506e-06 2.01136e-06 1.01631e-08 0.223249
12.925 3.25603e-06 1.92712e-06 9.8066e-09 0.222817
12.95 3.21618e-06 1.85189e-06 9.5468e-09 0.222387
12.975 3.18626e-06 1.78652e-06 9.38401e-09 0.221959
13 3.16695e-06 1.73181e-06 9.31844e-09 0.221532
13.025 3.1589e-06 1.68851e-06 9.34987e-09 0.221107
13.05 3.16272e-06 1.65732e-06 9.47774e-09 0.220683
13.075 3.17896e-06 1.63888e-06 9.70113e-09 0.220261
13.1 3.2081e-06 1.63379e-06 1.00185e-08 0.219841
13.125 3.25057e-06 1.64256e-06 1.04288e-08 0.219422
13.15 3.30675e-06 1.66562e-06 1.09299e-08 0.219005
13.175 3.37695e-06 1.70337e-06 1.15195e-08 0.218589
13.2 3.46139e-06 1.75611e-06 1.21951e-08 0.218175
13.225 3.56027e-06 1.82408e-06 1.29541e-08 0.217763
13.25 3.67369e-06 1.90744e-06 1.37933e-08 0.217352
13.275 3.80167e-06 2.00633e-06 1.47093e-08 0.216943
13.3 3.94419e-06 2.12065e-06 1.56988e-08 0.216535
13.325 4.10116e-06 2.25031e-06 1.67579e-08 0.216129
13.35 4.27241e-06 2.39532e-06 1.78826e-08 0.215724
13.375 4.45771e-06 2.55541e-06 1.90688e-08 0.215321
13.4 4.65678e-06 2.73026e-06 2.03122e-08 0.214919
13.425 4.86924e-06 2.91958e-06 2.16084e-08 0.214519
13.45 5.09469e-06 3.12292e-06 2.29527e-08 0.21412
13.475 5.33265e-06 3.33981e-06 2.43404e-08 0.213723
13.5 5.58259e-06 3.5697e-06 2.57669e-08 0.213327
13.525 5.84392e-06 3.81197e-06 2.72272e-08 0.212933
13.55 6.11601e-06 4.06607e-06 2.87165e-08 0.21254
13.575 6.39818e-06 4.33118e-06 3.02298e-08 0.212148
13.6 6.68972e-06 4.6066e-06 3.17622e-08 0.211759
13.625 6.98985e-06 4.89154e-06 3.33089e-08 0.21137
13.65 7.29779e-06 5.18516e-06 3.48649e-08 0.210983
13.675 7.61271e-06 5.4866e-06 3.64254e-08 0.210597
13.7 7.93385e-06 5.79497e-06 3.79856e-08 0.210213
13.725 8.26014e-06 6.10936e-06 3.95408e-08 0.20983
13.75 8.59078e-06 6.42883e-06 4.10864e-08 0.209448
13.775 8.92487e-06 6.75243e-06 4.26179e-08 0.209068
13.8 9.26147e-06 7.07919e-06 4.41309e-08 0.20869
13.825 9.59967e-06 7.40814e-06 4.56213e-08 0.208312
13.85 9.93854e-06 7.73832e-06 4.70848e-08 0.207936
13.875 1.02771e-05 8.06875e-06 4.85177e-08 0.207561
13.9 1.06145e-05 8.39846e-06 4.9916e-08 0.207188
13.925 1.09499e-05 8.72652e-06 5.12763e-08 0.206816
13.95 1.12822e-05 9.05197e-06 5.25951e-08 0.206445
13.975 1.16106e-05 9.37389e-06 5.38692e-08 0.206076
14 1.19343e-05 9.69139e-06 5.50957e-08 0.205708
14.025 1.22523e-05 1.00036e-05 5.62716e-08 0.205342
14.05 1.2564e-05 1.03096e-05 5.73947e-08 0.204976
14.075 1.28684e-05 1.06087e-05 5.84623e-08 0.204612
14.1 1.31649e-05 1.09001e-05 5.94724e-08 0.204249
14.125 1.34527e-05 1.11829e-05 6.04229e-08 0.203888
14.15 1.37311e-05 1.14566e-05 6.13123e-08 0.203528
14.175 1.39994e-05 1.17203e-05 6.2139e-08 0.203169
14.2 1.42571e-05 1.19736e-05 6.29017e-08 0.202811
14.225 1.45036e-05 1.22158e-05 6.35993e-08 0.202455
14.25 1.47383e-05 1.24463e-05 6.42311e-08 0.202099
14.275 1.49607e-05 1.26647e-05 6.47965e-08 0.201745
14.3 1.51705e-05 1.28706e-05 6.52948e-08 0.201393
14.325 1.53671e-05 1.30635e-05 6.57259e-08 0.201041
14.35 1.55502e-05 1.32431e-05 6.60898e-08 0.200691
14.375 1.57196e-05 1.3409e-05 6.63866e-08 0.200342
14.4 1.58749e-05 1.35611e-05 6.66166e-08 0.199994
14.425 1.60156e-05 1.3699e-05 6.67804e-08 0.199648
14.45 1.61424e-05 1.38227e-05 6.68786e-08 0.199302
14.475 1.62543e-05 1.3932e-05 6.6912e-08 0.198958
14.5 1.63515e-05 1.40269e-05 6.68825e-08 0.198615
14.525 1.6434e-05 1.41072e-05 6.67895e-08 0.198273
14.55 1.65017e-05 1.4173e-05 6.66352e-08 0.197932
14.575 1.65546e-05 1.42244e-05 6.6421e-08 0.197593
14.6 1.65928e-05 1.42615e-05 6.61483e-08 0.197255
14.625 1.66165e-05 1.42843e-05 6.58188e-08 0.196917
14.65 1.66257e-05 1.42931e-05 6.54342e-08 0.196581
14.675 1.66207e-05 1.4288e-05 6.49943e-08 0.196246
14.7 1.66016e-05 1.42693e-05 6.45049e-08 0.195913
14.725 1.65687e-05 1.42373e-05 6.39662e-08 0.19558
14.75 1.65222e-05 1.41923e-05 6.33809e-08 0.195249
14.775 1.64624e-05 1.41345e-05 6.27495e-08 0.194918
14.8 1.63898e-05 1.40642e-05 6.2075e-08 0.194589
14.825 1.63045e-05 1.39819e-05 6.13595e-08 0.194261
14.85 1.6207e-05 1.38876e-05 6.06052e-08 0.193934
14.875 1.60976e-05 1.37825e-05 5.98143e-08 0.193608
14.9 1.59768e-05 1.36666e-05 5.89892e-08 0.193283
14.925 1.5845e-05 1.35406e-05 5.8132e-08 0.192959
14.95 1.57026e-05 1.34045e-05 5.7245e-08 0.192637
14.975 1.55501e-05 1.3259e-05 5.63305e-08 0.192315
15 1.53879e-05 1.31045e-05 5.53907e-08 0.191995
15.025 1.52165e-05 1.29416e-05 5.44278e-08 0.191675
15.05 1.50364e-05 1.27707e-05 5.3444e-08 0.191357
15.075 1.4848e-05 1.25923e-05 5.24414e-08 0.191039
15.1 1.46519e-05 1.24069e-05 5.14222e-08 0.190723
15.125 1.44485e-05 1.22151e-05 5.03886e-08 0.190408
15.15 1.42383e-05 1.20173e-05 4.93424e-08 0.190094
15.175 1.40218e-05 1.18139e-05 4.82857e-08 0.18978
15.2 1.37996e-05 1.16056e-05 4.72205e-08 0.189468
15.225 1.3572e-05 1.13927e-05 4.61487e-08 0.189157
15.25 1.33396e-05 1.11758e-05 4.5072e-08 0.188847
15.275 1.31028e-05 1.09554e-05 4.39922e-08 0.188538
15.3 1.28621e-05 1.07318e-05 4.29111e-08 0.18823
15.325 1.2618e-05 1.05055e-05 4.18303e-08 0.187923
15.35 1.23709e-05 1.0277e-05 4.07514e-08 0.187617
15.375 1.21213e-05 1.00467e-05 3.96758e-08 0.187312
15.4 1.18695e-05 9.815e-06 3.8605e-08 0.187008
15.425 1.16161e-05 9.58233e-06 3.75405e-08 0.186705
15.45 1.13613e-05 9.34906e-06 3.64833e-08 0.186402
15.475 1.11057e-05 9.11557e-06 3.54349e-08 0.186101
15.5 1.08495e-05 8.88222e-06 3.43964e-08 0.185801
15.525 1.05932e-05 8.64936e-06 3.33688e-08 0.185502
15.55 1.03372e-05 8.41731e-06 3.23531e-08 0.185204
15.575 1.00816e-05 8.18639e-06 3.13504e-08 0.184906
15.6 9.82698e-06 7.95689e-06 3.03614e-08 0.18461
15.625 9.57351e-06 7.7291e-06 2.93871e-08 0.184315
15.65 9.32152e-06 7.5033e-06 2.8428e-08 0.18402
15.675 9.07129e-06 7.27971e-06 2.74847e-08 0.183727
15.7 8.82308e-06 7.05859e-06 2.65583e-08 0.183434
15.725 8.57716e-06 6.84016e-06 2.56495e-08 0.183143
15.75 8.33374e-06 6.62461e-06 2.4758e-08 0.182852
15.775 8.09306e-06 6.41213e-06 2.38847e-08 0.182562
15.8 7.85532e-06 6.20291e-06 2.30298e-08 0.182273
15.825 7.6207e-06 5.9971e-06 2.21937e-08 0.181985
15.85 7.3894e-06 5.79484e-06 2.13768e-08 0.181698
15.875 7.16156e-06 5.59626e-06 2.05791e-08 0.181412
15.9 6.93734e-06 5.40148e-06 1.9801e-08 0.181127
15.925 6.71687e-06 5.21061e-06 1.90424e-08 0.180843
15.95 6.50028e-06 5.02374e-06 1.83036e-08 0.180559
15.975 6.28767e-06 4.84088e-06 1.75845e-08 0.180277
16 6.07914e-06 4.66222e-06 1.68851e-08 0.179995
16.025 5.87479e-06 4.48781e-06 1.62054e-08 0.179714
16.05 5.67467e-06 4.31758e-06 1.55454e-08 0.179434
16.075 5.47885e-06 4.15163e-06 1.49048e-08 0.179155
16.1 5.28739e-06 3.98996e-06 1.42837e-08 0.178877
16.125 5.10032e-06 3.83261e-06 1.36818e-08 0.1786
16.15 4.91768e-06 3.67956e-06 1.30989e-08 0.178323
16.175 4.73946e-06 3.53083e-06 1.25348e-08 0.178048
16.2 4.56573e-06 3.38638e-06 1.19892e-08 0.177773
16.225 4.39646e-06 3.24621e-06 1.1462e-08 0.177499
16.25 4.23165e-06 3.11029e-06 1.09528e-08 0.177226
16.275 4.07129e-06 2.97857e-06 1.04613e-08 0.176953
16.3 3.91536e-06 2.85103e-06 9.98723e-09 0.176682
16.325 3.76384e-06 2.72761e-06 9.53023e-09 0.176411
16.35 3.61668e-06 2.60827e-06 9.08996e-09 0.176142
16.375 3.47385e-06 2.49294e-06 8.66608e-09 0.175873
16.4 3.33532e-06 2.38157e-06 8.2582e-09 0.175605
16.425 3.20102e-06 2.27409e-06 7.86598e-09 0.175337
16.45 3.07092e-06 2.17044e-06 7.48903e-09 0.175071
16.475 2.94494e-06 2.07053e-06 7.12696e-09 0.174805
16.5 2.82303e-06 1.9743e-06 6.7794e-09 0.17454
16.525 2.70512e-06 1.88167e-06 6.44594e-09 0.174276
16.55 2.59115e-06 1.79255e-06 6.12621e-09 0.174013
16.575 2.48104e-06 1.70688e-06 5.81981e-09 0.173751
16.6 2.37471e-06 1.62455e-06 5.52633e-09 0.173489
16.625 2.27211e-06 1.5455e-06 5.24541e-09 0.173228
16.65 2.17313e-06 1.46964e-06 4.97663e-09 0.172968
16.675 2.07772e-06 1.39687e-06 4.71962e-09 0.172709
16.7 1.98577e-06 1.32712e-06 4.474e-09 0.17245
16.725 1.89722e-06 1.26029e-06 4.23938e-09 0.172192
16.75 1.81198e-06 1.1963e-06 4.01538e-09 0.171935
16.775 1.72996e-06 1.13507e-06 3.80164e-09 0.171679
16.8 1.65109e-06 1.0765e-06 3.5978e-09 0.171424
16.825 1.57527e-06 1.02052e-06 3.40348e-09 0.171169
16.85 1.50242e-06 9.67033e-07 3.21835e-09 0.170915
16.875 1.43247e-06 9.15959e-07 3.04206e-09 0.170662
16.9 1.36531e-06 8.67216e-07 2.87426e-09 0.170409
16.925 1.30088e-06 8.20721e-07 2.71463e-09 0.170158
16.95 1.23909e-06 7.76394e-07 2.56284e-09 0.169907
16.975 1.17985e-06 7.34156e-07 2.41858e-09 0.169656
17 1.12308e-06 6.93929e-07 2.28154e-09 0.169407
17.025 1.06871e-06 6.55636e-07 2.15142e-09 0.169158
17.05 1.01666e-06 6.19204e-07 2.02793e-09 0.16891
17.075 9.66843e-07 5.84558e-07 1.91079e-09 0.168663
17.1 9.19188e-07 5.51628e-07 1.79972e-09 0.168416
17.125 8.73619e-07 5.2034e-07 1.69445e-09 0.16817
17.15 8.3006e-07 4.90635e-07 1.59473e-09 0.167925
17.175 7.88442e-07 4.62441e-07 1.50032e-09 0.167681
17.2 7.48692e-07 4.35696e-07 1.41096e-09 0.167437
17.225 7.10742e-07 4.10337e-07 1.32643e-09 0.167194
17.25 6.74523e-07 3.86303e-07 1.2465e-09 0.166952
17.275 6.3997e-07 3.63535e-07 1.17095e-09 0.16671
17.3 6.07018e-07 3.41978e-07 1.09957e-09 0.166469
17.325 5.75604e-07 3.21575e-07 1.03217e-09 0.166229
17.35 5.45667e-07 3.02274e-07 9.68544e-10 0.16599
17.375 5.1715e-07 2.84024e-07 9.08512e-10 0.165751
17.4 4.89992e-07 2.66775e-07 8.51893e-10 0.165513
17.425 4.6414e-07 2.5048e-07 7.98517e-10 0.165275
17.45 4.39538e-07 2.35092e-07 7.48218e-10 0.165038
17.475 4.16133e-07 2.20568e-07 7.0084e-10 0.164802
17.5 3.93875e-07 2.06864e-07 6.5623e-10 0.164567
17.525 3.72716e-07 1.93941e-07 6.14244e-10 0.164332
17.55 3.52606e-07 1.81759e-07 5.74744e-10 0.164098
17.575 3.335e-07 1.7028e-07 5.37598e-10 0.163864
17.6 3.15354e-07 1.59469e-07 5.0268e-10 0.163632
17.625 2.98125e-07 1.49291e-07 4.69869e-10 0.1634
17.65 2.81771e-07 1.39712e-07 4.39049e-10 0.163168
17.675 2.66254e-07 1.30702e-07 4.10113e-10 0.162937
17.7 2.51534e-07 1.22229e-07 3.82954e-10 0.162707
17.725 2.37574e-07 1.14266e-07 3.57475e-10 0.162478
17.75 2.2434e-07 1.06784e-07 3.33579e-10 0.162249
17.775 2.11797e-07 9.97578e-08 3.11178e-10 0.162021
17.8 1.99912e-07 9.31616e-08 2.90186e-10 0.161793
17.825 1.88655e-07 8.69716e-08 2.70522e-10 0.161566
17.85 1.77994e-07 8.11653e-08 2.52108e-10 0.16134
17.875 1.67902e-07 7.5721e-08 2.34871e-10 0.161114
17.9 1.58349e-07 7.0618e-08 2.18743e-10 0.160889
17.925 1.4931e-07 6.58368e-08 2.03657e-10 0.160665
17.95 1.4076e-07 6.13589e-08 1.89552e-10 0.160441
17.975 1.32674e-07 5.71667e-08 1.76368e-10 0.160218
18 1.25028e-07 5.32433e-08 1.64049e-10 0.159995
18.025 1.17802e-07 4.95729e-08 1.52543e-10 0.159774
18.05 1.10972e-07 4.61405e-08 1.41801e-10 0.159552
18.075 1.04519e-07 4.29319e-08 1.31774e-10 0.159332
18.1 9.84245e-08 3.99335e-08 1.22419e-10 0.159112
18.125 9.26688e-08 3.71327e-08 1.13693e-10 0.158892
18.15 8.72346e-08 3.45173e-08 1.05557e-10 0.158673
18.175 8.21053e-08 3.2076e-08 9.79747e-11 0.158455
18.2 7.72647e-08 2.9798e-08 9.09095e-11 0.158237
18.225 7.26976e-08 2.76731e-08 8.43288e-11 0.15802
18.25 6.83895e-08 2.56917e-08 7.82015e-11 0.157804
18.275 6.43266e-08 2.3845e-08 7.24984e-11 0.157588
18.3 6.04957e-08 2.21241e-08 6.71915e-11 0.157373
18.325 5.68842e-08 2.05212e-08 6.22551e-11 0.157158
18.35 5.34804e-08 1.90286e-08 5.76648e-11 0.156944
18.375 5.02729e-08 1.76393e-08 5.33978e-11 0.15673
18.4 4.7251e-08 1.63465e-08 4.94325e-11 0.156517
18.425 4.44045e-08 1.51439e-08 4.57488e-11 0.156305
18.45 4.17236e-08 1.40257e-08 4.23278e-11 0.156093
18.475 3.91994e-08 1.29862e-08 3.91518e-11 0.155882
18.5 3.68229e-08 1.20202e-08 3.62041e-11 0.155671
18.525 3.4586e-08 1.11228e-08 3.3469e-11 0.155461
18.55 3.24809e-08 1.02895e-08 3.09324e-11 0.155252
18.575 3.05001e-08 9.51588e-09 2.85802e-11 0.155043
18.6 2.86366e-08 8.79793e-09 2.63999e-11 0.154834
18.625 2.68837e-08 8.13185e-09 2.43795e-11 0.154626
18.65 2.52352e-08 7.51408e-09 2.25077e-11 0.154419
18.675 2.3685e-08 6.94131e-09 2.07742e-11 0.154212
18.7 2.22276e-08 6.41041e-09 1.91693e-11 0.154006
18.725 2.08576e-08 5.9185e-09 1.76838e-11 0.153801
18.75 1.95699e-08 5.46283e-09 1.63092e-11 0.153596
18.775 1.83598e-08 5.04088e-09 1.50377e-11 0.153391
18.8 1.72227e-08 4.65026e-09 1.38618e-11 0.153187
18.825 1.61545e-08 4.28876e-09 1.27747e-11 0.152984
18.85 1.5151e-08 3.95431e-09 1.17699e-11 0.152781
18.875 1.42086e-08 3.64498e-09 1.08415e-11 0.152578
18.9 1.33235e-08 3.35896e-09 9.98384e-12 0.152377
18.925 1.24924e-08 3.09458e-09 9.19183e-12 0.152175
18.95 1.17121e-08 2.85027e-09 8.46063e-12 0.151975
18.975 1.09796e-08 2.62457e-09 7.78574e-12 0.151774
19 1.0292e-08 2.41613e-09 7.16299e-12 0.151575
19.025 9.64671e-09 2.22368e-09 6.58851e-12 0.151375
19.05 9.04114e-09 2.04604e-09 6.05869e-12 0.151177
19.075 8.47293e-09 1.88212e-09 5.5702e-12 0.150979
19.1 7.93983e-09 1.7309e-09 5.11992e-12 0.150781
19.125 7.43971e-09 1.59144e-09 4.70497e-12 0.150584
19.15 6.97059e-09 1.46286e-09 4.32268e-12 0.150387
19.175 6.5306e-09 1.34433e-09 3.97056e-12 0.150191
19.2 6.11795e-09 1.23511e-09 3.64632e-12 0.149996
19.225 5.731e-09 1.13449e-09 3.34782e-12 0.149801
19.25 5.36817e-09 1.04182e-09 3.07308e-12 0.149606
19.275 5.02799e-09 9.56485e-10 2.82027e-12 0.149412
19.3 4.70908e-09 8.77933e-10 2.58771e-12 0.149218
19.325 4.41013e-09 8.0564e-10 2.3738e-12 0.149025
19.35 4.12992e-09 7.39124e-10 2.17711e-12 0.148833
19.375 3.86729e-09 6.77938e-10 1.99629e-12 0.148641
19.4 3.62116e-09 6.21669e-10 1.8301e-12 0.148449
19.425 3.3905e-09 5.69934e-10 1.67738e-12 0.148258
19.45 3.17437e-09 5.22378e-10 1.53708e-12 0.148068
19.475 2.97186e-09 4.78674e-10 1.40821e-12 0.147878
19.5 2.78213e-09 4.38518e-10 1.28985e-12 0.147688
19.525 2.60438e-09 4.0163e-10 1.18119e-12 0.147499
19.55 2.43786e-09 3.6775e-10 1.08143e-12 0.14731
19.575 2.28188e-09 3.3664e-10 9.89877e-13 0.147122
19.6 2.13578e-09 3.08077e-10 9.05856e-13 0.146935
19.625 1.99893e-09 2.81857e-10 8.28763e-13 0.146747
19.65 1.87076e-09 2.57792e-10 7.58037e-13 0.146561
19.675 1.75073e-09 2.35706e-10 6.93161e-13 0.146374
19.7 1.63832e-09 2.1544e-10 6.33656e-13 0.146189
19.725 1.53305e-09 1.96844e-10 5.79082e-13 0.146003
19.75 1.43448e-09 1.79781e-10 5.29034e-13 0.145819
19.775 1.34217e-09 1.64125e-10 4.83136e-13 0.145634
19.8 1.25575e-09 1.49759e-10 4.41045e-13 0.14545
19.825 1.17482e-09 1.36574e-10 4.02442e-13 0.145267
19.85 1.09905e-09 1.24472e-10 3.67034e-13 0.145084
19.875 1.0281e-09 1.13361e-10 3.34551e-13 0.144901
19.9 9.61673e-10 1.03155e-10 3.04743e-13 0.144719
19.925 8.9948e-10 9.37766e-11 2.77382e-13 0.144538
19.95 8.4125e-10 8.51525e-11 2.52253e-13 0.144357
19.975 7.8673e-10 7.72175e-11 2.29167e-13 0.144176
20 7.3568e-10 6.99043e-11 2.07929e-13 0.143996
