0 42.0297 12.8054 -0.0938119 2.02473
0.025 42.0297 12.8054 -0.0938119 2.02473
0.05 42.1209 12.8684 -0.0942505 2.02468
0.075 42.2733 12.9738 -0.0949844 2.02464
0.1 42.4871 13.1222 -0.0960174 2.02464
0.125 42.7629 13.3144 -0.0973552 2.02466
0.15 43.1014 13.5515 -0.0990049 2.02465
0.175 43.5035 13.8349 -0.100975 2.02467
0.2 43.9699 14.1659 -0.103275 2.02465
0.225 44.5018 14.5462 -0.105916 2.02465
0.25 45.1002 14.9776 -0.108911 2.02466
0.275 45.7662 15.4621 -0.112273 2.02465
0.3 46.5012 16.0018 -0.116014 2.02464
0.325 47.3063 16.5987 -0.120149 2.02464
0.35 48.1828 17.255 -0.124694 2.02464
0.375 49.1319 17.973 -0.129664 2.02464
0.4 50.1547 18.7549 -0.135074 2.02463
0.425 51.2523 19.6029 -0.140938 2.02462
0.45 52.4258 20.5192 -0.147273 2.0246
0.475 53.676 21.5057 -0.154092 2.02459
0.5 55.0037 22.5645 -0.161409 2.02457
0.525 56.4093 23.6973 -0.169237 2.02454
0.55 57.8934 24.9056 -0.177588 2.0245
0.575 59.4559 26.191 -0.186472 2.02445
0.6 61.097 27.5545 -0.195899 2.0244
0.625 62.8161 28.997 -0.205876 2.02433
0.65 64.6127 30.5193 -0.216408 2.02424
0.675 66.4859 32.1215 -0.227501 2.02414
0.7 68.4345 33.8036 -0.239154 2.02403
0.725 70.4569 35.5654 -0.251369 2.02389
0.75 72.5513 37.406 -0.264142 2.02373
0.775 74.7155 39.3244 -0.277469 2.02354
0.8 76.947 41.3192 -0.291342 2.02332
0.825 79.2428 43.3885 -0.305752 2.02307
0.85 81.5997 45.53 -0.320685 2.02279
0.875 84.0143 47.7411 -0.336127 2.02246
0.9 86.4824 50.0189 -0.352059 2.02209
0.925 89 52.3597 -0.368463 2.02167
0.95 91.5624 54.76 -0.385314 2.0212
0.975 94.1648 57.2155 -0.402588 2.02067
1 96.8019 59.7219 -0.420256 2.02009
1.025 99.4684 62.2737 -0.438289 2.01943
1.05 102.158 64.8665 -0.456653 2.01871
1.075 104.866 67.4944 -0.475317 2.01792
1.1 107.585 70.1517 -0.494238 2.01704
1.125 110.31 72.8325 -0.513383 2.01608
1.15 113.033 75.5304 -0.532709 2.01503
1.175 115.748 78.2391 -0.552174 2.01389
1.2 118.448 80.9518 -0.571735 2.01264
1.225 121.126 83.6619 -0.591348 2.01129
1.25 123.776 86.3624 -0.610966 2.00983
1.275 126.39 89.0465 -0.630543 2.00826
1.3 128.962 91.707 -0.650031 2.00657
1.325 131.484 94.3371 -0.669383 2.00475
1.35 133.95 96.9296 -0.688551 2.0028
1.375 136.354 99.4778 -0.707487 2.00072
1.4 138.688 101.975 -0.726143 1.9985
1.425 140.946 104.414 -0.744476 1.99614
1.45 143.122 106.789 -0.76243 1.99363
1.475 145.21 109.092 -0.779963 1.99096
1.5 147.204 111.318 -0.797031 1.98814
1.525 149.1 113.461 -0.813588 1.98517
1.55 150.89 115.514 -0.829594 1.98203
1.575 152.572 117.474 -0.845006 1.97873
1.6 154.14 119.334 -0.859785 1.97525
1.625 155.59 121.09 -0.873895 1.97161
1.65 156.918 122.737 -0.887299 1.96779
1.675 158.12 124.271 -0.899964 1.9638
1.7 159.195 125.689 -0.911861 1.95963
1.725 160.139 126.986 -0.922959 1.95528
1.75 160.949 128.162 -0.933232 1.95075
1.775 161.625 129.211 -0.942658 1.94604
1.8 162.165 130.134 -0.951216 1.94115
1.825 162.567 130.927 -0.958886 1.93608
1.85 162.831 131.591 -0.965654 1.93082
1.875 162.958 132.122 -0.971507 1.92539
1.9 162.947 132.522 -0.976435 1.91977
1.925 162.798 132.791 -0.980431 1.91398
1.95 162.514 132.928 -0.98349 1.90801
1.975 162.095 132.935 -0.98561 1.90186
2 161.544 132.813 -0.986789 1.89554
2.025 160.862 132.562 -0.987038 1.88905
2.05 160.052 132.185 -0.98636 1.88238
2.075 159.116 131.684 -0.984763 1.87555
2.1 158.058 131.062 -0.982259 1.86856
2.125 156.882 130.321 -0.978866 1.86141
2.15 155.59 129.465 -0.974589 1.8541
2.175 154.187 128.497 -0.969453 1.84664
2.2 152.677 127.42 -0.963477 1.83903
2.225 151.065 126.238 -0.956683 1.83128
2.25 149.354 124.956 -0.949095 1.82339
2.275 147.549 123.578 -0.940739 1.81536
2.3 145.656 122.108 -0.931641 1.8072
2.325 143.678 120.55 -0.921829 1.79891
2.35 141.622 118.91 -0.911335 1.79051
2.375 139.493 117.192 -0.900189 1.78199
2.4 137.295 115.401 -0.888422 1.77336
2.425 135.033 113.542 -0.876068 1.76462
2.45 132.713 111.62 -0.86316 1.75579
2.475 130.34 109.64 -0.849732 1.74686
2.5 127.92 107.607 -0.83582 1.73784
2.525 125.456 105.525 -0.821458 1.72874
2.55 122.956 103.401 -0.806681 1.71956
2.575 120.422 101.239 -0.791525 1.71031
2.6 117.861 99.04 -0.776025 1.70099
2.625 115.278 96.8161 -0.760217 1.69162
2.65 112.676 94.5683 -0.744135 1.68219
2.675 110.06 92.3014 -0.727813 1.6727
2.7 107.436 90.0198 -0.711287 1.66318
2.725 104.807 87.7279 -0.694568 1.65362
2.75 102.177 85.43 -0.677732 1.64402
2.775 99.5506 83.13 -0.66079 1.63439
2.8 96.9315 80.832 -0.643773 1.62474
2.825 94.3234 78.5397 -0.626712 1.61507
2.85 91.7297 76.2576 -0.609637 1.60539
2.875 89.1537 73.9874 -0.592575 1.5957
2.9 86.5988 71.7332 -0.575555 1.58601
2.925 84.0675 69.4997 -0.558602 1.57631
2.95 81.5629 67.2867 -0.541743 1.56662
2.975 79.0875 65.0986 -0.525002 1.55694
3 76.6438 62.9378 -0.508406 1.54728
3.025 74.2339 60.8068 -0.491966 1.53763
3.05 71.8599 58.7064 -0.475719 1.52811
3.075 69.5237 56.6414 -0.459663 1.5184
3.1 67.227 54.6122 -0.443826 1.50883
3.125 64.9714 52.6206 -0.428226 1.49928
3.15 62.7582 50.668 -0.412878 1.48978
3.175 60.5887 48.7558 -0.397795 1.48031
3.2 58.4638 46.8852 -0.382982 1.47088
3.225 56.3846 45.0572 -0.368468 1.4615
3.25 54.3518 43.2727 -0.354256 1.45216
3.275 52.3661 41.5324 -0.340354 1.44288
3.3 50.4279 39.8369 -0.32677 1.43365
3.325 48.5376 38.1867 -0.313511 1.42447
3.35 46.6955 36.5821 -0.300584 1.41534
3.375 44.9018 35.0232 -0.287993 1.40628
3.4 43.1564 33.5103 -0.275742 1.39727
3.425 41.4593 32.0433 -0.263834 1.38833
3.45 39.8105 30.6219 -0.252271 1.37945
3.475 38.2095 29.2461 -0.241054 1.37063
3.5 36.6561 27.9155 -0.230183 1.36188
3.525 35.1499 26.6296 -0.219658 1.3532
3.55 33.6904 25.3881 -0.209477 1.34459
3.575 32.2771 24.1903 -0.199638 1.33604
3.6 30.9095 23.0357 -0.190138 1.32757
3.625 29.5867 21.9235 -0.180975 1.31917
3.65 28.3082 20.8531 -0.172143 1.31084
3.675 27.0732 19.8237 -0.163639 1.30258
3.7 25.8809 18.8343 -0.155457 1.2944
3.725 24.7306 17.8843 -0.147592 1.28629
3.75 23.621 16.9726 -0.140039 1.27825
3.775 22.5519 16.0983 -0.13279 1.27029
3.8 21.5221 15.2606 -0.12584 1.2624
3.825 20.5308 14.4583 -0.119182 1.25459
3.85 19.5769 13.6907 -0.112807 1.24685
3.875 18.6596 12.9566 -0.106711 1.23919
3.9 17.7779 12.2551 -0.100883 1.2316
3.925 16.9308 11.5851 -0.0953184 1.22408
3.95 16.1175 10.9458 -0.0900079 1.21664
3.975 15.3369 10.3359 -0.0849441 1.20928
4 14.5882 9.7547 -0.080119 1.20198
4.025 13.8703 9.20103 -0.075525 1.19476
4.05 13.1823 8.67397 -0.0711542 1.18762
4.075 12.5234 8.17256 -0.0669987 1.18054
4.1 11.8925 7.69583 -0.0630507 1.17354
4.125 11.2888 7.24286 -0.0593026 1.16661
4.15 10.7114 6.81273 -0.0557467 1.15975
4.175 10.1595 6.40453 -0.0523756 1.15296
4.2 9.63202 6.01738 -0.0491818 1.14624
4.225 9.12825 5.65043 -0.046158 1.13959
4.25 8.64734 5.30283 -0.0432972 1.13301
4.275 8.18845 4.97376 -0.0405924 1.1265
4.3 7.75079 4.66242 -0.0380367 1.12006
4.325 7.33357 4.36804 -0.0356236 1.11368
4.35 6.93603 4.08988 -0.0333466 1.10737
4.375 6.55741 3.82719 -0.0311994 1.10113
4.4 6.19697 3.57928 -0.0291759 1.09495
4.425 5.85402 3.34545 -0.0272702 1.08883
4.45 5.52785 3.12505 -0.0254766 1.08278
4.475 5.2178 2.91745 -0.0237896 1.07679
4.5 4.9232 2.72201 -0.0222038 1.07086
4.525 4.64342 2.53815 -0.0207142 1.065
4.55 4.37785 2.3653 -0.0193157 1.0592
4.575 4.12587 2.2029 -0.0180036 1.05345
4.6 3.88691 2.05043 -0.0167734 1.04777
4.625 3.66041 1.90737 -0.0156207 1.04214
4.65 3.44582 1.77323 -0.0145412 1.03657
4.675 3.2426 1.64754 -0.0135309 1.03106
4.7 3.05025 1.52986 -0.0125859 1.02561
4.725 2.86828 1.41974 -0.0117027 1.02021
4.75 2.69621 1.31677 -0.0108776 1.01487
4.775 2.53357 1.22056 -0.0101073 1.00958
4.8 2.37992 1.13072 -0.00938851 1.00434
4.825 2.23484 1.04689 -0.00871828 0.999157
4.85 2.0979 0.968732 -0.00809366 0.994026
4.875 1.96872 0.895902 -0.00751188 0.988947
4.9 1.84691 0.828089 -0.0069703 0.983918
4.925 1.73211 0.764991 -0.00646641 0.97894
4.95 1.62396 0.706322 -0.00599785 0.974011
4.975 1.52211 0.651809 -0.00556236 0.969131
5 1.42626 0.601192 -0.0051578 0.964299
5.025 1.33608 0.554225 -0.00478216 0.959515
5.05 1.25127 0.510674 -0.00443351 0.954777
5.075 1.17155 0.470319 -0.00411006 0.950085
5.1 1.09665 0.432949 -0.00381009 0.945439
5.125 1.02631 0.398367 -0.003532 0.940838
5.15 0.960266 0.366385 -0.00327426 0.936281
5.175 0.898291 0.336827 -0.00303545 0.931768
5.2 0.840156 0.309527 -0.00281422 0.927298
5.225 0.785643 0.284327 -0.00260932 0.92287
5.25 0.734547 0.261082 -0.00241955 0.918485
5.275 0.686672 0.239652 -0.00224381 0.914141
5.3 0.641831 0.219909 -0.00208105 0.909837
5.325 0.599847 0.20173 -0.00193032 0.905574
5.35 0.560552 0.185003 -0.0017907 0.90135
5.375 0.523788 0.16962 -0.00166134 0.897166
5.4 0.489402 0.155484 -0.00154147 0.89302
5.425 0.457252 0.142502 -0.00143035 0.888913
5.45 0.427202 0.130587 -0.00132731 0.884842
5.475 0.399125 0.11966 -0.00123172 0.880809
5.5 0.3729 0.109646 -0.00114299 0.876813
5.525 0.348411 0.100476 -0.00106059 0.872853
5.55 0.325552 0.092086 -0.000984037 0.868928
5.575 0.304221 0.0844159 -0.000912867 0.865038
5.6 0.284321 0.0774107 -0.000846665 0.861184
5.625 0.265761 0.0710189 -0.000785047 0.857363
5.65 0.248457 0.065193 -0.000727666 0.853576
5.675 0.232329 0.0598889 -0.000674198 0.849822
5.7 0.217299 0.0550655 -0.000624353 0.846102
5.725 0.203298 0.0506849 -0.000577866 0.842413
5.75 0.190257 0.0467125 -0.000534488 0.838757
5.775 0.178114 0.0431132 -0.000494001 0.835133
5.8 0.166809 0.0398587 -0.000456202 0.831539
5.825 0.156286 0.0369199 -0.000420909 0.827977
5.85 0.146493 0.0342708 -0.000387954 0.824445
5.875 0.13738 0.0318858 -0.000357193 0.820943
5.9 0.128901 0.0297422 -0.000328461 0.817471
5.925 0.121011 0.0278186 -0.000301658 0.814027
5.95 0.11367 0.0260949 -0.000276658 0.810613
5.975 0.106838 0.0245516 -0.000253355 0.807228
6 0.100481 0.0231722 -0.00023165 0.80387
6.025 0.0945625 0.0219398 -0.000211452 0.800541
6.05 0.0890517 0.0208385 -0.000192676 0.797239
6.075 0.0839185 0.0198545 -0.000175243 0.793964
6.1 0.0791346 0.018974 -0.000159078 0.790716
6.125 0.0746737 0.0181845 -0.000144112 0.787494
6.15 0.0705111 0.0174745 -0.000130277 0.784299
6.175 0.0666238 0.0168329 -0.000117511 0.781129
6.2 0.0629904 0.0162498 -0.000105753 0.777985
6.225 0.0595906 0.0157159 -9.49456e-05 0.774866
6.25 0.0564062 0.015223 -8.50306e-05 0.771772
6.275 0.0534196 0.0147634 -7.5955e-05 0.768703
6.3 0.050615 0.0143301 -6.76661e-05 0.765658
6.325 0.0479774 0.0139169 -6.0113e-05 0.762637
6.35 0.0454933 0.0135184 -5.32468e-05 0.75964
6.375 0.0431502 0.0131297 -4.70191e-05 0.756666
6.4 0.0409364 0.0127467 -4.1384e-05 0.753716
6.425 0.0388416 0.012366 -3.62968e-05 0.750788
6.45 0.0368562 0.0119847 -3.17144e-05 0.747883
6.475 0.0349716 0.0116005 -2.75954e-05 0.745001
6.5 0.0331799 0.0112118 -2.39002e-05 0.74214
6.525 0.0314742 0.0108174 -2.05911e-05 0.739302
6.55 0.0298482 0.0104167 -1.76322e-05 0.736485
6.575 0.0282962 0.0100094 -1.49894e-05 0.73369
6.6 0.0268134 0.0095958 -1.26311e-05 0.730915
6.625 0.0253955 0.00917648 -1.05275e-05 0.728162
6.65 0.0240387 0.00875238 -8.65122e-06 0.725429
6.675 0.0227396 0.00832476 -6.97687e-06 0.722717
6.7 0.0214953 0.00789498 -5.48141e-06 0.720025
6.725 0.0203036 0.00746503 -4.14402e-06 0.717353
6.75 0.0191622 0.00703644 -2.94608e-06 0.714701
6.775 0.0180693 0.0066115 -1.87115e-06 0.712068
6.8 0.0170235 0.0061915 -9.04853e-07 0.709455
6.825 0.0160234 0.00577919 -3.49963e-08 0.70686
6.85 0.0150679 0.00537634 7.48807e-07 0.704285
6.875 0.0141561 0.0049849 1.45507e-06 0.701729
6.9 0.013287 0.00460675 2.09059e-06 0.699191
6.925 0.0124599 0.00424361 2.66061e-06 0.696671
6.95 0.0116741 0.00389708 3.16886e-06 0.694169
6.975 0.0109287 0.00356855 3.61813e-06 0.691686
7 0.0102231 0.00325923 4.0098e-06 0.68922
7.025 0.0095566 0.00297011 4.34445e-06 0.686771
7.05 0.00892828 0.00270194 4.62192e-06 0.68434
7.075 0.00833734 0.00245524 4.84153e-06 0.681926
7.1 0.00778284 0.0022303 5.0021e-06 0.67953
7.125 0.0072638 0.00202714 5.10231e-06 0.677149
7.15 0.00677911 0.00184557 5.14089e-06 0.674786
7.175 0.00632761 0.00168514 5.11639e-06 0.672439
7.2 0.00590804 0.0015452 5.02778e-06 0.670108
7.225 0.00551906 0.0014249 4.8743e-06 0.667794
7.25 0.00515926 0.00132318 4.6557e-06 0.665495
7.275 0.00482715 0.00123884 4.3723e-06 0.663213
7.3 0.00452117 0.00117053 4.02489e-06 0.660946
7.325 0.00423974 0.00111675 3.61509e-06 0.658694
7.35 0.00398121 0.00107594 3.14522e-06 0.656458
7.375 0.00374393 0.00104645 2.61833e-06 0.654236
7.4 0.00352622 0.00102659 2.03824e-06 0.65203
7.425 0.00332642 0.00101467 1.4095e-06 0.649839
7.45 0.00314285 0.00100899 7.37405e-07 0.647662
7.475 0.00297393 0.00100789 2.78947e-08 0.6455
7.5 0.00281808 0.00100977 -7.12462e-07 0.643353
7.525 0.00267378 0.00101312 -1.47656e-06 0.641219
7.55 0.0025396 0.00101651 -2.25684e-06 0.6391
7.575 0.00241418 0.00101866 -3.04536e-06 0.636995
7.6 0.00229627 0.00101842 -3.83395e-06 0.634904
7.625 0.00218472 0.00101474 -4.61424e-06 0.632826
7.65 0.00207848 0.0010068 -5.37786e-06 0.630762
7.675 0.00197663 0.000993906 -6.11648e-06 0.628711
7.7 0.00187837 0.000975556 -6.82198e-06 0.626674
7.725 0.00178302 0.00095142 -7.48652e-06 0.62465
7.75 0.00169004 0.000921317 -8.10267e-06 0.622638
7.775 0.00159898 0.000885292 -8.66354e-06 0.62064
7.8 0.00150954 0.000843481 -9.16282e-06 0.618655
7.825 0.00142152 0.000796215 -9.59468e-06 0.616682
7.85 0.00133486 0.000743964 -9.95511e-06 0.614722
7.875 0.00124955 0.000687304 -1.02393e-05 0.612774
7.9 0.00116573 0.000626987 -1.04443e-05 0.610839
7.925 0.00108361 0.000563803 -1.05681e-05 0.608916
7.95 0.00100341 0.000498642 -1.06094e-05 0.607005
7.975 0.000925495 0.000432453 -1.05683e-05 0.605106
8 0.000850236 0.000366231 -1.04455e-05 0.603219
8.025 0.000778057 0.00030099 -1.02428e-05 0.601343
8.05 0.000709402 0.000237747 -9.96301e-06 0.599479
8.075 0.000644725 0.000177507 -9.60968e-06 0.597627
8.1 0.000584478 0.000121235 -9.18737e-06 0.595786
8.125 0.000529103 6.98226e-05 -8.70178e-06 0.593957
8.15 0.000479005 2.41742e-05 -8.15812e-06 0.592139
8.175 0.000434584 -1.49757e-05 -7.56361e-06 0.590331
8.2 0.000396168 -4.69453e-05 -6.92539e-06 0.588535
8.225 0.00036404 -7.1208e-05 -6.25105e-06 0.58675
8.25 0.000338419 -8.72962e-05 -5.54868e-06 0.584976
8.275 0.000319452 -9.48889e-05 -4.82631e-06 0.583212
8.3 0.00030723 -9.37956e-05 -4.09266e-06 0.581459
8.325 0.00030174 -8.39563e-05 -3.35592e-06 0.579716
8.35 0.000302891 -6.54416e-05 -2.62438e-06 0.577984
8.375 0.000310574 -3.84612e-05 -1.90612e-06 0.576263
8.4 0.000324529 -3.33733e-06 -1.2089e-06 0.574551
8.425 0.000344462 3.94605e-05 -5.40087e-07 0.57285
8.45 0.000369981 8.93811e-05 9.37525e-08 0.571159
8.475 0.000400634 0.000145746 6.85588e-07 0.569477
8.5 0.000435907 0.000207787 1.23037e-06 0.567806
8.525 0.00047523 0.000274656 1.72306e-06 0.566144
8.55 0.000517982 0.000345434 2.15953e-06 0.564493
8.575 0.000563505 0.000419148 2.53636e-06 0.56285
8.6 0.000611109 0.000494785 2.85131e-06 0.561218
8.625 0.000660062 0.000571308 3.10264e-06 0.559594
8.65 0.000709678 0.000647673 3.28963e-06 0.557981
8.675 0.000759217 0.000722841 3.4124e-06 0.556376
8.7 0.000807961 0.000795797 3.4719e-06 0.554781
8.725 0.000855184 0.000865563 3.46992e-06 0.553195
8.75 0.000900308 0.000931211 3.40915e-06 0.551617
8.775 0.00094261 0.000991881 3.29283e-06 0.550049
8.8 0.000981533 0.00104683 3.12493e-06 0.54849
8.825 0.00101654 0.00109527 2.91011e-06 0.54694
8.85 0.00104718 0.00113665 2.65347e-06 0.545398
8.875 0.00107303 0.00117044 2.36059e-06 0.543865
8.9 0.00109379 0.00119633 2.0374e-06 0.542341
8.925 0.00110915 0.001214 1.69015e-06 0.540825
8.95 0.00111896 0.00122332 1.32521e-06 0.539318
8.975 0.00112313 0.00122424 9.49093e-07 0.537819
9 0.00112161 0.00121687 5.68282e-07 0.536328
9.025 0.00111452 0.0012014 1.89179e-07 0.534846
9.05 0.00110198 0.00117817 -1.82e-07 0.533371
9.075 0.00108421 0.00114757 -5.39303e-07 0.531905
9.1 0.00106152 0.00111014 -8.77373e-07 0.530447
9.125 0.00103426 0.00106648 -1.19049e-06 0.528997
9.15 0.00100286 0.00101731 -1.47406e-06 0.527555
9.175 0.000967787 0.000963385 -1.72432e-06 0.526121
9.2 0.000929572 0.000905502 -1.93749e-06 0.524694
9.225 0.000888785 0.000844582 -2.11063e-06 0.523276
9.25 0.000846022 0.000781506 -2.2415e-06 0.521865
9.275 0.000801903 0.000717201 -2.32852e-06 0.520461
9.3 0.000757062 0.000652597 -2.3707e-06 0.519065
9.325 0.000712139 0.000588622 -2.36822e-06 0.517677
9.35 0.000667767 0.000526183 -2.32128e-06 0.516296
9.375 0.000624568 0.000466117 -2.23115e-06 0.514922
9.4 0.000583141 0.000409336 -2.09974e-06 0.513556
9.425 0.000544075 0.000356577 -1.9295e-06 0.512197
9.45 0.000507854 0.000308551 -1.72346e-06 0.510845
9.475 0.000474991 0.000265922 -1.48519e-06 0.5095
9.5 0.000445922 0.000229186 -1.21872e-06 0.508162
9.525 0.000421023 0.000198843 -9.28465e-07 0.506831
9.55 0.000400612 0.000175266 -6.19193e-07 0.505508
9.575 0.00038494 0.000158735 -2.95916e-07 0.504191
9.6 0.000374199 0.000149414 3.61649e-08 0.502881
9.625 0.000368485 0.000147395 3.71738e-07 0.501578
9.65 0.000367846 0.000152581 7.05461e-07 0.500281
9.675 0.000372253 0.000164898 1.03204e-06 0.498992
9.7 0.000381596 0.000184106 1.34628e-06 0.497709
9.725 0.000395728 0.00020987 1.64322e-06 0.496432
9.75 0.000414406 0.000241777 1.91811e-06 0.495162
9.775 0.000437336 0.000279321 2.16657e-06 0.493899
9.8 0.000464167 0.000321953 2.38474e-06 0.492642
9.825 0.000494498 0.000369031 2.56856e-06 0.491392
9.85 0.000527883 0.000419866 2.71544e-06 0.490147
9.875 0.000563836 0.000473723 2.82261e-06 0.48891
9.9 0.000601839 0.000529829 2.88817e-06 0.487678
9.925 0.000641352 0.000587391 2.91065e-06 0.486452
9.95 0.000681816 0.000645603 2.88927e-06 0.485233
9.975 0.000722665 0.000703652 2.82366e-06 0.48402
10 0.00076333 0.000760739 2.71441e-06 0.482813
10.025 0.000803203 0.00081608 2.5625e-06 0.481612
10.05 0.000841831 0.000868926 2.3695e-06 0.480417
10.075 0.000878664 0.000918565 2.13757e-06 0.479228
10.1 0.000913157 0.000964353 1.8694e-06 0.478044
10.125 0.000944874 0.00100564 1.56817e-06 0.476867
10.15 0.000973393 0.00104192 1.23751e-06 0.475695
10.175 0.00099833 0.00107274 8.81444e-07 0.474529
10.2 0.00101939 0.00109766 5.04356e-07 0.473369
10.225 0.00103628 0.00111638 1.10904e-07 0.472214
10.25 0.00104881 0.00112868 -2.94028e-07 0.471065
10.275 0.0010568 0.00113446 -7.05395e-07 0.469922
10.3 0.00106019 0.00113367 -1.11806e-06 0.468784
10.325 0.00105894 0.00112632 -1.52685e-06 0.467652
10.35 0.0010531 0.00111255 -1.92665e-06 0.466525
10.375 0.00104276 0.00109252 -2.31244e-06 0.465404
10.4 0.00102808 0.00106663 -2.67937e-06 0.464288
10.425 0.00100929 0.00103517 -3.02281e-06 0.463177
10.45 0.000986662 0.000998609 -3.33845e-06 0.462072
10.475 0.000960511 0.000957445 -3.62229e-06 0.460972
10.5 0.000931213 0.000912225 -3.87074e-06 0.459877
10.525 0.00089918 0.000863605 -4.08065e-06 0.458787
10.55 0.000864859 0.000812223 -4.24944e-06 0.457703
10.575 0.000828728 0.00075877 -4.37477e-06 0.456624
10.6 0.000791286 0.00070396 -4.45488e-06 0.455549
10.625 0.000753051 0.000648524 -4.48898e-06 0.45448
10.65 0.000714519 0.000593197 -4.47641e-06 0.453416
10.675 0.000676282 0.000538711 -4.41722e-06 0.452357
10.7 0.000638838 0.000485787 -4.31209e-06 0.451303
10.725 0.000602704 0.000435121 -4.16196e-06 0.450253
10.75 0.000568381 0.00038738 -3.96876e-06 0.449209
10.775 0.000536347 0.000343194 -3.73444e-06 0.448169
10.8 0.00050705 0.000303145 -3.46201e-06 0.447134
10.825 0.000480906 0.000267763 -3.1545e-06 0.446104
10.85 0.00045829 0.000237524 -2.8155e-06 0.445079
10.875 0.000439534 0.00021282 -2.44893e-06 0.444059
10.9 0.000424925 0.000193997 -2.05914e-06 0.443043
10.925 0.00041469 0.000181323 -1.65055e-06 0.442032
10.95 0.000409024 0.000174983 -1.22797e-06 0.441025
10.975 0.000408054 0.000175086 -7.9631e-07 0.440023
11 0.000411826 0.00018167 -3.60584e-07 0.439025
11.025 0.000420318 0.000194685 7.41564e-08 0.438033
11.05 0.000433543 0.000214023 5.02879e-07 0.437044
11.075 0.000451374 0.000239466 9.20629e-07 0.43606
11.1 0.000473653 0.000270757 1.32259e-06 0.435081
11.125 0.000500169 0.000307559 1.70412e-06 0.434105
11.15 0.000530658 0.000349468 2.06086e-06 0.433135
11.175 0.000564811 0.000396026 2.3887e-06 0.432168
11.2 0.000602276 0.000446717 2.68389e-06 0.431206
11.225 0.000642663 0.000501019 2.94306e-06 0.430248
11.25 0.000685547 0.000558258 3.16327e-06 0.429295
11.275 0.000730473 0.000617834 3.3421e-06 0.428345
11.3 0.000776966 0.000679088 3.47732e-06 0.4274
11.325 0.00082453 0.000741344 3.56749e-06 0.426459
11.35 0.000872658 0.000803915 3.61166e-06 0.425522
11.375 0.000920838 0.000866112 3.60919e-06 0.42459
11.4 0.000968558 0.000927256 3.56044e-06 0.423661
11.425 0.00101531 0.000986636 3.46558e-06 0.422737
11.45 0.00106061 0.0010437 3.32589e-06 0.421816
11.475 0.00110396 0.00109777 3.14279e-06 0.4209
11.5 0.00114491 0.00114829 2.91847e-06 0.419987
11.525 0.00118304 0.00119469 2.65536e-06 0.419078
11.55 0.00121795 0.0012365 2.3564e-06 0.418174
11.575 0.00124928 0.00127327 2.02488e-06 0.417273
11.6 0.00127673 0.00130461 1.66448e-06 0.416376
11.625 0.00130001 0.00133022 1.27916e-06 0.415483
11.65 0.0013189 0.00134983 8.73157e-07 0.414594
11.675 0.00133322 0.00136325 4.50927e-07 0.413709
11.7 0.00134284 0.00137037 1.70859e-08 0.412827
11.725 0.0013477 0.00137114 -4.23634e-07 0.411949
11.75 0.00134776 0.00136557 -8.66436e-07 0.411075
11.775 0.00134308 0.00135375 -1.30643e-06 0.410205
11.8 0.0013337 0.00133584 -1.73902e-06 0.409338
11.825 0.0013198 0.00131205 -2.15945e-06 0.408475
11.85 0.00130156 0.00128264 -2.56319e-06 0.407615
11.875 0.0012792 0.00124805 -2.94598e-06 0.40676
11.9 0.00125304 0.0012086 -3.30356e-06 0.405907
11.925 0.00122334 0.00116476 -3.6322e-06 0.405059
11.95 0.00119049 0.00111703 -3.92839e-06 0.404214
11.975 0.00115486 0.00106594 -4.18904e-06 0.403372
12 0.00111691 0.00101208 -4.41129e-06 0.402534
12.025 0.00107707 0.000956014 -4.59273e-06 0.401699
12.05 0.00103582 0.000898414 -4.73174e-06 0.400868
12.075 0.000993627 0.000839898 -4.8267e-06 0.400041
12.1 0.000951003 0.000781115 -4.87672e-06 0.399216
12.125 0.000908446 0.000722716 -4.88126e-06 0.398395
12.15 0.000866458 0.000665346 -4.84032e-06 0.397578
12.175 0.000825536 0.000609642 -4.75438e-06 0.396764
12.2 0.000786168 0.00055622 -4.62441e-06 0.395953
12.225 0.000748826 0.000505675 -4.45155e-06 0.395145
12.25 0.000713963 0.000458573 -4.2382e-06 0.394341
12.275 0.000682009 0.000415444 -3.98656e-06 0.39354
12.3 0.000653364 0.000376778 -3.69911e-06 0.392743
12.325 0.000628397 0.000343027 -3.37908e-06 0.391948
12.35 0.00060744 0.000314574 -3.02991e-06 0.391157
12.375 0.000590788 0.000291771 -2.65537e-06 0.390369
12.4 0.00057869 0.000274909 -2.25951e-06 0.389584
12.425 0.000571359 0.000264218 -1.84659e-06 0.388802
12.45 0.000568961 0.000259876 -1.42111e-06 0.388024
12.475 0.000571598 0.000261982 -9.87674e-07 0.387248
12.5 0.000579349 0.000270589 -5.51019e-07 0.386476
12.525 0.000592223 0.000285684 -1.15933e-07 0.385707
12.55 0.000610175 0.000307185 3.12782e-07 0.384941
12.575 0.000633147 0.000334953 7.30357e-07 0.384178
12.6 0.000661004 0.000368798 1.1321e-06 0.383418
12.625 0.000693573 0.000408471 1.51344e-06 0.38266
12.65 0.000730636 0.000453661 1.86998e-06 0.381906
12.675 0.000771933 0.00050401 2.19753e-06 0.381155
12.7 0.000817165 0.000559111 2.49214e-06 0.380407
12.725 0.000865996 0.000618515 2.75015e-06 0.379662
12.75 0.000918056 0.000681733 2.96821e-06 0.37892
12.775 0.000972946 0.00074824 3.14333e-06 0.37818
12.8 0.00103024 0.000817505 3.27289e-06 0.377444
12.825 0.0010895 0.000888912 3.35469e-06 0.37671
12.85 0.00115025 0.000961882 3.3869e-06 0.375979
12.875 0.00121201 0.0010358 3.36825e-06 0.375251
12.9 0.00127431 0.00111006 3.29779e-06 0.374526
12.925 0.00133664 0.00118403 3.17509e-06 0.373804
12.95 0.00139852 0.0012571 3.00013e-06 0.373084
12.975 0.00145946 0.00132866 2.7735e-06 0.372368
13 0.00151898 0.0013981 2.49617e-06 0.371654
13.025 0.00157661 0.00146486 2.16953e-06 0.370942
13.05 0.00163191 0.00152838 1.79548e-06 0.370234
13.075 0.00168445 0.00158814 1.37634e-06 0.369528
13.1 0.00173384 0.00164364 9.14844e-07 0.368825
13.125 0.00177968 0.00169444 4.14136e-07 0.368124
13.15 0.00182165 0.00174011 -1.22273e-07 0.367426
13.175 0.00185944 0.0017803 -6.90829e-07 0.366731
13.2 0.00189279 0.00181467 -1.28675e-06 0.366039
13.225 0.00192145 0.00184297 -1.90553e-06 0.365349
13.25 0.00194524 0.00186496 -2.54308e-06 0.364661
13.275 0.00196403 0.00188047 -3.19416e-06 0.363977
13.3 0.0019777 0.00188942 -3.85363e-06 0.363294
13.325 0.00198621 0.00189173 -4.51621e-06 0.362615
13.35 0.00198955 0.00188741 -5.17641e-06 0.361938
13.375 0.00198776 0.00187651 -5.829e-06 0.361263
13.4 0.00198093 0.00185917 -6.46817e-06 0.360591
13.425 0.00196918 0.00183552 -7.08889e-06 0.359921
13.45 0.0019527 0.0018058 -7.68552e-06 0.359254
13.475 0.00193172 0.00177028 -8.25282e-06 0.35859
13.5 0.00190647 0.00172927 -8.78562e-06 0.357928
13.525 0.00187727 0.00168316 -9.2784e-06 0.357268
13.55 0.00184446 0.00163235 -9.72658e-06 0.356611
13.575 0.00180842 0.00157729 -1.01255e-05 0.355956
13.6 0.00176952 0.00151849 -1.04708e-05 0.355303
13.625 0.00172828 0.00145645 -1.07584e-05 0.354653
13.65 0.00168511 0.00139175 -1.09843e-05 0.354005
13.675 0.00164052 0.00132495 -1.11453e-05 0.35336
13.7 0.00159502 0.00125667 -1.12381e-05 0.352717
13.725 0.00154915 0.00118753 -1.126e-05 0.352076
13.75 0.00150341 0.00111816 -1.12086e-05 0.351438
13.775 0.00145838 0.00104919 -1.10821e-05 0.350802
13.8 0.00141462 0.000981316 -1.08787e-05 0.350168
13.825 0.00137267 0.000915144 -1.05975e-05 0.349537
13.85 0.00133311 0.00085136 -1.02377e-05 0.348908
13.875 0.00129648 0.000790586 -9.79898e-06 0.348281
13.9 0.00126333 0.000733471 -9.28145e-06 0.347656
13.925 0.00123419 0.00068058 -8.68569e-06 0.347034
13.95 0.00120958 0.000632529 -8.01257e-06 0.346414
13.975 0.00118999 0.000589887 -7.26364e-06 0.345796
14 0.00117591 0.000553197 -6.44069e-06 0.34518
14.025 0.00116777 0.000523012 -5.54565e-06 0.344567
14.05 0.00116602 0.000499723 -4.58111e-06 0.343955
14.075 0.00117103 0.000483793 -3.54993e-06 0.343346
14.1 0.00118316 0.000475682 -2.45529e-06 0.342739
14.125 0.00120276 0.000475728 -1.30018e-06 0.342134
14.15 0.00123012 0.000484251 -8.92958e-08 0.341532
14.175 0.00126548 0.000501534 1.17377e-06 0.340931
14.2 0.00130909 0.000527799 2.48476e-06 0.340333
14.225 0.00136106 0.000563256 3.83856e-06 0.339736
14.25 0.00142156 0.000608037 5.23168e-06 0.339142
14.275 0.00149068 0.000662235 6.65885e-06 0.33855
14.3 0.00156846 0.000725898 8.11504e-06 0.33796
14.325 0.00165492 0.000799025 9.59521e-06 0.337372
14.35 0.00175003 0.000881572 1.10942e-05 0.336786
14.375 0.00185371 0.000973443 1.26073e-05 0.336202
14.4 0.00196583 0.0010745 1.41277e-05 0.33562
14.425 0.00208626 0.00118457 1.56521e-05 0.33504
14.45 0.00221478 0.00130341 1.71747e-05 0.334462
14.475 0.00235117 0.00143078 1.86903e-05 0.333886
14.5 0.00249517 0.00156631 2.01938e-05 0.333312
14.525 0.00264645 0.00170976 2.16804e-05 0.33274
14.55 0.0028047 0.00186081 2.31452e-05 0.33217
14.575 0.00296954 0.00201884 2.45836e-05 0.331602
14.6 0.00314057 0.00218341 2.5991e-05 0.331036
14.625 0.00331738 0.00235427 2.73631e-05 0.330472
14.65 0.00349951 0.00253082 2.86958e-05 0.329909
14.675 0.0036865 0.00271255 2.99852e-05 0.329349
14.7 0.00387785 0.00289892 3.12276e-05 0.328791
14.725 0.00407306 0.00308938 3.24195e-05 0.328234
14.75 0.00427168 0.00328337 3.35577e-05 0.327679
14.775 0.00447303 0.00348031 3.46393e-05 0.327127
14.8 0.00467664 0.00367962 3.56615e-05 0.326576
14.825 0.00488195 0.0038807 3.6622e-05 0.326026
14.85 0.00508841 0.00408296 3.75185e-05 0.325479
14.875 0.00529547 0.00428582 3.83493e-05 0.324934
14.9 0.00550255 0.00448868 3.91127e-05 0.32439
14.925 0.00570911 0.00469095 3.98075e-05 0.323848
14.95 0.0059146 0.00489206 4.04324e-05 0.323308
14.975 0.00611847 0.00509143 4.09873e-05 0.32277
15 0.00632017 0.00528851 4.14707e-05 0.322234
15.025 0.0065192 0.00548275 4.18828e-05 0.321699
15.05 0.00671504 0.00567364 4.22237e-05 0.321166
15.075 0.00690718 0.00586066 4.24936e-05 0.320635
15.1 0.00709515 0.00604332 4.2693e-05 0.320106
15.125 0.00727849 0.00622116 4.28226e-05 0.319578
15.15 0.00745676 0.00639372 4.28834e-05 0.319052
15.175 0.00762952 0.00656059 4.28765e-05 0.318528
15.2 0.00779639 0.00672137 4.28033e-05 0.318005
15.225 0.00795698 0.00687568 4.26654e-05 0.317485
15.25 0.00811094 0.00702319 4.24645e-05 0.316965
15.275 0.00825795 0.00716358 4.22024e-05 0.316448
15.3 0.00839769 0.00729655 4.18813e-05 0.315932
15.325 0.0085299 0.00742185 4.15032e-05 0.315418
15.35 0.00865432 0.00753924 4.10703e-05 0.314906
15.375 0.00877073 0.00764853 4.05852e-05 0.314395
15.4 0.00887893 0.00774953 4.00489e-05 0.313886
15.425 0.00897876 0.00784211 3.94669e-05 0.313378
15.45 0.00907006 0.00792626 3.88403e-05 0.312872
15.475 0.00915272 0.00800165 3.8172e-05 0.312368
15.5 0.00922666 0.00806835 3.74646e-05 0.311865
15.525 0.0092918 0.00812631 3.67214e-05 0.311364
15.55 0.00934812 0.00817554 3.59442e-05 0.310864
15.575 0.00939559 0.00821603 3.51364e-05 0.310366
15.6 0.00943422 0.00824784 3.43007e-05 0.30987
15.625 0.00946406 0.00827104 3.344e-05 0.309375
15.65 0.00948515 0.0082857 3.2557e-05 0.308882
15.675 0.00949757 0.00829193 3.16546e-05 0.30839
15.7 0.00950143 0.00828988 3.07353e-05 0.3079
15.725 0.00949685 0.00827968 2.98018e-05 0.307412
15.75 0.00948395 0.0082615 2.88568e-05 0.306925
15.775 0.00946291 0.00823557 2.79028e-05 0.306439
15.8 0.00943389 0.00820201 2.69422e-05 0.305955
15.825 0.00939707 0.00816108 2.59774e-05 0.305472
15.85 0.00935268 0.00811299 2.50108e-05 0.304991
15.875 0.00930091 0.00805801 2.40445e-05 0.304512
15.9 0.00924201 0.00799637 2.30807e-05 0.304034
15.925 0.00917621 0.00792833 2.21214e-05 0.303557
15.95 0.00910377 0.00785418 2.11685e-05 0.303082
15.975 0.00902493 0.00777419 2.02239e-05 0.302609
16 0.00893998 0.00768863 1.92894e-05 0.302136
16.025 0.00884919 0.00759781 1.83664e-05 0.301666
16.05 0.00875283 0.00750186 1.74567e-05 0.301196
16.075 0.00865119 0.00740138 1.65615e-05 0.300729
16.1 0.00854456 0.00729652 1.56821e-05 0.300262
16.125 0.00843323 0.00718757 1.48199e-05 0.299797
16.15 0.0083175 0.00707483 1.39759e-05 0.299334
16.175 0.00819764 0.0069586 1.31511e-05 0.298872
16.2 0.00807397 0.00683918 1.23465e-05 0.298411
16.225 0.00794677 0.00671685 1.15627e-05 0.297952
16.25 0.00781633 0.0065919 1.08005e-05 0.297494
16.275 0.00768294 0.00646462 1.00606e-05 0.297037
16.3 0.00754688 0.00633528 9.34342e-06 0.296582
16.325 0.00740844 0.00620417 8.64941e-06 0.296128
16.35 0.00726788 0.00607154 7.97892e-06 0.295676
16.375 0.00712548 0.00593765 7.33222e-06 0.295225
16.4 0.0069815 0.00580277 6.70948e-06 0.294775
16.425 0.0068362 0.00566713 6.11081e-06 0.294327
16.45 0.00668984 0.00553097 5.53626e-06 0.29388
16.475 0.00654264 0.00539452 4.98578e-06 0.293434
16.5 0.00639486 0.005258 4.45928e-06 0.29299
16.525 0.00624673 0.00512163 3.95661e-06 0.292547
16.55 0.00609845 0.0049856 3.47755e-06 0.292105
16.575 0.00595024 0.00485011 3.02183e-06 0.291665
16.6 0.00580231 0.00471534 2.58917e-06 0.291226
16.625 0.00565485 0.00458146 2.17915e-06 0.290788
16.65 0.00550805 0.00444864 1.79139e-06 0.290352
16.675 0.00536208 0.00431704 1.42546e-06 0.289917
16.7 0.00521711 0.0041868 1.08088e-06 0.289483
16.725 0.0050733 0.00405806 7.57152e-07 0.289051
16.75 0.00493081 0.00393094 4.53741e-07 0.288619
16.775 0.00478976 0.00380556 1.70092e-07 0.288189
16.8 0.00465031 0.00368203 -9.4375e-08 0.287761
16.825 0.00451255 0.00356045 -3.40166e-07 0.287333
16.85 0.00437661 0.00344091 -5.68078e-07 0.286907
16.875 0.00424259 0.0033235 -7.7862e-07 0.286482
16.9 0.00411059 0.00320828 -9.72401e-07 0.286059
16.925 0.00398071 0.00309532 -1.15008e-06 0.285636
16.95 0.00385301 0.00298468 -1.3123e-06 0.285215
16.975 0.00372758 0.00287642 -1.4597e-06 0.284795
17 0.00360447 0.00277056 -1.59292e-06 0.284376
17.025 0.00348375 0.00266716 -1.71263e-06 0.283959
17.05 0.00336547 0.00256624 -1.8194e-06 0.283543
17.075 0.00324967 0.00246782 -1.9139e-06 0.283128
17.1 0.00313638 0.00237192 -1.99673e-06 0.282714
17.125 0.00302564 0.00227854 -2.06852e-06 0.282301
17.15 0.00291747 0.00218768 -2.12986e-06 0.28189
17.175 0.00281189 0.00209938 -2.18134e-06 0.28148
17.2 0.00270892 0.00201363 -2.22354e-06 0.28107
17.225 0.00260855 0.00193036 -2.25703e-06 0.280663
17.25 0.00251079 0.00184961 -2.28234e-06 0.280256
17.275 0.00241563 0.00177135 -2.30006e-06 0.27985
17.3 0.00232308 0.00169556 -2.31062e-06 0.279446
17.325 0.00223312 0.0016222 -2.31456e-06 0.279043
17.35 0.00214573 0.00155126 -2.31236e-06 0.278641
17.375 0.00206089 0.00148269 -2.3045e-06 0.27824
17.4 0.00197859 0.00141646 -2.29141e-06 0.27784
17.425 0.00189879 0.00135254 -2.27354e-06 0.277442
17.45 0.00182146 0.00129089 -2.25128e-06 0.277044
17.475 0.00174658 0.00123146 -2.22504e-06 0.276648
17.5 0.0016741 0.00117421 -2.1952e-06 0.276253
17.525 0.001604 0.0011191 -2.16211e-06 0.275859
17.55 0.00153623 0.00106608 -2.12612e-06 0.275466
17.575 0.00147076 0.0010151 -2.08756e-06 0.275074
17.6 0.00140753 0.000966109 -2.04672e-06 0.274683
17.625 0.00134651 0.000919065 -2.0039e-06 0.274294
17.65 0.00128765 0.000873914 -1.95937e-06 0.273905
17.675 0.0012309 0.000830606 -1.91339e-06 0.273518
17.7 0.00117622 0.000789091 -1.86621e-06 0.273132
17.725 0.00112356 0.000749316 -1.81805e-06 0.272746
17.75 0.00107286 0.00071123 -1.76912e-06 0.272362
17.775 0.00102409 0.000674784 -1.71963e-06 0.271979
17.8 0.000977191 0.000639924 -1.66974e-06 0.271597
17.825 0.000932112 0.000606602 -1.61964e-06 0.271216
17.85 0.000888804 0.000574766 -1.56948e-06 0.270836
17.875 0.000847217 0.000544367 -1.51941e-06 0.270458
17.9 0.000807302 0.000515356 -1.46956e-06 0.27008
17.925 0.000769009 0.000487683 -1.42005e-06 0.269703
17.95 0.00073229 0.000461302 -1.37098e-06 0.269328
17.975 0.000697092 0.000436165 -1.32247e-06 0.268953
18 0.000663373 0.000412226 -1.27461e-06 0.26858
18.025 0.000631082 0.000389439 -1.22746e-06 0.268207
18.05 0.000600172 0.00036776 -1.18111e-06 0.267836
18.075 0.000570597 0.000347145 -1.13562e-06 0.267465
18.1 0.000542311 0.000327553 -1.09104e-06 0.267096
18.125 0.000515268 0.000308941 -1.04742e-06 0.266727
18.15 0.000489425 0.00029127 -1.00481e-06 0.26636
18.175 0.000464739 0.000274499 -9.63238e-07 0.265994
18.2 0.000441167 0.000258591 -9.22733e-07 0.265628
18.225 0.000418668 0.00024351 -8.83318e-07 0.265264
18.25 0.000397201 0.000229217 -8.45011e-07 0.2649
18.275 0.000376727 0.000215679 -8.07826e-07 0.264538
18.3 0.000357207 0.000202861 -7.71769e-07 0.264177
18.325 0.000338605 0.000190732 -7.36846e-07 0.263816
18.35 0.000320882 0.000179258 -7.03057e-07 0.263457
18.375 0.000304004 0.000168411 -6.70398e-07 0.263098
18.4 0.000287936 0.00015816 -6.38864e-07 0.262741
18.425 0.000272645 0.000148476 -6.08444e-07 0.262384
18.45 0.000258099 0.000139333 -5.79128e-07 0.262029
18.475 0.000244265 0.000130704 -5.50901e-07 0.261674
18.5 0.000231114 0.000122564 -5.23746e-07 0.261321
18.525 0.000218616 0.000114889 -4.97646e-07 0.260968
18.55 0.000206742 0.000107653 -4.72581e-07 0.260616
18.575 0.000195465 0.000100838 -4.48526e-07 0.260266
18.6 0.000184758 9.44194e-05 -4.25466e-07 0.259916
18.625 0.000174596 8.83776e-05 -4.03373e-07 0.259567
18.65 0.000164955 8.26927e-05 -3.82223e-07 0.259219
18.675 0.000155809 7.73458e-05 -3.61992e-07 0.258872
18.7 0.000147137 7.23189e-05 -3.42654e-07 0.258526
18.725 0.000138917 6.75949e-05 -3.24182e-07 0.258181
18.75 0.000131126 6.31573e-05 -3.0655e-07 0.257836
18.775 0.000123745 5.89904e-05 -2.89731e-07 0.257493
18.8 0.000116755 5.50793e-05 -2.737e-07 0.257151
18.825 0.000110136 5.14097e-05 -2.58428e-07 0.256809
18.85 0.00010387 4.79681e-05 -2.43891e-07 0.256469
18.875 9.7941e-05 4.47417e-05 -2.3006e-07 0.256129
18.9 9.23314e-05 4.1718e-05 -2.16911e-07 0.25579
18.925 8.70258e-05 3.88856e-05 -2.04417e-07 0.255452
18.95 8.20088e-05 3.62332e-05 -1.92553e-07 0.255115
18.975 7.72661e-05 3.37505e-05 -1.81294e-07 0.254779
19 7.27838e-05 3.14274e-05 -1.70615e-07 0.254444
19.025 6.85486e-05 2.92546e-05 -1.60493e-07 0.25411
19.05 6.4548e-05 2.72229e-05 -1.50903e-07 0.253776
19.075 6.07698e-05 2.53241e-05 -1.41823e-07 0.253443
19.1 5.72025e-05 2.355e-05 -1.3323e-07 0.253112
19.125 5.38351e-05 2.1893e-05 -1.25103e-07 0.252781
19.15 5.06571e-05 2.0346e-05 -1.17421e-07 0.252451
19.175 4.76586e-05 1.89022e-05 -1.10163e-07 0.252122
19.2 4.483e-05 1.75552e-05 -1.03308e-07 0.251793
19.225 4.21624e-05 1.62989e-05 -9.68387e-08 0.251466
19.25 3.96469e-05 1.51276e-05 -9.07355e-08 0.251139
19.275 3.72756e-05 1.40359e-05 -8.49805e-08 0.250814
19.3 3.50405e-05 1.30189e-05 -7.95565e-08 0.250489
19.325 3.29343e-05 1.20716e-05 -7.44468e-08 0.250165
19.35 3.09499e-05 1.11895e-05 -6.96353e-08 0.249841
19.375 2.90806e-05 1.03686e-05 -6.51067e-08 0.249519
19.4 2.73201e-05 9.60462e-06 -6.0846e-08 0.249198
19.425 2.56623e-05 8.89397e-06 -5.6839e-08 0.248877
19.45 2.41016e-05 8.23309e-06 -5.30721e-08 0.248557
19.475 2.26324e-05 7.61867e-06 -4.95322e-08 0.248238
19.5 2.12496e-05 7.04757e-06 -4.62068e-08 0.24792
19.525 1.99484e-05 6.51689e-06 -4.30839e-08 0.247602
19.55 1.87241e-05 6.02387e-06 -4.0152e-08 0.247286
19.575 1.75723e-05 5.56593e-06 -3.74002e-08 0.24697
19.6 1.6489e-05 5.14066e-06 -3.4818e-08 0.246655
19.625 1.54701e-05 4.74578e-06 -3.23953e-08 0.246341
19.65 1.45119e-05 4.37917e-06 -3.01227e-08 0.246027
19.675 1.3611e-05 4.03883e-06 -2.79911e-08 0.245715
19.7 1.2764e-05 3.72288e-06 -2.59916e-08 0.245403
19.725 1.19678e-05 3.42956e-06 -2.41161e-08 0.245092
19.75 1.12193e-05 3.15724e-06 -2.23565e-08 0.244781
19.775 1.05157e-05 2.90436e-06 -2.07054e-08 0.244472
19.8 9.85453e-06 2.66947e-06 -1.91554e-08 0.244163
19.825 9.23309e-06 2.45121e-06 -1.76996e-08 0.243855
19.85 8.64907e-06 2.2483e-06 -1.63315e-08 0.243548
19.875 8.10021e-06 2.05953e-06 -1.50447e-08 0.243242
19.9 7.5844e-06 1.88378e-06 -1.3833e-08 0.242936
19.925 7.09964e-06 1.71998e-06 -1.26908e-08 0.242632
19.95 6.64403e-06 1.56711e-06 -1.16122e-08 0.242328
19.975 6.21581e-06 1.42427e-06 -1.05922e-08 0.242024
20 5.81322e-06 1.2904e-06 -9.62438e-09 0.241722
