0 0.194793 0.203313 -0.00647265 0.09842
0.025 0.194793 0.203313 -0.00647265 0.09842
0.05 0.194757 0.203286 -0.00673434 0.0982756
0.075 0.194665 0.203209 -0.00699343 0.0981076
0.1 0.194518 0.203082 -0.00724932 0.0979164
0.125 0.194316 0.202906 -0.00750146 0.0977025
0.15 0.19406 0.202682 -0.00774929 0.0974664
0.175 0.19375 0.20241 -0.00799227 0.0972088
0.2 0.193388 0.20209 -0.00822989 0.0969303
0.225 0.192974 0.201725 -0.00846166 0.0966317
0.25 0.19251 0.201314 -0.00868711 0.0963137
0.275 0.191997 0.20086 -0.0089058 0.0959772
0.3 0.191437 0.200363 -0.0091173 0.0956231
0.325 0.190832 0.199826 -0.00932123 0.0952523
0.35 0.190182 0.199249 -0.00951723 0.0948658
0.375 0.189491 0.198634 -0.00970496 0.0944646
0.4 0.188761 0.197984 -0.00988411 0.0940498
0.425 0.187992 0.197299 -0.0100544 0.0936224
0.45 0.187189 0.196583 -0.0102157 0.0931837
0.475 0.186352 0.195837 -0.0103676 0.0927346
0.5 0.185485 0.195063 -0.0105101 0.0922765
0.525 0.18459 0.194264 -0.010643 0.0918104
0.55 0.18367 0.193441 -0.0107662 0.0913376
0.575 0.182727 0.192598 -0.0108797 0.0908593
0.6 0.181764 0.191737 -0.0109833 0.0903767
0.625 0.180784 0.190859 -0.0110771 0.089891
0.65 0.17979 0.189968 -0.0111611 0.0894035
0.675 0.178784 0.189066 -0.0112354 0.0889153
0.7 0.17777 0.188155 -0.0113 0.0884277
0.725 0.176749 0.187239 -0.0113551 0.0879417
0.75 0.175726 0.186318 -0.0114009 0.0874587
0.775 0.174703 0.185397 -0.0114375 0.0869797
0.8 0.173682 0.184477 -0.0114652 0.0865059
0.825 0.172667 0.183561 -0.0114841 0.0860383
0.85 0.17166 0.18265 -0.0114946 0.0855779
0.875 0.170664 0.181749 -0.0114969 0.0851259
0.9 0.169681 0.180858 -0.0114913 0.0846831
0.925 0.168714 0.179979 -0.0114783 0.0842505
0.95 0.167766 0.179116 -0.0114581 0.0838289
0.975 0.166838 0.17827 -0.0114312 0.0834193
1 0.165933 0.177442 -0.0113978 0.0830222
1.025 0.165054 0.176636 -0.0113586 0.0826386
1.05 0.164201 0.175852 -0.0113138 0.0822689
1.075 0.163378 0.175092 -0.0112638 0.0819139
1.1 0.162585 0.174357 -0.0112093 0.081574
1.125 0.161824 0.17365 -0.0111505 0.0812497
1.15 0.161098 0.172971 -0.011088 0.0809413
1.175 0.160407 0.172321 -0.0110222 0.0806493
1.2 0.159752 0.171701 -0.0109537 0.0803738
1.225 0.159134 0.171113 -0.0108828 0.0801151
1.25 0.158555 0.170557 -0.01081 0.0798733
1.275 0.158015 0.170032 -0.0107359 0.0796483
1.3 0.157514 0.169541 -0.0106608 0.0794401
1.325 0.157052 0.169083 -0.0105852 0.0792487
1.35 0.156631 0.168657 -0.0105096 0.0790739
1.375 0.15625 0.168265 -0.0104343 0.0789154
1.4 0.155908 0.167906 -0.0103599 0.0787728
1.425 0.155606 0.167578 -0.0102867 0.0786458
1.45 0.155342 0.167283 -0.0102151 0.078534
1.475 0.155117 0.167019 -0.0101456 0.0784367
1.5 0.154928 0.166785 -0.0100783 0.0783533
1.525 0.154776 0.166581 -0.0100138 0.0782833
1.55 0.154659 0.166404 -0.00995231 0.0782259
1.575 0.154576 0.166255 -0.00989411 0.0781803
1.6 0.154525 0.166131 -0.00983951 0.0781457
1.625 0.154504 0.166031 -0.00978875 0.0781211
1.65 0.154511 0.165953 -0.00974207 0.0781056
1.675 0.154545 0.165896 -0.00969968 0.0780983
1.7 0.154604 0.165858 -0.00966175 0.078098
1.725 0.154686 0.165836 -0.00962845 0.0781037
1.75 0.154787 0.165829 -0.00959991 0.0781144
1.775 0.154906 0.165834 -0.00957622 0.0781287
1.8 0.15504 0.165849 -0.00955748 0.0781457
1.825 0.155186 0.165872 -0.00954373 0.0781639
1.85 0.155343 0.1659 -0.00953502 0.0781823
1.875 0.155506 0.165931 -0.00953133 0.0781996
1.9 0.155674 0.165962 -0.00953266 0.0782145
1.925 0.155843 0.165991 -0.00953896 0.0782258
1.95 0.156011 0.166014 -0.00955016 0.0782321
1.975 0.156175 0.166031 -0.00956618 0.0782323
2 0.156331 0.166037 -0.00958689 0.078225
2.025 0.156477 0.16603 -0.00961218 0.0782091
2.05 0.15661 0.166008 -0.00964188 0.0781832
2.075 0.156726 0.165968 -0.00967582 0.0781461
2.1 0.156824 0.165907 -0.00971382 0.0780966
2.125 0.1569 0.165823 -0.00975566 0.0780336
2.15 0.156951 0.165713 -0.00980112 0.0779559
2.175 0.156975 0.165575 -0.00984997 0.0778624
2.2 0.156969 0.165406 -0.00990196 0.077752
2.225 0.156931 0.165204 -0.00995681 0.0776236
2.25 0.156857 0.164967 -0.0100143 0.0774764
2.275 0.156745 0.164692 -0.010074 0.0773092
2.3 0.156593 0.164378 -0.0101358 0.0771212
2.325 0.1564 0.164023 -0.0101993 0.0769117
2.35 0.156162 0.163624 -0.0102643 0.0766797
2.375 0.155878 0.163179 -0.0103303 0.0764246
2.4 0.155545 0.162688 -0.0103971 0.0761456
2.425 0.155163 0.162149 -0.0104645 0.0758423
2.45 0.15473 0.16156 -0.010532 0.075514
2.475 0.154244 0.16092 -0.0105994 0.0751603
2.5 0.153703 0.160228 -0.0106663 0.0747807
2.525 0.153108 0.159482 -0.0107325 0.0743749
2.55 0.152456 0.158683 -0.0107977 0.0739427
2.575 0.151747 0.157829 -0.0108615 0.0734839
2.6 0.150981 0.15692 -0.0109237 0.0729982
2.625 0.150157 0.155956 -0.010984 0.0724858
2.65 0.149274 0.154935 -0.0110421 0.0719465
2.675 0.148333 0.153859 -0.0110977 0.0713804
2.7 0.147333 0.152726 -0.0111507 0.0707878
2.725 0.146275 0.151538 -0.0112007 0.0701688
2.75 0.145158 0.150295 -0.0112475 0.0695237
2.775 0.143984 0.148997 -0.0112909 0.0688529
2.8 0.142753 0.147644 -0.0113308 0.0681568
2.825 0.141466 0.146239 -0.0113668 0.0674359
2.85 0.140123 0.14478 -0.0113989 0.0666907
2.875 0.138727 0.14327 -0.0114268 0.0659218
2.9 0.137277 0.14171 -0.0114504 0.0651299
2.925 0.135775 0.140101 -0.0114696 0.0643157
2.95 0.134223 0.138444 -0.0114842 0.06348
2.975 0.132623 0.136741 -0.0114941 0.0626235
3 0.130975 0.134994 -0.0114992 0.0617472
3.025 0.129282 0.133203 -0.0114995 0.0608519
3.05 0.127546 0.131372 -0.0114949 0.0599387
3.075 0.125769 0.129502 -0.0114852 0.0590084
3.1 0.123952 0.127595 -0.0114705 0.0580621
3.125 0.122098 0.125652 -0.0114508 0.0571008
3.15 0.120208 0.123677 -0.011426 0.0561256
3.175 0.118286 0.121671 -0.011396 0.0551377
3.2 0.116334 0.119637 -0.011361 0.0541381
3.225 0.114354 0.117577 -0.011321 0.0531279
3.25 0.112348 0.115492 -0.0112759 0.0521083
3.275 0.110318 0.113387 -0.0112258 0.0510804
3.3 0.108268 0.111262 -0.0111708 0.0500455
3.325 0.106199 0.10912 -0.0111109 0.0490047
3.35 0.104115 0.106964 -0.0110462 0.0479591
3.375 0.102017 0.104796 -0.0109767 0.0469098
3.4 0.0999082 0.102619 -0.0109027 0.0458582
3.425 0.0977909 0.100435 -0.0108241 0.0448052
3.45 0.0956674 0.0982452 -0.0107411 0.0437521
3.475 0.0935402 0.0960535 -0.0106538 0.0426998
3.5 0.0914117 0.0938616 -0.0105623 0.0416497
3.525 0.0892842 0.0916719 -0.0104667 0.0406026
3.55 0.0871599 0.0894865 -0.0103672 0.0395597
3.575 0.0850411 0.0873077 -0.0102639 0.0385219
3.6 0.0829299 0.0851375 -0.0101569 0.0374903
3.625 0.0808285 0.0829782 -0.0100464 0.0364659
3.65 0.0787389 0.0808316 -0.00993256 0.0354495
3.675 0.0766631 0.0786997 -0.0098155 0.0344421
3.7 0.0746029 0.0765845 -0.00969538 0.0334445
3.725 0.0725603 0.0744876 -0.00957237 0.0324576
3.75 0.0705369 0.0724109 -0.00944661 0.0314822
3.775 0.0685345 0.0703561 -0.00931828 0.0305189
3.8 0.0665546 0.0683246 -0.00918752 0.0295685
3.825 0.0645987 0.066318 -0.00905451 0.0286317
3.85 0.0626684 0.0643377 -0.00891941 0.0277091
3.875 0.0607648 0.062385 -0.00878238 0.0268013
3.9 0.0588892 0.0604612 -0.00864358 0.0259088
3.925 0.0570429 0.0585674 -0.00850317 0.0250321
3.95 0.0552268 0.0567047 -0.00836132 0.0241717
3.975 0.053442 0.0548741 -0.00821818 0.023328
4 0.0516894 0.0530765 -0.00807391 0.0225013
4.025 0.0499698 0.0513127 -0.00792867 0.021692
4.05 0.0482838 0.0495834 -0.00778261 0.0209004
4.075 0.0466322 0.0478893 -0.00763589 0.0201267
4.1 0.0450156 0.046231 -0.00748864 0.0193712
4.125 0.0434343 0.0446089 -0.00734102 0.0186339
4.15 0.0418888 0.0430234 -0.00719318 0.0179151
4.175 0.0403794 0.0414749 -0.00704524 0.0172148
4.2 0.0389063 0.0399635 -0.00689736 0.0165331
4.225 0.0374698 0.0384896 -0.00674966 0.01587
4.25 0.03607 0.0370532 -0.00660227 0.0152255
4.275 0.0347068 0.0356543 -0.00645533 0.0145995
4.3 0.0333803 0.034293 -0.00630895 0.013992
4.325 0.0320904 0.0329691 -0.00616325 0.0134029
4.35 0.0308369 0.0316825 -0.00601835 0.0128321
4.375 0.0296196 0.0304329 -0.00587436 0.0122793
4.4 0.0284383 0.0292202 -0.00573139 0.0117444
4.425 0.0272927 0.0280441 -0.00558953 0.0112273
4.45 0.0261824 0.0269041 -0.0054489 0.0107276
4.475 0.025107 0.0257999 -0.00530957 0.0102452
4.5 0.0240661 0.024731 -0.00517165 0.00977968
4.525 0.0230592 0.023697 -0.00503522 0.00933089
4.55 0.0220858 0.0226973 -0.00490035 0.00889849
4.575 0.0211454 0.0217314 -0.00476713 0.00848216
4.6 0.0202374 0.0207988 -0.00463563 0.00808158
4.625 0.0193612 0.0198987 -0.00450592 0.00769641
4.65 0.0185162 0.0190307 -0.00437806 0.0073263
4.675 0.0177017 0.0181939 -0.0042521 0.00697091
4.7 0.0169171 0.0173878 -0.00412811 0.00662986
4.725 0.0161617 0.0166117 -0.00400614 0.00630279
4.75 0.0154349 0.0158649 -0.00388622 0.00598933
4.775 0.0147359 0.0151466 -0.00376841 0.0056891
4.8 0.0140639 0.0144562 -0.00365274 0.00540171
4.825 0.0134184 0.0137928 -0.00353924 0.00512679
4.85 0.0127986 0.0131559 -0.00342795 0.00486395
4.875 0.0122038 0.0125445 -0.00331889 0.00461282
4.9 0.0116332 0.0119581 -0.00321209 0.00437301
4.925 0.0110861 0.0113958 -0.00310755 0.00414414
4.95 0.0105618 0.010857 -0.0030053 0.00392585
4.975 0.0100596 0.0103408 -0.00290534 0.00371775
5 0.00957885 0.00984665 -0.00280769 0.00351948
5.025 0.00911873 0.00937371 -0.00271234 0.00333069
5.05 0.0086786 0.00892131 -0.00261931 0.003151
5.075 0.00825777 0.00848874 -0.00252857 0.00298008
5.1 0.00785557 0.0080753 -0.00244014 0.00281758
5.125 0.00747132 0.00768032 -0.002354 0.00266316
5.15 0.00710438 0.00730313 -0.00227013 0.0025165
5.175 0.00675411 0.00694306 -0.00218853 0.00237726
5.2 0.00641987 0.00659947 -0.00210918 0.00224514
5.225 0.00610105 0.00627173 -0.00203206 0.00211983
5.25 0.00579706 0.00595922 -0.00195715 0.00200104
5.275 0.0055073 0.00566135 -0.00188442 0.00188847
5.3 0.00523121 0.00537752 -0.00181384 0.00178184
5.325 0.00496822 0.00510717 -0.0017454 0.00168088
5.35 0.0047178 0.00484973 -0.00167906 0.00158534
5.375 0.00447942 0.00460467 -0.00161478 0.00149494
5.4 0.00425258 0.00437146 -0.00155255 0.00140946
5.425 0.00403677 0.0041496 -0.00149231 0.00132864
5.45 0.00383153 0.00393859 -0.00143404 0.00125227
5.475 0.00363637 0.00373796 -0.0013777 0.00118013
5.5 0.00345087 0.00354725 -0.00132326 0.001112
5.525 0.00327458 0.00336601 -0.00127066 0.00104767
5.55 0.00310709 0.00319381 -0.00121988 0.000986962
5.575 0.002948 0.00303024 -0.00117088 0.000929681
5.6 0.00279692 0.0028749 -0.0011236 0.000875649
5.625 0.00265347 0.00272741 -0.00107802 0.000824695
5.65 0.00251729 0.0025874 -0.00103409 0.000776656
5.675 0.00238805 0.00245451 -0.000991764 0.000731375
5.7 0.00226541 0.00232841 -0.000951005 0.000688703
5.725 0.00214906 0.00220877 -0.00091177 0.000648498
5.75 0.00203868 0.00209527 -0.000874017 0.000610625
5.775 0.00193399 0.00198761 -0.000837703 0.000574953
5.8 0.0018347 0.00188551 -0.000802787 0.000541362
5.825 0.00174055 0.00178869 -0.000769226 0.000509733
5.85 0.00165129 0.00169689 -0.00073698 0.000479956
5.875 0.00156666 0.00160986 -0.000706008 0.000451926
5.9 0.00148644 0.00152735 -0.000676268 0.000425543
5.925 0.0014104 0.00144914 -0.000647721 0.000400712
5.95 0.00133832 0.00137501 -0.000620328 0.000377343
5.975 0.00127001 0.00130475 -0.000594048 0.000355352
6 0.00120528 0.00123816 -0.000568845 0.000334659
6.025 0.00114392 0.00117505 -0.000544681 0.000315187
6.05 0.00108578 0.00111525 -0.000521518 0.000296864
6.075 0.00103069 0.00105857 -0.000499321 0.000279624
6.1 0.000978472 0.00100485 -0.000478054 0.000263401
6.125 0.000928992 0.000953952 -0.000457682 0.000248135
6.15 0.0008821 0.000905711 -0.000438173 0.000233769
6.175 0.000837662 0.000859992 -0.000419492 0.00022025
6.2 0.000795546 0.000816663 -0.000401608 0.000207527
6.225 0.000755629 0.000775595 -0.00038449 0.000195553
6.25 0.000717795 0.00073667 -0.000368107 0.000184282
6.275 0.000681933 0.000699773 -0.00035243 0.000173672
6.3 0.000647937 0.000664797 -0.00033743 0.000163683
6.325 0.000615707 0.000631638 -0.00032308 0.000154279
6.35 0.00058515 0.0006002 -0.000309352 0.000145424
6.375 0.000556175 0.00057039 -0.000296222 0.000137084
6.4 0.000528698 0.000542123 -0.000283663 0.00012923
6.425 0.000502638 0.000515315 -0.000271651 0.000121832
6.45 0.000477919 0.000489887 -0.000260163 0.000114862
6.475 0.00045447 0.000465767 -0.000249177 0.000108295
6.5 0.000432222 0.000442884 -0.000238671 0.000102106
6.525 0.000411111 0.000421172 -0.000228623 9.62742e-05
6.55 0.000391075 0.000400568 -0.000219014 9.07768e-05
6.575 0.000372058 0.000381013 -0.000209824 8.55944e-05
6.6 0.000354005 0.000362451 -0.000201035 8.07083e-05
6.625 0.000336864 0.00034483 -0.000192628 7.61009e-05
6.65 0.000320587 0.000328098 -0.000184586 7.17557e-05
6.675 0.000305127 0.000312209 -0.000176894 6.76574e-05
6.7 0.000290441 0.000297118 -0.000169535 6.37915e-05
6.725 0.000276488 0.000282782 -0.000162493 6.01444e-05
6.75 0.000263229 0.000269162 -0.000155756 5.67033e-05
6.775 0.000250628 0.00025622 -0.000149308 5.34562e-05
6.8 0.00023865 0.000243921 -0.000143137 5.03921e-05
6.825 0.000227262 0.000232229 -0.000137229 4.75002e-05
6.85 0.000216433 0.000221115 -0.000131573 4.47708e-05
6.875 0.000206134 0.000210546 -0.000126157 4.21945e-05
6.9 0.000196337 0.000200496 -0.000120971 3.97627e-05
6.925 0.000187017 0.000190937 -0.000116003 3.74671e-05
6.95 0.000178148 0.000181843 -0.000111243 3.53e-05
6.975 0.000169708 0.000173192 -0.000106683 3.32543e-05
7 0.000161675 0.000164959 -0.000102313 3.1323e-05
7.025 0.000154027 0.000157124 -9.8124e-05 2.94999e-05
7.05 0.000146745 0.000149666 -9.41082e-05 2.77789e-05
7.075 0.000139811 0.000142566 -9.02577e-05 2.61542e-05
7.1 0.000133207 0.000135807 -8.6565e-05 2.46207e-05
7.125 0.000126917 0.00012937 -8.30231e-05 2.31733e-05
7.15 0.000120925 0.00012324 -7.96253e-05 2.18072e-05
7.175 0.000115215 0.000117401 -7.63651e-05 2.05181e-05
7.2 0.000109775 0.00011184 -7.32365e-05 1.93016e-05
7.225 0.000104591 0.000106541 -7.02337e-05 1.81538e-05
7.25 9.965e-05 0.000101494 -6.73513e-05 1.70711e-05
7.275 9.49407e-05 9.66837e-05 -6.45841e-05 1.60498e-05
7.3 9.04519e-05 9.21005e-05 -6.19272e-05 1.50867e-05
7.325 8.61728e-05 8.77328e-05 -5.93758e-05 1.41785e-05
7.35 8.20936e-05 8.35704e-05 -5.69256e-05 1.33224e-05
7.375 7.82046e-05 7.96032e-05 -5.45724e-05 1.25154e-05
7.4 7.44968e-05 7.58222e-05 -5.23121e-05 1.1755e-05
7.425 7.09619e-05 7.22183e-05 -5.0141e-05 1.10386e-05
7.45 6.75916e-05 6.87833e-05 -4.80555e-05 1.03639e-05
7.475 6.43783e-05 6.55093e-05 -4.60522e-05 9.72854e-06
7.5 6.13147e-05 6.23886e-05 -4.41277e-05 9.13044e-06
7.525 5.8394e-05 5.94143e-05 -4.22791e-05 8.56756e-06
7.55 5.56096e-05 5.65794e-05 -4.05034e-05 8.038e-06
7.575 5.29553e-05 5.38777e-05 -3.87978e-05 7.53993e-06
7.6 5.04251e-05 5.13029e-05 -3.71597e-05 7.07164e-06
7.625 4.80135e-05 4.88493e-05 -3.55864e-05 6.63147e-06
7.65 4.57151e-05 4.65114e-05 -3.40756e-05 6.2179e-06
7.675 4.35247e-05 4.42838e-05 -3.2625e-05 5.82944e-06
7.7 4.14376e-05 4.21617e-05 -3.12323e-05 5.46469e-06
7.725 3.94491e-05 4.01402e-05 -2.98955e-05 5.12234e-06
7.75 3.75549e-05 3.82147e-05 -2.86125e-05 4.80113e-06
7.775 3.57506e-05 3.6381e-05 -2.73813e-05 4.49986e-06
7.8 3.40323e-05 3.4635e-05 -2.62002e-05 4.2174e-06
7.825 3.23962e-05 3.29726e-05 -2.50673e-05 3.95267e-06
7.85 3.08386e-05 3.13902e-05 -2.39809e-05 3.70465e-06
7.875 2.9356e-05 2.9884e-05 -2.29393e-05 3.47238e-06
7.9 2.7945e-05 2.84507e-05 -2.19409e-05 3.25492e-06
7.925 2.66025e-05 2.7087e-05 -2.09842e-05 3.05142e-06
7.95 2.53253e-05 2.57898e-05 -2.00677e-05 2.86103e-06
7.975 2.41105e-05 2.45559e-05 -1.91899e-05 2.68298e-06
8 2.29552e-05 2.33825e-05 -1.83495e-05 2.51651e-06
8.025 2.18569e-05 2.22669e-05 -1.7545e-05 2.36092e-06
8.05 2.08128e-05 2.12063e-05 -1.67752e-05 2.21555e-06
8.075 1.98206e-05 2.01983e-05 -1.60388e-05 2.07975e-06
8.1 1.88777e-05 1.92404e-05 -1.53346e-05 1.95292e-06
8.125 1.7982e-05 1.83303e-05 -1.46613e-05 1.8345e-06
8.15 1.71311e-05 1.74656e-05 -1.40177e-05 1.72395e-06
8.175 1.63231e-05 1.66444e-05 -1.34028e-05 1.62076e-06
8.2 1.55558e-05 1.58644e-05 -1.28155e-05 1.52445e-06
8.225 1.48273e-05 1.51237e-05 -1.22546e-05 1.43456e-06
8.25 1.41358e-05 1.44205e-05 -1.17191e-05 1.35067e-06
8.275 1.34795e-05 1.37528e-05 -1.12081e-05 1.27238e-06
8.3 1.28566e-05 1.3119e-05 -1.07204e-05 1.1993e-06
8.325 1.22655e-05 1.25174e-05 -1.02553e-05 1.13108e-06
8.35 1.17046e-05 1.19464e-05 -9.81164e-06 1.06738e-06
8.375 1.11725e-05 1.14045e-05 -9.38866e-06 1.00789e-06
8.4 1.06676e-05 1.08901e-05 -8.98545e-06 9.52316e-07
8.425 1.01887e-05 1.04019e-05 -8.60117e-06 9.00374e-07
8.45 9.73425e-06 9.9386e-06 -8.23499e-06 8.51807e-07
8.475 9.30315e-06 9.49887e-06 -7.88612e-06 8.06374e-07
8.5 8.89415e-06 9.0815e-06 -7.55381e-06 7.63849e-07
8.525 8.50609e-06 8.68534e-06 -7.2373e-06 7.2402e-07
8.55 8.13788e-06 8.30926e-06 -6.93588e-06 6.86692e-07
8.575 7.78846e-06 7.95223e-06 -6.64886e-06 6.5168e-07
8.6 7.45685e-06 7.61322e-06 -6.37559e-06 6.18817e-07
8.625 7.14208e-06 7.29129e-06 -6.11541e-06 5.87943e-07
8.65 6.84325e-06 6.98553e-06 -5.86771e-06 5.58913e-07
8.675 6.55951e-06 6.69508e-06 -5.63189e-06 5.31592e-07
8.7 6.29004e-06 6.4191e-06 -5.40739e-06 5.05854e-07
8.725 6.03406e-06 6.15683e-06 -5.19366e-06 4.81585e-07
8.75 5.79084e-06 5.90753e-06 -4.99017e-06 4.58677e-07
8.775 5.55967e-06 5.67049e-06 -4.79642e-06 4.37033e-07
8.8 5.33989e-06 5.44504e-06 -4.61192e-06 4.16561e-07
8.825 5.13088e-06 5.23057e-06 -4.43621e-06 3.97179e-07
8.85 4.93205e-06 5.02647e-06 -4.26885e-06 3.78811e-07
8.875 4.74281e-06 4.83218e-06 -4.10941e-06 3.61385e-07
8.9 4.56266e-06 4.64716e-06 -3.95748e-06 3.44838e-07
8.925 4.39107e-06 4.4709e-06 -3.81268e-06 3.2911e-07
8.95 4.22757e-06 4.30292e-06 -3.67463e-06 3.14146e-07
8.975 4.0717e-06 4.14277e-06 -3.54297e-06 2.99897e-07
9 3.92304e-06 3.99001e-06 -3.41738e-06 2.86317e-07
9.025 3.78118e-06 3.84424e-06 -3.29752e-06 2.73363e-07
9.05 3.64574e-06 3.70507e-06 -3.18308e-06 2.60997e-07
9.075 3.51635e-06 3.57213e-06 -3.07376e-06 2.49183e-07
9.1 3.39266e-06 3.44507e-06 -2.96929e-06 2.37888e-07
9.125 3.27435e-06 3.32356e-06 -2.8694e-06 2.27081e-07
9.15 3.16111e-06 3.20729e-06 -2.77382e-06 2.16736e-07
9.175 3.05264e-06 3.09595e-06 -2.68231e-06 2.06825e-07
9.2 2.94868e-06 2.98928e-06 -2.59463e-06 1.97324e-07
9.225 2.84894e-06 2.88699e-06 -2.51056e-06 1.88212e-07
9.25 2.75319e-06 2.78883e-06 -2.42989e-06 1.79468e-07
9.275 2.66119e-06 2.69456e-06 -2.35242e-06 1.71072e-07
9.3 2.57271e-06 2.60396e-06 -2.27795e-06 1.63006e-07
9.325 2.48754e-06 2.5168e-06 -2.2063e-06 1.55253e-07
9.35 2.40549e-06 2.43288e-06 -2.13729e-06 1.47799e-07
9.375 2.32636e-06 2.35201e-06 -2.07075e-06 1.40627e-07
9.4 2.24997e-06 2.27399e-06 -2.00655e-06 1.33725e-07
9.425 2.17616e-06 2.19867e-06 -1.94451e-06 1.27079e-07
9.45 2.10476e-06 2.12586e-06 -1.88451e-06 1.20678e-07
9.475 2.03564e-06 2.05543e-06 -1.82641e-06 1.1451e-07
9.5 1.96865e-06 1.98721e-06 -1.77008e-06 1.08564e-07
9.525 1.90366e-06 1.92109e-06 -1.71543e-06 1.02832e-07
9.55 1.84055e-06 1.85693e-06 -1.66232e-06 9.73045e-08
9.575 1.77921e-06 1.79462e-06 -1.61067e-06 9.19723e-08
9.6 1.71954e-06 1.73404e-06 -1.56038e-06 8.68282e-08
9.625 1.66144e-06 1.6751e-06 -1.51137e-06 8.1865e-08
9.65 1.60482e-06 1.6177e-06 -1.46355e-06 7.70762e-08
9.675 1.5496e-06 1.56177e-06 -1.41686e-06 7.24559e-08
9.7 1.49571e-06 1.50722e-06 -1.37123e-06 6.79988e-08
9.725 1.44309e-06 1.45399e-06 -1.32659e-06 6.37001e-08
9.75 1.39169e-06 1.40202e-06 -1.28291e-06 5.95553e-08
9.775 1.34144e-06 1.35125e-06 -1.24013e-06 5.55608e-08
9.8 1.29231e-06 1.30164e-06 -1.19821e-06 5.1713e-08
9.825 1.24426e-06 1.25314e-06 -1.15713e-06 4.80091e-08
9.85 1.19726e-06 1.20573e-06 -1.11684e-06 4.44464e-08
9.875 1.15129e-06 1.15937e-06 -1.07733e-06 4.10228e-08
9.9 1.10631e-06 1.11404e-06 -1.03857e-06 3.77363e-08
9.925 1.06232e-06 1.06973e-06 -1.00056e-06 3.45854e-08
9.95 1.01931e-06 1.02642e-06 -9.63284e-07 3.15686e-08
9.975 9.77273e-07 9.84103e-07 -9.26734e-07 2.86848e-08
10 9.36198e-07 9.42774e-07 -8.90908e-07 2.5933e-08
10.025 8.9609e-07 9.02432e-07 -8.55808e-07 2.33123e-08
10.05 8.56951e-07 8.6308e-07 -8.21436e-07 2.08218e-08
10.075 8.18788e-07 8.24721e-07 -7.87799e-07 1.84609e-08
10.1 7.81607e-07 7.87362e-07 -7.54905e-07 1.62286e-08
10.125 7.45418e-07 7.51011e-07 -7.22763e-07 1.41242e-08
10.15 7.1023e-07 7.15678e-07 -6.91384e-07 1.21467e-08
10.175 6.76054e-07 6.81372e-07 -6.60781e-07 1.02952e-08
10.2 6.42902e-07 6.48103e-07 -6.30966e-07 8.56836e-09
10.225 6.10783e-07 6.15882e-07 -6.01952e-07 6.96489e-09
10.25 5.79708e-07 5.84718e-07 -5.73752e-07 5.48321e-09
10.275 5.49688e-07 5.54621e-07 -5.46378e-07 4.12151e-09
10.3 5.20729e-07 5.25597e-07 -5.19841e-07 2.87773e-09
10.325 4.92838e-07 4.97653e-07 -4.94154e-07 1.74955e-09
10.35 4.66021e-07 4.70793e-07 -4.69325e-07 7.34364e-10
10.375 4.40281e-07 4.4502e-07 -4.45362e-07 -1.70712e-10
10.4 4.15618e-07 4.20333e-07 -4.22271e-07 -9.68859e-10
10.425 3.9203e-07 3.96731e-07 -4.00058e-07 -1.66355e-09
10.45 3.69513e-07 3.74207e-07 -3.78724e-07 -2.25852e-09
10.475 3.48061e-07 3.52755e-07 -3.58271e-07 -2.75783e-09
10.5 3.27663e-07 3.32364e-07 -3.38695e-07 -3.16574e-09
10.525 3.08307e-07 3.1302e-07 -3.19994e-07 -3.48681e-09
10.55 2.89978e-07 2.94708e-07 -3.0216e-07 -3.72579e-09
10.575 2.72658e-07 2.77409e-07 -2.85184e-07 -3.88766e-09
10.6 2.56326e-07 2.61101e-07 -2.69056e-07 -3.97757e-09
10.625 2.40958e-07 2.45759e-07 -2.53761e-07 -4.00082e-09
10.65 2.26529e-07 2.31358e-07 -2.39284e-07 -3.96282e-09
10.675 2.13011e-07 2.17869e-07 -2.25607e-07 -3.86907e-09
10.7 2.00374e-07 2.05259e-07 -2.12709e-07 -3.72515e-09
10.725 1.88585e-07 1.93497e-07 -2.0057e-07 -3.53662e-09
10.75 1.77609e-07 1.82547e-07 -1.89165e-07 -3.30905e-09
10.775 1.67413e-07 1.72373e-07 -1.78469e-07 -3.04796e-09
10.8 1.57958e-07 1.62937e-07 -1.68455e-07 -2.75877e-09
10.825 1.49208e-07 1.54201e-07 -1.59095e-07 -2.44679e-09
10.85 1.41123e-07 1.46126e-07 -1.50361e-07 -2.11717e-09
10.875 1.33664e-07 1.38672e-07 -1.42222e-07 -1.77489e-09
10.9 1.26792e-07 1.318e-07 -1.34649e-07 -1.42471e-09
10.925 1.20468e-07 1.25468e-07 -1.27611e-07 -1.07113e-09
10.95 1.14652e-07 1.19639e-07 -1.21076e-07 -7.1841e-10
10.975 1.09307e-07 1.14273e-07 -1.15014e-07 -3.70501e-10
11 1.04394e-07 1.09332e-07 -1.09394e-07 -3.10488e-11
11.025 9.98769e-08 1.04779e-07 -1.04186e-07 2.96626e-10
11.05 9.57202e-08 1.00579e-07 -9.93602e-08 6.09548e-10
11.075 9.18897e-08 9.6698e-08 -9.48879e-08 9.05091e-10
11.1 8.8353e-08 9.31029e-08 -9.0741e-08 1.18099e-09
11.125 8.50794e-08 8.97634e-08 -8.68927e-08 1.43535e-09
11.15 8.204e-08 8.66506e-08 -8.33174e-08 1.66662e-09
11.175 7.9208e-08 8.37381e-08 -7.99908e-08 1.87364e-09
11.2 7.65585e-08 8.10013e-08 -7.68901e-08 2.05559e-09
11.225 7.40689e-08 7.84178e-08 -7.39938e-08 2.212e-09
11.25 7.17189e-08 7.59677e-08 -7.12823e-08 2.34272e-09
11.275 6.94902e-08 7.36332e-08 -6.87373e-08 2.44796e-09
11.3 6.73667e-08 7.13987e-08 -6.63423e-08 2.5282e-09
11.325 6.53346e-08 6.92508e-08 -6.40824e-08 2.58423e-09
11.35 6.33822e-08 6.71785e-08 -6.19444e-08 2.61707e-09
11.375 6.14999e-08 6.51727e-08 -5.99166e-08 2.62803e-09
11.4 5.96801e-08 6.32262e-08 -5.79891e-08 2.61858e-09
11.425 5.79169e-08 6.1334e-08 -5.61531e-08 2.59044e-09
11.45 5.62064e-08 5.94926e-08 -5.44017e-08 2.54545e-09
11.475 5.45461e-08 5.77003e-08 -5.27291e-08 2.4856e-09
11.5 5.29353e-08 5.59568e-08 -5.11308e-08 2.41298e-09
11.525 5.13744e-08 5.42631e-08 -4.96035e-08 2.32979e-09
11.55 4.9865e-08 5.26215e-08 -4.8145e-08 2.23824e-09
11.575 4.84097e-08 5.10352e-08 -4.67539e-08 2.1406e-09
11.6 4.7012e-08 4.95081e-08 -4.54298e-08 2.03912e-09
11.625 4.56761e-08 4.80449e-08 -4.41729e-08 1.93601e-09
11.65 4.44065e-08 4.66507e-08 -4.29838e-08 1.83347e-09
11.675 4.32082e-08 4.5331e-08 -4.18638e-08 1.73357e-09
11.7 4.20864e-08 4.40911e-08 -4.08144e-08 1.63833e-09
11.725 4.1046e-08 4.29366e-08 -3.98373e-08 1.54963e-09
11.75 4.0092e-08 4.18727e-08 -3.89342e-08 1.46922e-09
11.775 3.9229e-08 4.09043e-08 -3.81069e-08 1.39869e-09
11.8 3.84612e-08 4.00358e-08 -3.73568e-08 1.33948e-09
11.825 3.77921e-08 3.9271e-08 -3.66853e-08 1.29284e-09
11.85 3.72249e-08 3.8613e-08 -3.60933e-08 1.25985e-09
11.875 3.67615e-08 3.80642e-08 -3.55814e-08 1.24138e-09
11.9 3.64033e-08 3.76258e-08 -3.51496e-08 1.23811e-09
11.925 3.61508e-08 3.72984e-08 -3.47974e-08 1.25052e-09
11.95 3.60033e-08 3.70813e-08 -3.45235e-08 1.27889e-09
11.975 3.59593e-08 3.6973e-08 -3.43264e-08 1.32329e-09
12 3.60161e-08 3.69706e-08 -3.42034e-08 1.38361e-09
12.025 3.61702e-08 3.70706e-08 -3.41515e-08 1.45954e-09
12.05 3.64169e-08 3.7268e-08 -3.41668e-08 1.55058e-09
12.075 3.67505e-08 3.7557e-08 -3.42449e-08 1.65607e-09
12.1 3.71644e-08 3.79309e-08 -3.43805e-08 1.77517e-09
12.125 3.76511e-08 3.83818e-08 -3.4568e-08 1.90692e-09
12.15 3.82021e-08 3.89012e-08 -3.48009e-08 2.05018e-09
12.175 3.88084e-08 3.94797e-08 -3.50722e-08 2.20371e-09
12.2 3.94602e-08 4.0107e-08 -3.53747e-08 2.36616e-09
12.225 4.01468e-08 4.07725e-08 -3.57004e-08 2.53609e-09
12.25 4.08575e-08 4.14651e-08 -3.60411e-08 2.71198e-09
12.275 4.15809e-08 4.2173e-08 -3.63885e-08 2.89223e-09
12.3 4.23054e-08 4.28844e-08 -3.67339e-08 3.07524e-09
12.325 4.30193e-08 4.35872e-08 -3.70685e-08 3.25935e-09
12.35 4.37107e-08 4.42694e-08 -3.73836e-08 3.4429e-09
12.375 4.4368e-08 4.49189e-08 -3.76704e-08 3.62425e-09
12.4 4.49796e-08 4.55241e-08 -3.79205e-08 3.80175e-09
12.425 4.55343e-08 4.60733e-08 -3.81257e-08 3.97384e-09
12.45 4.60214e-08 4.65558e-08 -3.82778e-08 4.13897e-09
12.475 4.64307e-08 4.69609e-08 -3.83695e-08 4.29568e-09
12.5 4.67525e-08 4.7279e-08 -3.83938e-08 4.44258e-09
12.525 4.69782e-08 4.7501e-08 -3.83443e-08 4.57837e-09
12.55 4.70998e-08 4.76189e-08 -3.82151e-08 4.70188e-09
12.575 4.71101e-08 4.76254e-08 -3.80013e-08 4.81201e-09
12.6 4.70033e-08 4.75144e-08 -3.76988e-08 4.90782e-09
12.625 4.67744e-08 4.72809e-08 -3.7304e-08 4.98848e-09
12.65 4.64196e-08 4.69211e-08 -3.68145e-08 5.05328e-09
12.675 4.59363e-08 4.64322e-08 -3.62288e-08 5.10167e-09
12.7 4.53232e-08 4.58128e-08 -3.55463e-08 5.13324e-09
12.725 4.458e-08 4.50627e-08 -3.47673e-08 5.14771e-09
12.75 4.37079e-08 4.41832e-08 -3.38933e-08 5.14494e-09
12.775 4.27094e-08 4.31765e-08 -3.29266e-08 5.12496e-09
12.8 4.1588e-08 4.20464e-08 -3.18706e-08 5.08791e-09
12.825 4.03486e-08 4.07979e-08 -3.07297e-08 5.03409e-09
12.85 3.89974e-08 3.9437e-08 -2.95092e-08 4.9639e-09
12.875 3.75416e-08 3.79712e-08 -2.82154e-08 4.8779e-09
12.9 3.59897e-08 3.6409e-08 -2.68554e-08 4.77676e-09
12.925 3.4351e-08 3.47599e-08 -2.54373e-08 4.66127e-09
12.95 3.26361e-08 3.30345e-08 -2.39698e-08 4.53231e-09
12.975 3.08563e-08 3.12443e-08 -2.24626e-08 4.39086e-09
13 2.90239e-08 2.94018e-08 -2.09257e-08 4.23801e-09
13.025 2.71519e-08 2.752e-08 -1.93702e-08 4.07491e-09
13.05 2.52539e-08 2.56128e-08 -1.78072e-08 3.90278e-09
13.075 2.33441e-08 2.36945e-08 -1.62487e-08 3.7229e-09
13.1 2.14372e-08 2.178e-08 -1.47069e-08 3.53659e-09
13.125 1.95483e-08 1.98845e-08 -1.31941e-08 3.34524e-09
13.15 1.76926e-08 1.80235e-08 -1.17231e-08 3.15021e-09
13.175 1.58856e-08 1.62124e-08 -1.03066e-08 2.95293e-09
13.2 1.41427e-08 1.4467e-08 -8.95742e-09 2.7548e-09
13.225 1.24793e-08 1.28028e-08 -7.68833e-09 2.55722e-09
13.25 1.09107e-08 1.12351e-08 -6.51189e-09 2.36159e-09
13.275 9.4517e-09 9.77897e-09 -5.44041e-09 2.16928e-09
13.3 8.1169e-09 8.44913e-09 -4.48591e-09 1.98161e-09
13.325 6.92032e-09 7.25971e-09 -3.65997e-09 1.79987e-09
13.35 5.87545e-09 6.22431e-09 -2.9737e-09 1.6253e-09
13.375 4.99507e-09 5.35582e-09 -2.43766e-09 1.45908e-09
13.4 4.29123e-09 4.66638e-09 -2.06174e-09 1.30232e-09
13.425 3.77516e-09 4.1673e-09 -1.85518e-09 1.15606e-09
13.45 3.45716e-09 3.86894e-09 -1.82642e-09 1.02126e-09
13.475 3.34659e-09 3.78073e-09 -1.98312e-09 8.98808e-10
13.5 3.45177e-09 3.91103e-09 -2.33204e-09 7.89492e-10
13.525 3.77996e-09 4.26712e-09 -2.87909e-09 6.94019e-10
13.55 4.33731e-09 4.85518e-09 -3.62918e-09 6.12999e-10
13.575 5.1288e-09 5.68018e-09 -4.58628e-09 5.4695e-10
13.6 6.15826e-09 6.74595e-09 -5.75337e-09 4.9629e-10
13.625 7.42831e-09 8.05509e-09 -7.1324e-09 4.61345e-10
13.65 8.94037e-09 9.60898e-09 -8.7243e-09 4.42341e-10
13.675 1.06947e-08 1.14078e-08 -1.0529e-08 4.39408e-10
13.7 1.26902e-08 1.34505e-08 -1.25453e-08 4.52584e-10
13.725 1.49248e-08 1.57348e-08 -1.47711e-08 4.81812e-10
13.75 1.73951e-08 1.82573e-08 -1.72034e-08 5.26947e-10
13.775 2.00966e-08 2.10133e-08 -1.98378e-08 5.87753e-10
13.8 2.30237e-08 2.39973e-08 -2.26695e-08 6.63914e-10
13.825 2.61698e-08 2.72023e-08 -2.56923e-08 7.55032e-10
13.85 2.9527e-08 3.06206e-08 -2.88993e-08 8.60634e-10
13.875 3.30867e-08 3.42432e-08 -3.22829e-08 9.80178e-10
13.9 3.68393e-08 3.80605e-08 -3.58344e-08 1.11305e-09
13.925 4.07743e-08 4.20618e-08 -3.95446e-08 1.25859e-09
13.95 4.48803e-08 4.62356e-08 -4.34035e-08 1.41606e-09
13.975 4.91453e-08 5.05697e-08 -4.74003e-08 1.58468e-09
14 5.35566e-08 5.50512e-08 -5.15239e-08 1.76365e-09
14.025 5.81009e-08 5.96666e-08 -5.57624e-08 1.95209e-09
14.05 6.27644e-08 6.4402e-08 -6.01037e-08 2.14912e-09
14.075 6.75326e-08 6.92428e-08 -6.45351e-08 2.35383e-09
14.1 7.23909e-08 7.41741e-08 -6.90436e-08 2.56526e-09
14.125 7.73245e-08 7.91808e-08 -7.36159e-08 2.78247e-09
14.15 8.23179e-08 8.42476e-08 -7.82386e-08 3.0045e-09
14.175 8.73559e-08 8.93587e-08 -8.2898e-08 3.23037e-09
14.2 9.24229e-08 9.44987e-08 -8.75805e-08 3.45911e-09
14.225 9.75037e-08 9.96519e-08 -9.22724e-08 3.68978e-09
14.25 1.02583e-07 1.04803e-07 -9.69599e-08 3.9214e-09
14.275 1.07645e-07 1.09936e-07 -1.0163e-07 4.15306e-09
14.3 1.12675e-07 1.15036e-07 -1.06268e-07 4.38382e-09
14.325 1.17658e-07 1.20087e-07 -1.10862e-07 4.61281e-09
14.35 1.22579e-07 1.25077e-07 -1.15398e-07 4.83916e-09
14.375 1.27425e-07 1.29989e-07 -1.19865e-07 5.06203e-09
14.4 1.32183e-07 1.34811e-07 -1.24249e-07 5.28063e-09
14.425 1.36837e-07 1.39528e-07 -1.2854e-07 5.49419e-09
14.45 1.41377e-07 1.44129e-07 -1.32725e-07 5.70199e-09
14.475 1.4579e-07 1.48601e-07 -1.36794e-07 5.90336e-09
14.5 1.50065e-07 1.52932e-07 -1.40737e-07 6.09764e-09
14.525 1.5419e-07 1.57112e-07 -1.44543e-07 6.28427e-09
14.55 1.58156e-07 1.61129e-07 -1.48204e-07 6.46268e-09
14.575 1.61953e-07 1.64976e-07 -1.51711e-07 6.63238e-09
14.6 1.65573e-07 1.68642e-07 -1.55057e-07 6.79293e-09
14.625 1.69007e-07 1.72121e-07 -1.58233e-07 6.94393e-09
14.65 1.72248e-07 1.75404e-07 -1.61234e-07 7.08501e-09
14.675 1.7529e-07 1.78484e-07 -1.64053e-07 7.21588e-09
14.7 1.78128e-07 1.81358e-07 -1.66685e-07 7.3363e-09
14.725 1.80756e-07 1.84018e-07 -1.69126e-07 7.44603e-09
14.75 1.83169e-07 1.86462e-07 -1.71372e-07 7.54494e-09
14.775 1.85366e-07 1.88685e-07 -1.73419e-07 7.63291e-09
14.8 1.87343e-07 1.90686e-07 -1.75266e-07 7.70985e-09
14.825 1.89098e-07 1.92462e-07 -1.7691e-07 7.77576e-09
14.85 1.9063e-07 1.94012e-07 -1.7835e-07 7.83064e-09
14.875 1.91939e-07 1.95335e-07 -1.79586e-07 7.87454e-09
14.9 1.93025e-07 1.96433e-07 -1.80618e-07 7.90757e-09
14.925 1.93888e-07 1.97305e-07 -1.81445e-07 7.92984e-09
14.95 1.94532e-07 1.97954e-07 -1.82071e-07 7.94153e-09
14.975 1.94957e-07 1.98382e-07 -1.82496e-07 7.94282e-09
15 1.95167e-07 1.98591e-07 -1.82723e-07 7.93394e-09
15.025 1.95164e-07 1.98585e-07 -1.82755e-07 7.91515e-09
15.05 1.94954e-07 1.98368e-07 -1.82595e-07 7.88672e-09
15.075 1.94539e-07 1.97945e-07 -1.82247e-07 7.84895e-09
15.1 1.93926e-07 1.97319e-07 -1.81715e-07 7.80216e-09
15.125 1.93119e-07 1.96498e-07 -1.81004e-07 7.74669e-09
15.15 1.92124e-07 1.95485e-07 -1.80119e-07 7.6829e-09
15.175 1.90947e-07 1.94288e-07 -1.79066e-07 7.61117e-09
15.2 1.89594e-07 1.92913e-07 -1.7785e-07 7.53187e-09
15.225 1.88073e-07 1.91367e-07 -1.76476e-07 7.4454e-09
15.25 1.86389e-07 1.89657e-07 -1.74952e-07 7.35216e-09
15.275 1.84551e-07 1.87789e-07 -1.73284e-07 7.25256e-09
15.3 1.82566e-07 1.85772e-07 -1.71478e-07 7.147e-09
15.325 1.8044e-07 1.83613e-07 -1.69541e-07 7.03592e-09
15.35 1.78182e-07 1.81319e-07 -1.6748e-07 6.91971e-09
15.375 1.758e-07 1.789e-07 -1.65302e-07 6.79879e-09
15.4 1.73301e-07 1.76361e-07 -1.63014e-07 6.67358e-09
15.425 1.70693e-07 1.73712e-07 -1.60624e-07 6.54448e-09
15.45 1.67984e-07 1.70961e-07 -1.58137e-07 6.41189e-09
15.475 1.65182e-07 1.68115e-07 -1.55563e-07 6.27622e-09
15.5 1.62295e-07 1.65182e-07 -1.52907e-07 6.13784e-09
15.525 1.5933e-07 1.62171e-07 -1.50176e-07 5.99715e-09
15.55 1.56295e-07 1.59088e-07 -1.47379e-07 5.8545e-09
15.575 1.53197e-07 1.55942e-07 -1.44521e-07 5.71026e-09
15.6 1.50045e-07 1.52739e-07 -1.4161e-07 5.56477e-09
15.625 1.46845e-07 1.49489e-07 -1.38652e-07 5.41837e-09
15.65 1.43604e-07 1.46196e-07 -1.35654e-07 5.27138e-09
15.675 1.4033e-07 1.4287e-07 -1.32621e-07 5.12412e-09
15.7 1.37028e-07 1.39515e-07 -1.29562e-07 4.97687e-09
15.725 1.33706e-07 1.3614e-07 -1.2648e-07 4.82992e-09
15.75 1.3037e-07 1.32751e-07 -1.23384e-07 4.68353e-09
15.775 1.27026e-07 1.29353e-07 -1.20277e-07 4.53797e-09
15.8 1.2368e-07 1.25952e-07 -1.17165e-07 4.39347e-09
15.825 1.20337e-07 1.22555e-07 -1.14054e-07 4.25024e-09
15.85 1.17003e-07 1.19166e-07 -1.10949e-07 4.10851e-09
15.875 1.13682e-07 1.15792e-07 -1.07855e-07 3.96847e-09
15.9 1.10381e-07 1.12436e-07 -1.04775e-07 3.83029e-09
15.925 1.07102e-07 1.09103e-07 -1.01715e-07 3.69415e-09
15.95 1.03852e-07 1.05798e-07 -9.86781e-08 3.56019e-09
15.975 1.00633e-07 1.02526e-07 -9.56686e-08 3.42856e-09
16 9.74489e-08 9.9289e-08 -9.26902e-08 3.29939e-09
16.025 9.43044e-08 9.60916e-08 -8.97461e-08 3.17277e-09
16.05 9.12022e-08 9.29371e-08 -8.68394e-08 3.04882e-09
16.075 8.81453e-08 8.98284e-08 -8.39732e-08 2.92762e-09
16.1 8.51367e-08 8.67686e-08 -8.11501e-08 2.80925e-09
16.125 8.21788e-08 8.37601e-08 -7.83725e-08 2.69377e-09
16.15 7.92739e-08 8.08053e-08 -7.56428e-08 2.58124e-09
16.175 7.64242e-08 7.79064e-08 -7.2963e-08 2.47169e-09
16.2 7.36314e-08 7.50652e-08 -7.03349e-08 2.36517e-09
16.225 7.08973e-08 7.22834e-08 -6.77601e-08 2.26169e-09
16.25 6.82233e-08 6.95626e-08 -6.524e-08 2.16127e-09
16.275 6.56105e-08 6.69038e-08 -6.2776e-08 2.06392e-09
16.3 6.306e-08 6.43082e-08 -6.03689e-08 1.96964e-09
16.325 6.05727e-08 6.17767e-08 -5.80199e-08 1.87842e-09
16.35 5.81492e-08 5.93099e-08 -5.57294e-08 1.79023e-09
16.375 5.579e-08 5.69083e-08 -5.34981e-08 1.70507e-09
16.4 5.34953e-08 5.45722e-08 -5.13264e-08 1.6229e-09
16.425 5.12654e-08 5.23019e-08 -4.92145e-08 1.54368e-09
16.45 4.91003e-08 5.00973e-08 -4.71625e-08 1.46739e-09
16.475 4.69999e-08 4.79583e-08 -4.51704e-08 1.39397e-09
16.5 4.49638e-08 4.58848e-08 -4.3238e-08 1.32337e-09
16.525 4.29918e-08 4.38762e-08 -4.13651e-08 1.25556e-09
16.55 4.10833e-08 4.19322e-08 -3.95513e-08 1.19047e-09
16.575 3.92377e-08 4.00521e-08 -3.7796e-08 1.12804e-09
16.6 3.74544e-08 3.82353e-08 -3.60988e-08 1.06821e-09
16.625 3.57326e-08 3.64809e-08 -3.4459e-08 1.01093e-09
16.65 3.40713e-08 3.4788e-08 -3.28758e-08 9.56128e-10
16.675 3.24697e-08 3.31558e-08 -3.13483e-08 9.03737e-10
16.7 3.09267e-08 3.15832e-08 -2.98758e-08 8.53691e-10
16.725 2.94413e-08 3.00691e-08 -2.84572e-08 8.05923e-10
16.75 2.80124e-08 2.86124e-08 -2.70917e-08 7.60363e-10
16.775 2.66387e-08 2.72119e-08 -2.5778e-08 7.16943e-10
16.8 2.5319e-08 2.58663e-08 -2.45152e-08 6.75593e-10
16.825 2.40522e-08 2.45745e-08 -2.3302e-08 6.36243e-10
16.85 2.28369e-08 2.33351e-08 -2.21374e-08 5.98824e-10
16.875 2.16717e-08 2.21467e-08 -2.10202e-08 5.63269e-10
16.9 2.05555e-08 2.10081e-08 -1.9949e-08 5.29507e-10
16.925 1.94868e-08 1.99178e-08 -1.89228e-08 4.97473e-10
16.95 1.84642e-08 1.88745e-08 -1.79403e-08 4.67098e-10
16.975 1.74864e-08 1.78768e-08 -1.70002e-08 4.38319e-10
17 1.65521e-08 1.69234e-08 -1.61012e-08 4.11069e-10
17.025 1.56599e-08 1.60128e-08 -1.52422e-08 3.85285e-10
17.05 1.48084e-08 1.51436e-08 -1.44218e-08 3.60907e-10
17.075 1.39962e-08 1.43146e-08 -1.36388e-08 3.37872e-10
17.1 1.32221e-08 1.35242e-08 -1.2892e-08 3.16122e-10
17.125 1.24847e-08 1.27713e-08 -1.21801e-08 2.95598e-10
17.15 1.17826e-08 1.20543e-08 -1.15018e-08 2.76246e-10
17.175 1.11146e-08 1.13721e-08 -1.08561e-08 2.5801e-10
17.2 1.04794e-08 1.07233e-08 -1.02417e-08 2.40837e-10
17.225 9.87574e-09 1.01067e-08 -9.65735e-09 2.24677e-10
17.25 9.3024e-09 9.52097e-09 -9.10202e-09 2.09478e-10
17.275 8.75816e-09 8.96491e-09 -8.57453e-09 1.95195e-10
17.3 8.24186e-09 8.43733e-09 -8.07377e-09 1.81779e-10
17.325 7.75232e-09 7.93704e-09 -7.59866e-09 1.69188e-10
17.35 7.28843e-09 7.4629e-09 -7.14815e-09 1.57377e-10
17.375 6.84909e-09 7.01381e-09 -6.7212e-09 1.46306e-10
17.4 6.43323e-09 6.58867e-09 -6.3168e-09 1.35934e-10
17.425 6.03981e-09 6.18642e-09 -5.93397e-09 1.26225e-10
17.45 5.66783e-09 5.80605e-09 -5.57177e-09 1.17141e-10
17.475 5.31631e-09 5.44656e-09 -5.22927e-09 1.08647e-10
17.5 4.9843e-09 5.10699e-09 -4.90557e-09 1.00711e-10
17.525 4.6709e-09 4.7864e-09 -4.5998e-09 9.32999e-11
17.55 4.37521e-09 4.4839e-09 -4.31114e-09 8.6384e-11
17.575 4.09638e-09 4.19862e-09 -4.03875e-09 7.9934e-11
17.6 3.83359e-09 3.92972e-09 -3.78187e-09 7.39223e-11
17.625 3.58605e-09 3.67638e-09 -3.53974e-09 6.83228e-11
17.65 3.35299e-09 3.43784e-09 -3.31162e-09 6.31103e-11
17.675 3.13368e-09 3.21335e-09 -3.09683e-09 5.82612e-11
17.7 2.92742e-09 3.00218e-09 -2.89467e-09 5.3753e-11
17.725 2.73352e-09 2.80365e-09 -2.70452e-09 4.95642e-11
17.75 2.55134e-09 2.61709e-09 -2.52574e-09 4.56748e-11
17.775 2.38025e-09 2.44188e-09 -2.35775e-09 4.20655e-11
17.8 2.21967e-09 2.2774e-09 -2.19997e-09 3.87183e-11
17.825 2.06902e-09 2.12308e-09 -2.05185e-09 3.56161e-11
17.85 1.92775e-09 1.97835e-09 -1.91287e-09 3.27427e-11
17.875 1.79536e-09 1.84269e-09 -1.78253e-09 3.00829e-11
17.9 1.67133e-09 1.7156e-09 -1.66035e-09 2.76224e-11
17.925 1.55521e-09 1.59658e-09 -1.54589e-09 2.53476e-11
17.95 1.44653e-09 1.48519e-09 -1.4387e-09 2.32459e-11
17.975 1.34488e-09 1.38098e-09 -1.33837e-09 2.13053e-11
18 1.24983e-09 1.28354e-09 -1.24451e-09 1.95146e-11
18.025 1.16101e-09 1.19246e-09 -1.15674e-09 1.78632e-11
18.05 1.07805e-09 1.10738e-09 -1.0747e-09 1.63413e-11
18.075 1.0006e-09 1.02794e-09 -9.98063e-10 1.49395e-11
18.1 9.28317e-10 9.538e-10 -9.26501e-10 1.36493e-11
18.125 8.60898e-10 8.84635e-10 -8.5971e-10 1.24625e-11
18.15 7.98044e-10 8.20145e-10 -7.97402e-10 1.13715e-11
18.175 7.39471e-10 7.6004e-10 -7.39302e-10 1.03692e-11
18.2 6.84913e-10 7.04049e-10 -6.85151e-10 9.449e-12
18.225 6.34119e-10 6.51913e-10 -6.34704e-10 8.60472e-12
18.25 5.8685e-10 6.0339e-10 -5.87729e-10 7.83059e-12
18.275 5.42882e-10 5.5825e-10 -5.44007e-10 7.12125e-12
18.3 5.02003e-10 5.16276e-10 -5.03332e-10 6.4717e-12
18.325 4.64013e-10 4.77263e-10 -4.65508e-10 5.8773e-12
18.35 4.28724e-10 4.41019e-10 -4.30351e-10 5.33372e-12
18.375 3.95958e-10 4.07362e-10 -3.97688e-10 4.83695e-12
18.4 3.65549e-10 3.76122e-10 -3.67356e-10 4.38327e-12
18.425 3.37339e-10 3.47139e-10 -3.392e-10 3.96922e-12
18.45 3.11181e-10 3.20259e-10 -3.13076e-10 3.59159e-12
18.475 2.86937e-10 2.95343e-10 -2.88849e-10 3.24742e-12
18.5 2.64476e-10 2.72257e-10 -2.66389e-10 2.93397e-12
18.525 2.43676e-10 2.50876e-10 -2.45578e-10 2.64869e-12
18.55 2.24423e-10 2.31082e-10 -2.26303e-10 2.38924e-12
18.575 2.06609e-10 2.12765e-10 -2.08458e-10 2.15345e-12
18.6 1.90134e-10 1.95823e-10 -1.91945e-10 1.93931e-12
18.625 1.74904e-10 1.8016e-10 -1.7667e-10 1.74498e-12
18.65 1.60831e-10 1.65684e-10 -1.62546e-10 1.56876e-12
18.675 1.47832e-10 1.52311e-10 -1.49493e-10 1.40908e-12
18.7 1.35831e-10 1.39964e-10 -1.37435e-10 1.26451e-12
18.725 1.24756e-10 1.28567e-10 -1.263e-10 1.13371e-12
18.75 1.14539e-10 1.18052e-10 -1.16021e-10 1.01546e-12
18.775 1.05118e-10 1.08356e-10 -1.06538e-10 9.08649e-13
18.8 9.64347e-11 9.94172e-11 -9.77927e-11 8.12248e-13
18.825 8.84347e-11 9.11808e-11 -8.97302e-11 7.25314e-13
18.85 8.10672e-11 8.35948e-11 -8.23008e-11 6.46984e-13
18.875 7.42849e-11 7.66105e-11 -7.54575e-11 5.76467e-13
18.9 6.80441e-11 7.01829e-11 -6.91568e-11 5.13041e-13
18.925 6.23039e-11 6.427e-11 -6.33579e-11 4.56043e-13
18.95 5.70261e-11 5.8833e-11 -5.80232e-11 4.04871e-13
18.975 5.21757e-11 5.38354e-11 -5.31175e-11 3.58971e-13
19 4.77198e-11 4.92438e-11 -4.86081e-11 3.17842e-13
19.025 4.36279e-11 4.50268e-11 -4.44647e-11 2.81023e-13
19.05 3.98719e-11 4.11553e-11 -4.06592e-11 2.48097e-13
19.075 3.64255e-11 3.76027e-11 -3.71653e-11 2.18684e-13
19.1 3.32646e-11 3.43438e-11 -3.39589e-11 1.92438e-13
19.125 3.03666e-11 3.13557e-11 -3.10176e-11 1.69044e-13
19.15 2.77108e-11 2.86168e-11 -2.83204e-11 1.48217e-13
19.175 2.52778e-11 2.61075e-11 -2.58481e-11 1.29698e-13
19.2 2.30499e-11 2.38093e-11 -2.35828e-11 1.13251e-13
19.225 2.10105e-11 2.17055e-11 -2.15081e-11 9.86642e-14
19.25 1.91445e-11 1.97802e-11 -1.96087e-11 8.57449e-14
19.275 1.74378e-11 1.8019e-11 -1.78704e-11 7.43188e-14
19.3 1.58774e-11 1.64086e-11 -1.62802e-11 6.42285e-14
19.325 1.44514e-11 1.49367e-11 -1.4826e-11 5.53321e-14
19.35 1.31486e-11 1.35918e-11 -1.34968e-11 4.75013e-14
19.375 1.19588e-11 1.23635e-11 -1.22822e-11 4.06206e-14
19.4 1.08728e-11 1.12421e-11 -1.11729e-11 3.45862e-14
19.425 9.88179e-12 1.02187e-11 -1.016e-11 2.93044e-14
19.45 8.97785e-12 9.28503e-12 -9.23565e-12 2.46912e-14
19.475 8.15364e-12 8.43365e-12 -8.39231e-12 2.06712e-14
19.5 7.40243e-12 7.65757e-12 -7.62322e-12 1.71767e-14
19.525 6.718e-12 6.9504e-12 -6.92211e-12 1.41472e-14
19.55 6.09465e-12 6.30626e-12 -6.28321e-12 1.15282e-14
19.575 5.52716e-12 5.71977e-12 -5.70122e-12 9.27147e-15
19.6 5.01072e-12 5.18596e-12 -5.17129e-12 7.33355e-15
19.625 4.5409e-12 4.70028e-12 -4.68893e-12 5.67585e-15
19.65 4.11367e-12 4.25857e-12 -4.25004e-12 4.26396e-15
19.675 3.7253e-12 3.857e-12 -3.85086e-12 3.06727e-15
19.7 3.3724e-12 3.49205e-12 -3.48793e-12 2.05858e-15
19.725 3.05185e-12 3.16051e-12 -3.15808e-12 1.21374e-15
19.75 2.76079e-12 2.85943e-12 -2.85841e-12 5.11353e-16
19.775 2.4966e-12 2.58612e-12 -2.58625e-12 -6.74998e-17
19.8 2.2569e-12 2.33811e-12 -2.33919e-12 -5.39547e-16
19.825 2.0395e-12 2.11314e-12 -2.11497e-12 -9.19541e-16
19.85 1.84239e-12 1.90914e-12 -1.91158e-12 -1.22047e-15
19.875 1.66374e-12 1.72423e-12 -1.72714e-12 -1.45376e-15
19.9 1.5019e-12 1.55669e-12 -1.55995e-12 -1.62942e-15
19.925 1.35532e-12 1.40493e-12 -1.40845e-12 -1.75623e-15
19.95 1.22262e-12 1.26753e-12 -1.27121e-12 -1.84185e-15
19.975 1.10253e-12 1.14317e-12 -1.14695e-12 -1.89296e-15
20 9.9389e-13 1.03065e-12 -1.03448e-12 -1.91537e-15
