0 4.82711e-09 4.36805e-09 -3.39019e-10 2.01451e-09
0.025 4.82711e-09 4.36805e-09 -3.39019e-10 2.01451e-09
0.05 1.9284e-08 1.745e-08 -1.3539e-09 8.04803e-09
0.075 4.33031e-08 3.9185e-08 -3.03903e-09 1.8073e-08
0.1 7.67766e-08 6.94763e-08 -5.38569e-09 3.20453e-08
0.125 1.19556e-07 1.08191e-07 -8.38211e-09 4.99044e-08
0.15 1.71454e-07 1.55161e-07 -1.20135e-08 7.15738e-08
0.175 2.32245e-07 2.10184e-07 -1.6262e-08 9.69608e-08
0.2 3.01663e-07 2.73022e-07 -2.1107e-08 1.25958e-07
0.225 3.79408e-07 3.43408e-07 -2.6525e-08 1.58442e-07
0.25 4.65144e-07 4.21041e-07 -3.24896e-08 1.94275e-07
0.275 5.58502e-07 5.05588e-07 -3.8972e-08 2.33308e-07
0.3 6.59078e-07 5.96691e-07 -4.59406e-08 2.75375e-07
0.325 7.66439e-07 6.93961e-07 -5.33615e-08 3.203e-07
0.35 8.80124e-07 7.96985e-07 -6.11985e-08 3.67893e-07
0.375 9.99643e-07 9.05326e-07 -6.94129e-08 4.17957e-07
0.4 1.12448e-06 1.01852e-06 -7.79642e-08 4.7028e-07
0.425 1.25411e-06 1.1361e-06 -8.68098e-08 5.24644e-07
0.45 1.38796e-06 1.25755e-06 -9.59052e-08 5.80821e-07
0.475 1.52546e-06 1.38236e-06 -1.05204e-07 6.38577e-07
0.5 1.66602e-06 1.51e-06 -1.1466e-07 6.97671e-07
0.525 1.80904e-06 1.63993e-06 -1.24222e-07 7.57856e-07
0.55 1.95389e-06 1.7716e-06 -1.33841e-07 8.18882e-07
0.575 2.09996e-06 1.90445e-06 -1.43465e-07 8.80492e-07
0.6 2.24662e-06 2.03791e-06 -1.53042e-07 9.42432e-07
0.625 2.39322e-06 2.1714e-06 -1.62518e-07 1.00444e-06
0.65 2.53914e-06 2.30437e-06 -1.71839e-07 1.06627e-06
0.675 2.68375e-06 2.43623e-06 -1.8095e-07 1.12764e-06
0.7 2.8264e-06 2.56643e-06 -1.89797e-07 1.18832e-06
0.725 2.96648e-06 2.6944e-06 -1.98324e-07 1.24804e-06
0.75 3.10337e-06 2.81959e-06 -2.06476e-07 1.30656e-06
0.775 3.23648e-06 2.94145e-06 -2.14196e-07 1.36363e-06
0.8 3.3652e-06 3.05945e-06 -2.2143e-07 1.41901e-06
0.825 3.48897e-06 3.17307e-06 -2.28121e-07 1.47248e-06
0.85 3.60724e-06 3.28181e-06 -2.34215e-07 1.5238e-06
0.875 3.71945e-06 3.38517e-06 -2.39657e-07 1.57276e-06
0.9 3.8251e-06 3.48269e-06 -2.44393e-07 1.61915e-06
0.925 3.9237e-06 3.57392e-06 -2.4837e-07 1.66278e-06
0.95 4.01478e-06 3.65844e-06 -2.51534e-07 1.70345e-06
0.975 4.0979e-06 3.73585e-06 -2.53834e-07 1.74101e-06
1 4.17265e-06 3.80576e-06 -2.55218e-07 1.77527e-06
1.025 4.23866e-06 3.86782e-06 -2.55637e-07 1.80609e-06
1.05 4.29556e-06 3.92172e-06 -2.55042e-07 1.83334e-06
1.075 4.34305e-06 3.96715e-06 -2.53384e-07 1.85688e-06
1.1 4.38084e-06 4.00386e-06 -2.50618e-07 1.87662e-06
1.125 4.40868e-06 4.0316e-06 -2.46699e-07 1.89245e-06
1.15 4.42636e-06 4.05016e-06 -2.41582e-07 1.90429e-06
1.175 4.43369e-06 4.05938e-06 -2.35226e-07 1.91208e-06
1.2 4.43054e-06 4.05911e-06 -2.27591e-07 1.91576e-06
1.225 4.41679e-06 4.04924e-06 -2.18637e-07 1.9153e-06
1.25 4.39238e-06 4.0297e-06 -2.08329e-07 1.91068e-06
1.275 4.35727e-06 4.00043e-06 -1.9663e-07 1.9019e-06
1.3 4.31146e-06 3.96142e-06 -1.83509e-07 1.88896e-06
1.325 4.255e-06 3.9127e-06 -1.68935e-07 1.87188e-06
1.35 4.18795e-06 3.8543e-06 -1.52878e-07 1.85071e-06
1.375 4.11042e-06 3.78633e-06 -1.35314e-07 1.82551e-06
1.4 4.02257e-06 3.70888e-06 -1.16218e-07 1.79633e-06
1.425 3.92457e-06 3.6221e-06 -9.55689e-08 1.76327e-06
1.45 3.81662e-06 3.52617e-06 -7.33488e-08 1.72641e-06
1.475 3.69899e-06 3.4213e-06 -4.95418e-08 1.68588e-06
1.5 3.57194e-06 3.3077e-06 -2.41353e-08 1.64178e-06
1.525 3.43577e-06 3.18565e-06 2.88029e-09 1.59427e-06
1.55 3.29084e-06 3.05543e-06 3.15114e-08 1.54347e-06
1.575 3.13749e-06 2.91736e-06 6.17613e-08 1.48956e-06
1.6 2.97612e-06 2.77176e-06 9.36295e-08 1.4327e-06
1.625 2.80715e-06 2.61901e-06 1.27112e-07 1.37306e-06
1.65 2.63102e-06 2.45948e-06 1.62202e-07 1.31084e-06
1.675 2.44818e-06 2.29358e-06 1.98886e-07 1.24623e-06
1.7 2.25912e-06 2.12173e-06 2.37151e-07 1.17944e-06
1.725 2.06435e-06 1.94437e-06 2.76977e-07 1.11068e-06
1.75 1.86438e-06 1.76197e-06 3.18339e-07 1.04015e-06
1.775 1.65974e-06 1.57499e-06 3.6121e-07 9.681e-07
1.8 1.45099e-06 1.38392e-06 4.05558e-07 8.94741e-07
1.825 1.23868e-06 1.18927e-06 4.51345e-07 8.20307e-07
1.85 1.02338e-06 9.91539e-07 4.9853e-07 7.45035e-07
1.875 8.05679e-07 7.91251e-07 5.47068e-07 6.6916e-07
1.9 5.86153e-07 5.88934e-07 5.96906e-07 5.9292e-07
1.925 3.65394e-07 3.8512e-07 6.4799e-07 5.16555e-07
1.95 1.43995e-07 1.80348e-07 7.00259e-07 4.40304e-07
1.975 -7.74511e-08 -2.48424e-08 7.53649e-07 3.64403e-07
2 -2.98351e-07 -2.29909e-07 8.08088e-07 2.89089e-07
2.025 -5.18116e-07 -4.34311e-07 8.63502e-07 2.14595e-07
2.05 -7.36158e-07 -6.37509e-07 9.19812e-07 1.41152e-07
2.075 -9.51901e-07 -8.38966e-07 9.76933e-07 6.89834e-08
2.1 -1.16477e-06 -1.03815e-06 1.03478e-06 -1.68825e-09
2.125 -1.37421e-06 -1.23455e-06 1.09325e-06 -7.06481e-08
2.15 -1.57966e-06 -1.42763e-06 1.15226e-06 -1.37687e-07
2.175 -1.78059e-06 -1.6169e-06 1.21169e-06 -2.02603e-07
2.2 -1.97647e-06 -1.80185e-06 1.27145e-06 -2.65202e-07
2.225 -2.16681e-06 -1.98202e-06 1.33143e-06 -3.25297e-07
2.25 -2.3511e-06 -2.15692e-06 1.3915e-06 -3.82711e-07
2.275 -2.52888e-06 -2.32611e-06 1.45156e-06 -4.37275e-07
2.3 -2.69969e-06 -2.48915e-06 1.51149e-06 -4.88832e-07
2.325 -2.86312e-06 -2.64562e-06 1.57116e-06 -5.37232e-07
2.35 -3.01874e-06 -2.79512e-06 1.63044e-06 -5.82339e-07
2.375 -3.16618e-06 -2.93727e-06 1.68922e-06 -6.24027e-07
2.4 -3.30508e-06 -3.07172e-06 1.74736e-06 -6.6218e-07
2.425 -3.4351e-06 -3.19813e-06 1.80473e-06 -6.96696e-07
2.45 -3.55595e-06 -3.31618e-06 1.86121e-06 -7.27483e-07
2.475 -3.66733e-06 -3.42558e-06 1.91665e-06 -7.54463e-07
2.5 -3.76901e-06 -3.52608e-06 1.97094e-06 -7.77569e-07
2.525 -3.86075e-06 -3.61742e-06 2.02393e-06 -7.96749e-07
2.55 -3.94237e-06 -3.69941e-06 2.07549e-06 -8.1196e-07
2.575 -4.0137e-06 -3.77186e-06 2.12551e-06 -8.23175e-07
2.6 -4.0746e-06 -3.83459e-06 2.17384e-06 -8.30377e-07
2.625 -4.12498e-06 -3.8875e-06 2.22037e-06 -8.33565e-07
2.65 -4.16476e-06 -3.93046e-06 2.26496e-06 -8.32748e-07
2.675 -4.19389e-06 -3.96341e-06 2.30751e-06 -8.27949e-07
2.7 -4.21237e-06 -3.9863e-06 2.34789e-06 -8.19201e-07
2.725 -4.2202e-06 -3.9991e-06 2.386e-06 -8.06552e-07
2.75 -4.21744e-06 -4.00184e-06 2.42172e-06 -7.90059e-07
2.775 -4.20416e-06 -3.99454e-06 2.45495e-06 -7.69794e-07
2.8 -4.18047e-06 -3.97727e-06 2.48559e-06 -7.45838e-07
2.825 -4.14649e-06 -3.95012e-06 2.51356e-06 -7.18282e-07
2.85 -4.10239e-06 -3.91322e-06 2.53876e-06 -6.87229e-07
2.875 -4.04836e-06 -3.8667e-06 2.56112e-06 -6.52792e-07
2.9 -3.98461e-06 -3.81075e-06 2.58056e-06 -6.15093e-07
2.925 -3.91138e-06 -3.74555e-06 2.59703e-06 -5.74264e-07
2.95 -3.82892e-06 -3.67133e-06 2.61045e-06 -5.30443e-07
2.975 -3.73754e-06 -3.58834e-06 2.62078e-06 -4.83779e-07
3 -3.63754e-06 -3.49684e-06 2.62799e-06 -4.34426e-07
3.025 -3.52924e-06 -3.39712e-06 2.63203e-06 -3.82546e-07
3.05 -3.413e-06 -3.28949e-06 2.63287e-06 -3.28307e-07
3.075 -3.28918e-06 -3.17428e-06 2.63051e-06 -2.71882e-07
3.1 -3.15817e-06 -3.05184e-06 2.62494e-06 -2.1345e-07
3.125 -3.02037e-06 -2.92253e-06 2.61614e-06 -1.53193e-07
3.15 -2.8762e-06 -2.78673e-06 2.60414e-06 -9.1297e-08
3.175 -2.72607e-06 -2.64485e-06 2.58895e-06 -2.79503e-08
3.2 -2.57043e-06 -2.49728e-06 2.57059e-06 3.66561e-08
3.225 -2.40973e-06 -2.34444e-06 2.5491e-06 1.0233e-07
3.25 -2.24442e-06 -2.18677e-06 2.52452e-06 1.68877e-07
3.275 -2.07497e-06 -2.0247e-06 2.49691e-06 2.36106e-07
3.3 -1.90184e-06 -1.85867e-06 2.46632e-06 3.03823e-07
3.325 -1.7255e-06 -1.68915e-06 2.43282e-06 3.71837e-07
3.35 -1.54642e-06 -1.51657e-06 2.39648e-06 4.39957e-07
3.375 -1.36509e-06 -1.3414e-06 2.35739e-06 5.07998e-07
3.4 -1.18196e-06 -1.16409e-06 2.31564e-06 5.75774e-07
3.425 -9.97507e-07 -9.85104e-07 2.27132e-06 6.43106e-07
3.45 -8.12196e-07 -8.04892e-07 2.22453e-06 7.09817e-07
3.475 -6.26485e-07 -6.23904e-07 2.17538e-06 7.75736e-07
3.5 -4.40824e-07 -4.42588e-07 2.12398e-06 8.40696e-07
3.525 -2.55656e-07 -2.61382e-07 2.07046e-06 9.04538e-07
3.55 -7.14133e-08 -8.07183e-08 2.01493e-06 9.67106e-07
3.575 1.11482e-07 9.89818e-08 1.95753e-06 1.02825e-06
3.6 2.92621e-07 2.77306e-07 1.89838e-06 1.08784e-06
3.625 4.71607e-07 4.53854e-07 1.83762e-06 1.14573e-06
3.65 6.48059e-07 6.28238e-07 1.77538e-06 1.20181e-06
3.675 8.21609e-07 8.00084e-07 1.71181e-06 1.25595e-06
3.7 9.91909e-07 9.69033e-07 1.64704e-06 1.30804e-06
3.725 1.15863e-06 1.13474e-06 1.58122e-06 1.35798e-06
3.75 1.32144e-06 1.29688e-06 1.51449e-06 1.40569e-06
3.775 1.48006e-06 1.45515e-06 1.44699e-06 1.45107e-06
3.8 1.63421e-06 1.60924e-06 1.37887e-06 1.49406e-06
3.825 1.78362e-06 1.7589e-06 1.31027e-06 1.53458e-06
3.85 1.92807e-06 1.90385e-06 1.24133e-06 1.57259e-06
3.875 2.06732e-06 2.04388e-06 1.17218e-06 1.60803e-06
3.9 2.20119e-06 2.17876e-06 1.10297e-06 1.64087e-06
3.925 2.32949e-06 2.30831e-06 1.03383e-06 1.67107e-06
3.95 2.45207e-06 2.43234e-06 9.64888e-07 1.69861e-06
3.975 2.56879e-06 2.5507e-06 8.96278e-07 1.72349e-06
4 2.67954e-06 2.66326e-06 8.28123e-07 1.74569e-06
4.025 2.78422e-06 2.7699e-06 7.60544e-07 1.76522e-06
4.05 2.88275e-06 2.87053e-06 6.93657e-07 1.7821e-06
4.075 2.97509e-06 2.96509e-06 6.27575e-07 1.79633e-06
4.1 3.06118e-06 3.0535e-06 5.62405e-07 1.80795e-06
4.125 3.14102e-06 3.13575e-06 4.9825e-07 1.817e-06
4.15 3.21461e-06 3.2118e-06 4.35205e-07 1.8235e-06
4.175 3.28196e-06 3.28168e-06 3.73363e-07 1.82752e-06
4.2 3.3431e-06 3.34538e-06 3.1281e-07 1.8291e-06
4.225 3.3981e-06 3.40296e-06 2.53626e-07 1.82829e-06
4.25 3.44701e-06 3.45447e-06 1.95886e-07 1.82518e-06
4.275 3.48992e-06 3.49996e-06 1.39657e-07 1.81981e-06
4.3 3.52693e-06 3.53954e-06 8.5003e-08 1.81227e-06
4.325 3.55815e-06 3.57329e-06 3.19804e-08 1.80263e-06
4.35 3.58369e-06 3.60132e-06 -1.93602e-08 1.79098e-06
4.375 3.60369e-06 3.62376e-06 -6.8974e-08 1.77739e-06
4.4 3.6183e-06 3.64075e-06 -1.16822e-07 1.76196e-06
4.425 3.62767e-06 3.65243e-06 -1.62872e-07 1.74478e-06
4.45 3.63197e-06 3.65895e-06 -2.07095e-07 1.72593e-06
4.475 3.63136e-06 3.66048e-06 -2.4947e-07 1.7055e-06
4.5 3.62602e-06 3.65719e-06 -2.89982e-07 1.6836e-06
4.525 3.61614e-06 3.64926e-06 -3.28618e-07 1.66032e-06
4.55 3.60191e-06 3.63688e-06 -3.65374e-07 1.63575e-06
4.575 3.58352e-06 3.62023e-06 -4.00249e-07 1.60999e-06
4.6 3.56117e-06 3.59951e-06 -4.33246e-07 1.58313e-06
4.625 3.53506e-06 3.57492e-06 -4.64376e-07 1.55527e-06
4.65 3.50539e-06 3.54666e-06 -4.9365e-07 1.52651e-06
4.675 3.47237e-06 3.51494e-06 -5.21086e-07 1.49693e-06
4.7 3.4362e-06 3.47995e-06 -5.46706e-07 1.46662e-06
4.725 3.39708e-06 3.44189e-06 -5.70535e-07 1.43568e-06
4.75 3.35523e-06 3.40099e-06 -5.92601e-07 1.40419e-06
4.775 3.31083e-06 3.35743e-06 -6.12936e-07 1.37224e-06
4.8 3.26409e-06 3.31141e-06 -6.31576e-07 1.33992e-06
4.825 3.2152e-06 3.26314e-06 -6.48557e-07 1.30729e-06
4.85 3.16437e-06 3.21281e-06 -6.63921e-07 1.27445e-06
4.875 3.11177e-06 3.16062e-06 -6.77709e-07 1.24145e-06
4.9 3.05759e-06 3.10674e-06 -6.89967e-07 1.20839e-06
4.925 3.00201e-06 3.05137e-06 -7.0074e-07 1.17531e-06
4.95 2.94521e-06 2.99468e-06 -7.10077e-07 1.1423e-06
4.975 2.88735e-06 2.93684e-06 -7.18026e-07 1.10941e-06
5 2.8286e-06 2.87803e-06 -7.2464e-07 1.0767e-06
5.025 2.76912e-06 2.8184e-06 -7.29968e-07 1.04422e-06
5.05 2.70905e-06 2.75812e-06 -7.34063e-07 1.01203e-06
5.075 2.64855e-06 2.69732e-06 -7.36977e-07 9.80172e-07
5.1 2.58775e-06 2.63616e-06 -7.38764e-07 9.48697e-07
5.125 2.52678e-06 2.57476e-06 -7.39477e-07 9.17643e-07
5.15 2.46577e-06 2.51326e-06 -7.39168e-07 8.87048e-07
5.175 2.40484e-06 2.45179e-06 -7.37891e-07 8.56949e-07
5.2 2.34409e-06 2.39045e-06 -7.35697e-07 8.27375e-07
5.225 2.28363e-06 2.32935e-06 -7.32639e-07 7.98357e-07
5.25 2.22357e-06 2.2686e-06 -7.28769e-07 7.69918e-07
5.275 2.16398e-06 2.2083e-06 -7.24135e-07 7.42082e-07
5.3 2.10496e-06 2.14852e-06 -7.1879e-07 7.14867e-07
5.325 2.04658e-06 2.08936e-06 -7.12779e-07 6.88291e-07
5.35 1.98891e-06 2.03089e-06 -7.06153e-07 6.62367e-07
5.375 1.93203e-06 1.97317e-06 -6.98956e-07 6.37107e-07
5.4 1.87598e-06 1.91627e-06 -6.91233e-07 6.12519e-07
5.425 1.82083e-06 1.86025e-06 -6.83029e-07 5.8861e-07
5.45 1.76662e-06 1.80515e-06 -6.74387e-07 5.65384e-07
5.475 1.71339e-06 1.75103e-06 -6.65345e-07 5.42844e-07
5.5 1.66118e-06 1.69792e-06 -6.55946e-07 5.20989e-07
5.525 1.61002e-06 1.64586e-06 -6.46225e-07 4.99819e-07
5.55 1.55994e-06 1.59488e-06 -6.3622e-07 4.79329e-07
5.575 1.51096e-06 1.54499e-06 -6.25966e-07 4.59514e-07
5.6 1.4631e-06 1.49623e-06 -6.15496e-07 4.40369e-07
5.625 1.41637e-06 1.44861e-06 -6.0484e-07 4.21886e-07
5.65 1.37079e-06 1.40214e-06 -5.94031e-07 4.04055e-07
5.675 1.32636e-06 1.35683e-06 -5.83096e-07 3.86866e-07
5.7 1.28309e-06 1.31268e-06 -5.72062e-07 3.70309e-07
5.725 1.24097e-06 1.2697e-06 -5.60955e-07 3.54371e-07
5.75 1.2e-06 1.22788e-06 -5.49798e-07 3.3904e-07
5.775 1.16017e-06 1.18722e-06 -5.38615e-07 3.24302e-07
5.8 1.12149e-06 1.14771e-06 -5.27427e-07 3.10142e-07
5.825 1.08393e-06 1.10935e-06 -5.16252e-07 2.96547e-07
5.85 1.04749e-06 1.07211e-06 -5.05109e-07 2.83502e-07
5.875 1.01215e-06 1.036e-06 -4.94016e-07 2.70991e-07
5.9 9.77895e-07 1.00098e-06 -4.82988e-07 2.58998e-07
5.925 9.44708e-07 9.67055e-07 -4.72039e-07 2.47508e-07
5.95 9.12569e-07 9.34193e-07 -4.61182e-07 2.36505e-07
5.975 8.81459e-07 9.02378e-07 -4.5043e-07 2.25974e-07
6 8.51357e-07 8.71588e-07 -4.39793e-07 2.15897e-07
6.025 8.22241e-07 8.41802e-07 -4.29282e-07 2.0626e-07
6.05 7.94088e-07 8.12998e-07 -4.18904e-07 1.97047e-07
6.075 7.66875e-07 7.85153e-07 -4.08669e-07 1.88242e-07
6.1 7.40578e-07 7.58241e-07 -3.98583e-07 1.79829e-07
6.125 7.15174e-07 7.3224e-07 -3.88652e-07 1.71794e-07
6.15 6.90637e-07 7.07125e-07 -3.78882e-07 1.64121e-07
6.175 6.66945e-07 6.82871e-07 -3.69276e-07 1.56797e-07
6.2 6.44071e-07 6.59453e-07 -3.5984e-07 1.49806e-07
6.225 6.21992e-07 6.36847e-07 -3.50575e-07 1.43136e-07
6.25 6.00683e-07 6.15027e-07 -3.41486e-07 1.36771e-07
6.275 5.80121e-07 5.9397e-07 -3.32572e-07 1.30699e-07
6.3 5.6028e-07 5.73652e-07 -3.23837e-07 1.24908e-07
6.325 5.41138e-07 5.54047e-07 -3.1528e-07 1.19384e-07
6.35 5.22671e-07 5.35133e-07 -3.06902e-07 1.14115e-07
6.375 5.04856e-07 5.16885e-07 -2.98704e-07 1.09091e-07
6.4 4.8767e-07 4.99282e-07 -2.90685e-07 1.04299e-07
6.425 4.71093e-07 4.82301e-07 -2.82844e-07 9.97285e-08
6.45 4.55101e-07 4.65919e-07 -2.75179e-07 9.53697e-08
6.475 4.39675e-07 4.50115e-07 -2.67691e-07 9.12121e-08
6.5 4.24793e-07 4.34869e-07 -2.60377e-07 8.72461e-08
6.525 4.10436e-07 4.2016e-07 -2.53235e-07 8.34624e-08
6.55 3.96584e-07 4.05968e-07 -2.46264e-07 7.98522e-08
6.575 3.83218e-07 3.92274e-07 -2.39461e-07 7.6407e-08
6.6 3.7032e-07 3.7906e-07 -2.32823e-07 7.31186e-08
6.625 3.57874e-07 3.66307e-07 -2.26349e-07 6.99794e-08
6.65 3.4586e-07 3.53999e-07 -2.20035e-07 6.69819e-08
6.675 3.34264e-07 3.42117e-07 -2.13879e-07 6.4119e-08
6.7 3.23069e-07 3.30647e-07 -2.07878e-07 6.13841e-08
6.725 3.1226e-07 3.19571e-07 -2.0203e-07 5.87709e-08
6.75 3.01822e-07 3.08877e-07 -1.9633e-07 5.62731e-08
6.775 2.91741e-07 2.98548e-07 -1.90778e-07 5.38851e-08
6.8 2.82004e-07 2.88571e-07 -1.85368e-07 5.16014e-08
6.825 2.72596e-07 2.78932e-07 -1.80099e-07 4.94168e-08
6.85 2.63507e-07 2.6962e-07 -1.74967e-07 4.73264e-08
6.875 2.54724e-07 2.60621e-07 -1.6997e-07 4.53256e-08
6.9 2.46235e-07 2.51923e-07 -1.65104e-07 4.34099e-08
6.925 2.38029e-07 2.43517e-07 -1.60366e-07 4.15753e-08
6.95 2.30096e-07 2.35389e-07 -1.55754e-07 3.98177e-08
6.975 2.22425e-07 2.27531e-07 -1.51264e-07 3.81335e-08
7 2.15008e-07 2.19933e-07 -1.46895e-07 3.65191e-08
7.025 2.07834e-07 2.12584e-07 -1.42642e-07 3.49713e-08
7.05 2.00895e-07 2.05477e-07 -1.38503e-07 3.3487e-08
7.075 1.94183e-07 1.98602e-07 -1.34475e-07 3.20631e-08
7.1 1.87689e-07 1.91951e-07 -1.30557e-07 3.0697e-08
7.125 1.81406e-07 1.85516e-07 -1.26744e-07 2.93861e-08
7.15 1.75326e-07 1.7929e-07 -1.23035e-07 2.81278e-08
7.175 1.69444e-07 1.73266e-07 -1.19426e-07 2.69198e-08
7.2 1.6375e-07 1.67436e-07 -1.15916e-07 2.576e-08
7.225 1.58241e-07 1.61795e-07 -1.12502e-07 2.46464e-08
7.25 1.52908e-07 1.56336e-07 -1.09182e-07 2.35769e-08
7.275 1.47748e-07 1.51052e-07 -1.05953e-07 2.25498e-08
7.3 1.42753e-07 1.45939e-07 -1.02813e-07 2.15633e-08
7.325 1.37918e-07 1.40991e-07 -9.97597e-08 2.06158e-08
7.35 1.3324e-07 1.36203e-07 -9.67912e-08 1.97058e-08
7.375 1.28712e-07 1.31569e-07 -9.39053e-08 1.88318e-08
7.4 1.2433e-07 1.27085e-07 -9.10999e-08 1.79924e-08
7.425 1.20089e-07 1.22746e-07 -8.8373e-08 1.71863e-08
7.45 1.15985e-07 1.18547e-07 -8.57226e-08 1.64123e-08
7.475 1.12015e-07 1.14485e-07 -8.31469e-08 1.56693e-08
7.5 1.08174e-07 1.10556e-07 -8.06439e-08 1.49561e-08
7.525 1.04458e-07 1.06755e-07 -7.82119e-08 1.42716e-08
7.55 1.00863e-07 1.03079e-07 -7.58491e-08 1.36148e-08
7.575 9.73863e-08 9.95234e-08 -7.35537e-08 1.29848e-08
7.6 9.40242e-08 9.60854e-08 -7.1324e-08 1.23807e-08
7.625 9.07733e-08 9.27614e-08 -6.91585e-08 1.18015e-08
7.65 8.76303e-08 8.95481e-08 -6.70554e-08 1.12463e-08
7.675 8.45922e-08 8.64422e-08 -6.50132e-08 1.07145e-08
7.7 8.16558e-08 8.34407e-08 -6.30304e-08 1.02051e-08
7.725 7.88183e-08 8.05404e-08 -6.11055e-08 9.71748e-09
7.75 7.60769e-08 7.77385e-08 -5.92369e-08 9.2508e-09
7.775 7.34286e-08 7.5032e-08 -5.74232e-08 8.80439e-09
7.8 7.08708e-08 7.24181e-08 -5.5663e-08 8.37754e-09
7.825 6.84008e-08 6.98942e-08 -5.3955e-08 7.96958e-09
7.85 6.60161e-08 6.74575e-08 -5.22977e-08 7.57987e-09
7.875 6.37141e-08 6.51054e-08 -5.06899e-08 7.20775e-09
7.9 6.14923e-08 6.28355e-08 -4.91302e-08 6.85262e-09
7.925 5.93484e-08 6.06452e-08 -4.76174e-08 6.51386e-09
7.95 5.72799e-08 5.8532e-08 -4.61503e-08 6.19089e-09
7.975 5.52846e-08 5.64937e-08 -4.47275e-08 5.88312e-09
8 5.33602e-08 5.45279e-08 -4.33479e-08 5.59e-09
8.025 5.15045e-08 5.26323e-08 -4.20103e-08 5.31097e-09
8.05 4.97154e-08 5.08046e-08 -4.07136e-08 5.0455e-09
8.075 4.79906e-08 4.90428e-08 -3.94567e-08 4.79307e-09
8.1 4.63281e-08 4.73446e-08 -3.82383e-08 4.55315e-09
8.125 4.4726e-08 4.57081e-08 -3.70576e-08 4.32526e-09
8.15 4.31821e-08 4.41311e-08 -3.59133e-08 4.1089e-09
8.175 4.16946e-08 4.26116e-08 -3.48044e-08 3.9036e-09
8.2 4.02616e-08 4.11477e-08 -3.373e-08 3.70889e-09
8.225 3.88811e-08 3.97376e-08 -3.26889e-08 3.52432e-09
8.25 3.75515e-08 3.83793e-08 -3.16803e-08 3.34945e-09
8.275 3.62708e-08 3.70709e-08 -3.07032e-08 3.18385e-09
8.3 3.50374e-08 3.58109e-08 -2.97567e-08 3.02711e-09
8.325 3.38497e-08 3.45973e-08 -2.88397e-08 2.87881e-09
8.35 3.27058e-08 3.34286e-08 -2.79515e-08 2.73856e-09
8.375 3.16043e-08 3.23031e-08 -2.70912e-08 2.60599e-09
8.4 3.05436e-08 3.12192e-08 -2.62578e-08 2.48073e-09
8.425 2.95222e-08 3.01754e-08 -2.54506e-08 2.36241e-09
8.45 2.85385e-08 2.91701e-08 -2.46687e-08 2.25069e-09
8.475 2.75912e-08 2.82019e-08 -2.39114e-08 2.14523e-09
8.5 2.66789e-08 2.72693e-08 -2.31779e-08 2.04572e-09
8.525 2.58002e-08 2.6371e-08 -2.24674e-08 1.95185e-09
8.55 2.49538e-08 2.55057e-08 -2.17791e-08 1.8633e-09
8.575 2.41385e-08 2.46721e-08 -2.11125e-08 1.77981e-09
8.6 2.3353e-08 2.38688e-08 -2.04667e-08 1.70108e-09
8.625 2.25962e-08 2.30948e-08 -1.98411e-08 1.62686e-09
8.65 2.18668e-08 2.23488e-08 -1.92351e-08 1.55689e-09
8.675 2.11639e-08 2.16298e-08 -1.86479e-08 1.49092e-09
8.7 2.04863e-08 2.09366e-08 -1.80791e-08 1.42872e-09
8.725 1.9833e-08 2.02681e-08 -1.7528e-08 1.37007e-09
8.75 1.9203e-08 1.96235e-08 -1.69939e-08 1.31476e-09
8.775 1.85954e-08 1.90016e-08 -1.64765e-08 1.26258e-09
8.8 1.80093e-08 1.84017e-08 -1.5975e-08 1.21334e-09
8.825 1.74437e-08 1.78227e-08 -1.5489e-08 1.16685e-09
8.85 1.68979e-08 1.72639e-08 -1.5018e-08 1.12293e-09
8.875 1.6371e-08 1.67243e-08 -1.45615e-08 1.08143e-09
8.9 1.58622e-08 1.62033e-08 -1.41189e-08 1.04217e-09
8.925 1.53708e-08 1.57e-08 -1.369e-08 1.00502e-09
8.95 1.48961e-08 1.52137e-08 -1.32741e-08 9.69818e-10
8.975 1.44374e-08 1.47438e-08 -1.28709e-08 9.36442e-10
9 1.39941e-08 1.42895e-08 -1.248e-08 9.04759e-10
9.025 1.35654e-08 1.38502e-08 -1.21009e-08 8.74649e-10
9.05 1.31508e-08 1.34253e-08 -1.17333e-08 8.45999e-10
9.075 1.27497e-08 1.30143e-08 -1.13769e-08 8.18699e-10
9.1 1.23616e-08 1.26165e-08 -1.10312e-08 7.92651e-10
9.125 1.1986e-08 1.22314e-08 -1.06959e-08 7.67757e-10
9.15 1.16222e-08 1.18586e-08 -1.03707e-08 7.43931e-10
9.175 1.127e-08 1.14975e-08 -1.00553e-08 7.21086e-10
9.2 1.09287e-08 1.11476e-08 -9.74931e-09 6.99147e-10
9.225 1.0598e-08 1.08086e-08 -9.45249e-09 6.78039e-10
9.25 1.02774e-08 1.04799e-08 -9.16455e-09 6.57696e-10
9.275 9.9666e-09 1.01613e-08 -8.8852e-09 6.38053e-10
9.3 9.66514e-09 9.85229e-09 -8.61418e-09 6.19053e-10
9.325 9.37268e-09 9.55252e-09 -8.35124e-09 6.00642e-10
9.35 9.08887e-09 9.26166e-09 -8.09612e-09 5.82771e-10
9.375 8.8134e-09 8.97937e-09 -7.84859e-09 5.65393e-10
9.4 8.54596e-09 8.70535e-09 -7.60841e-09 5.48467e-10
9.425 8.28624e-09 8.43928e-09 -7.37537e-09 5.31957e-10
9.45 8.03397e-09 8.1809e-09 -7.14925e-09 5.15826e-10
9.475 7.78888e-09 7.92993e-09 -6.92984e-09 5.00046e-10
9.5 7.55072e-09 7.68611e-09 -6.71694e-09 4.84588e-10
9.525 7.31926e-09 7.44921e-09 -6.51035e-09 4.69429e-10
9.55 7.09426e-09 7.219e-09 -6.3099e-09 4.54547e-10
9.575 6.87551e-09 6.99525e-09 -6.1154e-09 4.39924e-10
9.6 6.66282e-09 6.77776e-09 -5.92667e-09 4.25545e-10
9.625 6.45599e-09 6.56634e-09 -5.74355e-09 4.11395e-10
9.65 6.25483e-09 6.3608e-09 -5.56587e-09 3.97466e-10
9.675 6.05919e-09 6.16097e-09 -5.39348e-09 3.83747e-10
9.7 5.86889e-09 5.96668e-09 -5.22622e-09 3.70234e-10
9.725 5.68379e-09 5.77778e-09 -5.06394e-09 3.5692e-10
9.75 5.50374e-09 5.59412e-09 -4.90651e-09 3.43804e-10
9.775 5.32862e-09 5.41555e-09 -4.75378e-09 3.30885e-10
9.8 5.15828e-09 5.24194e-09 -4.60562e-09 3.18162e-10
9.825 4.99261e-09 5.07318e-09 -4.4619e-09 3.05638e-10
9.85 4.8315e-09 4.90913e-09 -4.3225e-09 2.93316e-10
9.875 4.67484e-09 4.74968e-09 -4.18729e-09 2.81198e-10
9.9 4.52252e-09 4.59474e-09 -4.05616e-09 2.6929e-10
9.925 4.37446e-09 4.44418e-09 -3.92899e-09 2.57598e-10
9.95 4.23055e-09 4.29792e-09 -3.80567e-09 2.46126e-10
9.975 4.09071e-09 4.15587e-09 -3.6861e-09 2.34883e-10
10 3.95485e-09 4.01792e-09 -3.57017e-09 2.23873e-10
10.025 3.8229e-09 3.884e-09 -3.45779e-09 2.13105e-10
10.05 3.69478e-09 3.75402e-09 -3.34885e-09 2.02586e-10
10.075 3.57041e-09 3.6279e-09 -3.24326e-09 1.92321e-10
10.1 3.44972e-09 3.50556e-09 -3.14092e-09 1.82319e-10
10.125 3.33264e-09 3.38693e-09 -3.04176e-09 1.72585e-10
10.15 3.21911e-09 3.27192e-09 -2.94567e-09 1.63125e-10
10.175 3.10905e-09 3.16048e-09 -2.85258e-09 1.53946e-10
10.2 3.00239e-09 3.05252e-09 -2.76241e-09 1.45053e-10
10.225 2.89908e-09 2.94797e-09 -2.67507e-09 1.3645e-10
10.25 2.79904e-09 2.84677e-09 -2.59048e-09 1.28141e-10
10.275 2.70222e-09 2.74884e-09 -2.50858e-09 1.2013e-10
10.3 2.60854e-09 2.65411e-09 -2.42927e-09 1.12419e-10
10.325 2.51795e-09 2.56252e-09 -2.3525e-09 1.0501e-10
10.35 2.43038e-09 2.474e-09 -2.27819e-09 9.79038e-11
10.375 2.34576e-09 2.38847e-09 -2.20626e-09 9.11009e-11
10.4 2.26403e-09 2.30586e-09 -2.13666e-09 8.46007e-11
10.425 2.18512e-09 2.22611e-09 -2.06931e-09 7.84018e-11
10.45 2.10896e-09 2.14915e-09 -2.00415e-09 7.25018e-11
10.475 2.03549e-09 2.07491e-09 -1.94111e-09 6.68979e-11
10.5 1.96464e-09 2.0033e-09 -1.88013e-09 6.15862e-11
10.525 1.89634e-09 1.93427e-09 -1.82115e-09 5.65624e-11
10.55 1.83053e-09 1.86775e-09 -1.7641e-09 5.1821e-11
10.575 1.76713e-09 1.80365e-09 -1.70894e-09 4.73564e-11
10.6 1.70607e-09 1.74191e-09 -1.65558e-09 4.3162e-11
10.625 1.64728e-09 1.68245e-09 -1.60399e-09 3.92308e-11
10.65 1.5907e-09 1.62521e-09 -1.5541e-09 3.55551e-11
10.675 1.53625e-09 1.57011e-09 -1.50586e-09 3.2127e-11
10.7 1.48386e-09 1.51708e-09 -1.45921e-09 2.8938e-11
10.725 1.43347e-09 1.46605e-09 -1.41409e-09 2.59793e-11
10.75 1.385e-09 1.41695e-09 -1.37046e-09 2.32418e-11
10.775 1.33838e-09 1.3697e-09 -1.32827e-09 2.07162e-11
10.8 1.29354e-09 1.32425e-09 -1.28746e-09 1.83931e-11
10.825 1.25043e-09 1.28051e-09 -1.24798e-09 1.62628e-11
10.85 1.20896e-09 1.23842e-09 -1.20979e-09 1.43157e-11
10.875 1.16908e-09 1.19792e-09 -1.17284e-09 1.25422e-11
10.9 1.13071e-09 1.15895e-09 -1.13708e-09 1.09325e-11
10.925 1.0938e-09 1.12143e-09 -1.10247e-09 9.47732e-12
10.95 1.05829e-09 1.0853e-09 -1.06897e-09 8.1672e-12
10.975 1.02411e-09 1.05051e-09 -1.03653e-09 6.99301e-12
11 9.91209e-10 1.017e-09 -1.00511e-09 5.94582e-12
11.025 9.59524e-10 9.84705e-10 -9.74671e-10 5.01697e-12
11.05 9.29004e-10 9.53578e-10 -9.45181e-10 4.19809e-12
11.075 8.99596e-10 9.23563e-10 -9.166e-10 3.48116e-12
11.1 8.71249e-10 8.9461e-10 -8.88893e-10 2.85847e-12
11.125 8.43914e-10 8.66671e-10 -8.62025e-10 2.3227e-12
11.15 8.17545e-10 8.39699e-10 -8.35965e-10 1.86692e-12
11.175 7.92098e-10 8.13651e-10 -8.10681e-10 1.48458e-12
11.2 7.67531e-10 7.88484e-10 -7.86145e-10 1.16951e-12
11.225 7.43804e-10 7.64158e-10 -7.62327e-10 9.15974e-13
11.25 7.20879e-10 7.40638e-10 -7.392e-10 7.18598e-13
11.275 6.9872e-10 7.17886e-10 -7.16741e-10 5.72419e-13
11.3 6.77295e-10 6.95869e-10 -6.94924e-10 4.72852e-13
11.325 6.56572e-10 6.74558e-10 -6.73726e-10 4.15682e-13
11.35 6.36521e-10 6.53921e-10 -6.53127e-10 3.97049e-13
11.375 6.17115e-10 6.33932e-10 -6.33106e-10 4.13435e-13
11.4 5.98328e-10 6.14566e-10 -6.13643e-10 4.61637e-13
11.425 5.80137e-10 5.95799e-10 -5.94721e-10 5.38756e-13
11.45 5.62518e-10 5.77608e-10 -5.76324e-10 6.42166e-13
11.475 5.45452e-10 5.59974e-10 -5.58435e-10 7.69495e-13
11.5 5.28918e-10 5.42876e-10 -5.41039e-10 9.186e-13
11.525 5.12899e-10 5.26298e-10 -5.24123e-10 1.08754e-12
11.55 4.97379e-10 5.10223e-10 -5.07674e-10 1.27456e-12
11.575 4.8234e-10 4.94636e-10 -4.9168e-10 1.47806e-12
11.6 4.67769e-10 4.79521e-10 -4.76128e-10 1.69655e-12
11.625 4.53652e-10 4.64866e-10 -4.61009e-10 1.92867e-12
11.65 4.39975e-10 4.50658e-10 -4.46311e-10 2.17314e-12
11.675 4.26726e-10 4.36884e-10 -4.32027e-10 2.42875e-12
11.7 4.13894e-10 4.23534e-10 -4.18146e-10 2.69431e-12
11.725 4.01467e-10 4.10596e-10 -4.04659e-10 2.96868e-12
11.75 3.89433e-10 3.9806e-10 -3.91559e-10 3.25073e-12
11.775 3.77783e-10 3.85916e-10 -3.78837e-10 3.53931e-12
11.8 3.66506e-10 3.74152e-10 -3.66486e-10 3.83326e-12
11.825 3.5559e-10 3.62761e-10 -3.54498e-10 4.1314e-12
11.85 3.45027e-10 3.5173e-10 -3.42865e-10 4.43251e-12
11.875 3.34806e-10 3.41052e-10 -3.31581e-10 4.73533e-12
11.9 3.24916e-10 3.30715e-10 -3.20638e-10 5.03855e-12
11.925 3.15347e-10 3.20711e-10 -3.10029e-10 5.34081e-12
11.95 3.06089e-10 3.11029e-10 -2.99747e-10 5.64072e-12
11.975 2.97131e-10 3.01659e-10 -2.89785e-10 5.93684e-12
12 2.88463e-10 2.92591e-10 -2.80135e-10 6.22767e-12
12.025 2.80074e-10 2.83814e-10 -2.70791e-10 6.5117e-12
12.05 2.71953e-10 2.75319e-10 -2.61745e-10 6.78738e-12
12.075 2.64089e-10 2.67095e-10 -2.52989e-10 7.05315e-12
12.1 2.56472e-10 2.59131e-10 -2.44516e-10 7.30743e-12
12.125 2.4909e-10 2.51417e-10 -2.36319e-10 7.54866e-12
12.15 2.41933e-10 2.43941e-10 -2.28391e-10 7.77526e-12
12.175 2.34989e-10 2.36694e-10 -2.20722e-10 7.98572e-12
12.2 2.28247e-10 2.29664e-10 -2.13307e-10 8.17854e-12
12.225 2.21696e-10 2.22841e-10 -2.06136e-10 8.3523e-12
12.25 2.15327e-10 2.16214e-10 -1.99202e-10 8.50561e-12
12.275 2.09128e-10 2.09773e-10 -1.92498e-10 8.63721e-12
12.3 2.03089e-10 2.03508e-10 -1.86016e-10 8.74589e-12
12.325 1.97201e-10 1.97409e-10 -1.79748e-10 8.83058e-12
12.35 1.91453e-10 1.91466e-10 -1.73686e-10 8.89032e-12
12.375 1.85837e-10 1.85671e-10 -1.67822e-10 8.92428e-12
12.4 1.80343e-10 1.80014e-10 -1.6215e-10 8.93179e-12
12.425 1.74964e-10 1.74487e-10 -1.56663e-10 8.91231e-12
12.45 1.69692e-10 1.69083e-10 -1.51352e-10 8.86548e-12
12.475 1.6452e-10 1.63794e-10 -1.46211e-10 8.79112e-12
12.5 1.59442e-10 1.58613e-10 -1.41234e-10 8.6892e-12
12.525 1.54451e-10 1.53534e-10 -1.36414e-10 8.5599e-12
12.55 1.49543e-10 1.48552e-10 -1.31745e-10 8.40358e-12
12.575 1.44712e-10 1.43662e-10 -1.27221e-10 8.22077e-12
12.6 1.39957e-10 1.38861e-10 -1.22836e-10 8.01221e-12
12.625 1.35273e-10 1.34144e-10 -1.18586e-10 7.77883e-12
12.65 1.30658e-10 1.29509e-10 -1.14465e-10 7.52173e-12
12.675 1.26111e-10 1.24954e-10 -1.1047e-10 7.2422e-12
12.7 1.21632e-10 1.20478e-10 -1.06595e-10 6.94172e-12
12.725 1.17219e-10 1.16081e-10 -1.02837e-10 6.62191e-12
12.75 1.12875e-10 1.11762e-10 -9.91929e-11 6.28458e-12
12.775 1.08601e-10 1.07523e-10 -9.56597e-11 5.93168e-12
12.8 1.04399e-10 1.03365e-10 -9.22346e-11 5.5653e-12
12.825 1.00271e-10 9.92907e-11 -8.89154e-11 5.18766e-12
12.85 9.62207e-11 9.53025e-11 -8.57003e-11 4.80111e-12
12.875 9.22528e-11 9.14038e-11 -8.25877e-11 4.40807e-12
12.9 8.83714e-11 8.75986e-11 -7.95764e-11 4.01109e-12
12.925 8.45815e-11 8.38912e-11 -7.66657e-11 3.61277e-12
12.95 8.08885e-11 8.02864e-11 -7.38549e-11 3.21576e-12
12.975 7.72982e-11 7.67893e-11 -7.11438e-11 2.82276e-12
13 7.38167e-11 7.34055e-11 -6.85325e-11 2.43651e-12
13.025 7.04502e-11 7.01406e-11 -6.60212e-11 2.05972e-12
13.05 6.72054e-11 6.70006e-11 -6.36103e-11 1.69514e-12
13.075 6.40888e-11 6.39915e-11 -6.13006e-11 1.34545e-12
13.1 6.11071e-11 6.11196e-11 -5.9093e-11 1.0133e-12
13.125 5.82671e-11 5.83908e-11 -5.69883e-11 7.01294e-13
13.15 5.55754e-11 5.58115e-11 -5.49876e-11 4.11953e-13
13.175 5.30385e-11 5.33875e-11 -5.30921e-11 1.47707e-13
13.2 5.06627e-11 5.11247e-11 -5.1303e-11 -8.91173e-14
13.225 4.84541e-11 4.90288e-11 -4.96214e-11 -2.96311e-13
13.25 4.64185e-11 4.71051e-11 -4.80487e-11 -4.71796e-13
13.275 4.45613e-11 4.53585e-11 -4.65858e-11 -6.13637e-13
13.3 4.28874e-11 4.37938e-11 -4.52339e-11 -7.20054e-13
13.325 4.14016e-11 4.24151e-11 -4.39939e-11 -7.89431e-13
13.35 4.01078e-11 4.12261e-11 -4.28668e-11 -8.20324e-13
13.375 3.90095e-11 4.02301e-11 -4.1853e-11 -8.11471e-13
13.4 3.81097e-11 3.94297e-11 -4.09533e-11 -7.61797e-13
13.425 3.74107e-11 3.88269e-11 -4.01678e-11 -6.70421e-13
13.45 3.69142e-11 3.84233e-11 -3.94966e-11 -5.36659e-13
13.475 3.66212e-11 3.82196e-11 -3.89397e-11 -3.60027e-13
13.5 3.6532e-11 3.82161e-11 -3.84966e-11 -1.40241e-13
13.525 3.66464e-11 3.84121e-11 -3.81666e-11 1.22776e-13
13.55 3.69632e-11 3.88066e-11 -3.79488e-11 4.28904e-13
13.575 3.74808e-11 3.93976e-11 -3.7842e-11 7.7782e-13
13.6 3.81966e-11 4.01826e-11 -3.78446e-11 1.169e-12
13.625 3.91074e-11 4.11583e-11 -3.79548e-11 1.60174e-12
13.65 4.02094e-11 4.23208e-11 -3.81706e-11 2.07514e-12
13.675 4.14981e-11 4.36655e-11 -3.84893e-11 2.58811e-12
13.7 4.29681e-11 4.51872e-11 -3.89084e-11 3.13939e-12
13.725 4.46137e-11 4.688e-11 -3.94249e-11 3.72756e-12
13.75 4.64284e-11 4.87374e-11 -4.00353e-11 4.35103e-12
13.775 4.8405e-11 5.07523e-11 -4.07361e-11 5.00807e-12
13.8 5.05359e-11 5.29172e-11 -4.15235e-11 5.69681e-12
13.825 5.2813e-11 5.52239e-11 -4.23934e-11 6.41525e-12
13.85 5.52276e-11 5.76638e-11 -4.33413e-11 7.16126e-12
13.875 5.77706e-11 6.02279e-11 -4.43627e-11 7.93263e-12
13.9 6.04324e-11 6.29068e-11 -4.54528e-11 8.72702e-12
13.925 6.32032e-11 6.56906e-11 -4.66066e-11 9.54203e-12
13.95 6.60728e-11 6.85693e-11 -4.78189e-11 1.03752e-11
13.975 6.90307e-11 7.15324e-11 -4.90844e-11 1.1224e-11
14 7.20662e-11 7.45693e-11 -5.03977e-11 1.20858e-11
14.025 7.51683e-11 7.76693e-11 -5.17532e-11 1.29581e-11
14.05 7.8326e-11 8.08215e-11 -5.31452e-11 1.38381e-11
14.075 8.15283e-11 8.40147e-11 -5.45681e-11 1.47233e-11
14.1 8.4764e-11 8.72381e-11 -5.6016e-11 1.56111e-11
14.125 8.80219e-11 9.04805e-11 -5.74831e-11 1.64987e-11
14.15 9.12908e-11 9.3731e-11 -5.89638e-11 1.73836e-11
14.175 9.45599e-11 9.69787e-11 -6.04522e-11 1.82632e-11
14.2 9.78182e-11 1.00213e-10 -6.19426e-11 1.91351e-11
14.225 1.01055e-10 1.03423e-10 -6.34293e-11 1.99967e-11
14.25 1.0426e-10 1.06598e-10 -6.49069e-11 2.08457e-11
14.275 1.07423e-10 1.09729e-10 -6.63699e-11 2.16798e-11
14.3 1.10533e-10 1.12806e-10 -6.7813e-11 2.24966e-11
14.325 1.13582e-10 1.15819e-10 -6.92309e-11 2.32941e-11
14.35 1.16561e-10 1.18759e-10 -7.06188e-11 2.40702e-11
14.375 1.19459e-10 1.21618e-10 -7.19718e-11 2.4823e-11
14.4 1.2227e-10 1.24386e-10 -7.32852e-11 2.55506e-11
14.425 1.24984e-10 1.27057e-10 -7.45546e-11 2.62513e-11
14.45 1.27594e-10 1.29623e-10 -7.5776e-11 2.69235e-11
14.475 1.30094e-10 1.32076e-10 -7.69452e-11 2.75656e-11
14.5 1.32477e-10 1.34412e-10 -7.80587e-11 2.81764e-11
14.525 1.34737e-10 1.36622e-10 -7.9113e-11 2.87546e-11
14.55 1.36868e-10 1.38703e-10 -8.01048e-11 2.92991e-11
14.575 1.38865e-10 1.40649e-10 -8.10314e-11 2.98089e-11
14.6 1.40724e-10 1.42456e-10 -8.18899e-11 3.02832e-11
14.625 1.4244e-10 1.4412e-10 -8.26781e-11 3.07212e-11
14.65 1.44011e-10 1.45639e-10 -8.33939e-11 3.11223e-11
14.675 1.45434e-10 1.47008e-10 -8.40354e-11 3.14861e-11
14.7 1.46707e-10 1.48226e-10 -8.46012e-11 3.18122e-11
14.725 1.47826e-10 1.49291e-10 -8.509e-11 3.21005e-11
14.75 1.48792e-10 1.50202e-10 -8.55008e-11 3.23507e-11
14.775 1.49604e-10 1.50959e-10 -8.58329e-11 3.25629e-11
14.8 1.50261e-10 1.51561e-10 -8.60859e-11 3.27373e-11
14.825 1.50763e-10 1.52008e-10 -8.62596e-11 3.2874e-11
14.85 1.51111e-10 1.52301e-10 -8.63541e-11 3.29735e-11
14.875 1.51307e-10 1.52442e-10 -8.63697e-11 3.30361e-11
14.9 1.51351e-10 1.52432e-10 -8.6307e-11 3.30624e-11
14.925 1.51246e-10 1.52273e-10 -8.61667e-11 3.3053e-11
14.95 1.50994e-10 1.51967e-10 -8.59499e-11 3.30086e-11
14.975 1.50598e-10 1.51518e-10 -8.56578e-11 3.293e-11
15 1.50061e-10 1.50928e-10 -8.52918e-11 3.28181e-11
15.025 1.49386e-10 1.50201e-10 -8.48534e-11 3.26738e-11
15.05 1.48577e-10 1.49341e-10 -8.43446e-11 3.2498e-11
15.075 1.47638e-10 1.48351e-10 -8.37671e-11 3.22919e-11
15.1 1.46574e-10 1.47236e-10 -8.31232e-11 3.20565e-11
15.125 1.45387e-10 1.46001e-10 -8.2415e-11 3.1793e-11
15.15 1.44085e-10 1.4465e-10 -8.16448e-11 3.15026e-11
15.175 1.4267e-10 1.43188e-10 -8.08151e-11 3.11865e-11
15.2 1.41148e-10 1.4162e-10 -7.99286e-11 3.08459e-11
15.225 1.39525e-10 1.39952e-10 -7.89877e-11 3.04821e-11
15.25 1.37805e-10 1.38188e-10 -7.79953e-11 3.00964e-11
15.275 1.35994e-10 1.36334e-10 -7.69541e-11 2.96901e-11
15.3 1.34097e-10 1.34396e-10 -7.5867e-11 2.92645e-11
15.325 1.32121e-10 1.32379e-10 -7.47369e-11 2.8821e-11
15.35 1.30069e-10 1.30288e-10 -7.35665e-11 2.83608e-11
15.375 1.27949e-10 1.2813e-10 -7.2359e-11 2.78853e-11
15.4 1.25764e-10 1.25909e-10 -7.11171e-11 2.73958e-11
15.425 1.23522e-10 1.23631e-10 -6.98438e-11 2.68935e-11
15.45 1.21227e-10 1.21302e-10 -6.85421e-11 2.63798e-11
15.475 1.18885e-10 1.18927e-10 -6.72148e-11 2.58559e-11
15.5 1.165e-10 1.16511e-10 -6.58647e-11 2.5323e-11
15.525 1.14079e-10 1.14059e-10 -6.44948e-11 2.47823e-11
15.55 1.11627e-10 1.11578e-10 -6.31077e-11 2.42351e-11
15.575 1.09147e-10 1.09071e-10 -6.17062e-11 2.36824e-11
15.6 1.06646e-10 1.06544e-10 -6.0293e-11 2.31254e-11
15.625 1.04128e-10 1.04001e-10 -5.88706e-11 2.25652e-11
15.65 1.01598e-10 1.01447e-10 -5.74416e-11 2.20028e-11
15.675 9.90598e-11 9.88868e-11 -5.60083e-11 2.14392e-11
15.7 9.65181e-11 9.63242e-11 -5.45733e-11 2.08754e-11
15.725 9.3977e-11 9.37635e-11 -5.31388e-11 2.03124e-11
15.75 9.14404e-11 9.12087e-11 -5.17069e-11 1.97509e-11
15.775 8.89123e-11 8.86635e-11 -5.02798e-11 1.91918e-11
15.8 8.63963e-11 8.61315e-11 -4.88594e-11 1.8636e-11
15.825 8.38957e-11 8.36163e-11 -4.74478e-11 1.80843e-11
15.85 8.14138e-11 8.1121e-11 -4.60466e-11 1.75372e-11
15.875 7.89539e-11 7.86487e-11 -4.46577e-11 1.69955e-11
15.9 7.65186e-11 7.62022e-11 -4.32826e-11 1.64598e-11
15.925 7.41109e-11 7.37844e-11 -4.19229e-11 1.59307e-11
15.95 7.17332e-11 7.13976e-11 -4.058e-11 1.54088e-11
15.975 6.93879e-11 6.90443e-11 -3.92553e-11 1.48945e-11
16 6.70771e-11 6.67265e-11 -3.79499e-11 1.43883e-11
16.025 6.48029e-11 6.44463e-11 -3.66649e-11 1.38907e-11
16.05 6.25671e-11 6.22055e-11 -3.54015e-11 1.3402e-11
16.075 6.03714e-11 6.00056e-11 -3.41606e-11 1.29225e-11
16.1 5.82173e-11 5.78481e-11 -3.29429e-11 1.24526e-11
16.125 5.61061e-11 5.57344e-11 -3.17494e-11 1.19925e-11
16.15 5.4039e-11 5.36656e-11 -3.05805e-11 1.15425e-11
16.175 5.2017e-11 5.16427e-11 -2.94371e-11 1.11028e-11
16.2 5.0041e-11 4.96664e-11 -2.83195e-11 1.06735e-11
16.225 4.81118e-11 4.77377e-11 -2.72281e-11 1.02548e-11
16.25 4.62299e-11 4.58569e-11 -2.61634e-11 9.84673e-12
16.275 4.43959e-11 4.40246e-11 -2.51257e-11 9.44946e-12
16.3 4.26101e-11 4.2241e-11 -2.4115e-11 9.063e-12
16.325 4.08726e-11 4.05064e-11 -2.31316e-11 8.68739e-12
16.35 3.91837e-11 3.88208e-11 -2.21756e-11 8.32263e-12
16.375 3.75434e-11 3.71843e-11 -2.12469e-11 7.96869e-12
16.4 3.59515e-11 3.55966e-11 -2.03455e-11 7.62553e-12
16.425 3.44078e-11 3.40576e-11 -1.94714e-11 7.29309e-12
16.45 3.29122e-11 3.2567e-11 -1.86244e-11 6.97129e-12
16.475 3.14642e-11 3.11243e-11 -1.78043e-11 6.66004e-12
16.5 3.00634e-11 2.97292e-11 -1.70108e-11 6.35921e-12
16.525 2.87093e-11 2.83811e-11 -1.62437e-11 6.06867e-12
16.55 2.74014e-11 2.70793e-11 -1.55027e-11 5.78829e-12
16.575 2.61389e-11 2.58232e-11 -1.47874e-11 5.5179e-12
16.6 2.49212e-11 2.46122e-11 -1.40975e-11 5.25734e-12
16.625 2.37476e-11 2.34454e-11 -1.34325e-11 5.00644e-12
16.65 2.26173e-11 2.2322e-11 -1.2792e-11 4.765e-12
16.675 2.15294e-11 2.12411e-11 -1.21755e-11 4.53282e-12
16.7 2.04831e-11 2.0202e-11 -1.15825e-11 4.30972e-12
16.725 1.94775e-11 1.92036e-11 -1.10127e-11 4.09548e-12
16.75 1.85116e-11 1.8245e-11 -1.04653e-11 3.88988e-12
16.775 1.75846e-11 1.73253e-11 -9.93991e-12 3.69271e-12
16.8 1.66954e-11 1.64435e-11 -9.43599e-12 3.50375e-12
16.825 1.5843e-11 1.55985e-11 -8.95297e-12 3.32277e-12
16.85 1.50266e-11 1.47894e-11 -8.4903e-12 3.14955e-12
16.875 1.4245e-11 1.40151e-11 -8.04739e-12 2.98387e-12
16.9 1.34973e-11 1.32747e-11 -7.6237e-12 2.82549e-12
16.925 1.27824e-11 1.2567e-11 -7.21863e-12 2.67419e-12
16.95 1.20993e-11 1.18911e-11 -6.83162e-12 2.52974e-12
16.975 1.14471e-11 1.12459e-11 -6.46211e-12 2.39192e-12
17 1.08247e-11 1.06305e-11 -6.10951e-12 2.2605e-12
17.025 1.02311e-11 1.00438e-11 -5.77326e-12 2.13525e-12
17.05 9.66527e-12 9.48476e-12 -5.45281e-12 2.01598e-12
17.075 9.12633e-12 8.95248e-12 -5.14759e-12 1.90244e-12
17.1 8.61327e-12 8.44594e-12 -4.85707e-12 1.79444e-12
17.125 8.12513e-12 7.9642e-12 -4.58069e-12 1.69176e-12
17.15 7.66097e-12 7.50631e-12 -4.31792e-12 1.5942e-12
17.175 7.21987e-12 7.07134e-12 -4.06825e-12 1.50155e-12
17.2 6.80093e-12 6.65839e-12 -3.83116e-12 1.41362e-12
17.225 6.40326e-12 6.26656e-12 -3.60614e-12 1.33021e-12
17.25 6.026e-12 5.89498e-12 -3.39271e-12 1.25114e-12
17.275 5.6683e-12 5.54282e-12 -3.19038e-12 1.17622e-12
17.3 5.32933e-12 5.20924e-12 -2.99869e-12 1.10528e-12
17.325 5.0083e-12 4.89344e-12 -2.81717e-12 1.03813e-12
17.35 4.70442e-12 4.59463e-12 -2.6454e-12 9.74617e-13
17.375 4.41694e-12 4.31206e-12 -2.48292e-12 9.1457e-13
17.4 4.14512e-12 4.045e-12 -2.32933e-12 8.57831e-13
17.425 3.88824e-12 3.79272e-12 -2.18422e-12 8.04247e-13
17.45 3.64561e-12 3.55454e-12 -2.0472e-12 7.53669e-13
17.475 3.41656e-12 3.32979e-12 -1.91788e-12 7.05954e-13
17.5 3.20046e-12 3.11783e-12 -1.7959e-12 6.60962e-13
17.525 2.99666e-12 2.91803e-12 -1.68091e-12 6.18562e-13
17.55 2.80459e-12 2.7298e-12 -1.57256e-12 5.78623e-13
17.575 2.62364e-12 2.55256e-12 -1.47051e-12 5.41023e-13
17.6 2.45328e-12 2.38575e-12 -1.37447e-12 5.05643e-13
17.625 2.29296e-12 2.22885e-12 -1.28411e-12 4.72369e-13
17.65 2.14216e-12 2.08133e-12 -1.19915e-12 4.4109e-13
17.675 2.00039e-12 1.94272e-12 -1.11931e-12 4.11703e-13
17.7 1.86719e-12 1.81253e-12 -1.04432e-12 3.84106e-13
17.725 1.74209e-12 1.69032e-12 -9.73909e-13 3.58204e-13
17.75 1.62466e-12 1.57565e-12 -9.07844e-13 3.33903e-13
17.775 1.51449e-12 1.46812e-12 -8.45885e-13 3.11118e-13
17.8 1.41117e-12 1.36733e-12 -7.87805e-13 2.89762e-13
17.825 1.31434e-12 1.2729e-12 -7.33389e-13 2.69757e-13
17.85 1.22362e-12 1.18448e-12 -6.82431e-13 2.51026e-13
17.875 1.13867e-12 1.10173e-12 -6.34735e-13 2.33496e-13
17.9 1.05917e-12 1.02431e-12 -5.90115e-13 2.17099e-13
17.925 9.84794e-13 9.51927e-13 -5.48392e-13 2.01767e-13
17.95 9.15254e-13 8.84278e-13 -5.09398e-13 1.8744e-13
17.975 8.50263e-13 8.21085e-13 -4.72972e-13 1.74056e-13
18 7.89553e-13 7.62084e-13 -4.38961e-13 1.61561e-13
18.025 7.32868e-13 7.07021e-13 -4.0722e-13 1.499e-13
18.05 6.79968e-13 6.5566e-13 -3.77613e-13 1.39024e-13
18.075 6.30621e-13 6.07773e-13 -3.50008e-13 1.28882e-13
18.1 5.84611e-13 5.63146e-13 -3.24283e-13 1.19432e-13
18.125 5.41733e-13 5.21578e-13 -3.00321e-13 1.10628e-13
18.15 5.01791e-13 4.82876e-13 -2.78012e-13 1.02432e-13
18.175 4.64602e-13 4.46859e-13 -2.57251e-13 9.48041e-14
18.2 4.29991e-13 4.13357e-13 -2.3794e-13 8.77083e-14
18.225 3.97795e-13 3.82207e-13 -2.19986e-13 8.11107e-14
18.25 3.67859e-13 3.5326e-13 -2.03302e-13 7.49789e-14
18.275 3.40036e-13 3.2637e-13 -1.87804e-13 6.92826e-14
18.3 3.1419e-13 3.01403e-13 -1.73416e-13 6.39933e-14
18.325 2.9019e-13 2.78232e-13 -1.60064e-13 5.9084e-14
18.35 2.67915e-13 2.56737e-13 -1.47678e-13 5.45295e-14
18.375 2.47249e-13 2.36806e-13 -1.36194e-13 5.03059e-14
18.4 2.28086e-13 2.18334e-13 -1.25552e-13 4.63909e-14
18.425 2.10323e-13 2.01221e-13 -1.15694e-13 4.27637e-14
18.45 1.93866e-13 1.85375e-13 -1.06566e-13 3.94044e-14
18.475 1.78625e-13 1.70707e-13 -9.8118e-14 3.62946e-14
18.5 1.64516e-13 1.57137e-13 -9.0303e-14 3.34171e-14
18.525 1.51462e-13 1.44588e-13 -8.30766e-14 3.07556e-14
18.55 1.39388e-13 1.32987e-13 -7.63975e-14 2.8295e-14
18.575 1.28226e-13 1.22269e-13 -7.0227e-14 2.6021e-14
18.6 1.17911e-13 1.1237e-13 -6.45288e-14 2.39205e-14
18.625 1.08383e-13 1.03231e-13 -5.92691e-14 2.1981e-14
18.65 9.9586e-14 9.47979e-14 -5.44162e-14 2.01908e-14
18.675 9.14672e-14 8.70194e-14 -4.99407e-14 1.85393e-14
18.7 8.39774e-14 7.98476e-14 -4.5815e-14 1.70163e-14
18.725 7.70709e-14 7.32382e-14 -4.20133e-14 1.56124e-14
18.75 7.07049e-14 6.71495e-14 -3.85118e-14 1.43189e-14
18.775 6.48396e-14 6.15429e-14 -3.52881e-14 1.31274e-14
18.8 5.94378e-14 5.63825e-14 -3.23214e-14 1.20305e-14
18.825 5.4465e-14 5.16347e-14 -2.95925e-14 1.10211e-14
18.85 4.9889e-14 4.72683e-14 -2.70833e-14 1.00925e-14
18.875 4.568e-14 4.32544e-14 -2.47771e-14 9.23862e-15
18.9 4.181e-14 3.9566e-14 -2.26584e-14 8.4538e-15
18.925 3.82533e-14 3.61782e-14 -2.07128e-14 7.73272e-15
18.95 3.49858e-14 3.30678e-14 -1.89269e-14 7.07048e-15
18.975 3.19852e-14 3.02132e-14 -1.72882e-14 6.46252e-15
19 2.92308e-14 2.75945e-14 -1.57852e-14 5.90463e-15
19.025 2.67035e-14 2.51931e-14 -1.44073e-14 5.39287e-15
19.05 2.43856e-14 2.29919e-14 -1.31446e-14 4.92363e-15
19.075 2.22604e-14 2.09751e-14 -1.1988e-14 4.49354e-15
19.1 2.03128e-14 1.91279e-14 -1.09289e-14 4.0995e-15
19.125 1.85286e-14 1.74368e-14 -9.95956e-15 3.73862e-15
19.15 1.68948e-14 1.58892e-14 -9.0727e-15 3.40825e-15
19.175 1.53993e-14 1.44735e-14 -8.26165e-15 3.10592e-15
19.2 1.4031e-14 1.3179e-14 -7.52024e-15 2.82937e-15
19.225 1.27795e-14 1.19957e-14 -6.84275e-15 2.5765e-15
19.25 1.16353e-14 1.09146e-14 -6.22392e-15 2.34536e-15
19.275 1.05896e-14 9.92727e-15 -5.65891e-15 2.13418e-15
19.3 9.63433e-15 9.02585e-15 -5.14324e-15 1.9413e-15
19.325 8.76199e-15 8.20322e-15 -4.6728e-15 1.76521e-15
19.35 7.96571e-15 7.45281e-15 -4.24379e-15 1.60451e-15
19.375 7.23913e-15 6.76852e-15 -3.85271e-15 1.45791e-15
19.4 6.57642e-15 6.1448e-15 -3.49635e-15 1.32422e-15
19.425 5.97218e-15 5.57649e-15 -3.17177e-15 1.20236e-15
19.45 5.42149e-15 5.05887e-15 -2.87624e-15 1.09132e-15
19.475 4.91977e-15 4.58762e-15 -2.60728e-15 9.90172e-16
19.5 4.46287e-15 4.15874e-15 -2.36258e-15 8.98079e-16
19.525 4.04692e-15 3.76857e-15 -2.14005e-15 8.14258e-16
19.55 3.66842e-15 3.41376e-15 -1.93776e-15 7.37997e-16
19.575 3.32411e-15 3.09122e-15 -1.75394e-15 6.68639e-16
19.6 3.01103e-15 2.79814e-15 -1.58698e-15 6.05583e-16
19.625 2.72645e-15 2.53193e-15 -1.43537e-15 5.48278e-16
19.65 2.46789e-15 2.29021e-15 -1.29777e-15 4.9622e-16
19.675 2.23304e-15 2.07082e-15 -1.17293e-15 4.48945e-16
19.7 2.01981e-15 1.87177e-15 -1.05971e-15 4.0603e-16
19.725 1.8263e-15 1.69124e-15 -9.57063e-16 3.67087e-16
19.75 1.65073e-15 1.52757e-15 -8.64044e-16 3.31763e-16
19.775 1.49151e-15 1.37925e-15 -7.79781e-16 2.99732e-16
19.8 1.34717e-15 1.24488e-15 -7.03479e-16 2.70698e-16
19.825 1.21637e-15 1.12319e-15 -6.34412e-16 2.44392e-16
19.85 1.09787e-15 1.01304e-15 -5.71917e-16 2.20564e-16
19.875 9.90574e-16 9.13371e-16 -5.15392e-16 1.9899e-16
19.9 8.93445e-16 8.23211e-16 -4.64285e-16 1.79463e-16
19.925 8.05555e-16 7.41687e-16 -4.18094e-16 1.61796e-16
19.95 7.26056e-16 6.67999e-16 -3.76363e-16 1.45818e-16
19.975 6.54173e-16 6.01418e-16 -3.38674e-16 1.31372e-16
20 5.892e-16 5.41283e-16 -3.0465e-16 1.18316e-16
