0 5.18641e-09 5.13345e-09 -2.41061e-10 2.4462e-09
0.025 5.18641e-09 5.13345e-09 -2.41061e-10 2.4462e-09
0.05 8.29363e-08 8.209e-08 -3.85059e-09 3.91197e-08
0.075 4.19475e-07 4.15199e-07 -1.94399e-08 1.9788e-07
0.1 1.32403e-06 1.31055e-06 -6.1202e-08 6.24673e-07
0.125 3.22709e-06 3.1943e-06 -1.48675e-07 1.52281e-06
0.15 6.67805e-06 6.61033e-06 -3.06412e-07 3.15196e-06
0.175 1.23421e-05 1.22173e-05 -5.63564e-07 5.82685e-06
0.2 2.09966e-05 2.07849e-05 -9.53373e-07 9.91574e-06
0.225 3.35268e-05 3.31897e-05 -1.51259e-06 1.58386e-05
0.25 5.09206e-05 5.04105e-05 -2.28079e-06 2.40649e-05
0.275 7.42637e-05 7.35228e-05 -3.29969e-06 3.51115e-05
0.3 0.000104733 0.000103693 -4.61227e-06 4.95402e-05
0.325 0.000143591 0.000142171 -6.26199e-06 6.79545e-05
0.35 0.000192177 0.000190286 -8.2918e-06 9.09971e-05
0.375 0.000251901 0.000249437 -1.07433e-05 0.000119347
0.4 0.000324239 0.000321085 -1.36555e-05 0.000153715
0.425 0.000410718 0.000406746 -1.70643e-05 0.000194841
0.45 0.000512914 0.000507985 -2.10008e-05 0.000243492
0.475 0.00063244 0.000626402 -2.54907e-05 0.000300456
0.5 0.000770939 0.000763629 -3.05531e-05 0.000366538
0.525 0.000930074 0.000921318 -3.61997e-05 0.000442559
0.55 0.00111152 0.00110113 -4.24334e-05 0.00052935
0.575 0.00131696 0.00130474 -4.92474e-05 0.000627748
0.6 0.00154805 0.00153381 -5.66247e-05 0.000738592
0.625 0.00180647 0.00178998 -6.45364e-05 0.000862721
0.65 0.00209383 0.00207488 -7.29417e-05 0.00100097
0.675 0.00241175 0.0023901 -8.17867e-05 0.00115415
0.7 0.00276178 0.00273719 -9.10035e-05 0.00132309
0.725 0.00314542 0.00311766 -0.00010051 0.00150858
0.75 0.00356415 0.00353297 -0.00011021 0.00171138
0.775 0.00401935 0.00398449 -0.00011999 0.00193225
0.8 0.00451233 0.00447355 -0.000129723 0.00217191
0.825 0.00504435 0.00500138 -0.000139266 0.00243106
0.85 0.00561656 0.00556914 -0.000148458 0.00271034
0.875 0.00623003 0.0061779 -0.000157126 0.00301039
0.9 0.00688574 0.00682863 -0.000165078 0.00333178
0.925 0.00758456 0.00752221 -0.000172109 0.00367505
0.95 0.00832727 0.00825941 -0.000177997 0.00404071
0.975 0.00911452 0.00904089 -0.000182509 0.00442919
1 0.00994688 0.00986722 -0.000185395 0.00484091
1.025 0.0108248 0.0107388 -0.000186396 0.00527621
1.05 0.0117486 0.011656 -0.000185239 0.0057354
1.075 0.0127184 0.0126191 -0.000181642 0.00621871
1.1 0.0137345 0.013628 -0.000175313 0.00672634
1.125 0.0147966 0.0146828 -0.000165952 0.00725844
1.15 0.0159048 0.0157834 -0.000153256 0.00781508
1.175 0.0170588 0.0169295 -0.000136913 0.00839628
1.2 0.0182581 0.0181207 -0.000116612 0.00900202
1.225 0.0195023 0.0193565 -9.20399e-05 0.00963221
1.25 0.0207907 0.0206363 -6.28846e-05 0.0102867
1.275 0.0221228 0.0219594 -2.88375e-05 0.0109653
1.3 0.0234976 0.0233251 1.04047e-05 0.0116678
1.325 0.0249142 0.0247323 5.51378e-05 0.0123937
1.35 0.0263716 0.0261801 0.000105648 0.0131429
1.375 0.0278687 0.0276674 0.000162209 0.0139148
1.4 0.0294042 0.0291929 0.000225081 0.014709
1.425 0.0309769 0.0307554 0.000294507 0.015525
1.45 0.0325855 0.0323535 0.000370712 0.0163621
1.475 0.0342283 0.0339857 0.000453899 0.0172198
1.5 0.035904 0.0356505 0.00054425 0.0180974
1.525 0.0376109 0.0373464 0.000641918 0.0189942
1.55 0.0393473 0.0390717 0.000747032 0.0199094
1.575 0.0411115 0.0408248 0.000859691 0.0208422
1.6 0.0429017 0.0426037 0.000979961 0.0217918
1.625 0.0447162 0.0444069 0.00110788 0.0227574
1.65 0.046553 0.0462323 0.00124344 0.0237379
1.675 0.0484102 0.0480783 0.00138661 0.0247324
1.7 0.050286 0.0499428 0.00153732 0.0257401
1.725 0.0521783 0.0518239 0.00169546 0.0267597
1.75 0.0540851 0.0537198 0.00186087 0.0277903
1.775 0.0560045 0.0556284 0.00203336 0.0288309
1.8 0.0579343 0.0575478 0.00221271 0.0298803
1.825 0.0598727 0.059476 0.00239863 0.0309373
1.85 0.0618174 0.0614111 0.00259082 0.0320009
1.875 0.0637665 0.0633509 0.00278893 0.0330699
1.9 0.0657179 0.0652937 0.00299255 0.0341431
1.925 0.0676695 0.0672373 0.00320126 0.0352193
1.95 0.0696193 0.0691799 0.00341457 0.0362972
1.975 0.0715652 0.0711194 0.00363199 0.0373757
2 0.0735053 0.0730539 0.00385296 0.0384534
2.025 0.0754373 0.0749815 0.0040769 0.0395292
2.05 0.0773594 0.0769003 0.00430319 0.0406018
2.075 0.0792696 0.0788083 0.0045312 0.0416698
2.1 0.0811657 0.0807037 0.00476023 0.042732
2.125 0.0830459 0.0825846 0.00498959 0.0437871
2.15 0.0849081 0.0844491 0.00521856 0.0448338
2.175 0.0867504 0.0862953 0.00544639 0.0458709
2.2 0.0885709 0.0881215 0.00567231 0.0468969
2.225 0.0903677 0.0899259 0.00589554 0.0479107
2.25 0.0921388 0.0917065 0.0061153 0.0489109
2.275 0.0938823 0.0934618 0.00633078 0.0498963
2.3 0.0955965 0.0951897 0.00654119 0.0508655
2.325 0.0972794 0.0968888 0.00674571 0.0518172
2.35 0.0989291 0.0985571 0.00694354 0.0527503
2.375 0.100544 0.100193 0.0071339 0.0536634
2.4 0.102122 0.101795 0.00731599 0.0545553
2.425 0.103662 0.10336 0.00748905 0.0554247
2.45 0.105161 0.104889 0.00765231 0.0562705
2.475 0.106619 0.106378 0.00780506 0.0570914
2.5 0.108033 0.107826 0.00794659 0.0578862
2.525 0.109401 0.109231 0.0080762 0.0586537
2.55 0.110722 0.110593 0.00819327 0.0593929
2.575 0.111995 0.111908 0.00829718 0.0601027
2.6 0.113218 0.113176 0.00838736 0.0607818
2.625 0.114388 0.114395 0.00846328 0.0614293
2.65 0.115505 0.115564 0.00852444 0.0620441
2.675 0.116568 0.11668 0.00857042 0.0626253
2.7 0.117574 0.117743 0.00860083 0.0631718
2.725 0.118522 0.11875 0.00861531 0.0636828
2.75 0.119411 0.119701 0.0086136 0.0641574
2.775 0.120239 0.120594 0.00859546 0.0645947
2.8 0.121006 0.121427 0.00856071 0.0649941
2.825 0.12171 0.1222 0.00850924 0.0653546
2.85 0.122349 0.122911 0.008441 0.0656758
2.875 0.122923 0.123558 0.00835599 0.0659568
2.9 0.123431 0.12414 0.00825426 0.0661973
2.925 0.123871 0.124657 0.00813594 0.0663965
2.95 0.124243 0.125107 0.00800121 0.0665542
2.975 0.124546 0.12549 0.0078503 0.0666699
3 0.124779 0.125803 0.00768351 0.0667434
3.025 0.124942 0.126047 0.00750118 0.0667742
3.05 0.125034 0.126221 0.00730374 0.0667623
3.075 0.125054 0.126324 0.00709163 0.0667076
3.1 0.125003 0.126355 0.00686536 0.06661
3.125 0.124879 0.126314 0.0066255 0.0664696
3.15 0.124683 0.1262 0.00637264 0.0662865
3.175 0.124415 0.126014 0.00610744 0.0660608
3.2 0.124075 0.125755 0.00583059 0.0657928
3.225 0.123663 0.125423 0.00554281 0.0654829
3.25 0.123179 0.125018 0.00524486 0.0651316
3.275 0.122624 0.124541 0.00493755 0.0647392
3.3 0.121999 0.123991 0.00462168 0.0643064
3.325 0.121303 0.123369 0.00429811 0.0638338
3.35 0.120539 0.122677 0.0039677 0.0633222
3.375 0.119706 0.121913 0.00363134 0.0627723
3.4 0.118806 0.12108 0.00328992 0.0621851
3.425 0.11784 0.120178 0.00294434 0.0615614
3.45 0.11681 0.119209 0.00259553 0.0609024
3.475 0.115716 0.118174 0.00224438 0.060209
3.5 0.114561 0.117073 0.00189182 0.0594825
3.525 0.113345 0.115909 0.00153875 0.058724
3.55 0.112072 0.114684 0.00118606 0.0579349
3.575 0.110742 0.113398 0.000834647 0.0571163
3.6 0.109358 0.112054 0.000485373 0.0562698
3.625 0.107921 0.110655 0.000139089 0.0553968
3.65 0.106435 0.109201 -0.000203378 0.0544987
3.675 0.104901 0.107695 -0.000541225 0.0535769
3.7 0.103321 0.10614 -0.000873676 0.0526332
3.725 0.101699 0.104538 -0.00119999 0.051669
3.75 0.100036 0.102891 -0.00151945 0.0506859
3.775 0.0983351 0.101203 -0.00183138 0.0496856
3.8 0.096599 0.0994746 -0.00213514 0.0486697
3.825 0.0948304 0.0977099 -0.00243014 0.0476399
3.85 0.093032 0.0959113 -0.0027158 0.0465978
3.875 0.0912064 0.0940817 -0.00299162 0.045545
3.9 0.0893566 0.0922238 -0.00325711 0.0444833
3.925 0.0874852 0.0903405 -0.00351183 0.0434144
3.95 0.085595 0.0884348 -0.00375541 0.0423397
3.975 0.083689 0.0865096 -0.00398749 0.0412611
4 0.0817698 0.0845677 -0.00420778 0.04018
4.025 0.0798403 0.0826121 -0.00441602 0.039098
4.05 0.0779032 0.0806456 -0.004612 0.0380168
4.075 0.0759612 0.0786711 -0.00479556 0.0369378
4.1 0.074017 0.0766915 -0.00496656 0.0358625
4.125 0.0720733 0.0747096 -0.00512494 0.0347923
4.15 0.0701325 0.0727281 -0.00527066 0.0337287
4.175 0.0681974 0.0707496 -0.00540371 0.032673
4.2 0.0662702 0.0687769 -0.00552414 0.0316264
4.225 0.0643534 0.0668125 -0.00563204 0.0305902
4.25 0.0624493 0.0648589 -0.00572751 0.0295657
4.275 0.0605602 0.0629184 -0.00581072 0.0285539
4.3 0.058688 0.0609935 -0.00588185 0.0275558
4.325 0.056835 0.0590863 -0.00594112 0.0265726
4.35 0.0550031 0.057199 -0.00598877 0.0256051
4.375 0.053194 0.0553335 -0.00602508 0.0246542
4.4 0.0514096 0.0534919 -0.00605036 0.0237208
4.425 0.0496515 0.0516758 -0.00606492 0.0228055
4.45 0.0479211 0.0498871 -0.00606911 0.021909
4.475 0.0462201 0.0481273 -0.0060633 0.021032
4.5 0.0445496 0.0463979 -0.00604787 0.020175
4.525 0.0429109 0.0447002 -0.00602322 0.0193385
4.55 0.041305 0.0430355 -0.00598975 0.0185229
4.575 0.039733 0.0414049 -0.0059479 0.0177285
4.6 0.0381958 0.0398094 -0.00589808 0.0169557
4.625 0.0366941 0.03825 -0.00584075 0.0162046
4.65 0.0352286 0.0367273 -0.00577634 0.0154755
4.675 0.0337998 0.0352421 -0.00570529 0.0147684
4.7 0.0324082 0.033795 -0.00562806 0.0140835
4.725 0.0310542 0.0323863 -0.00554509 0.0134206
4.75 0.029738 0.0310165 -0.00545683 0.0127798
4.775 0.0284599 0.0296858 -0.00536371 0.012161
4.8 0.0272198 0.0283943 -0.00526618 0.011564
4.825 0.0260178 0.0271421 -0.00516466 0.0109887
4.85 0.0248539 0.0259291 -0.00505957 0.0104348
4.875 0.0237277 0.0247553 -0.00495132 0.00990199
4.9 0.0226392 0.0236204 -0.00484032 0.00939006
4.925 0.021588 0.0225242 -0.00472696 0.00889864
4.95 0.0205737 0.0214663 -0.00461161 0.00842737
4.975 0.0195958 0.0204464 -0.00449465 0.00797585
5 0.018654 0.0194638 -0.00437642 0.00754368
5.025 0.0177475 0.0185181 -0.00425726 0.00713041
5.05 0.016876 0.0176087 -0.0041375 0.00673558
5.075 0.0160386 0.0167349 -0.00401743 0.00635871
5.1 0.0152348 0.015896 -0.00389736 0.00599933
5.125 0.0144637 0.0150914 -0.00377756 0.00565692
5.15 0.0137248 0.0143202 -0.00365829 0.00533097
5.175 0.0130171 0.0135817 -0.0035398 0.00502097
5.2 0.0123399 0.0128751 -0.0034223 0.00472639
5.225 0.0116924 0.0121994 -0.00330602 0.00444669
5.25 0.0110737 0.0115539 -0.00319115 0.00418136
5.275 0.010483 0.0109376 -0.00307787 0.00392986
5.3 0.0099195 0.0103497 -0.00296634 0.00369167
5.325 0.00938224 0.00978922 -0.00285672 0.00346625
5.35 0.00887039 0.00925534 -0.00274913 0.0032531
5.375 0.00838309 0.00874711 -0.0026437 0.0030517
5.4 0.00791947 0.00826364 -0.00254054 0.00286155
5.425 0.00747868 0.00780403 -0.00243973 0.00268215
5.45 0.00705986 0.00736739 -0.00234136 0.00251301
5.475 0.00666217 0.00695283 -0.0022455 0.00235366
5.5 0.00628478 0.00655948 -0.0021522 0.00220364
5.525 0.00592687 0.00618649 -0.00206149 0.0020625
5.55 0.00558763 0.00583301 -0.00197343 0.00192979
5.575 0.00526628 0.00549821 -0.00188802 0.00180509
5.6 0.00496205 0.00518129 -0.00180529 0.001688
5.625 0.00467418 0.00488144 -0.00172524 0.0015781
5.65 0.00440193 0.0045979 -0.00164786 0.00147502
5.675 0.0041446 0.00432991 -0.00157314 0.00137839
5.7 0.00390148 0.00407676 -0.00150107 0.00128785
5.725 0.0036719 0.00383772 -0.00143161 0.00120305
5.75 0.00345521 0.00361212 -0.00136475 0.00112369
5.775 0.00325078 0.00339929 -0.00130043 0.00104943
5.8 0.003058 0.0031986 -0.00123862 0.000979988
5.825 0.00287628 0.00300942 -0.00117928 0.00091507
5.85 0.00270506 0.00283117 -0.00112235 0.000854408
5.875 0.00254379 0.00266327 -0.00106778 0.000797743
5.9 0.00239195 0.00250518 -0.00101552 0.00074483
5.925 0.00224904 0.00235637 -0.000965503 0.000695434
5.95 0.00211458 0.00221634 -0.000917672 0.000649336
5.975 0.0019881 0.00208462 -0.000871964 0.000606327
6 0.00186919 0.00196073 -0.000828318 0.000566209
6.025 0.0017574 0.00184426 -0.000786667 0.000528795
6.05 0.00165234 0.00173476 -0.000746946 0.000493909
6.075 0.00155364 0.00163186 -0.000709092 0.000461385
6.1 0.00146093 0.00153517 -0.000673037 0.000431068
6.125 0.00137386 0.00144434 -0.000638717 0.000402809
6.15 0.00129212 0.00135901 -0.000606067 0.000376472
6.175 0.00121537 0.00127888 -0.000575023 0.000351926
6.2 0.00114334 0.00120362 -0.00054552 0.00032905
6.225 0.00107574 0.00113296 -0.000517497 0.000307731
6.25 0.00101231 0.00106661 -0.000490892 0.00028786
6.275 0.00095279 0.00100432 -0.000465645 0.000269339
6.3 0.000896952 0.000945846 -0.000441697 0.000252074
6.325 0.00084457 0.000890947 -0.00041899 0.000235979
6.35 0.000795431 0.000839409 -0.000397468 0.000220971
6.375 0.000749336 0.000791026 -0.000377078 0.000206974
6.4 0.000706096 0.000745602 -0.000357765 0.000193919
6.425 0.000665535 0.000702955 -0.000339479 0.000181738
6.45 0.000627484 0.000662912 -0.00032217 0.000170371
6.475 0.000591787 0.000625311 -0.00030579 0.000159761
6.5 0.000558294 0.000589999 -0.000290293 0.000149853
6.525 0.000526867 0.000556833 -0.000275635 0.000140599
6.55 0.000497375 0.000525677 -0.000261772 0.000131953
6.575 0.000469694 0.000496407 -0.000248663 0.000123872
6.6 0.000443708 0.000468901 -0.00023627 0.000116316
6.625 0.000419309 0.00044305 -0.000224553 0.000109248
6.65 0.000396395 0.000418747 -0.000213476 0.000102635
6.675 0.000374871 0.000395896 -0.000203006 9.64453e-05
6.7 0.000354645 0.000374405 -0.000193108 9.06486e-05
6.725 0.000335636 0.000354186 -0.00018375 8.5218e-05
6.75 0.000317763 0.000335159 -0.000174903 8.01284e-05
6.775 0.000300954 0.00031725 -0.000166537 7.53563e-05
6.8 0.000285138 0.000300386 -0.000158625 7.08802e-05
6.825 0.000270252 0.000284501 -0.000151141 6.66801e-05
6.85 0.000256235 0.000269534 -0.00014406 6.27372e-05
6.875 0.000243031 0.000255426 -0.000137357 5.90345e-05
6.9 0.000230586 0.000242124 -0.000131012 5.5556e-05
6.925 0.000218852 0.000229576 -0.000125002 5.22869e-05
6.95 0.000207783 0.000217735 -0.000119308 4.92137e-05
6.975 0.000197335 0.000206557 -0.00011391 4.63235e-05
7 0.000187468 0.000195999 -0.00010879 4.36046e-05
7.025 0.000178145 0.000186024 -0.000103932 4.10463e-05
7.05 0.000169332 0.000176596 -9.93191e-05 3.86383e-05
7.075 0.000160995 0.000167679 -9.49368e-05 3.63713e-05
7.1 0.000153104 0.000159244 -9.07707e-05 3.42365e-05
7.125 0.000145631 0.00015126 -8.68076e-05 3.22259e-05
7.15 0.00013855 0.000143699 -8.30351e-05 3.0332e-05
7.175 0.000131836 0.000136537 -7.94414e-05 2.85476e-05
7.2 0.000125467 0.000129748 -7.60157e-05 2.68664e-05
7.225 0.000119421 0.000123312 -7.27478e-05 2.52821e-05
7.25 0.000113678 0.000117206 -6.96282e-05 2.3789e-05
7.275 0.000108221 0.000111412 -6.6648e-05 2.2382e-05
7.3 0.000103033 0.000105911 -6.37991e-05 2.10559e-05
7.325 9.80964e-05 0.000100686 -6.10737e-05 1.98061e-05
7.35 9.33979e-05 9.57214e-05 -5.84649e-05 1.86283e-05
7.375 8.89236e-05 9.10025e-05 -5.5966e-05 1.75182e-05
7.4 8.46607e-05 8.65153e-05 -5.3571e-05 1.64722e-05
7.425 8.05974e-05 8.22471e-05 -5.12743e-05 1.54864e-05
7.45 7.67228e-05 7.81858e-05 -4.90708e-05 1.45575e-05
7.475 7.30265e-05 7.43202e-05 -4.69555e-05 1.36823e-05
7.5 6.94993e-05 7.06397e-05 -4.49242e-05 1.28578e-05
7.525 6.61321e-05 6.71347e-05 -4.29728e-05 1.20809e-05
7.55 6.29168e-05 6.37958e-05 -4.10975e-05 1.13491e-05
7.575 5.98458e-05 6.06147e-05 -3.9295e-05 1.06598e-05
7.6 5.69119e-05 5.75831e-05 -3.7562e-05 1.00106e-05
7.625 5.41084e-05 5.46937e-05 -3.58956e-05 9.39903e-06
7.65 5.14291e-05 5.19393e-05 -3.42932e-05 8.82308e-06
7.675 4.88683e-05 4.93134e-05 -3.27521e-05 8.28066e-06
7.7 4.64204e-05 4.68098e-05 -3.12702e-05 7.76983e-06
7.725 4.40804e-05 4.44226e-05 -2.98451e-05 7.28875e-06
7.75 4.18435e-05 4.21464e-05 -2.8475e-05 6.8357e-06
7.775 3.97051e-05 3.99759e-05 -2.71578e-05 6.40903e-06
7.8 3.76612e-05 3.79063e-05 -2.58919e-05 6.0072e-06
7.825 3.57075e-05 3.5933e-05 -2.46755e-05 5.62876e-06
7.85 3.38405e-05 3.40516e-05 -2.3507e-05 5.27232e-06
7.875 3.20565e-05 3.22581e-05 -2.23849e-05 4.93661e-06
7.9 3.03521e-05 3.05485e-05 -2.13078e-05 4.6204e-06
7.925 2.87242e-05 2.89192e-05 -2.02741e-05 4.32254e-06
7.95 2.71697e-05 2.73666e-05 -1.92826e-05 4.04196e-06
7.975 2.56856e-05 2.58873e-05 -1.8332e-05 3.77766e-06
8 2.42693e-05 2.44782e-05 -1.74208e-05 3.5287e-06
8.025 2.2918e-05 2.31363e-05 -1.6548e-05 3.29417e-06
8.05 2.16293e-05 2.18586e-05 -1.57121e-05 3.07326e-06
8.075 2.04008e-05 2.06425e-05 -1.49121e-05 2.86519e-06
8.1 1.923e-05 1.94852e-05 -1.41467e-05 2.66924e-06
8.125 1.81148e-05 1.83843e-05 -1.34148e-05 2.48473e-06
8.15 1.7053e-05 1.73373e-05 -1.27152e-05 2.31103e-06
8.175 1.60426e-05 1.63419e-05 -1.20468e-05 2.14754e-06
8.2 1.50816e-05 1.53959e-05 -1.14084e-05 1.99372e-06
8.225 1.41681e-05 1.44972e-05 -1.07991e-05 1.84904e-06
8.25 1.33002e-05 1.36438e-05 -1.02177e-05 1.71304e-06
8.275 1.24763e-05 1.28337e-05 -9.66319e-06 1.58525e-06
8.3 1.16945e-05 1.20651e-05 -9.13456e-06 1.46525e-06
8.325 1.09532e-05 1.13361e-05 -8.63083e-06 1.35264e-06
8.35 1.02509e-05 1.06452e-05 -8.15105e-06 1.24706e-06
8.375 9.58598e-06 9.99057e-06 -7.69427e-06 1.14815e-06
8.4 8.95703e-06 9.37077e-06 -7.25961e-06 1.05558e-06
8.425 8.36261e-06 8.78427e-06 -6.84621e-06 9.69029e-07
8.45 7.80133e-06 8.22964e-06 -6.45322e-06 8.8821e-07
8.475 7.27189e-06 7.70553e-06 -6.07985e-06 8.12836e-07
8.5 6.773e-06 7.21062e-06 -5.72534e-06 7.42638e-07
8.525 6.30344e-06 6.74366e-06 -5.38895e-06 6.77357e-07
8.55 5.862e-06 6.30347e-06 -5.06998e-06 6.16748e-07
8.575 5.44753e-06 5.88891e-06 -4.76776e-06 5.60573e-07
8.6 5.05894e-06 5.49887e-06 -4.48166e-06 5.08604e-07
8.625 4.69513e-06 5.13232e-06 -4.21107e-06 4.60622e-07
8.65 4.35508e-06 4.78825e-06 -3.95541e-06 4.16416e-07
8.675 4.03776e-06 4.4657e-06 -3.71414e-06 3.7578e-07
8.7 3.74221e-06 4.16375e-06 -3.48672e-06 3.38516e-07
8.725 3.46747e-06 3.88153e-06 -3.27266e-06 3.04433e-07
8.75 3.21263e-06 3.61816e-06 -3.07147e-06 2.73345e-07
8.775 2.97678e-06 3.37283e-06 -2.88268e-06 2.45074e-07
8.8 2.75906e-06 3.14475e-06 -2.70586e-06 2.19446e-07
8.825 2.55861e-06 2.93315e-06 -2.54056e-06 1.96293e-07
8.85 2.3746e-06 2.73728e-06 -2.38637e-06 1.75454e-07
8.875 2.20622e-06 2.55642e-06 -2.24287e-06 1.56774e-07
8.9 2.05268e-06 2.38986e-06 -2.10965e-06 1.40103e-07
8.925 1.9132e-06 2.23691e-06 -1.98631e-06 1.25297e-07
8.95 1.78703e-06 2.0969e-06 -1.87246e-06 1.12218e-07
8.975 1.67341e-06 1.96917e-06 -1.7677e-06 1.00736e-07
9 1.57162e-06 1.85307e-06 -1.67162e-06 9.0725e-08
9.025 1.48093e-06 1.74797e-06 -1.58384e-06 8.20664e-08
9.05 1.40065e-06 1.65324e-06 -1.50395e-06 7.46474e-08
9.075 1.33009e-06 1.56827e-06 -1.43154e-06 6.83617e-08
9.1 1.26857e-06 1.49244e-06 -1.36622e-06 6.31091e-08
9.125 1.21543e-06 1.42517e-06 -1.30758e-06 5.87956e-08
9.15 1.17002e-06 1.36586e-06 -1.25519e-06 5.53333e-08
9.175 1.13171e-06 1.31393e-06 -1.20865e-06 5.26401e-08
9.2 1.09988e-06 1.26883e-06 -1.16755e-06 5.064e-08
9.225 1.07393e-06 1.22998e-06 -1.13146e-06 4.92622e-08
9.25 1.05328e-06 1.19685e-06 -1.09997e-06 4.84417e-08
9.275 1.03736e-06 1.1689e-06 -1.07266e-06 4.81184e-08
9.3 1.02562e-06 1.1456e-06 -1.04913e-06 4.82371e-08
9.325 1.01753e-06 1.12646e-06 -1.02896e-06 4.87474e-08
9.35 1.0126e-06 1.11097e-06 -1.01177e-06 4.96031e-08
9.375 1.01033e-06 1.09867e-06 -9.9715e-07 5.0762e-08
9.4 1.01026e-06 1.08911e-06 -9.84737e-07 5.21856e-08
9.425 1.01195e-06 1.08184e-06 -9.74159e-07 5.38389e-08
9.45 1.015e-06 1.07645e-06 -9.65066e-07 5.56899e-08
9.475 1.01902e-06 1.07254e-06 -9.57123e-07 5.77092e-08
9.5 1.02364e-06 1.06975e-06 -9.50014e-07 5.98702e-08
9.525 1.02853e-06 1.06774e-06 -9.43442e-07 6.21479e-08
9.55 1.03339e-06 1.06617e-06 -9.37133e-07 6.45197e-08
9.575 1.03794e-06 1.06476e-06 -9.30835e-07 6.69643e-08
9.6 1.04193e-06 1.06324e-06 -9.2432e-07 6.94618e-08
9.625 1.04513e-06 1.06137e-06 -9.17384e-07 7.19935e-08
9.65 1.04737e-06 1.05893e-06 -9.0985e-07 7.45415e-08
9.675 1.04847e-06 1.05574e-06 -9.01565e-07 7.70887e-08
9.7 1.04829e-06 1.05164e-06 -8.92404e-07 7.96188e-08
9.725 1.04673e-06 1.0465e-06 -8.82266e-07 8.21156e-08
9.75 1.04369e-06 1.04021e-06 -8.71078e-07 8.45637e-08
9.775 1.03912e-06 1.03269e-06 -8.5879e-07 8.69478e-08
9.8 1.03299e-06 1.02388e-06 -8.45376e-07 8.92529e-08
9.825 1.02528e-06 1.01376e-06 -8.30834e-07 9.14645e-08
9.85 1.01599e-06 1.00232e-06 -8.15184e-07 9.3568e-08
9.875 1.00515e-06 9.89566e-07 -7.98467e-07 9.55495e-08
9.9 9.92813e-07 9.7553e-07 -7.8074e-07 9.73951e-08
9.925 9.79033e-07 9.60262e-07 -7.62078e-07 9.90918e-08
9.95 9.63886e-07 9.43826e-07 -7.42573e-07 1.00627e-07
9.975 9.47461e-07 9.26301e-07 -7.22326e-07 1.01987e-07
10 9.29855e-07 9.07777e-07 -7.01452e-07 1.03162e-07
10.025 9.11176e-07 8.88354e-07 -6.80071e-07 1.04141e-07
10.05 8.91536e-07 8.68141e-07 -6.58313e-07 1.04914e-07
10.075 8.71054e-07 8.47252e-07 -6.36308e-07 1.05472e-07
10.1 8.49853e-07 8.25806e-07 -6.14191e-07 1.05808e-07
10.125 8.28054e-07 8.03922e-07 -5.92094e-07 1.05914e-07
10.15 8.05781e-07 7.81721e-07 -5.70149e-07 1.05786e-07
10.175 7.83154e-07 7.59322e-07 -5.48481e-07 1.05421e-07
10.2 7.6029e-07 7.36841e-07 -5.27212e-07 1.04815e-07
10.225 7.37303e-07 7.14388e-07 -5.06453e-07 1.03968e-07
10.25 7.14299e-07 6.92068e-07 -4.86307e-07 1.0288e-07
10.275 6.91377e-07 6.69979e-07 -4.66868e-07 1.01555e-07
10.3 6.68629e-07 6.4821e-07 -4.48216e-07 9.99966e-08
10.325 6.4614e-07 6.26839e-07 -4.3042e-07 9.82098e-08
10.35 6.23981e-07 6.05938e-07 -4.13534e-07 9.6202e-08
10.375 6.02219e-07 5.85566e-07 -3.97601e-07 9.39823e-08
10.4 5.80907e-07 5.6577e-07 -3.82648e-07 9.15608e-08
10.425 5.60089e-07 5.46588e-07 -3.68689e-07 8.89494e-08
10.45 5.39801e-07 5.28046e-07 -3.55724e-07 8.61611e-08
10.475 5.20067e-07 5.10161e-07 -3.4374e-07 8.32105e-08
10.5 5.00901e-07 4.92936e-07 -3.3271e-07 8.01129e-08
10.525 4.82311e-07 4.76368e-07 -3.22598e-07 7.68849e-08
10.55 4.64295e-07 4.60441e-07 -3.13353e-07 7.35439e-08
10.575 4.46842e-07 4.45134e-07 -3.04918e-07 7.0108e-08
10.6 4.29935e-07 4.30416e-07 -2.97224e-07 6.6596e-08
10.625 4.13553e-07 4.16249e-07 -2.90195e-07 6.3027e-08
10.65 3.97666e-07 4.02591e-07 -2.83751e-07 5.94203e-08
10.675 3.82243e-07 3.89395e-07 -2.77805e-07 5.57954e-08
10.7 3.67248e-07 3.7661e-07 -2.72266e-07 5.21716e-08
10.725 3.52643e-07 3.64182e-07 -2.67045e-07 4.85682e-08
10.75 3.38389e-07 3.52057e-07 -2.62049e-07 4.50037e-08
10.775 3.24447e-07 3.4018e-07 -2.57188e-07 4.14964e-08
10.8 3.10778e-07 3.285e-07 -2.52373e-07 3.80636e-08
10.825 2.97345e-07 3.16964e-07 -2.4752e-07 3.4722e-08
10.85 2.84112e-07 3.05524e-07 -2.4255e-07 3.14872e-08
10.875 2.71049e-07 2.94138e-07 -2.3739e-07 2.83737e-08
10.9 2.58127e-07 2.82765e-07 -2.31975e-07 2.53947e-08
10.925 2.45322e-07 2.71372e-07 -2.26248e-07 2.25623e-08
10.95 2.32616e-07 2.59934e-07 -2.20159e-07 1.98871e-08
10.975 2.19997e-07 2.48428e-07 -2.13671e-07 1.73783e-08
11 2.07456e-07 2.36842e-07 -2.06755e-07 1.50434e-08
11.025 1.94991e-07 2.25171e-07 -1.99393e-07 1.28887e-08
11.05 1.82608e-07 2.13416e-07 -1.91578e-07 1.09188e-08
11.075 1.70316e-07 2.01586e-07 -1.83312e-07 9.13668e-09
11.1 1.58131e-07 1.89698e-07 -1.7461e-07 7.54384e-09
11.125 1.46075e-07 1.77776e-07 -1.65495e-07 6.14027e-09
11.15 1.34175e-07 1.6585e-07 -1.56001e-07 4.92447e-09
11.175 1.22462e-07 1.53958e-07 -1.46171e-07 3.89351e-09
11.2 1.10974e-07 1.42143e-07 -1.36057e-07 3.0431e-09
11.225 9.97488e-08 1.30452e-07 -1.25717e-07 2.36768e-09
11.25 8.88311e-08 1.18938e-07 -1.15217e-07 1.86048e-09
11.275 7.82663e-08 1.07656e-07 -1.04629e-07 1.51363e-09
11.3 6.81019e-08 9.66663e-08 -9.40298e-08 1.31827e-09
11.325 5.83868e-08 8.60286e-08 -8.34993e-08 1.26466e-09
11.35 4.91698e-08 7.58046e-08 -7.312e-08 1.34227e-09
11.375 4.04995e-08 6.60559e-08 -6.2976e-08 1.53996e-09
11.4 3.24232e-08 5.68432e-08 -5.31511e-08 1.84604e-09
11.425 2.49859e-08 4.82254e-08 -4.37285e-08 2.24845e-09
11.45 1.82302e-08 4.02584e-08 -3.47887e-08 2.73485e-09
11.475 1.21951e-08 3.29949e-08 -2.64094e-08 3.29275e-09
11.5 6.91542e-09 2.64828e-08 -1.86635e-08 3.90966e-09
11.525 2.42124e-09 2.0765e-08 -1.16187e-08 4.57319e-09
11.55 -1.26261e-09 1.58787e-08 -5.33635e-09 5.27116e-09
11.575 -4.11706e-09 1.18543e-08 1.29171e-10 5.99175e-09
11.6 -6.12923e-09 8.71559e-09 4.73148e-09 6.72354e-09
11.625 -7.29272e-09 6.4787e-09 8.43262e-09 7.45566e-09
11.65 -7.60786e-09 5.15215e-09 1.12036e-08 8.17787e-09
11.675 -7.08188e-09 4.73651e-09 1.30248e-08 8.88064e-09
11.7 -5.72895e-09 5.22424e-09 1.38862e-08 9.5552e-09
11.725 -3.57016e-09 6.59971e-09 1.37876e-08 1.01936e-08
11.75 -6.33447e-10 8.83927e-09 1.27386e-08 1.07889e-08
11.775 3.04666e-09 1.19114e-08 1.07584e-08 1.13349e-08
11.8 7.42926e-09 1.57772e-08 7.876e-09 1.18266e-08
11.825 1.24675e-08 2.03903e-08 4.1292e-09 1.22597e-08
11.85 1.81089e-08 2.56978e-08 -4.35296e-10 1.26312e-08
11.875 2.4296e-08 3.16406e-08 -5.76263e-09 1.2939e-08
11.9 3.09668e-08 3.81539e-08 -1.17904e-08 1.31818e-08
11.925 3.80555e-08 4.51683e-08 -1.84494e-08 1.33594e-08
11.95 4.54928e-08 5.26099e-08 -2.56643e-08 1.34728e-08
11.975 5.32072e-08 6.04018e-08 -3.33547e-08 1.35236e-08
12 6.11252e-08 6.84642e-08 -4.14358e-08 1.35142e-08
12.025 6.91723e-08 7.67159e-08 -4.98197e-08 1.34481e-08
12.05 7.72736e-08 8.50747e-08 -5.8416e-08 1.33293e-08
12.075 8.53549e-08 9.34585e-08 -6.71329e-08 1.31628e-08
12.1 9.33429e-08 1.01786e-07 -7.58785e-08 1.29538e-08
12.125 1.01166e-07 1.09978e-07 -8.45613e-08 1.27083e-08
12.15 1.08757e-07 1.17957e-07 -9.30915e-08 1.24327e-08
12.175 1.16049e-07 1.2565e-07 -1.01382e-07 1.21339e-08
12.2 1.22981e-07 1.32987e-07 -1.09349e-07 1.18188e-08
12.225 1.29497e-07 1.39904e-07 -1.16914e-07 1.14948e-08
12.25 1.35545e-07 1.46341e-07 -1.24002e-07 1.11692e-08
12.275 1.41079e-07 1.52244e-07 -1.30545e-07 1.08495e-08
12.3 1.46058e-07 1.57568e-07 -1.36482e-07 1.05431e-08
12.325 1.5045e-07 1.62272e-07 -1.41758e-07 1.02572e-08
12.35 1.54226e-07 1.66323e-07 -1.46326e-07 9.9988e-09
12.375 1.57366e-07 1.69697e-07 -1.50147e-07 9.77466e-09
12.4 1.59857e-07 1.72374e-07 -1.53192e-07 9.59115e-09
12.425 1.61692e-07 1.74346e-07 -1.55438e-07 9.45417e-09
12.45 1.62872e-07 1.75611e-07 -1.56872e-07 9.36915e-09
12.475 1.63404e-07 1.76173e-07 -1.57491e-07 9.34097e-09
12.5 1.63302e-07 1.76045e-07 -1.57298e-07 9.37386e-09
12.525 1.62586e-07 1.75249e-07 -1.56306e-07 9.47143e-09
12.55 1.61283e-07 1.7381e-07 -1.54537e-07 9.63659e-09
12.575 1.59426e-07 1.71763e-07 -1.5202e-07 9.8715e-09
12.6 1.57052e-07 1.69147e-07 -1.48792e-07 1.01776e-08
12.625 1.54203e-07 1.66008e-07 -1.44896e-07 1.05556e-08
12.65 1.50927e-07 1.62395e-07 -1.40384e-07 1.10053e-08
12.675 1.47275e-07 1.58363e-07 -1.35312e-07 1.15258e-08
12.7 1.43301e-07 1.53971e-07 -1.2974e-07 1.21155e-08
12.725 1.39061e-07 1.4928e-07 -1.23737e-07 1.2772e-08
12.75 1.34614e-07 1.44354e-07 -1.1737e-07 1.34921e-08
12.775 1.3002e-07 1.39259e-07 -1.10715e-07 1.42719e-08
12.8 1.25341e-07 1.3406e-07 -1.03846e-07 1.51069e-08
12.825 1.20636e-07 1.28824e-07 -9.68397e-08 1.5992e-08
12.85 1.15966e-07 1.23617e-07 -8.97745e-08 1.69212e-08
12.875 1.1139e-07 1.18504e-07 -8.27275e-08 1.78884e-08
12.9 1.06965e-07 1.13549e-07 -7.57754e-08 1.88868e-08
12.925 1.02746e-07 1.08811e-07 -6.89931e-08 1.9909e-08
12.95 9.87851e-08 1.04348e-07 -6.24531e-08 2.09476e-08
12.975 9.51308e-08 1.00214e-07 -5.62248e-08 2.19948e-08
13 9.18275e-08 9.64587e-08 -5.03741e-08 2.30423e-08
13.025 8.89156e-08 9.31263e-08 -4.49622e-08 2.40821e-08
13.05 8.64308e-08 9.02571e-08 -4.00456e-08 2.51058e-08
13.075 8.44038e-08 8.78854e-08 -3.56752e-08 2.61051e-08
13.1 8.28602e-08 8.60401e-08 -3.18964e-08 2.70719e-08
13.125 8.182e-08 8.4744e-08 -2.87479e-08 2.7998e-08
13.15 8.12978e-08 8.4014e-08 -2.62623e-08 2.88758e-08
13.175 8.13024e-08 8.38607e-08 -2.44652e-08 2.96978e-08
13.2 8.18372e-08 8.42886e-08 -2.33753e-08 3.04567e-08
13.225 8.28998e-08 8.52959e-08 -2.30041e-08 3.11459e-08
13.25 8.44822e-08 8.68749e-08 -2.33563e-08 3.17593e-08
13.275 8.65711e-08 8.90119e-08 -2.44293e-08 3.22913e-08
13.3 8.91482e-08 9.16874e-08 -2.62137e-08 3.27368e-08
13.325 9.21899e-08 9.48767e-08 -2.86932e-08 3.30918e-08
13.35 9.56683e-08 9.85498e-08 -3.18448e-08 3.33525e-08
13.375 9.95508e-08 1.02672e-07 -3.56394e-08 3.35163e-08
13.4 1.03801e-07 1.07204e-07 -4.00419e-08 3.35811e-08
13.425 1.08379e-07 1.12103e-07 -4.50115e-08 3.3546e-08
13.45 1.13242e-07 1.17323e-07 -5.05023e-08 3.34105e-08
13.475 1.18344e-07 1.22814e-07 -5.64635e-08 3.31754e-08
13.5 1.23638e-07 1.28525e-07 -6.28404e-08 3.28421e-08
13.525 1.29073e-07 1.34401e-07 -6.95743e-08 3.24131e-08
13.55 1.34598e-07 1.40387e-07 -7.66035e-08 3.18918e-08
13.575 1.40163e-07 1.46428e-07 -8.38638e-08 3.12823e-08
13.6 1.45716e-07 1.52468e-07 -9.12888e-08 3.05897e-08
13.625 1.51205e-07 1.58451e-07 -9.88107e-08 2.98201e-08
13.65 1.56579e-07 1.64321e-07 -1.06361e-07 2.89801e-08
13.675 1.6179e-07 1.70026e-07 -1.13871e-07 2.80773e-08
13.7 1.66789e-07 1.75513e-07 -1.21272e-07 2.71202e-08
13.725 1.71532e-07 1.80732e-07 -1.28497e-07 2.61177e-08
13.75 1.75975e-07 1.85638e-07 -1.35479e-07 2.50795e-08
13.775 1.80078e-07 1.90187e-07 -1.42155e-07 2.4016e-08
13.8 1.83806e-07 1.94338e-07 -1.48462e-07 2.29381e-08
13.825 1.87124e-07 1.98055e-07 -1.54341e-07 2.18571e-08
13.85 1.90005e-07 2.01308e-07 -1.59738e-07 2.07849e-08
13.875 1.92422e-07 2.04067e-07 -1.646e-07 1.97335e-08
13.9 1.94357e-07 2.06312e-07 -1.68881e-07 1.87154e-08
13.925 1.95791e-07 2.08023e-07 -1.72536e-07 1.77433e-08
13.95 1.96715e-07 2.09187e-07 -1.75527e-07 1.683e-08
13.975 1.97122e-07 2.09798e-07 -1.77822e-07 1.59883e-08
14 1.97009e-07 2.09853e-07 -1.79391e-07 1.5231e-08
14.025 1.96379e-07 2.09353e-07 -1.80211e-07 1.45709e-08
14.05 1.9524e-07 2.08306e-07 -1.80265e-07 1.40205e-08
14.075 1.93604e-07 2.06725e-07 -1.7954e-07 1.35922e-08
14.1 1.91487e-07 2.04627e-07 -1.7803e-07 1.3298e-08
14.125 1.88911e-07 2.02033e-07 -1.75734e-07 1.31495e-08
14.15 1.85901e-07 1.98971e-07 -1.72655e-07 1.31579e-08
14.175 1.82485e-07 1.9547e-07 -1.68802e-07 1.33338e-08
14.2 1.78696e-07 1.91565e-07 -1.64191e-07 1.36872e-08
14.225 1.74571e-07 1.87295e-07 -1.5884e-07 1.42276e-08
14.25 1.70149e-07 1.827e-07 -1.52773e-07 1.49636e-08
14.275 1.65471e-07 1.77826e-07 -1.46019e-07 1.59032e-08
14.3 1.60583e-07 1.72719e-07 -1.38612e-07 1.70534e-08
14.325 1.5553e-07 1.67428e-07 -1.30587e-07 1.84205e-08
14.35 1.50362e-07 1.62005e-07 -1.21985e-07 2.001e-08
14.375 1.45126e-07 1.56502e-07 -1.12849e-07 2.18262e-08
14.4 1.39875e-07 1.50973e-07 -1.03227e-07 2.38727e-08
14.425 1.3466e-07 1.45472e-07 -9.31677e-08 2.61519e-08
14.45 1.29532e-07 1.40053e-07 -8.2722e-08 2.86655e-08
14.475 1.24541e-07 1.34771e-07 -7.19434e-08 3.14139e-08
14.5 1.1974e-07 1.2968e-07 -6.08868e-08 3.43966e-08
14.525 1.15178e-07 1.24832e-07 -4.9608e-08 3.76122e-08
14.55 1.10904e-07 1.2028e-07 -3.81634e-08 4.10582e-08
14.575 1.06964e-07 1.16072e-07 -2.66101e-08 4.47309e-08
14.6 1.03405e-07 1.12257e-07 -1.50049e-08 4.86261e-08
14.625 1.00269e-07 1.08881e-07 -3.40431e-09 5.27381e-08
14.65 9.75978e-08 1.05986e-07 8.13581e-09 5.70607e-08
14.675 9.54285e-08 1.03612e-07 1.95607e-08 6.15865e-08
14.7 9.37965e-08 1.01798e-07 3.08168e-08 6.63072e-08
14.725 9.27338e-08 1.00576e-07 4.18525e-08 7.1214e-08
14.75 9.22692e-08 9.99763e-08 5.26177e-08 7.6297e-08
14.775 9.24279e-08 1.00026e-07 6.30647e-08 8.15456e-08
14.8 9.32315e-08 1.00749e-07 7.31482e-08 8.69485e-08
14.825 9.4698e-08 1.02162e-07 8.28253e-08 9.24937e-08
14.85 9.68414e-08 1.04281e-07 9.20562e-08 9.81689e-08
14.875 9.96721e-08 1.07118e-07 1.00804e-07 1.03961e-07
14.9 1.03197e-07 1.10678e-07 1.09034e-07 1.09856e-07
14.925 1.07417e-07 1.14964e-07 1.16716e-07 1.1584e-07
14.95 1.12333e-07 1.19975e-07 1.23823e-07 1.21899e-07
14.975 1.17939e-07 1.25706e-07 1.30331e-07 1.28018e-07
15 1.24226e-07 1.32147e-07 1.36218e-07 1.34183e-07
15.025 1.31183e-07 1.39287e-07 1.41468e-07 1.40377e-07
15.05 1.38792e-07 1.47107e-07 1.46067e-07 1.46587e-07
15.075 1.47034e-07 1.55587e-07 1.50004e-07 1.52796e-07
15.1 1.55888e-07 1.64705e-07 1.53273e-07 1.58989e-07
15.125 1.65328e-07 1.74434e-07 1.5587e-07 1.65152e-07
15.15 1.75324e-07 1.84743e-07 1.57794e-07 1.71268e-07
15.175 1.85847e-07 1.956e-07 1.59049e-07 1.77324e-07
15.2 1.96862e-07 2.0697e-07 1.59639e-07 1.83304e-07
15.225 2.08333e-07 2.18815e-07 1.59575e-07 1.89195e-07
15.25 2.20223e-07 2.31096e-07 1.58866e-07 1.94981e-07
15.275 2.32491e-07 2.43772e-07 1.57528e-07 2.0065e-07
15.3 2.45096e-07 2.56798e-07 1.55578e-07 2.06188e-07
15.325 2.57996e-07 2.70131e-07 1.53033e-07 2.11582e-07
15.35 2.71147e-07 2.83725e-07 1.49916e-07 2.16821e-07
15.375 2.84504e-07 2.97534e-07 1.4625e-07 2.21892e-07
15.4 2.98021e-07 3.1151e-07 1.42058e-07 2.26784e-07
15.425 3.11654e-07 3.25606e-07 1.37369e-07 2.31488e-07
15.45 3.25355e-07 3.39774e-07 1.3221e-07 2.35992e-07
15.475 3.3908e-07 3.53967e-07 1.26611e-07 2.40289e-07
15.5 3.52783e-07 3.68137e-07 1.20601e-07 2.44369e-07
15.525 3.66419e-07 3.82238e-07 1.14212e-07 2.48225e-07
15.55 3.79943e-07 3.96224e-07 1.07475e-07 2.5185e-07
15.575 3.93313e-07 4.1005e-07 1.00424e-07 2.55237e-07
15.6 4.06485e-07 4.23671e-07 9.3091e-08 2.58381e-07
15.625 4.19419e-07 4.37046e-07 8.55086e-08 2.61277e-07
15.65 4.32074e-07 4.50133e-07 7.77099e-08 2.63922e-07
15.675 4.44414e-07 4.62893e-07 6.97277e-08 2.66311e-07
15.7 4.56401e-07 4.75289e-07 6.15945e-08 2.68442e-07
15.725 4.68001e-07 4.87284e-07 5.33424e-08 2.70313e-07
15.75 4.79181e-07 4.98845e-07 4.50028e-08 2.71924e-07
15.775 4.89911e-07 5.09939e-07 3.66066e-08 2.73273e-07
15.8 5.00161e-07 5.20539e-07 2.81837e-08 2.74361e-07
15.825 5.09906e-07 5.30616e-07 1.97632e-08 2.7519e-07
15.85 5.19121e-07 5.40146e-07 1.13731e-08 2.7576e-07
15.875 5.27785e-07 5.49106e-07 3.04044e-09 2.76073e-07
15.9 5.35878e-07 5.57476e-07 -5.209e-09 2.76133e-07
15.925 5.43382e-07 5.65238e-07 -1.33507e-08 2.75944e-07
15.95 5.50283e-07 5.72378e-07 -2.13613e-08 2.75508e-07
15.975 5.56568e-07 5.78881e-07 -2.9219e-08 2.74831e-07
16 5.62227e-07 5.84738e-07 -3.69033e-08 2.73918e-07
16.025 5.67251e-07 5.89941e-07 -4.43949e-08 2.72773e-07
16.05 5.71636e-07 5.94483e-07 -5.16764e-08 2.71404e-07
16.075 5.75378e-07 5.98362e-07 -5.87314e-08 2.69815e-07
16.1 5.78475e-07 6.01576e-07 -6.55453e-08 2.68015e-07
16.125 5.80927e-07 6.04125e-07 -7.21047e-08 2.6601e-07
16.15 5.82739e-07 6.06013e-07 -7.83979e-08 2.63807e-07
16.175 5.83914e-07 6.07244e-07 -8.44144e-08 2.61415e-07
16.2 5.84459e-07 6.07826e-07 -9.01453e-08 2.5884e-07
16.225 5.84382e-07 6.07766e-07 -9.5583e-08 2.56092e-07
16.25 5.83694e-07 6.07076e-07 -1.00721e-07 2.53178e-07
16.275 5.82406e-07 6.05768e-07 -1.05555e-07 2.50106e-07
16.3 5.80531e-07 6.03855e-07 -1.10081e-07 2.46887e-07
16.325 5.78084e-07 6.01351e-07 -1.14297e-07 2.43527e-07
16.35 5.7508e-07 5.98274e-07 -1.18202e-07 2.40036e-07
16.375 5.71537e-07 5.9464e-07 -1.21795e-07 2.36423e-07
16.4 5.67473e-07 5.90469e-07 -1.25077e-07 2.32696e-07
16.425 5.62906e-07 5.8578e-07 -1.28051e-07 2.28864e-07
16.45 5.57857e-07 5.80593e-07 -1.3072e-07 2.24937e-07
16.475 5.52346e-07 5.74931e-07 -1.33088e-07 2.20921e-07
16.5 5.46395e-07 5.68813e-07 -1.35159e-07 2.16827e-07
16.525 5.40025e-07 5.62264e-07 -1.36939e-07 2.12663e-07
16.55 5.3326e-07 5.55307e-07 -1.38434e-07 2.08436e-07
16.575 5.26121e-07 5.47963e-07 -1.39652e-07 2.04156e-07
16.6 5.18632e-07 5.40258e-07 -1.40599e-07 1.9983e-07
16.625 5.10816e-07 5.32215e-07 -1.41285e-07 1.95465e-07
16.65 5.02697e-07 5.23858e-07 -1.41717e-07 1.91071e-07
16.675 4.94297e-07 5.15211e-07 -1.41904e-07 1.86653e-07
16.7 4.85639e-07 5.06297e-07 -1.41857e-07 1.8222e-07
16.725 4.76748e-07 4.9714e-07 -1.41584e-07 1.77778e-07
16.75 4.67645e-07 4.87764e-07 -1.41096e-07 1.73334e-07
16.775 4.58354e-07 4.78192e-07 -1.40403e-07 1.68895e-07
16.8 4.48896e-07 4.68447e-07 -1.39515e-07 1.64466e-07
16.825 4.39294e-07 4.5855e-07 -1.38443e-07 1.60054e-07
16.85 4.29568e-07 4.48525e-07 -1.37196e-07 1.55664e-07
16.875 4.1974e-07 4.38392e-07 -1.35786e-07 1.51303e-07
16.9 4.0983e-07 4.28171e-07 -1.34224e-07 1.46974e-07
16.925 3.99857e-07 4.17884e-07 -1.32518e-07 1.42683e-07
16.95 3.89841e-07 4.0755e-07 -1.30681e-07 1.38434e-07
16.975 3.79799e-07 3.97187e-07 -1.28721e-07 1.34233e-07
17 3.6975e-07 3.86814e-07 -1.2665e-07 1.30082e-07
17.025 3.59711e-07 3.76448e-07 -1.24477e-07 1.25986e-07
17.05 3.49697e-07 3.66106e-07 -1.22211e-07 1.21947e-07
17.075 3.39725e-07 3.55803e-07 -1.19862e-07 1.1797e-07
17.1 3.29808e-07 3.45555e-07 -1.1744e-07 1.14058e-07
17.125 3.19962e-07 3.35376e-07 -1.14953e-07 1.10212e-07
17.15 3.10198e-07 3.2528e-07 -1.12409e-07 1.06435e-07
17.175 3.00529e-07 3.15279e-07 -1.09818e-07 1.0273e-07
17.2 2.90967e-07 3.05385e-07 -1.07187e-07 9.90992e-08
17.225 2.81523e-07 2.9561e-07 -1.04524e-07 9.55432e-08
17.25 2.72206e-07 2.85963e-07 -1.01835e-07 9.20639e-08
17.275 2.63027e-07 2.76455e-07 -9.91291e-08 8.86627e-08
17.3 2.53992e-07 2.67093e-07 -9.64118e-08 8.53406e-08
17.325 2.45111e-07 2.57887e-07 -9.36897e-08 8.20984e-08
17.35 2.3639e-07 2.48842e-07 -9.09687e-08 7.89369e-08
17.375 2.27835e-07 2.39967e-07 -8.82545e-08 7.58564e-08
17.4 2.19453e-07 2.31267e-07 -8.55523e-08 7.28574e-08
17.425 2.11247e-07 2.22747e-07 -8.28672e-08 6.99398e-08
17.45 2.03223e-07 2.14411e-07 -8.02038e-08 6.71037e-08
17.475 1.95385e-07 2.06264e-07 -7.75663e-08 6.43489e-08
17.5 1.87734e-07 1.98309e-07 -7.49588e-08 6.16751e-08
17.525 1.80275e-07 1.90548e-07 -7.23849e-08 5.90817e-08
17.55 1.73008e-07 1.82984e-07 -6.98478e-08 5.65683e-08
17.575 1.65935e-07 1.75619e-07 -6.73508e-08 5.4134e-08
17.6 1.59057e-07 1.68453e-07 -6.48965e-08 5.1778e-08
17.625 1.52376e-07 1.61486e-07 -6.24875e-08 4.94994e-08
17.65 1.45889e-07 1.5472e-07 -6.01258e-08 4.72973e-08
17.675 1.39599e-07 1.48154e-07 -5.78136e-08 4.51704e-08
17.7 1.33502e-07 1.41788e-07 -5.55523e-08 4.31176e-08
17.725 1.27599e-07 1.35619e-07 -5.33436e-08 4.11376e-08
17.75 1.21888e-07 1.29647e-07 -5.11887e-08 3.92291e-08
17.775 1.16367e-07 1.2387e-07 -4.90885e-08 3.73908e-08
17.8 1.11033e-07 1.18286e-07 -4.70438e-08 3.56211e-08
17.825 1.05886e-07 1.12893e-07 -4.50554e-08 3.39187e-08
17.85 1.0092e-07 1.07687e-07 -4.31235e-08 3.22819e-08
17.875 9.61353e-08 1.02667e-07 -4.12485e-08 3.07093e-08
17.9 9.1527e-08 9.78288e-08 -3.94304e-08 2.91992e-08
17.925 8.70922e-08 9.31694e-08 -3.76692e-08 2.77501e-08
17.95 8.28275e-08 8.86854e-08 -3.59648e-08 2.63603e-08
17.975 7.87293e-08 8.43731e-08 -3.43166e-08 2.50283e-08
18 7.4794e-08 8.0229e-08 -3.27244e-08 2.37523e-08
18.025 7.10175e-08 7.62491e-08 -3.11876e-08 2.25308e-08
18.05 6.73962e-08 7.24295e-08 -2.97055e-08 2.1362e-08
18.075 6.39259e-08 6.87663e-08 -2.82773e-08 2.02445e-08
18.1 6.06026e-08 6.52553e-08 -2.69023e-08 1.91765e-08
18.125 5.74222e-08 6.18924e-08 -2.55795e-08 1.81564e-08
18.15 5.43806e-08 5.86734e-08 -2.4308e-08 1.71827e-08
18.175 5.14736e-08 5.55941e-08 -2.30866e-08 1.62537e-08
18.2 4.86971e-08 5.26504e-08 -2.19144e-08 1.5368e-08
18.225 4.60469e-08 4.9838e-08 -2.07903e-08 1.45239e-08
18.25 4.35189e-08 4.71528e-08 -1.9713e-08 1.37199e-08
18.275 4.11089e-08 4.45904e-08 -1.86813e-08 1.29546e-08
18.3 3.8813e-08 4.2147e-08 -1.76941e-08 1.22264e-08
18.325 3.66269e-08 3.98182e-08 -1.675e-08 1.15341e-08
18.35 3.45469e-08 3.76e-08 -1.5848e-08 1.0876e-08
18.375 3.25688e-08 3.54885e-08 -1.49865e-08 1.0251e-08
18.4 3.06889e-08 3.34796e-08 -1.41645e-08 9.65755e-09
18.425 2.89033e-08 3.15696e-08 -1.33807e-08 9.09447e-09
18.45 2.72084e-08 2.97545e-08 -1.26336e-08 8.56045e-09
18.475 2.56004e-08 2.80307e-08 -1.19222e-08 8.05426e-09
18.5 2.40759e-08 2.63945e-08 -1.12451e-08 7.57468e-09
18.525 2.26312e-08 2.48422e-08 -1.06011e-08 7.12056e-09
18.55 2.1263e-08 2.33705e-08 -9.98898e-09 6.69076e-09
18.575 1.99681e-08 2.19759e-08 -9.4075e-09 6.28418e-09
18.6 1.8743e-08 2.0655e-08 -8.85549e-09 5.89977e-09
18.625 1.75849e-08 1.94047e-08 -8.33176e-09 5.53649e-09
18.65 1.64905e-08 1.82219e-08 -7.83518e-09 5.19336e-09
18.675 1.5457e-08 1.71034e-08 -7.36461e-09 4.86941e-09
18.7 1.44815e-08 1.60464e-08 -6.91896e-09 4.56374e-09
18.725 1.35613e-08 1.5048e-08 -6.49717e-09 4.27543e-09
18.75 1.26936e-08 1.41055e-08 -6.09817e-09 4.00365e-09
18.775 1.1876e-08 1.32161e-08 -5.72097e-09 3.74756e-09
18.8 1.1106e-08 1.23773e-08 -5.36457e-09 3.50639e-09
18.825 1.03811e-08 1.15867e-08 -5.02802e-09 3.27936e-09
18.85 9.69911e-09 1.08419e-08 -4.71038e-09 3.06575e-09
18.875 9.05782e-09 1.01405e-08 -4.41077e-09 2.86486e-09
18.9 8.45511e-09 9.48037e-09 -4.12832e-09 2.67603e-09
18.925 7.88894e-09 8.85939e-09 -3.86218e-09 2.49861e-09
18.95 7.35739e-09 8.27553e-09 -3.61155e-09 2.33199e-09
18.975 6.85858e-09 7.72683e-09 -3.37566e-09 2.17558e-09
19 6.39074e-09 7.21144e-09 -3.15376e-09 2.02884e-09
19.025 5.95217e-09 6.72756e-09 -2.94512e-09 1.89122e-09
19.05 5.54124e-09 6.27349e-09 -2.74906e-09 1.76222e-09
19.075 5.15642e-09 5.8476e-09 -2.56491e-09 1.64135e-09
19.1 4.7962e-09 5.44834e-09 -2.39204e-09 1.52815e-09
19.125 4.4592e-09 5.07421e-09 -2.22985e-09 1.42218e-09
19.15 4.14408e-09 4.7238e-09 -2.07774e-09 1.32303e-09
19.175 3.84954e-09 4.39576e-09 -1.93517e-09 1.23029e-09
19.2 3.57439e-09 4.0888e-09 -1.8016e-09 1.1436e-09
19.225 3.31748e-09 3.80172e-09 -1.67653e-09 1.06259e-09
19.25 3.0777e-09 3.53333e-09 -1.55947e-09 9.86932e-10
19.275 2.85404e-09 3.28255e-09 -1.44997e-09 9.16292e-10
19.3 2.64549e-09 3.04832e-09 -1.34758e-09 8.50371e-10
19.325 2.45114e-09 2.82966e-09 -1.2519e-09 7.8888e-10
19.35 2.2701e-09 2.62561e-09 -1.16252e-09 7.31548e-10
19.375 2.10154e-09 2.4353e-09 -1.07907e-09 6.78115e-10
19.4 1.94468e-09 2.25787e-09 -1.00119e-09 6.28339e-10
19.425 1.79877e-09 2.09252e-09 -9.28548e-10 5.81988e-10
19.45 1.66311e-09 1.93851e-09 -8.6082e-10 5.38846e-10
19.475 1.53703e-09 1.79512e-09 -7.97704e-10 4.98708e-10
19.5 1.41993e-09 1.66168e-09 -7.38913e-10 4.61381e-10
19.525 1.3112e-09 1.53754e-09 -6.84176e-10 4.26682e-10
19.55 1.21029e-09 1.42212e-09 -6.33236e-10 3.9444e-10
19.575 1.11669e-09 1.31484e-09 -5.85851e-10 3.64494e-10
19.6 1.0299e-09 1.21518e-09 -5.41794e-10 3.36692e-10
19.625 9.49464e-10 1.12263e-09 -5.00849e-10 3.10891e-10
19.65 8.74954e-10 1.03673e-09 -4.62814e-10 2.86957e-10
19.675 8.05961e-10 9.57026e-10 -4.27496e-10 2.64765e-10
19.7 7.42107e-10 8.83109e-10 -3.94717e-10 2.44196e-10
19.725 6.83034e-10 8.14586e-10 -3.64307e-10 2.25139e-10
19.75 6.28408e-10 7.5109e-10 -3.36108e-10 2.07491e-10
19.775 5.77918e-10 6.92277e-10 -3.0997e-10 1.91153e-10
19.8 5.3127e-10 6.37825e-10 -2.85753e-10 1.76036e-10
19.825 4.88191e-10 5.87431e-10 -2.63325e-10 1.62053e-10
19.85 4.48426e-10 5.40813e-10 -2.42564e-10 1.49125e-10
19.875 4.11735e-10 4.97705e-10 -2.23353e-10 1.37176e-10
19.9 3.77895e-10 4.5786e-10 -2.05584e-10 1.26138e-10
19.925 3.46699e-10 4.21045e-10 -1.89156e-10 1.15944e-10
19.95 3.17952e-10 3.87045e-10 -1.73975e-10 1.06535e-10
19.975 2.91473e-10 3.55656e-10 -1.5995e-10 9.78528e-11
20 2.67094e-10 3.26691e-10 -1.47001e-10 8.98448e-11
