0 1.43582e-08 1.42124e-08 -1.31083e-09 6.45081e-09
0.025 1.43582e-08 1.42124e-08 -1.31083e-09 6.45081e-09
0.05 2.29583e-07 2.27253e-07 -2.09571e-08 1.03148e-07
0.075 1.16101e-06 1.14924e-06 -1.0596e-07 5.21639e-07
0.1 3.66384e-06 3.62672e-06 -3.34284e-07 1.64622e-06
0.125 8.92758e-06 8.83726e-06 -8.14243e-07 4.01151e-06
0.15 1.84684e-05 1.82819e-05 -1.68366e-06 8.2991e-06
0.175 3.41192e-05 3.37753e-05 -3.10882e-06 1.53332e-05
0.2 5.8018e-05 5.74345e-05 -5.28316e-06 2.60757e-05
0.225 9.25938e-05 9.16649e-05 -8.42581e-06 4.16196e-05
0.25 0.000140551 0.000139145 -1.27799e-05 6.31826e-05
0.275 0.000204851 0.000202809 -1.86107e-05 9.20992e-05
0.3 0.000288696 0.000285828 -2.62034e-05 0.000129812
0.325 0.000395504 0.00039159 -3.58613e-05 0.000177864
0.35 0.000528889 0.000523677 -4.7903e-05 0.000237887
0.375 0.000692636 0.000685841 -6.26601e-05 0.00031159
0.4 0.00089068 0.000881984 -8.04749e-05 0.000400754
0.425 0.00112707 0.00111613 -0.000101697 0.000507215
0.45 0.00140597 0.00139239 -0.000126682 0.000632853
0.475 0.00173158 0.00171495 -0.000155786 0.000779584
0.5 0.00210817 0.00208805 -0.000189367 0.000949342
0.525 0.00254001 0.00251592 -0.000227776 0.00114407
0.55 0.00303134 0.00300279 -0.000271362 0.00136571
0.575 0.00358637 0.00355284 -0.000320462 0.00161619
0.6 0.00420925 0.00417019 -0.000375402 0.00189739
0.625 0.004904 0.00485886 -0.000436494 0.00221118
0.65 0.00567453 0.00562273 -0.000504031 0.00255935
0.675 0.00652459 0.00646555 -0.00057829 0.00294363
0.7 0.00745775 0.00739089 -0.000659522 0.00336568
0.725 0.00847738 0.0084021 -0.000747958 0.00382707
0.75 0.00958662 0.00950234 -0.000843798 0.00432927
0.775 0.0107883 0.0106945 -0.000947218 0.00487363
0.8 0.0120852 0.0119812 -0.00105836 0.00546141
0.825 0.0134794 0.0133648 -0.00117734 0.00609371
0.85 0.0149731 0.0148473 -0.00130424 0.0067715
0.875 0.016568 0.0164304 -0.0014391 0.00749564
0.9 0.0182653 0.0181155 -0.00158194 0.0082668
0.925 0.020066 0.0199038 -0.00173272 0.00908552
0.95 0.0219709 0.0217957 -0.0018914 0.00995216
0.975 0.0239802 0.0237917 -0.00205786 0.0108669
1 0.0260937 0.0258918 -0.00223199 0.0118299
1.025 0.028311 0.0280954 -0.0024136 0.0128409
1.05 0.0306312 0.0304017 -0.00260249 0.0138996
1.075 0.033053 0.0328097 -0.00279843 0.0150056
1.1 0.0355749 0.0353177 -0.00300113 0.0161583
1.125 0.0381948 0.0379239 -0.00321028 0.0173568
1.15 0.0409103 0.0406259 -0.00342555 0.0186002
1.175 0.0437187 0.043421 -0.00364656 0.0198872
1.2 0.0466169 0.0463065 -0.0038729 0.0212168
1.225 0.0496016 0.0492788 -0.00410416 0.0225873
1.25 0.052669 0.0523344 -0.00433987 0.0239972
1.275 0.055815 0.0554693 -0.00457955 0.0254449
1.3 0.0590353 0.0586794 -0.00482271 0.0269283
1.325 0.0623254 0.0619601 -0.00506883 0.0284457
1.35 0.0656803 0.0653068 -0.00531737 0.0299947
1.375 0.0690952 0.0687145 -0.00556778 0.0315734
1.4 0.0725645 0.072178 -0.0058195 0.0331793
1.425 0.0760831 0.0756921 -0.00607196 0.0348101
1.45 0.0796452 0.0792512 -0.00632459 0.0364633
1.475 0.0832451 0.0828497 -0.0065768 0.0381365
1.5 0.086877 0.0864821 -0.00682802 0.039827
1.525 0.090535 0.0901424 -0.00707767 0.0415323
1.55 0.0942132 0.0938248 -0.00732518 0.0432498
1.575 0.0979056 0.0975235 -0.00756997 0.0449768
1.6 0.101606 0.101233 -0.00781151 0.0467106
1.625 0.105309 0.104947 -0.00804923 0.0484486
1.65 0.109008 0.108659 -0.00828263 0.0501883
1.675 0.112698 0.112365 -0.00851118 0.0519269
1.7 0.116373 0.116058 -0.00873441 0.0536619
1.725 0.120027 0.119733 -0.00895184 0.0553908
1.75 0.123655 0.123385 -0.00916304 0.0571112
1.775 0.127252 0.127009 -0.00936758 0.0588207
1.8 0.130812 0.130599 -0.00956508 0.060517
1.825 0.13433 0.134151 -0.00975519 0.0621978
1.85 0.137803 0.13766 -0.00993757 0.063861
1.875 0.141225 0.141121 -0.0101119 0.0655045
1.9 0.144592 0.144531 -0.010278 0.0671265
1.925 0.147901 0.147886 -0.0104357 0.0687251
1.95 0.151148 0.151182 -0.0105846 0.0702986
1.975 0.154328 0.154415 -0.0107247 0.0718453
2 0.15744 0.157583 -0.0108558 0.0733638
2.025 0.160481 0.160683 -0.010978 0.0748526
2.05 0.163447 0.163712 -0.0110911 0.0763106
2.075 0.166336 0.166668 -0.0111951 0.0777365
2.1 0.169147 0.169549 -0.0112901 0.0791295
2.125 0.171878 0.172353 -0.0113762 0.0804884
2.15 0.174527 0.175079 -0.0114534 0.0818126
2.175 0.177093 0.177725 -0.011522 0.0831013
2.2 0.179575 0.18029 -0.011582 0.084354
2.225 0.181972 0.182774 -0.0116338 0.0855701
2.25 0.184285 0.185176 -0.0116775 0.0867493
2.275 0.186512 0.187496 -0.0117135 0.0878913
2.3 0.188653 0.189734 -0.011742 0.0889958
2.325 0.19071 0.191889 -0.0117634 0.0900627
2.35 0.192681 0.193962 -0.0117781 0.0910918
2.375 0.194568 0.195953 -0.0117863 0.0920833
2.4 0.196371 0.197863 -0.0117887 0.0930371
2.425 0.198091 0.199692 -0.0117855 0.0939533
2.45 0.199728 0.201441 -0.0117772 0.094832
2.475 0.201284 0.203111 -0.0117644 0.0956734
2.5 0.20276 0.204703 -0.0117473 0.0964776
2.525 0.204156 0.206216 -0.0117267 0.0972449
2.55 0.205473 0.207654 -0.0117028 0.0979754
2.575 0.206714 0.209015 -0.0116764 0.0986694
2.6 0.207878 0.210302 -0.0116477 0.0993271
2.625 0.208967 0.211515 -0.0116175 0.0999486
2.65 0.209982 0.212654 -0.0115861 0.100534
2.675 0.210924 0.213722 -0.011554 0.101084
2.7 0.211794 0.214718 -0.0115219 0.101598
2.725 0.212592 0.215643 -0.0114901 0.102076
2.75 0.213321 0.216497 -0.0114591 0.102519
2.775 0.213979 0.217283 -0.0114293 0.102927
2.8 0.214568 0.217998 -0.0114014 0.103298
2.825 0.215089 0.218645 -0.0113756 0.103635
2.85 0.215541 0.219223 -0.0113523 0.103935
2.875 0.215926 0.219732 -0.0113321 0.1042
2.9 0.216243 0.220173 -0.0113152 0.104429
2.925 0.216492 0.220545 -0.0113019 0.104621
2.95 0.216674 0.220847 -0.0112927 0.104777
2.975 0.216789 0.221081 -0.0112877 0.104897
3 0.216835 0.221245 -0.0112873 0.104979
3.025 0.216813 0.221338 -0.0112917 0.105023
3.05 0.216723 0.221361 -0.011301 0.10503
3.075 0.216563 0.221312 -0.0113155 0.104998
3.1 0.216334 0.22119 -0.0113353 0.104928
3.125 0.216035 0.220996 -0.0113604 0.104818
3.15 0.215665 0.220728 -0.011391 0.104668
3.175 0.215223 0.220384 -0.0114271 0.104479
3.2 0.214709 0.219965 -0.0114686 0.104248
3.225 0.214122 0.21947 -0.0115156 0.103977
3.25 0.213461 0.218897 -0.011568 0.103664
3.275 0.212725 0.218245 -0.0116257 0.10331
3.3 0.211914 0.217514 -0.0116885 0.102913
3.325 0.211027 0.216702 -0.0117563 0.102473
3.35 0.210063 0.21581 -0.0118289 0.10199
3.375 0.209022 0.214835 -0.0119061 0.101465
3.4 0.207903 0.213779 -0.0119875 0.100896
3.425 0.206706 0.212639 -0.0120731 0.100283
3.45 0.205431 0.211416 -0.0121623 0.099627
3.475 0.204077 0.21011 -0.012255 0.0989274
3.5 0.202644 0.20872 -0.0123507 0.0981845
3.525 0.201132 0.207246 -0.0124491 0.0973983
3.55 0.199542 0.205688 -0.0125498 0.0965691
3.575 0.197874 0.204047 -0.0126523 0.0956973
3.6 0.196128 0.202323 -0.0127563 0.0947834
3.625 0.194305 0.200517 -0.0128613 0.0938278
3.65 0.192406 0.198629 -0.0129668 0.0928313
3.675 0.190431 0.196661 -0.0130724 0.0917945
3.7 0.188383 0.194614 -0.0131777 0.0907183
3.725 0.186263 0.192489 -0.013282 0.0896036
3.75 0.184071 0.190288 -0.013385 0.0884514
3.775 0.18181 0.188012 -0.0134862 0.0872629
3.8 0.179482 0.185663 -0.0135851 0.0860392
3.825 0.177088 0.183245 -0.0136812 0.0847817
3.85 0.174632 0.180758 -0.013774 0.0834918
3.875 0.172115 0.178205 -0.0138632 0.082171
3.9 0.169539 0.17559 -0.0139481 0.0808208
3.925 0.166909 0.172914 -0.0140285 0.0794428
3.95 0.164226 0.170181 -0.0141037 0.0780387
3.975 0.161494 0.167394 -0.0141736 0.0766104
4 0.158715 0.164557 -0.0142375 0.0751597
4.025 0.155893 0.161672 -0.0142952 0.0736883
4.05 0.153032 0.158743 -0.0143463 0.0721984
4.075 0.150134 0.155774 -0.0143904 0.0706917
4.1 0.147204 0.152768 -0.0144272 0.0691704
4.125 0.144244 0.149729 -0.0144565 0.0676365
4.15 0.141259 0.146662 -0.0144779 0.066092
4.175 0.138252 0.143569 -0.0144912 0.0645389
4.2 0.135227 0.140455 -0.0144962 0.0629794
4.225 0.132187 0.137324 -0.0144927 0.0614155
4.25 0.129137 0.134179 -0.0144805 0.0598492
4.275 0.12608 0.131025 -0.0144595 0.0582826
4.3 0.123019 0.127865 -0.0144296 0.0567177
4.325 0.119959 0.124704 -0.0143907 0.0551565
4.35 0.116904 0.121545 -0.0143427 0.0536009
4.375 0.113855 0.118391 -0.0142856 0.0520529
4.4 0.110818 0.115248 -0.0142195 0.0505142
4.425 0.107796 0.112118 -0.0141443 0.0489867
4.45 0.104791 0.109004 -0.0140602 0.0474721
4.475 0.101807 0.105912 -0.0139671 0.0459722
4.5 0.0988481 0.102842 -0.0138653 0.0444885
4.525 0.095916 0.0997999 -0.0137549 0.0430225
4.55 0.0930141 0.0967875 -0.013636 0.0415758
4.575 0.090145 0.093808 -0.0135088 0.0401496
4.6 0.0873115 0.0908643 -0.0133735 0.0387454
4.625 0.084516 0.087959 -0.0132304 0.0373643
4.65 0.0817609 0.0850947 -0.0130797 0.0360075
4.675 0.0790483 0.0822737 -0.0129217 0.034676
4.7 0.0763802 0.0794982 -0.0127567 0.0333707
4.725 0.0737586 0.0767703 -0.012585 0.0320926
4.75 0.0711853 0.0740919 -0.0124069 0.0308425
4.775 0.0686617 0.0714646 -0.0122228 0.0296209
4.8 0.0661893 0.0688901 -0.012033 0.0284286
4.825 0.0637693 0.0663697 -0.0118378 0.027266
4.85 0.061403 0.0639047 -0.0116376 0.0261335
4.875 0.0590912 0.0614961 -0.0114329 0.0250316
4.9 0.0568347 0.0591449 -0.0112239 0.0239605
4.925 0.0546343 0.0568518 -0.0110111 0.0229204
4.95 0.0524905 0.0546175 -0.0107949 0.0219113
4.975 0.0504036 0.0524423 -0.0105756 0.0209334
5 0.0483739 0.0503266 -0.0103536 0.0199865
5.025 0.0464016 0.0482706 -0.0101294 0.0190706
5.05 0.0444866 0.0462743 -0.00990325 0.0181855
5.075 0.0426288 0.0443377 -0.00967562 0.017331
5.1 0.0408281 0.0424605 -0.00944686 0.0165068
5.125 0.039084 0.0406424 -0.00921734 0.0157125
5.15 0.0373961 0.0388831 -0.00898743 0.0149478
5.175 0.035764 0.0371819 -0.00875747 0.0142122
5.2 0.034187 0.0355383 -0.00852781 0.0135053
5.225 0.0326643 0.0339515 -0.00829878 0.0128264
5.25 0.0311953 0.0324208 -0.00807071 0.012175
5.275 0.029779 0.0309453 -0.0078439 0.0115507
5.3 0.0284147 0.0295239 -0.00761866 0.0109526
5.325 0.0271012 0.0281558 -0.00739526 0.0103803
5.35 0.0258376 0.0268399 -0.00717397 0.00983298
5.375 0.0246228 0.0255751 -0.00695506 0.00931
5.4 0.0234557 0.0243601 -0.00673876 0.00881068
5.425 0.0223352 0.0231939 -0.00652531 0.0083343
5.45 0.0212601 0.0220752 -0.0063149 0.00788014
5.475 0.0202293 0.0210027 -0.00610773 0.00744749
5.5 0.0192414 0.0199752 -0.005904 0.00703561
5.525 0.0182953 0.0189914 -0.00570385 0.00664378
5.55 0.0173898 0.01805 -0.00550745 0.00627128
5.575 0.0165237 0.0171497 -0.00531493 0.00591738
5.6 0.0156955 0.0162892 -0.00512641 0.00558139
5.625 0.0149043 0.0154672 -0.00494199 0.00526258
5.65 0.0141486 0.0146823 -0.00476177 0.00496027
5.675 0.0134274 0.0139334 -0.00458582 0.00467378
5.7 0.0127393 0.0132191 -0.00441422 0.00440242
5.725 0.0120831 0.0125381 -0.00424701 0.00414555
5.75 0.0114578 0.0118893 -0.00408422 0.00390253
5.775 0.0108621 0.0112713 -0.0039259 0.00367272
5.8 0.0102949 0.0106831 -0.00377205 0.00345552
5.825 0.0097551 0.0101234 -0.00362268 0.00325035
5.85 0.00924156 0.009591 -0.00347778 0.00305661
5.875 0.00875323 0.00908487 -0.00333733 0.00287377
5.9 0.00828907 0.00860388 -0.00320132 0.00270128
5.925 0.00784807 0.00814697 -0.00306971 0.00253863
5.95 0.00742923 0.00771308 -0.00294246 0.00238531
5.975 0.0070316 0.00730123 -0.00281951 0.00224086
6 0.00665424 0.00691043 -0.00270081 0.00210481
6.025 0.00629626 0.00653973 -0.00258631 0.00197671
6.05 0.00595678 0.00618822 -0.00247592 0.00185615
6.075 0.00563497 0.00585501 -0.00236958 0.00174271
6.1 0.00533 0.00553926 -0.00226721 0.00163603
6.125 0.00504109 0.00524015 -0.00216873 0.00153571
6.15 0.00476749 0.00495688 -0.00207405 0.00144141
6.175 0.00450847 0.00468869 -0.00198308 0.0013528
6.2 0.00426333 0.00443485 -0.00189573 0.00126956
6.225 0.00403139 0.00419466 -0.00181191 0.00119138
6.25 0.003812 0.00396744 -0.00173152 0.00111796
6.275 0.00360456 0.00375256 -0.00165446 0.00104905
6.3 0.00340845 0.00354938 -0.00158063 0.000984375
6.325 0.00322312 0.00335732 -0.00150994 0.00092369
6.35 0.00304802 0.00317581 -0.00144229 0.000866761
6.375 0.00288262 0.0030043 -0.00137757 0.000813367
6.4 0.00272642 0.00284229 -0.00131569 0.000763298
6.425 0.00257894 0.00268927 -0.00125655 0.000716356
6.45 0.00243973 0.00254476 -0.00120006 0.000672354
6.475 0.00230835 0.00240833 -0.0011461 0.000631113
6.5 0.00218439 0.00227954 -0.0010946 0.000592467
6.525 0.00206744 0.00215797 -0.00104545 0.000556257
6.55 0.00195713 0.00204324 -0.000998572 0.000522334
6.575 0.0018531 0.00193498 -0.000953862 0.000490557
6.6 0.00175499 0.00183282 -0.000911235 0.000460794
6.625 0.00166249 0.00173644 -0.000870606 0.000432919
6.65 0.00157529 0.00164552 -0.000831889 0.000406815
6.675 0.00149307 0.00155974 -0.000795001 0.00038237
6.7 0.00141557 0.00147882 -0.000759863 0.00035948
6.725 0.00134251 0.00140249 -0.000726396 0.000338046
6.75 0.00127364 0.00133048 -0.000694524 0.000317976
6.775 0.00120872 0.00126254 -0.000664175 0.000299183
6.8 0.00114751 0.00119845 -0.000635276 0.000281585
6.825 0.00108981 0.00113797 -0.000607761 0.000265105
6.85 0.0010354 0.0010809 -0.000581561 0.000249671
6.875 0.000984088 0.00102705 -0.000556615 0.000235215
6.9 0.000935692 0.000976208 -0.000532859 0.000221675
6.925 0.000890035 0.000928214 -0.000510236 0.000208989
6.95 0.000846954 0.000882894 -0.000488688 0.000197103
6.975 0.000806291 0.000840089 -0.000468162 0.000185963
7 0.0007679 0.000799649 -0.000448605 0.000175522
7.025 0.000731643 0.000761434 -0.000429967 0.000165734
7.05 0.000697388 0.00072531 -0.000412201 0.000156555
7.075 0.000665013 0.000691151 -0.000395261 0.000147945
7.1 0.000634401 0.000658838 -0.000379104 0.000139867
7.125 0.000605444 0.000628262 -0.000363688 0.000132287
7.15 0.00057804 0.000599317 -0.000348975 0.000125171
7.175 0.000552091 0.000571905 -0.000334926 0.000118489
7.2 0.000527509 0.000545933 -0.000321507 0.000112213
7.225 0.000504208 0.000521315 -0.000308683 0.000106316
7.25 0.000482109 0.000497969 -0.000296422 0.000100774
7.275 0.000461137 0.00047582 -0.000284695 9.55626e-05
7.3 0.000441223 0.000454794 -0.000273472 9.06614e-05
7.325 0.000422303 0.000434826 -0.000262726 8.60499e-05
7.35 0.000404314 0.000415852 -0.000252433 8.17096e-05
7.375 0.0003872 0.000397813 -0.000242568 7.76228e-05
7.4 0.000370908 0.000380654 -0.000233107 7.37734e-05
7.425 0.000355388 0.000364323 -0.000224031 7.01459e-05
7.45 0.000340593 0.000348771 -0.000215318 6.67263e-05
7.475 0.00032648 0.000333953 -0.00020695 6.35011e-05
7.5 0.000313008 0.000319825 -0.00019891 6.04579e-05
7.525 0.000300139 0.000306349 -0.000191179 5.7585e-05
7.55 0.000287839 0.000293487 -0.000183744 5.48714e-05
7.575 0.000276074 0.000281203 -0.00017659 5.23069e-05
7.6 0.000264813 0.000269465 -0.000169702 4.98819e-05
7.625 0.000254027 0.000258242 -0.000163068 4.75872e-05
7.65 0.00024369 0.000247505 -0.000156676 4.54144e-05
7.675 0.000233776 0.000237227 -0.000150516 4.33555e-05
7.7 0.000224262 0.000227382 -0.000144576 4.14029e-05
7.725 0.000215127 0.000217947 -0.000138848 3.95497e-05
7.75 0.000206349 0.000208899 -0.000133321 3.77891e-05
7.775 0.00019791 0.000200218 -0.000127989 3.61149e-05
7.8 0.000189793 0.000191884 -0.000122842 3.45212e-05
7.825 0.00018198 0.000183879 -0.000117874 3.30025e-05
7.85 0.000174456 0.000176186 -0.000113078 3.15536e-05
7.875 0.000167207 0.000168788 -0.000108448 3.01698e-05
7.9 0.000160219 0.000161671 -0.000103978 2.88465e-05
7.925 0.000153481 0.00015482 -9.96613e-05 2.75795e-05
7.95 0.00014698 0.000148224 -9.54942e-05 2.63649e-05
7.975 0.000140707 0.000141869 -9.14714e-05 2.51991e-05
8 0.00013465 0.000135746 -8.75883e-05 2.40786e-05
8.025 0.000128802 0.000129842 -8.38408e-05 2.30005e-05
8.05 0.000123153 0.000124149 -8.02248e-05 2.1962e-05
8.075 0.000117696 0.000118657 -7.67365e-05 2.09604e-05
8.1 0.000112423 0.000113359 -7.33724e-05 1.99935e-05
8.125 0.000107329 0.000108247 -7.01291e-05 1.90591e-05
8.15 0.000102407 0.000103314 -6.70033e-05 1.81555e-05
8.175 9.76517e-05 9.85536e-05 -6.39919e-05 1.72809e-05
8.2 9.30578e-05 9.39597e-05 -6.10919e-05 1.64339e-05
8.225 8.86209e-05 8.95271e-05 -5.83005e-05 1.56133e-05
8.25 8.43367e-05 8.5251e-05 -5.56149e-05 1.4818e-05
8.275 8.02015e-05 8.11268e-05 -5.30324e-05 1.40472e-05
8.3 7.62118e-05 7.71505e-05 -5.05504e-05 1.33e-05
8.325 7.23643e-05 7.33183e-05 -4.81663e-05 1.2576e-05
8.35 6.86562e-05 6.96267e-05 -4.58776e-05 1.18746e-05
8.375 6.50847e-05 6.60727e-05 -4.36819e-05 1.11954e-05
8.4 6.16473e-05 6.26533e-05 -4.15766e-05 1.05383e-05
8.425 5.83418e-05 5.93658e-05 -3.95595e-05 9.90316e-06
8.45 5.51659e-05 5.62077e-05 -3.76282e-05 9.2898e-06
8.475 5.21176e-05 5.31767e-05 -3.57802e-05 8.69823e-06
8.5 4.91949e-05 5.02703e-05 -3.40133e-05 8.12849e-06
8.525 4.63957e-05 4.74865e-05 -3.23252e-05 7.58063e-06
8.55 4.37183e-05 4.4823e-05 -3.07136e-05 7.05472e-06
8.575 4.11606e-05 4.22779e-05 -2.91761e-05 6.55087e-06
8.6 3.87208e-05 3.98489e-05 -2.77107e-05 6.06913e-06
8.625 3.63968e-05 3.7534e-05 -2.63149e-05 5.60957e-06
8.65 3.41865e-05 3.5331e-05 -2.49866e-05 5.17223e-06
8.675 3.2088e-05 3.32377e-05 -2.37235e-05 4.75711e-06
8.7 3.00989e-05 3.12518e-05 -2.25235e-05 4.36416e-06
8.725 2.8217e-05 2.93709e-05 -2.13844e-05 3.99328e-06
8.75 2.64398e-05 2.75926e-05 -2.0304e-05 3.64433e-06
8.775 2.47648e-05 2.59143e-05 -1.92802e-05 3.31708e-06
8.8 2.31894e-05 2.43334e-05 -1.83108e-05 3.01126e-06
8.825 2.17106e-05 2.2847e-05 -1.73939e-05 2.72651e-06
8.85 2.03258e-05 2.14523e-05 -1.65274e-05 2.46244e-06
8.875 1.90317e-05 2.01463e-05 -1.57092e-05 2.21854e-06
8.9 1.78253e-05 1.89259e-05 -1.49374e-05 1.99427e-06
8.925 1.67034e-05 1.77879e-05 -1.42099e-05 1.78901e-06
8.95 1.56625e-05 1.67291e-05 -1.3525e-05 1.60209e-06
8.975 1.46993e-05 1.57462e-05 -1.28806e-05 1.43277e-06
9 1.38103e-05 1.48356e-05 -1.2275e-05 1.28027e-06
9.025 1.29919e-05 1.39939e-05 -1.17064e-05 1.14376e-06
9.05 1.22405e-05 1.32177e-05 -1.1173e-05 1.02236e-06
9.075 1.15524e-05 1.25035e-05 -1.06731e-05 9.15174e-07
9.1 1.0924e-05 1.18476e-05 -1.0205e-05 8.21269e-07
9.125 1.03518e-05 1.12466e-05 -9.76715e-06 7.397e-07
9.15 9.83193e-06 1.06969e-05 -9.35789e-06 6.69513e-07
9.175 9.36095e-06 1.01952e-05 -8.97569e-06 6.09749e-07
9.2 8.93529e-06 9.73799e-06 -8.61907e-06 5.59459e-07
9.225 8.55151e-06 9.32198e-06 -8.28657e-06 5.17707e-07
9.25 8.20621e-06 8.94394e-06 -7.97678e-06 4.83577e-07
9.275 7.89614e-06 8.60071e-06 -7.68834e-06 4.56184e-07
9.3 7.61813e-06 8.28927e-06 -7.41992e-06 4.34675e-07
9.325 7.36915e-06 8.00673e-06 -7.17025e-06 4.18243e-07
9.35 7.14632e-06 7.75032e-06 -6.93808e-06 4.06123e-07
9.375 6.94689e-06 7.51743e-06 -6.72222e-06 3.97603e-07
9.4 6.76827e-06 7.30557e-06 -6.52152e-06 3.92028e-07
9.425 6.60805e-06 7.11245e-06 -6.33485e-06 3.888e-07
9.45 6.46397e-06 6.93592e-06 -6.16116e-06 3.87381e-07
9.475 6.33396e-06 6.774e-06 -5.9994e-06 3.87297e-07
9.5 6.2161e-06 6.62486e-06 -5.84859e-06 3.88138e-07
9.525 6.10866e-06 6.48687e-06 -5.70776e-06 3.89556e-07
9.55 6.01008e-06 6.35854e-06 -5.57601e-06 3.91266e-07
9.575 5.91896e-06 6.23855e-06 -5.45246e-06 3.93043e-07
9.6 5.83408e-06 6.12572e-06 -5.33627e-06 3.94723e-07
9.625 5.75436e-06 6.01904e-06 -5.22665e-06 3.96193e-07
9.65 5.67888e-06 5.91764e-06 -5.12284e-06 3.97397e-07
9.675 5.60687e-06 5.82077e-06 -5.02412e-06 3.98324e-07
9.7 5.53768e-06 5.72783e-06 -4.92982e-06 3.99006e-07
9.725 5.47078e-06 5.63831e-06 -4.83928e-06 3.99515e-07
9.75 5.40577e-06 5.55182e-06 -4.75192e-06 3.99953e-07
9.775 5.34233e-06 5.46806e-06 -4.66716e-06 4.00453e-07
9.8 5.28025e-06 5.38682e-06 -4.58449e-06 4.01165e-07
9.825 5.21937e-06 5.30795e-06 -4.50343e-06 4.02258e-07
9.85 5.15961e-06 5.23135e-06 -4.42353e-06 4.0391e-07
9.875 5.10095e-06 5.157e-06 -4.34439e-06 4.06303e-07
9.9 5.0434e-06 5.08488e-06 -4.26565e-06 4.09616e-07
9.925 4.987e-06 5.01503e-06 -4.18698e-06 4.14026e-07
9.95 4.93182e-06 4.94749e-06 -4.1081e-06 4.19693e-07
9.975 4.87791e-06 4.88229e-06 -4.02876e-06 4.26765e-07
10 4.82536e-06 4.81948e-06 -3.94874e-06 4.35369e-07
10.025 4.77421e-06 4.75909e-06 -3.86788e-06 4.45606e-07
10.05 4.72453e-06 4.70114e-06 -3.78603e-06 4.57552e-07
10.075 4.67631e-06 4.64561e-06 -3.7031e-06 4.71255e-07
10.1 4.62957e-06 4.59247e-06 -3.61901e-06 4.8673e-07
10.125 4.58425e-06 4.54165e-06 -3.53373e-06 5.03958e-07
10.15 4.54029e-06 4.49302e-06 -3.44724e-06 5.2289e-07
10.175 4.49756e-06 4.44645e-06 -3.35957e-06 5.43441e-07
10.2 4.45592e-06 4.40174e-06 -3.27076e-06 5.65493e-07
10.225 4.41516e-06 4.35868e-06 -3.18088e-06 5.88899e-07
10.25 4.37506e-06 4.31699e-06 -3.09003e-06 6.13477e-07
10.275 4.33535e-06 4.27637e-06 -2.99832e-06 6.39021e-07
10.3 4.29573e-06 4.23648e-06 -2.90589e-06 6.65297e-07
10.325 4.25586e-06 4.19697e-06 -2.81287e-06 6.92048e-07
10.35 4.21539e-06 4.15744e-06 -2.71944e-06 7.19e-07
10.375 4.17394e-06 4.11748e-06 -2.62575e-06 7.45862e-07
10.4 4.13111e-06 4.07666e-06 -2.532e-06 7.72332e-07
10.425 4.08651e-06 4.03455e-06 -2.43836e-06 7.98098e-07
10.45 4.03972e-06 3.99072e-06 -2.34502e-06 8.2285e-07
10.475 3.99035e-06 3.94471e-06 -2.25217e-06 8.46274e-07
10.5 3.938e-06 3.89612e-06 -2.16e-06 8.68064e-07
10.525 3.88231e-06 3.84454e-06 -2.06869e-06 8.87925e-07
10.55 3.82291e-06 3.78957e-06 -1.97842e-06 9.05575e-07
10.575 3.75949e-06 3.73086e-06 -1.88936e-06 9.20749e-07
10.6 3.69177e-06 3.6681e-06 -1.80168e-06 9.33206e-07
10.625 3.61949e-06 3.60099e-06 -1.71554e-06 9.42728e-07
10.65 3.54247e-06 3.52932e-06 -1.63106e-06 9.49129e-07
10.675 3.46054e-06 3.45288e-06 -1.54838e-06 9.52252e-07
10.7 3.37362e-06 3.37156e-06 -1.46762e-06 9.51973e-07
10.725 3.28166e-06 3.28528e-06 -1.38887e-06 9.48205e-07
10.75 3.1847e-06 3.19402e-06 -1.31222e-06 9.40898e-07
10.775 3.08281e-06 3.09784e-06 -1.23775e-06 9.30041e-07
10.8 2.97614e-06 2.99684e-06 -1.16552e-06 9.15659e-07
10.825 2.86489e-06 2.89119e-06 -1.09555e-06 8.97819e-07
10.85 2.74934e-06 2.78114e-06 -1.02789e-06 8.76623e-07
10.875 2.62981e-06 2.66697e-06 -9.62544e-07 8.52211e-07
10.9 2.50668e-06 2.54904e-06 -8.99515e-07 8.24761e-07
10.925 2.3804e-06 2.42775e-06 -8.38792e-07 7.94481e-07
10.95 2.25145e-06 2.30358e-06 -7.80353e-07 7.61613e-07
10.975 2.12036e-06 2.17702e-06 -7.24166e-07 7.26427e-07
11 1.9877e-06 2.04863e-06 -6.70189e-07 6.89218e-07
11.025 1.85409e-06 1.91898e-06 -6.18373e-07 6.50306e-07
11.05 1.72016e-06 1.78872e-06 -5.68664e-07 6.10026e-07
11.075 1.58657e-06 1.65846e-06 -5.21002e-07 5.68729e-07
11.1 1.45399e-06 1.52888e-06 -4.75323e-07 5.2678e-07
11.125 1.3231e-06 1.40065e-06 -4.31562e-07 4.84546e-07
11.15 1.19459e-06 1.27445e-06 -3.89652e-07 4.424e-07
11.175 1.06914e-06 1.15095e-06 -3.49528e-07 4.00711e-07
11.2 9.47396e-07 1.03081e-06 -3.11125e-07 3.59844e-07
11.225 8.30015e-07 9.14689e-07 -2.74381e-07 3.20154e-07
11.25 7.1761e-07 8.032e-07 -2.3924e-07 2.8198e-07
11.275 6.10764e-07 6.96938e-07 -2.05647e-07 2.45645e-07
11.3 5.10019e-07 5.96461e-07 -1.73556e-07 2.11453e-07
11.325 4.15873e-07 5.0228e-07 -1.42923e-07 1.79679e-07
11.35 3.28774e-07 4.14862e-07 -1.13715e-07 1.50574e-07
11.375 2.49112e-07 3.34619e-07 -8.59018e-08 1.24359e-07
11.4 1.7722e-07 2.61905e-07 -5.94627e-08 1.01221e-07
11.425 1.13369e-07 1.97013e-07 -3.43827e-08 8.13153e-08
11.45 5.77612e-08 1.40175e-07 -1.06542e-08 6.47602e-08
11.475 1.05343e-08 9.15521e-08 1.17242e-08 5.16382e-08
11.5 -2.82438e-08 5.12409e-08 3.27478e-08 4.19944e-08
11.525 -5.85745e-08 1.92677e-08 5.24062e-08 3.58369e-08
11.55 -8.05284e-08 -4.4104e-09 7.06843e-08 3.31369e-08
11.575 -9.42442e-08 -1.99043e-08 8.75628e-08 3.38292e-08
11.6 -9.99271e-08 -2.73923e-08 1.03019e-07 3.78135e-08
11.625 -9.78468e-08 -2.71178e-08 1.17029e-07 4.49555e-08
11.65 -8.8334e-08 -1.93868e-08 1.29566e-07 5.50895e-08
11.675 -7.17774e-08 -4.56445e-09 1.40604e-07 6.80197e-08
11.7 -4.86189e-08 1.69289e-08 1.50118e-07 8.35233e-08
11.725 -1.93493e-08 4.4622e-08 1.58084e-07 1.01353e-07
11.75 1.54969e-08 7.79979e-08 1.64482e-07 1.2124e-07
11.775 5.53473e-08 1.16499e-07 1.69297e-07 1.42898e-07
11.8 9.95974e-08 1.59533e-07 1.72516e-07 1.66024e-07
11.825 1.47617e-07 2.0648e-07 1.74134e-07 1.90307e-07
11.85 1.98756e-07 2.56696e-07 1.74154e-07 2.15425e-07
11.875 2.52351e-07 3.09524e-07 1.72584e-07 2.41054e-07
11.9 3.07735e-07 3.64295e-07 1.69442e-07 2.66869e-07
11.925 3.64238e-07 4.20341e-07 1.64755e-07 2.92548e-07
11.95 4.21199e-07 4.76994e-07 1.58558e-07 3.17776e-07
11.975 4.77969e-07 5.33602e-07 1.50897e-07 3.42249e-07
12 5.3392e-07 5.89525e-07 1.41828e-07 3.65676e-07
12.025 5.88449e-07 6.44151e-07 1.31414e-07 3.87782e-07
12.05 6.40983e-07 6.96893e-07 1.19731e-07 4.08312e-07
12.075 6.90987e-07 7.47202e-07 1.06862e-07 4.27032e-07
12.1 7.37967e-07 7.94566e-07 9.2902e-08 4.43734e-07
12.125 7.81474e-07 8.38519e-07 7.79515e-08 4.58235e-07
12.15 8.21107e-07 8.78641e-07 6.21204e-08 4.70381e-07
12.175 8.56519e-07 9.14566e-07 4.55255e-08 4.80046e-07
12.2 8.87418e-07 9.45982e-07 2.82899e-08 4.87136e-07
12.225 9.13569e-07 9.72635e-07 1.05419e-08 4.91588e-07
12.25 9.34796e-07 9.94326e-07 -7.58587e-09 4.9337e-07
12.275 9.50982e-07 1.01092e-06 -2.59577e-08 4.92482e-07
12.3 9.62069e-07 1.02235e-06 -4.4436e-08 4.88955e-07
12.325 9.68061e-07 1.02858e-06 -6.28823e-08 4.82849e-07
12.35 9.69017e-07 1.02967e-06 -8.11588e-08 4.74257e-07
12.375 9.65055e-07 1.02573e-06 -9.91296e-08 4.63298e-07
12.4 9.56347e-07 1.0169e-06 -1.16662e-07 4.50117e-07
12.425 9.43116e-07 1.0034e-06 -1.33627e-07 4.34886e-07
12.45 9.25637e-07 9.85494e-07 -1.49901e-07 4.17797e-07
12.475 9.04225e-07 9.63496e-07 -1.65369e-07 3.99064e-07
12.5 8.79242e-07 9.37759e-07 -1.79922e-07 3.78918e-07
12.525 8.51081e-07 9.08674e-07 -1.93459e-07 3.57608e-07
12.55 8.20172e-07 8.76672e-07 -2.05892e-07 3.3539e-07
12.575 7.86969e-07 8.42209e-07 -2.17139e-07 3.12535e-07
12.6 7.51948e-07 8.05766e-07 -2.27134e-07 2.89316e-07
12.625 7.15603e-07 7.67845e-07 -2.3582e-07 2.66012e-07
12.65 6.78439e-07 7.28958e-07 -2.43152e-07 2.42903e-07
12.675 6.40964e-07 6.89628e-07 -2.49099e-07 2.20264e-07
12.7 6.0369e-07 6.50377e-07 -2.53643e-07 1.98367e-07
12.725 5.67119e-07 6.11726e-07 -2.56778e-07 1.77474e-07
12.75 5.31747e-07 5.74185e-07 -2.58511e-07 1.57837e-07
12.775 4.98051e-07 5.38252e-07 -2.58862e-07 1.39695e-07
12.8 4.66489e-07 5.04401e-07 -2.57863e-07 1.23269e-07
12.825 4.37492e-07 4.73087e-07 -2.55558e-07 1.08764e-07
12.85 4.11462e-07 4.44733e-07 -2.52004e-07 9.63645e-08
12.875 3.88768e-07 4.19728e-07 -2.47265e-07 8.62316e-08
12.9 3.69741e-07 3.98425e-07 -2.41417e-07 7.85044e-08
12.925 3.54671e-07 3.81138e-07 -2.34544e-07 7.32967e-08
12.95 3.43805e-07 3.68134e-07 -2.2674e-07 7.06966e-08
12.975 3.37345e-07 3.59635e-07 -2.18104e-07 7.07656e-08
13 3.35444e-07 3.55816e-07 -2.08739e-07 7.35382e-08
13.025 3.38207e-07 3.568e-07 -1.98757e-07 7.90216e-08
13.05 3.45688e-07 3.6266e-07 -1.88269e-07 8.71957e-08
13.075 3.57893e-07 3.73417e-07 -1.7739e-07 9.80137e-08
13.1 3.74776e-07 3.8904e-07 -1.66236e-07 1.11402e-07
13.125 3.96241e-07 4.09448e-07 -1.54922e-07 1.27263e-07
13.15 4.22146e-07 4.34507e-07 -1.43562e-07 1.45473e-07
13.175 4.523e-07 4.64037e-07 -1.32267e-07 1.65885e-07
13.2 4.86467e-07 4.97807e-07 -1.21145e-07 1.88331e-07
13.225 5.2437e-07 5.35546e-07 -1.10297e-07 2.12624e-07
13.25 5.6569e-07 5.76936e-07 -9.98194e-08 2.38558e-07
13.275 6.10072e-07 6.21624e-07 -8.98019e-08 2.65911e-07
13.3 6.57129e-07 6.69217e-07 -8.03259e-08 2.94446e-07
13.325 7.06443e-07 7.19295e-07 -7.14647e-08 3.23915e-07
13.35 7.5757e-07 7.71407e-07 -6.32824e-08 3.54062e-07
13.375 8.10046e-07 8.25078e-07 -5.58333e-08 3.84622e-07
13.4 8.63388e-07 8.79816e-07 -4.9162e-08 4.15327e-07
13.425 9.17102e-07 9.35114e-07 -4.33024e-08 4.45906e-07
13.45 9.70686e-07 9.90453e-07 -3.82781e-08 4.76087e-07
13.475 1.02363e-06 1.04531e-06 -3.41019e-08 5.05604e-07
13.5 1.07544e-06 1.09917e-06 -3.07761e-08 5.34195e-07
13.525 1.1256e-06 1.1515e-06 -2.82927e-08 5.61603e-07
13.55 1.17364e-06 1.2018e-06 -2.66334e-08 5.87583e-07
13.575 1.21907e-06 1.24958e-06 -2.57701e-08 6.11903e-07
13.6 1.26144e-06 1.29435e-06 -2.56658e-08 6.34341e-07
13.625 1.30032e-06 1.33566e-06 -2.62743e-08 6.54695e-07
13.65 1.3353e-06 1.37309e-06 -2.75418e-08 6.72776e-07
13.675 1.36601e-06 1.40624e-06 -2.94069e-08 6.88418e-07
13.7 1.39211e-06 1.43475e-06 -3.18021e-08 7.01472e-07
13.725 1.41329e-06 1.45828e-06 -3.4654e-08 7.11811e-07
13.75 1.42929e-06 1.47655e-06 -3.78848e-08 7.19333e-07
13.775 1.43989e-06 1.48932e-06 -4.14129e-08 7.23955e-07
13.8 1.4449e-06 1.4964e-06 -4.51541e-08 7.25621e-07
13.825 1.44418e-06 1.49762e-06 -4.90226e-08 7.24299e-07
13.85 1.43767e-06 1.49289e-06 -5.29321e-08 7.19979e-07
13.875 1.42531e-06 1.48215e-06 -5.67966e-08 7.12677e-07
13.9 1.40711e-06 1.4654e-06 -6.05317e-08 7.02434e-07
13.925 1.38313e-06 1.44268e-06 -6.40556e-08 6.89312e-07
13.95 1.35348e-06 1.41409e-06 -6.72897e-08 6.73399e-07
13.975 1.3183e-06 1.37977e-06 -7.01601e-08 6.54805e-07
14 1.27781e-06 1.33992e-06 -7.25982e-08 6.33659e-07
14.025 1.23223e-06 1.29477e-06 -7.45412e-08 6.10114e-07
14.05 1.18185e-06 1.24461e-06 -7.59337e-08 5.84339e-07
14.075 1.12702e-06 1.18978e-06 -7.67275e-08 5.56524e-07
14.1 1.06808e-06 1.13063e-06 -7.68828e-08 5.26873e-07
14.125 1.00545e-06 1.06758e-06 -7.63685e-08 4.95607e-07
14.15 9.39565e-07 1.00108e-06 -7.51627e-08 4.62958e-07
14.175 8.70893e-07 9.31596e-07 -7.32531e-08 4.29171e-07
14.2 7.99928e-07 8.59639e-07 -7.06371e-08 3.94501e-07
14.225 7.27193e-07 7.85742e-07 -6.73221e-08 3.5921e-07
14.25 6.53226e-07 7.10458e-07 -6.33258e-08 3.23566e-07
14.275 5.78586e-07 6.3436e-07 -5.86756e-08 2.87842e-07
14.3 5.03843e-07 5.58035e-07 -5.3409e-08 2.52313e-07
14.325 4.29577e-07 4.82082e-07 -4.75734e-08 2.17254e-07
14.35 3.56373e-07 4.07104e-07 -4.12252e-08 1.8294e-07
14.375 2.8482e-07 3.33709e-07 -3.44303e-08 1.4964e-07
14.4 2.15501e-07 2.62503e-07 -2.7263e-08 1.1762e-07
14.425 1.48996e-07 1.94086e-07 -1.98056e-08 8.714e-08
14.45 8.58749e-08 1.29049e-07 -1.21482e-08 5.84503e-08
14.475 2.66942e-08 6.79708e-08 -4.38723e-09 3.17918e-08
14.5 -2.80061e-08 1.14138e-08 3.37436e-09 7.39407e-09
14.525 -7.77058e-08 -4.008e-08 1.10285e-08 -1.45257e-08
14.55 -1.21908e-07 -8.59917e-08 1.84627e-08 -3.37645e-08
14.575 -1.60141e-07 -1.25829e-07 2.55607e-08 -5.0134e-08
14.6 -1.91962e-07 -1.59127e-07 3.22035e-08 -6.3462e-08
14.625 -2.1696e-07 -1.85456e-07 3.82702e-08 -7.35931e-08
14.65 -2.34758e-07 -2.04419e-07 4.36391e-08 -8.03897e-08
14.675 -2.45012e-07 -2.15653e-07 4.81885e-08 -8.37323e-08
14.7 -2.47419e-07 -2.18838e-07 5.17973e-08 -8.35203e-08
14.725 -2.41711e-07 -2.13691e-07 5.43467e-08 -7.96721e-08
14.75 -2.27665e-07 -1.99971e-07 5.57201e-08 -7.21256e-08
14.775 -2.05094e-07 -1.77481e-07 5.58048e-08 -6.08382e-08
14.8 -1.73858e-07 -1.46066e-07 5.44925e-08 -4.57869e-08
14.825 -1.33855e-07 -1.05616e-07 5.16801e-08 -2.69681e-08
14.85 -8.50302e-08 -5.6065e-08 4.72705e-08 -4.39726e-09
14.875 -2.73687e-08 2.60915e-09 4.11732e-08 2.18912e-08
14.9 3.91009e-08 7.03835e-08 3.33053e-08 5.18444e-08
14.925 1.14308e-07 1.47192e-07 2.35917e-08 8.53918e-08
14.95 1.9814e-07 2.32925e-07 1.19661e-08 1.22445e-07
14.975 2.90446e-07 3.27431e-07 -1.62897e-09 1.62901e-07
15 3.91033e-07 4.30518e-07 -1.72415e-08 2.06638e-07
15.025 4.99671e-07 5.41956e-07 -3.49095e-08 2.53523e-07
15.05 6.16097e-07 6.61473e-07 -5.46609e-08 3.03406e-07
15.075 7.40007e-07 7.88765e-07 -7.65135e-08 3.56126e-07
15.1 8.71071e-07 9.23492e-07 -1.00474e-07 4.11509e-07
15.125 1.00892e-06 1.06528e-06 -1.2654e-07 4.69371e-07
15.15 1.15317e-06 1.21373e-06 -1.54696e-07 5.29519e-07
15.175 1.3034e-06 1.36842e-06 -1.84919e-07 5.9175e-07
15.2 1.45917e-06 1.52888e-06 -2.17173e-07 6.55854e-07
15.225 1.62e-06 1.69465e-06 -2.51413e-07 7.21616e-07
15.25 1.78543e-06 1.86521e-06 -2.87583e-07 7.88816e-07
15.275 1.95494e-06 2.04007e-06 -3.2562e-07 8.57227e-07
15.3 2.12803e-06 2.2187e-06 -3.65448e-07 9.26624e-07
15.325 2.30418e-06 2.40054e-06 -4.06984e-07 9.96777e-07
15.35 2.48284e-06 2.58505e-06 -4.50138e-07 1.06746e-06
15.375 2.66349e-06 2.77168e-06 -4.94808e-07 1.13844e-06
15.4 2.84557e-06 2.95986e-06 -5.40889e-07 1.20949e-06
15.425 3.02854e-06 3.14904e-06 -5.88267e-07 1.28038e-06
15.45 3.21186e-06 3.33864e-06 -6.36821e-07 1.35091e-06
15.475 3.395e-06 3.52811e-06 -6.86425e-07 1.42084e-06
15.5 3.57742e-06 3.71691e-06 -7.3695e-07 1.48998e-06
15.525 3.75858e-06 3.90448e-06 -7.8826e-07 1.55811e-06
15.55 3.93799e-06 4.09029e-06 -8.40216e-07 1.62504e-06
15.575 4.11513e-06 4.27383e-06 -8.92679e-07 1.69058e-06
15.6 4.28952e-06 4.45458e-06 -9.45502e-07 1.75454e-06
15.625 4.46069e-06 4.63206e-06 -9.98543e-07 1.81676e-06
15.65 4.62818e-06 4.80579e-06 -1.05165e-06 1.87707e-06
15.675 4.79155e-06 4.97533e-06 -1.10469e-06 1.93532e-06
15.7 4.9504e-06 5.14023e-06 -1.15751e-06 1.99136e-06
15.725 5.10431e-06 5.30009e-06 -1.20996e-06 2.04507e-06
15.75 5.25294e-06 5.45452e-06 -1.2619e-06 2.09631e-06
15.775 5.39592e-06 5.60317e-06 -1.3132e-06 2.14499e-06
15.8 5.53293e-06 5.74569e-06 -1.36371e-06 2.19099e-06
15.825 5.66368e-06 5.88177e-06 -1.4133e-06 2.23424e-06
15.85 5.7879e-06 6.01114e-06 -1.46185e-06 2.27464e-06
15.875 5.90533e-06 6.13352e-06 -1.50922e-06 2.31215e-06
15.9 6.01576e-06 6.2487e-06 -1.5553e-06 2.3467e-06
15.925 6.11899e-06 6.35646e-06 -1.59997e-06 2.37824e-06
15.95 6.21486e-06 6.45664e-06 -1.64313e-06 2.40675e-06
15.975 6.30323e-06 6.54908e-06 -1.68468e-06 2.4322e-06
16 6.38399e-06 6.63367e-06 -1.7245e-06 2.45458e-06
16.025 6.45703e-06 6.7103e-06 -1.76253e-06 2.47389e-06
16.05 6.52231e-06 6.77892e-06 -1.79867e-06 2.49013e-06
16.075 6.57979e-06 6.83948e-06 -1.83285e-06 2.50331e-06
16.1 6.62945e-06 6.89196e-06 -1.865e-06 2.51348e-06
16.125 6.6713e-06 6.93637e-06 -1.89507e-06 2.52065e-06
16.15 6.70537e-06 6.97274e-06 -1.92299e-06 2.52487e-06
16.175 6.73172e-06 7.00112e-06 -1.94873e-06 2.5262e-06
16.2 6.75043e-06 7.0216e-06 -1.97224e-06 2.52468e-06
16.225 6.7616e-06 7.03427e-06 -1.9935e-06 2.52038e-06
16.25 6.76533e-06 7.03924e-06 -2.01248e-06 2.51338e-06
16.275 6.76176e-06 7.03665e-06 -2.02917e-06 2.50374e-06
16.3 6.75104e-06 7.02665e-06 -2.04356e-06 2.49155e-06
16.325 6.73335e-06 7.00942e-06 -2.05564e-06 2.47689e-06
16.35 6.70886e-06 6.98514e-06 -2.06542e-06 2.45986e-06
16.375 6.67776e-06 6.954e-06 -2.07292e-06 2.44054e-06
16.4 6.64026e-06 6.91623e-06 -2.07815e-06 2.41904e-06
16.425 6.59659e-06 6.87204e-06 -2.08114e-06 2.39545e-06
16.45 6.54698e-06 6.82167e-06 -2.08191e-06 2.36988e-06
16.475 6.49165e-06 6.76536e-06 -2.08051e-06 2.34243e-06
16.5 6.43086e-06 6.70336e-06 -2.07697e-06 2.3132e-06
16.525 6.36485e-06 6.63595e-06 -2.07134e-06 2.28231e-06
16.55 6.2939e-06 6.56337e-06 -2.06367e-06 2.24985e-06
16.575 6.21825e-06 6.4859e-06 -2.05401e-06 2.21595e-06
16.6 6.13818e-06 6.40382e-06 -2.04243e-06 2.18069e-06
16.625 6.05396e-06 6.3174e-06 -2.02899e-06 2.1442e-06
16.65 5.96585e-06 6.22691e-06 -2.01375e-06 2.10658e-06
16.675 5.87412e-06 6.13265e-06 -1.99679e-06 2.06793e-06
16.7 5.77906e-06 6.03488e-06 -1.97816e-06 2.02836e-06
16.725 5.68092e-06 5.93389e-06 -1.95796e-06 1.98796e-06
16.75 5.57997e-06 5.82994e-06 -1.93625e-06 1.94685e-06
16.775 5.47648e-06 5.72332e-06 -1.91311e-06 1.90511e-06
16.8 5.37071e-06 5.61429e-06 -1.88862e-06 1.86284e-06
16.825 5.26292e-06 5.50312e-06 -1.86286e-06 1.82013e-06
16.85 5.15335e-06 5.39006e-06 -1.83591e-06 1.77708e-06
16.875 5.04225e-06 5.27537e-06 -1.80785e-06 1.73376e-06
16.9 4.92988e-06 5.15931e-06 -1.77876e-06 1.69027e-06
16.925 4.81644e-06 5.04211e-06 -1.74873e-06 1.64669e-06
16.95 4.70219e-06 4.924e-06 -1.71783e-06 1.60309e-06
16.975 4.58733e-06 4.80522e-06 -1.68614e-06 1.55954e-06
17 4.47207e-06 4.68598e-06 -1.65374e-06 1.51612e-06
17.025 4.35663e-06 4.5665e-06 -1.62072e-06 1.47289e-06
17.05 4.2412e-06 4.44698e-06 -1.58713e-06 1.42993e-06
17.075 4.12596e-06 4.32762e-06 -1.55307e-06 1.38727e-06
17.1 4.0111e-06 4.2086e-06 -1.51861e-06 1.34499e-06
17.125 3.89678e-06 4.09009e-06 -1.48381e-06 1.30314e-06
17.15 3.78317e-06 3.97228e-06 -1.44875e-06 1.26177e-06
17.175 3.67042e-06 3.8553e-06 -1.41348e-06 1.22091e-06
17.2 3.55868e-06 3.73933e-06 -1.37809e-06 1.18062e-06
17.225 3.44808e-06 3.62449e-06 -1.34263e-06 1.14093e-06
17.25 3.33874e-06 3.51092e-06 -1.30715e-06 1.10189e-06
17.275 3.23079e-06 3.39875e-06 -1.27173e-06 1.06351e-06
17.3 3.12433e-06 3.28808e-06 -1.23641e-06 1.02584e-06
17.325 3.01946e-06 3.17903e-06 -1.20125e-06 9.88888e-07
17.35 2.91628e-06 3.07168e-06 -1.1663e-06 9.52693e-07
17.375 2.81487e-06 2.96614e-06 -1.1316e-06 9.17269e-07
17.4 2.71531e-06 2.86247e-06 -1.0972e-06 8.82635e-07
17.425 2.61766e-06 2.76075e-06 -1.06314e-06 8.48805e-07
17.45 2.52199e-06 2.66105e-06 -1.02947e-06 8.15792e-07
17.475 2.42835e-06 2.56342e-06 -9.9621e-07 7.83606e-07
17.5 2.33678e-06 2.46791e-06 -9.63405e-07 7.52254e-07
17.525 2.24733e-06 2.37457e-06 -9.31085e-07 7.21743e-07
17.55 2.16003e-06 2.28343e-06 -8.99277e-07 6.92075e-07
17.575 2.07489e-06 2.19451e-06 -8.68009e-07 6.63252e-07
17.6 1.99196e-06 2.10785e-06 -8.37305e-07 6.35274e-07
17.625 1.91123e-06 2.02346e-06 -8.07185e-07 6.08137e-07
17.65 1.83272e-06 1.94135e-06 -7.77671e-07 5.81838e-07
17.675 1.75643e-06 1.86152e-06 -7.48777e-07 5.56371e-07
17.7 1.68237e-06 1.78398e-06 -7.2052e-07 5.3173e-07
17.725 1.61052e-06 1.70872e-06 -6.92912e-07 5.07905e-07
17.75 1.54088e-06 1.63574e-06 -6.65963e-07 4.84888e-07
17.775 1.47343e-06 1.56502e-06 -6.39683e-07 4.62668e-07
17.8 1.40815e-06 1.49654e-06 -6.14077e-07 4.41232e-07
17.825 1.34503e-06 1.43029e-06 -5.89151e-07 4.20569e-07
17.85 1.28403e-06 1.36624e-06 -5.64908e-07 4.00664e-07
17.875 1.22514e-06 1.30436e-06 -5.4135e-07 3.81503e-07
17.9 1.16832e-06 1.24462e-06 -5.18476e-07 3.63072e-07
17.925 1.11354e-06 1.187e-06 -4.96286e-07 3.45355e-07
17.95 1.06076e-06 1.13145e-06 -4.74777e-07 3.28335e-07
17.975 1.00995e-06 1.07794e-06 -4.53944e-07 3.11997e-07
18 9.61063e-07 1.02643e-06 -4.33782e-07 2.96323e-07
18.025 9.14066e-07 9.76878e-07 -4.14286e-07 2.81296e-07
18.05 8.68915e-07 9.29245e-07 -3.95447e-07 2.66899e-07
18.075 8.25566e-07 8.83485e-07 -3.77257e-07 2.53114e-07
18.1 7.83976e-07 8.39555e-07 -3.59708e-07 2.39924e-07
18.125 7.441e-07 7.97409e-07 -3.42789e-07 2.2731e-07
18.15 7.05892e-07 7.57001e-07 -3.2649e-07 2.15256e-07
18.175 6.69307e-07 7.18283e-07 -3.10798e-07 2.03742e-07
18.2 6.34298e-07 6.81209e-07 -2.95703e-07 1.92753e-07
18.225 6.00819e-07 6.45731e-07 -2.81192e-07 1.82269e-07
18.25 5.68822e-07 6.11802e-07 -2.67252e-07 1.72275e-07
18.275 5.38263e-07 5.79373e-07 -2.5387e-07 1.62751e-07
18.3 5.09093e-07 5.48398e-07 -2.41033e-07 1.53683e-07
18.325 4.81267e-07 5.1883e-07 -2.28725e-07 1.45052e-07
18.35 4.5474e-07 4.90621e-07 -2.16934e-07 1.36843e-07
18.375 4.29465e-07 4.63724e-07 -2.05646e-07 1.29039e-07
18.4 4.05399e-07 4.38094e-07 -1.94845e-07 1.21625e-07
18.425 3.82496e-07 4.13686e-07 -1.84517e-07 1.14584e-07
18.45 3.60714e-07 3.90454e-07 -1.74649e-07 1.07902e-07
18.475 3.4001e-07 3.68354e-07 -1.65225e-07 1.01564e-07
18.5 3.20342e-07 3.47344e-07 -1.56232e-07 9.5556e-08
18.525 3.01668e-07 3.27381e-07 -1.47655e-07 8.9863e-08
18.55 2.83949e-07 3.08422e-07 -1.39479e-07 8.44717e-08
18.575 2.67145e-07 2.90429e-07 -1.31691e-07 7.93689e-08
18.6 2.51218e-07 2.7336e-07 -1.24277e-07 7.45416e-08
18.625 2.36131e-07 2.57177e-07 -1.17223e-07 6.99773e-08
18.65 2.21846e-07 2.41843e-07 -1.10515e-07 6.5664e-08
18.675 2.0833e-07 2.27321e-07 -1.04141e-07 6.15899e-08
18.7 1.95547e-07 2.13575e-07 -9.80876e-08 5.77437e-08
18.725 1.83464e-07 2.00571e-07 -9.23415e-08 5.41145e-08
18.75 1.7205e-07 1.88274e-07 -8.68905e-08 5.06918e-08
18.775 1.61272e-07 1.76653e-07 -8.17224e-08 4.74654e-08
18.8 1.51101e-07 1.65677e-07 -7.68254e-08 4.44256e-08
18.825 1.41508e-07 1.55314e-07 -7.21877e-08 4.1563e-08
18.85 1.32464e-07 1.45535e-07 -6.77982e-08 3.88686e-08
18.875 1.23943e-07 1.36313e-07 -6.36459e-08 3.63337e-08
18.9 1.15918e-07 1.2762e-07 -5.97201e-08 3.395e-08
18.925 1.08365e-07 1.1943e-07 -5.60104e-08 3.17096e-08
18.95 1.01259e-07 1.11717e-07 -5.2507e-08 2.96048e-08
18.975 9.45768e-08 1.04457e-07 -4.92001e-08 2.76284e-08
19 8.82972e-08 9.76274e-08 -4.60804e-08 2.57735e-08
19.025 8.23985e-08 9.12054e-08 -4.31388e-08 2.40333e-08
19.05 7.68604e-08 8.51698e-08 -4.03667e-08 2.24016e-08
19.075 7.16633e-08 7.95e-08 -3.77556e-08 2.08722e-08
19.1 6.67887e-08 7.41764e-08 -3.52975e-08 1.94394e-08
19.125 6.22188e-08 6.91802e-08 -3.29847e-08 1.80978e-08
19.15 5.79367e-08 6.44936e-08 -3.08096e-08 1.6842e-08
19.175 5.39262e-08 6.00994e-08 -2.87651e-08 1.56672e-08
19.2 5.01719e-08 5.59814e-08 -2.68444e-08 1.45685e-08
19.225 4.66591e-08 5.2124e-08 -2.50409e-08 1.35416e-08
19.25 4.33738e-08 4.85124e-08 -2.33483e-08 1.25821e-08
19.275 4.03028e-08 4.51325e-08 -2.17605e-08 1.1686e-08
19.3 3.74335e-08 4.19709e-08 -2.02719e-08 1.08495e-08
19.325 3.47538e-08 3.90149e-08 -1.88768e-08 1.0069e-08
19.35 3.22525e-08 3.62523e-08 -1.75701e-08 9.34106e-09
19.375 2.99187e-08 3.36716e-08 -1.63469e-08 8.66239e-09
19.4 2.77422e-08 3.12621e-08 -1.52022e-08 8.02995e-09
19.425 2.57134e-08 2.90133e-08 -1.41316e-08 7.44083e-09
19.45 2.38231e-08 2.69154e-08 -1.31308e-08 6.89231e-09
19.475 2.20627e-08 2.49593e-08 -1.21956e-08 6.38181e-09
19.5 2.04239e-08 2.3136e-08 -1.13223e-08 5.90688e-09
19.525 1.88992e-08 2.14375e-08 -1.0507e-08 5.46523e-09
19.55 1.74811e-08 1.98558e-08 -9.74634e-09 5.05471e-09
19.575 1.61628e-08 1.83835e-08 -9.03693e-09 4.67327e-09
19.6 1.49379e-08 1.70136e-08 -8.37565e-09 4.319e-09
19.625 1.38002e-08 1.57397e-08 -7.7595e-09 3.9901e-09
19.65 1.2744e-08 1.45555e-08 -7.18569e-09 3.68489e-09
19.675 1.1764e-08 1.34551e-08 -6.65155e-09 3.40176e-09
19.7 1.08549e-08 1.2433e-08 -6.15456e-09 3.13923e-09
19.725 1.00121e-08 1.14841e-08 -5.69236e-09 2.89589e-09
19.75 9.23099e-09 1.06036e-08 -5.2627e-09 2.67044e-09
19.775 8.50746e-09 9.78676e-09 -4.86348e-09 2.46164e-09
19.8 7.83753e-09 9.02939e-09 -4.4927e-09 2.26834e-09
19.825 7.21749e-09 8.32743e-09 -4.1485e-09 2.08946e-09
19.85 6.64389e-09 7.6771e-09 -3.82911e-09 1.924e-09
19.875 6.11345e-09 7.07486e-09 -3.53288e-09 1.77099e-09
19.9 5.62316e-09 6.51738e-09 -3.25824e-09 1.62957e-09
19.925 5.17016e-09 6.00155e-09 -3.00375e-09 1.4989e-09
19.95 4.7518e-09 5.52445e-09 -2.76802e-09 1.37821e-09
19.975 4.36559e-09 5.08336e-09 -2.54977e-09 1.26679e-09
20 4.00921e-09 4.67573e-09 -2.34779e-09 1.16397e-09
