0 8.56563 6.03074 -0.239667 -4.49645
0.025 8.56563 6.03074 -0.239667 -4.49645
0.05 8.58418 6.06032 -0.240786 -4.49635
0.075 8.61495 6.10947 -0.242656 -4.49625
0.1 8.65767 6.17793 -0.24528 -4.49625
0.125 8.71204 6.26542 -0.248664 -4.49629
0.15 8.77768 6.37158 -0.252819 -4.49629
0.175 8.8541 6.49595 -0.257754 -4.49631
0.2 8.94072 6.638 -0.263482 -4.49629
0.225 9.03689 6.79711 -0.270016 -4.49629
0.25 9.14189 6.97258 -0.277372 -4.49631
0.275 9.25489 7.16366 -0.285566 -4.49632
0.3 9.375 7.36948 -0.294616 -4.49631
0.325 9.50127 7.58915 -0.30454 -4.49632
0.35 9.63264 7.82166 -0.31536 -4.49635
0.375 9.768 8.06598 -0.327094 -4.49639
0.4 9.90619 8.32092 -0.339763 -4.49641
0.425 10.046 8.58535 -0.353389 -4.49643
0.45 10.186 8.85801 -0.367992 -4.49647
0.475 10.3249 9.13758 -0.383594 -4.49652
0.5 10.4614 9.42269 -0.400214 -4.49657
0.525 10.5939 9.71191 -0.417871 -4.49664
0.55 10.7208 10.0038 -0.436586 -4.4967
0.575 10.8408 10.2968 -0.456374 -4.49678
0.6 10.952 10.5893 -0.477251 -4.49687
0.625 11.053 10.8797 -0.499232 -4.49697
0.65 11.142 11.1665 -0.522327 -4.49707
0.675 11.2173 11.4478 -0.546546 -4.49719
0.7 11.2773 11.7219 -0.571896 -4.49733
0.725 11.32 11.9872 -0.598381 -4.49748
0.75 11.3438 12.2417 -0.626 -4.49764
0.775 11.3469 12.4837 -0.65475 -4.49781
0.8 11.3275 12.7114 -0.684625 -4.498
0.825 11.2838 12.9228 -0.715614 -4.49821
0.85 11.2138 13.1161 -0.747702 -4.49843
0.875 11.1159 13.2894 -0.780868 -4.49867
0.9 10.9883 13.4408 -0.81509 -4.49891
0.925 10.829 13.5684 -0.850336 -4.49918
0.95 10.6363 13.6702 -0.886575 -4.49947
0.975 10.4084 13.7443 -0.923766 -4.49977
1 10.1436 13.7889 -0.961865 -4.50008
1.025 9.8401 13.8019 -1.00082 -4.50041
1.05 9.49613 13.7816 -1.04058 -4.50077
1.075 9.11003 13.7259 -1.08109 -4.50114
1.1 8.68014 13.633 -1.12227 -4.50152
1.125 8.20479 13.5011 -1.16405 -4.50192
1.15 7.6824 13.3282 -1.20637 -4.50233
1.175 7.11142 13.1127 -1.24914 -4.50277
1.2 6.49033 12.8526 -1.29226 -4.50321
1.225 5.81766 12.5463 -1.33566 -4.50368
1.25 5.09202 12.1921 -1.37924 -4.50414
1.275 4.31205 11.7882 -1.42289 -4.50463
1.3 3.47642 11.3331 -1.46651 -4.50513
1.325 2.58395 10.8251 -1.51 -4.50564
1.35 1.63347 10.2629 -1.55324 -4.50615
1.375 0.623889 9.6449 -1.59612 -4.50668
1.4 -0.445803 8.96959 -1.63853 -4.50721
1.425 -1.57653 8.23602 -1.68035 -4.50775
1.45 -2.76914 7.4428 -1.72146 -4.5083
1.475 -4.02438 6.58878 -1.76172 -4.50884
1.5 -5.3429 5.6729 -1.80104 -4.50938
1.525 -6.72527 4.69428 -1.83927 -4.50992
1.55 -8.17195 3.65197 -1.87632 -4.51046
1.575 -9.68328 2.54524 -1.91204 -4.511
1.6 -11.2595 1.37347 -1.94634 -4.51152
1.625 -12.9007 0.136425 -1.97908 -4.51203
1.65 -14.607 -1.16688 -2.01017 -4.51254
1.675 -16.3782 -2.53643 -2.03949 -4.51302
1.7 -18.214 -3.9724 -2.06693 -4.51349
1.725 -20.1141 -5.47474 -2.09241 -4.51393
1.75 -22.078 -7.04336 -2.11581 -4.51436
1.775 -24.105 -8.678 -2.13707 -4.51475
1.8 -26.1943 -10.3782 -2.15608 -4.51512
1.825 -28.3451 -12.1434 -2.17278 -4.51545
1.85 -30.5562 -13.973 -2.1871 -4.51574
1.875 -32.8264 -15.8659 -2.19898 -4.516
1.9 -35.1544 -17.8213 -2.20837 -4.51621
1.925 -37.5386 -19.8377 -2.21521 -4.51637
1.95 -39.9774 -21.914 -2.21948 -4.51648
1.975 -42.4689 -24.0485 -2.22115 -4.51653
2 -45.0113 -26.2396 -2.22021 -4.51653
2.025 -47.6022 -28.4856 -2.21663 -4.51647
2.05 -50.2396 -30.7841 -2.21044 -4.51633
2.075 -52.9208 -33.133 -2.20163 -4.51612
2.1 -55.6435 -35.5301 -2.19023 -4.51585
2.125 -58.4049 -37.9729 -2.17627 -4.51549
2.15 -61.2022 -40.4587 -2.15979 -4.51504
2.175 -64.0323 -42.9846 -2.14083 -4.51451
2.2 -66.8921 -45.5479 -2.11947 -4.51388
2.225 -69.7785 -48.1451 -2.09576 -4.51316
2.25 -72.688 -50.7735 -2.06978 -4.51233
2.275 -75.6172 -53.4294 -2.04162 -4.5114
2.3 -78.5625 -56.1094 -2.01137 -4.51035
2.325 -81.5203 -58.81 -1.97914 -4.50919
2.35 -84.4866 -61.5275 -1.94503 -4.50791
2.375 -87.4578 -64.258 -1.90914 -4.50651
2.4 -90.4298 -66.9978 -1.87161 -4.50497
2.425 -93.3987 -69.7427 -1.83256 -4.50331
2.45 -96.3603 -72.489 -1.79212 -4.5015
2.475 -99.3105 -75.2324 -1.75042 -4.49955
2.5 -102.245 -77.9688 -1.70757 -4.49746
2.525 -105.16 -80.6941 -1.66379 -4.49521
2.55 -108.052 -83.4041 -1.61918 -4.4928
2.575 -110.915 -86.0946 -1.57389 -4.49024
2.6 -113.745 -88.7614 -1.52808 -4.48751
2.625 -116.54 -91.4003 -1.48187 -4.48461
2.65 -119.293 -94.0071 -1.43541 -4.48154
2.675 -122.002 -96.5776 -1.38887 -4.47829
2.7 -124.662 -99.1079 -1.34237 -4.47486
2.725 -127.269 -101.594 -1.29606 -4.47125
2.75 -129.818 -104.032 -1.25008 -4.46745
2.775 -132.307 -106.417 -1.20456 -4.46346
2.8 -134.732 -108.746 -1.15965 -4.45927
2.825 -137.088 -111.016 -1.11545 -4.45489
2.85 -139.373 -113.222 -1.07211 -4.45031
2.875 -141.582 -115.36 -1.02972 -4.44552
2.9 -143.712 -117.429 -0.9884 -4.44052
2.925 -145.761 -119.424 -0.948256 -4.43532
2.95 -147.725 -121.342 -0.909382 -4.4299
2.975 -149.601 -123.18 -0.871868 -4.42428
3 -151.386 -124.936 -0.835796 -4.41843
3.025 -153.078 -126.607 -0.801241 -4.41237
3.05 -154.674 -128.19 -0.76827 -4.40616
3.075 -156.173 -129.684 -0.736942 -4.39958
3.1 -157.571 -131.085 -0.707308 -4.39286
3.125 -158.868 -132.392 -0.679412 -4.38591
3.15 -160.061 -133.603 -0.653288 -4.37874
3.175 -161.149 -134.717 -0.628966 -4.37135
3.2 -162.131 -135.732 -0.606467 -4.36372
3.225 -163.005 -136.648 -0.585807 -4.35588
3.25 -163.771 -137.462 -0.566966 -4.34781
3.275 -164.428 -138.174 -0.549967 -4.33951
3.3 -164.975 -138.785 -0.534799 -4.33099
3.325 -165.413 -139.292 -0.521443 -4.32224
3.35 -165.74 -139.696 -0.509886 -4.31327
3.375 -165.958 -139.998 -0.500078 -4.30408
3.4 -166.066 -140.196 -0.491996 -4.29467
3.425 -166.064 -140.293 -0.485603 -4.28504
3.45 -165.954 -140.287 -0.480852 -4.27519
3.475 -165.737 -140.18 -0.477695 -4.26513
3.5 -165.412 -139.972 -0.47608 -4.25485
3.525 -164.982 -139.666 -0.47595 -4.24436
3.55 -164.448 -139.261 -0.477244 -4.23366
3.575 -163.811 -138.76 -0.479902 -4.22275
3.6 -163.074 -138.163 -0.483857 -4.21164
3.625 -162.237 -137.474 -0.489041 -4.20033
3.65 -161.303 -136.692 -0.495386 -4.18883
3.675 -160.274 -135.822 -0.50282 -4.17713
3.7 -159.152 -134.863 -0.511273 -4.16524
3.725 -157.94 -133.82 -0.520673 -4.15316
3.75 -156.639 -132.694 -0.530948 -4.1409
3.775 -155.254 -131.488 -0.542025 -4.12846
3.8 -153.786 -130.204 -0.553832 -4.11585
3.825 -152.239 -128.845 -0.5663 -4.10307
3.85 -150.614 -127.414 -0.579357 -4.09012
3.875 -148.916 -125.913 -0.592935 -4.07701
3.9 -147.148 -124.347 -0.606965 -4.06375
3.925 -145.311 -122.717 -0.621387 -4.05033
3.95 -143.411 -121.026 -0.636128 -4.03677
3.975 -141.449 -119.279 -0.65113 -4.02307
4 -139.43 -117.478 -0.666334 -4.00923
4.025 -137.356 -115.626 -0.68168 -3.99526
4.05 -135.231 -113.727 -0.697113 -3.98116
4.075 -133.059 -111.783 -0.71258 -3.96695
4.1 -130.842 -109.799 -0.728024 -3.95262
4.125 -128.585 -107.777 -0.743408 -3.93818
4.15 -126.29 -105.721 -0.758681 -3.92363
4.175 -123.961 -103.635 -0.773799 -3.90899
4.2 -121.602 -101.52 -0.78872 -3.89425
4.225 -119.215 -99.3811 -0.803407 -3.87942
4.25 -116.805 -97.2211 -0.817823 -3.86452
4.275 -114.374 -95.0431 -0.831936 -3.84953
4.3 -111.926 -92.8505 -0.845711 -3.83448
4.325 -109.464 -90.6463 -0.85912 -3.81935
4.35 -106.992 -88.4335 -0.872136 -3.80417
4.375 -104.511 -86.2152 -0.884733 -3.78894
4.4 -102.026 -83.9919 -0.89689 -3.77365
4.425 -99.5398 -81.7715 -0.908584 -3.75832
4.45 -97.0546 -79.5542 -0.919796 -3.74295
4.475 -94.5736 -77.3429 -0.930508 -3.72755
4.5 -92.0997 -75.1401 -0.940706 -3.71212
4.525 -89.6354 -72.9484 -0.950402 -3.69666
4.55 -87.1834 -70.7704 -0.959527 -3.68119
4.575 -84.7462 -68.6084 -0.968099 -3.6657
4.6 -82.326 -66.4647 -0.976106 -3.6502
4.625 -79.9239 -64.3416 -0.983541 -3.6347
4.65 -77.5475 -62.2411 -0.990395 -3.6192
4.675 -75.1928 -60.1652 -0.996663 -3.60371
4.7 -72.8642 -58.1158 -1.00234 -3.58822
4.725 -70.5635 -56.0948 -1.00742 -3.57275
4.75 -68.2925 -54.1037 -1.0119 -3.5573
4.775 -66.0526 -52.1442 -1.01578 -3.54187
4.8 -63.8461 -50.2178 -1.01905 -3.52646
4.825 -61.6742 -48.3257 -1.02169 -3.51108
4.85 -59.5382 -46.4693 -1.02379 -3.49574
4.875 -57.4394 -44.6497 -1.02526 -3.48044
4.9 -55.3791 -42.8679 -1.02612 -3.46517
4.925 -53.3582 -41.1248 -1.02639 -3.44995
4.95 -51.3779 -39.4213 -1.02606 -3.43477
4.975 -49.4387 -37.7581 -1.02514 -3.41965
5 -47.5419 -36.1359 -1.02363 -3.40458
5.025 -45.6879 -34.555 -1.02155 -3.38956
5.05 -43.8773 -33.0161 -1.01889 -3.37461
5.075 -42.1106 -31.5193 -1.01566 -3.35971
5.1 -40.3882 -30.065 -1.01186 -3.34488
5.125 -38.7103 -28.6532 -1.00752 -3.33011
5.15 -37.0772 -27.2841 -1.00263 -3.31542
5.175 -35.4891 -25.9576 -0.997209 -3.30079
5.2 -33.9458 -24.6737 -0.991261 -3.28623
5.225 -32.4475 -23.4321 -0.984799 -3.27175
5.25 -30.994 -22.2326 -0.977833 -3.25734
5.275 -29.5851 -21.0749 -0.970377 -3.24301
5.3 -28.2206 -19.9586 -0.962442 -3.22876
5.325 -26.9002 -18.8833 -0.954031 -3.21459
5.35 -25.6234 -17.8484 -0.945178 -3.20051
5.375 -24.3898 -16.8534 -0.935887 -3.1865
5.4 -23.199 -15.8978 -0.926173 -3.17258
5.425 -22.0504 -14.9807 -0.91605 -3.15874
5.45 -20.9433 -14.1016 -0.905535 -3.14499
5.475 -19.8772 -13.2598 -0.894645 -3.13132
5.5 -18.8514 -12.4543 -0.883395 -3.11775
5.525 -17.8651 -11.6845 -0.871804 -3.10426
5.55 -16.9176 -10.9495 -0.859885 -3.09086
5.575 -16.008 -10.2484 -0.847663 -3.07754
5.6 -15.1357 -9.58036 -0.835153 -3.06432
5.625 -14.2996 -8.94446 -0.822373 -3.05118
5.65 -13.4991 -8.3398 -0.809342 -3.03814
5.675 -12.7331 -7.76544 -0.79608 -3.02518
5.7 -12.0007 -7.22044 -0.782604 -3.01232
5.725 -11.3012 -6.70385 -0.768936 -2.99954
5.75 -10.6334 -6.21473 -0.755094 -2.98686
5.775 -9.99658 -5.75211 -0.741098 -2.97427
5.8 -9.3897 -5.31506 -0.726966 -2.96176
5.825 -8.81185 -4.90263 -0.71272 -2.94935
5.85 -8.26207 -4.51386 -0.698378 -2.93702
5.875 -7.73943 -4.14783 -0.683959 -2.92478
5.9 -7.243 -3.8036 -0.669482 -2.91264
5.925 -6.77183 -3.48028 -0.654967 -2.90058
5.95 -6.32501 -3.17695 -0.640431 -2.88861
5.975 -5.90162 -2.89273 -0.625894 -2.87673
6 -5.50076 -2.62675 -0.611373 -2.86493
6.025 -5.12154 -2.37816 -0.596886 -2.85323
6.05 -4.76309 -2.14612 -0.582449 -2.84161
6.075 -4.42454 -1.92982 -0.56808 -2.83007
6.1 -4.10505 -1.72847 -0.553794 -2.81862
6.125 -3.80379 -1.54129 -0.539607 -2.80726
6.15 -3.51995 -1.36754 -0.525534 -2.79598
6.175 -3.25275 -1.20648 -0.511589 -2.78478
6.2 -3.00141 -1.05742 -0.497786 -2.77367
6.225 -2.76519 -0.919666 -0.484139 -2.76264
6.25 -2.54335 -0.792581 -0.470658 -2.75169
6.275 -2.3352 -0.675516 -0.457357 -2.74083
6.3 -2.14004 -0.567872 -0.444245 -2.73004
6.325 -1.95723 -0.469064 -0.431334 -2.71934
6.35 -1.78612 -0.378536 -0.418632 -2.70871
6.375 -1.62608 -0.295753 -0.406148 -2.69816
6.4 -1.47654 -0.220205 -0.393891 -2.68769
6.425 -1.33692 -0.151406 -0.381867 -2.6773
6.45 -1.20666 -0.088891 -0.370082 -2.66699
6.475 -1.08525 -0.0322245 -0.358543 -2.65675
6.5 -0.97218 0.0190141 -0.347253 -2.64658
6.525 -0.866966 0.0652184 -0.336219 -2.6365
6.55 -0.769148 0.106762 -0.325441 -2.62648
6.575 -0.678287 0.143998 -0.314925 -2.61654
6.6 -0.593962 0.177259 -0.304671 -2.60667
6.625 -0.515775 0.206857 -0.29468 -2.59687
6.65 -0.443346 0.233081 -0.284955 -2.58715
6.675 -0.376315 0.256215 -0.275494 -2.57749
6.7 -0.31434 0.276512 -0.266297 -2.56791
6.725 -0.257097 0.294212 -0.257363 -2.55839
6.75 -0.204281 0.309539 -0.248691 -2.54895
6.775 -0.155601 0.322703 -0.240278 -2.53957
6.8 -0.110786 0.333899 -0.232122 -2.53025
6.825 -0.069575 0.343303 -0.22422 -2.52101
6.85 -0.031727 0.351083 -0.216569 -2.51183
6.875 0.00298659 0.357394 -0.209164 -2.50272
6.9 0.0347803 0.362378 -0.202002 -2.49367
6.925 0.0638559 0.366166 -0.195077 -2.48468
6.95 0.090403 0.368878 -0.188386 -2.47576
6.975 0.114598 0.37063 -0.181924 -2.4669
7 0.136607 0.371511 -0.175684 -2.4581
7.025 0.156585 0.371621 -0.169663 -2.44937
7.05 0.17468 0.371043 -0.163853 -2.4407
7.075 0.191023 0.369854 -0.158251 -2.43208
7.1 0.205744 0.368125 -0.152849 -2.42353
7.125 0.218958 0.365914 -0.147642 -2.41503
7.15 0.230778 0.363289 -0.142625 -2.4066
7.175 0.241303 0.360297 -0.137791 -2.39822
7.2 0.250631 0.356985 -0.133135 -2.3899
7.225 0.25885 0.353394 -0.12865 -2.38164
7.25 0.266042 0.349563 -0.124331 -2.37343
7.275 0.272277 0.345526 -0.120172 -2.36528
7.3 0.277646 0.341313 -0.116167 -2.35718
7.325 0.282195 0.336952 -0.112311 -2.34914
7.35 0.285991 0.332465 -0.108598 -2.34115
7.375 0.289092 0.327876 -0.105023 -2.33322
7.4 0.291549 0.323202 -0.10158 -2.32534
7.425 0.293408 0.318459 -0.0982637 -2.31751
7.45 0.294721 0.313664 -0.0950696 -2.30974
7.475 0.295526 0.308829 -0.0919926 -2.30201
7.5 0.295861 0.303961 -0.0890277 -2.29434
7.525 0.295763 0.299073 -0.0861704 -2.28672
7.55 0.295263 0.294172 -0.0834159 -2.27915
7.575 0.294393 0.289265 -0.08076 -2.27163
7.6 0.29318 0.284357 -0.0781984 -2.26415
7.625 0.29165 0.279453 -0.0757268 -2.25673
7.65 0.289828 0.274555 -0.0733415 -2.24935
7.675 0.287736 0.26967 -0.0710385 -2.24203
7.7 0.285394 0.264798 -0.0688141 -2.23475
7.725 0.28282 0.25994 -0.0666649 -2.22751
7.75 0.280034 0.255098 -0.0645873 -2.22033
7.775 0.277051 0.250272 -0.0625782 -2.21319
7.8 0.273885 0.245464 -0.0606344 -2.20609
7.825 0.270552 0.240673 -0.0587529 -2.19904
7.85 0.267066 0.235899 -0.0569308 -2.19204
7.875 0.263435 0.231141 -0.0551655 -2.18507
7.9 0.259673 0.226401 -0.0534542 -2.17816
7.925 0.25579 0.221676 -0.0517946 -2.17128
7.95 0.251797 0.216967 -0.0501843 -2.16445
7.975 0.247703 0.212274 -0.0486212 -2.15767
8 0.243517 0.207597 -0.047103 -2.15092
8.025 0.239248 0.202935 -0.0456278 -2.14422
8.05 0.234903 0.198289 -0.0441937 -2.13756
8.075 0.230492 0.193658 -0.042799 -2.13093
8.1 0.226021 0.189044 -0.0414421 -2.12435
8.125 0.221498 0.184448 -0.0401213 -2.11782
8.15 0.21693 0.17987 -0.0388353 -2.11132
8.175 0.212324 0.175311 -0.0375828 -2.10486
8.2 0.207687 0.170774 -0.0363625 -2.09844
8.225 0.203026 0.166261 -0.0351733 -2.09206
8.25 0.198348 0.161773 -0.0340143 -2.08571
8.275 0.193658 0.157313 -0.0328844 -2.07941
8.3 0.188963 0.152884 -0.0317827 -2.07314
8.325 0.184271 0.148489 -0.0307087 -2.06691
8.35 0.179586 0.144131 -0.0296614 -2.06072
8.375 0.174916 0.139814 -0.0286404 -2.05457
8.4 0.170266 0.13554 -0.0276451 -2.04845
8.425 0.165643 0.131314 -0.0266749 -2.04237
8.45 0.161051 0.12714 -0.0257295 -2.03632
8.475 0.156498 0.123021 -0.0248085 -2.03031
8.5 0.151989 0.118962 -0.0239116 -2.02434
8.525 0.147528 0.114966 -0.0230384 -2.0184
8.55 0.143122 0.111038 -0.0221888 -2.01249
8.575 0.138775 0.10718 -0.0213624 -2.00662
8.6 0.134493 0.103398 -0.0205592 -2.00079
8.625 0.130278 0.0996942 -0.0197789 -1.99498
8.65 0.126138 0.0960726 -0.0190215 -1.98921
8.675 0.122075 0.0925362 -0.0182866 -1.98348
8.7 0.118093 0.089088 -0.0175743 -1.97778
8.725 0.114195 0.0857309 -0.0168843 -1.97211
8.75 0.110385 0.0824671 -0.0162165 -1.96647
8.775 0.106666 0.0792989 -0.0155708 -1.96086
8.8 0.10304 0.076228 -0.014947 -1.95529
8.825 0.0995083 0.0732558 -0.0143448 -1.94975
8.85 0.0960736 0.0703835 -0.0137641 -1.94423
8.875 0.0927371 0.0676116 -0.0132047 -1.93875
8.9 0.0894993 0.0649405 -0.0126663 -1.93331
8.925 0.0863625 0.0623702 -0.0121486 -1.92789
8.95 0.0833253 0.0599004 -0.0116514 -1.9225
8.975 0.0803884 0.0575302 -0.0111742 -1.91714
9 0.0775512 0.0552585 -0.0107167 -1.91181
9.025 0.0748133 0.0530839 -0.0102786 -1.90651
9.05 0.0721737 0.0510047 -0.00985943 -1.90124
9.075 0.0696311 0.0490189 -0.00945871 -1.896
9.1 0.067184 0.0471241 -0.00907598 -1.89079
9.125 0.0648306 0.0453179 -0.00871076 -1.88561
9.15 0.0625691 0.0435975 -0.00836254 -1.88045
9.175 0.0603973 0.04196 -0.00803077 -1.87532
9.2 0.0583124 0.0404023 -0.0077149 -1.87023
9.225 0.0563128 0.0389213 -0.00741438 -1.86515
9.25 0.0543956 0.0375137 -0.00712861 -1.86011
9.275 0.0525579 0.0361763 -0.00685702 -1.85509
9.3 0.0507971 0.0349055 -0.00659901 -1.8501
9.325 0.0491104 0.0336982 -0.00635399 -1.84514
9.35 0.0474955 0.032551 -0.00612136 -1.8402
9.375 0.0459484 0.0314606 -0.00590055 -1.83529
9.4 0.0444668 0.0304239 -0.00569095 -1.83041
9.425 0.0430481 0.0294378 -0.00549201 -1.82555
9.45 0.0416895 0.0284994 -0.00530316 -1.82072
9.475 0.0403884 0.0276058 -0.00512386 -1.81591
9.5 0.0391422 0.0267545 -0.00495357 -1.81113
9.525 0.0379483 0.0259428 -0.00479179 -1.80637
9.55 0.0368046 0.0251684 -0.00463804 -1.80164
9.575 0.0357086 0.0244293 -0.00449184 -1.79693
9.6 0.0346583 0.0237234 -0.00435275 -1.79225
9.625 0.0336517 0.023049 -0.00422034 -1.78759
9.65 0.0326867 0.0224043 -0.00409424 -1.78296
9.675 0.0317617 0.021788 -0.00397405 -1.77835
9.7 0.0308749 0.0211988 -0.00385945 -1.77376
9.725 0.0300249 0.0206354 -0.0037501 -1.7692
9.75 0.02921 0.0200969 -0.00364571 -1.76466
9.775 0.0284291 0.0195824 -0.003546 -1.76014
9.8 0.0276807 0.0190912 -0.00345071 -1.75565
9.825 0.0269637 0.0186224 -0.00335962 -1.75118
9.85 0.026277 0.0181755 -0.00327251 -1.74673
9.875 0.0256195 0.0177501 -0.00318918 -1.74231
9.9 0.0249901 0.0173454 -0.00310945 -1.7379
9.925 0.024388 0.0169611 -0.00303315 -1.73352
9.95 0.0238121 0.0165968 -0.00296012 -1.72916
9.975 0.0232615 0.0162518 -0.00289023 -1.72483
10 0.0227354 0.0159258 -0.00282332 -1.72051
10.025 0.0222326 0.0156182 -0.00275927 -1.71622
10.05 0.0217524 0.0153284 -0.00269795 -1.71195
10.075 0.0212938 0.0150559 -0.00263925 -1.7077
10.1 0.0208557 0.0147999 -0.00258303 -1.70347
10.125 0.0204373 0.0145593 -0.00252919 -1.69926
10.15 0.0200374 0.0143341 -0.00247759 -1.69507
10.175 0.0196551 0.0141228 -0.00242812 -1.6909
10.2 0.0192892 0.0139247 -0.00238065 -1.68675
10.225 0.0189385 0.0137388 -0.00233505 -1.68263
10.25 0.0186021 0.0135642 -0.00229117 -1.67852
10.275 0.0182786 0.013399 -0.00224887 -1.67443
10.3 0.0179669 0.0132423 -0.0022081 -1.67037
10.325 0.0176657 0.013093 -0.00216865 -1.66632
10.35 0.0173739 0.0129495 -0.00213039 -1.66229
10.375 0.0170902 0.0128108 -0.00209324 -1.65828
10.4 0.0168134 0.0126752 -0.00205691 -1.65429
10.425 0.0165424 0.0125416 -0.00202132 -1.65032
10.45 0.0162758 0.0124086 -0.00198633 -1.64637
10.475 0.0160126 0.0122749 -0.00195178 -1.64244
10.5 0.0157517 0.0121391 -0.00191755 -1.63853
10.525 0.015492 0.0120001 -0.00188348 -1.63463
10.55 0.0152326 0.0118567 -0.00184944 -1.63076
10.575 0.0149725 0.0117078 -0.00181531 -1.6269
10.6 0.0147108 0.0115526 -0.00178097 -1.62306
10.625 0.014447 0.0113901 -0.0017463 -1.61924
10.65 0.0141802 0.0112195 -0.00171125 -1.61543
10.675 0.0139101 0.0110406 -0.00167565 -1.61165
10.7 0.013636 0.0108524 -0.00163947 -1.60788
10.725 0.0133577 0.0106547 -0.00160265 -1.60413
10.75 0.0130751 0.0104473 -0.00156514 -1.6004
10.775 0.0127879 0.0102304 -0.00152691 -1.59668
10.8 0.0124962 0.0100039 -0.00148794 -1.59298
10.825 0.0122001 0.00976801 -0.00144824 -1.5893
10.85 0.0119 0.00952308 -0.00140779 -1.58564
10.875 0.011596 0.00927004 -0.00136668 -1.58199
10.9 0.0112888 0.00900935 -0.00132494 -1.57836
10.925 0.0109789 0.00874181 -0.00128262 -1.57474
10.95 0.0106669 0.00846836 -0.00123981 -1.57114
10.975 0.0103535 0.00819005 -0.0011966 -1.56756
11 0.0100397 0.007908 -0.00115308 -1.564
11.025 0.00972611 0.00762342 -0.00110938 -1.56045
11.05 0.00941383 0.00733759 -0.00106563 -1.55692
11.075 0.00910379 0.00705184 -0.00102195 -1.5534
11.1 0.008797 0.00676756 -0.000978497 -1.5499
11.125 0.00849435 0.00648612 -0.000935411 -1.54641
11.15 0.00819711 0.00620892 -0.000892846 -1.54294
11.175 0.0079062 0.00593736 -0.000850959 -1.53949
11.2 0.00762261 0.00567278 -0.000809903 -1.53605
11.225 0.00734731 0.0054165 -0.000769833 -1.53263
11.25 0.00708122 0.00516976 -0.000730901 -1.52922
11.275 0.00682525 0.00493376 -0.000693252 -1.52582
11.3 0.00658019 0.00470958 -0.000657025 -1.52245
11.325 0.00634679 0.00449822 -0.000622353 -1.51908
11.35 0.00612572 0.00430056 -0.000589357 -1.51573
11.375 0.00591755 0.00411736 -0.000558148 -1.5124
11.4 0.00572275 0.00394927 -0.000528825 -1.50908
11.425 0.00554171 0.00379678 -0.000501473 -1.50578
11.45 0.00537477 0.00366026 -0.000476162 -1.50249
11.475 0.00522195 0.00354 -0.000452948 -1.49921
11.5 0.00508337 0.00343593 -0.000431872 -1.49595
11.525 0.00495899 0.00334806 -0.000412959 -1.4927
11.55 0.00484865 0.0032761 -0.00039621 -1.48947
11.575 0.00475216 0.00321979 -0.000381618 -1.48625
11.6 0.00466898 0.00317864 -0.000369146 -1.48304
11.625 0.00459874 0.00315208 -0.000358777 -1.47985
11.65 0.00454085 0.00313922 -0.000350428 -1.47667
11.675 0.00449458 0.00313928 -0.00034404 -1.47351
11.7 0.00445938 0.00315132 -0.000339527 -1.47036
11.725 0.00443435 0.00317429 -0.000336775 -1.46722
11.75 0.00441864 0.00320709 -0.000335677 -1.4641
11.775 0.00441137 0.00324851 -0.00033611 -1.46099
11.8 0.00441148 0.00329732 -0.000337941 -1.45789
11.825 0.00441804 0.00335226 -0.000341028 -1.45481
11.85 0.00443003 0.00341202 -0.000345222 -1.45173
11.875 0.00444642 0.00347529 -0.000350369 -1.44868
11.9 0.00446616 0.00354078 -0.000356314 -1.44563
11.925 0.00448829 0.0036072 -0.000362897 -1.4426
11.95 0.0045118 0.00367329 -0.000369959 -1.43958
11.975 0.00453572 0.00373785 -0.000377342 -1.43657
12 0.00455912 0.00379974 -0.000384891 -1.43357
12.025 0.00458113 0.00385787 -0.000392456 -1.43059
12.05 0.00460093 0.00391124 -0.000399892 -1.42762
12.075 0.00461778 0.00395894 -0.000407062 -1.42466
12.1 0.00463099 0.00400015 -0.000413836 -1.42172
12.125 0.00463996 0.00403417 -0.000420096 -1.41878
12.15 0.00464416 0.00406039 -0.000425733 -1.41586
12.175 0.00464317 0.00407832 -0.000430648 -1.41295
12.2 0.00463664 0.00408756 -0.000434758 -1.41006
12.225 0.0046243 0.00408794 -0.00043799 -1.40717
12.25 0.00460599 0.00407929 -0.000440281 -1.4043
12.275 0.00458164 0.00406159 -0.000441594 -1.40143
12.3 0.00455125 0.00403494 -0.000441892 -1.39858
12.325 0.00451494 0.00399957 -0.000441159 -1.39574
12.35 0.00447287 0.00395581 -0.000439388 -1.39292
12.375 0.00442531 0.00390399 -0.000436592 -1.3901
12.4 0.00437261 0.00384477 -0.000432784 -1.3873
12.425 0.00431517 0.00377878 -0.000428002 -1.3845
12.45 0.00425349 0.00370645 -0.000422288 -1.38172
12.475 0.00418804 0.0036288 -0.000415698 -1.37895
12.5 0.00411941 0.00354656 -0.000408303 -1.37619
12.525 0.00404822 0.00346057 -0.000400171 -1.37344
12.55 0.00397511 0.00337175 -0.000391383 -1.3707
12.575 0.00390076 0.00328101 -0.000382027 -1.36797
12.6 0.00382583 0.00318929 -0.000372195 -1.36526
12.625 0.00375103 0.00309753 -0.000361983 -1.36255
12.65 0.00367703 0.00300666 -0.00035149 -1.35986
12.675 0.00360453 0.0029176 -0.000340815 -1.35717
12.7 0.00353418 0.00283122 -0.00033006 -1.3545
12.725 0.0034666 0.00274839 -0.000319322 -1.35184
12.75 0.00340241 0.00266987 -0.0003087 -1.34919
12.775 0.00334216 0.00259643 -0.000298286 -1.34654
12.8 0.00328636 0.00252872 -0.000288168 -1.34391
12.825 0.00323547 0.00246735 -0.000278431 -1.34129
12.85 0.0031899 0.00241283 -0.000269152 -1.33868
12.875 0.00314999 0.00236561 -0.000260398 -1.33608
12.9 0.00311601 0.00232602 -0.000252233 -1.33348
12.925 0.00308819 0.00229433 -0.000244709 -1.3309
12.95 0.00306666 0.00227071 -0.00023787 -1.32833
12.975 0.00305149 0.0022552 -0.000231751 -1.32577
13 0.0030427 0.00224778 -0.000226375 -1.32322
13.025 0.00304022 0.00224834 -0.000221758 -1.32068
13.05 0.00304391 0.00225666 -0.000217905 -1.31815
13.075 0.00305358 0.00227245 -0.000214812 -1.31562
13.1 0.00306897 0.00229531 -0.000212461 -1.31311
13.125 0.00308976 0.0023248 -0.00021083 -1.31061
13.15 0.00311555 0.00236036 -0.000209887 -1.30811
13.175 0.00314593 0.0024014 -0.00020959 -1.30563
13.2 0.00318045 0.00244733 -0.000209893 -1.30316
13.225 0.0032186 0.00249723 -0.000210742 -1.30069
13.25 0.00325984 0.00255054 -0.000212062 -1.29823
13.275 0.00330364 0.00260642 -0.000213802 -1.29579
13.3 0.00334932 0.00266405 -0.000215886 -1.29335
13.325 0.0033964 0.00272258 -0.000218238 -1.29092
13.35 0.00344423 0.00278121 -0.000220783 -1.2885
13.375 0.00349227 0.0028391 -0.000223442 -1.28609
13.4 0.00353991 0.00289541 -0.000226137 -1.28369
13.425 0.0035866 0.00294937 -0.000228791 -1.2813
13.45 0.00363181 0.00300022 -0.000231328 -1.27892
13.475 0.00367505 0.00304722 -0.000233678 -1.27654
13.5 0.00371587 0.00308972 -0.00023577 -1.27418
13.525 0.00375384 0.00312709 -0.000237542 -1.27182
13.55 0.00378861 0.00315879 -0.000238936 -1.26947
13.575 0.00381988 0.00318434 -0.0002399 -1.26713
13.6 0.00384742 0.00320334 -0.000240393 -1.2648
13.625 0.00387105 0.0032155 -0.000240379 -1.26248
13.65 0.00389066 0.00322056 -0.000239833 -1.26016
13.675 0.00390623 0.00321841 -0.000238737 -1.25786
13.7 0.00391781 0.003209 -0.000237085 -1.25556
13.725 0.00392551 0.00319238 -0.000234882 -1.25327
13.75 0.00392954 0.00316873 -0.00023214 -1.25099
13.775 0.00393017 0.00313831 -0.000228889 -1.24872
13.8 0.00392777 0.00310142 -0.00022516 -1.24645
13.825 0.00392276 0.00305855 -0.000221002 -1.2442
13.85 0.00391565 0.00301023 -0.000216472 -1.24195
13.875 0.00390704 0.00295711 -0.00021164 -1.23971
13.9 0.00389758 0.00289991 -0.000206584 -1.23748
13.925 0.00388794 0.00283944 -0.000201392 -1.23526
13.95 0.00387893 0.00277658 -0.000196162 -1.23304
13.975 0.00387138 0.0027123 -0.000191 -1.23083
14 0.00386616 0.00264761 -0.000186021 -1.22864
14.025 0.00386421 0.00258361 -0.000181347 -1.22644
14.05 0.0038665 0.00252143 -0.000177106 -1.22426
14.075 0.00387402 0.00246225 -0.000173431 -1.22208
14.1 0.00388781 0.00240729 -0.000170462 -1.21991
14.125 0.0039089 0.00235778 -0.000168342 -1.21775
14.15 0.00393836 0.00231499 -0.000167214 -1.2156
14.175 0.00397723 0.00228019 -0.000167227 -1.21346
14.2 0.0040266 0.00225464 -0.000168527 -1.21132
14.225 0.00408749 0.00223961 -0.000171262 -1.20919
14.25 0.00416094 0.00223634 -0.000175578 -1.20706
14.275 0.00424795 0.00224605 -0.000181618 -1.20495
14.3 0.00434948 0.00226992 -0.000189521 -1.20284
14.325 0.00446647 0.00230908 -0.00019942 -1.20074
14.35 0.0045998 0.00236463 -0.00021145 -1.19865
14.375 0.0047503 0.0024376 -0.000225738 -1.19656
14.4 0.00491874 0.00252898 -0.000242386 -1.19448
14.425 0.00510583 0.00263959 -0.000261508 -1.19241
14.45 0.00531221 0.00277035 -0.000283202 -1.19035
14.475 0.00553843 0.00292184 -0.000307556 -1.18829
14.5 0.00578497 0.00309466 -0.000334648 -1.18624
14.525 0.00605224 0.00328955 -0.000364544 -1.18419
14.55 0.00634055 0.00350686 -0.000397298 -1.18216
14.575 0.00665011 0.00374693 -0.000432954 -1.18013
14.6 0.00698106 0.00400999 -0.00047154 -1.17811
14.625 0.00733342 0.00429617 -0.000513072 -1.17609
14.65 0.00770715 0.00460549 -0.000557556 -1.17408
14.675 0.00810208 0.00493786 -0.00060498 -1.17208
14.7 0.00851795 0.00529309 -0.000655321 -1.17009
14.725 0.00895443 0.00567086 -0.000708542 -1.1681
14.75 0.00941107 0.00607077 -0.000764593 -1.16612
14.775 0.00988733 0.00649229 -0.00082341 -1.16414
14.8 0.0103826 0.00693481 -0.000884916 -1.16217
14.825 0.0108961 0.0073976 -0.000949024 -1.16021
14.85 0.0114271 0.00787985 -0.00101563 -1.15826
14.875 0.0119747 0.00838065 -0.00108462 -1.15631
14.9 0.012538 0.00889939 -0.00115588 -1.15437
14.925 0.0131158 0.00943422 -0.00122931 -1.15243
14.95 0.0137071 0.00998437 -0.00130467 -1.15051
14.975 0.0143107 0.0105486 -0.00138185 -1.14858
15 0.0149254 0.0111256 -0.0014607 -1.14667
15.025 0.0155499 0.0117141 -0.00154103 -1.14476
15.05 0.0161829 0.0123126 -0.00162267 -1.14285
15.075 0.016823 0.0129196 -0.00170544 -1.14096
15.1 0.0174687 0.0135332 -0.00178907 -1.13907
15.125 0.0181186 0.0141529 -0.00187351 -1.13718
15.15 0.0187713 0.0147765 -0.00195848 -1.13531
15.175 0.0194252 0.0154026 -0.00204378 -1.13343
15.2 0.0200789 0.0160295 -0.00212921 -1.13157
15.225 0.0207312 0.0166556 -0.00221457 -1.12971
15.25 0.0213798 0.0172794 -0.00229964 -1.12786
15.275 0.0220238 0.0178993 -0.00238422 -1.12601
15.3 0.0226614 0.0185136 -0.0024681 -1.12417
15.325 0.0232914 0.0191209 -0.00255109 -1.12233
15.35 0.0239121 0.0197197 -0.00263298 -1.1205
15.375 0.0245222 0.0203084 -0.00271357 -1.11868
15.4 0.0251204 0.0208856 -0.00279269 -1.11686
15.425 0.0257051 0.0214499 -0.00287013 -1.11505
15.45 0.0262753 0.022 -0.00294572 -1.11325
15.475 0.0268295 0.0225345 -0.00301928 -1.11145
15.5 0.0273665 0.0230522 -0.00309066 -1.10965
15.525 0.0278853 0.0235519 -0.00315968 -1.10786
15.55 0.0283846 0.0240325 -0.0032262 -1.10608
15.575 0.0288636 0.024493 -0.00329007 -1.10431
15.6 0.0293211 0.0249323 -0.00335117 -1.10254
15.625 0.0297563 0.0253495 -0.00340936 -1.10077
15.65 0.0301684 0.0257439 -0.00346453 -1.09901
15.675 0.0305566 0.0261146 -0.00351658 -1.09726
15.7 0.0309201 0.026461 -0.00356541 -1.09551
15.725 0.0312584 0.0267825 -0.00361099 -1.09377
15.75 0.0315709 0.0270791 -0.00365314 -1.09203
15.775 0.0318572 0.0273492 -0.00369184 -1.0903
15.8 0.0321168 0.0275931 -0.00372705 -1.08857
15.825 0.0323494 0.0278105 -0.00375871 -1.08685
15.85 0.0325548 0.0280011 -0.0037868 -1.08514
15.875 0.0327327 0.0281649 -0.00381129 -1.08343
15.9 0.0328831 0.0283017 -0.00383217 -1.08172
15.925 0.033006 0.0284116 -0.00384944 -1.08002
15.95 0.0331013 0.0284947 -0.00386292 -1.07833
15.975 0.0331692 0.0285512 -0.00387316 -1.07664
16 0.0332098 0.0285812 -0.00387966 -1.07496
16.025 0.0332234 0.0285851 -0.00388262 -1.07328
16.05 0.0332103 0.0285632 -0.00388208 -1.07161
16.075 0.0331707 0.0285159 -0.00387811 -1.06994
16.1 0.0331052 0.0284437 -0.00387074 -1.06828
16.125 0.0330141 0.0283472 -0.00386006 -1.06662
16.15 0.032898 0.0282269 -0.00384613 -1.06497
16.175 0.0327574 0.0280833 -0.00382901 -1.06332
16.2 0.032593 0.0279173 -0.00380881 -1.06168
16.225 0.0324053 0.0277293 -0.00378561 -1.06004
16.25 0.0321951 0.0275203 -0.00375951 -1.05841
16.275 0.0319631 0.027291 -0.0037306 -1.05679
16.3 0.03171 0.0270419 -0.00369899 -1.05516
16.325 0.0314366 0.0267744 -0.00366478 -1.05355
16.35 0.0311437 0.026489 -0.00362808 -1.05194
16.375 0.0308321 0.0261866 -0.003589 -1.05033
16.4 0.0305027 0.0258681 -0.00354768 -1.04873
16.425 0.0301564 0.0255344 -0.00350423 -1.04713
16.45 0.0297939 0.0251863 -0.00345876 -1.04554
16.475 0.0294163 0.0248249 -0.00341138 -1.04395
16.5 0.0290243 0.0244509 -0.00336223 -1.04237
16.525 0.028619 0.0240653 -0.00331143 -1.04079
16.55 0.0282011 0.0236691 -0.00325909 -1.03922
16.575 0.0277717 0.023263 -0.00320533 -1.03765
16.6 0.0273315 0.0228481 -0.00315029 -1.03609
16.625 0.0268815 0.0224252 -0.00309406 -1.03453
16.65 0.0264226 0.0219952 -0.00303679 -1.03298
16.675 0.0259557 0.0215589 -0.00297857 -1.03143
16.7 0.0254815 0.0211172 -0.00291953 -1.02988
16.725 0.025001 0.0206709 -0.00285978 -1.02834
16.75 0.0245151 0.0202208 -0.00279943 -1.02681
16.775 0.0240244 0.0197677 -0.00273858 -1.02528
16.8 0.0235298 0.0193123 -0.00267734 -1.02375
16.825 0.0230321 0.0188555 -0.00261581 -1.02223
16.85 0.0225321 0.0183978 -0.00255409 -1.02071
16.875 0.0220305 0.0179401 -0.00249228 -1.0192
16.9 0.021528 0.017483 -0.00243046 -1.01769
16.925 0.0210252 0.017027 -0.00236873 -1.01619
16.95 0.020523 0.0165729 -0.00230717 -1.01469
16.975 0.0200218 0.0161212 -0.00224586 -1.0132
17 0.0195223 0.0156724 -0.00218487 -1.01171
17.025 0.0190251 0.0152271 -0.00212429 -1.01022
17.05 0.0185307 0.0147858 -0.00206418 -1.00874
17.075 0.0180398 0.0143488 -0.0020046 -1.00726
17.1 0.0175527 0.0139168 -0.00194562 -1.00579
17.125 0.0170699 0.01349 -0.0018873 -1.00432
17.15 0.016592 0.0130689 -0.00182969 -1.00286
17.175 0.0161193 0.0126538 -0.00177284 -1.0014
17.2 0.0156522 0.012245 -0.0017168 -0.999942
17.225 0.0151911 0.0118428 -0.00166161 -0.99849
17.25 0.0147363 0.0114476 -0.00160732 -0.997043
17.275 0.0142882 0.0110595 -0.00155395 -0.9956
17.3 0.0138471 0.0106787 -0.00150154 -0.994161
17.325 0.0134132 0.0103055 -0.00145011 -0.992727
17.35 0.0129866 0.00994 -0.0013997 -0.991296
17.375 0.0125677 0.00958241 -0.00135034 -0.98987
17.4 0.0121566 0.00923281 -0.00130203 -0.988447
17.425 0.0117536 0.00889132 -0.00125479 -0.987029
17.45 0.0113587 0.00855802 -0.00120865 -0.985615
17.475 0.0109721 0.00823297 -0.0011636 -0.984205
17.5 0.0105938 0.00791621 -0.00111966 -0.982799
17.525 0.0102241 0.00760776 -0.00107683 -0.981397
17.55 0.00986291 0.00730765 -0.00103513 -0.979999
17.575 0.00951033 0.00701586 -0.000994528 -0.978605
17.6 0.00916637 0.00673237 -0.000955065 -0.977214
17.625 0.00883106 0.00645714 -0.00091671 -0.975828
17.65 0.00850438 0.00619012 -0.000879464 -0.974446
17.675 0.00818634 0.00593119 -0.000843322 -0.973068
17.7 0.00787689 0.0056804 -0.000808275 -0.971693
17.725 0.00757599 0.00543764 -0.000774314 -0.970323
17.75 0.0072836 0.00520272 -0.000741426 -0.968956
17.775 0.00699964 0.00497558 -0.0007096 -0.967593
17.8 0.00672403 0.00475612 -0.00067882 -0.966234
17.825 0.0064567 0.0045442 -0.000649073 -0.964879
17.85 0.00619754 0.00433971 -0.000620342 -0.963527
17.875 0.00594644 0.0041425 -0.000592609 -0.96218
17.9 0.0057033 0.00395243 -0.000565857 -0.960836
17.925 0.00546799 0.00376936 -0.000540067 -0.959496
17.95 0.00524039 0.00359314 -0.00051522 -0.95816
17.975 0.00502036 0.00342362 -0.000491295 -0.956827
18 0.00480777 0.00326062 -0.000468272 -0.955498
18.025 0.00460247 0.00310401 -0.00044613 -0.954173
18.05 0.00440432 0.00295361 -0.000424847 -0.952851
18.075 0.00421316 0.00280926 -0.000404403 -0.951533
18.1 0.00402885 0.00267079 -0.000384775 -0.950219
18.125 0.00385122 0.00253805 -0.000365942 -0.948908
18.15 0.00368012 0.00241086 -0.00034788 -0.947601
18.175 0.00351539 0.00228906 -0.000330569 -0.946298
18.2 0.00335687 0.0021725 -0.000313986 -0.944998
18.225 0.00320439 0.00206099 -0.000298109 -0.943702
18.25 0.0030578 0.00195438 -0.000282916 -0.942409
18.275 0.00291693 0.00185251 -0.000268385 -0.94112
18.3 0.00278162 0.00175522 -0.000254495 -0.939834
18.325 0.00265172 0.00166234 -0.000241225 -0.938552
18.35 0.00252705 0.00157374 -0.000228552 -0.937273
18.375 0.00240746 0.00148924 -0.000216457 -0.935998
18.4 0.0022928 0.00140871 -0.000204919 -0.934726
18.425 0.00218291 0.00133199 -0.000193918 -0.933458
18.45 0.00207763 0.00125895 -0.000183434 -0.932193
18.475 0.00197681 0.00118943 -0.000173448 -0.930932
18.5 0.00188031 0.00112331 -0.000163941 -0.929674
18.525 0.00178797 0.00106044 -0.000154894 -0.928419
18.55 0.00169966 0.0010007 -0.000146288 -0.927168
18.575 0.00161523 0.000943949 -0.000138106 -0.92592
18.6 0.00153454 0.000890076 -0.000130333 -0.924675
18.625 0.00145746 0.000838954 -0.000122949 -0.923434
18.65 0.00138385 0.000790465 -0.00011594 -0.922196
18.675 0.00131358 0.000744493 -0.000109288 -0.920962
18.7 0.00124653 0.000700929 -0.00010298 -0.91973
18.725 0.00118257 0.000659665 -9.69987e-05 -0.918502
18.75 0.00112159 0.000620598 -9.13308e-05 -0.917278
18.775 0.00106346 0.000583625 -8.59622e-05 -0.916056
18.8 0.00100807 0.000548652 -8.08793e-05 -0.914838
18.825 0.000955316 0.000515584 -7.60689e-05 -0.913623
18.85 0.00090508 0.000484331 -7.15184e-05 -0.912412
18.875 0.000857264 0.000454806 -6.72157e-05 -0.911203
18.9 0.000811764 0.000426926 -6.31489e-05 -0.909998
18.925 0.000768484 0.00040061 -5.93068e-05 -0.908796
18.95 0.000727329 0.000375781 -5.56785e-05 -0.907597
18.975 0.000688206 0.000352364 -5.22536e-05 -0.906401
19 0.000651028 0.000330289 -4.90218e-05 -0.905208
19.025 0.000615708 0.000309486 -4.59737e-05 -0.904019
19.05 0.000582165 0.000289892 -4.30999e-05 -0.902833
19.075 0.000550318 0.000271442 -4.03915e-05 -0.901649
19.1 0.000520091 0.000254077 -3.784e-05 -0.900469
19.125 0.000491409 0.00023774 -3.54374e-05 -0.899292
19.15 0.000464203 0.000222375 -3.31757e-05 -0.898118
19.175 0.000438402 0.000207931 -3.10475e-05 -0.896947
19.2 0.000413942 0.000194357 -2.90458e-05 -0.895779
19.225 0.000390759 0.000181605 -2.71636e-05 -0.894614
19.25 0.000368793 0.000169631 -2.53946e-05 -0.893452
19.275 0.000347985 0.000158391 -2.37324e-05 -0.892293
19.3 0.000328279 0.000147844 -2.21712e-05 -0.891138
19.325 0.000309621 0.00013795 -2.07054e-05 -0.889985
19.35 0.000291961 0.000128672 -1.93296e-05 -0.888835
19.375 0.000275248 0.000119975 -1.80387e-05 -0.887688
19.4 0.000259436 0.000111824 -1.68279e-05 -0.886544
19.425 0.00024448 0.000104188 -1.56925e-05 -0.885403
19.45 0.000230336 9.70366e-05 -1.46281e-05 -0.884265
19.475 0.000216963 9.03405e-05 -1.36306e-05 -0.88313
19.5 0.000204323 8.40724e-05 -1.26959e-05 -0.881998
19.525 0.000192376 7.82064e-05 -1.18205e-05 -0.880869
19.55 0.000181087 7.27177e-05 -1.10006e-05 -0.879742
19.575 0.000170423 6.7583e-05 -1.02329e-05 -0.878619
19.6 0.000160349 6.27801e-05 -9.51416e-06 -0.877498
19.625 0.000150835 5.82881e-05 -8.84135e-06 -0.87638
19.65 0.000141851 5.4087e-05 -8.21158e-06 -0.875265
19.675 0.000133369 5.01581e-05 -7.62209e-06 -0.874153
19.7 0.000125361 4.64833e-05 -7.07029e-06 -0.873044
19.725 0.000117802 4.30457e-05 -6.5537e-06 -0.871937
19.75 0.000110667 3.98294e-05 -6.06997e-06 -0.870833
19.775 0.000103933 3.6819e-05 -5.61689e-06 -0.869732
19.8 9.75781e-05 3.4e-05 -5.19233e-06 -0.868634
19.825 9.15802e-05 3.13587e-05 -4.79429e-06 -0.867539
19.85 8.59196e-05 2.8882e-05 -4.42085e-06 -0.866446
19.875 8.05771e-05 2.65573e-05 -4.07018e-06 -0.865356
19.9 7.55345e-05 2.43728e-05 -3.74054e-06 -0.864269
19.925 7.07744e-05 2.23171e-05 -3.43028e-06 -0.863185
19.95 6.62803e-05 2.03791e-05 -3.13777e-06 -0.862103
19.975 6.20368e-05 1.85492e-05 -2.8616e-06 -0.861024
20 5.80279e-05 1.68147e-05 -2.59995e-06 -0.859948
