0 484.58 407.433 -3.26899 10.4076
0.025 484.58 407.433 -3.26899 10.4076
0.05 484.21 406.844 -3.26443 10.4068
0.075 484.015 406.64 -3.2628 10.4057
0.1 483.752 406.382 -3.26051 10.4046
0.125 483.431 406.039 -3.258 10.4032
0.15 483.045 405.665 -3.25501 10.4014
0.175 482.595 405.231 -3.25156 10.3994
0.2 482.082 404.737 -3.24765 10.3969
0.225 481.507 404.182 -3.24328 10.3941
0.25 480.87 403.569 -3.23849 10.3911
0.275 480.175 402.898 -3.23329 10.3878
0.3 479.423 402.173 -3.22771 10.384
0.325 478.615 401.394 -3.22178 10.38
0.35 477.755 400.564 -3.21553 10.3757
0.375 476.846 399.686 -3.20899 10.3711
0.4 475.889 398.762 -3.2022 10.3662
0.425 474.888 397.795 -3.1952 10.3609
0.45 473.846 396.788 -3.18803 10.3554
0.475 472.767 395.744 -3.18073 10.3496
0.5 471.652 394.665 -3.17333 10.3434
0.525 470.506 393.556 -3.1659 10.337
0.55 469.332 392.419 -3.15847 10.3302
0.575 468.134 391.257 -3.15108 10.3232
0.6 466.916 390.075 -3.14379 10.3159
0.625 465.68 388.876 -3.13665 10.3082
0.65 464.431 387.662 -3.12971 10.3003
0.675 463.172 386.438 -3.12302 10.2921
0.7 461.908 385.208 -3.11662 10.2837
0.725 460.642 383.974 -3.11058 10.2749
0.75 459.377 382.74 -3.10495 10.2659
0.775 458.118 381.511 -3.09977 10.2566
0.8 456.868 380.288 -3.09511 10.247
0.825 455.631 379.077 -3.09101 10.2371
0.85 454.41 377.879 -3.08753 10.227
0.875 453.209 376.7 -3.08473 10.2167
0.9 452.032 375.541 -3.08265 10.206
0.925 450.881 374.407 -3.08135 10.1951
0.95 449.76 373.299 -3.08089 10.1839
0.975 448.673 372.222 -3.08131 10.1725
1 447.622 371.178 -3.08266 10.1608
1.025 446.609 370.169 -3.08501 10.1488
1.05 445.639 369.199 -3.08839 10.1367
1.075 444.712 368.27 -3.09286 10.1242
1.1 443.833 367.384 -3.09847 10.1115
1.125 443.002 366.543 -3.10527 10.0986
1.15 442.223 365.75 -3.1133 10.0854
1.175 441.496 365.006 -3.1226 10.0719
1.2 440.824 364.312 -3.13323 10.0583
1.225 440.207 363.672 -3.14523 10.0443
1.25 439.648 363.085 -3.15864 10.0302
1.275 439.147 362.552 -3.1735 10.0158
1.3 438.705 362.076 -3.18985 10.0011
1.325 438.323 361.655 -3.20771 9.98622
1.35 437.998 361.292 -3.22716 9.97107
1.375 437.738 360.985 -3.24821 9.95569
1.4 437.536 360.736 -3.27089 9.94008
1.425 437.393 360.543 -3.29524 9.92423
1.45 437.309 360.407 -3.32128 9.90813
1.475 437.283 360.324 -3.34905 9.89178
1.5 437.314 360.299 -3.37856 9.87519
1.525 437.401 360.328 -3.40985 9.85837
1.55 437.542 360.41 -3.44293 9.84129
1.575 437.735 360.544 -3.47783 9.82398
1.6 437.979 360.727 -3.51456 9.80641
1.625 438.272 360.959 -3.55313 9.7886
1.65 438.61 361.236 -3.59356 9.77055
1.675 438.991 361.558 -3.63585 9.75224
1.7 439.413 361.92 -3.68002 9.73368
1.725 439.872 362.322 -3.72607 9.71487
1.75 440.366 362.759 -3.77399 9.69582
1.775 440.889 363.23 -3.82378 9.67651
1.8 441.44 363.73 -3.87545 9.65694
1.825 442.015 364.257 -3.92897 9.6371
1.85 442.608 364.808 -3.98434 9.61701
1.875 443.217 365.378 -4.04154 9.59667
1.9 443.837 365.964 -4.10055 9.57606
1.925 444.464 366.562 -4.16134 9.55518
1.95 445.092 367.168 -4.2239 9.53404
1.975 445.719 367.779 -4.28818 9.51263
2 446.338 368.391 -4.35415 9.49095
2.025 446.946 368.998 -4.42177 9.469
2.05 447.537 369.596 -4.49099 9.44677
2.075 448.107 370.18 -4.56181 9.42427
2.1 448.65 370.748 -4.6341 9.4015
2.125 449.162 371.294 -4.70784 9.37845
2.15 449.638 371.813 -4.78296 9.35512
2.175 450.072 372.302 -4.85939 9.33151
2.2 450.46 372.755 -4.93706 9.30762
2.225 450.796 373.168 -5.0159 9.28345
2.25 451.077 373.537 -5.09583 9.25899
2.275 451.296 373.857 -5.17676 9.23425
2.3 451.45 374.123 -5.25859 9.20922
2.325 451.533 374.332 -5.34123 9.18391
2.35 451.541 374.479 -5.42459 9.15832
2.375 451.469 374.56 -5.50856 9.13244
2.4 451.312 374.57 -5.59303 9.10627
2.425 451.068 374.505 -5.67788 9.07981
2.45 450.73 374.362 -5.763 9.05308
2.475 450.296 374.142 -5.84828 9.02606
2.5 449.761 373.831 -5.93347 8.99875
2.525 449.122 373.43 -6.01877 8.97116
2.55 448.376 372.936 -6.10373 8.94329
2.575 447.518 372.346 -6.18833 8.91514
2.6 446.542 371.656 -6.27241 8.88671
2.625 445.456 370.864 -6.35585 8.858
2.65 444.248 369.968 -6.4385 8.82902
2.675 442.917 368.964 -6.52021 8.79977
2.7 441.461 367.85 -6.60085 8.77025
2.725 439.879 366.625 -6.68026 8.74046
2.75 438.169 365.285 -6.75829 8.7104
2.775 436.329 363.831 -6.8348 8.68009
2.8 434.358 362.26 -6.90964 8.64952
2.825 432.255 360.571 -6.98266 8.6187
2.85 430.019 358.763 -7.05372 8.58763
2.875 427.651 356.836 -7.12265 8.55632
2.9 425.149 354.789 -7.18933 8.52476
2.925 422.514 352.622 -7.25361 8.49298
2.95 419.746 350.331 -7.31535 8.46096
2.975 416.846 347.924 -7.3744 8.42872
3 413.814 345.398 -7.43064 8.39626
3.025 410.653 342.753 -7.48393 8.36359
3.05 407.362 339.991 -7.53414 8.33071
3.075 403.944 337.114 -7.58117 8.29763
3.1 400.401 334.121 -7.62487 8.26436
3.125 396.734 331.017 -7.66515 8.2309
3.15 392.947 327.801 -7.7019 8.19726
3.175 389.041 324.477 -7.73501 8.16345
3.2 385.02 321.047 -7.76439 8.12947
3.225 380.886 317.514 -7.78996 8.09533
3.25 376.644 313.88 -7.81163 8.06104
3.275 372.296 310.149 -7.82933 8.02662
3.3 367.845 306.324 -7.84299 7.99205
3.325 363.297 302.408 -7.85257 7.95736
3.35 358.654 298.404 -7.858 7.92254
3.375 353.921 294.318 -7.85924 7.88762
3.4 349.102 290.152 -7.85627 7.8526
3.425 344.202 285.911 -7.84904 7.81748
3.45 339.225 281.598 -7.83754 7.78227
3.475 334.176 277.219 -7.82184 7.74699
3.5 329.06 272.778 -7.80184 7.71163
3.525 323.881 268.278 -7.77759 7.67622
3.55 318.644 263.726 -7.74911 7.64076
3.575 313.355 259.125 -7.71642 7.60525
3.6 308.019 254.48 -7.67955 7.56971
3.625 302.64 249.796 -7.63856 7.53414
3.65 297.223 245.078 -7.5935 7.49856
3.675 291.775 240.33 -7.54442 7.46297
3.7 286.299 235.553 -7.4914 7.42737
3.725 280.802 230.76 -7.43452 7.39179
3.75 275.288 225.953 -7.37385 7.35622
3.775 269.762 221.137 -7.30949 7.32068
3.8 264.229 216.315 -7.24155 7.28517
3.825 258.695 211.492 -7.17012 7.2497
3.85 253.163 206.673 -7.09531 7.21428
3.875 247.64 201.863 -7.01725 7.17891
3.9 242.129 197.066 -6.93606 7.14361
3.925 236.636 192.287 -6.85186 7.10839
3.95 231.165 187.529 -6.76479 7.07324
3.975 225.72 182.797 -6.67499 7.03818
4 220.301 178.096 -6.5826 7.00321
4.025 214.926 173.428 -6.48775 6.96834
4.05 209.586 168.798 -6.39061 6.93358
4.075 204.288 164.21 -6.29132 6.89894
4.1 199.037 159.666 -6.19002 6.86441
4.125 193.836 155.171 -6.08689 6.83001
4.15 188.688 150.728 -5.98207 6.79575
4.175 183.598 146.339 -5.87571 6.76162
4.2 178.567 142.008 -5.76798 6.72763
4.225 173.6 137.737 -5.65902 6.6938
4.25 168.699 133.529 -5.549 6.66012
4.275 163.866 129.386 -5.43807 6.62659
4.3 159.103 125.311 -5.32639 6.59324
4.325 154.414 121.305 -5.21409 6.56005
4.35 149.801 117.371 -5.10134 6.52703
4.375 145.264 113.509 -4.98828 6.49419
4.4 140.807 109.723 -4.87506 6.46153
4.425 136.43 106.012 -4.76181 6.42905
4.45 132.136 102.379 -4.64867 6.39676
4.475 127.924 98.8242 -4.53577 6.36466
4.5 123.797 95.3484 -4.42325 6.33276
4.525 119.756 91.9525 -4.31123 6.30106
4.55 115.8 88.637 -4.19974 6.26955
4.575 111.932 85.4023 -4.08907 6.23824
4.6 108.15 82.2488 -3.97926 6.20714
4.625 104.457 79.1765 -3.87041 6.17625
4.65 100.851 76.1854 -3.76261 6.14556
4.675 97.3324 73.2754 -3.65597 6.11508
4.7 93.902 70.4462 -3.55057 6.08482
4.725 90.5592 67.6975 -3.4465 6.05477
4.75 87.3036 65.0286 -3.34384 6.02493
4.775 84.1349 62.4391 -3.24266 5.9953
4.8 81.0524 59.9281 -3.14304 5.96589
4.825 78.0556 57.4949 -3.04503 5.9367
4.85 75.1437 55.1385 -2.9487 5.90772
4.875 72.3158 52.858 -2.85409 5.87896
4.9 69.571 50.6524 -2.76127 5.85042
4.925 66.9083 48.5203 -2.67025 5.8221
4.95 64.3267 46.4607 -2.5811 5.79399
4.975 61.8249 44.4723 -2.49383 5.7661
5 59.4018 42.5538 -2.40848 5.73843
5.025 57.0561 40.7037 -2.32507 5.71098
5.05 54.7857 38.9206 -2.24361 5.68374
5.075 52.5907 37.2031 -2.16413 5.65672
5.1 50.4689 35.5498 -2.08662 5.62991
5.125 48.4189 33.959 -2.0111 5.60332
5.15 46.4392 32.4292 -1.93757 5.57694
5.175 44.5282 30.9589 -1.86602 5.55078
5.2 42.6844 29.5465 -1.79645 5.52482
5.225 40.9062 28.1904 -1.72885 5.49908
5.25 39.1921 26.889 -1.66321 5.47355
5.275 37.5405 25.6408 -1.59951 5.44822
5.3 35.9497 24.444 -1.53773 5.4231
5.325 34.4181 23.2973 -1.47786 5.39819
5.35 32.9442 22.1988 -1.41986 5.37348
5.375 31.5263 21.1472 -1.36372 5.34898
5.4 30.1628 20.1408 -1.3094 5.32468
5.425 28.8522 19.1782 -1.25689 5.30057
5.45 27.5929 18.2578 -1.20613 5.27667
5.475 26.3832 17.378 -1.15711 5.25296
5.5 25.2217 16.5376 -1.10979 5.22945
5.525 24.1068 15.7349 -1.06414 5.20613
5.55 23.037 14.9686 -1.02011 5.18301
5.575 22.0109 14.2374 -0.977667 5.16007
5.6 21.0269 13.5398 -0.93678 5.13732
5.625 20.0836 12.8745 -0.897408 5.11476
5.65 19.1797 12.2403 -0.85951 5.09239
5.675 18.3137 11.6358 -0.823048 5.0702
5.7 17.4842 11.06 -0.787982 5.04819
5.725 16.69 10.5115 -0.754273 5.02637
5.75 15.9298 9.98918 -0.721881 5.00472
5.775 15.2022 9.492 -0.690766 4.98324
5.8 14.5062 9.01884 -0.660889 4.96195
5.825 13.8403 8.56863 -0.632211 4.94083
5.85 13.2036 8.14037 -0.604694 4.91987
5.875 12.5948 7.73308 -0.578298 4.89909
5.9 12.0129 7.3458 -0.552987 4.87848
5.925 11.4568 6.97763 -0.528723 4.85803
5.95 10.9255 6.62768 -0.505469 4.83775
5.975 10.4179 6.29511 -0.483189 4.81763
6 9.93301 5.9791 -0.461848 4.79767
6.025 9.47001 5.67887 -0.441412 4.77788
6.05 9.02792 5.39367 -0.421847 4.75824
6.075 8.60589 5.12277 -0.403119 4.73875
6.1 8.20304 4.8655 -0.385197 4.71942
6.125 7.81858 4.62117 -0.368049 4.70025
6.15 7.4517 4.38917 -0.351644 4.68122
6.175 7.10165 4.16888 -0.335954 4.66235
6.2 6.7677 3.95972 -0.320949 4.64362
6.225 6.44914 3.76114 -0.306601 4.62504
6.25 6.14529 3.57261 -0.292884 4.60661
6.275 5.8555 3.39363 -0.279771 4.58832
6.3 5.57915 3.22372 -0.267237 4.57017
6.325 5.31563 3.06241 -0.255257 4.55216
6.35 5.06438 2.90927 -0.243809 4.5343
6.375 4.82483 2.76388 -0.232869 4.51656
6.4 4.59646 2.62585 -0.222415 4.49897
6.425 4.37875 2.4948 -0.212427 4.48151
6.45 4.17123 2.37038 -0.202883 4.46418
6.475 3.97342 2.25224 -0.193766 4.44698
6.5 3.78488 2.14005 -0.185055 4.42992
6.525 3.60518 2.03352 -0.176733 4.41298
6.55 3.43392 1.93235 -0.168783 4.39617
6.575 3.2707 1.83627 -0.161188 4.37949
6.6 3.11515 1.74501 -0.153933 4.36293
6.625 2.96692 1.65833 -0.147002 4.34649
6.65 2.82566 1.57598 -0.14038 4.33018
6.675 2.69105 1.49775 -0.134055 4.31399
6.7 2.56278 1.42342 -0.128011 4.29791
6.725 2.44055 1.3528 -0.122238 4.28196
6.75 2.32408 1.28569 -0.116723 4.26612
6.775 2.2131 1.22192 -0.111453 4.2504
6.8 2.10735 1.16131 -0.106418 4.23479
6.825 2.00659 1.1037 -0.101608 4.2193
6.85 1.91059 1.04894 -0.0970128 4.20392
6.875 1.81911 0.996891 -0.092622 4.18864
6.9 1.73196 0.947408 -0.0884267 4.17348
6.925 1.64892 0.900365 -0.0844182 4.15843
6.95 1.5698 0.855638 -0.0805882 4.14349
6.975 1.49442 0.813113 -0.0769286 4.12865
7 1.42261 0.772678 -0.073432 4.11392
7.025 1.35419 0.73423 -0.070091 4.09929
7.05 1.28901 0.697671 -0.0668988 4.08476
7.075 1.22692 0.662906 -0.0638487 4.07034
7.1 1.16777 0.629847 -0.0609345 4.05602
7.125 1.11142 0.598411 -0.0581502 4.04179
7.15 1.05774 0.568518 -0.0554901 4.02767
7.175 1.00662 0.540093 -0.0529487 4.01364
7.2 0.957919 0.513064 -0.0505208 3.99972
7.225 0.911537 0.487363 -0.0482015 3.98588
7.25 0.867361 0.462926 -0.0459861 3.97215
7.275 0.82529 0.439691 -0.0438699 3.9585
7.3 0.785226 0.417602 -0.0418488 3.94495
7.325 0.747073 0.396602 -0.0399186 3.93149
7.35 0.710745 0.37664 -0.0380753 3.91813
7.375 0.676154 0.357665 -0.0363151 3.90485
7.4 0.643221 0.339631 -0.0346346 3.89166
7.425 0.611868 0.322492 -0.0330302 3.87856
7.45 0.582021 0.306205 -0.0314987 3.86555
7.475 0.55361 0.29073 -0.0300369 3.85263
7.5 0.526568 0.276028 -0.0286417 3.83979
7.525 0.50083 0.262061 -0.0273104 3.82704
7.55 0.476337 0.248796 -0.0260402 3.81437
7.575 0.45303 0.236197 -0.0248284 3.80178
7.6 0.430852 0.224234 -0.0236724 3.78928
7.625 0.409752 0.212875 -0.0225699 3.77686
7.65 0.389679 0.202092 -0.0215185 3.76452
7.675 0.370584 0.191857 -0.020516 3.75226
7.7 0.352421 0.182143 -0.0195603 3.74008
7.725 0.335146 0.172925 -0.0186492 3.72798
7.75 0.318718 0.16418 -0.0177809 3.71596
7.775 0.303096 0.155884 -0.0169534 3.70401
7.8 0.288243 0.148014 -0.016165 3.69214
7.825 0.27412 0.140551 -0.0154138 3.68035
7.85 0.260695 0.133475 -0.0146982 3.66863
7.875 0.247933 0.126765 -0.0140167 3.65698
7.9 0.235803 0.120405 -0.0133676 3.64541
7.925 0.224274 0.114376 -0.0127495 3.63391
7.95 0.213318 0.108662 -0.012161 3.62249
7.975 0.202907 0.103248 -0.0116007 3.61113
8 0.193014 0.098117 -0.0110673 3.59985
8.025 0.183614 0.093256 -0.0105596 3.58864
8.05 0.174684 0.0886508 -0.0100764 3.57749
8.075 0.1662 0.0842883 -0.00961644 3.56642
8.1 0.15814 0.080156 -0.00917873 3.55541
8.125 0.150485 0.076242 -0.00876218 3.54447
8.15 0.143213 0.0725348 -0.00836577 3.5336
8.175 0.136306 0.0690237 -0.00798854 3.5228
8.2 0.129745 0.0656981 -0.00762956 3.51206
8.225 0.123514 0.0625484 -0.00728794 3.50138
8.25 0.117596 0.059565 -0.00696283 3.49077
8.275 0.111975 0.0567392 -0.00665343 3.48023
8.3 0.106636 0.0540623 -0.00635894 3.46975
8.325 0.101566 0.0515262 -0.00607864 3.45933
8.35 0.0967495 0.0491233 -0.00581181 3.44897
8.375 0.0921749 0.0468463 -0.00555777 3.43868
8.4 0.0878294 0.0446882 -0.00531588 3.42844
8.425 0.0837014 0.0426424 -0.00508553 3.41827
8.45 0.0797797 0.0407027 -0.00486613 3.40816
8.475 0.0760537 0.038863 -0.00465711 3.3981
8.5 0.0725132 0.0371178 -0.00445795 3.38811
8.525 0.0691488 0.0354617 -0.00426814 3.37818
8.55 0.0659512 0.0338897 -0.0040872 3.3683
8.575 0.0629118 0.032397 -0.00391467 3.35848
8.6 0.0600223 0.030979 -0.00375011 3.34872
8.625 0.0572749 0.0296314 -0.00359311 3.33901
8.65 0.0546622 0.0283503 -0.00344328 3.32936
8.675 0.052177 0.0271318 -0.00330024 3.31977
8.7 0.0498128 0.0259723 -0.00316364 3.31023
8.725 0.0475632 0.0248684 -0.00303315 3.30074
8.75 0.0454221 0.0238169 -0.00290846 3.29131
8.775 0.0433839 0.0228148 -0.00278925 3.28194
8.8 0.0414431 0.0218593 -0.00267525 3.27261
8.825 0.0395946 0.0209477 -0.00256619 3.26334
8.85 0.0378335 0.0200774 -0.00246181 3.25412
8.875 0.0361555 0.0192463 -0.00236188 3.24496
8.9 0.0345561 0.018452 -0.00226617 3.23584
8.925 0.0330311 0.0176925 -0.00217447 3.22678
8.95 0.0315767 0.0169659 -0.00208657 3.21777
8.975 0.0301894 0.0162704 -0.00200228 3.2088
9 0.0288655 0.0156043 -0.00192144 3.19989
9.025 0.0276018 0.014966 -0.00184386 3.19103
9.05 0.0263953 0.014354 -0.0017694 3.18221
9.075 0.0252431 0.013767 -0.00169789 3.17345
9.1 0.0241423 0.0132037 -0.00162921 3.16473
9.125 0.0230905 0.0126629 -0.00156322 3.15606
9.15 0.0220851 0.0121435 -0.00149979 3.14743
9.175 0.021124 0.0116444 -0.00143882 3.13886
9.2 0.0202049 0.0111646 -0.00138018 3.13033
9.225 0.0193257 0.0107034 -0.00132378 3.12185
9.25 0.0184845 0.0102598 -0.00126951 3.11341
9.275 0.0176795 0.00983311 -0.0012173 3.10502
9.3 0.0169091 0.00942251 -0.00116706 3.09667
9.325 0.0161715 0.00902735 -0.00111869 3.08837
9.35 0.0154652 0.00864701 -0.00107214 3.08011
9.375 0.0147889 0.00828087 -0.00102732 3.0719
9.4 0.0141411 0.00792839 -0.00098417 3.06373
9.425 0.0135205 0.00758905 -0.000942628 3.0556
9.45 0.012926 0.00726234 -0.000902633 3.04752
9.475 0.0123564 0.00694782 -0.00086413 3.03948
9.5 0.0118107 0.00664504 -0.000827063 3.03148
9.525 0.0112877 0.0063536 -0.000791384 3.02352
9.55 0.0107865 0.0060731 -0.000757044 3.01561
9.575 0.0103062 0.00580318 -0.000723999 3.00773
9.6 0.00984591 0.00554348 -0.000692206 2.9999
9.625 0.00940482 0.00529368 -0.000661623 2.99211
9.65 0.00898212 0.00505344 -0.000632211 2.98436
9.675 0.00857708 0.00482248 -0.000603934 2.97665
9.7 0.00818897 0.00460049 -0.000576755 2.96897
9.725 0.00781712 0.0043872 -0.000550641 2.96134
9.75 0.00746088 0.00418233 -0.000525558 2.95375
9.775 0.00711963 0.00398562 -0.000501474 2.94619
9.8 0.00679279 0.00379682 -0.000478359 2.93868
9.825 0.00647978 0.00361567 -0.000456183 2.9312
9.85 0.00618007 0.00344194 -0.000434918 2.92376
9.875 0.00589316 0.00327539 -0.000414535 2.91636
9.9 0.00561853 0.00311581 -0.000395007 2.909
9.925 0.00535572 0.00296297 -0.000376308 2.90167
9.95 0.00510428 0.00281666 -0.000358412 2.89438
9.975 0.00486377 0.00267667 -0.000341293 2.88712
10 0.00463377 0.00254279 -0.000324927 2.87991
10.025 0.00441388 0.00241483 -0.000309289 2.87272
10.05 0.00420371 0.0022926 -0.000294357 2.86558
10.075 0.00400288 0.00217589 -0.000280107 2.85847
10.1 0.00381106 0.00206453 -0.000266515 2.85139
10.125 0.00362788 0.00195834 -0.000253559 2.84435
10.15 0.00345301 0.00185714 -0.000241218 2.83735
10.175 0.00328614 0.00176076 -0.000229469 2.83038
10.2 0.00312696 0.00166903 -0.000218292 2.82344
10.225 0.00297516 0.00158178 -0.000207665 2.81653
10.25 0.00283047 0.00149886 -0.000197567 2.80967
10.275 0.0026926 0.0014201 -0.000187979 2.80283
10.3 0.00256128 0.00134536 -0.00017888 2.79603
10.325 0.00243627 0.00127449 -0.000170252 2.78926
10.35 0.0023173 0.00120734 -0.000162074 2.78252
10.375 0.00220414 0.00114378 -0.000154329 2.77581
10.4 0.00209655 0.00108365 -0.000146998 2.76914
10.425 0.00199432 0.00102683 -0.000140063 2.7625
10.45 0.00189721 0.000973185 -0.000133507 2.75589
10.475 0.00180502 0.000922587 -0.000127312 2.74932
10.5 0.00171754 0.00087491 -0.000121462 2.74277
10.525 0.00163459 0.000830032 -0.00011594 2.73625
10.55 0.00155595 0.000787833 -0.000110731 2.72977
10.575 0.00148145 0.000748197 -0.00010582 2.72332
10.6 0.00141092 0.000711009 -0.000101191 2.71689
10.625 0.00134417 0.000676157 -9.68293e-05 2.7105
10.65 0.00128104 0.000643535 -9.27217e-05 2.70414
10.675 0.00122136 0.000613033 -8.88542e-05 2.69781
10.7 0.00116497 0.00058455 -8.52138e-05 2.6915
10.725 0.00111172 0.000557983 -8.17877e-05 2.68523
10.75 0.00106146 0.000533234 -7.85635e-05 2.67898
10.775 0.00101404 0.000510205 -7.55297e-05 2.67277
10.8 0.000969338 0.000488802 -7.26747e-05 2.66658
10.825 0.000927199 0.000468933 -6.99877e-05 2.66042
10.85 0.000887498 0.000450507 -6.74583e-05 2.65429
10.875 0.000850107 0.000433438 -6.50764e-05 2.64819
10.9 0.000814902 0.000417639 -6.28324e-05 2.64212
10.925 0.000781765 0.000403029 -6.07173e-05 2.63607
10.95 0.000750579 0.000389526 -5.87223e-05 2.63005
10.975 0.000721233 0.000377052 -5.6839e-05 2.62406
11 0.000693619 0.000365522 -5.50597e-05 2.6181
11.025 0.000667634 0.000354888 -5.33761e-05 2.61216
11.05 0.000643176 0.000345058 -5.17825e-05 2.60625
11.075 0.00062015 0.000335971 -5.02714e-05 2.60037
11.1 0.000598463 0.000327558 -4.88364e-05 2.59451
11.125 0.000578027 0.000319759 -4.74717e-05 2.58868
11.15 0.000558758 0.000312514 -4.61716e-05 2.58288
11.175 0.000540572 0.000305766 -4.49308e-05 2.5771
11.2 0.000523393 0.00029946 -4.37442e-05 2.57135
11.225 0.000507147 0.000293546 -4.26074e-05 2.56562
11.25 0.000491765 0.000287975 -4.15159e-05 2.55992
11.275 0.000477179 0.000282702 -4.04657e-05 2.55424
11.3 0.000463328 0.000277685 -3.94532e-05 2.54859
11.325 0.000450151 0.000272884 -3.84746e-05 2.54297
11.35 0.000437594 0.000268263 -3.7527e-05 2.53736
11.375 0.000425604 0.000263794 -3.66073e-05 2.53179
11.4 0.000414133 0.000259436 -3.57128e-05 2.52624
11.425 0.000403136 0.000255167 -3.4841e-05 2.52071
11.45 0.000392572 0.000250963 -3.39897e-05 2.5152
11.475 0.0003824 0.000246802 -3.3157e-05 2.50972
11.5 0.000372587 0.000242664 -3.23408e-05 2.50427
11.525 0.0003631 0.000238535 -3.15396e-05 2.49884
11.55 0.00035391 0.0002344 -3.0752e-05 2.49343
11.575 0.00034499 0.000230248 -2.99766e-05 2.48804
11.6 0.000336316 0.00022607 -2.92123e-05 2.48268
11.625 0.000327868 0.00022186 -2.84581e-05 2.47734
11.65 0.000319627 0.000217608 -2.77132e-05 2.47203
11.675 0.000311577 0.000213322 -2.69769e-05 2.46673
11.7 0.000303704 0.000208997 -2.62487e-05 2.46146
11.725 0.000295996 0.000204633 -2.55279e-05 2.45621
11.75 0.000288442 0.000200234 -2.48144e-05 2.45099
11.775 0.000281036 0.000195802 -2.41078e-05 2.44578
11.8 0.00027377 0.000191344 -2.34079e-05 2.4406
11.825 0.00026664 0.000186865 -2.27148e-05 2.43544
11.85 0.000259641 0.000182373 -2.20283e-05 2.4303
11.875 0.000252771 0.000177876 -2.13486e-05 2.42519
11.9 0.000246028 0.000173382 -2.06757e-05 2.42009
11.925 0.000239412 0.0001689 -2.00098e-05 2.41502
11.95 0.000232924 0.000164439 -1.93513e-05 2.40997
11.975 0.000226563 0.000160009 -1.87002e-05 2.40494
12 0.00022033 0.000155618 -1.80567e-05 2.39993
12.025 0.000214229 0.000151276 -1.74214e-05 2.39494
12.05 0.00020826 0.000146993 -1.67946e-05 2.38997
12.075 0.000202425 0.000142776 -1.61768e-05 2.38502
12.1 0.000196726 0.000138633 -1.55677e-05 2.38009
12.125 0.000191166 0.000134574 -1.49682e-05 2.37518
12.15 0.000185747 0.000130603 -1.43781e-05 2.3703
12.175 0.000180469 0.000126729 -1.37986e-05 2.36543
12.2 0.000175333 0.000122956 -1.32297e-05 2.36058
12.225 0.000170342 0.000119289 -1.26717e-05 2.35576
12.25 0.000165497 0.000115732 -1.21249e-05 2.35095
12.275 0.000160796 0.00011229 -1.15897e-05 2.34616
12.3 0.000156241 0.000108963 -1.10663e-05 2.34139
12.325 0.00015183 0.000105754 -1.05551e-05 2.33664
12.35 0.000147563 0.000102664 -1.00562e-05 2.33191
12.375 0.000143437 9.96936e-05 -9.56996e-06 2.3272
12.4 0.000139452 9.68356e-05 -9.09652e-06 2.32251
12.425 0.000135603 9.40963e-05 -8.63607e-06 2.31784
12.45 0.00013189 9.14705e-05 -8.18876e-06 2.31318
12.475 0.000128308 8.89541e-05 -7.75471e-06 2.30855
12.5 0.000124853 8.65457e-05 -7.334e-06 2.30393
12.525 0.000121523 8.42402e-05 -6.9267e-06 2.29933
12.55 0.000118311 8.20329e-05 -6.53285e-06 2.29475
12.575 0.000115215 7.9919e-05 -6.15246e-06 2.29019
12.6 0.000112229 7.7893e-05 -5.78551e-06 2.28564
12.625 0.000109349 7.59494e-05 -5.43195e-06 2.28112
12.65 0.00010657 7.40817e-05 -5.09173e-06 2.27661
12.675 0.000103886 7.22863e-05 -4.76473e-06 2.27212
12.7 0.000101293 7.05549e-05 -4.45087e-06 2.26765
12.725 9.87853e-05 6.88826e-05 -4.14998e-06 2.26319
12.75 9.63587e-05 6.72636e-05 -3.86194e-06 2.25875
12.775 9.40083e-05 6.56921e-05 -3.58656e-06 2.25433
12.8 9.17297e-05 6.41629e-05 -3.32366e-06 2.24993
12.825 8.95186e-05 6.2671e-05 -3.07304e-06 2.24555
12.85 8.73712e-05 6.12115e-05 -2.83448e-06 2.24118
12.875 8.52837e-05 5.97801e-05 -2.60776e-06 2.23682
12.9 8.32529e-05 5.83731e-05 -2.39266e-06 2.23249
12.925 8.1276e-05 5.69869e-05 -2.18893e-06 2.22817
12.95 7.93504e-05 5.56188e-05 -1.99631e-06 2.22387
12.975 7.74743e-05 5.42663e-05 -1.81458e-06 2.21958
13 7.56458e-05 5.29278e-05 -1.64346e-06 2.21532
13.025 7.38641e-05 5.16019e-05 -1.48272e-06 2.21106
13.05 7.21287e-05 5.02882e-05 -1.33212e-06 2.20683
13.075 7.04387e-05 4.89866e-05 -1.19134e-06 2.20261
13.1 6.87948e-05 4.76976e-05 -1.06019e-06 2.19841
13.125 6.71977e-05 4.64225e-05 -9.38399e-07 2.19422
13.15 6.56485e-05 4.5163e-05 -8.25731e-07 2.19005
13.175 6.41485e-05 4.39212e-05 -7.21951e-07 2.18589
13.2 6.27005e-05 4.27e-05 -6.26826e-07 2.18175
13.225 6.13065e-05 4.15026e-05 -5.40133e-07 2.17763
13.25 5.99691e-05 4.03327e-05 -4.61653e-07 2.17352
13.275 5.86916e-05 3.91944e-05 -3.9117e-07 2.16943
13.3 5.74772e-05 3.80923e-05 -3.28491e-07 2.16535
13.325 5.63296e-05 3.70311e-05 -2.73411e-07 2.16129
13.35 5.52525e-05 3.60158e-05 -2.25746e-07 2.15724
13.375 5.425e-05 3.50519e-05 -1.8531e-07 2.15321
13.4 5.33262e-05 3.41447e-05 -1.51929e-07 2.14919
13.425 5.24852e-05 3.32999e-05 -1.25433e-07 2.14519
13.45 5.17314e-05 3.25232e-05 -1.05661e-07 2.1412
13.475 5.10691e-05 3.18201e-05 -9.24522e-08 2.13723
13.5 5.05023e-05 3.11965e-05 -8.56552e-08 2.13327
13.525 5.00354e-05 3.06578e-05 -8.51245e-08 2.12933
13.55 4.96721e-05 3.02098e-05 -9.07196e-08 2.1254
13.575 4.94165e-05 2.98569e-05 -1.02297e-07 2.12148
13.6 4.92721e-05 2.96045e-05 -1.1972e-07 2.11758
13.625 4.92422e-05 2.94574e-05 -1.42851e-07 2.1137
13.65 4.933e-05 2.94198e-05 -1.71556e-07 2.10983
13.675 4.95381e-05 2.94959e-05 -2.05701e-07 2.10597
13.7 4.98691e-05 2.96892e-05 -2.4514e-07 2.10213
13.725 5.03249e-05 3.00027e-05 -2.89758e-07 2.0983
13.75 5.09071e-05 3.04393e-05 -3.39406e-07 2.09448
13.775 5.16172e-05 3.10011e-05 -3.93942e-07 2.09068
13.8 5.24554e-05 3.16898e-05 -4.53232e-07 2.08689
13.825 5.34221e-05 3.25065e-05 -5.17141e-07 2.08312
13.85 5.45173e-05 3.34518e-05 -5.85486e-07 2.07936
13.875 5.57402e-05 3.45258e-05 -6.58129e-07 2.07561
13.9 5.70897e-05 3.57278e-05 -7.34908e-07 2.07188
13.925 5.85639e-05 3.70579e-05 -8.15658e-07 2.06816
13.95 6.01609e-05 3.85123e-05 -9.00228e-07 2.06445
13.975 6.18778e-05 4.00897e-05 -9.88318e-07 2.06076
14 6.37115e-05 4.17873e-05 -1.07994e-06 2.05708
14.025 6.56584e-05 4.36019e-05 -1.17481e-06 2.05341
14.05 6.77144e-05 4.55294e-05 -1.27273e-06 2.04976
14.075 6.98749e-05 4.75641e-05 -1.37351e-06 2.04612
14.1 7.21349e-05 4.97038e-05 -1.47694e-06 2.04249
14.125 7.4489e-05 5.19422e-05 -1.58282e-06 2.03888
14.15 7.69314e-05 5.42731e-05 -1.69091e-06 2.03527
14.175 7.94559e-05 5.66904e-05 -1.801e-06 2.03169
14.2 8.20564e-05 5.91876e-05 -1.91287e-06 2.02811
14.225 8.47264e-05 6.17578e-05 -2.02627e-06 2.02454
14.25 8.74574e-05 6.43938e-05 -2.14097e-06 2.02099
14.275 9.02429e-05 6.7088e-05 -2.25674e-06 2.01745
14.3 9.30753e-05 6.98328e-05 -2.37333e-06 2.01393
14.325 9.59469e-05 7.26203e-05 -2.4905e-06 2.01041
14.35 9.88498e-05 7.54422e-05 -2.608e-06 2.00691
14.375 0.000101776 7.82905e-05 -2.72559e-06 2.00342
14.4 0.000104718 8.11568e-05 -2.84302e-06 1.99994
14.425 0.000107667 8.40327e-05 -2.96004e-06 1.99647
14.45 0.000110614 8.69099e-05 -3.07641e-06 1.99302
14.475 0.000113553 8.97802e-05 -3.19188e-06 1.98958
14.5 0.000116475 9.2635e-05 -3.30622e-06 1.98615
14.525 0.000119371 9.54664e-05 -3.41919e-06 1.98273
14.55 0.000122235 9.82663e-05 -3.53055e-06 1.97932
14.575 0.000125058 0.000101027 -3.64008e-06 1.97593
14.6 0.000127832 0.00010374 -3.74755e-06 1.97254
14.625 0.000130551 0.000106399 -3.85275e-06 1.96917
14.65 0.000133207 0.000108995 -3.95546e-06 1.96581
14.675 0.000135794 0.000111523 -4.05549e-06 1.96246
14.7 0.000138304 0.000113976 -4.15265e-06 1.95913
14.725 0.000140732 0.000116347 -4.24673e-06 1.9558
14.75 0.000143071 0.00011863 -4.33757e-06 1.95248
14.775 0.000145316 0.000120819 -4.425e-06 1.94918
14.8 0.000147462 0.00012291 -4.50887e-06 1.94589
14.825 0.000149503 0.000124897 -4.58901e-06 1.94261
14.85 0.000151434 0.000126776 -4.6653e-06 1.93934
14.875 0.000153252 0.000128542 -4.73762e-06 1.93608
14.9 0.000154953 0.000130193 -4.80583e-06 1.93283
14.925 0.000156533 0.000131725 -4.86985e-06 1.92959
14.95 0.00015799 0.000133134 -4.92958e-06 1.92636
14.975 0.00015932 0.000134419 -4.98494e-06 1.92315
15 0.00016052 0.000135578 -5.0359e-06 1.91994
15.025 0.000161591 0.000136608 -5.08233e-06 1.91675
15.05 0.000162529 0.000137508 -5.12421e-06 1.91356
15.075 0.000163333 0.000138279 -5.16151e-06 1.91039
15.1 0.000164004 0.000138918 -5.19422e-06 1.90723
15.125 0.00016454 0.000139427 -5.22232e-06 1.90408
15.15 0.000164942 0.000139805 -5.24578e-06 1.90093
15.175 0.00016521 0.000140054 -5.2645e-06 1.8978
15.2 0.000165344 0.000140173 -5.27901e-06 1.89468
15.225 0.000165347 0.000140166 -5.28877e-06 1.89157
15.25 0.000165218 0.000140033 -5.29404e-06 1.88847
15.275 0.00016496 0.000139776 -5.29485e-06 1.88538
15.3 0.000164575 0.000139399 -5.29127e-06 1.8823
15.325 0.000164065 0.000138902 -5.28341e-06 1.87923
15.35 0.000163432 0.000138289 -5.27127e-06 1.87617
15.375 0.00016268 0.000137563 -5.25497e-06 1.87312
15.4 0.000161811 0.000136728 -5.2346e-06 1.87007
15.425 0.000160828 0.000135786 -5.21028e-06 1.86704
15.45 0.000159735 0.000134742 -5.1821e-06 1.86402
15.475 0.000158535 0.000133598 -5.15018e-06 1.86101
15.5 0.000157233 0.00013236 -5.11464e-06 1.85801
15.525 0.000155832 0.000131032 -5.07559e-06 1.85502
15.55 0.000154336 0.000129616 -5.03318e-06 1.85204
15.575 0.000152749 0.000128119 -4.98753e-06 1.84906
15.6 0.000151075 0.000126543 -4.93878e-06 1.8461
15.625 0.00014932 0.000124893 -4.88707e-06 1.84315
15.65 0.000147486 0.000123172 -4.83254e-06 1.8402
15.675 0.000145579 0.000121389 -4.77534e-06 1.83727
15.7 0.000143603 0.000119546 -4.7156e-06 1.83434
15.725 0.000141562 0.000117648 -4.65348e-06 1.83142
15.75 0.000139462 0.000115698 -4.58913e-06 1.82852
15.775 0.000137306 0.000113702 -4.52269e-06 1.82562
15.8 0.000135098 0.000111663 -4.45431e-06 1.82273
15.825 0.000132845 0.000109587 -4.38413e-06 1.81985
15.85 0.000130548 0.000107477 -4.31221e-06 1.81698
15.875 0.000128214 0.000105337 -4.2389e-06 1.81412
15.9 0.000125847 0.000103172 -4.16423e-06 1.81127
15.925 0.00012345 0.000100986 -4.08834e-06 1.80842
15.95 0.000121027 9.87822e-05 -4.01139e-06 1.80559
15.975 0.000118583 9.65651e-05 -3.93349e-06 1.80276
16 0.000116122 9.43381e-05 -3.85479e-06 1.79995
16.025 0.000113648 9.21048e-05 -3.77542e-06 1.79714
16.05 0.000111163 8.98688e-05 -3.6955e-06 1.79434
16.075 0.000108672 8.76333e-05 -3.61517e-06 1.79155
16.1 0.000106179 8.54016e-05 -3.53453e-06 1.78877
16.125 0.000103686 8.31767e-05 -3.45372e-06 1.78599
16.15 0.000101197 8.09616e-05 -3.37283e-06 1.78323
16.175 9.87151e-05 7.8759e-05 -3.29199e-06 1.78047
16.2 9.6243e-05 7.65715e-05 -3.21129e-06 1.77773
16.225 9.37836e-05 7.44018e-05 -3.13084e-06 1.77499
16.25 9.13397e-05 7.22521e-05 -3.05073e-06 1.77226
16.275 8.89137e-05 7.01246e-05 -2.97105e-06 1.76953
16.3 8.65082e-05 6.80215e-05 -2.8919e-06 1.76682
16.325 8.41254e-05 6.59446e-05 -2.81335e-06 1.76411
16.35 8.17675e-05 6.38959e-05 -2.73549e-06 1.76142
16.375 7.94364e-05 6.18768e-05 -2.65839e-06 1.75873
16.4 7.7134e-05 5.9889e-05 -2.58211e-06 1.75605
16.425 7.48622e-05 5.79338e-05 -2.50672e-06 1.75337
16.45 7.26224e-05 5.60126e-05 -2.43229e-06 1.75071
16.475 7.04162e-05 5.41264e-05 -2.35887e-06 1.74805
16.5 6.82449e-05 5.22763e-05 -2.28651e-06 1.7454
16.525 6.61098e-05 5.04631e-05 -2.21526e-06 1.74276
16.55 6.40121e-05 4.86877e-05 -2.14516e-06 1.74013
16.575 6.19525e-05 4.69507e-05 -2.07626e-06 1.73751
16.6 5.99322e-05 4.52527e-05 -2.00859e-06 1.73489
16.625 5.79517e-05 4.35941e-05 -1.94218e-06 1.73228
16.65 5.60119e-05 4.19753e-05 -1.87706e-06 1.72968
16.675 5.41132e-05 4.03967e-05 -1.81326e-06 1.72709
16.7 5.22561e-05 3.88583e-05 -1.75079e-06 1.7245
16.725 5.0441e-05 3.73598e-05 -1.68968e-06 1.72192
16.75 4.86682e-05 3.59022e-05 -1.62994e-06 1.71935
16.775 4.69379e-05 3.44852e-05 -1.57158e-06 1.71679
16.8 4.52501e-05 3.3108e-05 -1.51462e-06 1.71424
16.825 4.36049e-05 3.17708e-05 -1.45905e-06 1.71169
16.85 4.20023e-05 3.04732e-05 -1.40486e-06 1.70915
16.875 4.04421e-05 2.92151e-05 -1.35209e-06 1.70662
16.9 3.89242e-05 2.79959e-05 -1.30072e-06 1.70409
16.925 3.74483e-05 2.68154e-05 -1.25074e-06 1.70157
16.95 3.60141e-05 2.56729e-05 -1.20216e-06 1.69906
16.975 3.46213e-05 2.45679e-05 -1.15495e-06 1.69656
17 3.32695e-05 2.35e-05 -1.10911e-06 1.69407
17.025 3.19581e-05 2.24684e-05 -1.06463e-06 1.69158
17.05 3.06868e-05 2.14727e-05 -1.02148e-06 1.6891
17.075 2.94549e-05 2.0512e-05 -9.79672e-07 1.68663
17.1 2.8262e-05 1.95858e-05 -9.39171e-07 1.68416
17.125 2.71073e-05 1.86933e-05 -8.99963e-07 1.6817
17.15 2.59903e-05 1.78338e-05 -8.6203e-07 1.67925
17.175 2.49103e-05 1.70065e-05 -8.2535e-07 1.67681
17.2 2.38666e-05 1.62107e-05 -7.89904e-07 1.67437
17.225 2.28585e-05 1.54456e-05 -7.55667e-07 1.67194
17.25 2.18853e-05 1.47105e-05 -7.22614e-07 1.66952
17.275 2.09462e-05 1.40046e-05 -6.90729e-07 1.6671
17.3 2.00405e-05 1.3327e-05 -6.59983e-07 1.66469
17.325 1.91674e-05 1.2677e-05 -6.30352e-07 1.66229
17.35 1.83261e-05 1.20538e-05 -6.01809e-07 1.65989
17.375 1.75158e-05 1.14566e-05 -5.7433e-07 1.65751
17.4 1.67359e-05 1.08846e-05 -5.47889e-07 1.65512
17.425 1.59854e-05 1.0337e-05 -5.22459e-07 1.65275
17.45 1.52636e-05 9.81309e-06 -4.98015e-07 1.65038
17.475 1.45697e-05 9.31204e-06 -4.74529e-07 1.64802
17.5 1.39029e-05 8.8331e-06 -4.51975e-07 1.64567
17.525 1.32624e-05 8.37553e-06 -4.30328e-07 1.64332
17.55 1.26474e-05 7.93858e-06 -4.0956e-07 1.64098
17.575 1.20573e-05 7.52153e-06 -3.89646e-07 1.63864
17.6 1.14912e-05 7.12366e-06 -3.7056e-07 1.63632
17.625 1.09483e-05 6.74427e-06 -3.52276e-07 1.63399
17.65 1.04279e-05 6.38268e-06 -3.34768e-07 1.63168
17.675 9.92934e-06 6.0382e-06 -3.18012e-07 1.62937
17.7 9.45181e-06 5.71017e-06 -3.01982e-07 1.62707
17.725 8.99464e-06 5.39797e-06 -2.86654e-07 1.62478
17.75 8.5571e-06 5.10095e-06 -2.72004e-07 1.62249
17.775 8.13853e-06 4.8185e-06 -2.58009e-07 1.62021
17.8 7.73825e-06 4.55003e-06 -2.44644e-07 1.61793
17.825 7.35561e-06 4.29496e-06 -2.31888e-07 1.61566
17.85 6.98995e-06 4.05273e-06 -2.19718e-07 1.6134
17.875 6.64066e-06 3.82279e-06 -2.08112e-07 1.61114
17.9 6.30711e-06 3.60461e-06 -1.97048e-07 1.60889
17.925 5.98871e-06 3.39767e-06 -1.86507e-07 1.60665
17.95 5.68489e-06 3.20149e-06 -1.76467e-07 1.60441
17.975 5.39506e-06 3.01558e-06 -1.66908e-07 1.60218
18 5.11869e-06 2.83947e-06 -1.57812e-07 1.59995
18.025 4.85522e-06 2.67272e-06 -1.4916e-07 1.59773
18.05 4.60416e-06 2.5149e-06 -1.40933e-07 1.59552
18.075 4.36499e-06 2.36558e-06 -1.33114e-07 1.59331
18.1 4.13721e-06 2.22437e-06 -1.25686e-07 1.59111
18.125 3.92037e-06 2.09088e-06 -1.18632e-07 1.58892
18.15 3.71399e-06 1.96474e-06 -1.11935e-07 1.58673
18.175 3.51763e-06 1.84559e-06 -1.0558e-07 1.58455
18.2 3.33087e-06 1.73309e-06 -9.9553e-08 1.58237
18.225 3.15329e-06 1.6269e-06 -9.38385e-08 1.5802
18.25 2.98449e-06 1.52673e-06 -8.84222e-08 1.57804
18.275 2.82407e-06 1.43224e-06 -8.32908e-08 1.57588
18.3 2.67168e-06 1.34317e-06 -7.84311e-08 1.57372
18.325 2.52695e-06 1.25922e-06 -7.38305e-08 1.57158
18.35 2.38954e-06 1.18014e-06 -6.9477e-08 1.56944
18.375 2.2591e-06 1.10567e-06 -6.53588e-08 1.5673
18.4 2.13533e-06 1.03557e-06 -6.14646e-08 1.56517
18.425 2.01791e-06 9.69606e-07 -5.77836e-08 1.56305
18.45 1.90655e-06 9.07555e-07 -5.43056e-08 1.56093
18.475 1.80096e-06 8.49207e-07 -5.10204e-08 1.55882
18.5 1.70088e-06 7.94361e-07 -4.79186e-08 1.55671
18.525 1.60603e-06 7.42826e-07 -4.4991e-08 1.55461
18.55 1.51617e-06 6.94414e-07 -4.22285e-08 1.55251
18.575 1.43106e-06 6.48962e-07 -3.96234e-08 1.55043
18.6 1.35046e-06 6.06299e-07 -3.71673e-08 1.54834
18.625 1.27416e-06 5.66267e-07 -3.48525e-08 1.54626
18.65 1.20194e-06 5.28718e-07 -3.26717e-08 1.54419
18.675 1.13361e-06 4.93509e-07 -3.06178e-08 1.54212
18.7 1.06897e-06 4.60507e-07 -2.8684e-08 1.54006
18.725 1.00783e-06 4.29583e-07 -2.68642e-08 1.53801
18.75 9.50015e-07 4.00616e-07 -2.5152e-08 1.53595
18.775 8.95362e-07 3.73491e-07 -2.35418e-08 1.53391
18.8 8.43707e-07 3.48101e-07 -2.20279e-08 1.53187
18.825 7.94897e-07 3.24341e-07 -2.06051e-08 1.52984
18.85 7.48784e-07 3.02115e-07 -1.92683e-08 1.52781
18.875 7.0523e-07 2.8133e-07 -1.80129e-08 1.52578
18.9 6.641e-07 2.61899e-07 -1.68342e-08 1.52376
18.925 6.25268e-07 2.4374e-07 -1.57278e-08 1.52175
18.95 5.88613e-07 2.26775e-07 -1.46899e-08 1.51974
18.975 5.54021e-07 2.1093e-07 -1.37163e-08 1.51774
19 5.21381e-07 1.96137e-07 -1.28034e-08 1.51574
19.025 4.9059e-07 1.8233e-07 -1.19478e-08 1.51375
19.05 4.61548e-07 1.69446e-07 -1.1146e-08 1.51177
19.075 4.34161e-07 1.57429e-07 -1.0395e-08 1.50979
19.1 4.0834e-07 1.46223e-07 -9.69176e-09 1.50781
19.125 3.83999e-07 1.35777e-07 -9.03342e-09 1.50584
19.15 3.61059e-07 1.26041e-07 -8.41733e-09 1.50387
19.175 3.39441e-07 1.16972e-07 -7.84095e-09 1.50191
19.2 3.19074e-07 1.08524e-07 -7.30189e-09 1.49996
19.225 2.99889e-07 1.00659e-07 -6.79789e-09 1.498
19.25 2.81819e-07 9.33373e-08 -6.32681e-09 1.49606
19.275 2.64803e-07 8.65242e-08 -5.88663e-09 1.49412
19.3 2.48782e-07 8.0186e-08 -5.47544e-09 1.49218
19.325 2.33701e-07 7.42911e-08 -5.09145e-09 1.49025
19.35 2.19505e-07 6.881e-08 -4.73294e-09 1.48833
19.375 2.06145e-07 6.3715e-08 -4.39834e-09 1.48641
19.4 1.93575e-07 5.89802e-08 -4.08611e-09 1.48449
19.425 1.81748e-07 5.4581e-08 -3.79485e-09 1.48258
19.45 1.70622e-07 5.04948e-08 -3.5232e-09 1.48068
19.475 1.60158e-07 4.67001e-08 -3.26991e-09 1.47878
19.5 1.50316e-07 4.31769e-08 -3.03379e-09 1.47688
19.525 1.41062e-07 3.99063e-08 -2.81372e-09 1.47499
19.55 1.32361e-07 3.68709e-08 -2.60864e-09 1.4731
19.575 1.24181e-07 3.40541e-08 -2.41757e-09 1.47122
19.6 1.16492e-07 3.14406e-08 -2.23956e-09 1.46934
19.625 1.09265e-07 2.90159e-08 -2.07375e-09 1.46747
19.65 1.02473e-07 2.67666e-08 -1.91931e-09 1.46561
19.675 9.60893e-08 2.46801e-08 -1.77546e-09 1.46374
19.7 9.00912e-08 2.27444e-08 -1.64147e-09 1.46189
19.725 8.44553e-08 2.09487e-08 -1.51666e-09 1.46003
19.75 7.91601e-08 1.92825e-08 -1.40037e-09 1.45819
19.775 7.41851e-08 1.77362e-08 -1.292e-09 1.45634
19.8 6.95114e-08 1.63007e-08 -1.19098e-09 1.4545
19.825 6.51206e-08 1.49674e-08 -1.09676e-09 1.45267
19.85 6.09958e-08 1.37285e-08 -1.00884e-09 1.45084
19.875 5.71208e-08 1.25764e-08 -9.26727e-10 1.44901
19.9 5.34805e-08 1.15041e-08 -8.49979e-10 1.44719
19.925 5.00604e-08 1.05051e-08 -7.78161e-10 1.44538
19.95 4.6847e-08 9.57294e-09 -7.10862e-10 1.44357
19.975 4.38277e-08 8.70216e-09 -6.47717e-10 1.44176
20 4.099e-08 7.88625e-09 -5.88289e-10 1.43996
