0 0.00560889 0.00244139 -8.82751e-06 0.000209465
0.025 0.00560889 0.00244139 -8.82751e-06 0.000209465
0.05 0.00562107 0.0024534 -8.86878e-06 0.000209461
0.075 0.00564139 0.00247348 -8.93766e-06 0.000209456
0.1 0.0056699 0.00250172 -9.03407e-06 0.000209456
0.125 0.00570662 0.00253823 -9.15775e-06 0.000209458
0.15 0.00575161 0.00258313 -9.30804e-06 0.000209457
0.175 0.00580488 0.00263654 -9.48421e-06 0.000209458
0.2 0.00586647 0.00269858 -9.68387e-06 0.000209457
0.225 0.00593637 0.00276938 -9.90462e-06 0.000209456
0.25 0.00601459 0.00284902 -1.01441e-05 0.000209456
0.275 0.00610107 0.00293759 -1.03981e-05 0.000209455
0.3 0.00619577 0.00303512 -1.06617e-05 0.000209453
0.325 0.00629858 0.00314164 -1.09293e-05 0.000209451
0.35 0.00640938 0.00325713 -1.11942e-05 0.000209448
0.375 0.006528 0.00338151 -1.14486e-05 0.000209445
0.4 0.00665424 0.0035147 -1.16842e-05 0.000209441
0.425 0.00678787 0.00365651 -1.18913e-05 0.000209434
0.45 0.00692858 0.00380676 -1.20594e-05 0.000209426
0.475 0.00707604 0.00396518 -1.21774e-05 0.000209418
0.5 0.00722991 0.00413147 -1.22332e-05 0.000209406
0.525 0.00738974 0.00430525 -1.2214e-05 0.000209393
0.55 0.00755507 0.00448611 -1.21065e-05 0.000209376
0.575 0.0077254 0.00467358 -1.18969e-05 0.000209357
0.6 0.00790017 0.00486712 -1.15707e-05 0.000209334
0.625 0.00807879 0.00506615 -1.11142e-05 0.000209307
0.65 0.00826063 0.00527005 -1.05126e-05 0.000209276
0.675 0.00844502 0.00547814 -9.75164e-06 0.00020924
0.7 0.00863124 0.00568972 -8.81728e-06 0.0002092
0.725 0.00881856 0.00590393 -7.69589e-06 0.000209154
0.75 0.00900621 0.00612006 -6.37452e-06 0.000209102
0.775 0.00919339 0.00633725 -4.84038e-06 0.000209043
0.8 0.00937928 0.00655461 -3.08354e-06 0.000208977
0.825 0.00956305 0.00677125 -1.09339e-06 0.000208904
0.85 0.00974383 0.00698624 1.13871e-06 0.000208822
0.875 0.00992076 0.00719866 3.61988e-06 0.000208733
0.9 0.010093 0.00740754 6.35553e-06 0.000208633
0.925 0.0102596 0.00761194 9.3492e-06 0.000208525
0.95 0.0104198 0.0078109 1.26024e-05 0.000208406
0.975 0.0105726 0.00800346 1.61146e-05 0.000208277
1 0.0107173 0.00818869 1.98827e-05 0.000208136
1.025 0.010853 0.00836565 2.39017e-05 0.000207985
1.05 0.0109788 0.00853344 2.81637e-05 0.000207821
1.075 0.0110941 0.00869119 3.26583e-05 0.000207645
1.1 0.0111981 0.00883804 3.73728e-05 0.000207456
1.125 0.01129 0.00897318 4.22915e-05 0.000207254
1.15 0.0113692 0.00909584 4.73962e-05 0.000207038
1.175 0.011435 0.0092053 5.26661e-05 0.000206809
1.2 0.0114869 0.00930088 5.80777e-05 0.000206565
1.225 0.0115244 0.00938198 6.36048e-05 0.000206307
1.25 0.0115469 0.00944803 6.92191e-05 0.000206034
1.275 0.0115542 0.00949854 7.48896e-05 0.000205746
1.3 0.0115457 0.0095331 8.05831e-05 0.000205444
1.325 0.0115213 0.0095513 8.62644e-05 0.000205126
1.35 0.0114807 0.00955289 9.1896e-05 0.000204793
1.375 0.0114237 0.00953763 9.7439e-05 0.000204446
1.4 0.0113504 0.00950538 0.000102853 0.000204083
1.425 0.0112606 0.00945607 0.000108095 0.000203705
1.45 0.0111545 0.00938972 0.000113123 0.000203312
1.475 0.0110321 0.0093064 0.000117893 0.000202904
1.5 0.0108937 0.00920628 0.000122362 0.000202482
1.525 0.0107395 0.0090896 0.000126482 0.000202046
1.55 0.0105699 0.00895666 0.000130209 0.000201596
1.575 0.0103853 0.00880784 0.000133499 0.000201132
1.6 0.0101862 0.00864353 0.000136307 0.000200655
1.625 0.00997307 0.00846449 0.000138591 0.000200166
1.65 0.00974658 0.00827107 0.000140308 0.000199665
1.675 0.00950737 0.00806401 0.000141418 0.000199151
1.7 0.00925615 0.00784401 0.000141883 0.000198627
1.725 0.00899371 0.00761156 0.000141664 0.000198093
1.75 0.00872085 0.00736805 0.000140729 0.000197549
1.775 0.00843845 0.00711418 0.000139045 0.000196997
1.8 0.00814741 0.00685066 0.000136584 0.000196436
1.825 0.00784867 0.00657854 0.000133319 0.000195867
1.85 0.00754321 0.00629881 0.000129229 0.000195292
1.875 0.00723203 0.00601249 0.000124293 0.000194711
1.9 0.00691615 0.00572062 0.000118499 0.000194126
1.925 0.0065965 0.00542426 0.000111833 0.000193536
1.95 0.00627439 0.0051245 0.000104287 0.000192944
1.975 0.00595073 0.00482241 9.58623e-05 0.000192349
2 0.00562659 0.00451909 8.65579e-05 0.000191753
2.025 0.00530304 0.00421562 7.63798e-05 0.000191156
2.05 0.00498115 0.00391307 6.5338e-05 0.00019056
2.075 0.00466195 0.00361254 5.34472e-05 0.000189966
2.1 0.00434647 0.00331505 4.07263e-05 0.000189374
2.125 0.00403573 0.00302165 2.71986e-05 0.000188786
2.15 0.0037307 0.00273334 1.28892e-05 0.000188202
2.175 0.00343235 0.0024511 -2.16165e-06 0.000187623
2.2 0.00314157 0.00217587 -1.79264e-05 0.00018705
2.225 0.00285927 0.00190856 -3.43634e-05 0.000186485
2.25 0.00258627 0.00165002 -5.14301e-05 0.000185927
2.275 0.00232338 0.00140107 -6.90732e-05 0.000185378
2.3 0.00207135 0.00116243 -8.72479e-05 0.000184838
2.325 0.00183086 0.000934911 -0.000105898 0.000184309
2.35 0.00160258 0.000719138 -0.000124968 0.000183791
2.375 0.00138708 0.000515712 -0.000144396 0.000183284
2.4 0.00118491 0.000325184 -0.000164123 0.00018279
2.425 0.000996537 0.000148043 -0.000184083 0.000182308
2.45 0.000822371 -1.52813e-05 -0.000204212 0.00018184
2.475 0.000662782 -0.000164422 -0.000224441 0.000181387
2.5 0.000518056 -0.000299072 -0.000244704 0.000180947
2.525 0.0003884 -0.00041899 -0.00026493 0.000180523
2.55 0.00027404 -0.000523995 -0.000285052 0.000180114
2.575 0.000175057 -0.000613992 -0.000304998 0.000179721
2.6 9.14971e-05 -0.00068882 -0.0003247 0.000179344
2.625 2.33497e-05 -0.000748643 -0.00034409 0.000178983
2.65 -2.94564e-05 -0.000793433 -0.000363098 0.000178638
2.675 -6.70498e-05 -0.000823339 -0.000381659 0.00017831
2.7 -8.9599e-05 -0.000838517 -0.000399708 0.000177999
2.725 -9.73754e-05 -0.000839229 -0.00041718 0.000177704
2.75 -9.06508e-05 -0.000825747 -0.000434016 0.000177426
2.775 -6.97615e-05 -0.000798409 -0.000450155 0.000177164
2.8 -3.51172e-05 -0.00075758 -0.000465545 0.000176919
2.825 1.28624e-05 -0.000703726 -0.000480126 0.00017669
2.85 7.37017e-05 -0.000637281 -0.000493851 0.000176477
2.875 0.000146886 -0.000558799 -0.000506673 0.00017628
2.9 0.000231865 -0.000468811 -0.000518548 0.000176098
2.925 0.000328054 -0.000367899 -0.000529436 0.000175932
2.95 0.000434839 -0.000256677 -0.000539301 0.00017578
2.975 0.000551579 -0.000135783 -0.000548111 0.000175642
3 0.000677611 -5.88026e-06 -0.000555837 0.000175518
3.025 0.000812249 0.000132348 -0.000562455 0.000175407
3.05 0.000954792 0.000278203 -0.000567946 0.000175308
3.075 0.00110453 0.000430993 -0.000572293 0.000175222
3.1 0.00126073 0.000589954 -0.000575484 0.000175147
3.125 0.00142266 0.000754371 -0.000577512 0.000175083
3.15 0.00158959 0.00092344 -0.000578373 0.000175029
3.175 0.00176078 0.00109656 -0.000578068 0.000174985
3.2 0.0019355 0.00127296 -0.000576597 0.000174949
3.225 0.00211301 0.00145188 -0.000573978 0.000174921
3.25 0.0022926 0.00163262 -0.000570219 0.0001749
3.275 0.00247356 0.00181444 -0.000565335 0.000174886
3.3 0.00265518 0.00199671 -0.000559347 0.000174878
3.325 0.00283679 0.00217871 -0.000552276 0.000174874
3.35 0.00301771 0.00235979 -0.00054415 0.000174875
3.375 0.00319733 0.00253932 -0.000534998 0.000174879
3.4 0.00337501 0.00271667 -0.000524852 0.000174885
3.425 0.00355015 0.00289125 -0.000513747 0.000174894
3.45 0.00372217 0.00306253 -0.000501707 0.000174903
3.475 0.00389054 0.00322992 -0.000488799 0.000174913
3.5 0.00405473 0.00339294 -0.000475052 0.000174923
3.525 0.00421427 0.0035511 -0.000460509 0.000174931
3.55 0.0043687 0.00370397 -0.000445215 0.000174938
3.575 0.00451759 0.00385112 -0.000429223 0.000174941
3.6 0.00466055 0.00399218 -0.000412572 0.000174942
3.625 0.00479722 0.0041268 -0.000395314 0.000174938
3.65 0.00492729 0.00425466 -0.000377502 0.00017493
3.675 0.00505043 0.00437549 -0.000359184 0.000174917
3.7 0.0051664 0.00448902 -0.000340412 0.000174898
3.725 0.00527497 0.00459506 -0.000321238 0.000174873
3.75 0.00537594 0.00469342 -0.000301713 0.00017484
3.775 0.00546914 0.00478395 -0.000281887 0.0001748
3.8 0.00555446 0.00486654 -0.000261812 0.000174752
3.825 0.00563178 0.0049411 -0.000241539 0.000174696
3.85 0.00570104 0.00500757 -0.000221115 0.00017463
3.875 0.0057622 0.00506594 -0.000200591 0.000174556
3.9 0.00581523 0.00511621 -0.000180014 0.000174471
3.925 0.00586016 0.0051585 -0.000159432 0.000174377
3.95 0.00589703 0.00519268 -0.000138888 0.000174272
3.975 0.00592591 0.00521895 -0.000118429 0.000174157
4 0.00594687 0.0052374 -9.8095e-05 0.00017403
4.025 0.00596005 0.00524817 -7.79288e-05 0.000173892
4.05 0.00596556 0.0052514 -5.79767e-05 0.000173743
4.075 0.00596356 0.00524727 -3.82627e-05 0.000173583
4.1 0.00595424 0.00523597 -1.88297e-05 0.00017341
4.125 0.00593776 0.00521771 2.90595e-07 0.000173226
4.15 0.00591435 0.00519271 1.90627e-05 0.00017303
4.175 0.00588421 0.0051612 3.74549e-05 0.000172822
4.2 0.00584758 0.00512344 5.54403e-05 0.000172602
4.225 0.00580471 0.00507968 7.29871e-05 0.00017237
4.25 0.00575584 0.00503019 9.00798e-05 0.000172125
4.275 0.00570124 0.00497525 0.000106693 0.000171869
4.3 0.00564117 0.00491514 0.000122804 0.0001716
4.325 0.00557592 0.00485015 0.000138395 0.00017132
4.35 0.00550576 0.00478058 0.000153448 0.000171028
4.375 0.00543096 0.00470663 0.000167948 0.000170724
4.4 0.00535183 0.00462876 0.000181882 0.000170409
4.425 0.00526866 0.0045472 0.000195238 0.000170082
4.45 0.00518171 0.00446223 0.000208007 0.000169744
4.475 0.00509127 0.00437414 0.000220181 0.000169395
4.5 0.00499764 0.00428323 0.000231754 0.000169034
4.525 0.00490109 0.00418979 0.000242721 0.000168664
4.55 0.0048019 0.00409409 0.000253079 0.000168282
4.575 0.00470035 0.00399641 0.000262826 0.000167891
4.6 0.0045967 0.00389702 0.000271964 0.000167489
4.625 0.00449121 0.00379619 0.000280493 0.000167078
4.65 0.00438414 0.00369416 0.000288416 0.000166657
4.675 0.00427575 0.00359119 0.000295737 0.000166227
4.7 0.00416627 0.00348752 0.000302463 0.000165788
4.725 0.00405594 0.00338346 0.000308598 0.000165341
4.75 0.00394498 0.00327906 0.000314152 0.000164885
4.775 0.00383362 0.00317461 0.000319132 0.000164421
4.8 0.00372206 0.00307032 0.000323546 0.000163949
4.825 0.0036104 0.00296638 0.00032741 0.00016347
4.85 0.00349914 0.00286297 0.000330745 0.000162983
4.875 0.00338816 0.00276026 0.000333539 0.00016249
4.9 0.00327772 0.00265842 0.000335819 0.00016199
4.925 0.00316801 0.00255751 0.000337595 0.000161484
4.95 0.00305916 0.00245785 0.000338883 0.000160972
4.975 0.00295134 0.00235948 0.000339697 0.000160454
5 0.00284467 0.00226253 0.000340054 0.000159931
5.025 0.00273928 0.0021671 0.000339968 0.000159402
5.05 0.00263529 0.00207331 0.000339456 0.000158869
5.075 0.00253282 0.00198124 0.000338535 0.000158332
5.1 0.00243196 0.00189098 0.000337221 0.00015779
5.125 0.00233281 0.00180261 0.00033553 0.000157244
5.15 0.00223545 0.00171619 0.000333481 0.000156695
5.175 0.00213997 0.0016318 0.00033109 0.000156142
5.2 0.00204642 0.00154947 0.000328374 0.000155587
5.225 0.00195489 0.00146926 0.000325351 0.000155028
5.25 0.00186539 0.00139121 0.000322038 0.000154467
5.275 0.00177802 0.00131534 0.000318452 0.000153904
5.3 0.0016928 0.00124168 0.00031461 0.000153339
5.325 0.00160977 0.00117025 0.000310529 0.000152772
5.35 0.00152896 0.00110107 0.000306227 0.000152203
5.375 0.00145039 0.00103413 0.000301718 0.000151634
5.4 0.00137407 0.000969445 0.00029702 0.000151063
5.425 0.00130002 0.000907008 0.000292149 0.000150491
5.45 0.00122825 0.000846814 0.00028712 0.000149919
5.475 0.00115876 0.000788848 0.000281949 0.000149346
5.5 0.00109155 0.000733096 0.000276651 0.000148773
5.525 0.00102661 0.000679537 0.00027124 0.0001482
5.55 0.000963932 0.000628148 0.00026573 0.000147628
5.575 0.000903502 0.000578903 0.000260135 0.000147055
5.6 0.000845303 0.000531772 0.000254469 0.000146484
5.625 0.000789312 0.000486723 0.000248745 0.000145913
5.65 0.000735507 0.000443721 0.000242974 0.000145343
5.675 0.00068386 0.000402728 0.00023717 0.000144774
5.7 0.000634341 0.000363705 0.000231342 0.000144206
5.725 0.000586918 0.000326611 0.000225503 0.00014364
5.75 0.000541556 0.000291404 0.000219662 0.000143075
5.775 0.000498219 0.000258039 0.00021383 0.000142511
5.8 0.000456868 0.00022647 0.000208011 0.00014195
5.825 0.000417462 0.00019665 0.000202224 0.00014139
5.85 0.00037996 0.000168532 0.000196473 0.000140833
5.875 0.000344317 0.000142068 0.000190764 0.000140277
5.9 0.00031049 0.000117208 0.000185107 0.000139724
5.925 0.000278432 9.39072e-05 0.000179506 0.000139173
5.95 0.000248097 7.21039e-05 0.00017397 0.000138624
5.975 0.000219437 5.17514e-05 0.000168504 0.000138078
6 0.000192403 3.28043e-05 0.000163113 0.000137534
6.025 0.000166947 1.52095e-05 0.000157802 0.000136993
6.05 0.00014302 -1.08372e-06 0.000152577 0.000136455
6.075 0.000120572 -1.61257e-05 0.00014744 0.00013592
6.1 9.95533e-05 -2.99666e-05 0.000142397 0.000135387
6.125 7.99155e-05 -4.2656e-05 0.000137449 0.000134857
6.15 6.16052e-05 -5.42433e-05 0.000132601 0.00013433
6.175 4.45749e-05 -6.47771e-05 0.000127854 0.000133807
6.2 2.87751e-05 -7.43056e-05 0.000123211 0.000133286
6.225 1.41567e-05 -8.28764e-05 0.000118673 0.000132768
6.25 6.71032e-07 -9.05359e-05 0.000114243 0.000132253
6.275 -1.17301e-05 -9.73301e-05 0.000109921 0.000131742
6.3 -2.30944e-05 -0.000103304 0.000105708 0.000131233
6.325 -3.34688e-05 -0.000108502 0.000101604 0.000130728
6.35 -4.28991e-05 -0.000112966 9.7611e-05 0.000130226
6.375 -5.14318e-05 -0.00011674 9.37278e-05 0.000129727
6.4 -5.91109e-05 -0.000119864 8.99546e-05 0.000129231
6.425 -6.59803e-05 -0.000122379 8.62911e-05 0.000128739
6.45 -7.20827e-05 -0.000124321 8.27365e-05 0.000128249
6.475 -7.746e-05 -0.00012573 7.92902e-05 0.000127763
6.5 -8.21528e-05 -0.000126642 7.59511e-05 0.00012728
6.525 -8.62009e-05 -0.000127092 7.27183e-05 0.000126801
6.55 -8.9643e-05 -0.000127113 6.95903e-05 0.000126324
6.575 -9.25163e-05 -0.000126739 6.65659e-05 0.000125851
6.6 -9.48561e-05 -0.000126003 6.36434e-05 0.000125381
6.625 -9.66999e-05 -0.000124933 6.08213e-05 0.000124915
6.65 -9.80804e-05 -0.000123559 5.80978e-05 0.000124451
6.675 -9.90304e-05 -0.000121909 5.54711e-05 0.000123991
6.7 -9.95812e-05 -0.000120009 5.29393e-05 0.000123534
6.725 -9.97634e-05 -0.000117884 5.05004e-05 0.000123079
6.75 -9.96059e-05 -0.00011556 4.81523e-05 0.000122629
6.775 -9.91366e-05 -0.000113057 4.5893e-05 0.000122181
6.8 -9.83821e-05 -0.0001104 4.37204e-05 0.000121736
6.825 -9.73679e-05 -0.000107609 4.16322e-05 0.000121294
6.85 -9.61186e-05 -0.0001047 3.96262e-05 0.000120856
6.875 -9.46564e-05 -0.000101693 3.77003e-05 0.00012042
6.9 -9.30035e-05 -9.86051e-05 3.58522e-05 0.000119988
6.925 -9.11809e-05 -9.54531e-05 3.40796e-05 0.000119558
6.95 -8.9208e-05 -9.22514e-05 3.23803e-05 0.000119132
6.975 -8.71035e-05 -8.9014e-05 3.07521e-05 0.000118708
7 -8.48848e-05 -8.5754e-05 2.91927e-05 0.000118287
7.025 -8.25683e-05 -8.24832e-05 2.76998e-05 0.00011787
7.05 -8.01675e-05 -7.92108e-05 2.62714e-05 0.000117455
7.075 -7.77026e-05 -7.59511e-05 2.49051e-05 0.000117043
7.1 -7.51813e-05 -7.27113e-05 2.35988e-05 0.000116633
7.125 -7.26181e-05 -6.95e-05 2.23504e-05 0.000116227
7.15 -7.00247e-05 -6.63249e-05 2.11578e-05 0.000115823
7.175 -6.74118e-05 -6.31931e-05 2.00189e-05 0.000115422
7.2 -6.47895e-05 -6.01109e-05 1.89316e-05 0.000115024
7.225 -6.21669e-05 -5.70839e-05 1.78941e-05 0.000114629
7.25 -5.95534e-05 -5.41173e-05 1.69042e-05 0.000114236
7.275 -5.6955e-05 -5.12154e-05 1.59602e-05 0.000113846
7.3 -5.43796e-05 -4.83821e-05 1.50602e-05 0.000113458
7.325 -5.18339e-05 -4.56208e-05 1.42024e-05 0.000113073
7.35 -4.93232e-05 -4.29344e-05 1.3385e-05 0.000112691
7.375 -4.68531e-05 -4.03252e-05 1.26063e-05 0.000112311
7.4 -4.4428e-05 -3.77953e-05 1.18647e-05 0.000111934
7.425 -4.20523e-05 -3.53463e-05 1.11586e-05 0.000111559
7.45 -3.97295e-05 -3.29795e-05 1.04864e-05 0.000111187
7.475 -3.74623e-05 -3.06955e-05 9.84666e-06 0.000110817
7.5 -3.52545e-05 -2.84951e-05 9.23797e-06 0.00011045
7.525 -3.3108e-05 -2.63784e-05 8.65893e-06 0.000110085
7.55 -3.10245e-05 -2.43456e-05 8.10822e-06 0.000109722
7.575 -2.9006e-05 -2.23963e-05 7.58459e-06 0.000109362
7.6 -2.70536e-05 -2.05298e-05 7.0868e-06 0.000109004
7.625 -2.51683e-05 -1.87461e-05 6.61372e-06 0.000108648
7.65 -2.33509e-05 -1.70439e-05 6.16421e-06 0.000108295
7.675 -2.16015e-05 -1.54222e-05 5.73723e-06 0.000107944
7.7 -1.99205e-05 -1.38798e-05 5.33177e-06 0.000107595
7.725 -1.83078e-05 -1.24154e-05 4.94686e-06 0.000107249
7.75 -1.6763e-05 -1.10275e-05 4.58159e-06 0.000106904
7.775 -1.52859e-05 -9.71454e-06 4.23508e-06 0.000106562
7.8 -1.38756e-05 -8.4748e-06 3.90647e-06 0.000106222
7.825 -1.25314e-05 -7.30664e-06 3.59503e-06 0.000105884
7.85 -1.12522e-05 -6.20788e-06 3.29999e-06 0.000105549
7.875 -1.00371e-05 -5.17674e-06 3.02061e-06 0.000105215
7.9 -8.88474e-06 -4.21114e-06 2.75622e-06 0.000104883
7.925 -7.79376e-06 -3.30911e-06 2.50616e-06 0.000104554
7.95 -6.76272e-06 -2.46851e-06 2.26982e-06 0.000104227
7.975 -5.79008e-06 -1.68708e-06 2.04659e-06 0.000103901
8 -4.87411e-06 -9.62654e-07 1.83592e-06 0.000103578
8.025 -4.01331e-06 -2.92993e-07 1.63726e-06 0.000103257
8.05 -3.20581e-06 3.24163e-07 1.45008e-06 0.000102937
8.075 -2.44979e-06 8.91042e-07 1.27389e-06 0.00010262
8.1 -1.7434e-06 1.41002e-06 1.10822e-06 0.000102304
8.125 -1.08473e-06 1.88335e-06 9.526e-07 0.000101991
8.15 -4.71858e-07 2.3133e-06 8.06565e-07 0.000101679
8.175 9.71567e-08 2.70222e-06 6.69695e-07 0.000101369
8.2 6.24272e-07 3.05232e-06 5.41574e-07 0.000101061
8.225 1.11145e-06 3.36584e-06 4.21795e-07 0.000100755
8.25 1.56064e-06 3.645e-06 3.09967e-07 0.000100451
8.275 1.9738e-06 3.89197e-06 2.05708e-07 0.000100149
8.3 2.35285e-06 4.10887e-06 1.08664e-07 9.98484e-05
8.325 2.69973e-06 4.29793e-06 1.84388e-08 9.95497e-05
8.35 3.01626e-06 4.461e-06 -6.52977e-08 9.92527e-05
8.375 3.30432e-06 4.60015e-06 -1.42863e-07 9.89575e-05
8.4 3.56569e-06 4.7173e-06 -2.14635e-07 9.86641e-05
8.425 3.80213e-06 4.81425e-06 -2.80918e-07 9.83724e-05
8.45 4.01536e-06 4.89302e-06 -3.42009e-07 9.80824e-05
8.475 4.20701e-06 4.95509e-06 -3.98219e-07 9.77941e-05
8.5 4.37868e-06 5.00218e-06 -4.49838e-07 9.75075e-05
8.525 4.5319e-06 5.03586e-06 -4.9715e-07 9.72226e-05
8.55 4.66804e-06 5.0576e-06 -5.40427e-07 9.69394e-05
8.575 4.78868e-06 5.06881e-06 -5.7993e-07 9.66578e-05
8.6 4.89506e-06 5.07077e-06 -6.1591e-07 9.63778e-05
8.625 4.98842e-06 5.06473e-06 -6.48609e-07 9.60995e-05
8.65 5.06997e-06 5.0518e-06 -6.78255e-07 9.58227e-05
8.675 5.14079e-06 5.03303e-06 -7.05058e-07 9.55476e-05
8.7 5.20194e-06 5.00937e-06 -7.29242e-07 9.52741e-05
8.725 5.25437e-06 4.98173e-06 -7.50993e-07 9.50021e-05
8.75 5.29898e-06 4.95085e-06 -7.70496e-07 9.47316e-05
8.775 5.33659e-06 4.91745e-06 -7.87924e-07 9.44627e-05
8.8 5.36795e-06 4.88217e-06 -8.03437e-07 9.41954e-05
8.825 5.39376e-06 4.84554e-06 -8.1721e-07 9.39295e-05
8.85 5.41462e-06 4.80805e-06 -8.29334e-07 9.36652e-05
8.875 5.43111e-06 4.7701e-06 -8.39962e-07 9.34023e-05
8.9 5.44373e-06 4.73205e-06 -8.4921e-07 9.3141e-05
8.925 5.45292e-06 4.69417e-06 -8.57187e-07 9.2881e-05
8.95 5.45908e-06 4.6567e-06 -8.63992e-07 9.26226e-05
8.975 5.46256e-06 4.61983e-06 -8.69713e-07 9.23656e-05
9 5.46366e-06 4.58368e-06 -8.74432e-07 9.211e-05
9.025 5.46265e-06 4.54836e-06 -8.78221e-07 9.18558e-05
9.05 5.45982e-06 4.51392e-06 -8.81146e-07 9.16031e-05
9.075 5.45523e-06 4.4804e-06 -8.83266e-07 9.13517e-05
9.1 5.44912e-06 4.44782e-06 -8.84633e-07 9.11017e-05
9.125 5.44163e-06 4.41616e-06 -8.85296e-07 9.08531e-05
9.15 5.43288e-06 4.38539e-06 -8.85297e-07 9.06059e-05
9.175 5.42298e-06 4.35547e-06 -8.84675e-07 9.036e-05
9.2 5.41201e-06 4.32637e-06 -8.83465e-07 9.01154e-05
9.225 5.40005e-06 4.29804e-06 -8.817e-07 8.98722e-05
9.25 5.38716e-06 4.27041e-06 -8.79411e-07 8.96303e-05
9.275 5.37342e-06 4.24346e-06 -8.76625e-07 8.93896e-05
9.3 5.35886e-06 4.21714e-06 -8.73372e-07 8.91503e-05
9.325 5.34356e-06 4.19141e-06 -8.69677e-07 8.89123e-05
9.35 5.32755e-06 4.16611e-06 -8.65567e-07 8.86755e-05
9.375 5.3109e-06 4.14144e-06 -8.61068e-07 8.84401e-05
9.4 5.29365e-06 4.1174e-06 -8.56206e-07 8.82058e-05
9.425 5.27585e-06 4.09384e-06 -8.51009e-07 8.79728e-05
9.45 5.25756e-06 4.07084e-06 -8.45504e-07 8.77411e-05
9.475 5.23884e-06 4.04839e-06 -8.39691e-07 8.75106e-05
9.5 5.21973e-06 4.02653e-06 -8.33654e-07 8.72812e-05
9.525 5.2003e-06 4.00529e-06 -8.27393e-07 8.70531e-05
9.55 5.1806e-06 3.98471e-06 -8.20939e-07 8.68262e-05
9.575 5.16069e-06 3.96482e-06 -8.14321e-07 8.66005e-05
9.6 5.14061e-06 3.94566e-06 -8.07569e-07 8.63759e-05
9.625 5.12041e-06 3.92729e-06 -8.00712e-07 8.61526e-05
9.65 5.10013e-06 3.90972e-06 -7.93778e-07 8.59303e-05
9.675 5.07981e-06 3.89299e-06 -7.86797e-07 8.57093e-05
9.7 5.05948e-06 3.87714e-06 -7.79794e-07 8.54893e-05
9.725 5.03916e-06 3.8622e-06 -7.72796e-07 8.52705e-05
9.75 5.01885e-06 3.84807e-06 -7.65826e-07 8.50529e-05
9.775 4.99855e-06 3.83484e-06 -7.58905e-07 8.48363e-05
9.8 4.97825e-06 3.82247e-06 -7.52054e-07 8.46209e-05
9.825 4.95791e-06 3.8109e-06 -7.45298e-07 8.44065e-05
9.85 4.93751e-06 3.80008e-06 -7.38621e-07 8.41932e-05
9.875 4.91697e-06 3.78992e-06 -7.32063e-07 8.3981e-05
9.9 4.89624e-06 3.7802e-06 -7.25622e-07 8.37699e-05
9.925 4.87522e-06 3.77107e-06 -7.193e-07 8.35599e-05
9.95 4.85383e-06 3.76238e-06 -7.13097e-07 8.33509e-05
9.975 4.83194e-06 3.75374e-06 -7.07009e-07 8.3143e-05
10 4.80944e-06 3.74509e-06 -7.01028e-07 8.2936e-05
10.025 4.78618e-06 3.73626e-06 -6.95123e-07 8.27302e-05
10.05 4.76202e-06 3.72708e-06 -6.8932e-07 8.25253e-05
10.075 4.73681e-06 3.71721e-06 -6.836e-07 8.23215e-05
10.1 4.71038e-06 3.70655e-06 -6.77899e-07 8.21187e-05
10.125 4.68257e-06 3.69482e-06 -6.72222e-07 8.19168e-05
10.15 4.65319e-06 3.68179e-06 -6.66519e-07 8.1716e-05
10.175 4.62208e-06 3.6672e-06 -6.60783e-07 8.15162e-05
10.2 4.58907e-06 3.65082e-06 -6.54976e-07 8.13173e-05
10.225 4.55398e-06 3.63241e-06 -6.49064e-07 8.11194e-05
10.25 4.51665e-06 3.61171e-06 -6.43015e-07 8.09225e-05
10.275 4.47692e-06 3.58852e-06 -6.36794e-07 8.07265e-05
10.3 4.43464e-06 3.56261e-06 -6.30366e-07 8.05315e-05
10.325 4.38969e-06 3.53378e-06 -6.23699e-07 8.03374e-05
10.35 4.34193e-06 3.50186e-06 -6.16759e-07 8.01443e-05
10.375 4.29127e-06 3.46667e-06 -6.09516e-07 7.99521e-05
10.4 4.23763e-06 3.42808e-06 -6.01954e-07 7.97608e-05
10.425 4.18093e-06 3.38606e-06 -5.94017e-07 7.95704e-05
10.45 4.12113e-06 3.34036e-06 -5.85698e-07 7.9381e-05
10.475 4.05822e-06 3.291e-06 -5.76975e-07 7.91924e-05
10.5 3.99219e-06 3.23797e-06 -5.67831e-07 7.90048e-05
10.525 3.9231e-06 3.18126e-06 -5.58254e-07 7.8818e-05
10.55 3.85097e-06 3.12093e-06 -5.48236e-07 7.86321e-05
10.575 3.7759e-06 3.05704e-06 -5.37773e-07 7.84471e-05
10.6 3.698e-06 2.98963e-06 -5.26865e-07 7.8263e-05
10.625 3.61739e-06 2.91899e-06 -5.15518e-07 7.80797e-05
10.65 3.53424e-06 2.84522e-06 -5.03743e-07 7.78973e-05
10.675 3.44873e-06 2.76851e-06 -4.91542e-07 7.77158e-05
10.7 3.36105e-06 2.68911e-06 -4.78961e-07 7.75351e-05
10.725 3.27145e-06 2.60727e-06 -4.66011e-07 7.73552e-05
10.75 3.18015e-06 2.52328e-06 -4.52723e-07 7.71762e-05
10.775 3.08743e-06 2.43745e-06 -4.39129e-07 7.6998e-05
10.8 2.99356e-06 2.35011e-06 -4.25268e-07 7.68207e-05
10.825 2.89882e-06 2.2616e-06 -4.11179e-07 7.66441e-05
10.85 2.80354e-06 2.17228e-06 -3.96908e-07 7.64684e-05
10.875 2.708e-06 2.08251e-06 -3.82501e-07 7.62935e-05
10.9 2.61248e-06 1.99268e-06 -3.68008e-07 7.61193e-05
10.925 2.51738e-06 1.90316e-06 -3.53479e-07 7.5946e-05
10.95 2.42297e-06 1.81433e-06 -3.38966e-07 7.57735e-05
10.975 2.32957e-06 1.72656e-06 -3.24524e-07 7.56017e-05
11 2.23749e-06 1.64021e-06 -3.10204e-07 7.54308e-05
11.025 2.14699e-06 1.55565e-06 -2.9606e-07 7.52606e-05
11.05 2.05837e-06 1.4732e-06 -2.82145e-07 7.50912e-05
11.075 1.97191e-06 1.39319e-06 -2.68508e-07 7.49225e-05
11.1 1.88785e-06 1.31591e-06 -2.55198e-07 7.47546e-05
11.125 1.80642e-06 1.24165e-06 -2.42262e-07 7.45875e-05
11.15 1.72784e-06 1.17064e-06 -2.29744e-07 7.44211e-05
11.175 1.65229e-06 1.10311e-06 -2.17684e-07 7.42554e-05
11.2 1.57994e-06 1.03924e-06 -2.06117e-07 7.40905e-05
11.225 1.51093e-06 9.79195e-07 -1.95078e-07 7.39264e-05
11.25 1.44536e-06 9.23095e-07 -1.84593e-07 7.37629e-05
11.275 1.38333e-06 8.71029e-07 -1.74688e-07 7.36002e-05
11.3 1.3249e-06 8.23051e-07 -1.65381e-07 7.34382e-05
11.325 1.27008e-06 7.79179e-07 -1.56687e-07 7.32769e-05
11.35 1.21888e-06 7.394e-07 -1.48613e-07 7.31164e-05
11.375 1.17129e-06 7.03652e-07 -1.41166e-07 7.29565e-05
11.4 1.12724e-06 6.7188e-07 -1.34341e-07 7.27974e-05
11.425 1.08668e-06 6.43961e-07 -1.28138e-07 7.26389e-05
11.45 1.04948e-06 6.19756e-07 -1.22545e-07 7.24811e-05
11.475 1.01554e-06 5.99108e-07 -1.17546e-07 7.2324e-05
11.5 9.84687e-07 5.81799e-07 -1.13124e-07 7.21676e-05
11.525 9.56808e-07 5.67647e-07 -1.09254e-07 7.20119e-05
11.55 9.31707e-07 5.56386e-07 -1.05912e-07 7.18569e-05
11.575 9.09194e-07 5.47781e-07 -1.03066e-07 7.17025e-05
11.6 8.89068e-07 5.41567e-07 -1.00685e-07 7.15488e-05
11.625 8.71117e-07 5.37471e-07 -9.87314e-08 7.13957e-05
11.65 8.55125e-07 5.35211e-07 -9.71684e-08 7.12433e-05
11.675 8.40868e-07 5.34503e-07 -9.59577e-08 7.10916e-05
11.7 8.28124e-07 5.35061e-07 -9.50589e-08 7.09405e-05
11.725 8.16668e-07 5.36601e-07 -9.44311e-08 7.07901e-05
11.75 8.06282e-07 5.38846e-07 -9.40331e-08 7.06403e-05
11.775 7.96751e-07 5.41528e-07 -9.3824e-08 7.04911e-05
11.8 7.87868e-07 5.44389e-07 -9.37634e-08 7.03425e-05
11.825 7.79436e-07 5.47186e-07 -9.38118e-08 7.01946e-05
11.85 7.71269e-07 5.49691e-07 -9.39314e-08 7.00473e-05
11.875 7.63195e-07 5.51697e-07 -9.40861e-08 6.99007e-05
11.9 7.55056e-07 5.53015e-07 -9.42418e-08 6.97546e-05
11.925 7.46712e-07 5.53479e-07 -9.43671e-08 6.96092e-05
11.95 7.38037e-07 5.52941e-07 -9.44331e-08 6.94643e-05
11.975 7.28926e-07 5.51296e-07 -9.44139e-08 6.93201e-05
12 7.19292e-07 5.48443e-07 -9.42857e-08 6.91765e-05
12.025 7.09066e-07 5.44315e-07 -9.40312e-08 6.90335e-05
12.05 6.98198e-07 5.38869e-07 -9.3633e-08 6.8891e-05
12.075 6.8666e-07 5.32089e-07 -9.30785e-08 6.87492e-05
12.1 6.74438e-07 5.23981e-07 -9.23582e-08 6.86079e-05
12.125 6.6154e-07 5.14577e-07 -9.14672e-08 6.84672e-05
12.15 6.4799e-07 5.03921e-07 -9.04008e-08 6.83271e-05
12.175 6.33829e-07 4.92109e-07 -8.91601e-08 6.81876e-05
12.2 6.19103e-07 4.79224e-07 -8.77501e-08 6.80486e-05
12.225 6.03897e-07 4.65379e-07 -8.61765e-08 6.79103e-05
12.25 5.88293e-07 4.50704e-07 -8.4447e-08 6.77724e-05
12.275 5.72368e-07 4.35338e-07 -8.25762e-08 6.76352e-05
12.3 5.56226e-07 4.19434e-07 -8.05755e-08 6.74985e-05
12.325 5.39985e-07 4.03155e-07 -7.84613e-08 6.73623e-05
12.35 5.23754e-07 3.86668e-07 -7.62502e-08 6.72267e-05
12.375 5.07649e-07 3.70144e-07 -7.39604e-08 6.70917e-05
12.4 4.9179e-07 3.53755e-07 -7.16112e-08 6.69572e-05
12.425 4.76294e-07 3.37672e-07 -6.92216e-08 6.68232e-05
12.45 4.61277e-07 3.22062e-07 -6.68117e-08 6.66898e-05
12.475 4.46849e-07 3.07083e-07 -6.44011e-08 6.65569e-05
12.5 4.33116e-07 2.92889e-07 -6.20089e-08 6.64246e-05
12.525 4.20177e-07 2.79618e-07 -5.96535e-08 6.62927e-05
12.55 4.08118e-07 2.67398e-07 -5.73523e-08 6.61615e-05
12.575 3.9702e-07 2.56341e-07 -5.51212e-08 6.60307e-05
12.6 3.86947e-07 2.46543e-07 -5.29746e-08 6.59004e-05
12.625 3.77955e-07 2.38081e-07 -5.09252e-08 6.57707e-05
12.65 3.70082e-07 2.31015e-07 -4.89837e-08 6.56414e-05
12.675 3.63354e-07 2.25386e-07 -4.71583e-08 6.55127e-05
12.7 3.57784e-07 2.21206e-07 -4.54555e-08 6.53845e-05
12.725 3.53364e-07 2.18474e-07 -4.38788e-08 6.52568e-05
12.75 3.50079e-07 2.17165e-07 -4.24298e-08 6.51296e-05
12.775 3.47889e-07 2.17236e-07 -4.11071e-08 6.50029e-05
12.8 3.46748e-07 2.18617e-07 -3.99078e-08 6.48767e-05
12.825 3.4659e-07 2.21222e-07 -3.8825e-08 6.47509e-05
12.85 3.47342e-07 2.24947e-07 -3.78506e-08 6.46257e-05
12.875 3.4891e-07 2.29668e-07 -3.69743e-08 6.4501e-05
12.9 3.51195e-07 2.35243e-07 -3.61833e-08 6.43767e-05
12.925 3.54086e-07 2.41518e-07 -3.54631e-08 6.42529e-05
12.95 3.57463e-07 2.48325e-07 -3.47984e-08 6.41296e-05
12.975 3.61198e-07 2.55483e-07 -3.41687e-08 6.40068e-05
13 3.65159e-07 2.62803e-07 -3.35578e-08 6.38844e-05
13.025 3.69208e-07 2.7009e-07 -3.29451e-08 6.37625e-05
13.05 3.73207e-07 2.77144e-07 -3.23098e-08 6.36411e-05
13.075 3.77018e-07 2.83759e-07 -3.16312e-08 6.35202e-05
13.1 3.80504e-07 2.89745e-07 -3.08882e-08 6.33997e-05
13.125 3.8353e-07 2.94893e-07 -3.00602e-08 6.32796e-05
13.15 3.85973e-07 2.99013e-07 -2.91269e-08 6.31601e-05
13.175 3.87713e-07 3.01921e-07 -2.80695e-08 6.30409e-05
13.2 3.88639e-07 3.03443e-07 -2.68699e-08 6.29223e-05
13.225 3.88656e-07 3.0342e-07 -2.55116e-08 6.2804e-05
13.25 3.87678e-07 3.01703e-07 -2.398e-08 6.26862e-05
13.275 3.85637e-07 2.98172e-07 -2.22626e-08 6.25689e-05
13.3 3.82481e-07 2.92715e-07 -2.03494e-08 6.2452e-05
13.325 3.78176e-07 2.85247e-07 -1.82326e-08 6.23355e-05
13.35 3.72708e-07 2.75705e-07 -1.5908e-08 6.22195e-05
13.375 3.66084e-07 2.64055e-07 -1.33739e-08 6.21039e-05
13.4 3.58331e-07 2.50283e-07 -1.06319e-08 6.19888e-05
13.425 3.49501e-07 2.34404e-07 -7.68708e-09 6.1874e-05
13.45 3.39664e-07 2.16468e-07 -4.54798e-09 6.17597e-05
13.475 3.28923e-07 1.96547e-07 -1.22666e-09 6.16458e-05
13.5 3.17396e-07 1.74743e-07 2.26117e-09 6.15324e-05
13.525 3.05229e-07 1.51191e-07 5.89618e-09 6.14193e-05
13.55 2.9259e-07 1.26052e-07 9.6554e-09 6.13067e-05
13.575 2.7967e-07 9.95172e-08 1.35123e-08 6.11945e-05
13.6 2.66682e-07 7.18067e-08 1.74363e-08 6.10827e-05
13.625 2.53863e-07 4.31673e-08 2.13952e-08 6.09713e-05
13.65 2.41469e-07 1.38727e-08 2.53518e-08 6.08603e-05
13.675 2.29777e-07 -1.57787e-08 2.92666e-08 6.07497e-05
13.7 2.1908e-07 -4.54648e-08 3.3097e-08 6.06395e-05
13.725 2.09691e-07 -7.48365e-08 3.67978e-08 6.05298e-05
13.75 2.01934e-07 -1.03541e-07 4.03218e-08 6.04204e-05
13.775 1.96157e-07 -1.31191e-07 4.36194e-08 6.03114e-05
13.8 1.92695e-07 -1.57391e-07 4.66393e-08 6.02028e-05
13.825 1.91915e-07 -1.81731e-07 4.93289e-08 6.00946e-05
13.85 1.94175e-07 -2.03791e-07 5.16342e-08 5.99868e-05
13.875 1.99865e-07 -2.23144e-07 5.35014e-08 5.98794e-05
13.9 2.09346e-07 -2.39356e-07 5.48742e-08 5.97724e-05
13.925 2.22995e-07 -2.51994e-07 5.56991e-08 5.96657e-05
13.95 2.41173e-07 -2.60627e-07 5.59196e-08 5.95595e-05
13.975 2.64266e-07 -2.64817e-07 5.54828e-08 5.94536e-05
14 2.92623e-07 -2.64143e-07 5.43356e-08 5.93481e-05
14.025 3.26613e-07 -2.58191e-07 5.24282e-08 5.9243e-05
14.05 3.66536e-07 -2.46557e-07 4.97077e-08 5.91382e-05
14.075 4.12735e-07 -2.28853e-07 4.61278e-08 5.90338e-05
14.1 4.65518e-07 -2.04705e-07 4.16454e-08 5.89298e-05
14.125 5.25171e-07 -1.7377e-07 3.62175e-08 5.88262e-05
14.15 5.91962e-07 -1.35713e-07 2.98037e-08 5.87229e-05
14.175 6.66137e-07 -9.02283e-08 2.23702e-08 5.862e-05
14.2 7.47917e-07 -3.70291e-08 1.38847e-08 5.85175e-05
14.225 8.37495e-07 2.41144e-08 4.31907e-09 5.84153e-05
14.25 9.35039e-07 9.34282e-08 -6.35035e-09 5.83135e-05
14.275 1.04069e-06 1.71098e-07 -1.81429e-08 5.8212e-05
14.3 1.15454e-06 2.57244e-07 -3.10734e-08 5.81109e-05
14.325 1.27669e-06 3.52044e-07 -4.5152e-08 5.80101e-05
14.35 1.40716e-06 4.5555e-07 -6.03841e-08 5.79097e-05
14.375 1.54597e-06 5.67813e-07 -7.67694e-08 5.78096e-05
14.4 1.69311e-06 6.88839e-07 -9.43047e-08 5.77099e-05
14.425 1.8485e-06 8.18598e-07 -1.1298e-07 5.76105e-05
14.45 2.01207e-06 9.57026e-07 -1.32781e-07 5.75115e-05
14.475 2.18368e-06 1.10402e-06 -1.5368e-07 5.74128e-05
14.5 2.36319e-06 1.25937e-06 -1.75668e-07 5.73145e-05
14.525 2.55039e-06 1.42302e-06 -1.98709e-07 5.72165e-05
14.55 2.74507e-06 1.59469e-06 -2.22769e-07 5.71188e-05
14.575 2.94698e-06 1.77414e-06 -2.47809e-07 5.70215e-05
14.6 3.15581e-06 1.96108e-06 -2.73787e-07 5.69245e-05
14.625 3.37127e-06 2.15532e-06 -3.00657e-07 5.68278e-05
14.65 3.59299e-06 2.35627e-06 -3.28381e-07 5.67315e-05
14.675 3.82062e-06 2.56352e-06 -3.56879e-07 5.66355e-05
14.7 4.05375e-06 2.77694e-06 -3.86082e-07 5.65398e-05
14.725 4.29196e-06 2.99596e-06 -4.15969e-07 5.64444e-05
14.75 4.5348e-06 3.22011e-06 -4.46456e-07 5.63494e-05
14.775 4.78181e-06 3.44893e-06 -4.77477e-07 5.62547e-05
14.8 5.03251e-06 3.6819e-06 -5.08961e-07 5.61603e-05
14.825 5.28638e-06 3.91851e-06 -5.40838e-07 5.60662e-05
14.85 5.54292e-06 4.15821e-06 -5.73032e-07 5.59724e-05
14.875 5.8016e-06 4.40046e-06 -6.05469e-07 5.5879e-05
14.9 6.06187e-06 4.6447e-06 -6.38073e-07 5.57858e-05
14.925 6.32319e-06 4.89035e-06 -6.70766e-07 5.5693e-05
14.95 6.585e-06 5.13683e-06 -7.03471e-07 5.56004e-05
14.975 6.84674e-06 5.38357e-06 -7.3611e-07 5.55082e-05
15 7.10785e-06 5.62998e-06 -7.68605e-07 5.54163e-05
15.025 7.36777e-06 5.87548e-06 -8.0088e-07 5.53247e-05
15.05 7.62604e-06 6.11948e-06 -8.32856e-07 5.52334e-05
15.075 7.88191e-06 6.36143e-06 -8.64458e-07 5.51424e-05
15.1 8.13492e-06 6.60074e-06 -8.95614e-07 5.50516e-05
15.125 8.38453e-06 6.83684e-06 -9.26251e-07 5.49612e-05
15.15 8.63021e-06 7.06923e-06 -9.56296e-07 5.48711e-05
15.175 8.87145e-06 7.29735e-06 -9.85683e-07 5.47813e-05
15.2 9.10774e-06 7.52068e-06 -1.01435e-06 5.46917e-05
15.225 9.33859e-06 7.73874e-06 -1.04222e-06 5.46025e-05
15.25 9.56353e-06 7.95103e-06 -1.06924e-06 5.45135e-05
15.275 9.7821e-06 8.15709e-06 -1.09536e-06 5.44248e-05
15.3 9.99386e-06 8.3565e-06 -1.12051e-06 5.43364e-05
15.325 1.01984e-05 8.54883e-06 -1.14465e-06 5.42483e-05
15.35 1.03953e-05 8.73368e-06 -1.16773e-06 5.41605e-05
15.375 1.05843e-05 8.91071e-06 -1.1897e-06 5.4073e-05
15.4 1.07649e-05 9.07955e-06 -1.21053e-06 5.39857e-05
15.425 1.09369e-05 9.23991e-06 -1.23017e-06 5.38987e-05
15.45 1.11e-05 9.3915e-06 -1.24859e-06 5.3812e-05
15.475 1.12538e-05 9.53405e-06 -1.26577e-06 5.37255e-05
15.5 1.13982e-05 9.66734e-06 -1.2817e-06 5.36394e-05
15.525 1.15329e-05 9.79116e-06 -1.29631e-06 5.35535e-05
15.55 1.16578e-05 9.90535e-06 -1.30961e-06 5.34678e-05
15.575 1.17726e-05 1.00099e-05 -1.32158e-06 5.33825e-05
15.6 1.18773e-05 1.01044e-05 -1.33222e-06 5.32974e-05
15.625 1.19717e-05 1.0189e-05 -1.34151e-06 5.32125e-05
15.65 1.20558e-05 1.02634e-05 -1.34946e-06 5.3128e-05
15.675 1.21295e-05 1.03278e-05 -1.35607e-06 5.30437e-05
15.7 1.21927e-05 1.03822e-05 -1.36133e-06 5.29596e-05
15.725 1.22455e-05 1.04264e-05 -1.36526e-06 5.28758e-05
15.75 1.22879e-05 1.04607e-05 -1.36787e-06 5.27923e-05
15.775 1.23199e-05 1.0485e-05 -1.36917e-06 5.27091e-05
15.8 1.23417e-05 1.04994e-05 -1.36919e-06 5.26261e-05
15.825 1.23532e-05 1.05037e-05 -1.36793e-06 5.25433e-05
15.85 1.23547e-05 1.04993e-05 -1.36542e-06 5.24608e-05
15.875 1.2346e-05 1.0485e-05 -1.3617e-06 5.23785e-05
15.9 1.23278e-05 1.04614e-05 -1.35678e-06 5.22965e-05
15.925 1.22999e-05 1.04289e-05 -1.3507e-06 5.22148e-05
15.95 1.22625e-05 1.03874e-05 -1.34348e-06 5.21333e-05
15.975 1.22159e-05 1.03374e-05 -1.33517e-06 5.2052e-05
16 1.21603e-05 1.0279e-05 -1.3258e-06 5.1971e-05
16.025 1.20959e-05 1.02125e-05 -1.31541e-06 5.18903e-05
16.05 1.20231e-05 1.01382e-05 -1.30403e-06 5.18098e-05
16.075 1.19419e-05 1.00563e-05 -1.29171e-06 5.17295e-05
16.1 1.18529e-05 9.96723e-06 -1.27849e-06 5.16495e-05
16.125 1.17561e-05 9.8712e-06 -1.26442e-06 5.15697e-05
16.15 1.1652e-05 9.76855e-06 -1.24952e-06 5.14901e-05
16.175 1.15408e-05 9.65946e-06 -1.23386e-06 5.14108e-05
16.2 1.14229e-05 9.54453e-06 -1.21745e-06 5.13317e-05
16.225 1.12985e-05 9.42395e-06 -1.20038e-06 5.12529e-05
16.25 1.1168e-05 9.29805e-06 -1.18268e-06 5.11743e-05
16.275 1.10318e-05 9.16715e-06 -1.16438e-06 5.10959e-05
16.3 1.089e-05 9.03161e-06 -1.14553e-06 5.10178e-05
16.325 1.07432e-05 8.89174e-06 -1.12619e-06 5.09399e-05
16.35 1.05915e-05 8.74788e-06 -1.10638e-06 5.08622e-05
16.375 1.04354e-05 8.60037e-06 -1.08616e-06 5.07848e-05
16.4 1.02752e-05 8.44952e-06 -1.06558e-06 5.07076e-05
16.425 1.01112e-05 8.29567e-06 -1.04466e-06 5.06306e-05
16.45 9.94366e-06 8.13914e-06 -1.02346e-06 5.05539e-05
16.475 9.77301e-06 7.98023e-06 -1.00202e-06 5.04773e-05
16.5 9.59954e-06 7.81927e-06 -9.80373e-07 5.0401e-05
16.525 9.42355e-06 7.65654e-06 -9.5856e-07 5.0325e-05
16.55 9.24535e-06 7.49235e-06 -9.3662e-07 5.02491e-05
16.575 9.06526e-06 7.32699e-06 -9.1459e-07 5.01735e-05
16.6 8.88356e-06 7.16072e-06 -8.92506e-07 5.00981e-05
16.625 8.70054e-06 6.99383e-06 -8.70401e-07 5.00229e-05
16.65 8.51649e-06 6.82658e-06 -8.48309e-07 4.99479e-05
16.675 8.33168e-06 6.65921e-06 -8.26262e-07 4.98732e-05
16.7 8.14637e-06 6.49198e-06 -8.04291e-07 4.97987e-05
16.725 7.96083e-06 6.32512e-06 -7.82423e-07 4.97244e-05
16.75 7.77529e-06 6.15884e-06 -7.60688e-07 4.96503e-05
16.775 7.59e-06 5.99336e-06 -7.3911e-07 4.95764e-05
16.8 7.40518e-06 5.82889e-06 -7.17715e-07 4.95028e-05
16.825 7.22106e-06 5.66562e-06 -6.96526e-07 4.94293e-05
16.85 7.03784e-06 5.50373e-06 -6.75566e-07 4.93561e-05
16.875 6.85573e-06 5.34339e-06 -6.54854e-07 4.92831e-05
16.9 6.67491e-06 5.18476e-06 -6.3441e-07 4.92103e-05
16.925 6.49556e-06 5.02799e-06 -6.14251e-07 4.91377e-05
16.95 6.31786e-06 4.87323e-06 -5.94394e-07 4.90653e-05
16.975 6.14195e-06 4.72061e-06 -5.74854e-07 4.89931e-05
17 5.968e-06 4.57024e-06 -5.55644e-07 4.89212e-05
17.025 5.79618e-06 4.42224e-06 -5.36778e-07 4.88494e-05
17.05 5.62655e-06 4.27671e-06 -5.18265e-07 4.87779e-05
17.075 5.45925e-06 4.13373e-06 -5.00117e-07 4.87065e-05
17.1 5.29441e-06 3.9934e-06 -4.82341e-07 4.86354e-05
17.125 5.13213e-06 3.85578e-06 -4.64946e-07 4.85644e-05
17.15 4.9725e-06 3.72095e-06 -4.47938e-07 4.84937e-05
17.175 4.81561e-06 3.58895e-06 -4.31322e-07 4.84232e-05
17.2 4.66153e-06 3.45984e-06 -4.15103e-07 4.83529e-05
17.225 4.51032e-06 3.33365e-06 -3.9928e-07 4.82827e-05
17.25 4.36206e-06 3.21042e-06 -3.83863e-07 4.82128e-05
17.275 4.21679e-06 3.09016e-06 -3.68853e-07 4.81431e-05
17.3 4.07455e-06 2.97292e-06 -3.54245e-07 4.80736e-05
17.325 3.93538e-06 2.8587e-06 -3.40042e-07 4.80043e-05
17.35 3.79931e-06 2.7475e-06 -3.26243e-07 4.79351e-05
17.375 3.66637e-06 2.63933e-06 -3.12846e-07 4.78662e-05
17.4 3.53657e-06 2.53417e-06 -2.99848e-07 4.77975e-05
17.425 3.40993e-06 2.43201e-06 -2.87248e-07 4.77289e-05
17.45 3.28644e-06 2.33284e-06 -2.75041e-07 4.76606e-05
17.475 3.1661e-06 2.23662e-06 -2.63224e-07 4.75924e-05
17.5 3.04892e-06 2.14337e-06 -2.51791e-07 4.75245e-05
17.525 2.93487e-06 2.05305e-06 -2.40738e-07 4.74567e-05
17.55 2.82395e-06 1.9656e-06 -2.30059e-07 4.73891e-05
17.575 2.71613e-06 1.88099e-06 -2.19748e-07 4.73218e-05
17.6 2.61139e-06 1.79918e-06 -2.098e-07 4.72546e-05
17.625 2.5097e-06 1.72014e-06 -2.00207e-07 4.71876e-05
17.65 2.41103e-06 1.64381e-06 -1.90963e-07 4.71208e-05
17.675 2.31535e-06 1.57016e-06 -1.8206e-07 4.70541e-05
17.7 2.22261e-06 1.49913e-06 -1.73492e-07 4.69877e-05
17.725 2.13276e-06 1.43067e-06 -1.65251e-07 4.69214e-05
17.75 2.04578e-06 1.36472e-06 -1.57329e-07 4.68554e-05
17.775 1.96162e-06 1.30124e-06 -1.49718e-07 4.67895e-05
17.8 1.88023e-06 1.24016e-06 -1.42411e-07 4.67238e-05
17.825 1.80156e-06 1.18143e-06 -1.35399e-07 4.66583e-05
17.85 1.72555e-06 1.12499e-06 -1.28675e-07 4.65929e-05
17.875 1.65215e-06 1.07078e-06 -1.2223e-07 4.65278e-05
17.9 1.58132e-06 1.01874e-06 -1.16056e-07 4.64628e-05
17.925 1.51298e-06 9.68823e-07 -1.10146e-07 4.6398e-05
17.95 1.4471e-06 9.20956e-07 -1.04491e-07 4.63334e-05
17.975 1.3836e-06 8.75084e-07 -9.90824e-08 4.6269e-05
18 1.32244e-06 8.31147e-07 -9.39134e-08 4.62047e-05
18.025 1.26355e-06 7.89087e-07 -8.89756e-08 4.61407e-05
18.05 1.20687e-06 7.48843e-07 -8.42613e-08 4.60768e-05
18.075 1.15236e-06 7.10359e-07 -7.97628e-08 4.60131e-05
18.1 1.09994e-06 6.73576e-07 -7.54723e-08 4.59495e-05
18.125 1.04957e-06 6.38436e-07 -7.13825e-08 4.58861e-05
18.15 1.00117e-06 6.04885e-07 -6.7486e-08 4.58229e-05
18.175 9.54706e-07 5.72865e-07 -6.37756e-08 4.57599e-05
18.2 9.10107e-07 5.42323e-07 -6.02441e-08 4.56971e-05
18.225 8.67318e-07 5.13206e-07 -5.68849e-08 4.56344e-05
18.25 8.26284e-07 4.85459e-07 -5.36908e-08 4.55719e-05
18.275 7.86949e-07 4.59031e-07 -5.06553e-08 4.55095e-05
18.3 7.49257e-07 4.33871e-07 -4.7772e-08 4.54474e-05
18.325 7.13156e-07 4.09931e-07 -4.50346e-08 4.53854e-05
18.35 6.78591e-07 3.87162e-07 -4.2437e-08 4.53235e-05
18.375 6.4551e-07 3.65516e-07 -3.99732e-08 4.52619e-05
18.4 6.13863e-07 3.44948e-07 -3.76375e-08 4.52004e-05
18.425 5.83597e-07 3.25414e-07 -3.54242e-08 4.51391e-05
18.45 5.54665e-07 3.06869e-07 -3.33279e-08 4.50779e-05
18.475 5.27018e-07 2.89273e-07 -3.13434e-08 4.50169e-05
18.5 5.00608e-07 2.72583e-07 -2.94656e-08 4.49561e-05
18.525 4.7539e-07 2.5676e-07 -2.76895e-08 4.48954e-05
18.55 4.51318e-07 2.41764e-07 -2.60102e-08 4.48349e-05
18.575 4.28348e-07 2.27562e-07 -2.44236e-08 4.47746e-05
18.6 4.06438e-07 2.14116e-07 -2.29251e-08 4.47144e-05
18.625 3.85547e-07 2.01391e-07 -2.15103e-08 4.46544e-05
18.65 3.65633e-07 1.89354e-07 -2.01752e-08 4.45945e-05
18.675 3.46657e-07 1.77972e-07 -1.89158e-08 4.45348e-05
18.7 3.28582e-07 1.67214e-07 -1.77284e-08 4.44753e-05
18.725 3.1137e-07 1.5705e-07 -1.66094e-08 4.44159e-05
18.75 2.94985e-07 1.47452e-07 -1.55552e-08 4.43567e-05
18.775 2.79394e-07 1.38392e-07 -1.45626e-08 4.42976e-05
18.8 2.64561e-07 1.29842e-07 -1.36283e-08 4.42387e-05
18.825 2.50455e-07 1.21779e-07 -1.27493e-08 4.418e-05
18.85 2.37044e-07 1.14176e-07 -1.19227e-08 4.41214e-05
18.875 2.24298e-07 1.07011e-07 -1.11457e-08 4.40629e-05
18.9 2.12188e-07 1.00261e-07 -1.04155e-08 4.40047e-05
18.925 2.00684e-07 9.3905e-08 -9.72967e-09 4.39465e-05
18.95 1.89761e-07 8.79218e-08 -9.08578e-09 4.38886e-05
18.975 1.79392e-07 8.22918e-08 -8.48149e-09 4.38307e-05
19 1.69551e-07 7.69963e-08 -7.91459e-09 4.37731e-05
19.025 1.60215e-07 7.20174e-08 -7.38299e-09 4.37155e-05
19.05 1.5136e-07 6.73378e-08 -6.88468e-09 4.36582e-05
19.075 1.42963e-07 6.29413e-08 -6.41776e-09 4.3601e-05
19.1 1.35002e-07 5.88122e-08 -5.98043e-09 4.35439e-05
19.125 1.27458e-07 5.49357e-08 -5.57097e-09 4.3487e-05
19.15 1.20311e-07 5.12977e-08 -5.18775e-09 4.34302e-05
19.175 1.1354e-07 4.78848e-08 -4.82923e-09 4.33736e-05
19.2 1.07128e-07 4.46841e-08 -4.49393e-09 4.33171e-05
19.225 1.01058e-07 4.16836e-08 -4.18047e-09 4.32608e-05
19.25 9.53126e-08 3.88716e-08 -3.88755e-09 4.32046e-05
19.275 8.98755e-08 3.62372e-08 -3.6139e-09 4.31485e-05
19.3 8.47317e-08 3.37701e-08 -3.35835e-09 4.30927e-05
19.325 7.98663e-08 3.14603e-08 -3.1198e-09 4.30369e-05
19.35 7.52654e-08 2.92986e-08 -2.89718e-09 4.29813e-05
19.375 7.09156e-08 2.7276e-08 -2.68951e-09 4.29258e-05
19.4 6.68039e-08 2.53842e-08 -2.49584e-09 4.28705e-05
19.425 6.29183e-08 2.36152e-08 -2.31528e-09 4.28154e-05
19.45 5.92469e-08 2.19615e-08 -2.14701e-09 4.27603e-05
19.475 5.57786e-08 2.0416e-08 -1.99023e-09 4.27054e-05
19.5 5.25029e-08 1.8972e-08 -1.8442e-09 4.26507e-05
19.525 4.94095e-08 1.7623e-08 -1.70823e-09 4.25961e-05
19.55 4.64889e-08 1.63632e-08 -1.58164e-09 4.25416e-05
19.575 4.37318e-08 1.51868e-08 -1.46382e-09 4.24873e-05
19.6 4.11294e-08 1.40883e-08 -1.35419e-09 4.24331e-05
19.625 3.86735e-08 1.30629e-08 -1.25219e-09 4.2379e-05
19.65 3.63561e-08 1.21056e-08 -1.15731e-09 4.23251e-05
19.675 3.41696e-08 1.1212e-08 -1.06907e-09 4.22713e-05
19.7 3.21069e-08 1.03777e-08 -9.86991e-10 4.22177e-05
19.725 3.01611e-08 9.59868e-09 -9.10658e-10 4.21642e-05
19.75 2.83257e-08 8.87118e-09 -8.39662e-10 4.21108e-05
19.775 2.65946e-08 8.19156e-09 -7.73621e-10 4.20576e-05
19.8 2.49618e-08 7.55638e-09 -7.12178e-10 4.20045e-05
19.825 2.34219e-08 6.96241e-09 -6.54995e-10 4.19515e-05
19.85 2.19695e-08 6.40657e-09 -6.01753e-10 4.18987e-05
19.875 2.05996e-08 5.88594e-09 -5.52154e-10 4.1846e-05
19.9 1.93073e-08 5.39774e-09 -5.05914e-10 4.17934e-05
19.925 1.80883e-08 4.93934e-09 -4.62767e-10 4.17409e-05
19.95 1.6938e-08 4.50817e-09 -4.22459e-10 4.16886e-05
19.975 1.58526e-08 4.102e-09 -3.84764e-10 4.16365e-05
20 1.48279e-08 3.718e-09 -3.49416e-10 4.15844e-05
