0 -0.0274685 -0.011508 0.000569259 0.00752933
0.025 -0.0274685 -0.011508 0.000569259 0.00752933
0.05 -0.0275281 -0.0115646 0.000571921 0.00752917
0.075 -0.0276277 -0.0116593 0.000576373 0.007529
0.1 -0.0277673 -0.0117924 0.000582634 0.007529
0.125 -0.0279472 -0.0119646 0.00059073 0.00752907
0.15 -0.0281676 -0.0121764 0.000600692 0.00752906
0.175 -0.0284286 -0.0124286 0.000612553 0.0075291
0.2 -0.0287306 -0.0127217 0.00062635 0.00752904
0.225 -0.0290735 -0.0130565 0.000642118 0.00752904
0.25 -0.0294573 -0.0134335 0.000659897 0.00752907
0.275 -0.029882 -0.0138534 0.000679721 0.00752907
0.3 -0.0303474 -0.0143167 0.000701626 0.00752904
0.325 -0.0308532 -0.0148235 0.000725644 0.00752905
0.35 -0.0313989 -0.0153743 0.000751802 0.00752908
0.375 -0.0319837 -0.015969 0.000780126 0.00752911
0.4 -0.0326069 -0.0166075 0.000810634 0.00752912
0.425 -0.0332675 -0.0172894 0.000843342 0.00752912
0.45 -0.0339641 -0.0180144 0.000878257 0.00752914
0.475 -0.0346954 -0.0187816 0.000915382 0.00752919
0.5 -0.0354597 -0.01959 0.000954711 0.00752923
0.525 -0.036255 -0.0204385 0.000996233 0.00752929
0.55 -0.0370792 -0.0213255 0.00103993 0.00752932
0.575 -0.0379299 -0.0222494 0.00108577 0.00752939
0.6 -0.0388045 -0.0232082 0.00113372 0.00752948
0.625 -0.0397 -0.0241996 0.00118373 0.00752957
0.65 -0.0406134 -0.0252211 0.00123576 0.00752966
0.675 -0.0415411 -0.0262698 0.00128975 0.00752978
0.7 -0.0424796 -0.0273429 0.00134562 0.00752994
0.725 -0.0434251 -0.0284369 0.00140331 0.00753011
0.75 -0.0443734 -0.0295482 0.00146272 0.00753028
0.775 -0.0453201 -0.0306731 0.00152378 0.00753048
0.8 -0.0462608 -0.0318075 0.00158637 0.0075307
0.825 -0.0471906 -0.0329472 0.00165039 0.00753097
0.85 -0.0481045 -0.0340873 0.00171573 0.00753125
0.875 -0.0489975 -0.0352234 0.00178228 0.00753157
0.9 -0.0498642 -0.0363505 0.00184989 0.00753191
0.925 -0.0506991 -0.0374634 0.00191845 0.00753229
0.95 -0.0514965 -0.0385569 0.00198782 0.00753271
0.975 -0.0522507 -0.0396254 0.00205785 0.00753316
1 -0.0529558 -0.0406634 0.00212841 0.00753365
1.025 -0.0536059 -0.0416651 0.00219934 0.00753418
1.05 -0.0541948 -0.0426247 0.0022705 0.00753476
1.075 -0.0547166 -0.0435363 0.00234172 0.00753539
1.1 -0.0551649 -0.044394 0.00241286 0.00753606
1.125 -0.0555338 -0.0451916 0.00248375 0.00753676
1.15 -0.055817 -0.0459232 0.00255424 0.00753752
1.175 -0.0560084 -0.0465826 0.00262417 0.00753834
1.2 -0.0561019 -0.0471639 0.00269339 0.0075392
1.225 -0.0560916 -0.0476611 0.00276174 0.00754012
1.25 -0.0559715 -0.0480681 0.00282906 0.00754108
1.275 -0.0557359 -0.0483792 0.00289521 0.0075421
1.3 -0.055379 -0.0485885 0.00296004 0.00754318
1.325 -0.0548954 -0.0486907 0.0030234 0.0075443
1.35 -0.0542798 -0.0486799 0.00308516 0.00754547
1.375 -0.0535269 -0.0485509 0.00314519 0.0075467
1.4 -0.0526319 -0.0482985 0.00320334 0.00754799
1.425 -0.0515902 -0.0479179 0.00325949 0.00754933
1.45 -0.0503973 -0.0474043 0.00331354 0.00755072
1.475 -0.0490492 -0.0467533 0.00336536 0.00755214
1.5 -0.0475419 -0.0459605 0.00341486 0.00755363
1.525 -0.045872 -0.0450222 0.00346193 0.00755516
1.55 -0.0440364 -0.0439346 0.0035065 0.00755673
1.575 -0.0420321 -0.0426944 0.00354847 0.00755835
1.6 -0.0398568 -0.0412987 0.00358779 0.00756
1.625 -0.0375083 -0.0397447 0.00362438 0.00756169
1.65 -0.0349849 -0.0380302 0.0036582 0.00756342
1.675 -0.0322856 -0.0361525 0.00368919 0.00756517
1.7 -0.0294091 -0.0341114 0.00371732 0.00756694
1.725 -0.0263552 -0.031905 0.00374257 0.00756873
1.75 -0.0231239 -0.0295327 0.00376491 0.00757055
1.775 -0.0197155 -0.026994 0.00378434 0.00757238
1.8 -0.0161309 -0.0242889 0.00380085 0.00757421
1.825 -0.0123715 -0.0214179 0.00381446 0.00757603
1.85 -0.00843888 -0.0183818 0.00382519 0.00757786
1.875 -0.00433537 -0.0151819 0.00383303 0.00757967
1.9 -6.36196e-05 -0.0118199 0.00383807 0.00758147
1.925 0.00437348 -0.00829866 0.00384032 0.00758324
1.95 0.00897196 -0.0046193 0.00383984 0.00758497
1.975 0.013728 -0.000784974 0.00383668 0.00758667
2 0.0186372 0.00320068 0.0038309 0.00758832
2.025 0.0236946 0.00733102 0.00382261 0.00758992
2.05 0.028895 0.0116061 0.00381182 0.00759144
2.075 0.0342325 0.0160195 0.00379866 0.0075929
2.1 0.0397012 0.0205663 0.00378319 0.00759428
2.125 0.045295 0.0252411 0.00376553 0.00759557
2.15 0.051006 0.0300378 0.00374575 0.00759675
2.175 0.0568275 0.0349507 0.00372398 0.00759782
2.2 0.0627518 0.0399732 0.00370029 0.00759878
2.225 0.0687711 0.0450983 0.00367482 0.00759961
2.25 0.074877 0.0503189 0.00364765 0.0076003
2.275 0.0810609 0.0556276 0.00361891 0.00760084
2.3 0.0873141 0.0610166 0.00358871 0.00760121
2.325 0.0936275 0.0664778 0.00355715 0.00760142
2.35 0.0999918 0.072003 0.00352435 0.00760145
2.375 0.106397 0.0775836 0.00349042 0.00760128
2.4 0.112835 0.0832109 0.00345547 0.0076009
2.425 0.119294 0.0888759 0.00341962 0.00760032
2.45 0.125765 0.0945696 0.00338296 0.00759951
2.475 0.132237 0.100283 0.0033456 0.00759847
2.5 0.138701 0.106006 0.00330765 0.00759718
2.525 0.145147 0.111729 0.00326921 0.00759563
2.55 0.151563 0.117444 0.00323037 0.00759381
2.575 0.157939 0.123139 0.00319122 0.00759171
2.6 0.164266 0.128807 0.00315185 0.00758933
2.625 0.170533 0.134436 0.00311236 0.00758664
2.65 0.17673 0.140017 0.0030728 0.00758364
2.675 0.182847 0.145541 0.00303327 0.00758032
2.7 0.188873 0.150999 0.00299383 0.00757667
2.725 0.194799 0.15638 0.00295454 0.00757268
2.75 0.200616 0.161675 0.00291547 0.00756834
2.775 0.206313 0.166877 0.00287666 0.00756364
2.8 0.211883 0.171973 0.00283818 0.00755857
2.825 0.217314 0.176957 0.00280005 0.00755312
2.85 0.2226 0.18182 0.00276231 0.00754729
2.875 0.227731 0.186553 0.002725 0.00754106
2.9 0.2327 0.191148 0.00268816 0.00753444
2.925 0.237498 0.195598 0.0026518 0.00752741
2.95 0.242117 0.199895 0.00261593 0.00751996
2.975 0.246553 0.204031 0.00258058 0.00751209
3 0.250797 0.208 0.00254574 0.00750379
3.025 0.254844 0.211795 0.00251143 0.00749505
3.05 0.258687 0.21541 0.00247764 0.00748589
3.075 0.262321 0.21884 0.00244436 0.00747627
3.1 0.265741 0.222079 0.00241159 0.00746621
3.125 0.268942 0.225123 0.00237932 0.0074557
3.15 0.271921 0.227966 0.00234753 0.00744474
3.175 0.274674 0.230605 0.00231621 0.00743333
3.2 0.277198 0.233036 0.00228533 0.00742145
3.225 0.27949 0.235257 0.00225487 0.00740911
3.25 0.281548 0.237264 0.00222482 0.00739632
3.275 0.283371 0.239055 0.00219514 0.00738307
3.3 0.284957 0.240629 0.0021658 0.00736935
3.325 0.286305 0.241985 0.00213678 0.00735518
3.35 0.287416 0.243121 0.00210806 0.00734055
3.375 0.28829 0.244039 0.00207959 0.00732546
3.4 0.288927 0.244737 0.00205136 0.00730992
3.425 0.289329 0.245217 0.00202333 0.00729392
3.45 0.289497 0.245479 0.00199548 0.00727748
3.475 0.289435 0.245527 0.00196777 0.0072606
3.5 0.289143 0.24536 0.00194018 0.00724328
3.525 0.288626 0.244983 0.00191269 0.00722552
3.55 0.287887 0.244398 0.00188526 0.00720734
3.575 0.286929 0.243609 0.00185789 0.00718874
3.6 0.285758 0.242619 0.00183053 0.00716971
3.625 0.284376 0.241432 0.00180318 0.00715029
3.65 0.282791 0.240054 0.00177582 0.00713046
3.675 0.281006 0.238488 0.00174843 0.00711024
3.7 0.279028 0.236741 0.001721 0.00708963
3.725 0.276862 0.234817 0.00169351 0.00706864
3.75 0.274514 0.232723 0.00166595 0.0070473
3.775 0.271992 0.230464 0.00163832 0.00702559
3.8 0.269301 0.228048 0.00161062 0.00700353
3.825 0.266449 0.22548 0.00158283 0.00698114
3.85 0.263443 0.222767 0.00155496 0.00695842
3.875 0.260289 0.219918 0.00152701 0.00693538
3.9 0.256996 0.216937 0.00149898 0.00691204
3.925 0.253571 0.213834 0.00147088 0.0068884
3.95 0.250021 0.210615 0.00144272 0.00686448
3.975 0.246355 0.207288 0.00141449 0.00684028
4 0.24258 0.20386 0.00138622 0.00681583
4.025 0.238703 0.200339 0.00135791 0.00679113
4.05 0.234733 0.196733 0.00132958 0.00676618
4.075 0.230678 0.19305 0.00130124 0.00674102
4.1 0.226545 0.189296 0.00127289 0.00671564
4.125 0.222341 0.18548 0.00124459 0.00669006
4.15 0.218076 0.181608 0.00121633 0.00666429
4.175 0.213755 0.177689 0.00118813 0.00663834
4.2 0.209388 0.17373 0.00116002 0.00661223
4.225 0.20498 0.169738 0.00113204 0.00658597
4.25 0.20054 0.16572 0.00110416 0.00655956
4.275 0.196075 0.161683 0.00107641 0.00653303
4.3 0.19159 0.157634 0.00104883 0.00650637
4.325 0.187094 0.153579 0.00102144 0.00647961
4.35 0.182593 0.149524 0.000994248 0.00645276
4.375 0.178092 0.145476 0.000967282 0.00642582
4.4 0.173599 0.141441 0.000940563 0.00639881
4.425 0.169118 0.137425 0.000914109 0.00637174
4.45 0.164658 0.133432 0.000887938 0.00634461
4.475 0.160221 0.129468 0.000862071 0.00631745
4.5 0.155813 0.125538 0.000836524 0.00629025
4.525 0.15144 0.121644 0.000811314 0.00626304
4.55 0.147107 0.117797 0.000786457 0.00623581
4.575 0.142817 0.113996 0.000761968 0.00620858
4.6 0.138574 0.110248 0.000737838 0.00618137
4.625 0.134384 0.106554 0.000714128 0.00615416
4.65 0.13025 0.102918 0.000690826 0.00612699
4.675 0.126174 0.0993443 0.000667943 0.00609984
4.7 0.122161 0.0958346 0.000645488 0.00607274
4.725 0.118213 0.0923916 0.000623472 0.0060457
4.75 0.114332 0.0890179 0.000601901 0.0060187
4.775 0.110522 0.0857155 0.000580782 0.00599178
4.8 0.106784 0.082486 0.000560122 0.00596492
4.825 0.103121 0.0793313 0.000539925 0.00593814
4.85 0.0995341 0.0762525 0.000520194 0.00591145
4.875 0.0960246 0.0732507 0.00050093 0.00588485
4.9 0.0925939 0.070327 0.00048214 0.00585835
4.925 0.0892432 0.0674818 0.000463821 0.00583194
4.95 0.0859733 0.0647158 0.000445974 0.00580565
4.975 0.0827847 0.0620291 0.000428597 0.00577946
5 0.0796781 0.0594218 0.000411691 0.0057534
5.025 0.0766535 0.0568938 0.000395249 0.00572745
5.05 0.0737112 0.054445 0.00037927 0.00570164
5.075 0.0708511 0.0520747 0.000363751 0.00567595
5.1 0.0680729 0.0497824 0.000348685 0.00565039
5.125 0.0653762 0.0475675 0.000334069 0.00562497
5.15 0.0627606 0.0454291 0.000319897 0.00559969
5.175 0.0602254 0.0433661 0.000306162 0.00557455
5.2 0.0577697 0.0413775 0.000292857 0.00554956
5.225 0.0553928 0.0394622 0.000279977 0.00552471
5.25 0.0530936 0.0376188 0.000267513 0.00550001
5.275 0.050871 0.0358459 0.000255458 0.00547547
5.3 0.0487239 0.0341422 0.000243805 0.00545108
5.325 0.0466505 0.0325061 0.000232544 0.00542684
5.35 0.0446504 0.0309361 0.000221668 0.00540276
5.375 0.0427218 0.0294305 0.000211168 0.00537884
5.4 0.0408632 0.0279877 0.000201036 0.00535508
5.425 0.0390731 0.0266061 0.000191264 0.00533147
5.45 0.03735 0.0252838 0.000181842 0.00530803
5.475 0.0356922 0.0240192 0.000172763 0.00528475
5.5 0.0340981 0.0228105 0.000164017 0.00526163
5.525 0.0325661 0.0216559 0.000155596 0.00523867
5.55 0.0310946 0.0205537 0.000147491 0.00521587
5.575 0.0296818 0.0195022 0.000139695 0.00519324
5.6 0.0283261 0.0184995 0.000132198 0.00517077
5.625 0.0270257 0.017544 0.000124992 0.00514846
5.65 0.0257791 0.0166338 0.00011807 0.00512632
5.675 0.0245845 0.0157674 0.000111423 0.00510433
5.7 0.0234402 0.014943 0.000105043 0.00508251
5.725 0.0223446 0.014159 9.89231e-05 0.00506085
5.75 0.0212961 0.0134138 9.30552e-05 0.00503935
5.775 0.020293 0.0127057 8.7432e-05 0.005018
5.8 0.0193337 0.0120331 8.20461e-05 0.00499682
5.825 0.0184167 0.0113947 7.68905e-05 0.0049758
5.85 0.0175405 0.0107889 7.19581e-05 0.00495493
5.875 0.0167033 0.0102142 6.72421e-05 0.00493422
5.9 0.0159039 0.00966933 6.27359e-05 0.00491367
5.925 0.0151408 0.00915281 5.8433e-05 0.00489327
5.95 0.0144125 0.00866335 5.4327e-05 0.00487303
5.975 0.0137176 0.0081997 5.04117e-05 0.00485294
6 0.0130548 0.0077606 4.66809e-05 0.004833
6.025 0.0124227 0.00734487 4.31289e-05 0.00481321
6.05 0.0118202 0.00695136 3.97497e-05 0.00479357
6.075 0.0112459 0.00657897 3.65377e-05 0.00477408
6.1 0.0106987 0.00622663 3.34875e-05 0.00475474
6.125 0.0101773 0.00589332 3.05935e-05 0.00473554
6.15 0.00968075 0.00557807 2.78504e-05 0.00471649
6.175 0.00920784 0.00527993 2.52532e-05 0.00469759
6.2 0.00875754 0.00499801 2.27967e-05 0.00467882
6.225 0.00832884 0.00473145 2.04761e-05 0.0046602
6.25 0.00792077 0.00447944 1.82863e-05 0.00464172
6.275 0.00753239 0.00424118 1.62228e-05 0.00462337
6.3 0.00716279 0.00401594 1.42809e-05 0.00460517
6.325 0.00681109 0.00380299 1.2456e-05 0.0045871
6.35 0.00647647 0.00360168 1.07437e-05 0.00456917
6.375 0.00615813 0.00341135 9.13975e-06 0.00455137
6.4 0.00585528 0.0032314 7.63967e-06 0.00453371
6.425 0.0055672 0.00306124 6.23941e-06 0.00451617
6.45 0.00529318 0.00290034 4.93489e-06 0.00449877
6.475 0.00503255 0.00274816 3.72214e-06 0.00448149
6.5 0.00478465 0.00260421 2.59724e-06 0.00446434
6.525 0.00454888 0.00246804 1.55638e-06 0.00444733
6.55 0.00432464 0.00233919 5.95851e-07 0.00443043
6.575 0.00411137 0.00221726 -2.88005e-07 0.00441366
6.6 0.00390854 0.00210186 -1.09872e-06 0.00439701
6.625 0.00371562 0.0019926 -1.83983e-06 0.00438049
6.65 0.00353215 0.00188915 -2.51463e-06 0.00436408
6.675 0.00335764 0.00179117 -3.12645e-06 0.0043478
6.7 0.00319166 0.00169835 -3.67851e-06 0.00433163
6.725 0.00303379 0.00161041 -4.17394e-06 0.00431558
6.75 0.00288363 0.00152706 -4.61567e-06 0.00429965
6.775 0.0027408 0.00144805 -5.00687e-06 0.00428383
6.8 0.00260493 0.00137314 -5.35026e-06 0.00426813
6.825 0.00247568 0.0013021 -5.64884e-06 0.00425254
6.85 0.00235273 0.00123471 -5.905e-06 0.00423706
6.875 0.00223577 0.00117077 -6.12149e-06 0.00422169
6.9 0.00212449 0.0011101 -6.30083e-06 0.00420642
6.925 0.00201862 0.00105251 -6.44549e-06 0.00419127
6.95 0.0019179 0.000997844 -6.55781e-06 0.00417623
6.975 0.00182207 0.000945939 -6.64007e-06 0.00416129
7 0.0017309 0.000896649 -6.69452e-06 0.00414645
7.025 0.00164415 0.000849836 -6.72316e-06 0.00413172
7.05 0.00156162 0.00080537 -6.72808e-06 0.0041171
7.075 0.00148309 0.000763129 -6.71121e-06 0.00410257
7.1 0.00140837 0.000722999 -6.67444e-06 0.00408815
7.125 0.00133728 0.000684872 -6.61966e-06 0.00407382
7.15 0.00126965 0.000648646 -6.54834e-06 0.0040596
7.175 0.00120531 0.000614226 -6.46221e-06 0.00404547
7.2 0.0011441 0.000581522 -6.36288e-06 0.00403144
7.225 0.00108586 0.000550449 -6.2518e-06 0.00401751
7.25 0.00103047 0.000520927 -6.13038e-06 0.00400367
7.275 0.000977786 0.000492882 -5.99996e-06 0.00398993
7.3 0.000927676 0.000466242 -5.86178e-06 0.00397628
7.325 0.000880021 0.000440939 -5.71706e-06 0.00396272
7.35 0.000834704 0.00041691 -5.56691e-06 0.00394925
7.375 0.000791617 0.000394095 -5.41227e-06 0.00393587
7.4 0.000750654 0.000372438 -5.25438e-06 0.00392259
7.425 0.000711716 0.000351883 -5.09403e-06 0.00390939
7.45 0.000674707 0.000332379 -4.93211e-06 0.00389628
7.475 0.000639538 0.000313878 -4.76941e-06 0.00388326
7.5 0.000606122 0.000296334 -4.60669e-06 0.00387032
7.525 0.000574378 0.000279702 -4.44462e-06 0.00385747
7.55 0.000544228 0.000263939 -4.28385e-06 0.0038447
7.575 0.000515596 0.000249007 -4.12496e-06 0.00383202
7.6 0.000488412 0.000234867 -3.96846e-06 0.00381942
7.625 0.000462608 0.000221482 -3.81483e-06 0.0038069
7.65 0.00043812 0.000208818 -3.6645e-06 0.00379447
7.675 0.000414885 0.00019684 -3.51785e-06 0.00378211
7.7 0.000392845 0.000185517 -3.3752e-06 0.00376984
7.725 0.000371943 0.000174819 -3.23685e-06 0.00375764
7.75 0.000352126 0.000164715 -3.10304e-06 0.00374553
7.775 0.000333342 0.000155178 -2.97397e-06 0.00373349
7.8 0.000315541 0.000146181 -2.84981e-06 0.00372152
7.825 0.000298678 0.000137698 -2.73069e-06 0.00370964
7.85 0.000282706 0.000129704 -2.6167e-06 0.00369783
7.875 0.000267583 0.000122175 -2.5079e-06 0.00368609
7.9 0.000253268 0.000115087 -2.40433e-06 0.00367443
7.925 0.00023972 0.00010842 -2.30597e-06 0.00366284
7.95 0.000226904 0.000102152 -2.21281e-06 0.00365132
7.975 0.000214782 9.62619e-05 -2.12478e-06 0.00363988
8 0.000203319 9.07308e-05 -2.04181e-06 0.00362851
8.025 0.000192484 8.55397e-05 -1.96381e-06 0.00361721
8.05 0.000182244 8.06706e-05 -1.89064e-06 0.00360598
8.075 0.00017257 7.6106e-05 -1.82217e-06 0.00359481
8.1 0.000163431 7.18294e-05 -1.75826e-06 0.00358372
8.125 0.000154801 6.78247e-05 -1.69872e-06 0.00357269
8.15 0.000146653 6.40766e-05 -1.64338e-06 0.00356174
8.175 0.000138961 6.05703e-05 -1.59205e-06 0.00355085
8.2 0.000131703 5.72917e-05 -1.54454e-06 0.00354002
8.225 0.000124853 5.42273e-05 -1.50062e-06 0.00352926
8.25 0.000118392 5.13642e-05 -1.46009e-06 0.00351857
8.275 0.000112296 4.869e-05 -1.42273e-06 0.00350794
8.3 0.000106546 4.61928e-05 -1.38833e-06 0.00349738
8.325 0.000101124 4.38614e-05 -1.35666e-06 0.00348687
8.35 9.601e-05 4.1685e-05 -1.32752e-06 0.00347644
8.375 9.11873e-05 3.96533e-05 -1.30067e-06 0.00346606
8.4 8.66391e-05 3.77565e-05 -1.27591e-06 0.00345574
8.425 8.23496e-05 3.59854e-05 -1.25303e-06 0.00344549
8.45 7.83034e-05 3.43312e-05 -1.23182e-06 0.0034353
8.475 7.44869e-05 3.27854e-05 -1.2121e-06 0.00342517
8.5 7.08861e-05 3.13403e-05 -1.19366e-06 0.00341509
8.525 6.74886e-05 2.99882e-05 -1.17634e-06 0.00340508
8.55 6.42811e-05 2.87222e-05 -1.15995e-06 0.00339512
8.575 6.12525e-05 2.75356e-05 -1.14435e-06 0.00338522
8.6 5.83919e-05 2.64222e-05 -1.12937e-06 0.00337538
8.625 5.56889e-05 2.53761e-05 -1.11488e-06 0.0033656
8.65 5.31336e-05 2.43918e-05 -1.10074e-06 0.00335587
8.675 5.07169e-05 2.34643e-05 -1.08683e-06 0.0033462
8.7 4.84298e-05 2.25886e-05 -1.07304e-06 0.00333659
8.725 4.62643e-05 2.17605e-05 -1.05927e-06 0.00332703
8.75 4.42126e-05 2.09759e-05 -1.04545e-06 0.00331752
8.775 4.22674e-05 2.02308e-05 -1.03148e-06 0.00330807
8.8 4.04219e-05 1.95219e-05 -1.01731e-06 0.00329867
8.825 3.86697e-05 1.88459e-05 -1.00288e-06 0.00328933
8.85 3.70049e-05 1.81998e-05 -9.8813e-07 0.00328004
8.875 3.54217e-05 1.7581e-05 -9.73036e-07 0.0032708
8.9 3.3915e-05 1.69871e-05 -9.57566e-07 0.00326161
8.925 3.248e-05 1.64158e-05 -9.41701e-07 0.00325247
8.95 3.1112e-05 1.58651e-05 -9.25428e-07 0.00324339
8.975 2.98068e-05 1.53332e-05 -9.08744e-07 0.00323436
9 2.85606e-05 1.48186e-05 -8.91649e-07 0.00322537
9.025 2.73697e-05 1.43198e-05 -8.74151e-07 0.00321644
9.05 2.62307e-05 1.38356e-05 -8.56264e-07 0.00320755
9.075 2.51405e-05 1.33649e-05 -8.38005e-07 0.00319872
9.1 2.40962e-05 1.29066e-05 -8.19396e-07 0.00318993
9.125 2.30952e-05 1.24601e-05 -8.00464e-07 0.00318119
9.15 2.21348e-05 1.20244e-05 -7.81237e-07 0.0031725
9.175 2.1213e-05 1.15991e-05 -7.61747e-07 0.00316385
9.2 2.03276e-05 1.11837e-05 -7.42018e-07 0.00315525
9.225 1.94765e-05 1.07775e-05 -7.22108e-07 0.0031467
9.25 1.8658e-05 1.03804e-05 -7.0203e-07 0.0031382
9.275 1.78707e-05 9.99201e-06 -6.81827e-07 0.00312974
9.3 1.71128e-05 9.61209e-06 -6.61536e-07 0.00312133
9.325 1.63831e-05 9.24046e-06 -6.41191e-07 0.00311296
9.35 1.56803e-05 8.87696e-06 -6.20829e-07 0.00310463
9.375 1.5003e-05 8.52148e-06 -6.00481e-07 0.00309635
9.4 1.43503e-05 8.17392e-06 -5.80184e-07 0.00308812
9.425 1.3721e-05 7.83423e-06 -5.59969e-07 0.00307993
9.45 1.31143e-05 7.50235e-06 -5.39865e-07 0.00307178
9.475 1.25292e-05 7.17826e-06 -5.19902e-07 0.00306368
9.5 1.19651e-05 6.86192e-06 -5.00106e-07 0.00305561
9.525 1.1421e-05 6.55332e-06 -4.80503e-07 0.00304759
9.55 1.08963e-05 6.25245e-06 -4.61117e-07 0.00303961
9.575 1.03903e-05 5.9593e-06 -4.41969e-07 0.00303168
9.6 9.9024e-06 5.67383e-06 -4.2308e-07 0.00302378
9.625 9.43199e-06 5.39605e-06 -4.04468e-07 0.00301593
9.65 8.97853e-06 5.12592e-06 -3.8615e-07 0.00300811
9.675 8.54148e-06 4.86343e-06 -3.68142e-07 0.00300034
9.7 8.12034e-06 4.60854e-06 -3.50458e-07 0.00299261
9.725 7.71464e-06 4.36122e-06 -3.33111e-07 0.00298491
9.75 7.32393e-06 4.12142e-06 -3.16113e-07 0.00297726
9.775 6.94778e-06 3.88911e-06 -2.99474e-07 0.00296965
9.8 6.58577e-06 3.66424e-06 -2.83205e-07 0.00296207
9.825 6.23753e-06 3.44674e-06 -2.67315e-07 0.00295453
9.85 5.90266e-06 3.23657e-06 -2.51812e-07 0.00294703
9.875 5.58081e-06 3.03367e-06 -2.36704e-07 0.00293957
9.9 5.27164e-06 2.83797e-06 -2.21999e-07 0.00293215
9.925 4.97481e-06 2.64942e-06 -2.07703e-07 0.00292476
9.95 4.69001e-06 2.46794e-06 -1.93826e-07 0.00291741
9.975 4.41694e-06 2.29347e-06 -1.80371e-07 0.0029101
10 4.1553e-06 2.12595e-06 -1.67347e-07 0.00290283
10.025 3.9048e-06 1.96532e-06 -1.54759e-07 0.00289559
10.05 3.66518e-06 1.8115e-06 -1.42614e-07 0.00288838
10.075 3.43617e-06 1.66443e-06 -1.30919e-07 0.00288122
10.1 3.21752e-06 1.52405e-06 -1.19676e-07 0.00287408
10.125 3.00898e-06 1.39029e-06 -1.08895e-07 0.00286699
10.15 2.81032e-06 1.26309e-06 -9.85793e-08 0.00285993
10.175 2.62129e-06 1.14237e-06 -8.8735e-08 0.0028529
10.2 2.44168e-06 1.02807e-06 -7.93664e-08 0.00284591
10.225 2.27125e-06 9.2015e-07 -7.04784e-08 0.00283895
10.25 2.10979e-06 8.18474e-07 -6.20769e-08 0.00283202
10.275 1.95708e-06 7.22998e-07 -5.41597e-08 0.00282513
10.3 1.81291e-06 6.33641e-07 -4.67321e-08 0.00281828
10.325 1.67706e-06 5.50317e-07 -3.97958e-08 0.00281145
10.35 1.54931e-06 4.72934e-07 -3.33515e-08 0.00280466
10.375 1.42946e-06 4.01395e-07 -2.73989e-08 0.0027979
10.4 1.31728e-06 3.35593e-07 -2.19366e-08 0.00279117
10.425 1.21256e-06 2.75415e-07 -1.69621e-08 0.00278448
10.45 1.11507e-06 2.20738e-07 -1.24712e-08 0.00277782
10.475 1.02459e-06 1.71429e-07 -8.45792e-09 0.00277119
10.5 9.4091e-07 1.27346e-07 -4.91796e-09 0.00276459
10.525 8.63757e-07 8.83369e-08 -1.84182e-09 0.00275802
10.55 7.92913e-07 5.42337e-08 7.80064e-10 0.00275149
10.575 7.28135e-07 2.4873e-08 2.95889e-09 0.00274498
10.6 6.6917e-07 6.13177e-11 4.70758e-09 0.00273851
10.625 6.1578e-07 -2.0394e-08 6.03986e-09 0.00273206
10.65 5.67693e-07 -3.66999e-08 6.97131e-09 0.00272565
10.675 5.2465e-07 -4.90717e-08 7.51973e-09 0.00271927
10.7 4.86387e-07 -5.77388e-08 7.70362e-09 0.00271291
10.725 4.52633e-07 -6.29312e-08 7.54186e-09 0.00270659
10.75 4.23116e-07 -6.48838e-08 7.05659e-09 0.0027003
10.775 3.97548e-07 -6.38582e-08 6.26982e-09 0.00269403
10.8 3.75677e-07 -6.01031e-08 5.20484e-09 0.00268779
10.825 3.57214e-07 -5.38765e-08 3.88581e-09 0.00268159
10.85 3.41881e-07 -4.54406e-08 2.33797e-09 0.00267541
10.875 3.29403e-07 -3.50584e-08 5.86884e-10 0.00266926
10.9 3.19506e-07 -2.29935e-08 -1.34132e-09 0.00266313
10.925 3.1192e-07 -9.50839e-09 -3.42018e-09 0.00265704
10.95 3.06385e-07 5.13812e-09 -5.62309e-09 0.00265097
10.975 3.02631e-07 2.06909e-08 -7.92348e-09 0.00264493
11 3.0041e-07 3.6901e-08 -1.02949e-08 0.00263892
11.025 2.99476e-07 5.35271e-08 -1.27115e-08 0.00263294
11.05 2.99595e-07 7.03367e-08 -1.51476e-08 0.00262698
11.075 3.00541e-07 8.7108e-08 -1.75785e-08 0.00262105
11.1 3.02099e-07 1.03631e-07 -1.99804e-08 0.00261515
11.125 3.04062e-07 1.19707e-07 -2.23309e-08 0.00260927
11.15 3.06248e-07 1.35156e-07 -2.4607e-08 0.00260342
11.175 3.08478e-07 1.49807e-07 -2.6789e-08 0.0025976
11.2 3.10587e-07 1.63511e-07 -2.88565e-08 0.0025918
11.225 3.1243e-07 1.76134e-07 -3.07949e-08 0.00258602
11.25 3.13874e-07 1.87553e-07 -3.25872e-08 0.00258028
11.275 3.14802e-07 1.97672e-07 -3.42194e-08 0.00257456
11.3 3.15112e-07 2.06401e-07 -3.56788e-08 0.00256886
11.325 3.1472e-07 2.13694e-07 -3.69553e-08 0.00256319
11.35 3.13556e-07 2.19495e-07 -3.80403e-08 0.00255754
11.375 3.11562e-07 2.23781e-07 -3.89273e-08 0.00255192
11.4 3.08704e-07 2.26535e-07 -3.96122e-08 0.00254632
11.425 3.04955e-07 2.27767e-07 -4.00911e-08 0.00254075
11.45 3.00308e-07 2.27504e-07 -4.03638e-08 0.0025352
11.475 2.94759e-07 2.25781e-07 -4.04313e-08 0.00252968
11.5 2.88327e-07 2.22652e-07 -4.02964e-08 0.00252418
11.525 2.81039e-07 2.18176e-07 -3.99636e-08 0.00251871
11.55 2.72933e-07 2.12448e-07 -3.94393e-08 0.00251325
11.575 2.64058e-07 2.05545e-07 -3.87298e-08 0.00250783
11.6 2.54471e-07 1.97569e-07 -3.78461e-08 0.00250242
11.625 2.44231e-07 1.88626e-07 -3.67984e-08 0.00249704
11.65 2.33419e-07 1.7883e-07 -3.55973e-08 0.00249168
11.675 2.22106e-07 1.68297e-07 -3.42556e-08 0.00248634
11.7 2.10373e-07 1.57154e-07 -3.27871e-08 0.00248103
11.725 1.98303e-07 1.45523e-07 -3.12057e-08 0.00247574
11.75 1.85982e-07 1.33528e-07 -2.95263e-08 0.00247047
11.775 1.73495e-07 1.21293e-07 -2.77642e-08 0.00246523
11.8 1.60929e-07 1.08939e-07 -2.59348e-08 0.00246
11.825 1.48366e-07 9.65852e-08 -2.40537e-08 0.0024548
11.85 1.35887e-07 8.4343e-08 -2.21361e-08 0.00244962
11.875 1.2357e-07 7.23199e-08 -2.01982e-08 0.00244447
11.9 1.11488e-07 6.06155e-08 -1.82548e-08 0.00243933
11.925 9.97079e-08 4.93217e-08 -1.63203e-08 0.00243422
11.95 8.82924e-08 3.85208e-08 -1.44089e-08 0.00242912
11.975 7.72963e-08 2.82862e-08 -1.25339e-08 0.00242405
12 6.67675e-08 1.86807e-08 -1.07077e-08 0.002419
12.025 5.67464e-08 9.75652e-09 -8.94198e-09 0.00241397
12.05 4.7266e-08 1.55489e-09 -7.2473e-09 0.00240896
12.075 3.83506e-08 -5.89413e-09 -5.63317e-09 0.00240398
12.1 3.00169e-08 -1.25711e-08 -4.10793e-09 0.00239901
12.125 2.22725e-08 -1.84697e-08 -2.67874e-09 0.00239406
12.15 1.51196e-08 -2.3593e-08 -1.35151e-09 0.00238914
12.175 8.54918e-09 -2.79533e-08 -1.30885e-10 0.00238423
12.2 2.55043e-09 -3.15749e-08 9.7975e-10 0.00237934
12.225 -2.90762e-09 -3.44927e-08 1.97829e-09 0.00237448
12.25 -7.84766e-09 -3.67486e-08 2.86395e-09 0.00236963
12.275 -1.23059e-08 -3.83928e-08 3.6371e-09 0.00236481
12.3 -1.63229e-08 -3.94825e-08 4.29922e-09 0.00236
12.325 -1.99443e-08 -4.00836e-08 4.85333e-09 0.00235521
12.35 -2.322e-08 -4.02656e-08 5.3032e-09 0.00235044
12.375 -2.62032e-08 -4.01026e-08 5.65368e-09 0.0023457
12.4 -2.89499e-08 -3.96726e-08 5.91061e-09 0.00234097
12.425 -3.15184e-08 -3.90559e-08 6.0808e-09 0.00233626
12.45 -3.3967e-08 -3.83342e-08 6.17132e-09 0.00233156
12.475 -3.63561e-08 -3.75894e-08 6.19088e-09 0.00232689
12.5 -3.87451e-08 -3.69027e-08 6.14797e-09 0.00232224
12.525 -4.11914e-08 -3.63538e-08 6.05183e-09 0.0023176
12.55 -4.37511e-08 -3.60193e-08 5.91202e-09 0.00231298
12.575 -4.64775e-08 -3.59723e-08 5.73837e-09 0.00230839
12.6 -4.94204e-08 -3.62816e-08 5.54082e-09 0.00230381
12.625 -5.26261e-08 -3.70099e-08 5.32936e-09 0.00229924
12.65 -5.61366e-08 -3.82145e-08 5.11388e-09 0.0022947
12.675 -5.99867e-08 -3.99467e-08 4.9041e-09 0.00229017
12.7 -6.42082e-08 -4.22485e-08 4.70941e-09 0.00228567
12.725 -6.88261e-08 -4.51557e-08 4.53884e-09 0.00228117
12.75 -7.38592e-08 -4.86953e-08 4.40092e-09 0.0022767
12.775 -7.93199e-08 -5.28863e-08 4.30363e-09 0.00227225
12.8 -8.5214e-08 -5.77381e-08 4.25417e-09 0.00226781
12.825 -9.15405e-08 -6.32522e-08 4.25916e-09 0.00226339
12.85 -9.82917e-08 -6.94212e-08 4.32443e-09 0.00225898
12.875 -1.05454e-07 -7.62285e-08 4.45476e-09 0.0022546
12.9 -1.13004e-07 -8.36496e-08 4.65419e-09 0.00225023
12.925 -1.20917e-07 -9.16514e-08 4.92576e-09 0.00224587
12.95 -1.29159e-07 -1.00193e-07 5.27154e-09 0.00224154
12.975 -1.37692e-07 -1.09226e-07 5.69257e-09 0.00223722
13 -1.4647e-07 -1.18694e-07 6.18877e-09 0.00223292
13.025 -1.55444e-07 -1.28537e-07 6.7594e-09 0.00222863
13.05 -1.6456e-07 -1.38687e-07 7.40235e-09 0.00222436
13.075 -1.73761e-07 -1.4907e-07 8.11462e-09 0.00222011
13.1 -1.82986e-07 -1.59611e-07 8.89224e-09 0.00221587
13.125 -1.92171e-07 -1.70229e-07 9.73028e-09 0.00221165
13.15 -2.01249e-07 -1.80837e-07 1.06229e-08 0.00220744
13.175 -2.10154e-07 -1.91356e-07 1.15634e-08 0.00220326
13.2 -2.18818e-07 -2.017e-07 1.25443e-08 0.00219908
13.225 -2.27172e-07 -2.11776e-07 1.35573e-08 0.00219492
13.25 -2.35147e-07 -2.215e-07 1.45935e-08 0.00219078
13.275 -2.42678e-07 -2.30789e-07 1.56434e-08 0.00218666
13.3 -2.49699e-07 -2.39559e-07 1.66969e-08 0.00218255
13.325 -2.56148e-07 -2.4773e-07 1.77433e-08 0.00217845
13.35 -2.61964e-07 -2.55226e-07 1.87718e-08 0.00217437
13.375 -2.67092e-07 -2.61975e-07 1.9771e-08 0.00217031
13.4 -2.7148e-07 -2.67911e-07 2.07297e-08 0.00216626
13.425 -2.75079e-07 -2.72971e-07 2.16359e-08 0.00216222
13.45 -2.77848e-07 -2.771e-07 2.24788e-08 0.0021582
13.475 -2.79748e-07 -2.80249e-07 2.32464e-08 0.0021542
13.5 -2.80748e-07 -2.82377e-07 2.39274e-08 0.00215021
13.525 -2.80822e-07 -2.83448e-07 2.45109e-08 0.00214624
13.55 -2.79951e-07 -2.83436e-07 2.49853e-08 0.00214228
13.575 -2.78121e-07 -2.82323e-07 2.53406e-08 0.00213833
13.6 -2.75327e-07 -2.80096e-07 2.55666e-08 0.0021344
13.625 -2.71567e-07 -2.76753e-07 2.56539e-08 0.00213048
13.65 -2.66849e-07 -2.723e-07 2.55935e-08 0.00212658
13.675 -2.61185e-07 -2.66746e-07 2.5377e-08 0.00212269
13.7 -2.54595e-07 -2.60114e-07 2.49971e-08 0.00211882
13.725 -2.47105e-07 -2.52433e-07 2.44468e-08 0.00211496
13.75 -2.38748e-07 -2.43737e-07 2.37201e-08 0.00211111
13.775 -2.29561e-07 -2.3407e-07 2.28121e-08 0.00210728
13.8 -2.19588e-07 -2.23482e-07 2.1718e-08 0.00210346
13.825 -2.08876e-07 -2.12028e-07 2.04346e-08 0.00209966
13.85 -1.97478e-07 -1.9977e-07 1.89594e-08 0.00209587
13.875 -1.85456e-07 -1.86775e-07 1.72906e-08 0.00209209
13.9 -1.72868e-07 -1.73116e-07 1.54282e-08 0.00208833
13.925 -1.59782e-07 -1.58866e-07 1.33719e-08 0.00208458
13.95 -1.46269e-07 -1.44109e-07 1.11231e-08 0.00208085
13.975 -1.32398e-07 -1.28923e-07 8.68392e-09 0.00207712
14 -1.18248e-07 -1.13402e-07 6.05754e-09 0.00207341
14.025 -1.03886e-07 -9.76278e-08 3.24783e-09 0.00206972
14.05 -8.93917e-08 -8.16956e-08 2.58521e-10 0.00206604
14.075 -7.4843e-08 -6.56833e-08 -2.90273e-09 0.00206237
14.1 -6.03167e-08 -4.96854e-08 -6.23036e-09 0.00205871
14.125 -4.58894e-08 -3.37927e-08 -9.71741e-09 0.00205506
14.15 -3.16368e-08 -1.80878e-08 -1.33544e-08 0.00205143
14.175 -1.76332e-08 -2.65845e-09 -1.71357e-08 0.00204781
14.2 -3.95071e-09 1.24119e-08 -2.10509e-08 0.00204421
14.225 9.34059e-09 2.70439e-08 -2.50902e-08 0.00204062
14.25 2.21736e-08 4.11605e-08 -2.92443e-08 0.00203704
14.275 3.44843e-08 5.46881e-08 -3.35007e-08 0.00203347
14.3 4.62119e-08 6.75542e-08 -3.78497e-08 0.00202991
14.325 5.73036e-08 7.97048e-08 -4.22778e-08 0.00202637
14.35 6.77006e-08 9.10756e-08 -4.67771e-08 0.00202284
14.375 7.73581e-08 1.01613e-07 -5.1334e-08 0.00201932
14.4 8.62329e-08 1.11269e-07 -5.59365e-08 0.00201582
14.425 9.42867e-08 1.2e-07 -6.05725e-08 0.00201232
14.45 1.01486e-07 1.27772e-07 -6.52301e-08 0.00200884
14.475 1.07803e-07 1.34553e-07 -6.9897e-08 0.00200537
14.5 1.13212e-07 1.40319e-07 -7.45613e-08 0.00200191
14.525 1.17701e-07 1.45053e-07 -7.92111e-08 0.00199847
14.55 1.21256e-07 1.48742e-07 -8.38348e-08 0.00199503
14.575 1.23869e-07 1.51382e-07 -8.8421e-08 0.00199161
14.6 1.25539e-07 1.52971e-07 -9.29583e-08 0.0019882
14.625 1.26269e-07 1.53517e-07 -9.7436e-08 0.0019848
14.65 1.26067e-07 1.53032e-07 -1.01844e-07 0.00198141
14.675 1.24948e-07 1.51534e-07 -1.06171e-07 0.00197804
14.7 1.22929e-07 1.49046e-07 -1.10408e-07 0.00197467
14.725 1.20034e-07 1.45598e-07 -1.14546e-07 0.00197132
14.75 1.16289e-07 1.4122e-07 -1.18576e-07 0.00196798
14.775 1.11724e-07 1.35951e-07 -1.2249e-07 0.00196465
14.8 1.06377e-07 1.29831e-07 -1.2628e-07 0.00196133
14.825 1.00282e-07 1.22909e-07 -1.29938e-07 0.00195802
14.85 9.34844e-08 1.15231e-07 -1.33459e-07 0.00195473
14.875 8.6027e-08 1.06851e-07 -1.36836e-07 0.00195144
14.9 7.79597e-08 9.78241e-08 -1.40064e-07 0.00194817
14.925 6.9331e-08 8.82065e-08 -1.43137e-07 0.0019449
14.95 6.01898e-08 7.80571e-08 -1.46052e-07 0.00194165
14.975 5.05907e-08 6.74395e-08 -1.48804e-07 0.00193841
15 4.05879e-08 5.64147e-08 -1.51392e-07 0.00193518
15.025 3.02369e-08 4.5046e-08 -1.5381e-07 0.00193196
15.05 1.95934e-08 3.33894e-08 -1.56059e-07 0.00192875
15.075 8.71381e-09 2.15192e-08 -1.58138e-07 0.00192555
15.1 -2.34572e-09 9.49433e-09 -1.60043e-07 0.00192236
15.125 -1.35292e-08 -2.6176e-09 -1.61774e-07 0.00191919
15.15 -2.47812e-08 -1.47649e-08 -1.63333e-07 0.00191602
15.175 -3.60474e-08 -2.68824e-08 -1.64719e-07 0.00191286
15.2 -4.72704e-08 -3.89117e-08 -1.65934e-07 0.00190972
15.225 -5.8406e-08 -5.07948e-08 -1.66979e-07 0.00190658
15.25 -6.93999e-08 -6.24774e-08 -1.67856e-07 0.00190345
15.275 -8.02036e-08 -7.39068e-08 -1.68567e-07 0.00190034
15.3 -9.0769e-08 -8.5033e-08 -1.69114e-07 0.00189723
15.325 -1.01055e-07 -9.58087e-08 -1.69503e-07 0.00189414
15.35 -1.11018e-07 -1.06185e-07 -1.69733e-07 0.00189105
15.375 -1.20619e-07 -1.1613e-07 -1.69811e-07 0.00188798
15.4 -1.2982e-07 -1.256e-07 -1.69738e-07 0.00188491
15.425 -1.38589e-07 -1.34561e-07 -1.69521e-07 0.00188186
15.45 -1.46893e-07 -1.42981e-07 -1.69162e-07 0.00187881
15.475 -1.54705e-07 -1.50832e-07 -1.68667e-07 0.00187578
15.5 -1.61998e-07 -1.58089e-07 -1.68039e-07 0.00187275
15.525 -1.68752e-07 -1.64731e-07 -1.67285e-07 0.00186974
15.55 -1.74947e-07 -1.70739e-07 -1.66409e-07 0.00186673
15.575 -1.80566e-07 -1.761e-07 -1.65416e-07 0.00186373
15.6 -1.85595e-07 -1.80803e-07 -1.64312e-07 0.00186075
15.625 -1.90026e-07 -1.84841e-07 -1.631e-07 0.00185777
15.65 -1.9385e-07 -1.88208e-07 -1.61787e-07 0.0018548
15.675 -1.97063e-07 -1.90905e-07 -1.60378e-07 0.00185184
15.7 -1.99663e-07 -1.9293e-07 -1.58878e-07 0.00184889
15.725 -2.01651e-07 -1.94291e-07 -1.57288e-07 0.00184595
15.75 -2.03031e-07 -1.94994e-07 -1.55627e-07 0.00184302
15.775 -2.03809e-07 -1.95051e-07 -1.53886e-07 0.0018401
15.8 -2.03993e-07 -1.94473e-07 -1.52075e-07 0.00183719
15.825 -2.03593e-07 -1.93277e-07 -1.50199e-07 0.00183429
15.85 -2.02623e-07 -1.91475e-07 -1.48262e-07 0.0018314
15.875 -2.01098e-07 -1.89096e-07 -1.46271e-07 0.00182851
15.9 -1.99034e-07 -1.86156e-07 -1.44228e-07 0.00182564
15.925 -1.96449e-07 -1.8268e-07 -1.4214e-07 0.00182277
15.95 -1.93364e-07 -1.78692e-07 -1.40007e-07 0.00181991
15.975 -1.89799e-07 -1.74217e-07 -1.3784e-07 0.00181707
16 -1.85778e-07 -1.69283e-07 -1.3564e-07 0.00181423
16.025 -1.81324e-07 -1.63918e-07 -1.33411e-07 0.0018114
16.05 -1.76459e-07 -1.58153e-07 -1.31158e-07 0.00180857
16.075 -1.71214e-07 -1.52016e-07 -1.28883e-07 0.00180576
16.1 -1.65612e-07 -1.45538e-07 -1.26591e-07 0.00180296
16.125 -1.5968e-07 -1.3875e-07 -1.24285e-07 0.00180016
16.15 -1.53445e-07 -1.31682e-07 -1.21968e-07 0.00179738
16.175 -1.46935e-07 -1.24366e-07 -1.19644e-07 0.0017946
16.2 -1.40177e-07 -1.16833e-07 -1.17316e-07 0.00179183
16.225 -1.33198e-07 -1.09114e-07 -1.14986e-07 0.00178907
16.25 -1.26027e-07 -1.01238e-07 -1.12658e-07 0.00178631
16.275 -1.18689e-07 -9.32357e-08 -1.10333e-07 0.00178357
16.3 -1.11212e-07 -8.51366e-08 -1.08015e-07 0.00178084
16.325 -1.03623e-07 -7.69694e-08 -1.05706e-07 0.00177811
16.35 -9.59472e-08 -6.87644e-08 -1.03407e-07 0.00177539
16.375 -8.82097e-08 -6.05431e-08 -1.01121e-07 0.00177268
16.4 -8.04352e-08 -5.23347e-08 -9.88506e-08 0.00176998
16.425 -7.26476e-08 -4.41627e-08 -9.65964e-08 0.00176728
16.45 -6.48698e-08 -3.60532e-08 -9.43606e-08 0.0017646
16.475 -5.7124e-08 -2.8028e-08 -9.21446e-08 0.00176192
16.5 -4.94312e-08 -2.01088e-08 -8.99499e-08 0.00175925
16.525 -4.18116e-08 -1.23159e-08 -8.77778e-08 0.00175659
16.55 -3.42844e-08 -4.66847e-09 -8.56295e-08 0.00175393
16.575 -2.68675e-08 2.8156e-09 -8.35063e-08 0.00175129
16.6 -1.95781e-08 1.01198e-08 -8.1409e-08 0.00174865
16.625 -1.24319e-08 1.72292e-08 -7.93386e-08 0.00174602
16.65 -5.44383e-09 2.41291e-08 -7.7296e-08 0.0017434
16.675 1.3726e-09 3.08073e-08 -7.52819e-08 0.00174079
16.7 8.00484e-09 3.72525e-08 -7.3297e-08 0.00173818
16.725 1.44401e-08 4.34546e-08 -7.13419e-08 0.00173558
16.75 2.0671e-08 4.94047e-08 -6.94172e-08 0.00173299
16.775 2.66872e-08 5.50953e-08 -6.75233e-08 0.00173041
16.8 3.248e-08 6.05201e-08 -6.56594e-08 0.00172783
16.825 3.80427e-08 6.5674e-08 -6.38283e-08 0.00172527
16.85 4.33693e-08 7.05528e-08 -6.20301e-08 0.00172271
16.875 4.84556e-08 7.51538e-08 -6.02629e-08 0.00172015
16.9 5.32953e-08 7.94749e-08 -5.8528e-08 0.00171761
16.925 5.78891e-08 8.35155e-08 -5.68255e-08 0.00171507
16.95 6.22317e-08 8.72745e-08 -5.51555e-08 0.00171254
16.975 6.63231e-08 9.07551e-08 -5.3518e-08 0.00171002
17 7.01629e-08 9.39584e-08 -5.19131e-08 0.00170751
17.025 7.37516e-08 9.68867e-08 -5.03408e-08 0.001705
17.05 7.70902e-08 9.95468e-08 -4.8801e-08 0.0017025
17.075 8.01808e-08 1.01937e-07 -4.72935e-08 0.00170001
17.1 8.3026e-08 1.04064e-07 -4.58184e-08 0.00169752
17.125 8.56289e-08 1.05935e-07 -4.43754e-08 0.00169504
17.15 8.79934e-08 1.07555e-07 -4.29644e-08 0.00169257
17.175 9.01238e-08 1.08931e-07 -4.15852e-08 0.00169011
17.2 9.20249e-08 1.1007e-07 -4.02376e-08 0.00168765
17.225 9.37021e-08 1.10978e-07 -3.89213e-08 0.0016852
17.25 9.5161e-08 1.11665e-07 -3.76361e-08 0.00168276
17.275 9.64078e-08 1.12138e-07 -3.63818e-08 0.00168032
17.3 9.74488e-08 1.12405e-07 -3.51579e-08 0.0016779
17.325 9.82909e-08 1.12476e-07 -3.39643e-08 0.00167548
17.35 9.89408e-08 1.12358e-07 -3.28004e-08 0.00167306
17.375 9.94058e-08 1.1206e-07 -3.16663e-08 0.00167065
17.4 9.96932e-08 1.11591e-07 -3.05614e-08 0.00166825
17.425 9.98105e-08 1.1096e-07 -2.94854e-08 0.00166586
17.45 9.97652e-08 1.10177e-07 -2.84378e-08 0.00166347
17.475 9.95651e-08 1.0925e-07 -2.74184e-08 0.00166109
17.5 9.92178e-08 1.08188e-07 -2.64267e-08 0.00165872
17.525 9.8731e-08 1.07e-07 -2.54623e-08 0.00165635
17.55 9.81125e-08 1.05695e-07 -2.45249e-08 0.001654
17.575 9.73699e-08 1.04282e-07 -2.3614e-08 0.00165164
17.6 9.65109e-08 1.02769e-07 -2.27293e-08 0.0016493
17.625 9.55429e-08 1.01164e-07 -2.18702e-08 0.00164696
17.65 9.44735e-08 9.94751e-08 -2.10364e-08 0.00164462
17.675 9.33098e-08 9.7711e-08 -2.02273e-08 0.0016423
17.7 9.20591e-08 9.58789e-08 -1.94427e-08 0.00163998
17.725 9.07284e-08 9.39865e-08 -1.86821e-08 0.00163766
17.75 8.93245e-08 9.2041e-08 -1.79449e-08 0.00163536
17.775 8.78541e-08 9.00492e-08 -1.72308e-08 0.00163306
17.8 8.63237e-08 8.80181e-08 -1.65393e-08 0.00163076
17.825 8.47395e-08 8.59539e-08 -1.58699e-08 0.00162848
17.85 8.31077e-08 8.38628e-08 -1.52223e-08 0.0016262
17.875 8.1434e-08 8.17508e-08 -1.45958e-08 0.00162392
17.9 7.97241e-08 7.96235e-08 -1.39902e-08 0.00162165
17.925 7.79834e-08 7.74862e-08 -1.34049e-08 0.00161939
17.95 7.6217e-08 7.53439e-08 -1.28395e-08 0.00161714
17.975 7.443e-08 7.32014e-08 -1.22935e-08 0.00161489
18 7.2627e-08 7.10632e-08 -1.17665e-08 0.00161265
18.025 7.08125e-08 6.89335e-08 -1.1258e-08 0.00161041
18.05 6.89907e-08 6.68159e-08 -1.07676e-08 0.00160818
18.075 6.71656e-08 6.47147e-08 -1.02948e-08 0.00160595
18.1 6.53411e-08 6.26331e-08 -9.83919e-09 0.00160374
18.125 6.35206e-08 6.0574e-08 -9.40029e-09 0.00160152
18.15 6.17076e-08 5.85404e-08 -8.97769e-09 0.00159932
18.175 5.99051e-08 5.6535e-08 -8.57097e-09 0.00159712
18.2 5.8116e-08 5.45601e-08 -8.17966e-09 0.00159492
18.225 5.6343e-08 5.2618e-08 -7.80335e-09 0.00159274
18.25 5.45886e-08 5.07105e-08 -7.44162e-09 0.00159055
18.275 5.28552e-08 4.88395e-08 -7.09403e-09 0.00158838
18.3 5.11446e-08 4.70065e-08 -6.76016e-09 0.00158621
18.325 4.9459e-08 4.52128e-08 -6.43965e-09 0.00158404
18.35 4.78e-08 4.34596e-08 -6.1321e-09 0.00158189
18.375 4.61692e-08 4.17478e-08 -5.83705e-09 0.00157973
18.4 4.4568e-08 4.00781e-08 -5.55415e-09 0.00157759
18.425 4.29975e-08 3.84519e-08 -5.283e-09 0.00157545
18.45 4.14589e-08 3.68688e-08 -5.02322e-09 0.00157331
18.475 3.99531e-08 3.53295e-08 -4.77445e-09 0.00157118
18.5 3.84809e-08 3.38343e-08 -4.53632e-09 0.00156906
18.525 3.7043e-08 3.23833e-08 -4.30847e-09 0.00156694
18.55 3.56399e-08 3.09763e-08 -4.09054e-09 0.00156483
18.575 3.4272e-08 2.96134e-08 -3.88221e-09 0.00156272
18.6 3.29396e-08 2.82941e-08 -3.68309e-09 0.00156062
18.625 3.1643e-08 2.70185e-08 -3.49293e-09 0.00155853
18.65 3.03822e-08 2.5786e-08 -3.31135e-09 0.00155644
18.675 2.91573e-08 2.45961e-08 -3.13805e-09 0.00155436
18.7 2.79683e-08 2.34482e-08 -2.97273e-09 0.00155228
18.725 2.68149e-08 2.23418e-08 -2.81508e-09 0.00155021
18.75 2.56969e-08 2.12762e-08 -2.6648e-09 0.00154814
18.775 2.46142e-08 2.02506e-08 -2.52162e-09 0.00154608
18.8 2.35662e-08 1.92643e-08 -2.38525e-09 0.00154402
18.825 2.25527e-08 1.83164e-08 -2.25543e-09 0.00154197
18.85 2.15732e-08 1.74062e-08 -2.13189e-09 0.00153993
18.875 2.06271e-08 1.65327e-08 -2.01437e-09 0.00153789
18.9 1.9714e-08 1.56951e-08 -1.90264e-09 0.00153585
18.925 1.88332e-08 1.48923e-08 -1.79644e-09 0.00153382
18.95 1.79842e-08 1.41236e-08 -1.69555e-09 0.0015318
18.975 1.71663e-08 1.33879e-08 -1.59974e-09 0.00152978
19 1.63788e-08 1.26842e-08 -1.50879e-09 0.00152777
19.025 1.56212e-08 1.20116e-08 -1.42249e-09 0.00152576
19.05 1.48925e-08 1.13692e-08 -1.34064e-09 0.00152376
19.075 1.41922e-08 1.07559e-08 -1.26303e-09 0.00152176
19.1 1.35196e-08 1.01708e-08 -1.18948e-09 0.00151977
19.125 1.28738e-08 9.6129e-09 -1.1198e-09 0.00151778
19.15 1.22541e-08 9.08128e-09 -1.05381e-09 0.0015158
19.175 1.16599e-08 8.57498e-09 -9.91349e-10 0.00151383
19.2 1.10902e-08 8.09307e-09 -9.32242e-10 0.00151185
19.225 1.05445e-08 7.63463e-09 -8.76332e-10 0.00150989
19.25 1.00219e-08 7.19874e-09 -8.23468e-10 0.00150793
19.275 9.52162e-09 6.78452e-09 -7.735e-10 0.00150597
19.3 9.04304e-09 6.3911e-09 -7.26288e-10 0.00150402
19.325 8.58538e-09 6.01761e-09 -6.81695e-10 0.00150208
19.35 8.14792e-09 5.66321e-09 -6.39591e-10 0.00150013
19.375 7.72994e-09 5.32709e-09 -5.99849e-10 0.0014982
19.4 7.33073e-09 5.00845e-09 -5.62349e-10 0.00149627
19.425 6.94961e-09 4.70651e-09 -5.26976e-10 0.00149434
19.45 6.5859e-09 4.42051e-09 -4.93618e-10 0.00149242
19.475 6.23893e-09 4.14971e-09 -4.6217e-10 0.00149051
19.5 5.90804e-09 3.89339e-09 -4.32529e-10 0.0014886
19.525 5.5926e-09 3.65086e-09 -4.04599e-10 0.00148669
19.55 5.29198e-09 3.42144e-09 -3.78284e-10 0.00148479
19.575 5.00557e-09 3.20447e-09 -3.53497e-10 0.00148289
19.6 4.73279e-09 2.99931e-09 -3.3015e-10 0.001481
19.625 4.47304e-09 2.80535e-09 -3.08162e-10 0.00147911
19.65 4.22576e-09 2.62199e-09 -2.87455e-10 0.00147723
19.675 3.99041e-09 2.44865e-09 -2.67953e-10 0.00147536
19.7 3.76646e-09 2.28476e-09 -2.49583e-10 0.00147348
19.725 3.55338e-09 2.12978e-09 -2.32277e-10 0.00147162
19.75 3.35067e-09 1.98318e-09 -2.15968e-10 0.00146975
19.775 3.15785e-09 1.84444e-09 -2.00592e-10 0.00146789
19.8 2.97444e-09 1.71306e-09 -1.86089e-10 0.00146604
19.825 2.79999e-09 1.58856e-09 -1.72398e-10 0.00146419
19.85 2.63406e-09 1.47046e-09 -1.59464e-10 0.00146235
19.875 2.4762e-09 1.35829e-09 -1.47231e-10 0.00146051
19.9 2.32602e-09 1.25161e-09 -1.35646e-10 0.00145867
19.925 2.18311e-09 1.14997e-09 -1.24659e-10 0.00145684
19.95 2.04707e-09 1.05291e-09 -1.14218e-10 0.00145502
19.975 1.91756e-09 9.60064e-10 -1.0428e-10 0.0014532
20 1.79413e-09 8.70845e-10 -9.47824e-11 0.00145138
