0 4.94974 2.54855 -0.195525 0.090662
0.025 4.94974 2.54855 -0.195525 0.090662
0.05 4.96047 2.56106 -0.196438 0.09066
0.075 4.97831 2.58185 -0.197955 0.090658
0.1 5.00318 2.61085 -0.200074 0.0906579
0.125 5.035 2.64798 -0.202789 0.0906586
0.15 5.07366 2.69312 -0.206093 0.0906581
0.175 5.119 2.74613 -0.209979 0.0906581
0.2 5.17089 2.80685 -0.214437 0.0906566
0.225 5.22912 2.8751 -0.219457 0.0906554
0.25 5.29348 2.95066 -0.225026 0.0906541
0.275 5.36375 3.0333 -0.231131 0.0906519
0.3 5.43967 3.12276 -0.237756 0.0906487
0.325 5.52096 3.21877 -0.244884 0.090645
0.35 5.60732 3.32102 -0.252499 0.0906407
0.375 5.69844 3.42919 -0.260579 0.0906354
0.4 5.79398 3.54295 -0.269106 0.0906285
0.425 5.89358 3.66194 -0.278055 0.0906201
0.45 5.99687 3.78579 -0.287404 0.0906104
0.475 6.10345 3.91406 -0.297127 0.0905992
0.5 6.21294 4.04639 -0.307199 0.090586
0.525 6.32489 4.18234 -0.317591 0.090571
0.55 6.4389 4.32146 -0.328276 0.0905534
0.575 6.5545 4.46332 -0.339222 0.0905336
0.6 6.67123 4.60743 -0.350398 0.0905115
0.625 6.78864 4.75333 -0.361772 0.0904865
0.65 6.90625 4.90053 -0.37331 0.0904584
0.675 7.02359 5.04855 -0.384977 0.0904273
0.7 7.14015 5.19687 -0.396741 0.0903932
0.725 7.25546 5.34499 -0.40856 0.0903556
0.75 7.36901 5.49241 -0.420396 0.0903142
0.775 7.48032 5.63861 -0.432217 0.0902689
0.8 7.58888 5.78308 -0.443979 0.0902197
0.825 7.6942 5.92531 -0.455645 0.0901666
0.85 7.79579 6.06477 -0.467173 0.090109
0.875 7.89316 6.20096 -0.478523 0.0900471
0.9 7.98581 6.33336 -0.489655 0.0899803
0.925 8.0733 6.46149 -0.500526 0.0899089
0.95 8.15515 6.58483 -0.511095 0.0898327
0.975 8.23089 6.70291 -0.521321 0.0897514
1 8.30008 6.81523 -0.531163 0.0896649
1.025 8.36228 6.92135 -0.540579 0.0895733
1.05 8.41709 7.02079 -0.549529 0.0894764
1.075 8.46408 7.11312 -0.557972 0.0893741
1.1 8.50286 7.19791 -0.565868 0.0892662
1.125 8.53309 7.27475 -0.573179 0.0891527
1.15 8.5544 7.34323 -0.579865 0.0890336
1.175 8.56646 7.403 -0.58589 0.088909
1.2 8.56896 7.45368 -0.591216 0.0887786
1.225 8.56161 7.49495 -0.595811 0.0886426
1.25 8.54415 7.52649 -0.599638 0.0885008
1.275 8.51634 7.54801 -0.602667 0.0883533
1.3 8.47796 7.55927 -0.604868 0.0882002
1.325 8.42884 7.55999 -0.606209 0.0880415
1.35 8.36881 7.54998 -0.606666 0.0878771
1.375 8.29773 7.52904 -0.606212 0.0877072
1.4 8.21551 7.49702 -0.604824 0.087532
1.425 8.12208 7.45378 -0.602482 0.0873514
1.45 8.01738 7.39924 -0.599166 0.0871656
1.475 7.90141 7.33331 -0.594861 0.0869746
1.5 7.77418 7.25596 -0.589553 0.0867786
1.525 7.63575 7.16718 -0.58323 0.0865779
1.55 7.48619 7.06699 -0.575884 0.0863725
1.575 7.32561 6.95545 -0.567508 0.0861626
1.6 7.15416 6.83264 -0.5581 0.0859483
1.625 6.97201 6.69869 -0.547657 0.0857299
1.65 6.77936 6.55375 -0.536183 0.0855077
1.675 6.57645 6.39799 -0.523683 0.0852818
1.7 6.36354 6.23163 -0.510163 0.0850524
1.725 6.14094 6.05493 -0.495635 0.0848199
1.75 5.90896 5.86809 -0.480112 0.0845844
1.775 5.66795 5.67154 -0.463608 0.0843463
1.8 5.41831 5.46558 -0.446131 0.0841057
1.825 5.16043 5.2505 -0.427734 0.083863
1.85 4.89472 5.02681 -0.408417 0.0836184
1.875 4.62165 4.79489 -0.388217 0.0833724
1.9 4.34178 4.55518 -0.367149 0.0831251
1.925 4.05554 4.30815 -0.345258 0.082877
1.95 3.76346 4.05431 -0.322575 0.0826281
1.975 3.4661 3.79417 -0.299136 0.082379
2 3.16401 3.52828 -0.274978 0.0821299
2.025 2.85778 3.2572 -0.250143 0.0818812
2.05 2.54799 2.9815 -0.224674 0.0816331
2.075 2.23522 2.70179 -0.198614 0.081386
2.1 1.92026 2.41867 -0.17201 0.0811403
2.125 1.6035 2.13277 -0.144909 0.0808962
2.15 1.28567 1.84471 -0.117359 0.080654
2.175 0.967413 1.55515 -0.0894112 0.080414
2.2 0.64937 1.26472 -0.0611169 0.0801767
2.225 0.332187 0.974027 -0.0325227 0.0799423
2.25 0.0165069 0.683816 -0.00369121 0.079711
2.275 -0.297029 0.394705 0.0253293 0.0794833
2.3 -0.607784 0.107341 0.0544829 0.0792592
2.325 -0.915129 -0.177632 0.0837233 0.0790392
2.35 -1.21844 -0.459572 0.112971 0.0788234
2.375 -1.51717 -0.737848 0.142206 0.0786122
2.4 -1.81061 -1.01189 0.17136 0.0784058
2.425 -2.09823 -1.28084 0.200379 0.0782043
2.45 -2.37946 -1.54447 0.22921 0.0780081
2.475 -2.65377 -1.80205 0.257802 0.0778173
2.5 -2.92061 -2.05302 0.286103 0.077632
2.525 -3.1795 -2.29685 0.314063 0.0774525
2.55 -3.42994 -2.53303 0.341632 0.0772789
2.575 -3.67149 -2.76107 0.368764 0.0771113
2.6 -3.9037 -2.98053 0.395411 0.0769498
2.625 -4.12619 -3.19096 0.42153 0.0767946
2.65 -4.33858 -3.39197 0.447076 0.0766457
2.675 -4.54052 -3.58319 0.472009 0.0765031
2.7 -4.73173 -3.76429 0.496288 0.076367
2.725 -4.9119 -3.93495 0.519878 0.0762373
2.75 -5.08079 -4.09491 0.542741 0.0761139
2.775 -5.2382 -4.24393 0.564845 0.075997
2.8 -5.38394 -4.38184 0.586163 0.0758864
2.825 -5.51783 -4.50843 0.606657 0.0757821
2.85 -5.63984 -4.62358 0.626306 0.075684
2.875 -5.74986 -4.72721 0.645084 0.075592
2.9 -5.84785 -4.81926 0.66297 0.075506
2.925 -5.9338 -4.89971 0.679945 0.0754259
2.95 -6.00774 -4.96858 0.69599 0.0753514
2.975 -6.06972 -5.02592 0.711093 0.0752825
3 -6.11985 -5.07182 0.725239 0.0752189
3.025 -6.15824 -5.10639 0.738419 0.0751604
3.05 -6.18506 -5.12978 0.750627 0.0751069
3.075 -6.20048 -5.14219 0.761855 0.075058
3.1 -6.20472 -5.14382 0.772102 0.0750135
3.125 -6.19804 -5.13487 0.781367 0.0749731
3.15 -6.18068 -5.11572 0.789652 0.0749367
3.175 -6.15296 -5.08661 0.79696 0.0749038
3.2 -6.11518 -5.04786 0.803297 0.0748742
3.225 -6.06768 -4.99982 0.80867 0.0748476
3.25 -6.01084 -4.94287 0.813091 0.0748237
3.275 -5.94501 -4.87738 0.816571 0.0748022
3.3 -5.87061 -4.80377 0.819122 0.0747826
3.325 -5.78803 -4.72245 0.820761 0.0747648
3.35 -5.69771 -4.63375 0.821501 0.0747483
3.375 -5.60008 -4.53834 0.821368 0.0747329
3.4 -5.49559 -4.43658 0.820377 0.0747181
3.425 -5.38468 -4.32891 0.818551 0.0747037
3.45 -5.26782 -4.21582 0.815912 0.0746893
3.475 -5.14548 -4.09777 0.812483 0.0746746
3.5 -5.01811 -3.97529 0.80829 0.0746593
3.525 -4.88619 -3.84878 0.803359 0.074643
3.55 -4.75019 -3.71875 0.797716 0.0746254
3.575 -4.61056 -3.58568 0.791389 0.0746062
3.6 -4.46777 -3.45003 0.784406 0.0745851
3.625 -4.32228 -3.31226 0.776796 0.0745618
3.65 -4.17452 -3.17282 0.768588 0.074536
3.675 -4.02495 -3.03216 0.759813 0.0745074
3.7 -3.87393 -2.89071 0.7505 0.0744758
3.725 -3.722 -2.74889 0.74068 0.0744409
3.75 -3.56951 -2.60709 0.730383 0.0744025
3.775 -3.41684 -2.46571 0.719641 0.0743603
3.8 -3.26439 -2.32513 0.708483 0.0743141
3.825 -3.11251 -2.18569 0.69694 0.0742637
3.85 -2.96155 -2.04774 0.685043 0.074209
3.875 -2.81182 -1.9116 0.672821 0.0741497
3.9 -2.6637 -1.77757 0.660305 0.0740857
3.925 -2.51746 -1.64593 0.647511 0.0740168
3.95 -2.3733 -1.51694 0.634509 0.073943
3.975 -2.23158 -1.39084 0.621285 0.0738641
4 -2.09251 -1.26787 0.607881 0.07378
4.025 -1.95632 -1.14821 0.594326 0.0736906
4.05 -1.82321 -1.03205 0.580645 0.0735958
4.075 -1.69337 -0.919552 0.566865 0.0734957
4.1 -1.56696 -0.810862 0.553012 0.0733926
4.125 -1.44415 -0.706085 0.539109 0.073279
4.15 -1.32505 -0.60534 0.525181 0.0731625
4.175 -1.20979 -0.508706 0.511251 0.0730404
4.2 -1.09846 -0.41625 0.497341 0.072913
4.225 -0.991138 -0.328049 0.483472 0.07278
4.25 -0.887889 -0.244074 0.469665 0.0726417
4.275 -0.78877 -0.16436 0.455938 0.072498
4.3 -0.693807 -0.0889216 0.442311 0.0723491
4.325 -0.603019 -0.017744 0.428801 0.072195
4.35 -0.516424 0.0492077 0.415413 0.0720357
4.375 -0.433983 0.111962 0.402187 0.0718714
4.4 -0.355692 0.170604 0.389123 0.0717022
4.425 -0.281516 0.225183 0.376238 0.0715281
4.45 -0.21141 0.275775 0.363544 0.0713494
4.475 -0.145321 0.322468 0.351053 0.0711661
4.5 -0.0831835 0.365356 0.338775 0.0709784
4.525 -0.0249246 0.404541 0.326721 0.0707864
4.55 0.0295368 0.440135 0.314899 0.0705902
4.575 0.0802892 0.472253 0.303319 0.07039
4.6 0.127428 0.501016 0.291986 0.070186
4.625 0.171053 0.52655 0.280908 0.0699782
4.65 0.21127 0.548986 0.270091 0.0697669
4.675 0.248191 0.568448 0.259538 0.0695522
4.7 0.281929 0.585108 0.249255 0.0693343
4.725 0.312597 0.599052 0.239244 0.0691134
4.75 0.340325 0.610438 0.229507 0.0688895
4.775 0.365224 0.619404 0.220048 0.068663
4.8 0.387421 0.626088 0.210867 0.0684338
4.825 0.407038 0.630626 0.201963 0.0682022
4.85 0.424199 0.633152 0.193337 0.0679684
4.875 0.439029 0.633801 0.184988 0.0677316
4.9 0.451648 0.632703 0.176915 0.0674946
4.925 0.462177 0.629978 0.169116 0.067255
4.95 0.470737 0.625766 0.161588 0.0670137
4.975 0.477446 0.620182 0.154328 0.066771
5 0.48242 0.613343 0.147334 0.0665269
5.025 0.485771 0.605364 0.140601 0.0662816
5.05 0.48761 0.596354 0.134126 0.0660352
5.075 0.488044 0.586419 0.127903 0.065788
5.1 0.487178 0.57566 0.121928 0.0655399
5.125 0.485113 0.564173 0.116196 0.0652912
5.15 0.481945 0.552052 0.110701 0.0650419
5.175 0.477769 0.539382 0.105438 0.0647922
5.2 0.472675 0.526246 0.100402 0.0645421
5.225 0.466749 0.512723 0.0955855 0.0642919
5.25 0.460073 0.498886 0.0909833 0.0640416
5.275 0.452726 0.484803 0.086589 0.0637912
5.3 0.444782 0.470538 0.0823963 0.063541
5.325 0.436312 0.456152 0.0783989 0.0632909
5.35 0.427384 0.441698 0.0745902 0.0630411
5.375 0.41806 0.427242 0.0709638 0.0627917
5.4 0.408399 0.412803 0.0675134 0.0625427
5.425 0.398458 0.398439 0.0642324 0.0622942
5.45 0.388288 0.384187 0.0611145 0.0620463
5.475 0.377938 0.370071 0.0581532 0.061799
5.5 0.367454 0.356148 0.0553424 0.0615525
5.525 0.356877 0.342433 0.0526757 0.0613067
5.55 0.346246 0.328952 0.0501472 0.0610617
5.575 0.335596 0.315726 0.0477506 0.0608175
5.6 0.324961 0.302776 0.0454803 0.0605744
5.625 0.314371 0.290117 0.0433303 0.0603321
5.65 0.303852 0.277764 0.0412952 0.0600909
5.675 0.293429 0.265729 0.0393693 0.0598507
5.7 0.283125 0.25402 0.0375473 0.0596116
5.725 0.27296 0.242646 0.0358241 0.0593736
5.75 0.26295 0.231613 0.0341947 0.0591367
5.775 0.253113 0.220923 0.0326542 0.0589011
5.8 0.243461 0.21058 0.0311978 0.0586666
5.825 0.234007 0.200584 0.0298211 0.0584333
5.85 0.224761 0.190935 0.0285198 0.0582013
5.875 0.215732 0.181632 0.0272895 0.0579705
5.9 0.206927 0.172671 0.0261265 0.057741
5.925 0.198349 0.164049 0.0250266 0.0575128
5.95 0.190008 0.155761 0.0239864 0.0572858
5.975 0.181905 0.147803 0.0230023 0.0570602
6 0.174043 0.140168 0.022071 0.0568359
6.025 0.166422 0.13285 0.0211892 0.056613
6.05 0.159044 0.125843 0.0203539 0.0563914
6.075 0.151907 0.119138 0.0195623 0.0561711
6.1 0.145012 0.112729 0.0188116 0.0559522
6.125 0.138356 0.106607 0.0180993 0.0557346
6.15 0.131938 0.100764 0.0174229 0.0555184
6.175 0.125754 0.0951918 0.0167801 0.0553035
6.2 0.119801 0.0898825 0.0161688 0.05509
6.225 0.114075 0.0848273 0.0155868 0.0548779
6.25 0.108573 0.0800178 0.0150323 0.0546671
6.275 0.10329 0.0754454 0.0145035 0.0544577
6.3 0.0982208 0.0711018 0.0139986 0.0542496
6.325 0.0933614 0.0669784 0.0135161 0.0540428
6.35 0.0887064 0.063067 0.0130546 0.0538374
6.375 0.0842504 0.0593593 0.0126126 0.0536334
6.4 0.0799882 0.0558473 0.0121888 0.0534307
6.425 0.0759141 0.0525229 0.0117821 0.0532293
6.45 0.0720225 0.0493784 0.0113913 0.0530292
6.475 0.0683079 0.0464061 0.0110154 0.0528305
6.5 0.0647645 0.0435984 0.0106534 0.052633
6.525 0.0613866 0.0409481 0.0103045 0.0524369
6.55 0.0581685 0.038448 0.0099679 0.0522421
6.575 0.0551045 0.0360912 0.00964274 0.0520486
6.6 0.052189 0.0338708 0.00932839 0.0518563
6.625 0.0494164 0.0317804 0.0090242 0.0516653
6.65 0.0467812 0.0298135 0.00872959 0.0514756
6.675 0.0442779 0.027964 0.00844404 0.0512872
6.7 0.0419011 0.0262258 0.00816705 0.0511
6.725 0.0396456 0.0245932 0.00789819 0.0509141
6.75 0.0375062 0.0230607 0.00763706 0.0507294
6.775 0.035478 0.0216228 0.00738328 0.0505459
6.8 0.0335558 0.0202743 0.00713653 0.0503637
6.825 0.0317347 0.0190104 0.00689652 0.0501826
6.85 0.0300103 0.0178261 0.00666298 0.0500028
6.875 0.028378 0.016717 0.00643566 0.0498242
6.9 0.0268332 0.0156786 0.00621436 0.0496467
6.925 0.0253718 0.0147067 0.00599887 0.0494704
6.95 0.0239895 0.0137972 0.00578904 0.0492953
6.975 0.0226826 0.0129465 0.0055847 0.0491214
7 0.021447 0.0121508 0.00538572 0.0489486
7.025 0.0202791 0.0114066 0.00519198 0.0487769
7.05 0.0191753 0.0107108 0.00500337 0.0486064
7.075 0.0181324 0.0100601 0.00481978 0.048437
7.1 0.0171468 0.00945158 0.00464114 0.0482687
7.125 0.0162155 0.0088825 0.00446737 0.0481016
7.15 0.0153356 0.00835022 0.00429839 0.0479355
7.175 0.0145042 0.00785226 0.00413413 0.0477705
7.2 0.0137187 0.0073863 0.00397455 0.0476066
7.225 0.0129763 0.00695016 0.00381957 0.0474438
7.25 0.0122748 0.00654179 0.00366915 0.047282
7.275 0.0116118 0.00615929 0.00352324 0.0471213
7.3 0.0109851 0.00580088 0.00338178 0.0469617
7.325 0.0103926 0.00546486 0.00324472 0.0468031
7.35 0.00983237 0.00514973 0.00311201 0.0466455
7.375 0.00930256 0.00485402 0.0029836 0.0464889
7.4 0.00880142 0.0045764 0.00285944 0.0463333
7.425 0.00832731 0.00431561 0.00273947 0.0461788
7.45 0.00787865 0.00407053 0.00262363 0.0460253
7.475 0.00745399 0.00384005 0.00251187 0.0458727
7.5 0.00705195 0.0036232 0.00240413 0.0457211
7.525 0.00667124 0.00341905 0.00230033 0.0455705
7.55 0.00631063 0.00322676 0.00220042 0.0454209
7.575 0.00596897 0.00304554 0.00210433 0.0452722
7.6 0.00564519 0.00287463 0.00201197 0.0451244
7.625 0.00533825 0.00271339 0.00192328 0.0449776
7.65 0.00504721 0.00256115 0.00183818 0.0448318
7.675 0.00477115 0.00241735 0.00175659 0.0446868
7.7 0.00450923 0.00228141 0.00167842 0.0445428
7.725 0.00426064 0.00215284 0.00160359 0.0443997
7.75 0.00402462 0.00203114 0.00153202 0.0442575
7.775 0.00380046 0.00191587 0.00146361 0.0441161
7.8 0.00358748 0.00180664 0.00139828 0.0439757
7.825 0.00338504 0.00170297 0.00133593 0.0438362
7.85 0.00319254 0.00160452 0.00127648 0.0436975
7.875 0.00300941 0.00151095 0.00121982 0.0435597
7.9 0.00283511 0.00142191 0.00116587 0.0434227
7.925 0.00266913 0.0013371 0.00111453 0.0432866
7.95 0.002511 0.00125621 0.00106572 0.0431513
7.975 0.00236026 0.00117896 0.00101933 0.0430169
8 0.00221649 0.00110509 0.000975271 0.0428833
8.025 0.00207929 0.00103436 0.000933458 0.0427505
8.05 0.00194825 0.000966538 0.000893797 0.0426185
8.075 0.00182307 0.000901376 0.000856198 0.0424873
8.1 0.00170339 0.000838731 0.000820574 0.0423569
8.125 0.00158892 0.000778394 0.000786836 0.0422273
8.15 0.00147935 0.000720198 0.000754901 0.0420985
8.175 0.00137444 0.000663983 0.000724686 0.0419705
8.2 0.00127393 0.000609631 0.000696107 0.0418433
8.225 0.00117761 0.000557013 0.000669086 0.0417168
8.25 0.00108526 0.000506024 0.000643546 0.0415911
8.275 0.000996703 0.000456574 0.000619411 0.0414661
8.3 0.000911763 0.000408593 0.000596607 0.0413419
8.325 0.000830291 0.000362018 0.000575065 0.0412184
8.35 0.000752151 0.000316803 0.000554713 0.0410956
8.375 0.00067722 0.000272915 0.000535487 0.0409736
8.4 0.000605393 0.000230336 0.000517322 0.0408523
8.425 0.000536575 0.000189056 0.000500156 0.0407317
8.45 0.000470685 0.000149077 0.000483927 0.0406118
8.475 0.000407652 0.000110412 0.00046858 0.0404926
8.5 0.000347415 7.30811e-05 0.000454058 0.0403741
8.525 0.000289923 3.71276e-05 0.000440307 0.0402563
8.55 0.000235131 2.5528e-06 0.000427277 0.0401392
8.575 0.000183001 -3.0592e-05 0.000414918 0.0400227
8.6 0.000133495 -6.22584e-05 0.000403183 0.039907
8.625 8.66053e-05 -9.24059e-05 0.000392028 0.0397919
8.65 4.22786e-05 -0.00012099 0.000381409 0.0396774
8.675 5.01447e-07 -0.000147967 0.000371285 0.0395637
8.7 -3.8761e-05 -0.000173295 0.000361617 0.0394505
8.725 -7.55109e-05 -0.000196937 0.000352368 0.039338
8.75 -0.000109785 -0.000218857 0.000343503 0.0392262
8.775 -0.000141613 -0.000239027 0.000334988 0.039115
8.8 -0.000171024 -0.00025743 0.000326792 0.0390044
8.825 -0.000198053 -0.000274039 0.000318886 0.0388944
8.85 -0.000222741 -0.000288855 0.000311242 0.0387851
8.875 -0.000245129 -0.00030188 0.000303834 0.0386763
8.9 -0.000265269 -0.000313122 0.000296638 0.0385682
8.925 -0.000283214 -0.000322602 0.000289632 0.0384607
8.95 -0.000299026 -0.000330345 0.000282794 0.0383538
8.975 -0.000312769 -0.000336393 0.000276107 0.0382474
9 -0.000324515 -0.000340793 0.000269553 0.0381417
9.025 -0.00033434 -0.000343603 0.000263115 0.0380365
9.05 -0.000342325 -0.000344886 0.000256781 0.037932
9.075 -0.000348555 -0.000344717 0.000250538 0.0378279
9.1 -0.000353123 -0.000343179 0.000244375 0.0377245
9.125 -0.000356122 -0.000340351 0.000238282 0.0376216
9.15 -0.00035765 -0.000336329 0.000232252 0.0375193
9.175 -0.000357802 -0.00033121 0.000226278 0.0374176
9.2 -0.000356682 -0.000325093 0.000220353 0.0373164
9.225 -0.00035439 -0.000318083 0.000214474 0.0372157
9.25 -0.000351029 -0.000310281 0.00020864 0.0371156
9.275 -0.000346699 -0.000301796 0.000202847 0.037016
9.3 -0.000341503 -0.000292729 0.000197093 0.036917
9.325 -0.000335537 -0.000283183 0.00019138 0.0368184
9.35 -0.000328887 -0.000273255 0.000185708 0.0367205
9.375 -0.00032165 -0.000263042 0.000180078 0.036623
9.4 -0.000313906 -0.000252634 0.000174493 0.036526
9.425 -0.000305749 -0.000242114 0.000168955 0.0364296
9.45 -0.00029725 -0.000231561 0.000163468 0.0363337
9.475 -0.000288477 -0.000221046 0.000158036 0.0362382
9.5 -0.000279498 -0.000210633 0.000152662 0.0361433
9.525 -0.000270369 -0.000200376 0.000147351 0.0360489
9.55 -0.000261142 -0.000190322 0.000142107 0.0359549
9.575 -0.000251861 -0.000180511 0.000136934 0.0358615
9.6 -0.000242566 -0.000170971 0.000131838 0.0357685
9.625 -0.000233288 -0.000161726 0.000126823 0.035676
9.65 -0.000224052 -0.000152793 0.000121892 0.035584
9.675 -0.000214877 -0.000144159 0.000117051 0.0354925
9.7 -0.000205777 -0.000135843 0.000112302 0.0354014
9.725 -0.000196759 -0.000127825 0.00010765 0.0353109
9.75 -0.000187825 -0.000120092 0.000103098 0.0352207
9.775 -0.000178975 -0.000112622 9.86497e-05 0.0351311
9.8 -0.000170201 -0.000105387 9.43068e-05 0.0350418
9.825 -0.000161496 -9.83578e-05 9.0072e-05 0.0349531
9.85 -0.000152846 -9.15002e-05 8.59472e-05 0.0348648
9.875 -0.000144239 -8.47774e-05 8.19339e-05 0.0347769
9.9 -0.000135657 -7.81509e-05 7.80332e-05 0.0346895
9.925 -0.000127084 -7.15823e-05 7.42459e-05 0.0346025
9.95 -0.000118504 -6.5033e-05 7.05723e-05 0.034516
9.975 -0.0001099 -5.84656e-05 6.70123e-05 0.0344299
10 -0.000101255 -5.18433e-05 6.35658e-05 0.0343442
10.025 -9.25575e-05 -4.51353e-05 6.02319e-05 0.0342589
10.05 -8.37945e-05 -3.83114e-05 5.70097e-05 0.0341741
10.075 -7.4956e-05 -3.13479e-05 5.3898e-05 0.0340897
10.1 -6.60353e-05 -2.42213e-05 5.08954e-05 0.0340057
10.125 -5.70284e-05 -1.69172e-05 4.80002e-05 0.0339221
10.15 -4.7936e-05 -9.42506e-06 4.52105e-05 0.033839
10.175 -3.87634e-05 -1.7396e-06 4.25245e-05 0.0337562
10.2 -2.95104e-05 6.1355e-06 3.99401e-05 0.0336738
10.225 -2.01896e-05 1.41971e-05 3.74551e-05 0.0335919
10.25 -1.08182e-05 2.24304e-05 3.50674e-05 0.0335103
10.275 -1.41288e-06 3.08168e-05 3.27749e-05 0.0334292
10.3 8.00602e-06 3.93321e-05 3.05754e-05 0.0333484
10.325 1.74138e-05 4.7951e-05 2.84668e-05 0.033268
10.35 2.67833e-05 5.66315e-05 2.6447e-05 0.0331881
10.375 3.60846e-05 6.5339e-05 2.45141e-05 0.0331085
10.4 4.5286e-05 7.40314e-05 2.2666e-05 0.0330292
10.425 5.43539e-05 8.26636e-05 2.09012e-05 0.0329504
10.45 6.32529e-05 9.1188e-05 1.9218e-05 0.032872
10.475 7.19479e-05 9.95554e-05 1.76144e-05 0.0327939
10.5 8.04027e-05 0.000107715 1.6089e-05 0.0327162
10.525 8.85817e-05 0.000115618 1.46406e-05 0.0326388
10.55 9.64502e-05 0.000123213 1.32678e-05 0.0325618
10.575 0.000103974 0.000130452 1.19692e-05 0.0324852
10.6 0.000111123 0.000137288 1.07438e-05 0.032409
10.625 0.000117866 0.000143679 9.59038e-06 0.0323331
10.65 0.000124178 0.000149584 8.50786e-06 0.0322575
10.675 0.000130033 0.000154967 7.49512e-06 0.0321823
10.7 0.000135414 0.000159796 6.55107e-06 0.0321075
10.725 0.000140304 0.000164048 5.67457e-06 0.032033
10.75 0.000144691 0.0001677 4.86445e-06 0.0319589
10.775 0.000148568 0.000170739 4.11945e-06 0.0318851
10.8 0.000151932 0.000173154 3.43824e-06 0.0318116
10.825 0.000154784 0.000174952 2.81937e-06 0.0317385
10.85 0.000157132 0.000176127 2.2613e-06 0.0316657
10.875 0.000158987 0.000176694 1.76232e-06 0.0315933
10.9 0.000160367 0.000176672 1.32059e-06 0.0315212
10.925 0.000161288 0.000176086 9.34052e-07 0.0314494
10.95 0.000161778 0.000174967 6.0068e-07 0.0313779
10.975 0.000161864 0.000173349 3.1801e-07 0.0313068
11 0.00016158 0.000171269 8.36234e-08 0.031236
11.025 0.000160961 0.000168784 -1.05211e-07 0.0311655
11.05 0.000160046 0.000165938 -2.51317e-07 0.0310953
11.075 0.000158876 0.000162785 -3.57765e-07 0.0310254
11.1 0.000157494 0.000159383 -4.27536e-07 0.0309559
11.125 0.000155945 0.000155792 -4.63953e-07 0.0308867
11.15 0.000154274 0.000152071 -4.70279e-07 0.0308177
11.175 0.000152528 0.000148284 -4.50182e-07 0.0307491
11.2 0.000150753 0.000144491 -4.07103e-07 0.0306808
11.225 0.000148994 0.000140754 -3.4462e-07 0.0306128
11.25 0.000147295 0.000137132 -2.66337e-07 0.0305451
11.275 0.000145699 0.000133684 -1.75842e-07 0.0304777
11.3 0.000144246 0.000130464 -7.67147e-08 0.0304106
11.325 0.000142974 0.000127523 2.75518e-08 0.0303438
11.35 0.000141917 0.000124909 1.33546e-07 0.0302773
11.375 0.000141107 0.000122664 2.3798e-07 0.0302111
11.4 0.000140571 0.000120825 3.37701e-07 0.0301452
11.425 0.000140332 0.000119425 4.29735e-07 0.0300795
11.45 0.000140409 0.00011849 5.1131e-07 0.0300142
11.475 0.000140816 0.000118037 5.79873e-07 0.0299491
11.5 0.000141564 0.000118083 6.33115e-07 0.0298843
11.525 0.000142658 0.000118633 6.68989e-07 0.0298198
11.55 0.000144095 0.000119693 6.85721e-07 0.0297556
11.575 0.000145873 0.000121241 6.81859e-07 0.0296916
11.6 0.000147982 0.000123277 6.56194e-07 0.0296279
11.625 0.000150409 0.00012578 6.07897e-07 0.0295645
11.65 0.000153136 0.000128723 5.36415e-07 0.0295014
11.675 0.000156139 0.000132078 4.41521e-07 0.0294386
11.7 0.00015939 0.000135807 3.23199e-07 0.029376
11.725 0.000162865 0.000139871 1.82119e-07 0.0293136
11.75 0.00016653 0.000144224 1.87029e-08 0.0292516
11.775 0.000170349 0.000148819 -1.65998e-07 0.0291898
11.8 0.000174286 0.000153605 -3.70701e-07 0.0291283
11.825 0.000178301 0.000158526 -5.93998e-07 0.029067
11.85 0.000182356 0.000163529 -8.34133e-07 0.029006
11.875 0.000186409 0.000168557 -1.08918e-06 0.0289452
11.9 0.000190419 0.000173552 -1.35705e-06 0.0288847
11.925 0.000194347 0.000178459 -1.6356e-06 0.0288244
11.95 0.000198151 0.000183222 -1.92223e-06 0.0287644
11.975 0.000201794 0.000187788 -2.21445e-06 0.0287047
12 0.000205238 0.000192104 -2.51e-06 0.0286452
12.025 0.000208451 0.000196123 -2.80621e-06 0.0285859
12.05 0.000211399 0.0001998 -3.10051e-06 0.0285269
12.075 0.000214054 0.000203093 -3.39041e-06 0.0284682
12.1 0.000216389 0.000205966 -3.67345e-06 0.0284096
12.125 0.000218383 0.000208388 -3.94727e-06 0.0283514
12.15 0.000220017 0.000210331 -4.20969e-06 0.0282933
12.175 0.000221276 0.000211777 -4.45852e-06 0.0282355
12.2 0.000222152 0.000212706 -4.69191e-06 0.0281779
12.225 0.000222637 0.000213114 -4.90814e-06 0.0281206
12.25 0.000222731 0.000212997 -5.10569e-06 0.0280635
12.275 0.000222437 0.000212355 -5.2833e-06 0.0280066
12.3 0.000221762 0.0002112 -5.43994e-06 0.02795
12.325 0.000220717 0.000209544 -5.57484e-06 0.0278936
12.35 0.000219318 0.000207408 -5.68743e-06 0.0278374
12.375 0.000217584 0.000204814 -5.77756e-06 0.0277814
12.4 0.00021554 0.0002018 -5.84522e-06 0.0277257
12.425 0.000213209 0.000198397 -5.89068e-06 0.0276702
12.45 0.000210626 0.000194645 -5.91448e-06 0.0276149
12.475 0.00020782 0.000190586 -5.91743e-06 0.0275599
12.5 0.000204828 0.000186269 -5.90056e-06 0.027505
12.525 0.000201684 0.000181742 -5.86513e-06 0.0274504
12.55 0.000198429 0.000177057 -5.81257e-06 0.027396
12.575 0.000195101 0.000172267 -5.74463e-06 0.0273418
12.6 0.000191742 0.000167427 -5.6631e-06 0.0272878
12.625 0.000188391 0.000162591 -5.56995e-06 0.0272341
12.65 0.000185088 0.000157813 -5.46727e-06 0.0271805
12.675 0.000181875 0.000153147 -5.35725e-06 0.0271272
12.7 0.00017879 0.000148647 -5.24214e-06 0.027074
12.725 0.00017587 0.000144361 -5.12424e-06 0.0270211
12.75 0.000173151 0.000140339 -5.00583e-06 0.0269684
12.775 0.000170666 0.000136624 -4.88921e-06 0.0269159
12.8 0.000168445 0.000133259 -4.77662e-06 0.0268636
12.825 0.000166516 0.000130281 -4.67021e-06 0.0268115
12.85 0.000164904 0.000127723 -4.57204e-06 0.0267596
12.875 0.00016363 0.000125614 -4.48406e-06 0.0267079
12.9 0.000162711 0.000123977 -4.40805e-06 0.0266564
12.925 0.00016216 0.000122832 -4.34563e-06 0.0266051
12.95 0.000161988 0.000122193 -4.29822e-06 0.026554
12.975 0.0001622 0.000122064 -4.26703e-06 0.0265031
13 0.000162798 0.000122451 -4.25309e-06 0.0264524
13.025 0.000163778 0.000123348 -4.25709e-06 0.0264019
13.05 0.000165136 0.000124748 -4.27955e-06 0.0263516
13.075 0.000166858 0.000126636 -4.32072e-06 0.0263015
13.1 0.000168932 0.000128993 -4.38057e-06 0.0262515
13.125 0.000171339 0.000131795 -4.45885e-06 0.0262018
13.15 0.000174057 0.000135013 -4.555e-06 0.0261522
13.175 0.000177062 0.000138613 -4.66822e-06 0.0261029
13.2 0.000180325 0.000142557 -4.79745e-06 0.0260537
13.225 0.000183817 0.000146806 -4.94141e-06 0.0260047
13.25 0.000187505 0.000151318 -5.09856e-06 0.0259559
13.275 0.000191353 0.000156034 -5.26716e-06 0.0259072
13.3 0.000195327 0.000160917 -5.44527e-06 0.0258588
13.325 0.000199389 0.000165911 -5.63076e-06 0.0258105
13.35 0.000203499 0.000170965 -5.82134e-06 0.0257625
13.375 0.000207615 0.000176026 -6.01461e-06 0.0257146
13.4 0.000211706 0.00018104 -6.20797e-06 0.0256668
13.425 0.00021573 0.000185955 -6.39887e-06 0.0256193
13.45 0.000219648 0.000190719 -6.58459e-06 0.0255719
13.475 0.000223427 0.00019528 -6.7624e-06 0.0255247
13.5 0.00022703 0.000199592 -6.92959e-06 0.0254777
13.525 0.000230426 0.000203608 -7.08344e-06 0.0254308
13.55 0.000233584 0.000207284 -7.22129e-06 0.0253842
13.575 0.000236476 0.000210582 -7.34053e-06 0.0253377
13.6 0.000239078 0.000213465 -7.43875e-06 0.0252913
13.625 0.000241368 0.000215902 -7.51356e-06 0.0252452
13.65 0.00024333 0.000217865 -7.56278e-06 0.0251992
13.675 0.000244949 0.000219332 -7.58435e-06 0.0251533
13.7 0.000246216 0.000220286 -7.57646e-06 0.0251077
13.725 0.000247123 0.000220714 -7.53755e-06 0.0250622
13.75 0.000247671 0.00022061 -7.46626e-06 0.0250169
13.775 0.000247862 0.000219972 -7.36148e-06 0.0249717
13.8 0.000247702 0.000218804 -7.22238e-06 0.0249267
13.825 0.000247205 0.00021712 -7.04844e-06 0.0248818
13.85 0.000246385 0.00021493 -6.83947e-06 0.0248372
13.875 0.000245263 0.000212257 -6.5954e-06 0.0247927
13.9 0.000243865 0.000209127 -6.31667e-06 0.0247483
13.925 0.000242217 0.000205573 -6.00394e-06 0.0247041
13.95 0.000240352 0.000201631 -5.65821e-06 0.02466
13.975 0.000238308 0.000197343 -5.28077e-06 0.0246162
14 0.000236123 0.000192753 -4.87317e-06 0.0245724
14.025 0.00023384 0.000187913 -4.43742e-06 0.0245289
14.05 0.000231506 0.000182877 -3.97566e-06 0.0244854
14.075 0.000229169 0.000177702 -3.49035e-06 0.0244422
14.1 0.000226879 0.000172448 -2.9842e-06 0.0243991
14.125 0.000224691 0.000167178 -2.46019e-06 0.0243561
14.15 0.000222658 0.000161958 -1.92159e-06 0.0243133
14.175 0.000220836 0.000156855 -1.37166e-06 0.0242706
14.2 0.00021928 0.000151937 -8.14075e-07 0.0242281
14.225 0.000218051 0.000147272 -2.52588e-07 0.0241858
14.25 0.000217203 0.000142931 3.08897e-07 0.0241436
14.275 0.000216793 0.000138983 8.66334e-07 0.0241015
14.3 0.000216882 0.000135496 1.41567e-06 0.0240596
14.325 0.000217519 0.000132538 1.9527e-06 0.0240178
14.35 0.000218761 0.000130174 2.47321e-06 0.0239762
14.375 0.000220658 0.000128468 2.97297e-06 0.0239347
14.4 0.000223261 0.000127481 3.44776e-06 0.0238934
14.425 0.000226618 0.000127273 3.89341e-06 0.0238522
14.45 0.000230772 0.000127898 4.30582e-06 0.0238111
14.475 0.000235765 0.000129408 4.68098e-06 0.0237702
14.5 0.000241634 0.00013185 5.01497e-06 0.0237294
14.525 0.000248416 0.000135267 5.30417e-06 0.0236888
14.55 0.000256137 0.000139698 5.54473e-06 0.0236483
14.575 0.000264828 0.000145177 5.73319e-06 0.023608
14.6 0.000274508 0.000151735 5.86679e-06 0.0235678
14.625 0.000285195 0.000159394 5.94231e-06 0.0235277
14.65 0.000296903 0.000168173 5.95706e-06 0.0234878
14.675 0.000309639 0.000178085 5.90851e-06 0.023448
14.7 0.000323407 0.000189139 5.79448e-06 0.0234083
14.725 0.000338207 0.000201335 5.61308e-06 0.0233688
14.75 0.000354031 0.000214672 5.36258e-06 0.0233294
14.775 0.000370869 0.000229139 5.0419e-06 0.0232901
14.8 0.000388706 0.000244721 4.64991e-06 0.0232509
14.825 0.000407521 0.0002614 4.18595e-06 0.0232119
14.85 0.000427289 0.00027915 3.64969e-06 0.0231731
14.875 0.000447981 0.000297941 3.04117e-06 0.0231343
14.9 0.000469564 0.000317737 2.36052e-06 0.0230957
14.925 0.000491999 0.000338498 1.60843e-06 0.0230572
14.95 0.000515245 0.000360179 7.85821e-07 0.0230189
14.975 0.000539256 0.000382733 -1.06066e-07 0.0229807
15 0.000563983 0.000406105 -1.06571e-06 0.0229425
15.025 0.000589374 0.000430241 -2.09132e-06 0.0229046
15.05 0.000615371 0.000455095 -3.18071e-06 0.0228667
15.075 0.000641918 0.00048057 -4.33176e-06 0.022829
15.1 0.000668954 0.000506618 -5.54142e-06 0.0227914
15.125 0.000696415 0.000533171 -6.80636e-06 0.0227539
15.15 0.000724236 0.000560156 -8.12474e-06 0.0227166
15.175 0.00075235 0.000587502 -9.49263e-06 0.0226793
15.2 0.000780689 0.000615112 -1.09065e-05 0.0226422
15.225 0.000809183 0.000642956 -1.23627e-05 0.0226052
15.25 0.000837775 0.000670935 -1.38573e-05 0.0225683
15.275 0.00086637 0.000698975 -1.53865e-05 0.0225316
15.3 0.000894908 0.000726997 -1.69469e-05 0.0224949
15.325 0.00092332 0.000754927 -1.85317e-05 0.0224584
15.35 0.000951535 0.000782689 -2.01393e-05 0.022422
15.375 0.000979483 0.000810207 -2.17644e-05 0.0223857
15.4 0.0010071 0.00083741 -2.34027e-05 0.0223496
15.425 0.00103431 0.00086422 -2.50497e-05 0.0223135
15.45 0.00106105 0.000890575 -2.67011e-05 0.0222776
15.475 0.00108726 0.000916404 -2.83524e-05 0.0222418
15.5 0.00111287 0.000941641 -2.99993e-05 0.0222061
15.525 0.00113783 0.000966221 -3.16375e-05 0.0221705
15.55 0.00116207 0.000990085 -3.32627e-05 0.022135
15.575 0.00118555 0.00101317 -3.48707e-05 0.0220996
15.6 0.0012082 0.00103543 -3.64575e-05 0.0220643
15.625 0.00122999 0.00105681 -3.80191e-05 0.0220292
15.65 0.00125085 0.00107726 -3.95518e-05 0.0219941
15.675 0.00127076 0.00109674 -4.10517e-05 0.0219592
15.7 0.00128966 0.0011152 -4.25155e-05 0.0219244
15.725 0.00130752 0.00113261 -4.39394e-05 0.0218897
15.75 0.0013243 0.00114894 -4.53207e-05 0.0218551
15.775 0.00133998 0.00116414 -4.66562e-05 0.0218206
15.8 0.00135453 0.00117821 -4.79431e-05 0.0217862
15.825 0.00136792 0.00119113 -4.91786e-05 0.0217519
15.85 0.00138014 0.00120285 -5.03604e-05 0.0217177
15.875 0.00139117 0.00121337 -5.14862e-05 0.0216836
15.9 0.00140098 0.00122268 -5.25539e-05 0.0216497
15.925 0.00140959 0.00123077 -5.35618e-05 0.0216158
15.95 0.00141697 0.00123764 -5.45083e-05 0.021582
15.975 0.00142312 0.00124329 -5.53918e-05 0.0215484
16 0.00142805 0.00124772 -5.62123e-05 0.0215148
16.025 0.00143175 0.00125093 -5.69667e-05 0.0214814
16.05 0.00143424 0.00125295 -5.76554e-05 0.021448
16.075 0.00143552 0.00125377 -5.82776e-05 0.0214148
16.1 0.0014356 0.00125342 -5.8833e-05 0.0213816
16.125 0.00143451 0.00125191 -5.93214e-05 0.0213486
16.15 0.00143223 0.00124926 -5.97429e-05 0.0213156
16.175 0.00142884 0.0012455 -6.00976e-05 0.0212827
16.2 0.00142432 0.00124066 -6.0386e-05 0.02125
16.225 0.0014187 0.00123475 -6.06085e-05 0.0212173
16.25 0.001412 0.00122782 -6.0766e-05 0.0211848
16.275 0.00140427 0.00121989 -6.08592e-05 0.0211523
16.3 0.00139552 0.00121099 -6.08892e-05 0.02112
16.325 0.00138579 0.00120117 -6.08572e-05 0.0210877
16.35 0.00137512 0.00119044 -6.07645e-05 0.0210555
16.375 0.00136353 0.00117887 -6.06124e-05 0.0210235
16.4 0.00135107 0.00116649 -6.04026e-05 0.0209915
16.425 0.00133777 0.00115332 -6.01366e-05 0.0209596
16.45 0.00132367 0.00113942 -5.98162e-05 0.0209278
16.475 0.0013088 0.00112483 -5.94432e-05 0.0208961
16.5 0.00129321 0.00110958 -5.90195e-05 0.0208645
16.525 0.00127694 0.00109371 -5.85472e-05 0.020833
16.55 0.00126002 0.00107728 -5.80283e-05 0.0208016
16.575 0.0012425 0.00106031 -5.74648e-05 0.0207703
16.6 0.00122442 0.00104286 -5.68589e-05 0.0207391
16.625 0.00120581 0.00102496 -5.62127e-05 0.0207079
16.65 0.00118673 0.00100665 -5.55285e-05 0.0206769
16.675 0.0011672 0.000987983 -5.48084e-05 0.0206459
16.7 0.00114727 0.000968987 -5.40548e-05 0.0206151
16.725 0.00112697 0.000949703 -5.32697e-05 0.0205843
16.75 0.00110635 0.000930172 -5.24555e-05 0.0205536
16.775 0.00108545 0.00091043 -5.16144e-05 0.020523
16.8 0.00106429 0.000890515 -5.07486e-05 0.0204925
16.825 0.00104293 0.000870462 -4.98603e-05 0.0204621
16.85 0.00102138 0.000850306 -4.89516e-05 0.0204318
16.875 0.0009997 0.000830081 -4.80246e-05 0.0204016
16.9 0.000977909 0.000809819 -4.70815e-05 0.0203714
16.925 0.000956043 0.000789551 -4.61243e-05 0.0203414
16.95 0.000934134 0.000769307 -4.5155e-05 0.0203114
16.975 0.000912213 0.000749117 -4.41756e-05 0.0202815
17 0.00089031 0.000729007 -4.31878e-05 0.0202517
17.025 0.000868453 0.000709004 -4.21937e-05 0.020222
17.05 0.00084667 0.000689133 -4.11949e-05 0.0201924
17.075 0.000824986 0.000669418 -4.01932e-05 0.0201628
17.1 0.000803427 0.00064988 -3.91902e-05 0.0201334
17.125 0.000782015 0.000630541 -3.81876e-05 0.020104
17.15 0.000760774 0.00061142 -3.71868e-05 0.0200747
17.175 0.000739724 0.000592536 -3.61893e-05 0.0200455
17.2 0.000718886 0.000573905 -3.51964e-05 0.0200164
17.225 0.000698277 0.000555544 -3.42096e-05 0.0199874
17.25 0.000677916 0.000537466 -3.32299e-05 0.0199584
17.275 0.000657819 0.000519686 -3.22587e-05 0.0199295
17.3 0.000638001 0.000502214 -3.12969e-05 0.0199008
17.325 0.000618475 0.000485061 -3.03457e-05 0.0198721
17.35 0.000599255 0.000468239 -2.9406e-05 0.0198434
17.375 0.000580352 0.000451756 -2.84786e-05 0.0198149
17.4 0.000561776 0.000435618 -2.75645e-05 0.0197864
17.425 0.000543537 0.000419833 -2.66644e-05 0.0197581
17.45 0.000525644 0.000404405 -2.57789e-05 0.0197298
17.475 0.000508103 0.000389339 -2.49087e-05 0.0197016
17.5 0.000490921 0.000374639 -2.40544e-05 0.0196734
17.525 0.000474104 0.000360307 -2.32165e-05 0.0196454
17.55 0.000457655 0.000346345 -2.23954e-05 0.0196174
17.575 0.00044158 0.000332754 -2.15915e-05 0.0195895
17.6 0.00042588 0.000319534 -2.08051e-05 0.0195617
17.625 0.000410558 0.000306685 -2.00366e-05 0.0195339
17.65 0.000395614 0.000294206 -1.92862e-05 0.0195063
17.675 0.00038105 0.000282094 -1.85541e-05 0.0194787
17.7 0.000366865 0.000270346 -1.78404e-05 0.0194512
17.725 0.000353059 0.000258962 -1.7145e-05 0.0194238
17.75 0.000339629 0.000247939 -1.64685e-05 0.0193964
17.775 0.000326575 0.000237269 -1.58104e-05 0.0193691
17.8 0.000313893 0.000226949 -1.51709e-05 0.0193419
17.825 0.00030158 0.000216975 -1.45499e-05 0.0193148
17.85 0.000289633 0.000207341 -1.39473e-05 0.0192878
17.875 0.000278048 0.000198042 -1.3363e-05 0.0192608
17.9 0.000266821 0.000189071 -1.27968e-05 0.0192339
17.925 0.000255946 0.000180423 -1.22486e-05 0.0192071
17.95 0.000245419 0.000172092 -1.17182e-05 0.0191803
17.975 0.000235234 0.00016407 -1.12053e-05 0.0191537
18 0.000225386 0.000156351 -1.07097e-05 0.0191271
18.025 0.000215868 0.000148928 -1.02312e-05 0.0191005
18.05 0.000206675 0.000141793 -9.76938e-06 0.0190741
18.075 0.0001978 0.00013494 -9.32403e-06 0.0190477
18.1 0.000189237 0.000128362 -8.89482e-06 0.0190214
18.125 0.000180978 0.00012205 -8.48142e-06 0.0189952
18.15 0.000173018 0.000115998 -8.08351e-06 0.018969
18.175 0.000165348 0.000110198 -7.70075e-06 0.0189429
18.2 0.000157963 0.000104644 -7.33277e-06 0.0189169
18.225 0.000150855 9.93259e-05 -6.97922e-06 0.0188909
18.25 0.000144017 9.42382e-05 -6.63973e-06 0.0188651
18.275 0.000137441 8.93732e-05 -6.31393e-06 0.0188393
18.3 0.000131122 8.47235e-05 -6.00146e-06 0.0188135
18.325 0.000125051 8.02821e-05 -5.70194e-06 0.0187879
18.35 0.000119221 7.60418e-05 -5.415e-06 0.0187623
18.375 0.000113626 7.19957e-05 -5.14026e-06 0.0187367
18.4 0.000108258 6.81367e-05 -4.87735e-06 0.0187113
18.425 0.00010311 6.44582e-05 -4.6259e-06 0.0186859
18.45 9.81757e-05 6.09535e-05 -4.38555e-06 0.0186606
18.475 9.34481e-05 5.7616e-05 -4.15591e-06 0.0186353
18.5 8.89203e-05 5.44393e-05 -3.93664e-06 0.0186102
18.525 8.45858e-05 5.14172e-05 -3.72738e-06 0.018585
18.55 8.0438e-05 4.85435e-05 -3.52778e-06 0.01856
18.575 7.64704e-05 4.5812e-05 -3.33745e-06 0.018535
18.6 7.26768e-05 4.32176e-05 -3.15613e-06 0.0185101
18.625 6.90509e-05 4.07541e-05 -2.98343e-06 0.0184853
18.65 6.55867e-05 3.84162e-05 -2.81904e-06 0.0184605
18.675 6.22783e-05 3.61983e-05 -2.66263e-06 0.0184358
18.7 5.91198e-05 3.40954e-05 -2.51389e-06 0.0184111
18.725 5.61056e-05 3.21024e-05 -2.37251e-06 0.0183865
18.75 5.32303e-05 3.02144e-05 -2.23819e-06 0.018362
18.775 5.04882e-05 2.84267e-05 -2.11065e-06 0.0183376
18.8 4.78744e-05 2.67347e-05 -1.98959e-06 0.0183132
18.825 4.53835e-05 2.51341e-05 -1.87475e-06 0.0182889
18.85 4.30108e-05 2.36204e-05 -1.76585e-06 0.0182646
18.875 4.07513e-05 2.21897e-05 -1.66263e-06 0.0182404
18.9 3.86004e-05 2.0838e-05 -1.56485e-06 0.0182163
18.925 3.65536e-05 1.95615e-05 -1.47225e-06 0.0181922
18.95 3.46064e-05 1.83564e-05 -1.38461e-06 0.0181682
18.975 3.27547e-05 1.72194e-05 -1.30169e-06 0.0181443
19 3.09944e-05 1.61469e-05 -1.22328e-06 0.0181204
19.025 2.93213e-05 1.51358e-05 -1.14916e-06 0.0180966
19.05 2.77318e-05 1.41829e-05 -1.07912e-06 0.0180729
19.075 2.62222e-05 1.32852e-05 -1.01298e-06 0.0180492
19.1 2.47887e-05 1.24399e-05 -9.50544e-07 0.0180255
19.125 2.34281e-05 1.16443e-05 -8.91624e-07 0.018002
19.15 2.2137e-05 1.08957e-05 -8.36047e-07 0.0179785
19.175 2.09121e-05 1.01915e-05 -7.83645e-07 0.017955
19.2 1.97505e-05 9.52956e-06 -7.34257e-07 0.0179317
19.225 1.86492e-05 8.90741e-06 -6.87729e-07 0.0179083
19.25 1.76053e-05 8.32293e-06 -6.43911e-07 0.0178851
19.275 1.6616e-05 7.77402e-06 -6.02662e-07 0.0178619
19.3 1.56789e-05 7.25872e-06 -5.63845e-07 0.0178388
19.325 1.47913e-05 6.77513e-06 -5.27332e-07 0.0178157
19.35 1.39509e-05 6.32145e-06 -4.92996e-07 0.0177927
19.375 1.31554e-05 5.89599e-06 -4.6072e-07 0.0177697
19.4 1.24024e-05 5.49711e-06 -4.30391e-07 0.0177468
19.425 1.169e-05 5.12326e-06 -4.019e-07 0.017724
19.45 1.10161e-05 4.77298e-06 -3.75144e-07 0.0177012
19.475 1.03788e-05 4.44488e-06 -3.50025e-07 0.0176785
19.5 9.77608e-06 4.13763e-06 -3.26449e-07 0.0176558
19.525 9.20633e-06 3.84997e-06 -3.04326e-07 0.0176332
19.55 8.66781e-06 3.58072e-06 -2.83573e-07 0.0176106
19.575 8.15889e-06 3.32873e-06 -2.64107e-07 0.0175881
19.6 7.67803e-06 3.09293e-06 -2.45852e-07 0.0175657
19.625 7.22377e-06 2.87232e-06 -2.28734e-07 0.0175433
19.65 6.79469e-06 2.66591e-06 -2.12684e-07 0.017521
19.675 6.38945e-06 2.47281e-06 -1.97636e-07 0.0174988
19.7 6.00677e-06 2.29213e-06 -1.83526e-07 0.0174765
19.725 5.64543e-06 2.12306e-06 -1.70293e-07 0.0174544
19.75 5.30427e-06 1.96481e-06 -1.57882e-07 0.0174323
19.775 4.98219e-06 1.81664e-06 -1.46237e-07 0.0174103
19.8 4.67813e-06 1.67784e-06 -1.35306e-07 0.0173883
19.825 4.39108e-06 1.54774e-06 -1.2504e-07 0.0173664
19.85 4.1201e-06 1.42571e-06 -1.15391e-07 0.0173445
19.875 3.86427e-06 1.31113e-06 -1.06313e-07 0.0173227
19.9 3.62273e-06 1.20341e-06 -9.77647e-08 0.0173009
19.925 3.39465e-06 1.10202e-06 -8.9703e-08 0.0172792
19.95 3.17925e-06 1.00639e-06 -8.20876e-08 0.0172575
19.975 2.9758e-06 9.16067e-07 -7.48831e-08 0.0172359
20 2.78352e-06 8.30422e-07 -6.80427e-08 0.0172144
