0 107.593 29.2522 -1.30436 17.8339
0.025 107.593 29.2522 -1.30436 17.8339
0.05 107.826 29.3961 -1.31046 17.8335
0.075 108.216 29.6368 -1.32067 17.8331
0.1 108.764 29.9758 -1.33503 17.8331
0.125 109.47 30.415 -1.35363 17.8333
0.15 110.336 30.9568 -1.37657 17.8332
0.175 111.366 31.6043 -1.40396 17.8333
0.2 112.56 32.361 -1.43595 17.8332
0.225 113.923 33.2307 -1.47269 17.8332
0.25 115.456 34.2178 -1.51433 17.8333
0.275 117.164 35.3271 -1.56108 17.8332
0.3 119.05 36.5637 -1.61313 17.8332
0.325 121.117 37.9331 -1.67067 17.8331
0.35 123.371 39.441 -1.73392 17.8332
0.375 125.813 41.0933 -1.8031 17.8332
0.4 128.45 42.8963 -1.87843 17.8332
0.425 131.285 44.8562 -1.96012 17.8331
0.45 134.322 46.9794 -2.04839 17.8331
0.475 137.566 49.2724 -2.14345 17.8331
0.5 141.02 51.7415 -2.24551 17.8331
0.525 144.688 54.3932 -2.35475 17.8331
0.55 148.575 57.2336 -2.47135 17.833
0.575 152.684 60.2688 -2.59548 17.8329
0.6 157.018 63.5047 -2.72726 17.8329
0.625 161.58 66.9467 -2.86684 17.8328
0.65 166.374 70.6003 -3.01429 17.8326
0.675 171.4 74.4702 -3.1697 17.8325
0.7 176.662 78.5608 -3.33309 17.8323
0.725 182.16 82.8762 -3.50449 17.8322
0.75 187.896 87.4198 -3.68388 17.8319
0.775 193.87 92.1945 -3.87119 17.8316
0.8 200.081 97.2027 -4.06633 17.8313
0.825 206.53 102.446 -4.26919 17.831
0.85 213.215 107.926 -4.47959 17.8305
0.875 220.133 113.642 -4.69732 17.8301
0.9 227.283 119.594 -4.92216 17.8295
0.925 234.662 125.782 -5.1538 17.8289
0.95 242.264 132.203 -5.39193 17.8282
0.975 250.086 138.854 -5.63619 17.8274
1 258.123 145.734 -5.88617 17.8264
1.025 266.369 152.836 -6.14144 17.8254
1.05 274.817 160.158 -6.40152 17.8243
1.075 283.46 167.692 -6.66589 17.8231
1.1 292.29 175.433 -6.93401 17.8217
1.125 301.298 183.373 -7.20529 17.8202
1.15 310.476 191.505 -7.47914 17.8185
1.175 319.815 199.82 -7.75488 17.8166
1.2 329.302 208.308 -8.03184 17.8146
1.225 338.929 216.961 -8.30937 17.8124
1.25 348.683 225.767 -8.58673 17.8099
1.275 358.553 234.716 -8.8632 17.8073
1.3 368.526 243.796 -9.13801 17.8045
1.325 378.59 252.994 -9.41043 17.8013
1.35 388.733 262.298 -9.67966 17.798
1.375 398.94 271.695 -9.94495 17.7943
1.4 409.197 281.172 -10.2055 17.7904
1.425 419.492 290.714 -10.4607 17.7862
1.45 429.81 300.312 -10.7095 17.7817
1.475 440.136 309.944 -10.9512 17.7769
1.5 450.457 319.599 -11.1852 17.7717
1.525 460.759 329.264 -11.4107 17.7662
1.55 471.026 338.922 -11.627 17.7603
1.575 481.244 348.56 -11.8334 17.7541
1.6 491.401 358.163 -12.0292 17.7474
1.625 501.48 367.716 -12.2138 17.7403
1.65 511.469 377.206 -12.3866 17.7329
1.675 521.355 386.618 -12.547 17.7249
1.7 531.122 395.938 -12.6946 17.7166
1.725 540.76 405.153 -12.8289 17.7077
1.75 550.254 414.249 -12.9494 17.6984
1.775 559.593 423.215 -13.0557 17.6886
1.8 568.764 432.036 -13.1475 17.6783
1.825 577.757 440.703 -13.2245 17.6675
1.85 586.561 449.202 -13.2865 17.6561
1.875 595.164 457.523 -13.3334 17.6442
1.9 603.558 465.657 -13.3649 17.6318
1.925 611.732 473.592 -13.3811 17.6187
1.95 619.679 481.321 -13.3818 17.6051
1.975 627.39 488.834 -13.3673 17.5909
2 634.858 496.123 -13.3375 17.5762
2.025 642.076 503.182 -13.2927 17.5608
2.05 649.037 510.004 -13.2331 17.5447
2.075 655.736 516.581 -13.1589 17.5281
2.1 662.168 522.912 -13.0705 17.5108
2.125 668.329 528.991 -12.9682 17.4928
2.15 674.215 534.813 -12.8525 17.4742
2.175 679.823 540.382 -12.724 17.455
2.2 685.15 545.682 -12.5826 17.435
2.225 690.195 550.719 -12.4305 17.4144
2.25 694.956 555.491 -12.2667 17.3931
2.275 699.433 559.996 -12.0924 17.3711
2.3 703.625 564.236 -11.9083 17.3484
2.325 707.533 568.21 -11.7152 17.325
2.35 711.157 571.92 -11.5138 17.3009
2.375 714.499 575.367 -11.3049 17.2761
2.4 717.56 578.555 -11.0894 17.2506
2.425 720.344 581.482 -10.8681 17.2243
2.45 722.851 584.155 -10.6419 17.1974
2.475 725.086 586.574 -10.4116 17.1697
2.5 727.051 588.745 -10.1778 17.1413
2.525 728.75 590.671 -9.94202 17.1122
2.55 730.187 592.356 -9.70485 17.0823
2.575 731.365 593.804 -9.46717 17.0518
2.6 732.29 595.021 -9.22987 17.0205
2.625 732.966 596.01 -8.99381 16.9885
2.65 733.396 596.777 -8.75987 16.9557
2.675 733.587 597.327 -8.52887 16.9222
2.7 733.542 597.665 -8.30175 16.8881
2.725 733.266 597.795 -8.07911 16.8532
2.75 732.765 597.723 -7.86181 16.8176
2.775 732.043 597.455 -7.65061 16.7812
2.8 731.105 596.994 -7.44621 16.7442
2.825 729.957 596.347 -7.2493 16.7065
2.85 728.602 595.516 -7.0605 16.6681
2.875 727.045 594.509 -6.88041 16.629
2.9 725.283 593.329 -6.7096 16.5892
2.925 723.346 591.982 -6.5485 16.5487
2.95 721.213 590.47 -6.39773 16.5076
2.975 718.896 588.799 -6.25763 16.4658
3 716.399 586.972 -6.12857 16.4233
3.025 713.727 584.993 -6.01087 16.3802
3.05 710.883 582.866 -5.90481 16.3364
3.075 707.872 580.594 -5.81077 16.292
3.1 704.696 578.181 -5.72859 16.247
3.125 701.36 575.629 -5.65857 16.2013
3.15 697.865 572.941 -5.60077 16.1551
3.175 694.217 570.12 -5.55522 16.1082
3.2 690.416 567.168 -5.52189 16.0607
3.225 686.467 564.083 -5.50077 16.0127
3.25 682.372 560.877 -5.49163 15.9641
3.275 678.134 557.547 -5.49437 15.9149
3.3 673.755 554.094 -5.50876 15.8652
3.325 669.236 550.52 -5.53455 15.8149
3.35 664.582 546.827 -5.57147 15.7641
3.375 659.794 543.016 -5.61917 15.7128
3.4 654.873 539.089 -5.6773 15.661
3.425 649.823 535.047 -5.74545 15.6087
3.45 644.645 530.891 -5.82319 15.5559
3.475 639.341 526.623 -5.91007 15.5027
3.5 633.913 522.244 -6.00559 15.449
3.525 628.364 517.754 -6.10924 15.3948
3.55 622.695 513.156 -6.2205 15.3402
3.575 616.908 508.451 -6.3388 15.2852
3.6 611.006 503.64 -6.46358 15.2299
3.625 604.981 498.724 -6.59427 15.1741
3.65 598.865 493.706 -6.73025 15.1179
3.675 592.63 488.585 -6.87094 15.0614
3.7 586.289 483.366 -7.01572 15.0046
3.725 579.845 478.048 -7.16398 14.9474
3.75 573.299 472.635 -7.31511 14.8899
3.775 566.656 467.127 -7.4685 14.8321
3.8 559.917 461.528 -7.62353 14.774
3.825 553.086 455.841 -7.77961 14.7156
3.85 546.166 450.066 -7.93615 14.657
3.875 539.161 444.208 -8.09255 14.5982
3.9 532.073 438.269 -8.24824 14.5391
3.925 524.906 432.252 -8.40267 14.4798
3.95 517.665 426.161 -8.55529 14.4204
3.975 510.353 419.998 -8.70558 14.3607
4 502.974 413.768 -8.85303 14.3009
4.025 495.532 407.474 -8.99715 14.2409
4.05 488.031 401.12 -9.13748 14.1809
4.075 480.477 394.711 -9.27356 14.1206
4.1 472.873 388.25 -9.40498 14.0603
4.125 465.224 381.742 -9.53134 14
4.15 457.536 375.191 -9.65226 13.9395
4.175 449.812 368.601 -9.76741 13.879
4.2 442.057 361.972 -9.87645 13.8184
4.225 434.278 355.321 -9.97909 13.7579
4.25 426.478 348.646 -10.0754 13.6973
4.275 418.664 341.952 -10.1644 13.6367
4.3 410.839 335.245 -10.2463 13.5761
4.325 403.01 328.529 -10.3209 13.5156
4.35 395.182 321.81 -10.3881 13.4551
4.375 387.36 315.092 -10.4476 13.3947
4.4 379.548 308.381 -10.4993 13.3344
4.425 371.754 301.681 -10.5432 13.2741
4.45 363.98 294.999 -10.5792 13.2139
4.475 356.233 288.339 -10.6073 13.1539
4.5 348.518 281.705 -10.6274 13.094
4.525 340.84 275.104 -10.6396 13.0342
4.55 333.204 268.539 -10.6438 12.9746
4.575 325.614 262.016 -10.6402 12.9151
4.6 318.075 255.539 -10.6287 12.8558
4.625 310.584 249.113 -10.6095 12.7967
4.65 303.169 242.742 -10.5827 12.7378
4.675 295.811 236.431 -10.5484 12.6791
4.7 288.522 230.183 -10.5067 12.6206
4.725 281.306 224.002 -10.4578 12.5624
4.75 274.167 217.893 -10.4019 12.5044
4.775 267.109 211.859 -10.3391 12.4466
4.8 260.135 205.903 -10.2696 12.389
4.825 253.248 200.029 -10.1937 12.3318
4.85 246.452 194.24 -10.1115 12.2748
4.875 239.75 188.539 -10.0233 12.218
4.9 233.144 182.927 -9.92925 12.1616
4.925 226.638 177.409 -9.82965 12.1055
4.95 220.234 171.985 -9.72475 12.0496
4.975 213.933 166.659 -9.61477 11.994
5 207.739 161.432 -9.49998 11.9388
5.025 201.652 156.305 -9.38063 11.8839
5.05 195.675 151.28 -9.25699 11.8293
5.075 189.809 146.359 -9.12933 11.775
5.1 184.055 141.542 -8.99789 11.721
5.125 178.415 136.831 -8.86295 11.6674
5.15 172.889 132.225 -8.72478 11.6141
5.175 167.478 127.726 -8.58363 11.5611
5.2 162.182 123.334 -8.43977 11.5085
5.225 157.003 119.049 -8.29346 11.4562
5.25 151.939 114.87 -8.14495 11.4043
5.275 146.992 110.798 -7.9945 11.3527
5.3 142.16 106.833 -7.84235 11.3015
5.325 137.445 102.973 -7.68875 11.2506
5.35 132.844 99.2183 -7.53395 11.2001
5.375 128.359 95.5681 -7.378 11.1499
5.4 123.987 92.0214 -7.22147 11.1001
5.425 119.729 88.5771 -7.06441 11.0507
5.45 115.583 85.2341 -6.90704 11.0016
5.475 111.549 81.9912 -6.74956 10.9529
5.5 107.625 78.8469 -6.59219 10.9045
5.525 103.809 75.8 -6.43512 10.8564
5.55 100.102 72.8488 -6.27852 10.8088
5.575 96.5 69.9918 -6.12259 10.7615
5.6 93.0023 67.2272 -5.9675 10.7145
5.625 89.6084 64.5535 -5.8134 10.6679
5.65 86.3159 61.9689 -5.66046 10.6216
5.675 83.1232 59.4714 -5.50883 10.5757
5.7 80.0285 57.0593 -5.35864 10.5302
5.725 77.03 54.7307 -5.21003 10.485
5.75 74.1258 52.4837 -5.06312 10.4401
5.775 71.3141 50.3163 -4.91804 10.3956
5.8 68.5931 48.2266 -4.77488 10.3514
5.825 65.9607 46.2126 -4.63376 10.3076
5.85 63.415 44.2723 -4.49476 10.2641
5.875 60.9541 42.4039 -4.35797 10.221
5.9 58.576 40.6052 -4.22348 10.1781
5.925 56.2786 38.8745 -4.09134 10.1357
5.95 54.0602 37.2096 -3.96163 10.0935
5.975 51.9186 35.6087 -3.83441 10.0517
6 49.8518 34.0699 -3.70972 10.0102
6.025 47.858 32.5913 -3.5876 9.96897
6.05 45.9352 31.171 -3.46811 9.9281
6.075 44.0814 29.8071 -3.35126 9.88755
6.1 42.2948 28.4979 -3.23708 9.84732
6.125 40.5734 27.2416 -3.1256 9.80739
6.15 38.9153 26.0364 -3.01682 9.76778
6.175 37.3187 24.8806 -2.91075 9.72847
6.2 35.7818 23.7724 -2.80741 9.68946
6.225 34.3027 22.7104 -2.70678 9.65075
6.25 32.8797 21.6927 -2.60887 9.61234
6.275 31.5111 20.718 -2.51365 9.57423
6.3 30.1951 19.7845 -2.42112 9.53641
6.325 28.9301 18.8909 -2.33126 9.49887
6.35 27.7144 18.0356 -2.24405 9.46163
6.375 26.5463 17.2172 -2.15946 9.42466
6.4 25.4244 16.4343 -2.07746 9.38798
6.425 24.3471 15.6857 -1.99801 9.35157
6.45 23.3127 14.9699 -1.9211 9.31544
6.475 22.32 14.2857 -1.84667 9.27959
6.5 21.3674 13.6319 -1.77469 9.244
6.525 20.4536 13.0072 -1.70512 9.20868
6.55 19.577 12.4106 -1.63791 9.17362
6.575 18.7366 11.8408 -1.57303 9.13883
6.6 17.9308 11.2968 -1.51041 9.10429
6.625 17.1585 10.7775 -1.45001 9.07001
6.65 16.4184 10.282 -1.39179 9.03599
6.675 15.7093 9.80915 -1.33569 9.00221
6.7 15.0301 9.35809 -1.28167 8.96869
6.725 14.3797 8.92788 -1.22966 8.93541
6.75 13.7568 8.51763 -1.17962 8.90237
6.775 13.1606 8.12648 -1.13149 8.86957
6.8 12.5899 7.75362 -1.08523 8.83702
6.825 12.0437 7.39823 -1.04077 8.80469
6.85 11.5211 7.05956 -0.99807 8.77261
6.875 11.0212 6.73685 -0.957069 8.74075
6.9 10.543 6.42941 -0.917717 8.70912
6.925 10.0856 6.13655 -0.879961 8.67772
6.95 9.64822 5.8576 -0.843748 8.64654
6.975 9.23005 5.59193 -0.809028 8.61559
7 8.83026 5.33894 -0.775749 8.58485
7.025 8.44811 5.09804 -0.74386 8.55433
7.05 8.08284 4.86867 -0.713313 8.52403
7.075 7.73375 4.65029 -0.684058 8.49393
7.1 7.40015 4.44238 -0.656048 8.46405
7.125 7.08139 4.24444 -0.629235 8.43438
7.15 6.77681 4.05601 -0.603573 8.40491
7.175 6.48581 3.87663 -0.579018 8.37565
7.2 6.20779 3.70585 -0.555526 8.34659
7.225 5.94219 3.54327 -0.533053 8.31773
7.25 5.68847 3.38849 -0.511558 8.28907
7.275 5.44609 3.24111 -0.491 8.2606
7.3 5.21454 3.10079 -0.471339 8.23233
7.325 4.99335 2.96717 -0.452538 8.20425
7.35 4.78205 2.83991 -0.434558 8.17636
7.375 4.58019 2.7187 -0.417365 8.14866
7.4 4.38734 2.60323 -0.400922 8.12115
7.425 4.20309 2.49322 -0.385197 8.09382
7.45 4.02705 2.38839 -0.370156 8.06667
7.475 3.85884 2.28848 -0.355768 8.0397
7.5 3.69809 2.19323 -0.342003 8.01292
7.525 3.54446 2.1024 -0.328831 7.98631
7.55 3.39763 2.01578 -0.316226 7.95988
7.575 3.25726 1.93314 -0.304158 7.93362
7.6 3.12306 1.85427 -0.292604 7.90753
7.625 2.99474 1.77899 -0.281537 7.88161
7.65 2.87202 1.7071 -0.270935 7.85587
7.675 2.75465 1.63843 -0.260774 7.83029
7.7 2.64235 1.57281 -0.251033 7.80487
7.725 2.53489 1.51009 -0.241691 7.77962
7.75 2.43206 1.45011 -0.232728 7.75453
7.775 2.33362 1.39272 -0.224126 7.72961
7.8 2.23938 1.3378 -0.215866 7.70484
7.825 2.14912 1.28522 -0.207932 7.68023
7.85 2.06266 1.23485 -0.200307 7.65578
7.875 1.97983 1.18658 -0.192975 7.63149
7.9 1.90044 1.1403 -0.185923 7.60734
7.925 1.82434 1.0959 -0.179137 7.58335
7.95 1.75137 1.0533 -0.172603 7.55951
7.975 1.68139 1.01241 -0.166309 7.53582
8 1.61426 0.973125 -0.160244 7.51227
8.025 1.54984 0.935377 -0.154396 7.48888
8.05 1.48801 0.899088 -0.148756 7.46563
8.075 1.42864 0.864187 -0.143314 7.44252
8.1 1.37164 0.830605 -0.13806 7.41955
8.125 1.31689 0.798281 -0.132986 7.39673
8.15 1.26428 0.767155 -0.128084 7.37405
8.175 1.21373 0.737171 -0.123347 7.3515
8.2 1.16513 0.708279 -0.118767 7.32909
8.225 1.11842 0.680428 -0.114339 7.30682
8.25 1.0735 0.653575 -0.110055 7.28468
8.275 1.03029 0.627676 -0.105911 7.26268
8.3 0.988739 0.602692 -0.101901 7.24081
8.325 0.948761 0.578586 -0.0980196 7.21907
8.35 0.910296 0.555323 -0.0942627 7.19746
8.375 0.873283 0.532872 -0.090626 7.17598
8.4 0.837663 0.511201 -0.0871054 7.15463
8.425 0.803383 0.490284 -0.0836972 7.1334
8.45 0.770384 0.470093 -0.0803979 7.1123
8.475 0.738635 0.450605 -0.0772043 7.09133
8.5 0.708073 0.431796 -0.0741134 7.07047
8.525 0.678658 0.413645 -0.0711222 7.04974
8.55 0.65035 0.396132 -0.0682283 7.02913
8.575 0.623109 0.379238 -0.065429 7.00864
8.6 0.596898 0.362944 -0.0627221 6.98828
8.625 0.57168 0.347235 -0.0601052 6.96802
8.65 0.547422 0.332095 -0.0575763 6.94789
8.675 0.524092 0.317507 -0.0551334 6.92787
8.7 0.501659 0.303457 -0.0527745 6.90797
8.725 0.480093 0.289933 -0.0504977 6.88818
8.75 0.459365 0.27692 -0.0483014 6.8685
8.775 0.43945 0.264405 -0.0461836 6.84894
8.8 0.42032 0.252376 -0.0441428 6.82948
8.825 0.401951 0.240819 -0.0421774 6.81014
8.85 0.384319 0.229726 -0.0402856 6.79091
8.875 0.367399 0.219084 -0.0384658 6.77178
8.9 0.35117 0.20888 -0.0367163 6.75276
8.925 0.33561 0.199103 -0.0350359 6.73385
8.95 0.320697 0.189742 -0.0334228 6.71504
8.975 0.306409 0.180787 -0.0318754 6.69634
9 0.292729 0.172225 -0.0303922 6.67775
9.025 0.279634 0.164047 -0.0289716 6.65925
9.05 0.267107 0.15624 -0.027612 6.64086
9.075 0.255128 0.148794 -0.0263118 6.62257
9.1 0.243679 0.141698 -0.0250694 6.60438
9.125 0.232741 0.134941 -0.0238832 6.58629
9.15 0.222298 0.128512 -0.0227517 6.5683
9.175 0.212332 0.122399 -0.0216733 6.5504
9.2 0.202825 0.116593 -0.0206462 6.53261
9.225 0.193762 0.111083 -0.019669 6.51491
9.25 0.185125 0.105857 -0.01874 6.4973
9.275 0.176899 0.100904 -0.0178576 6.47979
9.3 0.169069 0.0962153 -0.0170202 6.46238
9.325 0.161618 0.091779 -0.0162262 6.44506
9.35 0.154531 0.087585 -0.0154741 6.42783
9.375 0.147795 0.0836231 -0.0147622 6.41069
9.4 0.141394 0.0798833 -0.0140891 6.39365
9.425 0.135315 0.0763556 -0.0134531 6.37669
9.45 0.129544 0.0730303 -0.0128527 6.35982
9.475 0.124067 0.0698979 -0.0122865 6.34305
9.5 0.118873 0.0669491 -0.0117529 6.32636
9.525 0.113947 0.0641749 -0.0112506 6.30976
9.55 0.109277 0.0615665 -0.0107781 6.29324
9.575 0.104852 0.0591153 -0.0103339 6.27681
9.6 0.100661 0.0568131 -0.00991676 6.26047
9.625 0.0966913 0.0546518 -0.00952531 6.24421
9.65 0.0929329 0.0526238 -0.00915824 6.22804
9.675 0.0893752 0.0507217 -0.00881423 6.21195
9.7 0.0860082 0.0489382 -0.00849217 6.19594
9.725 0.0828222 0.0472661 -0.00819087 6.18002
9.75 0.0798077 0.0457001 -0.00790902 6.16418
9.775 0.0769558 0.0442326 -0.00764557 6.14841
9.8 0.0742578 0.0428581 -0.00739942 6.13273
9.825 0.0717054 0.0415707 -0.00716953 6.11713
9.85 0.0692905 0.0403649 -0.00695487 6.10161
9.875 0.0670055 0.0392356 -0.00675445 6.08617
9.9 0.064843 0.0381777 -0.00656734 6.0708
9.925 0.062796 0.0371866 -0.00639262 6.05551
9.95 0.0608577 0.0362575 -0.00622941 6.0403
9.975 0.0590217 0.0353863 -0.00607686 6.02516
10 0.0572816 0.0345687 -0.00593417 6.0101
10.025 0.0556316 0.0338009 -0.00580047 5.99512
10.05 0.0540661 0.0330791 -0.00567517 5.98021
10.075 0.0525795 0.0323996 -0.00555748 5.96537
10.1 0.0511666 0.0317591 -0.0054467 5.95061
10.125 0.0498225 0.0311539 -0.00534218 5.93592
10.15 0.0485423 0.0305816 -0.00524329 5.9213
10.175 0.0473216 0.0300388 -0.00514944 5.90676
10.2 0.046156 0.0295225 -0.00506019 5.89228
10.225 0.0450412 0.02903 -0.00497471 5.87788
10.25 0.0439732 0.0285586 -0.00489254 5.86355
10.275 0.0429483 0.0281056 -0.00481344 5.84929
10.3 0.0419629 0.0276687 -0.0047367 5.83509
10.325 0.0410133 0.0272454 -0.00466197 5.82097
10.35 0.0400964 0.0268343 -0.00458883 5.80691
10.375 0.039209 0.0264314 -0.00451689 5.79292
10.4 0.038348 0.0260356 -0.00444581 5.779
10.425 0.0375107 0.0256447 -0.00437523 5.76514
10.45 0.0366943 0.025257 -0.00430486 5.75135
10.475 0.0358965 0.0248706 -0.0042344 5.73763
10.5 0.0351146 0.0244838 -0.00416361 5.72397
10.525 0.0343467 0.024095 -0.00409224 5.71038
10.55 0.0335906 0.0237028 -0.0040201 5.69685
10.575 0.0328445 0.0233057 -0.00394699 5.68338
10.6 0.0321065 0.0229026 -0.00387277 5.66998
10.625 0.0313752 0.0224924 -0.00379729 5.65664
10.65 0.0306491 0.0220741 -0.00372046 5.64337
10.675 0.029927 0.0216468 -0.00364207 5.63015
10.7 0.0292077 0.02121 -0.0035623 5.617
10.725 0.0284904 0.0207622 -0.00348106 5.60391
10.75 0.0277742 0.0203049 -0.00339822 5.59088
10.775 0.0270586 0.0198365 -0.00331385 5.57791
10.8 0.0263431 0.0193573 -0.00322799 5.56501
10.825 0.0256273 0.0188672 -0.00314068 5.55216
10.85 0.0249111 0.0183666 -0.003052 5.53937
10.875 0.0241946 0.0178559 -0.00296205 5.52664
10.9 0.0234778 0.017335 -0.00287093 5.51396
10.925 0.022761 0.0168052 -0.00277878 5.50135
10.95 0.0220445 0.016267 -0.00268574 5.48879
10.975 0.021329 0.0157215 -0.00259196 5.47629
11 0.020615 0.0151695 -0.00249761 5.46385
11.025 0.0199032 0.0146122 -0.00240288 5.45146
11.05 0.0191945 0.0140509 -0.00230796 5.43913
11.075 0.0184898 0.0134868 -0.00221305 5.42685
11.1 0.0177897 0.0129214 -0.00211835 5.41463
11.125 0.0170959 0.0123562 -0.00202407 5.40247
11.15 0.0164094 0.0117926 -0.00193042 5.39036
11.175 0.0157309 0.0112322 -0.00183762 5.3783
11.2 0.0150618 0.0106766 -0.00174587 5.3663
11.225 0.0144033 0.0101274 -0.00165539 5.35435
11.25 0.0137565 0.00958614 -0.00156639 5.34245
11.275 0.0131226 0.00905439 -0.00147906 5.33061
11.3 0.0125027 0.00853368 -0.00139359 5.31882
11.325 0.0118979 0.00802552 -0.00131018 5.30708
11.35 0.0113093 0.00753131 -0.00122899 5.2954
11.375 0.010738 0.00705242 -0.00115019 5.28376
11.4 0.0101848 0.0065901 -0.00107393 5.27218
11.425 0.00965061 0.00614553 -0.00100034 5.26064
11.45 0.00913624 0.00571976 -0.000929553 5.24916
11.475 0.00864238 0.00531373 -0.000861669 5.23772
11.5 0.00816965 0.00492828 -0.000796782 5.22634
11.525 0.00771849 0.00456408 -0.000734968 5.21501
11.55 0.00728932 0.00422168 -0.000676284 5.20372
11.575 0.00688244 0.00390151 -0.000620774 5.19248
11.6 0.006498 0.00360382 -0.000568462 5.1813
11.625 0.00613607 0.00332873 -0.000519357 5.17016
11.65 0.00579659 0.00307623 -0.000473451 5.15906
11.675 0.00547939 0.00284617 -0.000430719 5.14802
11.7 0.00518423 0.00263822 -0.000391122 5.13702
11.725 0.00491066 0.00245196 -0.000354606 5.12607
11.75 0.00465822 0.0022868 -0.000321101 5.11517
11.775 0.00442633 0.002142 -0.000290525 5.10431
11.8 0.00421432 0.00201686 -0.000262785 5.0935
11.825 0.0040214 0.00191046 -0.000237774 5.08273
11.85 0.00384682 0.00182171 -0.000215379 5.07201
11.875 0.00368957 0.0017496 -0.000195474 5.06134
11.9 0.00354868 0.00169289 -0.000177928 5.05071
11.925 0.00342327 0.00165039 -0.000162604 5.04012
11.95 0.00331222 0.00162084 -0.000149357 5.02958
11.975 0.00321445 0.00160292 -0.000138042 5.01908
12 0.00312887 0.0015953 -0.000128512 5.00863
12.025 0.00305436 0.00159665 -0.000120612 4.99822
12.05 0.00298983 0.00160562 -0.000114197 4.98785
12.075 0.00293418 0.0016209 -0.000109117 4.97752
12.1 0.00288632 0.00164121 -0.000105229 4.96724
12.125 0.00284522 0.00166528 -0.000102391 4.957
12.15 0.00280986 0.00169194 -0.000100466 4.94681
12.175 0.00277928 0.00172003 -9.93266e-05 4.93665
12.2 0.00275256 0.0017485 -9.88479e-05 4.92654
12.225 0.00272886 0.00177637 -9.8915e-05 4.91647
12.25 0.00270739 0.00180274 -9.94208e-05 4.90643
12.275 0.00268744 0.00182682 -0.000100267 4.89644
12.3 0.00266837 0.0018479 -0.000101365 4.88649
12.325 0.00264962 0.0018654 -0.000102636 4.87658
12.35 0.0026307 0.00187881 -0.000104009 4.86672
12.375 0.00261124 0.00188776 -0.000105426 4.85689
12.4 0.00259089 0.00189199 -0.00010684 4.8471
12.425 0.00256944 0.00189134 -0.00010821 4.83735
12.45 0.00254674 0.00188575 -0.000109507 4.82763
12.475 0.00252271 0.00187526 -0.00011071 4.81796
12.5 0.00249736 0.00186003 -0.000111811 4.80833
12.525 0.00247076 0.00184029 -0.000112802 4.79873
12.55 0.00244306 0.00181636 -0.000113693 4.78918
12.575 0.00241446 0.00178868 -0.000114495 4.77966
12.6 0.00238523 0.00175773 -0.000115227 4.77018
12.625 0.00235566 0.00172405 -0.000115913 4.76073
12.65 0.00232615 0.00168824 -0.000116584 4.75133
12.675 0.00229708 0.00165095 -0.000117271 4.74196
12.7 0.00226884 0.00161287 -0.000118013 4.73263
12.725 0.00224189 0.0015747 -0.000118847 4.72333
12.75 0.00221669 0.00153718 -0.000119813 4.71407
12.775 0.00219369 0.00150103 -0.000120953 4.70485
12.8 0.00217336 0.00146698 -0.000122306 4.69566
12.825 0.00215615 0.00143573 -0.00012391 4.68651
12.85 0.00214249 0.00140797 -0.000125802 4.67739
12.875 0.00213278 0.00138434 -0.000128014 4.66831
12.9 0.0021274 0.00136546 -0.000130576 4.65927
12.925 0.0021267 0.00135186 -0.000133514 4.65026
12.95 0.00213098 0.00134406 -0.000136847 4.64128
12.975 0.00214048 0.00134248 -0.000140592 4.63234
13 0.00215541 0.00134746 -0.000144756 4.62344
13.025 0.00217592 0.00135928 -0.000149344 4.61457
13.05 0.0022021 0.00137816 -0.00015435 4.60573
13.075 0.00223397 0.00140419 -0.000159767 4.59692
13.1 0.00227149 0.00143741 -0.000165576 4.58815
13.125 0.00231457 0.00147775 -0.000171754 4.57942
13.15 0.00236306 0.00152508 -0.000178272 4.57071
13.175 0.00241674 0.00157915 -0.000185093 4.56204
13.2 0.00247533 0.00163965 -0.000192175 4.5534
13.225 0.0025385 0.00170619 -0.00019947 4.5448
13.25 0.00260585 0.00177828 -0.000206925 4.53622
13.275 0.00267696 0.00185538 -0.000214483 4.52768
13.3 0.00275132 0.00193687 -0.000222081 4.51918
13.325 0.00282843 0.00202208 -0.000229662 4.5107
13.35 0.00290772 0.00211027 -0.000237137 4.50225
13.375 0.00298861 0.00220069 -0.000244456 4.49384
13.4 0.00307048 0.00229258 -0.000251543 4.48546
13.425 0.00315273 0.00238487 -0.000258325 4.47711
13.45 0.00323468 0.00247694 -0.000264732 4.46879
13.475 0.00331572 0.00256784 -0.000270695 4.4605
13.5 0.00339524 0.0026567 -0.000276147 4.45224
13.525 0.00347252 0.00274262 -0.000281024 4.44401
13.55 0.00354707 0.00282482 -0.000285267 4.43582
13.575 0.00361829 0.00290244 -0.00028882 4.42765
13.6 0.00368564 0.00297471 -0.000291635 4.41951
13.625 0.00374862 0.0030409 -0.000293666 4.41141
13.65 0.00380679 0.00310031 -0.000294882 4.40333
13.675 0.00385976 0.00315234 -0.000295254 4.39528
13.7 0.00390719 0.00319643 -0.000294761 4.38726
13.725 0.00394881 0.00323212 -0.000293393 4.37927
13.75 0.00398444 0.00325902 -0.00029115 4.37131
13.775 0.00401395 0.00327684 -0.00028804 4.36338
13.8 0.00403729 0.00328538 -0.000284085 4.35548
13.825 0.0040545 0.00328454 -0.000279309 4.3476
13.85 0.00406571 0.0032743 -0.000273755 4.33976
13.875 0.00407111 0.00325479 -0.000267472 4.33194
13.9 0.004071 0.00322624 -0.000260523 4.32415
13.925 0.00406575 0.00318891 -0.000252979 4.31639
13.95 0.00405583 0.00314325 -0.000244922 4.30866
13.975 0.00404177 0.00308979 -0.000236443 4.30095
14 0.00402424 0.00302916 -0.000227643 4.29327
14.025 0.00400388 0.00296209 -0.000218635 4.28562
14.05 0.0039815 0.00288942 -0.000209536 4.278
14.075 0.00395796 0.00281206 -0.000200474 4.2704
14.1 0.00393417 0.00273103 -0.000191581 4.26283
14.125 0.00391111 0.00264741 -0.000183003 4.25529
14.15 0.00388982 0.00256237 -0.000174884 4.24777
14.175 0.0038714 0.00247714 -0.000167377 4.24028
14.2 0.00385697 0.00239298 -0.000160637 4.23282
14.225 0.0038477 0.00231128 -0.000154824 4.22538
14.25 0.00384479 0.00223341 -0.000150098 4.21797
14.275 0.00384945 0.00216077 -0.000146621 4.21059
14.3 0.00386292 0.00209481 -0.000144557 4.20323
14.325 0.00388644 0.00203698 -0.000144069 4.19589
14.35 0.00392124 0.00198874 -0.000145311 4.18858
14.375 0.00396855 0.00195154 -0.000148444 4.1813
14.4 0.00402956 0.00192683 -0.000153619 4.17404
14.425 0.00410547 0.001916 -0.000160985 4.16681
14.45 0.00419741 0.00192045 -0.000170682 4.15961
14.475 0.00430649 0.00194152 -0.000182842 4.15242
14.5 0.00443375 0.00198047 -0.000197606 4.14527
14.525 0.00458019 0.00203853 -0.000215074 4.13813
14.55 0.00474675 0.00211686 -0.000235363 4.13102
14.575 0.00493427 0.00221659 -0.000258571 4.12394
14.6 0.00514355 0.00233859 -0.0002848 4.11688
14.625 0.00537528 0.00248383 -0.000314085 4.10984
14.65 0.00563008 0.00265312 -0.000346531 4.10283
14.675 0.00590847 0.00284715 -0.000382175 4.09585
14.7 0.00621087 0.00306652 -0.000421056 4.08888
14.725 0.00653761 0.00331171 -0.000463199 4.08194
14.75 0.00688892 0.00358308 -0.000508615 4.07502
14.775 0.0072649 0.00388089 -0.000557301 4.06813
14.8 0.00766557 0.00420527 -0.00060924 4.06126
14.825 0.00809083 0.00455621 -0.000664403 4.05441
14.85 0.00854048 0.00493361 -0.000722744 4.04759
14.875 0.00901421 0.00533723 -0.000784205 4.04079
14.9 0.00951159 0.00576671 -0.000848713 4.03401
14.925 0.0100321 0.00622157 -0.000916183 4.02726
14.95 0.0105751 0.00670121 -0.000986516 4.02052
14.975 0.0111399 0.00720493 -0.0010596 4.01381
15 0.0117256 0.00773189 -0.00113531 4.00712
15.025 0.0123313 0.00828118 -0.00121351 4.00046
15.05 0.0129559 0.00885174 -0.00129406 3.99382
15.075 0.0135985 0.00944246 -0.00137686 3.98719
15.1 0.0142577 0.0100521 -0.00146162 3.98059
15.125 0.0149324 0.0106794 -0.00154822 3.97402
15.15 0.0156211 0.0113233 -0.00163649 3.96746
15.175 0.0163225 0.0119816 -0.00172622 3.96093
15.2 0.0170351 0.0126531 -0.00181723 3.95441
15.225 0.0177574 0.0133362 -0.0019093 3.94792
15.25 0.0184878 0.0140292 -0.00200222 3.94145
15.275 0.0192248 0.0147306 -0.00209572 3.935
15.3 0.0199666 0.0154385 -0.00218971 3.92857
15.325 0.0207116 0.0161512 -0.0022839 3.92217
15.35 0.0214582 0.016867 -0.00237808 3.91578
15.375 0.0222045 0.0175839 -0.00247202 3.90941
15.4 0.022949 0.0182997 -0.00256551 3.90307
15.425 0.0236898 0.0190137 -0.00265832 3.89675
15.45 0.0244257 0.0197236 -0.00275023 3.89044
15.475 0.0251543 0.0204275 -0.00284103 3.88416
15.5 0.0258742 0.0211237 -0.00293052 3.8779
15.525 0.0265838 0.0218106 -0.00301848 3.87165
15.55 0.0272815 0.0224862 -0.00310471 3.86543
15.575 0.0279657 0.0231492 -0.00318901 3.85923
15.6 0.0286349 0.0237978 -0.0032712 3.85304
15.625 0.0292876 0.0244306 -0.0033511 3.84688
15.65 0.0299224 0.025046 -0.00342853 3.84074
15.675 0.0305378 0.0256427 -0.00350332 3.83461
15.7 0.0311327 0.0262192 -0.00357532 3.82851
15.725 0.0317058 0.0267743 -0.00364438 3.82242
15.75 0.0322558 0.0273069 -0.00371036 3.81636
15.775 0.0327817 0.0278157 -0.00377314 3.81031
15.8 0.0332825 0.0282997 -0.00383258 3.80428
15.825 0.0337571 0.028758 -0.0038886 3.79827
15.85 0.0342048 0.0291897 -0.00394115 3.79228
15.875 0.0346248 0.0295941 -0.00399001 3.78631
15.9 0.0350162 0.0299704 -0.00403518 3.78036
15.925 0.0353786 0.0303185 -0.00407659 3.77443
15.95 0.0357113 0.0306369 -0.00411419 3.76851
15.975 0.036014 0.0309257 -0.00414793 3.76262
16 0.0362861 0.0311845 -0.00417778 3.75674
16.025 0.0365276 0.0314131 -0.00420372 3.75088
16.05 0.036738 0.0316113 -0.00422574 3.74504
16.075 0.0369173 0.031779 -0.00424383 3.73921
16.1 0.0370655 0.0319163 -0.00425802 3.73341
16.125 0.0371826 0.0320232 -0.00426831 3.72762
16.15 0.0372686 0.0320998 -0.00427473 3.72185
16.175 0.0373238 0.0321465 -0.00427733 3.7161
16.2 0.0373485 0.0321636 -0.00427614 3.71037
16.225 0.0373428 0.0321514 -0.00427122 3.70465
16.25 0.0373073 0.0321088 -0.00426265 3.69895
16.275 0.0372423 0.0320409 -0.00425048 3.69327
16.3 0.0371484 0.0319438 -0.00423479 3.68761
16.325 0.0370261 0.0318196 -0.00421567 3.68196
16.35 0.0368761 0.031669 -0.0041932 3.67633
16.375 0.036699 0.0314926 -0.00416749 3.67072
16.4 0.0364956 0.0312913 -0.00413864 3.66513
16.425 0.0362665 0.0310659 -0.00410676 3.65955
16.45 0.0360127 0.0308173 -0.00407195 3.65399
16.475 0.0357349 0.0305463 -0.00403432 3.64844
16.5 0.0354341 0.030254 -0.00399402 3.64292
16.525 0.035111 0.0299411 -0.00395114 3.63741
16.55 0.0347668 0.0296087 -0.00390582 3.63191
16.575 0.0344021 0.0292578 -0.00385818 3.62643
16.6 0.0340182 0.0288894 -0.00380836 3.62097
16.625 0.0336159 0.0285044 -0.00375647 3.61553
16.65 0.0331963 0.028104 -0.00370265 3.6101
16.675 0.0327602 0.0276891 -0.00364703 3.60469
16.7 0.0323089 0.0272607 -0.00358974 3.59929
16.725 0.0318432 0.02682 -0.00353092 3.59391
16.75 0.0313642 0.0263678 -0.00347068 3.58855
16.775 0.0308729 0.0259052 -0.00340916 3.5832
16.8 0.0303703 0.0254333 -0.00334649 3.57787
16.825 0.0298574 0.0249529 -0.0032828 3.57256
16.85 0.0293351 0.0244652 -0.00321819 3.56726
16.875 0.0288046 0.0239709 -0.00315281 3.56197
16.9 0.0282666 0.0234712 -0.00308676 3.5567
16.925 0.0277222 0.0229668 -0.00302016 3.55145
16.95 0.0271723 0.0224587 -0.00295312 3.54621
16.975 0.0266178 0.0219477 -0.00288576 3.54099
17 0.0260596 0.0214348 -0.00281818 3.53578
17.025 0.0254985 0.0209206 -0.00275048 3.53059
17.05 0.0249353 0.020406 -0.00268276 3.52541
17.075 0.0243709 0.0198918 -0.00261513 3.52025
17.1 0.0238061 0.0193786 -0.00254766 3.51511
17.125 0.0232416 0.0188673 -0.00248046 3.50998
17.15 0.0226781 0.0183583 -0.0024136 3.50486
17.175 0.0221164 0.0178524 -0.00234716 3.49976
17.2 0.021557 0.0173502 -0.00228122 3.49467
17.225 0.0210006 0.0168521 -0.00221585 3.4896
17.25 0.0204479 0.0163589 -0.00215113 3.48454
17.275 0.0198994 0.0158709 -0.0020871 3.4795
17.3 0.0193556 0.0153887 -0.00202384 3.47447
17.325 0.0188171 0.0149126 -0.00196139 3.46946
17.35 0.0182843 0.0144431 -0.00189982 3.46446
17.375 0.0177577 0.0139806 -0.00183916 3.45947
17.4 0.0172377 0.0135254 -0.00177946 3.4545
17.425 0.0167247 0.0130778 -0.00172077 3.44955
17.45 0.016219 0.0126382 -0.00166311 3.44461
17.475 0.0157211 0.0122067 -0.00160653 3.43968
17.5 0.0152311 0.0117835 -0.00155104 3.43476
17.525 0.0147494 0.011369 -0.00149668 3.42987
17.55 0.0142763 0.0109633 -0.00144347 3.42498
17.575 0.0138119 0.0105664 -0.00139142 3.42011
17.6 0.0133564 0.0101787 -0.00134056 3.41525
17.625 0.01291 0.00980004 -0.00129089 3.41041
17.65 0.0124729 0.00943064 -0.00124243 3.40558
17.675 0.0120452 0.00907053 -0.00119518 3.40076
17.7 0.0116269 0.00871974 -0.00114915 3.39595
17.725 0.0112182 0.0083783 -0.00110434 3.39117
17.75 0.0108192 0.0080462 -0.00106075 3.38639
17.775 0.0104298 0.00772343 -0.00101836 3.38163
17.8 0.0100502 0.00740995 -0.000977203 3.37688
17.825 0.00968018 0.0071057 -0.000937257 3.37214
17.85 0.00931988 0.00681064 -0.000898501 3.36742
17.875 0.00896925 0.00652467 -0.000860934 3.36271
17.9 0.00862823 0.00624765 -0.000824542 3.35801
17.925 0.00829677 0.00597959 -0.000789314 3.35333
17.95 0.00797479 0.00572037 -0.000755234 3.34866
17.975 0.00766222 0.00546977 -0.000722286 3.344
18 0.00735896 0.0052277 -0.000690453 3.33936
18.025 0.0070649 0.00499402 -0.000659718 3.33473
18.05 0.00677993 0.00476858 -0.00063006 3.33011
18.075 0.00650393 0.00455123 -0.00060146 3.3255
18.1 0.00623676 0.0043418 -0.000573896 3.32091
18.125 0.00597828 0.00414014 -0.000547349 3.31633
18.15 0.00572835 0.00394606 -0.000521794 3.31176
18.175 0.00548681 0.00375941 -0.000497211 3.3072
18.2 0.0052535 0.00357999 -0.000473575 3.30266
18.225 0.00502827 0.00340762 -0.000450863 3.29813
18.25 0.00481093 0.00324214 -0.000429052 3.29361
18.275 0.00460134 0.00308334 -0.000408118 3.28911
18.3 0.0043993 0.00293104 -0.000388037 3.28461
18.325 0.00420464 0.00278507 -0.000368784 3.28013
18.35 0.00401718 0.00264523 -0.000350336 3.27566
18.375 0.00383676 0.00251134 -0.000332669 3.27121
18.4 0.00366317 0.00238322 -0.000315759 3.26676
18.425 0.00349625 0.00226068 -0.000299581 3.26233
18.45 0.0033358 0.00214354 -0.000284114 3.25791
18.475 0.00318166 0.00203163 -0.000269332 3.2535
18.5 0.00303364 0.00192476 -0.000255214 3.2491
18.525 0.00289155 0.00182277 -0.000241736 3.24472
18.55 0.00275523 0.00172547 -0.000228875 3.24035
18.575 0.00262449 0.00163269 -0.000216609 3.23599
18.6 0.00249917 0.00154428 -0.000204919 3.23164
18.625 0.00237907 0.00146008 -0.000193781 3.2273
18.65 0.00226405 0.00137991 -0.000183175 3.22297
18.675 0.00215392 0.00130363 -0.00017308 3.21866
18.7 0.00204852 0.00123108 -0.000163477 3.21435
18.725 0.00194769 0.0011621 -0.000154346 3.21006
18.75 0.00185128 0.00109657 -0.000145667 3.20578
18.775 0.00175911 0.00103432 -0.000137423 3.20151
18.8 0.00167105 0.000975234 -0.000129595 3.19726
18.825 0.00158693 0.000919167 -0.000122165 3.19301
18.85 0.00150662 0.000865992 -0.000115118 3.18878
18.875 0.00142996 0.000815582 -0.000108435 3.18455
18.9 0.00135683 0.000767814 -0.000102101 3.18034
18.925 0.00128708 0.000722572 -9.61006e-05 3.17614
18.95 0.00122057 0.00067974 -9.04187e-05 3.17195
18.975 0.00115719 0.000639207 -8.50408e-05 3.16777
19 0.00109681 0.000600867 -7.99528e-05 3.1636
19.025 0.0010393 0.000564618 -7.51412e-05 3.15944
19.05 0.000984539 0.000530359 -7.05928e-05 3.1553
19.075 0.000932423 0.000497994 -6.62952e-05 3.15116
19.1 0.000882837 0.000467433 -6.22362e-05 3.14704
19.125 0.000835673 0.000438586 -5.84042e-05 3.14292
19.15 0.000790827 0.000411369 -5.4788e-05 3.13882
19.175 0.000748199 0.000385699 -5.13767e-05 3.13473
19.2 0.000707691 0.000361499 -4.81601e-05 3.13065
19.225 0.000669209 0.000338692 -4.51282e-05 3.12658
19.25 0.000632663 0.000317208 -4.22717e-05 3.12252
19.275 0.000597966 0.000296977 -3.95812e-05 3.11847
19.3 0.000565033 0.000277933 -3.70482e-05 3.11443
19.325 0.000533784 0.000260013 -3.46643e-05 3.1104
19.35 0.00050414 0.000243156 -3.24216e-05 3.10638
19.375 0.000476026 0.000227305 -3.03123e-05 3.10237
19.4 0.000449371 0.000212405 -2.83292e-05 3.09837
19.425 0.000424104 0.000198402 -2.64654e-05 3.09438
19.45 0.00040016 0.000185248 -2.47142e-05 3.09041
19.475 0.000377475 0.000172893 -2.30693e-05 3.08644
19.5 0.000355986 0.000161293 -2.15247e-05 3.08248
19.525 0.000335636 0.000150403 -2.00746e-05 3.07854
19.55 0.000316368 0.000140183 -1.87135e-05 3.0746
19.575 0.000298128 0.000130592 -1.74361e-05 3.07067
19.6 0.000280864 0.000121594 -1.62376e-05 3.06676
19.625 0.000264527 0.000113152 -1.51132e-05 3.06285
19.65 0.00024907 0.000105232 -1.40584e-05 3.05895
19.675 0.000234446 9.7802e-05 -1.30688e-05 3.05507
19.7 0.000220614 9.08306e-05 -1.21404e-05 3.05119
19.725 0.00020753 8.42884e-05 -1.12693e-05 3.04732
19.75 0.000195157 7.81472e-05 -1.04517e-05 3.04347
19.775 0.000183455 7.23801e-05 -9.6842e-06 3.03962
19.8 0.000172389 6.69615e-05 -8.96331e-06 3.03578
19.825 0.000161924 6.18669e-05 -8.28583e-06 3.03195
19.85 0.000152028 5.70728e-05 -7.64866e-06 3.02813
19.875 0.000142668 5.25565e-05 -7.04887e-06 3.02432
19.9 0.000133815 4.82966e-05 -6.48361e-06 3.02052
19.925 0.00012544 4.42721e-05 -5.95017e-06 3.01673
19.95 0.000117516 4.04627e-05 -5.44588e-06 3.01295
19.975 0.000110016 3.68506e-05 -4.96844e-06 3.00918
20 0.000102915 3.34118e-05 -4.51476e-06 3.00542
