0 456.511 379.553 -4.02362 10.0382
0.025 456.511 379.553 -4.02362 10.0382
0.05 456.252 379.103 -4.03258 10.0374
0.075 456.203 379.046 -4.05042 10.0364
0.1 456.142 378.963 -4.07537 10.0354
0.125 456.077 378.907 -4.10743 10.0342
0.15 456.002 378.846 -4.14646 10.0326
0.175 455.916 378.778 -4.19237 10.0307
0.2 455.819 378.701 -4.24501 10.0285
0.225 455.711 378.617 -4.30425 10.026
0.25 455.59 378.524 -4.36993 10.0233
0.275 455.459 378.423 -4.44188 10.0202
0.3 455.315 378.313 -4.51991 10.0168
0.325 455.16 378.195 -4.6038 10.0132
0.35 454.996 378.068 -4.69335 10.0094
0.375 454.819 377.934 -4.78831 10.0052
0.4 454.631 377.792 -4.88844 10.0007
0.425 454.433 377.643 -4.99347 9.99598
0.45 454.224 377.487 -5.10313 9.99096
0.475 454.006 377.323 -5.21713 9.98569
0.5 453.777 377.154 -5.3352 9.98012
0.525 453.54 376.978 -5.45698 9.9743
0.55 453.293 376.796 -5.58219 9.96817
0.575 453.038 376.609 -5.71051 9.9618
0.6 452.774 376.417 -5.84161 9.95517
0.625 452.502 376.221 -5.97513 9.94826
0.65 452.223 376.02 -6.11075 9.94107
0.675 451.936 375.815 -6.24812 9.93364
0.7 451.643 375.606 -6.38689 9.92596
0.725 451.343 375.394 -6.5267 9.91803
0.75 451.037 375.18 -6.66721 9.90982
0.775 450.726 374.962 -6.80806 9.90135
0.8 450.408 374.743 -6.94889 9.89264
0.825 450.086 374.522 -7.08936 9.88369
0.85 449.76 374.299 -7.22911 9.87448
0.875 449.429 374.075 -7.36781 9.86504
0.9 449.093 373.85 -7.5051 9.85534
0.925 448.755 373.625 -7.64066 9.8454
0.95 448.413 373.398 -7.77414 9.83523
0.975 448.068 373.172 -7.90524 9.82481
1 447.72 372.945 -8.03362 9.81415
1.025 447.369 372.719 -8.15899 9.80326
1.05 447.016 372.493 -8.28105 9.79215
1.075 446.662 372.266 -8.39951 9.7808
1.1 446.305 372.041 -8.51409 9.76922
1.125 445.946 371.815 -8.62453 9.75739
1.15 445.586 371.59 -8.73056 9.74535
1.175 445.224 371.365 -8.83197 9.73309
1.2 444.86 371.14 -8.9285 9.7206
1.225 444.495 370.915 -9.01996 9.70788
1.25 444.127 370.69 -9.10614 9.69493
1.275 443.758 370.465 -9.18685 9.68176
1.3 443.387 370.239 -9.26195 9.66838
1.325 443.014 370.012 -9.33126 9.65477
1.35 442.638 369.783 -9.39464 9.64093
1.375 442.259 369.552 -9.45197 9.62687
1.4 441.877 369.317 -9.50316 9.61261
1.425 441.492 369.081 -9.5481 9.59812
1.45 441.102 368.841 -9.58673 9.58341
1.475 440.708 368.598 -9.61899 9.56847
1.5 440.309 368.349 -9.64485 9.55331
1.525 439.903 368.095 -9.66428 9.53794
1.55 439.491 367.835 -9.67728 9.52235
1.575 439.072 367.567 -9.68381 9.50654
1.6 438.645 367.292 -9.68401 9.4905
1.625 438.209 367.008 -9.67785 9.47424
1.65 437.763 366.714 -9.66542 9.45776
1.675 437.307 366.41 -9.64677 9.44106
1.7 436.839 366.094 -9.62202 9.42413
1.725 436.358 365.765 -9.59127 9.40698
1.75 435.86 365.423 -9.55463 9.38961
1.775 435.35 365.066 -9.51225 9.37202
1.8 434.824 364.693 -9.46428 9.35419
1.825 434.281 364.303 -9.41088 9.33613
1.85 433.719 363.896 -9.35229 9.31785
1.875 433.141 363.469 -9.28858 9.29934
1.9 432.538 363.021 -9.22001 9.28059
1.925 431.913 362.552 -9.14678 9.26162
1.95 431.264 362.061 -9.06913 9.24241
1.975 430.59 361.545 -8.98727 9.22297
2 429.889 361.004 -8.90146 9.2033
2.025 429.16 360.437 -8.81192 9.18339
2.05 428.402 359.843 -8.71893 9.16323
2.075 427.613 359.219 -8.62272 9.14284
2.1 426.792 358.566 -8.52358 9.12222
2.125 425.937 357.882 -8.42176 9.10136
2.15 425.047 357.165 -8.31753 9.08025
2.175 424.12 356.415 -8.21118 9.0589
2.2 423.155 355.631 -8.10298 9.03731
2.225 422.151 354.81 -7.99319 9.01547
2.25 421.106 353.953 -7.88211 8.99339
2.275 420.019 353.058 -7.76999 8.97107
2.3 418.888 352.123 -7.65711 8.9485
2.325 417.712 351.149 -7.54375 8.92569
2.35 416.489 350.133 -7.43017 8.90263
2.375 415.219 349.075 -7.31662 8.87932
2.4 413.9 347.974 -7.20337 8.85577
2.425 412.531 346.828 -7.09066 8.83197
2.45 411.11 345.638 -6.97874 8.80793
2.475 409.637 344.401 -6.86784 8.78364
2.5 408.11 343.118 -6.75819 8.7591
2.525 406.528 341.786 -6.65 8.73432
2.55 404.89 340.406 -6.54349 8.7093
2.575 403.195 338.977 -6.43886 8.68403
2.6 401.442 337.497 -6.33629 8.65852
2.625 399.631 335.966 -6.23595 8.63277
2.65 397.76 334.384 -6.13802 8.60678
2.675 395.829 332.75 -6.04265 8.58055
2.7 393.836 331.062 -5.94997 8.55409
2.725 391.782 329.321 -5.86013 8.52728
2.75 389.665 327.53 -5.77322 8.50045
2.775 387.485 325.681 -5.68935 8.47329
2.8 385.242 323.776 -5.60864 8.4459
2.825 382.934 321.817 -5.53113 8.41828
2.85 380.563 319.802 -5.4569 8.39044
2.875 378.127 317.73 -5.386 8.36237
2.9 375.626 315.6 -5.31846 8.33409
2.925 373.061 313.416 -5.25431 8.3056
2.95 370.43 311.176 -5.19356 8.27689
2.975 367.731 308.88 -5.13622 8.24798
3 364.971 306.526 -5.08226 8.21886
3.025 362.146 304.117 -5.03165 8.18954
3.05 359.257 301.651 -4.98437 8.16003
3.075 356.309 299.129 -4.94036 8.13032
3.1 353.292 296.551 -4.89957 8.10043
3.125 350.212 293.918 -4.86192 8.07035
3.15 347.071 291.23 -4.82734 8.0401
3.175 343.868 288.487 -4.79574 8.00967
3.2 340.604 285.69 -4.76701 7.97908
3.225 337.28 282.84 -4.74105 7.94832
3.25 333.898 279.938 -4.71774 7.9174
3.275 330.457 276.983 -4.697 7.88634
3.3 326.96 273.978 -4.67863 7.85512
3.325 323.407 270.923 -4.66253 7.82376
3.35 319.8 267.82 -4.64857 7.79227
3.375 316.14 264.668 -4.63659 7.76065
3.4 312.429 261.471 -4.62645 7.72891
3.425 308.669 258.228 -4.618 7.69704
3.45 304.861 254.942 -4.61108 7.66507
3.475 301.006 251.613 -4.60553 7.63299
3.5 297.108 248.244 -4.6012 7.60082
3.525 293.167 244.837 -4.59793 7.56855
3.55 289.186 241.392 -4.59556 7.5362
3.575 285.166 237.912 -4.59394 7.50377
3.6 281.111 234.398 -4.5929 7.47127
3.625 277.022 230.853 -4.59228 7.43871
3.65 272.901 227.279 -4.59197 7.40608
3.675 268.75 223.677 -4.59175 7.37341
3.7 264.573 220.051 -4.59152 7.34069
3.725 260.372 216.401 -4.59112 7.30793
3.75 256.149 212.731 -4.59041 7.27515
3.775 251.906 209.043 -4.58925 7.24234
3.8 247.647 205.338 -4.58753 7.20952
3.825 243.373 201.621 -4.5851 7.17668
3.85 239.088 197.892 -4.58185 7.14384
3.875 234.795 194.154 -4.57767 7.11101
3.9 230.495 190.407 -4.57245 7.07819
3.925 226.191 186.661 -4.56609 7.04538
3.95 221.887 182.913 -4.55849 7.0126
3.975 217.585 179.167 -4.54957 6.97987
4 213.287 175.425 -4.53924 6.94714
4.025 208.997 171.69 -4.52743 6.91448
4.05 204.717 167.964 -4.51407 6.88186
4.075 200.449 164.25 -4.49911 6.8493
4.1 196.197 160.55 -4.48249 6.81681
4.125 191.963 156.867 -4.46417 6.78438
4.15 187.749 153.202 -4.44411 6.75203
4.175 183.558 149.56 -4.42228 6.71976
4.2 179.389 145.941 -4.39864 6.68758
4.225 175.251 142.349 -4.3732 6.65549
4.25 171.148 138.785 -4.34593 6.6235
4.275 167.073 135.252 -4.31684 6.59161
4.3 163.034 131.751 -4.28592 6.55983
4.325 159.031 128.286 -4.25319 6.52817
4.35 155.067 124.857 -4.21866 6.49662
4.375 151.144 121.468 -4.18235 6.4652
4.4 147.265 118.118 -4.14429 6.43391
4.425 143.43 114.812 -4.10454 6.40275
4.45 139.642 111.549 -4.06308 6.37173
4.475 135.902 108.332 -4.01997 6.34085
4.5 132.213 105.162 -3.97528 6.31011
4.525 128.575 102.04 -3.92904 6.27953
4.55 124.99 98.969 -3.88132 6.24909
4.575 121.459 95.9486 -3.83216 6.21882
4.6 117.984 92.9804 -3.78164 6.1887
4.625 114.565 90.0654 -3.72981 6.15875
4.65 111.204 87.2046 -3.67674 6.12897
4.675 107.902 84.3989 -3.62251 6.09935
4.7 104.66 81.6488 -3.56719 6.06991
4.725 101.477 78.9552 -3.51085 6.04064
4.75 98.3558 76.3185 -3.45356 6.01154
4.775 95.296 73.7391 -3.3954 5.98263
4.8 92.2982 71.2176 -3.33646 5.95389
4.825 89.3629 68.754 -3.2768 5.92534
4.85 86.4902 66.3487 -3.21651 5.89698
4.875 83.6805 64.0016 -3.15567 5.8688
4.9 80.9339 61.7129 -3.09435 5.84081
4.925 78.2504 59.4824 -3.03264 5.813
4.95 75.6299 57.31 -2.9706 5.78539
4.975 73.0725 55.1955 -2.90833 5.75797
5 70.5778 53.1385 -2.84589 5.73074
5.025 68.1457 51.1387 -2.7833 5.7037
5.05 65.7757 49.1958 -2.72075 5.67685
5.075 63.4676 47.309 -2.65826 5.6502
5.1 61.2208 45.478 -2.59589 5.62375
5.125 59.0349 43.702 -2.53371 5.59749
5.15 56.9091 41.9805 -2.47179 5.57142
5.175 54.843 40.3126 -2.4102 5.54555
5.2 52.8358 38.6977 -2.34898 5.51987
5.225 50.8865 37.1348 -2.28821 5.49438
5.25 48.9949 35.6232 -2.22794 5.46909
5.275 47.1599 34.162 -2.16823 5.444
5.3 45.3807 32.7501 -2.10911 5.41909
5.325 43.6562 31.3868 -2.05066 5.39438
5.35 41.9857 30.0709 -1.9929 5.36986
5.375 40.368 28.8015 -1.93588 5.34553
5.4 38.8024 27.5776 -1.87965 5.3214
5.425 37.2878 26.398 -1.82424 5.29745
5.45 35.8231 25.2619 -1.76968 5.27369
5.475 34.4072 24.168 -1.71601 5.25012
5.5 33.0392 23.1153 -1.66326 5.22673
5.525 31.718 22.1028 -1.61146 5.20354
5.55 30.4424 21.1293 -1.56061 5.18052
5.575 29.2114 20.1938 -1.51076 5.15769
5.6 28.0239 19.2951 -1.46192 5.13504
5.625 26.8788 18.4323 -1.41409 5.11257
5.65 25.7749 17.6041 -1.36731 5.09028
5.675 24.7113 16.8096 -1.32157 5.06817
5.7 23.6868 16.0476 -1.27688 5.04624
5.725 22.7003 15.3172 -1.23326 5.02448
5.75 21.7507 14.6173 -1.1907 5.0029
5.775 20.837 13.9469 -1.14922 4.98149
5.8 19.9581 13.3049 -1.1088 4.96025
5.825 19.113 12.6905 -1.06945 4.93918
5.85 18.3006 12.1025 -1.03117 4.91828
5.875 17.5199 11.5401 -0.99394 4.89754
5.9 16.7699 11.0023 -0.957766 4.87697
5.925 16.0496 10.4882 -0.922634 4.85657
5.95 15.358 9.99692 -0.888537 4.83632
5.975 14.6942 9.52759 -0.855462 4.81624
6 14.0572 9.07935 -0.823397 4.79632
6.025 13.4461 8.65137 -0.79233 4.77655
6.05 12.8601 8.24285 -0.762245 4.75694
6.075 12.2981 7.853 -0.733126 4.73749
6.1 11.7595 7.48107 -0.704959 4.71818
6.125 11.2432 7.12631 -0.677724 4.69903
6.15 10.7486 6.78802 -0.651406 4.68003
6.175 10.2748 6.4655 -0.625985 4.66118
6.2 9.82104 6.15807 -0.601442 4.64248
6.225 9.38656 5.8651 -0.577758 4.62392
6.25 8.97064 5.58596 -0.554913 4.6055
6.275 8.57255 5.32004 -0.532887 4.58723
6.3 8.1916 5.06676 -0.511659 4.5691
6.325 7.82713 4.82556 -0.49121 4.55111
6.35 7.47849 4.5959 -0.471518 4.53326
6.375 7.14503 4.37725 -0.452562 4.51554
6.4 6.82616 4.16912 -0.434323 4.49796
6.425 6.52128 3.97102 -0.416778 4.48051
6.45 6.22982 3.7825 -0.399908 4.4632
6.475 5.95122 3.6031 -0.383691 4.44601
6.5 5.68497 3.4324 -0.368107 4.42896
6.525 5.43053 3.27 -0.353137 4.41203
6.55 5.18742 3.11549 -0.338759 4.39524
6.575 4.95516 2.96851 -0.324955 4.37856
6.6 4.73328 2.82869 -0.311705 4.36202
6.625 4.52135 2.69569 -0.298989 4.34559
6.65 4.31893 2.56918 -0.286789 4.32929
6.675 4.12561 2.44884 -0.275086 4.31311
6.7 3.94099 2.33437 -0.263862 4.29704
6.725 3.7647 2.22549 -0.2531 4.2811
6.75 3.59637 2.12192 -0.242782 4.26527
6.775 3.43565 2.02339 -0.232891 4.24956
6.8 3.2822 1.92967 -0.22341 4.23396
6.825 3.1357 1.8405 -0.214325 4.21847
6.85 2.99583 1.75566 -0.205618 4.2031
6.875 2.8623 1.67493 -0.197275 4.18783
6.9 2.73482 1.59811 -0.189282 4.17268
6.925 2.61312 1.52501 -0.181623 4.15764
6.95 2.49694 1.45543 -0.174286 4.1427
6.975 2.38603 1.38919 -0.167256 4.12787
7 2.28014 1.32614 -0.160521 4.11314
7.025 2.17905 1.2661 -0.154068 4.09852
7.05 2.08254 1.20892 -0.147885 4.084
7.075 1.99039 1.15447 -0.141962 4.06959
7.1 1.90241 1.1026 -0.136286 4.05527
7.125 1.81841 1.05318 -0.130846 4.04105
7.15 1.7382 1.00609 -0.125634 4.02694
7.175 1.66161 0.961211 -0.120637 4.01292
7.2 1.58846 0.918436 -0.115848 3.99899
7.225 1.51862 0.877656 -0.111258 3.98517
7.25 1.45191 0.838773 -0.106856 3.97144
7.275 1.38819 0.801693 -0.102635 3.9578
7.3 1.32734 0.766326 -0.0985879 3.94425
7.325 1.26921 0.732587 -0.0947057 3.9308
7.35 1.21368 0.700396 -0.0909816 3.91744
7.375 1.16064 0.669678 -0.0874086 3.90417
7.4 1.10996 0.640361 -0.0839802 3.89099
7.425 1.06154 0.612376 -0.0806899 3.87789
7.45 1.01527 0.585661 -0.0775318 3.86489
7.475 0.971065 0.560152 -0.0745001 3.85197
7.5 0.92882 0.535794 -0.0715893 3.83914
7.525 0.888449 0.512531 -0.0687941 3.82639
7.55 0.849866 0.49031 -0.0661097 3.81372
7.575 0.81299 0.469084 -0.0635312 3.80114
7.6 0.777744 0.448805 -0.0610543 3.78865
7.625 0.744053 0.42943 -0.0586745 3.77623
7.65 0.711848 0.410915 -0.0563878 3.76389
7.675 0.681061 0.39322 -0.0541903 3.75164
7.7 0.651628 0.376309 -0.0520783 3.73946
7.725 0.623489 0.360145 -0.0500482 3.72737
7.75 0.596585 0.344693 -0.0480968 3.71535
7.775 0.570861 0.329921 -0.0462207 3.70341
7.8 0.546263 0.315797 -0.044417 3.69154
7.825 0.522742 0.302293 -0.0426827 3.67975
7.85 0.500249 0.289379 -0.041015 3.66804
7.875 0.478737 0.277028 -0.0394112 3.6564
7.9 0.458164 0.265216 -0.0378689 3.64483
7.925 0.438488 0.253917 -0.0363856 3.63333
7.95 0.419667 0.243109 -0.034959 3.62191
7.975 0.401665 0.232769 -0.0335869 3.61056
8 0.384445 0.222875 -0.0322671 3.59928
8.025 0.367971 0.213408 -0.0309977 3.58807
8.05 0.352212 0.204349 -0.0297766 3.57693
8.075 0.337134 0.195678 -0.0286021 3.56586
8.1 0.322709 0.187379 -0.0274723 3.55486
8.125 0.308909 0.179435 -0.0263856 3.54393
8.15 0.295702 0.17183 -0.0253403 3.53306
8.175 0.283066 0.164548 -0.0243349 3.52226
8.2 0.270973 0.157577 -0.0233678 3.51152
8.225 0.259402 0.150901 -0.0224377 3.50085
8.25 0.248328 0.144509 -0.0215431 3.49025
8.275 0.237731 0.138387 -0.0206828 3.4797
8.3 0.22759 0.132525 -0.0198555 3.46923
8.325 0.217885 0.126911 -0.0190599 3.45881
8.35 0.208597 0.121534 -0.018295 3.44846
8.375 0.199705 0.116385 -0.0175596 3.43817
8.4 0.191202 0.111455 -0.0168527 3.42794
8.425 0.183062 0.106733 -0.0161732 3.41777
8.45 0.175273 0.102213 -0.0155202 3.40766
8.475 0.16782 0.0978853 -0.0148927 3.39761
8.5 0.160688 0.0937428 -0.0142898 3.38762
8.525 0.153866 0.0897782 -0.0137107 3.37769
8.55 0.147339 0.0859844 -0.0131546 3.36781
8.575 0.141095 0.082355 -0.0126206 3.358
8.6 0.135123 0.0788836 -0.012108 3.34824
8.625 0.129412 0.0755641 -0.011616 3.33853
8.65 0.12395 0.0723909 -0.011144 3.32889
8.675 0.118728 0.0693582 -0.0106913 3.3193
8.7 0.113736 0.0664609 -0.0102571 3.30976
8.725 0.108964 0.0636937 -0.00984089 3.30028
8.75 0.104403 0.0610517 -0.00944203 3.29085
8.775 0.100045 0.0585301 -0.0090599 3.28148
8.8 0.0958811 0.0561241 -0.00869392 3.27216
8.825 0.0919029 0.0538292 -0.00834353 3.26289
8.85 0.088103 0.051641 -0.00800816 3.25368
8.875 0.0844737 0.049555 -0.00768729 3.24451
8.9 0.0810079 0.0475672 -0.00738038 3.2354
8.925 0.0776986 0.0456735 -0.00708693 3.22634
8.95 0.0745389 0.0438696 -0.00680641 3.21733
8.975 0.0715224 0.0421516 -0.00653833 3.20837
9 0.0686423 0.0405157 -0.00628224 3.19946
9.025 0.0658933 0.0389579 -0.00603763 3.1906
9.05 0.063269 0.0374746 -0.00580407 3.18179
9.075 0.0607637 0.0360621 -0.00558106 3.17303
9.1 0.0583719 0.0347168 -0.00536817 3.16431
9.125 0.0560882 0.0334353 -0.00516497 3.15564
9.15 0.0539075 0.0322142 -0.00497103 3.14702
9.175 0.0518249 0.0310501 -0.00478592 3.13845
9.2 0.0498354 0.0299399 -0.00460923 3.12992
9.225 0.0479346 0.0288805 -0.00444058 3.12144
9.25 0.0461179 0.0278689 -0.00427955 3.11301
9.275 0.0443817 0.0269023 -0.00412579 3.10462
9.3 0.0427207 0.0259779 -0.0039789 3.09628
9.325 0.0411318 0.0250931 -0.00383855 3.08798
9.35 0.0396111 0.0242455 -0.00370439 3.07972
9.375 0.0381552 0.0234327 -0.00357608 3.07151
9.4 0.0367606 0.0226526 -0.00345331 3.06334
9.425 0.0354242 0.021903 -0.00333576 3.05522
9.45 0.034143 0.0211821 -0.00322315 3.04714
9.475 0.0329142 0.0204881 -0.0031152 3.0391
9.5 0.031735 0.0198193 -0.00301164 3.03111
9.525 0.0306031 0.0191743 -0.00291222 3.02315
9.55 0.029516 0.0185518 -0.00281671 3.01524
9.575 0.0284715 0.0179504 -0.00272489 3.00737
9.6 0.0274676 0.0173691 -0.00263654 2.99954
9.625 0.0265024 0.016807 -0.00255148 2.99175
9.65 0.0255741 0.0162631 -0.00246952 2.984
9.675 0.0246812 0.0157368 -0.0023905 2.97629
9.7 0.023822 0.0152274 -0.00231426 2.96862
9.725 0.0229952 0.0147342 -0.00224068 2.96099
9.75 0.0221995 0.014257 -0.00216961 2.9534
9.775 0.0214336 0.0137952 -0.00210094 2.94585
9.8 0.0206965 0.0133485 -0.00203457 2.93834
9.825 0.0199872 0.0129166 -0.00197039 2.93086
9.85 0.0193046 0.0124994 -0.00190833 2.92343
9.875 0.018648 0.0120966 -0.00184831 2.91603
9.9 0.0180163 0.011708 -0.00179024 2.90866
9.925 0.0174089 0.0113335 -0.00173408 2.90134
9.95 0.016825 0.0109729 -0.00167976 2.89405
9.975 0.0162638 0.010626 -0.00162723 2.8868
10 0.0157248 0.0102928 -0.00157644 2.87958
10.025 0.0152071 0.00997298 -0.00152735 2.8724
10.05 0.0147101 0.00966641 -0.00147992 2.86526
10.075 0.0142332 0.00937286 -0.00143411 2.85815
10.1 0.0137757 0.00909208 -0.00138988 2.85108
10.125 0.013337 0.00882378 -0.00134719 2.84404
10.15 0.0129163 0.00856765 -0.001306 2.83704
10.175 0.0125132 0.00832333 -0.00126628 2.83007
10.2 0.0121268 0.00809043 -0.00122799 2.82313
10.225 0.0117566 0.00786852 -0.0011911 2.81623
10.25 0.0114018 0.00765713 -0.00115555 2.80937
10.275 0.0110617 0.00745563 -0.00112131 2.80253
10.3 0.0107358 0.0072638 -0.00108834 2.79573
10.325 0.0104232 0.00708085 -0.00105659 2.78896
10.35 0.0101233 0.00690631 -0.00102601 2.78223
10.375 0.00983544 0.00673969 -0.000996553 2.77553
10.4 0.00955887 0.0065801 -0.00096816 2.76885
10.425 0.00929292 0.00642703 -0.000940809 2.76222
10.45 0.00903693 0.0062799 -0.000914418 2.75561
10.475 0.00879023 0.00613808 -0.000888941 2.74903
10.5 0.00855218 0.00600097 -0.000864327 2.74249
10.525 0.00832216 0.00586798 -0.000840521 2.73598
10.55 0.00809956 0.00573856 -0.000817467 2.7295
10.575 0.00788383 0.00561215 -0.000795117 2.72304
10.6 0.00767442 0.00548836 -0.000773432 2.71662
10.625 0.00747083 0.00536649 -0.000752329 2.71023
10.65 0.00727258 0.00524624 -0.000731776 2.70387
10.675 0.00707925 0.00512721 -0.000711728 2.69754
10.7 0.00689045 0.00500908 -0.000692142 2.69124
10.725 0.00670583 0.00489157 -0.000672977 2.68497
10.75 0.0065251 0.00477444 -0.000654196 2.67873
10.775 0.00634799 0.00465746 -0.000635767 2.67251
10.8 0.00617429 0.00454058 -0.000617647 2.66633
10.825 0.00600383 0.00442376 -0.000599838 2.66017
10.85 0.00583649 0.00430696 -0.000582304 2.65404
10.875 0.00567219 0.00419021 -0.00056503 2.64794
10.9 0.00551089 0.00407361 -0.000548004 2.64187
10.925 0.00535257 0.0039573 -0.000531223 2.63583
10.95 0.00519729 0.00384145 -0.000514664 2.62981
10.975 0.0050451 0.00372627 -0.000498349 2.62382
11 0.00489609 0.00361207 -0.000482273 2.61786
11.025 0.00475039 0.0034991 -0.000466447 2.61193
11.05 0.00460814 0.00338768 -0.00045088 2.60602
11.075 0.0044695 0.00327816 -0.000435587 2.60014
11.1 0.00433465 0.00317087 -0.000420586 2.59428
11.125 0.00420377 0.00306617 -0.000405897 2.58845
11.15 0.00407707 0.00296444 -0.000391542 2.58265
11.175 0.00395472 0.00286601 -0.000377543 2.57687
11.2 0.00383692 0.00277126 -0.000363925 2.57112
11.225 0.00372385 0.0026805 -0.000350712 2.5654
11.25 0.00361567 0.00259407 -0.000337931 2.5597
11.275 0.00351255 0.00251224 -0.000325605 2.55402
11.3 0.00341463 0.00243528 -0.000313758 2.54837
11.325 0.00332201 0.00236343 -0.000302414 2.54275
11.35 0.00323479 0.00229688 -0.000291594 2.53715
11.375 0.00315303 0.00223581 -0.000281316 2.53158
11.4 0.00307677 0.00218028 -0.000271598 2.52603
11.425 0.00300601 0.00213038 -0.000262456 2.5205
11.45 0.00294072 0.00208613 -0.000253897 2.515
11.475 0.00288086 0.00204748 -0.00024593 2.50952
11.5 0.00282634 0.00201442 -0.000238561 2.50407
11.525 0.002777 0.00198677 -0.000231791 2.49863
11.55 0.00273269 0.00196446 -0.000225615 2.49323
11.575 0.00269324 0.00194719 -0.000220027 2.48784
11.6 0.00265843 0.00193473 -0.000215015 2.48248
11.625 0.00262801 0.0019268 -0.000210576 2.47715
11.65 0.00260167 0.00192309 -0.000206674 2.47183
11.675 0.00257919 0.00192324 -0.000203309 2.46654
11.7 0.00256023 0.00192686 -0.000200438 2.46127
11.725 0.00254445 0.00193354 -0.00019804 2.45602
11.75 0.00253151 0.00194286 -0.000196085 2.4508
11.775 0.00252104 0.00195438 -0.000194538 2.4456
11.8 0.00251269 0.00196764 -0.000193366 2.44042
11.825 0.00250608 0.00198219 -0.00019253 2.43526
11.85 0.00250086 0.00199756 -0.000191992 2.43012
11.875 0.00249665 0.0020133 -0.00019171 2.42501
11.9 0.0024931 0.00202897 -0.000191646 2.41991
11.925 0.00248987 0.00204414 -0.000191757 2.41484
11.95 0.00248661 0.00205839 -0.000192002 2.40979
11.975 0.00248303 0.00207134 -0.000192341 2.40476
12 0.00247881 0.00208263 -0.000192733 2.39975
12.025 0.0024737 0.00209191 -0.00019314 2.39477
12.05 0.00246744 0.00209891 -0.000193526 2.3898
12.075 0.00245981 0.00210334 -0.000193854 2.38485
12.1 0.00245062 0.00210498 -0.000194092 2.37993
12.125 0.00243972 0.00210368 -0.00019421 2.37502
12.15 0.00242698 0.00209927 -0.000194181 2.37013
12.175 0.00241229 0.00209167 -0.000193978 2.36527
12.2 0.00239561 0.00208081 -0.000193584 2.36042
12.225 0.00237689 0.00206668 -0.000192979 2.3556
12.25 0.00235615 0.00204933 -0.00019215 2.35079
12.275 0.00233341 0.00202881 -0.000191085 2.346
12.3 0.00230874 0.00200526 -0.000189778 2.34124
12.325 0.00228225 0.00197878 -0.000188226 2.33649
12.35 0.00225404 0.00194961 -0.000186428 2.33176
12.375 0.00222428 0.00191796 -0.000184392 2.32705
12.4 0.00219314 0.00188409 -0.000182119 2.32236
12.425 0.00216081 0.00184824 -0.000179624 2.31769
12.45 0.00212751 0.00181077 -0.000176916 2.31304
12.475 0.00209346 0.00177196 -0.000174017 2.3084
12.5 0.00205891 0.00173217 -0.000170944 2.30379
12.525 0.00202412 0.00169175 -0.000167719 2.29919
12.55 0.00198933 0.00165105 -0.000164368 2.29461
12.575 0.00195483 0.00161044 -0.000160905 2.29005
12.6 0.00192088 0.00157027 -0.000157368 2.28551
12.625 0.00188773 0.00153091 -0.000153782 2.28098
12.65 0.00185565 0.00149271 -0.000150174 2.27647
12.675 0.00182489 0.00145601 -0.000146573 2.27199
12.7 0.00179569 0.00142112 -0.000143009 2.26751
12.725 0.00176827 0.00138835 -0.000139509 2.26306
12.75 0.00174284 0.00135798 -0.000136103 2.25862
12.775 0.00171961 0.00133027 -0.000132816 2.25421
12.8 0.00169874 0.00130544 -0.000129675 2.2498
12.825 0.00168037 0.00128369 -0.000126705 2.24542
12.85 0.00166465 0.00126519 -0.000123928 2.24105
12.875 0.00165167 0.00125007 -0.000121366 2.2367
12.9 0.00164151 0.00123842 -0.000119036 2.23237
12.925 0.00163422 0.00123033 -0.000116955 2.22805
12.95 0.00162983 0.0012258 -0.000115137 2.22375
12.975 0.00162833 0.00122484 -0.000113592 2.21947
13 0.00162971 0.00122739 -0.00011233 2.2152
13.025 0.0016339 0.00123339 -0.000111356 2.21095
13.05 0.00164084 0.00124272 -0.000110673 2.20671
13.075 0.00165041 0.00125525 -0.000110279 2.2025
13.1 0.00166249 0.00127079 -0.000110173 2.19829
13.125 0.00167693 0.00128919 -0.000110349 2.19411
13.15 0.00169358 0.00131015 -0.0001108 2.18994
13.175 0.00171226 0.00133343 -0.000111515 2.18578
13.2 0.00173278 0.00135882 -0.000112478 2.18164
13.225 0.00175489 0.001386 -0.000113674 2.17752
13.25 0.00177837 0.00141468 -0.000115089 2.17341
13.275 0.00180304 0.00144454 -0.000116702 2.16932
13.3 0.00182863 0.00147526 -0.000118493 2.16524
13.325 0.00185491 0.00150653 -0.000120439 2.16118
13.35 0.00188164 0.00153801 -0.000122517 2.15714
13.375 0.00190858 0.00156939 -0.000124704 2.15311
13.4 0.0019355 0.00160035 -0.000126975 2.14909
13.425 0.00196217 0.00163058 -0.000129305 2.14509
13.45 0.00198838 0.00165979 -0.000131669 2.1411
13.475 0.00201392 0.0016877 -0.000134043 2.13713
13.5 0.0020386 0.00171405 -0.000136403 2.13317
13.525 0.00206225 0.00173859 -0.000138725 2.12923
13.55 0.00208471 0.00176111 -0.000140988 2.1253
13.575 0.00210584 0.00178142 -0.000143171 2.12139
13.6 0.00212553 0.00179934 -0.000145254 2.11749
13.625 0.00214368 0.00181475 -0.000147221 2.11361
13.65 0.00216023 0.00182753 -0.000149055 2.10974
13.675 0.00217513 0.00183761 -0.000150743 2.10588
13.7 0.00218836 0.00184495 -0.000152274 2.10204
13.725 0.00219993 0.00184954 -0.000153639 2.09821
13.75 0.00220988 0.0018514 -0.000154831 2.0944
13.775 0.00221825 0.00185059 -0.000155848 2.0906
13.8 0.00222514 0.00184719 -0.000156687 2.08681
13.825 0.00223065 0.00184135 -0.000157352 2.08304
13.85 0.00223493 0.00183319 -0.000157845 2.07928
13.875 0.00223812 0.0018229 -0.000158175 2.07553
13.9 0.00224042 0.0018107 -0.00015835 2.0718
13.925 0.00224203 0.00179683 -0.000158383 2.06808
13.95 0.00224317 0.00178156 -0.00015829 2.06438
13.975 0.00224408 0.00176517 -0.000158089 2.06069
14 0.00224503 0.00174798 -0.000157797 2.05701
14.025 0.0022463 0.00173033 -0.000157436 2.05334
14.05 0.00224816 0.00171255 -0.000157031 2.04969
14.075 0.00225093 0.00169502 -0.000156608 2.04605
14.1 0.00225491 0.00167811 -0.000156194 2.04242
14.125 0.00226041 0.00166219 -0.000155818 2.03881
14.15 0.00226776 0.00164767 -0.000155509 2.03521
14.175 0.00227728 0.00163493 -0.000155299 2.03162
14.2 0.0022893 0.00162437 -0.00015522 2.02804
14.225 0.00230413 0.00161638 -0.000155305 2.02448
14.25 0.00232208 0.00161135 -0.000155585 2.02093
14.275 0.00234347 0.00160965 -0.000156093 2.01739
14.3 0.0023686 0.00161165 -0.000156863 2.01386
14.325 0.00239774 0.00161772 -0.000157927 2.01035
14.35 0.00243119 0.00162818 -0.000159315 2.00685
14.375 0.00246919 0.00164339 -0.000161059 2.00336
14.4 0.002512 0.00166363 -0.00016319 1.99988
14.425 0.00255982 0.00168915 -0.000165738 1.99642
14.45 0.00261287 0.00172023 -0.000168723 1.99296
14.475 0.00267132 0.0017571 -0.000172173 1.98952
14.5 0.00273534 0.00179996 -0.000176112 1.98609
14.525 0.00280505 0.001849 -0.000180561 1.98267
14.55 0.00288057 0.00190436 -0.000185539 1.97927
14.575 0.00296196 0.00196615 -0.000191058 1.97587
14.6 0.00304929 0.00203446 -0.00019714 1.97249
14.625 0.0031426 0.00210935 -0.000203794 1.96912
14.65 0.00324186 0.00219083 -0.000211028 1.96576
14.675 0.00334707 0.00227889 -0.000218847 1.96241
14.7 0.00345815 0.00237349 -0.000227256 1.95908
14.725 0.00357503 0.00247455 -0.000236255 1.95575
14.75 0.00369759 0.00258198 -0.000245841 1.95244
14.775 0.00382569 0.00269562 -0.00025601 1.94913
14.8 0.00395917 0.00281531 -0.00026676 1.94584
14.825 0.00409784 0.00294086 -0.000278066 1.94256
14.85 0.00424147 0.00307203 -0.000289922 1.93929
14.875 0.00438984 0.00320858 -0.000302311 1.93603
14.9 0.00454267 0.00335022 -0.000315215 1.93279
14.925 0.00469969 0.00349666 -0.000328611 1.92955
14.95 0.00486058 0.00364758 -0.000342477 1.92632
14.975 0.00502503 0.0038025 -0.000356785 1.92311
15 0.00519269 0.0039613 -0.000371507 1.9199
15.025 0.00536321 0.00412349 -0.000386613 1.91671
15.05 0.00553621 0.00428863 -0.000402071 1.91353
15.075 0.00571132 0.00445637 -0.000417846 1.91036
15.1 0.00588814 0.00462626 -0.00043389 1.90719
15.125 0.00606635 0.00479788 -0.000450192 1.90404
15.15 0.00624537 0.00497077 -0.0004667 1.9009
15.175 0.00642488 0.00514451 -0.000483374 1.89777
15.2 0.00660445 0.00531861 -0.000500176 1.89465
15.225 0.00678366 0.00549268 -0.000517064 1.89154
15.25 0.00696209 0.00566623 -0.000533997 1.88844
15.275 0.00713932 0.00583883 -0.000550932 1.88535
15.3 0.00731493 0.00601003 -0.000567828 1.88227
15.325 0.0074885 0.0061794 -0.000584642 1.8792
15.35 0.00765964 0.0063465 -0.000601334 1.87614
15.375 0.00782793 0.00651091 -0.000617861 1.87309
15.4 0.007993 0.00667223 -0.000634184 1.87005
15.425 0.00815446 0.00683006 -0.000650261 1.86702
15.45 0.00831194 0.00698401 -0.000666053 1.864
15.475 0.00846508 0.00713371 -0.000681522 1.86099
15.5 0.00861355 0.00727881 -0.00069663 1.85799
15.525 0.00875702 0.00741897 -0.000711343 1.85499
15.55 0.00889518 0.00755388 -0.000725624 1.85201
15.575 0.00902773 0.00768323 -0.00073944 1.84904
15.6 0.00915439 0.00780675 -0.000752761 1.84608
15.625 0.00927492 0.00792416 -0.000765556 1.84312
15.65 0.00938906 0.00803524 -0.000777797 1.84018
15.675 0.00949661 0.00813977 -0.000789457 1.83725
15.7 0.00959735 0.00823754 -0.000800513 1.83432
15.725 0.00969111 0.00832853 -0.000810955 1.83141
15.75 0.00977773 0.0084123 -0.000820735 1.8285
15.775 0.00985706 0.00848885 -0.000829849 1.8256
15.8 0.009929 0.00855808 -0.00083828 1.82271
15.825 0.00999343 0.0086199 -0.000846014 1.81984
15.85 0.0100503 0.00867423 -0.00085304 1.81697
15.875 0.0100995 0.00872105 -0.000859344 1.8141
15.9 0.010141 0.00876032 -0.000864921 1.81125
15.925 0.0101749 0.00879203 -0.000869764 1.80841
15.95 0.010201 0.0088162 -0.000873868 1.80558
15.975 0.0102194 0.00883288 -0.000877233 1.80275
16 0.0102302 0.0088421 -0.000879857 1.79993
16.025 0.0102335 0.00884394 -0.000881743 1.79713
16.05 0.0102291 0.00883851 -0.000882893 1.79433
16.075 0.0102174 0.00882582 -0.000883278 1.79154
16.1 0.0101982 0.00880616 -0.000883015 1.78876
16.125 0.010172 0.00877952 -0.000882 1.78598
16.15 0.0101386 0.00874609 -0.000880281 1.78322
16.175 0.0100983 0.00870604 -0.000877871 1.78046
16.2 0.0100512 0.00865954 -0.000874783 1.77772
16.225 0.00999743 0.00860677 -0.000871029 1.77498
16.25 0.00993725 0.00854793 -0.000866633 1.77225
16.275 0.00987082 0.00848323 -0.000861603 1.76952
16.3 0.00979835 0.00841286 -0.000855962 1.76681
16.325 0.00972002 0.00833701 -0.000849727 1.76411
16.35 0.00963607 0.00825601 -0.00084292 1.76141
16.375 0.00954671 0.00817003 -0.000835561 1.75872
16.4 0.00945217 0.00807932 -0.000827671 1.75604
16.425 0.00935268 0.0079841 -0.000819272 1.75337
16.45 0.00924847 0.00788463 -0.000810391 1.7507
16.475 0.00913979 0.00778115 -0.000801048 1.74805
16.5 0.00902688 0.00767391 -0.000791268 1.7454
16.525 0.00890997 0.00756316 -0.000781074 1.74276
16.55 0.00878933 0.00744913 -0.000770491 1.74012
16.575 0.00866519 0.00733209 -0.000759544 1.7375
16.6 0.0085378 0.00721228 -0.000748256 1.73488
16.625 0.0084074 0.00708994 -0.000736652 1.73227
16.65 0.00827424 0.00696531 -0.000724758 1.72967
16.675 0.00813856 0.00683864 -0.000712597 1.72708
16.7 0.00800059 0.00671015 -0.000700193 1.7245
16.725 0.00786058 0.00658007 -0.000687571 1.72192
16.75 0.00771876 0.00644864 -0.000674754 1.71935
16.775 0.00757535 0.00631607 -0.000661766 1.71679
16.8 0.00743058 0.00618258 -0.000648629 1.71423
16.825 0.00728466 0.00604837 -0.000635366 1.71168
16.85 0.00713782 0.00591365 -0.000621998 1.70914
16.875 0.00699026 0.00577863 -0.000608547 1.70661
16.9 0.00684218 0.00564347 -0.000595034 1.70409
16.925 0.00669378 0.00550838 -0.000581479 1.70157
16.95 0.00654525 0.00537352 -0.000567902 1.69906
16.975 0.00639677 0.00523907 -0.000554321 1.69656
17 0.00624851 0.00510518 -0.000540755 1.69407
17.025 0.00610066 0.00497202 -0.00052722 1.69158
17.05 0.00595337 0.00483972 -0.000513735 1.6891
17.075 0.0058068 0.00470843 -0.000500314 1.68662
17.1 0.0056611 0.00457827 -0.000486974 1.68416
17.125 0.0055164 0.00444938 -0.000473728 1.6817
17.15 0.00537285 0.00432187 -0.000460591 1.67925
17.175 0.00523057 0.00419585 -0.000447576 1.6768
17.2 0.00508968 0.00407141 -0.000434694 1.67437
17.225 0.00495029 0.00394866 -0.000421958 1.67194
17.25 0.00481251 0.00382768 -0.000409378 1.66951
17.275 0.00467644 0.00370856 -0.000396964 1.6671
17.3 0.00454216 0.00359136 -0.000384726 1.66469
17.325 0.00440978 0.00347615 -0.000372672 1.66229
17.35 0.00427935 0.00336298 -0.00036081 1.65989
17.375 0.00415096 0.00325194 -0.000349146 1.6575
17.4 0.00402467 0.00314305 -0.000337689 1.65512
17.425 0.00390053 0.00303635 -0.000326444 1.65275
17.45 0.00377861 0.00293189 -0.000315415 1.65038
17.475 0.00365894 0.00282968 -0.000304608 1.64802
17.5 0.00354158 0.00272977 -0.000294026 1.64566
17.525 0.00342655 0.00263216 -0.000283672 1.64332
17.55 0.00331388 0.00253687 -0.00027355 1.64098
17.575 0.00320361 0.00244392 -0.000263662 1.63864
17.6 0.00309574 0.0023533 -0.000254009 1.63631
17.625 0.0029903 0.00226501 -0.000244593 1.63399
17.65 0.0028873 0.00217906 -0.000235415 1.63168
17.675 0.00278674 0.00209544 -0.000226474 1.62937
17.7 0.00268862 0.00201414 -0.000217771 1.62707
17.725 0.00259295 0.00193514 -0.000209305 1.62478
17.75 0.00249971 0.00185843 -0.000201075 1.62249
17.775 0.0024089 0.00178398 -0.00019308 1.6202
17.8 0.00232051 0.00171178 -0.000185317 1.61793
17.825 0.00223452 0.00164179 -0.000177787 1.61566
17.85 0.0021509 0.001574 -0.000170488 1.6134
17.875 0.00206965 0.00150837 -0.000163413 1.61114
17.9 0.00199074 0.00144486 -0.000156563 1.60889
17.925 0.00191413 0.00138345 -0.000149933 1.60665
17.95 0.00183981 0.0013241 -0.000143521 1.60441
17.975 0.00176773 0.00126677 -0.000137323 1.60218
18 0.00169788 0.00121142 -0.000131335 1.59995
18.025 0.00163021 0.00115801 -0.000125554 1.59773
18.05 0.00156469 0.00110652 -0.000119977 1.59552
18.075 0.00150127 0.00105688 -0.000114597 1.59331
18.1 0.00143994 0.00100908 -0.000109413 1.59111
18.125 0.00138063 0.000963041 -0.000104419 1.58892
18.15 0.00132332 0.000918739 -9.9611e-05 1.58673
18.175 0.00126796 0.00087613 -9.49848e-05 1.58455
18.2 0.00121452 0.000835168 -9.05358e-05 1.58237
18.225 0.00116294 0.00079581 -8.62595e-05 1.5802
18.25 0.00111318 0.000758011 -8.21514e-05 1.57804
18.275 0.00106521 0.000721727 -7.8207e-05 1.57588
18.3 0.00101897 0.000686915 -7.44216e-05 1.57372
18.325 0.000974432 0.000653532 -7.07908e-05 1.57158
18.35 0.000931543 0.000621533 -6.731e-05 1.56944
18.375 0.000890261 0.000590877 -6.39747e-05 1.5673
18.4 0.000850542 0.00056152 -6.07805e-05 1.56517
18.425 0.000812344 0.000533421 -5.77229e-05 1.56305
18.45 0.000775623 0.000506538 -5.47974e-05 1.56093
18.475 0.000740336 0.000480831 -5.19998e-05 1.55882
18.5 0.000706441 0.000456259 -4.93258e-05 1.55671
18.525 0.000673896 0.000432783 -4.67711e-05 1.55461
18.55 0.000642659 0.000410363 -4.43316e-05 1.55251
18.575 0.00061269 0.00038896 -4.20029e-05 1.55043
18.6 0.000583947 0.000368542 -3.97815e-05 1.54834
18.625 0.000556392 0.000349069 -3.76633e-05 1.54626
18.65 0.000529985 0.000330505 -3.56444e-05 1.54419
18.675 0.000504687 0.000312816 -3.3721e-05 1.54212
18.7 0.00048046 0.000295968 -3.18894e-05 1.54006
18.725 0.000457269 0.000279927 -3.0146e-05 1.53801
18.75 0.000435076 0.000264662 -2.84873e-05 1.53595
18.775 0.000413847 0.00025014 -2.69099e-05 1.53391
18.8 0.000393545 0.000236332 -2.54105e-05 1.53187
18.825 0.000374138 0.000223208 -2.39859e-05 1.52984
18.85 0.000355593 0.000210739 -2.26328e-05 1.52781
18.875 0.000337877 0.000198896 -2.13483e-05 1.52578
18.9 0.000320958 0.000187654 -2.01294e-05 1.52376
18.925 0.000304807 0.000176986 -1.89733e-05 1.52175
18.95 0.000289393 0.000166867 -1.78771e-05 1.51974
18.975 0.000274687 0.000157272 -1.68382e-05 1.51774
19 0.000260662 0.000148178 -1.5854e-05 1.51574
19.025 0.00024729 0.000139561 -1.4922e-05 1.51375
19.05 0.000234544 0.000131401 -1.40398e-05 1.51177
19.075 0.0002224 0.000123675 -1.32051e-05 1.50979
19.1 0.000210831 0.000116364 -1.24156e-05 1.50781
19.125 0.000199815 0.000109447 -1.16692e-05 1.50584
19.15 0.000189328 0.000102906 -1.09637e-05 1.50387
19.175 0.000179347 9.6723e-05 -1.02973e-05 1.50191
19.2 0.00016985 9.08798e-05 -9.66792e-06 1.49996
19.225 0.000160817 8.536e-05 -9.0738e-06 1.498
19.25 0.000152227 8.01476e-05 -8.51314e-06 1.49606
19.275 0.000144061 7.5227e-05 -7.98426e-06 1.49412
19.3 0.0001363 7.05834e-05 -7.48552e-06 1.49218
19.325 0.000128925 6.62027e-05 -7.01538e-06 1.49025
19.35 0.00012192 6.20712e-05 -6.57232e-06 1.48833
19.375 0.000115267 5.8176e-05 -6.15495e-06 1.48641
19.4 0.00010895 5.45046e-05 -5.76187e-06 1.48449
19.425 0.000102953 5.1045e-05 -5.39179e-06 1.48258
19.45 9.72624e-05 4.77859e-05 -5.04346e-06 1.48068
19.475 9.18625e-05 4.47164e-05 -4.71569e-06 1.47878
19.5 8.67399e-05 4.1826e-05 -4.40733e-06 1.47688
19.525 8.18812e-05 3.91048e-05 -4.11731e-06 1.47499
19.55 7.72737e-05 3.65432e-05 -3.84457e-06 1.4731
19.575 7.29051e-05 3.41322e-05 -3.58813e-06 1.47122
19.6 6.87637e-05 3.1863e-05 -3.34704e-06 1.46934
19.625 6.48383e-05 2.97274e-05 -3.12039e-06 1.46747
19.65 6.1118e-05 2.77174e-05 -2.90734e-06 1.46561
19.675 5.75925e-05 2.58253e-05 -2.70704e-06 1.46374
19.7 5.42519e-05 2.40441e-05 -2.51872e-06 1.46189
19.725 5.10868e-05 2.23665e-05 -2.34162e-06 1.46003
19.75 4.8088e-05 2.07861e-05 -2.17503e-06 1.45818
19.775 4.52468e-05 1.92964e-05 -2.01826e-06 1.45634
19.8 4.25549e-05 1.78913e-05 -1.87065e-06 1.4545
19.825 4.00043e-05 1.65648e-05 -1.73157e-06 1.45267
19.85 3.75874e-05 1.53112e-05 -1.60042e-06 1.45084
19.875 3.5297e-05 1.41251e-05 -1.47661e-06 1.44901
19.9 3.31259e-05 1.30012e-05 -1.35959e-06 1.44719
19.925 3.10676e-05 1.19343e-05 -1.24883e-06 1.44538
19.95 2.91156e-05 1.09193e-05 -1.14377e-06 1.44357
19.975 2.72639e-05 9.95176e-06 -1.04398e-06 1.44176
20 2.55061e-05 9.02546e-06 -9.48805e-07 1.43996
