0 0.137162 0.146338 -0.0421545 0.0520916
0.025 0.137162 0.146338 -0.0421545 0.0520916
0.05 0.137165 0.14634 -0.0421195 0.0521104
0.075 0.137169 0.146345 -0.0420613 0.0521419
0.1 0.137176 0.146352 -0.0419799 0.0521858
0.125 0.137184 0.14636 -0.0418757 0.0522421
0.15 0.137195 0.14637 -0.0417489 0.0523107
0.175 0.137207 0.146383 -0.0415999 0.0523914
0.2 0.137221 0.146397 -0.0414289 0.052484
0.225 0.137238 0.146413 -0.0412366 0.0525884
0.25 0.137257 0.146432 -0.0410233 0.0527042
0.275 0.137277 0.146452 -0.0407896 0.0528313
0.3 0.1373 0.146475 -0.0405362 0.0529694
0.325 0.137326 0.1465 -0.0402637 0.0531181
0.35 0.137353 0.146527 -0.0399728 0.0532772
0.375 0.137384 0.146557 -0.0396643 0.0534462
0.4 0.137416 0.146589 -0.0393389 0.0536249
0.425 0.137452 0.146623 -0.0389975 0.0538127
0.45 0.137489 0.14666 -0.0386409 0.0540094
0.475 0.13753 0.146699 -0.0382702 0.0542145
0.5 0.137573 0.146741 -0.0378861 0.0544274
0.525 0.13762 0.146785 -0.0374898 0.0546479
0.55 0.137669 0.146833 -0.0370821 0.0548752
0.575 0.137721 0.146882 -0.0366641 0.0551091
0.6 0.137775 0.146935 -0.0362369 0.0553489
0.625 0.137833 0.14699 -0.0358015 0.0555941
0.65 0.137894 0.147047 -0.035359 0.0558442
0.675 0.137958 0.147108 -0.0349105 0.0560986
0.7 0.138024 0.147171 -0.034457 0.0563568
0.725 0.138094 0.147236 -0.0339997 0.0566182
0.75 0.138166 0.147304 -0.0335396 0.0568823
0.775 0.138241 0.147375 -0.0330779 0.0571484
0.8 0.138319 0.147448 -0.0326157 0.057416
0.825 0.1384 0.147523 -0.032154 0.0576845
0.85 0.138483 0.1476 -0.0316939 0.0579532
0.875 0.138569 0.14768 -0.0312364 0.0582218
0.9 0.138657 0.147762 -0.0307826 0.0584895
0.925 0.138747 0.147845 -0.0303335 0.0587557
0.95 0.138839 0.14793 -0.0298901 0.05902
0.975 0.138934 0.148017 -0.0294534 0.0592817
1 0.139029 0.148105 -0.0290242 0.0595403
1.025 0.139127 0.148194 -0.0286036 0.0597952
1.05 0.139226 0.148284 -0.0281922 0.060046
1.075 0.139325 0.148375 -0.0277911 0.060292
1.1 0.139426 0.148467 -0.027401 0.0605329
1.125 0.139527 0.148559 -0.0270226 0.060768
1.15 0.139628 0.148651 -0.0266566 0.060997
1.175 0.13973 0.148742 -0.0263037 0.0612193
1.2 0.139831 0.148834 -0.0259645 0.0614346
1.225 0.139932 0.148924 -0.0256396 0.0616424
1.25 0.140032 0.149014 -0.0253295 0.0618424
1.275 0.140131 0.149103 -0.0250346 0.0620341
1.3 0.140228 0.14919 -0.0247554 0.0622173
1.325 0.140324 0.149276 -0.0244923 0.0623916
1.35 0.140417 0.149359 -0.0242454 0.0625568
1.375 0.140509 0.14944 -0.0240152 0.0627125
1.4 0.140597 0.149519 -0.0238018 0.0628586
1.425 0.140683 0.149595 -0.0236054 0.0629948
1.45 0.140766 0.149668 -0.023426 0.063121
1.475 0.140845 0.149738 -0.0232636 0.0632371
1.5 0.14092 0.149804 -0.0231184 0.0633428
1.525 0.140991 0.149867 -0.0229901 0.0634382
1.55 0.141058 0.149925 -0.0228788 0.0635233
1.575 0.14112 0.14998 -0.0227841 0.0635979
1.6 0.141178 0.15003 -0.022706 0.0636621
1.625 0.141231 0.150076 -0.022644 0.063716
1.65 0.141278 0.150117 -0.022598 0.0637596
1.675 0.14132 0.150154 -0.0225676 0.0637931
1.7 0.141357 0.150186 -0.0225523 0.0638167
1.725 0.141388 0.150212 -0.0225517 0.0638304
1.75 0.141413 0.150234 -0.0225653 0.0638345
1.775 0.141432 0.150251 -0.0225925 0.0638293
1.8 0.141446 0.150263 -0.0226329 0.0638151
1.825 0.141453 0.15027 -0.0226858 0.063792
1.85 0.141455 0.150272 -0.0227506 0.0637606
1.875 0.141451 0.150269 -0.0228265 0.063721
1.9 0.141441 0.150261 -0.022913 0.0636738
1.925 0.141425 0.150248 -0.0230093 0.0636193
1.95 0.141404 0.150231 -0.0231147 0.063558
1.975 0.141377 0.150209 -0.0232283 0.0634902
2 0.141345 0.150183 -0.0233495 0.0634166
2.025 0.141308 0.150153 -0.0234775 0.0633376
2.05 0.141265 0.150119 -0.0236113 0.0632537
2.075 0.141219 0.150081 -0.0237503 0.0631654
2.1 0.141167 0.15004 -0.0238937 0.0630733
2.125 0.141112 0.149997 -0.0240405 0.0629781
2.15 0.141053 0.14995 -0.02419 0.0628801
2.175 0.140991 0.149902 -0.0243413 0.0627801
2.2 0.140926 0.149851 -0.0244937 0.0626786
2.225 0.140859 0.149799 -0.0246463 0.0625763
2.25 0.140789 0.149746 -0.0247984 0.0624736
2.275 0.140718 0.149692 -0.0249491 0.0623713
2.3 0.140646 0.149638 -0.0250977 0.06227
2.325 0.140574 0.149584 -0.0252435 0.0621702
2.35 0.140501 0.149531 -0.0253857 0.0620726
2.375 0.140429 0.149479 -0.0255236 0.0619777
2.4 0.140358 0.149429 -0.0256566 0.0618861
2.425 0.140289 0.149381 -0.0257839 0.0617984
2.45 0.140222 0.149335 -0.025905 0.0617153
2.475 0.140158 0.149293 -0.0260192 0.0616371
2.5 0.140098 0.149255 -0.026126 0.0615645
2.525 0.140041 0.149221 -0.0262249 0.0614981
2.55 0.139989 0.149192 -0.0263153 0.0614382
2.575 0.139943 0.149168 -0.0263969 0.0613853
2.6 0.139902 0.149149 -0.0264691 0.06134
2.625 0.139867 0.149137 -0.0265317 0.0613027
2.65 0.13984 0.149132 -0.0265842 0.0612737
2.675 0.139821 0.149133 -0.0266264 0.0612534
2.7 0.139809 0.149142 -0.0266579 0.0612423
2.725 0.139806 0.14916 -0.0266787 0.0612405
2.75 0.139813 0.149185 -0.0266884 0.0612485
2.775 0.139829 0.14922 -0.026687 0.0612664
2.8 0.139855 0.149263 -0.0266744 0.0612945
2.825 0.139892 0.149316 -0.0266505 0.061333
2.85 0.13994 0.149379 -0.0266153 0.0613819
2.875 0.139999 0.149452 -0.0265688 0.0614415
2.9 0.14007 0.149535 -0.0265111 0.0615118
2.925 0.140153 0.149628 -0.0264423 0.0615929
2.95 0.140248 0.149732 -0.0263625 0.0616846
2.975 0.140356 0.149846 -0.026272 0.0617871
3 0.140476 0.149971 -0.0261709 0.0619002
3.025 0.14061 0.150107 -0.0260595 0.0620238
3.05 0.140756 0.150254 -0.025938 0.0621578
3.075 0.140915 0.150411 -0.0258069 0.0623019
3.1 0.141086 0.150578 -0.0256664 0.062456
3.125 0.141271 0.150756 -0.025517 0.0626197
3.15 0.141468 0.150944 -0.025359 0.0627927
3.175 0.141677 0.151142 -0.0251928 0.0629747
3.2 0.141899 0.15135 -0.0250189 0.0631653
3.225 0.142132 0.151566 -0.0248379 0.0633641
3.25 0.142377 0.151791 -0.0246501 0.0635706
3.275 0.142633 0.152025 -0.0244561 0.0637843
3.3 0.1429 0.152266 -0.0242564 0.0640047
3.325 0.143176 0.152514 -0.0240515 0.0642311
3.35 0.143462 0.152768 -0.0238421 0.0644632
3.375 0.143756 0.153029 -0.0236285 0.0647001
3.4 0.144058 0.153294 -0.0234116 0.0649412
3.425 0.144367 0.153563 -0.0231917 0.0651859
3.45 0.144683 0.153836 -0.0229694 0.0654335
3.475 0.145003 0.154112 -0.0227454 0.0656831
3.5 0.145328 0.154388 -0.0225201 0.0659341
3.525 0.145657 0.154666 -0.0222942 0.0661857
3.55 0.145987 0.154942 -0.0220682 0.066437
3.575 0.146319 0.155217 -0.0218427 0.0666873
3.6 0.14665 0.15549 -0.0216182 0.0669357
3.625 0.14698 0.155758 -0.0213952 0.0671813
3.65 0.147308 0.156021 -0.0211742 0.0674234
3.675 0.147631 0.156278 -0.0209557 0.067661
3.7 0.147949 0.156527 -0.0207403 0.0678932
3.725 0.148261 0.156767 -0.0205283 0.0681192
3.75 0.148564 0.156996 -0.0203202 0.0683381
3.775 0.148857 0.157214 -0.0201165 0.068549
3.8 0.14914 0.157419 -0.0199175 0.0687509
3.825 0.149409 0.15761 -0.0197236 0.0689431
3.85 0.149665 0.157784 -0.0195352 0.0691246
3.875 0.149905 0.157942 -0.0193525 0.0692946
3.9 0.150128 0.15808 -0.0191759 0.0694521
3.925 0.150332 0.158198 -0.0190057 0.0695964
3.95 0.150515 0.158295 -0.018842 0.0697265
3.975 0.150677 0.158369 -0.0186851 0.0698418
4 0.150815 0.158418 -0.0185353 0.0699413
4.025 0.150928 0.158441 -0.0183925 0.0700242
4.05 0.151015 0.158437 -0.0182571 0.0700899
4.075 0.151073 0.158404 -0.018129 0.0701375
4.1 0.151102 0.158341 -0.0180084 0.0701664
4.125 0.151101 0.158247 -0.0178952 0.0701758
4.15 0.151066 0.15812 -0.0177895 0.0701651
4.175 0.150999 0.157959 -0.0176914 0.0701338
4.2 0.150896 0.157763 -0.0176006 0.0700811
4.225 0.150757 0.15753 -0.0175173 0.0700065
4.25 0.15058 0.15726 -0.0174412 0.0699096
4.275 0.150364 0.156952 -0.0173723 0.0697898
4.3 0.150109 0.156604 -0.0173104 0.0696467
4.325 0.149813 0.156215 -0.0172553 0.0694799
4.35 0.149475 0.155785 -0.0172069 0.069289
4.375 0.149094 0.155312 -0.0171649 0.0690738
4.4 0.14867 0.154797 -0.0171291 0.0688339
4.425 0.148201 0.154238 -0.0170993 0.0685691
4.45 0.147687 0.153634 -0.0170751 0.0682793
4.475 0.147128 0.152985 -0.0170563 0.0679643
4.5 0.146522 0.152291 -0.0170426 0.0676241
4.525 0.14587 0.151551 -0.0170337 0.0672585
4.55 0.145171 0.150764 -0.0170291 0.0668677
4.575 0.144424 0.149932 -0.0170286 0.0664516
4.6 0.14363 0.149053 -0.0170318 0.0660104
4.625 0.142789 0.148127 -0.0170384 0.0655443
4.65 0.1419 0.147155 -0.0170479 0.0650534
4.675 0.140964 0.146136 -0.0170601 0.0645379
4.7 0.139981 0.145071 -0.0170744 0.0639983
4.725 0.138951 0.14396 -0.0170905 0.0634348
4.75 0.137875 0.142804 -0.017108 0.0628479
4.775 0.136752 0.141602 -0.0171265 0.0622379
4.8 0.135585 0.140356 -0.0171457 0.0616054
4.825 0.134372 0.139067 -0.017165 0.0609508
4.85 0.133116 0.137734 -0.0171843 0.0602748
4.875 0.131817 0.136359 -0.0172029 0.0595779
4.9 0.130475 0.134942 -0.0172206 0.0588609
4.925 0.129092 0.133486 -0.017237 0.0581243
4.95 0.12767 0.131989 -0.0172517 0.0573688
4.975 0.126208 0.130455 -0.0172644 0.0565954
5 0.124709 0.128884 -0.0172747 0.0558046
5.025 0.123173 0.127277 -0.0172823 0.0549974
5.05 0.121602 0.125636 -0.0172868 0.0541745
5.075 0.119998 0.123962 -0.0172879 0.0533369
5.1 0.118362 0.122256 -0.0172853 0.0524854
5.125 0.116695 0.120521 -0.0172788 0.051621
5.15 0.114999 0.118757 -0.017268 0.0507445
5.175 0.113276 0.116967 -0.0172527 0.0498569
5.2 0.111528 0.115151 -0.0172327 0.0489592
5.225 0.109756 0.113312 -0.0172076 0.0480523
5.25 0.107962 0.111452 -0.0171774 0.0471373
5.275 0.106147 0.109572 -0.0171418 0.0462151
5.3 0.104314 0.107674 -0.0171007 0.0452866
5.325 0.102465 0.10576 -0.0170538 0.044353
5.35 0.100601 0.103831 -0.0170011 0.0434151
5.375 0.0987238 0.10189 -0.0169424 0.0424741
5.4 0.0968359 0.099939 -0.0168775 0.0415307
5.425 0.0949389 0.0979789 -0.0168065 0.0405862
5.45 0.0930346 0.0960119 -0.0167293 0.0396413
5.475 0.0911249 0.0940399 -0.0166458 0.0386971
5.5 0.0892118 0.0920649 -0.0165559 0.0377545
5.525 0.0872969 0.0900885 -0.0164597 0.0368144
5.55 0.0853822 0.0881126 -0.0163571 0.0358778
5.575 0.0834693 0.0861391 -0.0162482 0.0349455
5.6 0.0815602 0.0841696 -0.016133 0.0340183
5.625 0.0796564 0.082206 -0.0160116 0.0330972
5.65 0.0777596 0.0802499 -0.0158839 0.032183
5.675 0.0758716 0.078303 -0.0157502 0.0312764
5.7 0.073994 0.0763669 -0.0156106 0.0303781
5.725 0.0721282 0.0744431 -0.015465 0.0294891
5.75 0.0702758 0.0725333 -0.0153137 0.0286098
5.775 0.0684383 0.0706388 -0.0151568 0.027741
5.8 0.066617 0.0687611 -0.0149944 0.0268834
5.825 0.0648133 0.0669017 -0.0148267 0.0260375
5.85 0.0630286 0.0650617 -0.0146539 0.0252039
5.875 0.061264 0.0632425 -0.0144762 0.0243832
5.9 0.0595207 0.0614452 -0.0142937 0.0235757
5.925 0.0577998 0.059671 -0.0141067 0.0227821
5.95 0.0561024 0.0579209 -0.0139154 0.0220028
5.975 0.0544294 0.056196 -0.01372 0.021238
6 0.0527818 0.0544972 -0.0135207 0.0204882
6.025 0.0511605 0.0528253 -0.0133178 0.0197538
6.05 0.0495661 0.0511812 -0.0131115 0.0190349
6.075 0.0479995 0.0495656 -0.012902 0.0183318
6.1 0.0464613 0.0479792 -0.0126897 0.0176448
6.125 0.0449521 0.0464226 -0.0124747 0.016974
6.15 0.0434724 0.0448963 -0.0122572 0.0163195
6.175 0.0420227 0.0434009 -0.0120377 0.0156816
6.2 0.0406034 0.0419368 -0.0118163 0.0150603
6.225 0.0392148 0.0405042 -0.0115932 0.0144555
6.25 0.0378573 0.0391035 -0.0113687 0.0138674
6.275 0.036531 0.037735 -0.0111431 0.0132959
6.3 0.0352361 0.0363988 -0.0109167 0.0127411
6.325 0.0339727 0.035095 -0.0106896 0.0122027
6.35 0.032741 0.0338237 -0.0104621 0.0116808
6.375 0.0315408 0.032585 -0.0102345 0.0111752
6.4 0.0303722 0.0313787 -0.010007 0.0106858
6.425 0.029235 0.0302048 -0.00977985 0.0102125
6.45 0.0281292 0.0290632 -0.00955324 0.00975498
6.475 0.0270545 0.0279537 -0.00932741 0.00931312
6.5 0.0260107 0.026876 -0.00910258 0.00888669
6.525 0.0249976 0.0258299 -0.00887895 0.00847545
6.55 0.0240149 0.024815 -0.00865673 0.00807915
6.575 0.0230622 0.0238312 -0.00843611 0.00769753
6.6 0.0221392 0.0228779 -0.00821729 0.00733029
6.625 0.0212454 0.0219548 -0.00800043 0.00697717
6.65 0.0203805 0.0210614 -0.00778571 0.00663784
6.675 0.019544 0.0201973 -0.0075733 0.00631201
6.7 0.0187354 0.019362 -0.00736335 0.00599934
6.725 0.0179543 0.018555 -0.007156 0.00569952
6.75 0.0172001 0.0177758 -0.0069514 0.00541222
6.775 0.0164723 0.0170238 -0.00674966 0.00513709
6.8 0.0157703 0.0162985 -0.00655092 0.00487379
6.825 0.0150936 0.0155993 -0.00635528 0.00462199
6.85 0.0144416 0.0149255 -0.00616284 0.00438134
6.875 0.0138137 0.0142767 -0.0059737 0.00415148
6.9 0.0132094 0.0136521 -0.00578795 0.00393209
6.925 0.012628 0.0130513 -0.00560565 0.0037228
6.95 0.0120689 0.0124735 -0.00542689 0.00352329
6.975 0.0115316 0.0119181 -0.00525171 0.0033332
7 0.0110154 0.0113846 -0.00508017 0.00315221
7.025 0.0105197 0.0108723 -0.00491231 0.00297997
7.05 0.010044 0.0103805 -0.00474817 0.00281617
7.075 0.00958759 0.00990872 -0.00458778 0.00266047
7.1 0.0091499 0.00945627 -0.00443116 0.00251256
7.125 0.00873035 0.00902256 -0.00427832 0.00237212
7.15 0.00832834 0.00860698 -0.00412926 0.00223886
7.175 0.0079433 0.00820893 -0.003984 0.00211246
7.2 0.00757465 0.00782781 -0.00384252 0.00199265
7.225 0.00722183 0.00746306 -0.00370481 0.00187912
7.25 0.00688428 0.00711409 -0.00357085 0.00177162
7.275 0.00656146 0.00678034 -0.00344063 0.00166985
7.3 0.00625284 0.00646126 -0.00331411 0.00157357
7.325 0.00595789 0.0061563 -0.00319125 0.00148252
7.35 0.00567609 0.00586495 -0.00307203 0.00139646
7.375 0.00540694 0.00558668 -0.0029564 0.00131514
7.4 0.00514996 0.00532098 -0.00284432 0.00123833
7.425 0.00490467 0.00506736 -0.00273573 0.00116582
7.45 0.0046706 0.00482534 -0.00263058 0.00109738
7.475 0.0044473 0.00459446 -0.00252882 0.00103282
7.5 0.00423433 0.00437426 -0.00243039 0.000971935
7.525 0.00403127 0.0041643 -0.00233523 0.000914536
7.55 0.00383769 0.00396415 -0.00224327 0.00086044
7.575 0.00365321 0.0037734 -0.00215445 0.000809474
7.6 0.00347743 0.00359164 -0.0020687 0.000761469
7.625 0.00330997 0.00341849 -0.00198596 0.000716267
7.65 0.00315047 0.00325357 -0.00190615 0.000673714
7.675 0.00299859 0.00309653 -0.0018292 0.000633664
7.7 0.00285398 0.00294701 -0.00175505 0.000595979
7.725 0.00271632 0.00280467 -0.00168362 0.000560526
7.75 0.00258529 0.00266919 -0.00161483 0.00052718
7.775 0.0024606 0.00254026 -0.00154862 0.00049582
7.8 0.00234194 0.00241758 -0.00148492 0.000466332
7.825 0.00222906 0.00230086 -0.00142364 0.000438609
7.85 0.00212166 0.00218982 -0.00136472 0.000412548
7.875 0.00201951 0.0020842 -0.0013081 0.000388051
7.9 0.00192234 0.00198374 -0.00125368 0.000365027
7.925 0.00182993 0.00188819 -0.00120141 0.000343389
7.95 0.00174205 0.00179733 -0.00115122 0.000323053
7.975 0.00165848 0.00171093 -0.00110304 0.000303943
8 0.00157901 0.00162877 -0.0010568 0.000285985
8.025 0.00150344 0.00155064 -0.00101243 0.000269108
8.05 0.00143159 0.00147636 -0.000969867 0.000253249
8.075 0.00136327 0.00140574 -0.00092905 0.000238344
8.1 0.00129832 0.00133859 -0.000889916 0.000224337
8.125 0.00123655 0.00127474 -0.000852401 0.000211171
8.15 0.00117783 0.00121404 -0.000816448 0.000198796
8.175 0.00112199 0.00115632 -0.000781996 0.000187163
8.2 0.00106889 0.00110144 -0.00074899 0.000176227
8.225 0.0010184 0.00104926 -0.000717373 0.000165944
8.25 0.000970387 0.00099964 -0.000687091 0.000156275
8.275 0.000924727 0.000952455 -0.000658093 0.000147181
8.3 0.000881301 0.000907581 -0.000630327 0.000138627
8.325 0.000839999 0.000864905 -0.000603743 0.000130581
8.35 0.000800712 0.000824314 -0.000578295 0.00012301
8.375 0.000763341 0.000785705 -0.000553935 0.000115885
8.4 0.000727787 0.000748978 -0.000530619 0.00010918
8.425 0.000693961 0.000714038 -0.000508303 0.000102868
8.45 0.000661775 0.000680795 -0.000486946 9.69247e-05
8.475 0.000631145 0.000649164 -0.000466507 9.13286e-05
8.5 0.000601995 0.000619063 -0.000446947 8.6058e-05
8.525 0.000574248 0.000590416 -0.000428229 8.10933e-05
8.55 0.000547835 0.000563149 -0.000410317 7.64159e-05
8.575 0.000522689 0.000537193 -0.000393176 7.20084e-05
8.6 0.000498745 0.000512481 -0.000376772 6.78547e-05
8.625 0.000475944 0.000488952 -0.000361073 6.39395e-05
8.65 0.000454227 0.000466547 -0.000346049 6.02486e-05
8.675 0.000433542 0.000445208 -0.00033167 5.67688e-05
8.7 0.000413835 0.000424882 -0.000317907 5.34874e-05
8.725 0.000395059 0.00040552 -0.000304734 5.03929e-05
8.75 0.000377167 0.000387072 -0.000292124 4.74743e-05
8.775 0.000360114 0.000369494 -0.000280051 4.47213e-05
8.8 0.00034386 0.000352742 -0.000268493 4.21244e-05
8.825 0.000328365 0.000336775 -0.000257426 3.96745e-05
8.85 0.000313591 0.000321555 -0.000246829 3.73632e-05
8.875 0.000299503 0.000307045 -0.00023668 3.51825e-05
8.9 0.000286068 0.000293209 -0.000226959 3.31251e-05
8.925 0.000273252 0.000280015 -0.000217647 3.1184e-05
8.95 0.000261027 0.000267432 -0.000208726 2.93526e-05
8.975 0.000249363 0.000255429 -0.000200179 2.76247e-05
9 0.000238233 0.000243978 -0.000191989 2.59947e-05
9.025 0.000227611 0.000233053 -0.000184139 2.4457e-05
9.05 0.000217473 0.000222629 -0.000176616 2.30065e-05
9.075 0.000207796 0.00021268 -0.000169404 2.16384e-05
9.1 0.000198557 0.000203185 -0.000162489 2.03481e-05
9.125 0.000189737 0.000194122 -0.000155859 1.91315e-05
9.15 0.000181314 0.00018547 -0.000149501 1.79845e-05
9.175 0.00017327 0.000177209 -0.000143403 1.69032e-05
9.2 0.000165587 0.000169321 -0.000137553 1.5884e-05
9.225 0.000158248 0.000161789 -0.000131942 1.49237e-05
9.25 0.000151238 0.000154596 -0.000126558 1.40189e-05
9.275 0.00014454 0.000147725 -0.000121392 1.31667e-05
9.3 0.000138141 0.000141163 -0.000116435 1.23641e-05
9.325 0.000132027 0.000134894 -0.000111677 1.16086e-05
9.35 0.000126184 0.000128905 -0.00010711 1.08974e-05
9.375 0.0001206 0.000123183 -0.000102726 1.02282e-05
9.4 0.000115263 0.000117715 -9.8518e-05 9.59874e-06
9.425 0.000110162 0.000112491 -9.44778e-05 9.00675e-06
9.45 0.000105286 0.000107499 -9.05987e-05 8.45018e-06
9.475 0.000100625 0.000102728 -8.68742e-05 7.92709e-06
9.5 9.61695e-05 9.8169e-05 -8.32978e-05 7.43562e-06
9.525 9.19102e-05 9.38115e-05 -7.98636e-05 6.97399e-06
9.55 8.78383e-05 8.96468e-05 -7.65657e-05 6.54055e-06
9.575 8.39453e-05 8.56662e-05 -7.33988e-05 6.13369e-06
9.6 8.02234e-05 8.18614e-05 -7.03575e-05 5.75193e-06
9.625 7.6665e-05 7.82246e-05 -6.74369e-05 5.39383e-06
9.65 7.32629e-05 7.47483e-05 -6.46323e-05 5.05804e-06
9.675 7.00101e-05 7.14255e-05 -6.1939e-05 4.74326e-06
9.7 6.69001e-05 6.82493e-05 -5.93527e-05 4.4483e-06
9.725 6.39267e-05 6.52132e-05 -5.68693e-05 4.17198e-06
9.75 6.10839e-05 6.23111e-05 -5.44847e-05 3.91321e-06
9.775 5.8366e-05 5.95371e-05 -5.21952e-05 3.67096e-06
9.8 5.57677e-05 5.68856e-05 -4.99971e-05 3.44425e-06
9.825 5.32836e-05 5.43511e-05 -4.78869e-05 3.23213e-06
9.85 5.09088e-05 5.19287e-05 -4.58613e-05 3.03373e-06
9.875 4.86387e-05 4.96134e-05 -4.3917e-05 2.84821e-06
9.9 4.64687e-05 4.74006e-05 -4.2051e-05 2.67478e-06
9.925 4.43945e-05 4.52857e-05 -4.02603e-05 2.5127e-06
9.95 4.2412e-05 4.32646e-05 -3.85421e-05 2.36125e-06
9.975 4.05171e-05 4.13332e-05 -3.68936e-05 2.21976e-06
10 3.87063e-05 3.94875e-05 -3.53123e-05 2.08762e-06
10.025 3.69758e-05 3.7724e-05 -3.37955e-05 1.96421e-06
10.05 3.53222e-05 3.60389e-05 -3.2341e-05 1.84898e-06
10.075 3.37422e-05 3.4429e-05 -3.09462e-05 1.7414e-06
10.1 3.22327e-05 3.28909e-05 -2.9609e-05 1.64097e-06
10.125 3.07905e-05 3.14217e-05 -2.83272e-05 1.54721e-06
10.15 2.94129e-05 3.00181e-05 -2.70988e-05 1.45968e-06
10.175 2.8097e-05 2.86775e-05 -2.59216e-05 1.37796e-06
10.2 2.68402e-05 2.73971e-05 -2.47938e-05 1.30167e-06
10.225 2.564e-05 2.61743e-05 -2.37135e-05 1.23042e-06
10.25 2.44938e-05 2.50066e-05 -2.26789e-05 1.16388e-06
10.275 2.33994e-05 2.38916e-05 -2.16881e-05 1.10172e-06
10.3 2.23545e-05 2.2827e-05 -2.07397e-05 1.04364e-06
10.325 2.1357e-05 2.18105e-05 -1.98318e-05 9.89342e-07
10.35 2.04048e-05 2.08402e-05 -1.8963e-05 9.38564e-07
10.375 1.94959e-05 1.99139e-05 -1.81318e-05 8.91054e-07
10.4 1.86284e-05 1.90298e-05 -1.73366e-05 8.46578e-07
10.425 1.78006e-05 1.81859e-05 -1.65761e-05 8.04917e-07
10.45 1.70107e-05 1.73806e-05 -1.58489e-05 7.65865e-07
10.475 1.6257e-05 1.66121e-05 -1.51536e-05 7.29231e-07
10.5 1.55379e-05 1.58787e-05 -1.4489e-05 6.94837e-07
10.525 1.48519e-05 1.5179e-05 -1.3854e-05 6.62518e-07
10.55 1.41975e-05 1.45114e-05 -1.32472e-05 6.32118e-07
10.575 1.35733e-05 1.38745e-05 -1.26675e-05 6.03495e-07
10.6 1.29779e-05 1.32669e-05 -1.21139e-05 5.76515e-07
10.625 1.24101e-05 1.26874e-05 -1.15853e-05 5.51054e-07
10.65 1.18686e-05 1.21346e-05 -1.10806e-05 5.26999e-07
10.675 1.13523e-05 1.16073e-05 -1.05988e-05 5.04244e-07
10.7 1.08599e-05 1.11044e-05 -1.0139e-05 4.8269e-07
10.725 1.03904e-05 1.06247e-05 -9.70025e-06 4.62248e-07
10.75 9.9428e-06 1.01673e-05 -9.28166e-06 4.42835e-07
10.775 9.516e-06 9.73112e-06 -8.88237e-06 4.24373e-07
10.8 9.10908e-06 9.31513e-06 -8.50154e-06 4.06794e-07
10.825 8.72113e-06 8.91844e-06 -8.13838e-06 3.90032e-07
10.85 8.35125e-06 8.54016e-06 -7.7921e-06 3.74029e-07
10.875 7.99862e-06 8.17943e-06 -7.46197e-06 3.58731e-07
10.9 7.66242e-06 7.83543e-06 -7.14726e-06 3.44089e-07
10.925 7.34188e-06 7.5074e-06 -6.84728e-06 3.30058e-07
10.95 7.03626e-06 7.19457e-06 -6.56137e-06 3.16597e-07
10.975 6.74486e-06 6.89623e-06 -6.28889e-06 3.0367e-07
11 6.467e-06 6.6117e-06 -6.02922e-06 2.91243e-07
11.025 6.20204e-06 6.34033e-06 -5.78176e-06 2.79286e-07
11.05 5.94936e-06 6.08149e-06 -5.54595e-06 2.67771e-07
11.075 5.70837e-06 5.83459e-06 -5.32124e-06 2.56675e-07
11.1 5.4785e-06 5.59905e-06 -5.1071e-06 2.45975e-07
11.125 5.25923e-06 5.37432e-06 -4.90302e-06 2.35652e-07
11.15 5.05002e-06 5.15989e-06 -4.70852e-06 2.25686e-07
11.175 4.8504e-06 4.95525e-06 -4.52313e-06 2.16064e-07
11.2 4.6599e-06 4.75994e-06 -4.3464e-06 2.06769e-07
11.225 4.47806e-06 4.5735e-06 -4.17792e-06 1.9779e-07
11.25 4.30446e-06 4.39548e-06 -4.01725e-06 1.89115e-07
11.275 4.13869e-06 4.22549e-06 -3.86402e-06 1.80733e-07
11.3 3.98038e-06 4.06312e-06 -3.71785e-06 1.72635e-07
11.325 3.82913e-06 3.908e-06 -3.57837e-06 1.64812e-07
11.35 3.68461e-06 3.75976e-06 -3.44525e-06 1.57257e-07
11.375 3.54648e-06 3.61808e-06 -3.31815e-06 1.49963e-07
11.4 3.41442e-06 3.48261e-06 -3.19677e-06 1.42922e-07
11.425 3.28811e-06 3.35305e-06 -3.08079e-06 1.3613e-07
11.45 3.16728e-06 3.22911e-06 -2.96995e-06 1.2958e-07
11.475 3.05165e-06 3.1105e-06 -2.86397e-06 1.23266e-07
11.5 2.94096e-06 2.99695e-06 -2.76259e-06 1.17184e-07
11.525 2.83494e-06 2.88822e-06 -2.66556e-06 1.11328e-07
11.55 2.73338e-06 2.78405e-06 -2.57266e-06 1.05694e-07
11.575 2.63604e-06 2.68422e-06 -2.48367e-06 1.00276e-07
11.6 2.54272e-06 2.58851e-06 -2.39837e-06 9.50704e-08
11.625 2.4532e-06 2.49672e-06 -2.31658e-06 9.00716e-08
11.65 2.36729e-06 2.40864e-06 -2.23809e-06 8.5275e-08
11.675 2.28482e-06 2.32409e-06 -2.16274e-06 8.06758e-08
11.7 2.20561e-06 2.2429e-06 -2.09036e-06 7.62691e-08
11.725 2.1295e-06 2.16489e-06 -2.02079e-06 7.205e-08
11.75 2.05633e-06 2.08991e-06 -1.95388e-06 6.80136e-08
11.775 1.98595e-06 2.0178e-06 -1.88949e-06 6.41548e-08
11.8 1.91824e-06 1.94844e-06 -1.8275e-06 6.04686e-08
11.825 1.85305e-06 1.88168e-06 -1.76778e-06 5.69499e-08
11.85 1.79026e-06 1.81739e-06 -1.71021e-06 5.35936e-08
11.875 1.72976e-06 1.75546e-06 -1.65468e-06 5.03946e-08
11.9 1.67143e-06 1.69578e-06 -1.60109e-06 4.73477e-08
11.925 1.61518e-06 1.63824e-06 -1.54934e-06 4.44479e-08
11.95 1.5609e-06 1.58273e-06 -1.49935e-06 4.169e-08
11.975 1.5085e-06 1.52917e-06 -1.45103e-06 3.90691e-08
12 1.4579e-06 1.47746e-06 -1.4043e-06 3.658e-08
12.025 1.40901e-06 1.42752e-06 -1.35909e-06 3.42178e-08
12.05 1.36175e-06 1.37928e-06 -1.31532e-06 3.19778e-08
12.075 1.31605e-06 1.33265e-06 -1.27294e-06 2.98551e-08
12.1 1.27185e-06 1.28756e-06 -1.23187e-06 2.78451e-08
12.125 1.22908e-06 1.24396e-06 -1.19207e-06 2.59432e-08
12.15 1.18767e-06 1.20177e-06 -1.15348e-06 2.4145e-08
12.175 1.14758e-06 1.16094e-06 -1.11605e-06 2.24464e-08
12.2 1.10874e-06 1.12142e-06 -1.07973e-06 2.0843e-08
12.225 1.0711e-06 1.08314e-06 -1.04448e-06 1.9331e-08
12.25 1.03463e-06 1.04607e-06 -1.01025e-06 1.79065e-08
12.275 9.9926e-07 1.01015e-06 -9.77014e-07 1.65658e-08
12.3 9.64963e-07 9.75333e-07 -9.44722e-07 1.53055e-08
12.325 9.31694e-07 9.41587e-07 -9.13343e-07 1.4122e-08
12.35 8.99415e-07 9.08868e-07 -8.82844e-07 1.30122e-08
12.375 8.6809e-07 8.77138e-07 -8.53192e-07 1.1973e-08
12.4 8.37685e-07 8.46362e-07 -8.24359e-07 1.10016e-08
12.425 8.08167e-07 8.16505e-07 -7.96315e-07 1.00949e-08
12.45 7.79506e-07 7.87535e-07 -7.69034e-07 9.25055e-09
12.475 7.51672e-07 7.59421e-07 -7.42489e-07 8.4658e-09
12.5 7.24637e-07 7.32133e-07 -7.16657e-07 7.73829e-09
12.525 6.98376e-07 7.05644e-07 -6.91512e-07 7.06569e-09
12.55 6.72863e-07 6.79926e-07 -6.67035e-07 6.44577e-09
12.575 6.48074e-07 6.54955e-07 -6.43202e-07 5.8764e-09
12.6 6.23987e-07 6.30706e-07 -6.19995e-07 5.35551e-09
12.625 6.0058e-07 6.07156e-07 -5.97394e-07 4.88113e-09
12.65 5.77834e-07 5.84282e-07 -5.7538e-07 4.45132e-09
12.675 5.55728e-07 5.62064e-07 -5.53936e-07 4.06421e-09
12.7 5.34243e-07 5.40482e-07 -5.33046e-07 3.71798e-09
12.725 5.13363e-07 5.19516e-07 -5.12695e-07 3.41083e-09
12.75 4.9307e-07 4.99148e-07 -4.92866e-07 3.14101e-09
12.775 4.7335e-07 4.79362e-07 -4.73548e-07 2.90677e-09
12.8 4.54186e-07 4.6014e-07 -4.54727e-07 2.70641e-09
12.825 4.35564e-07 4.41467e-07 -4.3639e-07 2.53822e-09
12.85 4.17472e-07 4.23328e-07 -4.18527e-07 2.40051e-09
12.875 3.99897e-07 4.05711e-07 -4.01128e-07 2.29158e-09
12.9 3.82826e-07 3.88601e-07 -3.84181e-07 2.20977e-09
12.925 3.66249e-07 3.71987e-07 -3.6768e-07 2.15339e-09
12.95 3.50156e-07 3.55858e-07 -3.51616e-07 2.12077e-09
12.975 3.34536e-07 3.40202e-07 -3.35982e-07 2.11024e-09
13 3.19381e-07 3.25012e-07 -3.20771e-07 2.12014e-09
13.025 3.04684e-07 3.10277e-07 -3.05979e-07 2.14881e-09
13.05 2.90435e-07 2.95989e-07 -2.916e-07 2.1946e-09
13.075 2.76629e-07 2.82142e-07 -2.7763e-07 2.25589e-09
13.1 2.63259e-07 2.68728e-07 -2.64066e-07 2.33106e-09
13.125 2.5032e-07 2.55742e-07 -2.50905e-07 2.41851e-09
13.15 2.37806e-07 2.43179e-07 -2.38145e-07 2.51667e-09
13.175 2.25714e-07 2.31033e-07 -2.25785e-07 2.62403e-09
13.2 2.14039e-07 2.19301e-07 -2.13823e-07 2.73908e-09
13.225 2.02778e-07 2.07981e-07 -2.0226e-07 2.86036e-09
13.25 1.91927e-07 1.97067e-07 -1.91094e-07 2.98647e-09
13.275 1.81486e-07 1.8656e-07 -1.80327e-07 3.11608e-09
13.3 1.7145e-07 1.76455e-07 -1.6996e-07 3.24787e-09
13.325 1.6182e-07 1.66753e-07 -1.59992e-07 3.38064e-09
13.35 1.52592e-07 1.57452e-07 -1.50425e-07 3.51323e-09
13.375 1.43767e-07 1.48551e-07 -1.41262e-07 3.64455e-09
13.4 1.35343e-07 1.40049e-07 -1.32502e-07 3.77362e-09
13.425 1.27319e-07 1.31947e-07 -1.24148e-07 3.8995e-09
13.45 1.19695e-07 1.24244e-07 -1.16202e-07 4.02139e-09
13.475 1.1247e-07 1.1694e-07 -1.08663e-07 4.13853e-09
13.5 1.05643e-07 1.10035e-07 -1.01535e-07 4.25028e-09
13.525 9.92148e-08 1.03529e-07 -9.48167e-08 4.35609e-09
13.55 9.31833e-08 9.74213e-08 -8.85104e-08 4.45549e-09
13.575 8.75482e-08 9.17121e-08 -8.26159e-08 4.54812e-09
13.6 8.23084e-08 8.64008e-08 -7.71334e-08 4.63371e-09
13.625 7.74627e-08 8.14866e-08 -7.20624e-08 4.71209e-09
13.65 7.30095e-08 7.69685e-08 -6.74022e-08 4.78316e-09
13.675 6.8947e-08 7.28451e-08 -6.31512e-08 4.84694e-09
13.7 6.52729e-08 6.91147e-08 -5.93076e-08 4.90351e-09
13.725 6.19846e-08 6.57749e-08 -5.58689e-08 4.95304e-09
13.75 5.9079e-08 6.28233e-08 -5.28317e-08 4.99579e-09
13.775 5.65525e-08 6.02564e-08 -5.01922e-08 5.0321e-09
13.8 5.4401e-08 5.80707e-08 -4.7946e-08 5.06234e-09
13.825 5.26198e-08 5.62617e-08 -4.60877e-08 5.08699e-09
13.85 5.12039e-08 5.48245e-08 -4.46113e-08 5.10656e-09
13.875 5.01473e-08 5.37535e-08 -4.35103e-08 5.12162e-09
13.9 4.94438e-08 5.30426e-08 -4.27771e-08 5.13279e-09
13.925 4.90863e-08 5.26849e-08 -4.24035e-08 5.14073e-09
13.95 4.90671e-08 5.26729e-08 -4.23807e-08 5.14612e-09
13.975 4.93781e-08 5.29983e-08 -4.2699e-08 5.14967e-09
14 5.00104e-08 5.36523e-08 -4.33481e-08 5.15211e-09
14.025 5.09544e-08 5.46254e-08 -4.43171e-08 5.15418e-09
14.05 5.22001e-08 5.59075e-08 -4.55942e-08 5.15664e-09
14.075 5.37369e-08 5.74876e-08 -4.71672e-08 5.16022e-09
14.1 5.55533e-08 5.93544e-08 -4.90231e-08 5.16565e-09
14.125 5.76376e-08 6.14959e-08 -5.11486e-08 5.17366e-09
14.15 5.99774e-08 6.38994e-08 -5.35296e-08 5.18494e-09
14.175 6.25599e-08 6.6552e-08 -5.61516e-08 5.20017e-09
14.2 6.53717e-08 6.94398e-08 -5.89999e-08 5.21997e-09
14.225 6.83991e-08 7.25489e-08 -6.2059e-08 5.24497e-09
14.25 7.16278e-08 7.58647e-08 -6.53133e-08 5.2757e-09
14.275 7.50433e-08 7.93724e-08 -6.8747e-08 5.31268e-09
14.3 7.86309e-08 8.30566e-08 -7.23439e-08 5.35638e-09
14.325 8.23753e-08 8.6902e-08 -7.60876e-08 5.40721e-09
14.35 8.62612e-08 9.08926e-08 -7.99616e-08 5.46551e-09
14.375 9.0273e-08 9.50126e-08 -8.39495e-08 5.53158e-09
14.4 9.43953e-08 9.92459e-08 -8.80346e-08 5.60565e-09
14.425 9.86121e-08 1.03576e-07 -9.22004e-08 5.6879e-09
14.45 1.02908e-07 1.07987e-07 -9.64306e-08 5.77844e-09
14.475 1.07267e-07 1.12463e-07 -1.00709e-07 5.87732e-09
14.5 1.11673e-07 1.16988e-07 -1.05019e-07 5.98451e-09
14.525 1.16111e-07 1.21545e-07 -1.09345e-07 6.09995e-09
14.55 1.20565e-07 1.26119e-07 -1.13672e-07 6.2235e-09
14.575 1.25021e-07 1.30694e-07 -1.17984e-07 6.35496e-09
14.6 1.29464e-07 1.35254e-07 -1.22266e-07 6.49407e-09
14.625 1.33878e-07 1.39786e-07 -1.26505e-07 6.64053e-09
14.65 1.3825e-07 1.44273e-07 -1.30686e-07 6.79398e-09
14.675 1.42566e-07 1.48703e-07 -1.34795e-07 6.954e-09
14.7 1.46812e-07 1.53061e-07 -1.38821e-07 7.12014e-09
14.725 1.50976e-07 1.57334e-07 -1.4275e-07 7.29189e-09
14.75 1.55045e-07 1.61509e-07 -1.46571e-07 7.46872e-09
14.775 1.59008e-07 1.65574e-07 -1.50274e-07 7.65004e-09
14.8 1.62852e-07 1.69517e-07 -1.53847e-07 7.83525e-09
14.825 1.66568e-07 1.73328e-07 -1.5728e-07 8.02372e-09
14.85 1.70145e-07 1.76996e-07 -1.60566e-07 8.21477e-09
14.875 1.73574e-07 1.80511e-07 -1.63695e-07 8.40774e-09
14.9 1.76846e-07 1.83865e-07 -1.66661e-07 8.60193e-09
14.925 1.79953e-07 1.87048e-07 -1.69455e-07 8.79663e-09
14.95 1.82887e-07 1.90055e-07 -1.72072e-07 8.99113e-09
14.975 1.85643e-07 1.92876e-07 -1.74507e-07 9.18471e-09
15 1.88213e-07 1.95508e-07 -1.76755e-07 9.37667e-09
15.025 1.90593e-07 1.97944e-07 -1.78811e-07 9.56629e-09
15.05 1.92779e-07 2.00179e-07 -1.80673e-07 9.75287e-09
15.075 1.94765e-07 2.02209e-07 -1.82338e-07 9.93573e-09
15.1 1.96549e-07 2.04032e-07 -1.83804e-07 1.01142e-08
15.125 1.98129e-07 2.05645e-07 -1.85069e-07 1.02876e-08
15.15 1.99503e-07 2.07045e-07 -1.86134e-07 1.04554e-08
15.175 2.0067e-07 2.08232e-07 -1.86999e-07 1.06168e-08
15.2 2.01628e-07 2.09206e-07 -1.87663e-07 1.07715e-08
15.225 2.02379e-07 2.09966e-07 -1.88129e-07 1.09187e-08
15.25 2.02923e-07 2.10513e-07 -1.88397e-07 1.1058e-08
15.275 2.03261e-07 2.10849e-07 -1.88472e-07 1.11889e-08
15.3 2.03396e-07 2.10976e-07 -1.88354e-07 1.1311e-08
15.325 2.0333e-07 2.10896e-07 -1.88048e-07 1.14238e-08
15.35 2.03065e-07 2.10612e-07 -1.87558e-07 1.15271e-08
15.375 2.02606e-07 2.10128e-07 -1.86888e-07 1.16204e-08
15.4 2.01955e-07 2.09449e-07 -1.86042e-07 1.17035e-08
15.425 2.01119e-07 2.08577e-07 -1.85025e-07 1.17761e-08
15.45 2.00101e-07 2.07519e-07 -1.83843e-07 1.18381e-08
15.475 1.98907e-07 2.0628e-07 -1.82502e-07 1.18892e-08
15.5 1.97542e-07 2.04866e-07 -1.81007e-07 1.19293e-08
15.525 1.96011e-07 2.03282e-07 -1.79365e-07 1.19584e-08
15.55 1.94322e-07 2.01534e-07 -1.77581e-07 1.19764e-08
15.575 1.92481e-07 1.9963e-07 -1.75663e-07 1.19833e-08
15.6 1.90493e-07 1.97576e-07 -1.73617e-07 1.19791e-08
15.625 1.88367e-07 1.95379e-07 -1.71451e-07 1.19639e-08
15.65 1.86108e-07 1.93046e-07 -1.6917e-07 1.19378e-08
15.675 1.83724e-07 1.90584e-07 -1.66782e-07 1.19009e-08
15.7 1.81223e-07 1.88001e-07 -1.64295e-07 1.18535e-08
15.725 1.78611e-07 1.85305e-07 -1.61714e-07 1.17956e-08
15.75 1.75895e-07 1.82503e-07 -1.59048e-07 1.17275e-08
15.775 1.73084e-07 1.79602e-07 -1.56303e-07 1.16495e-08
15.8 1.70184e-07 1.76609e-07 -1.53486e-07 1.15618e-08
15.825 1.67204e-07 1.73534e-07 -1.50604e-07 1.14648e-08
15.85 1.64149e-07 1.70382e-07 -1.47665e-07 1.13587e-08
15.875 1.61028e-07 1.67162e-07 -1.44674e-07 1.1244e-08
15.9 1.57847e-07 1.6388e-07 -1.41638e-07 1.11209e-08
15.925 1.54614e-07 1.60544e-07 -1.38565e-07 1.09899e-08
15.95 1.51336e-07 1.57162e-07 -1.35459e-07 1.08513e-08
15.975 1.48019e-07 1.53739e-07 -1.32328e-07 1.07055e-08
16 1.4467e-07 1.50283e-07 -1.29177e-07 1.0553e-08
16.025 1.41295e-07 1.46801e-07 -1.26012e-07 1.03941e-08
16.05 1.37901e-07 1.43298e-07 -1.22839e-07 1.02293e-08
16.075 1.34494e-07 1.39781e-07 -1.19663e-07 1.00591e-08
16.1 1.31079e-07 1.36257e-07 -1.16489e-07 9.88372e-09
16.125 1.27663e-07 1.3273e-07 -1.13322e-07 9.70375e-09
16.15 1.2425e-07 1.29207e-07 -1.10168e-07 9.51958e-09
16.175 1.20846e-07 1.25693e-07 -1.07029e-07 9.33163e-09
16.2 1.17457e-07 1.22192e-07 -1.03912e-07 9.14033e-09
16.225 1.14086e-07 1.18711e-07 -1.00818e-07 8.94609e-09
16.25 1.10738e-07 1.15253e-07 -9.77539e-08 8.74934e-09
16.275 1.07417e-07 1.11822e-07 -9.47215e-08 8.55046e-09
16.3 1.04129e-07 1.08424e-07 -9.17244e-08 8.34986e-09
16.325 1.00875e-07 1.05062e-07 -8.8766e-08 8.14793e-09
16.35 9.76602e-08 1.01739e-07 -8.58489e-08 7.94504e-09
16.375 9.44875e-08 9.8459e-08 -8.29759e-08 7.74155e-09
16.4 9.136e-08 9.52251e-08 -8.01495e-08 7.53782e-09
16.425 8.82804e-08 9.20401e-08 -7.73718e-08 7.33418e-09
16.45 8.52513e-08 8.89068e-08 -7.46448e-08 7.13096e-09
16.475 8.22751e-08 8.58274e-08 -7.19705e-08 6.92848e-09
16.5 7.93539e-08 8.28043e-08 -6.93502e-08 6.72703e-09
16.525 7.64896e-08 7.98394e-08 -6.67856e-08 6.52689e-09
16.55 7.3684e-08 7.69345e-08 -6.42778e-08 6.32834e-09
16.575 7.09384e-08 7.40911e-08 -6.18278e-08 6.13163e-09
16.6 6.82543e-08 7.13105e-08 -5.94365e-08 5.937e-09
16.625 6.56326e-08 6.85939e-08 -5.71046e-08 5.74466e-09
16.65 6.30743e-08 6.59423e-08 -5.48327e-08 5.55484e-09
16.675 6.05801e-08 6.33564e-08 -5.2621e-08 5.36771e-09
16.7 5.81505e-08 6.08369e-08 -5.04699e-08 5.18347e-09
16.725 5.5786e-08 5.8384e-08 -4.83795e-08 5.00227e-09
16.75 5.34868e-08 5.59982e-08 -4.63497e-08 4.82427e-09
16.775 5.1253e-08 5.36795e-08 -4.43803e-08 4.6496e-09
16.8 4.90845e-08 5.14278e-08 -4.24711e-08 4.47838e-09
16.825 4.69812e-08 4.92431e-08 -4.06217e-08 4.31072e-09
16.85 4.49427e-08 4.7125e-08 -3.88316e-08 4.14671e-09
16.875 4.29685e-08 4.50731e-08 -3.71003e-08 3.98643e-09
16.9 4.10583e-08 4.30869e-08 -3.5427e-08 3.82996e-09
16.925 3.92112e-08 4.11658e-08 -3.38111e-08 3.67735e-09
16.95 3.74267e-08 3.93089e-08 -3.22516e-08 3.52865e-09
16.975 3.57038e-08 3.75156e-08 -3.07478e-08 3.3839e-09
17 3.40417e-08 3.57849e-08 -2.92987e-08 3.24311e-09
17.025 3.24395e-08 3.41158e-08 -2.79032e-08 3.1063e-09
17.05 3.0896e-08 3.25073e-08 -2.65604e-08 2.97348e-09
17.075 2.94102e-08 3.09583e-08 -2.52691e-08 2.84464e-09
17.1 2.7981e-08 2.94677e-08 -2.40281e-08 2.71977e-09
17.125 2.66071e-08 2.80342e-08 -2.28365e-08 2.59885e-09
17.15 2.52874e-08 2.66565e-08 -2.16928e-08 2.48186e-09
17.175 2.40205e-08 2.53335e-08 -2.0596e-08 2.36876e-09
17.2 2.28052e-08 2.40638e-08 -1.95448e-08 2.2595e-09
17.225 2.16401e-08 2.2846e-08 -1.85379e-08 2.15405e-09
17.25 2.0524e-08 2.16788e-08 -1.75741e-08 2.05234e-09
17.275 1.94554e-08 2.05608e-08 -1.66522e-08 1.95433e-09
17.3 1.8433e-08 1.94907e-08 -1.57708e-08 1.85995e-09
17.325 1.74555e-08 1.8467e-08 -1.49287e-08 1.76913e-09
17.35 1.65215e-08 1.74883e-08 -1.41247e-08 1.68181e-09
17.375 1.56295e-08 1.65533e-08 -1.33575e-08 1.59791e-09
17.4 1.47783e-08 1.56606e-08 -1.26258e-08 1.51736e-09
17.425 1.39664e-08 1.48087e-08 -1.19285e-08 1.44008e-09
17.45 1.31926e-08 1.39962e-08 -1.12643e-08 1.36599e-09
17.475 1.24555e-08 1.3222e-08 -1.06319e-08 1.295e-09
17.5 1.17538e-08 1.24844e-08 -1.00304e-08 1.22705e-09
17.525 1.10862e-08 1.17824e-08 -9.45832e-09 1.16203e-09
17.55 1.04514e-08 1.11145e-08 -8.9147e-09 1.09988e-09
17.575 9.84817e-09 1.04794e-08 -8.39839e-09 1.04049e-09
17.6 9.27525e-09 9.87588e-09 -7.90829e-09 9.83792e-10
17.625 8.73145e-09 9.30272e-09 -7.44333e-09 9.29693e-10
17.65 8.21559e-09 8.75869e-09 -7.00247e-09 8.78109e-10
17.675 7.72651e-09 8.24259e-09 -6.58468e-09 8.28956e-10
17.7 7.26309e-09 7.75328e-09 -6.18898e-09 7.82149e-10
17.725 6.82422e-09 7.28961e-09 -5.8144e-09 7.37604e-10
17.75 6.40884e-09 6.85048e-09 -5.46e-09 6.95239e-10
17.775 6.01592e-09 6.43483e-09 -5.12489e-09 6.54973e-10
17.8 5.64444e-09 6.04162e-09 -4.80817e-09 6.16726e-10
17.825 5.29343e-09 5.66983e-09 -4.509e-09 5.80418e-10
17.85 4.96194e-09 5.31849e-09 -4.22655e-09 5.45973e-10
17.875 4.64906e-09 4.98666e-09 -3.96003e-09 5.13315e-10
17.9 4.35389e-09 4.6734e-09 -3.70866e-09 4.82369e-10
17.925 4.07559e-09 4.37785e-09 -3.47172e-09 4.53064e-10
17.95 3.81334e-09 4.09914e-09 -3.24848e-09 4.25329e-10
17.975 3.56633e-09 3.83646e-09 -3.03827e-09 3.99096e-10
18 3.33381e-09 3.589e-09 -2.84041e-09 3.74297e-10
18.025 3.11504e-09 3.35602e-09 -2.65428e-09 3.50868e-10
18.05 2.90931e-09 3.13677e-09 -2.47928e-09 3.28746e-10
18.075 2.71594e-09 2.93055e-09 -2.31481e-09 3.07869e-10
18.1 2.5343e-09 2.73668e-09 -2.16032e-09 2.8818e-10
18.125 2.36374e-09 2.55452e-09 -2.01527e-09 2.69621e-10
18.15 2.20369e-09 2.38344e-09 -1.87916e-09 2.52136e-10
18.175 2.05356e-09 2.22285e-09 -1.7515e-09 2.35673e-10
18.2 1.91282e-09 2.07218e-09 -1.63182e-09 2.20181e-10
18.225 1.78093e-09 1.93089e-09 -1.51967e-09 2.0561e-10
18.25 1.65742e-09 1.79846e-09 -1.41463e-09 1.91913e-10
18.275 1.54179e-09 1.67439e-09 -1.3163e-09 1.79045e-10
18.3 1.43361e-09 1.55822e-09 -1.22429e-09 1.66962e-10
18.325 1.33244e-09 1.44949e-09 -1.13824e-09 1.55622e-10
18.35 1.23787e-09 1.34777e-09 -1.0578e-09 1.44985e-10
18.375 1.14952e-09 1.25266e-09 -9.82632e-10 1.35013e-10
18.4 1.06701e-09 1.16377e-09 -9.1243e-10 1.2567e-10
18.425 9.90005e-10 1.08073e-09 -8.46895e-10 1.16919e-10
18.45 9.18163e-10 1.0032e-09 -7.85744e-10 1.08728e-10
18.475 8.51171e-10 9.30841e-10 -7.2871e-10 1.01066e-10
18.5 7.88733e-10 8.63342e-10 -6.75541e-10 9.39003e-11
18.525 7.30565e-10 8.00404e-10 -6.25996e-10 8.72038e-11
18.55 6.76402e-10 7.41748e-10 -5.79851e-10 8.09486e-11
18.575 6.25991e-10 6.87106e-10 -5.36889e-10 7.51084e-11
18.6 5.79094e-10 6.36228e-10 -4.96911e-10 6.96586e-11
18.625 5.35486e-10 5.88876e-10 -4.59725e-10 6.45755e-11
18.65 4.94956e-10 5.44825e-10 -4.25152e-10 5.98369e-11
18.675 4.57303e-10 5.03864e-10 -3.93021e-10 5.54216e-11
18.7 4.2234e-10 4.65794e-10 -3.63175e-10 5.13095e-11
18.725 3.89888e-10 4.30425e-10 -3.35462e-10 4.74817e-11
18.75 3.59782e-10 3.97581e-10 -3.09741e-10 4.39204e-11
18.775 3.31864e-10 3.67096e-10 -2.85879e-10 4.06085e-11
18.8 3.05987e-10 3.38812e-10 -2.63752e-10 3.753e-11
18.825 2.82013e-10 3.12582e-10 -2.43242e-10 3.467e-11
18.85 2.59811e-10 2.88268e-10 -2.2424e-10 3.20141e-11
18.875 2.3926e-10 2.65739e-10 -2.06641e-10 2.9549e-11
18.9 2.20245e-10 2.44873e-10 -1.90349e-10 2.72621e-11
18.925 2.02659e-10 2.25557e-10 -1.75274e-10 2.51414e-11
18.95 1.86403e-10 2.07682e-10 -1.61331e-10 2.31758e-11
18.975 1.71381e-10 1.91149e-10 -1.48439e-10 2.13549e-11
19 1.57507e-10 1.75862e-10 -1.36525e-10 1.96687e-11
19.025 1.44699e-10 1.61735e-10 -1.25519e-10 1.8108e-11
19.05 1.32879e-10 1.48685e-10 -1.15356e-10 1.66642e-11
19.075 1.21976e-10 1.36634e-10 -1.05976e-10 1.53291e-11
19.1 1.11923e-10 1.25511e-10 -9.73214e-11 1.4095e-11
19.125 1.02658e-10 1.1525e-10 -8.93396e-11 1.2955e-11
19.15 9.41227e-11 1.05786e-10 -8.19815e-11 1.19022e-11
19.175 8.62633e-11 9.70617e-11 -7.52009e-11 1.09304e-11
19.2 7.90291e-11 8.90229e-11 -6.89553e-11 1.00338e-11
19.225 7.23733e-11 8.16186e-11 -6.32045e-11 9.20703e-12
19.25 6.62521e-11 7.48015e-11 -5.79117e-11 8.4449e-12
19.275 6.0625e-11 6.85277e-11 -5.30423e-11 7.74268e-12
19.3 5.54543e-11 6.27562e-11 -4.85642e-11 7.09596e-12
19.325 5.0705e-11 5.74489e-11 -4.44477e-11 6.50062e-12
19.35 4.63444e-11 5.25706e-11 -4.0665e-11 5.95281e-12
19.375 4.23426e-11 4.80884e-11 -3.71904e-11 5.44897e-12
19.4 3.86714e-11 4.39717e-11 -3.40002e-11 4.98576e-12
19.425 3.53049e-11 4.01924e-11 -3.10722e-11 4.56009e-12
19.45 3.22192e-11 3.67241e-11 -2.83859e-11 4.1691e-12
19.475 2.93919e-11 3.35426e-11 -2.59224e-11 3.8101e-12
19.5 2.68026e-11 3.06252e-11 -2.3664e-11 3.48063e-12
19.525 2.4432e-11 2.79512e-11 -2.15944e-11 3.17839e-12
19.55 2.22626e-11 2.55012e-11 -1.96987e-11 2.90124e-12
19.575 2.02782e-11 2.32573e-11 -1.79629e-11 2.64721e-12
19.6 1.84637e-11 2.12031e-11 -1.63741e-11 2.41447e-12
19.625 1.68053e-11 1.93231e-11 -1.49205e-11 2.20132e-12
19.65 1.529e-11 1.76034e-11 -1.35909e-11 2.00621e-12
19.675 1.39062e-11 1.60308e-11 -1.23754e-11 1.82767e-12
19.7 1.26428e-11 1.45933e-11 -1.12646e-11 1.66437e-12
19.725 1.149e-11 1.32799e-11 -1.02498e-11 1.51507e-12
19.75 1.04383e-11 1.20803e-11 -9.32308e-12 1.37863e-12
19.775 9.47944e-12 1.09851e-11 -8.47713e-12 1.25399e-12
19.8 8.60543e-12 9.98554e-12 -7.70519e-12 1.14018e-12
19.825 7.80912e-12 9.07365e-12 -7.00106e-12 1.03629e-12
19.85 7.08387e-12 8.24204e-12 -6.35902e-12 9.41512e-13
19.875 6.42361e-12 7.48396e-12 -5.77381e-12 8.55072e-13
19.9 5.82275e-12 6.79315e-12 -5.24061e-12 7.7627e-13
19.925 5.27615e-12 6.1639e-12 -4.75498e-12 7.04461e-13
19.95 4.77912e-12 5.59093e-12 -4.31283e-12 6.39051e-13
19.975 4.32732e-12 5.06941e-12 -3.91042e-12 5.79495e-13
20 3.9168e-12 4.59489e-12 -3.54431e-12 5.25289e-13
