0 0.141057 0.150946 -0.0471624 0.051892
0.025 0.141057 0.150946 -0.0471624 0.051892
0.05 0.141057 0.150946 -0.0471258 0.0519102
0.075 0.141056 0.150946 -0.0470649 0.0519406
0.1 0.141055 0.150946 -0.0469799 0.051983
0.125 0.141054 0.150946 -0.046871 0.0520374
0.15 0.141053 0.150946 -0.0467386 0.0521036
0.175 0.141052 0.150946 -0.0465829 0.0521815
0.2 0.141051 0.150946 -0.0464044 0.052271
0.225 0.14105 0.150947 -0.0462035 0.0523718
0.25 0.14105 0.150948 -0.0459809 0.0524837
0.275 0.141049 0.15095 -0.0457371 0.0526064
0.3 0.14105 0.150952 -0.0454727 0.0527398
0.325 0.141051 0.150956 -0.0451886 0.0528835
0.35 0.141053 0.15096 -0.0448853 0.0530372
0.375 0.141056 0.150965 -0.0445638 0.0532005
0.4 0.141061 0.150971 -0.0442248 0.0533732
0.425 0.141067 0.150979 -0.0438693 0.0535548
0.45 0.141074 0.150988 -0.0434983 0.0537449
0.475 0.141083 0.150999 -0.0431126 0.0539431
0.5 0.141094 0.151011 -0.0427133 0.054149
0.525 0.141107 0.151026 -0.0423014 0.0543621
0.55 0.141122 0.151042 -0.041878 0.054582
0.575 0.14114 0.151061 -0.0414442 0.0548082
0.6 0.14116 0.151081 -0.0410011 0.0550402
0.625 0.141183 0.151105 -0.0405497 0.0552775
0.65 0.141208 0.15113 -0.0400913 0.0555195
0.675 0.141236 0.151158 -0.039627 0.0557657
0.7 0.141268 0.151189 -0.0391579 0.0560156
0.725 0.141302 0.151222 -0.0386852 0.0562687
0.75 0.14134 0.151259 -0.03821 0.0565243
0.775 0.14138 0.151297 -0.0377335 0.056782
0.8 0.141424 0.151339 -0.0372568 0.0570411
0.825 0.141471 0.151383 -0.0367811 0.0573011
0.85 0.141521 0.15143 -0.0363074 0.0575614
0.875 0.141575 0.15148 -0.0358369 0.0578215
0.9 0.141631 0.151532 -0.0353706 0.0580809
0.925 0.141691 0.151587 -0.0349096 0.0583388
0.95 0.141753 0.151645 -0.0344549 0.0585948
0.975 0.141819 0.151704 -0.0340074 0.0588484
1 0.141887 0.151766 -0.0335682 0.0590989
1.025 0.141958 0.15183 -0.0331381 0.0593459
1.05 0.142031 0.151896 -0.0327181 0.0595889
1.075 0.142106 0.151964 -0.032309 0.0598273
1.1 0.142183 0.152033 -0.0319115 0.0600606
1.125 0.142262 0.152103 -0.0315264 0.0602884
1.15 0.142343 0.152175 -0.0311545 0.0605101
1.175 0.142425 0.152247 -0.0307963 0.0607254
1.2 0.142507 0.15232 -0.0304525 0.0609338
1.225 0.142591 0.152394 -0.0301236 0.061135
1.25 0.142675 0.152467 -0.0298102 0.0613284
1.275 0.142758 0.15254 -0.0295126 0.0615139
1.3 0.142842 0.152613 -0.0292313 0.061691
1.325 0.142925 0.152685 -0.0289666 0.0618594
1.35 0.143007 0.152756 -0.0287188 0.0620188
1.375 0.143088 0.152826 -0.0284881 0.0621691
1.4 0.143167 0.152894 -0.0282746 0.0623098
1.425 0.143245 0.15296 -0.0280785 0.062441
1.45 0.14332 0.153024 -0.0278998 0.0625623
1.475 0.143392 0.153086 -0.0277385 0.0626737
1.5 0.143462 0.153145 -0.0275946 0.0627751
1.525 0.143528 0.153201 -0.027468 0.0628663
1.55 0.14359 0.153253 -0.0273584 0.0629473
1.575 0.143649 0.153302 -0.0272657 0.0630182
1.6 0.143704 0.153347 -0.0271895 0.0630789
1.625 0.143754 0.153389 -0.0271297 0.0631295
1.65 0.143799 0.153426 -0.0270857 0.0631701
1.675 0.14384 0.153459 -0.0270572 0.0632008
1.7 0.143875 0.153487 -0.0270438 0.0632217
1.725 0.143905 0.153511 -0.0270448 0.0632331
1.75 0.14393 0.15353 -0.0270599 0.0632351
1.775 0.143948 0.153544 -0.0270883 0.0632281
1.8 0.143962 0.153554 -0.0271296 0.0632122
1.825 0.143969 0.153559 -0.0271829 0.0631878
1.85 0.14397 0.153558 -0.0272477 0.0631553
1.875 0.143966 0.153553 -0.0273232 0.0631149
1.9 0.143955 0.153543 -0.0274088 0.0630671
1.925 0.143939 0.153528 -0.0275036 0.0630123
1.95 0.143917 0.153509 -0.0276068 0.062951
1.975 0.143889 0.153485 -0.0277177 0.0628835
2 0.143856 0.153456 -0.0278355 0.0628105
2.025 0.143817 0.153424 -0.0279592 0.0627323
2.05 0.143773 0.153387 -0.0280882 0.0626496
2.075 0.143725 0.153347 -0.0282215 0.0625629
2.1 0.143671 0.153304 -0.0283584 0.0624727
2.125 0.143614 0.153257 -0.0284979 0.0623795
2.15 0.143552 0.153207 -0.0286392 0.0622841
2.175 0.143486 0.153155 -0.0287816 0.0621869
2.2 0.143418 0.153101 -0.0289241 0.0620886
2.225 0.143346 0.153046 -0.0290659 0.0619898
2.25 0.143272 0.152989 -0.0292064 0.0618911
2.275 0.143197 0.152931 -0.0293446 0.0617931
2.3 0.14312 0.152873 -0.0294798 0.0616963
2.325 0.143042 0.152814 -0.0296113 0.0616016
2.35 0.142964 0.152757 -0.0297384 0.0615093
2.375 0.142886 0.152701 -0.0298603 0.0614202
2.4 0.142809 0.152646 -0.0299764 0.0613348
2.425 0.142734 0.152593 -0.0300861 0.0612536
2.45 0.142661 0.152543 -0.0301888 0.0611774
2.475 0.14259 0.152497 -0.0302839 0.0611065
2.5 0.142523 0.152454 -0.0303708 0.0610416
2.525 0.14246 0.152415 -0.0304492 0.0609831
2.55 0.142402 0.152382 -0.0305185 0.0609316
2.575 0.142349 0.152353 -0.0305783 0.0608875
2.6 0.142302 0.152331 -0.0306282 0.0608513
2.625 0.142261 0.152315 -0.0306681 0.0608233
2.65 0.142228 0.152306 -0.0306974 0.0608041
2.675 0.142203 0.152304 -0.030716 0.0607939
2.7 0.142186 0.15231 -0.0307238 0.0607931
2.725 0.142179 0.152324 -0.0307205 0.0608019
2.75 0.142181 0.152348 -0.030706 0.0608207
2.775 0.142193 0.15238 -0.0306804 0.0608497
2.8 0.142216 0.152422 -0.0306434 0.0608891
2.825 0.14225 0.152473 -0.0305952 0.0609391
2.85 0.142296 0.152535 -0.0305359 0.0609997
2.875 0.142353 0.152608 -0.0304655 0.0610711
2.9 0.142424 0.152691 -0.0303841 0.0611533
2.925 0.142506 0.152785 -0.0302921 0.0612463
2.95 0.142602 0.15289 -0.0301895 0.0613501
2.975 0.142712 0.153006 -0.0300766 0.0614646
3 0.142834 0.153133 -0.0299538 0.0615897
3.025 0.142971 0.153272 -0.0298213 0.0617253
3.05 0.143121 0.153422 -0.0296795 0.0618712
3.075 0.143285 0.153583 -0.0295289 0.0620271
3.1 0.143462 0.153755 -0.0293697 0.0621928
3.125 0.143654 0.153938 -0.0292025 0.0623679
3.15 0.143858 0.154132 -0.0290278 0.0625522
3.175 0.144076 0.154336 -0.0288459 0.0627451
3.2 0.144308 0.15455 -0.0286574 0.0629464
3.225 0.144551 0.154774 -0.0284629 0.0631556
3.25 0.144807 0.155007 -0.0282628 0.063372
3.275 0.145075 0.155248 -0.0280577 0.0635953
3.3 0.145354 0.155498 -0.0278481 0.0638249
3.325 0.145644 0.155755 -0.0276346 0.0640601
3.35 0.145944 0.156019 -0.0274179 0.0643004
3.375 0.146253 0.156288 -0.0271983 0.064545
3.4 0.146571 0.156563 -0.0269765 0.0647934
3.425 0.146896 0.156843 -0.0267531 0.0650448
3.45 0.147228 0.157125 -0.0265286 0.0652984
3.475 0.147565 0.157411 -0.0263035 0.0655535
3.5 0.147908 0.157697 -0.0260784 0.0658094
3.525 0.148253 0.157984 -0.0258537 0.0660652
3.55 0.148601 0.15827 -0.0256301 0.0663201
3.575 0.14895 0.158555 -0.0254079 0.0665733
3.6 0.149299 0.158836 -0.0251877 0.066824
3.625 0.149646 0.159112 -0.0249699 0.0670712
3.65 0.149991 0.159383 -0.0247549 0.0673143
3.675 0.150331 0.159647 -0.0245431 0.0675521
3.7 0.150665 0.159903 -0.0243349 0.067784
3.725 0.150992 0.160149 -0.0241307 0.068009
3.75 0.15131 0.160383 -0.0239307 0.0682262
3.775 0.151617 0.160605 -0.0237352 0.0684348
3.8 0.151912 0.160812 -0.0235446 0.0686339
3.825 0.152194 0.161004 -0.023359 0.0688226
3.85 0.15246 0.161179 -0.0231787 0.0690001
3.875 0.152709 0.161335 -0.0230038 0.0691654
3.9 0.15294 0.16147 -0.0228344 0.0693179
3.925 0.15315 0.161584 -0.0226707 0.0694566
3.95 0.153338 0.161674 -0.0225127 0.0695807
3.975 0.153502 0.16174 -0.0223606 0.0696895
4 0.153641 0.161779 -0.0222142 0.0697822
4.025 0.153752 0.16179 -0.0220736 0.069858
4.05 0.153836 0.161771 -0.0219387 0.0699162
4.075 0.153888 0.161722 -0.0218096 0.0699561
4.1 0.153909 0.16164 -0.021686 0.0699771
4.125 0.153897 0.161525 -0.0215678 0.0699785
4.15 0.15385 0.161374 -0.0214549 0.0699597
4.175 0.153766 0.161187 -0.0213471 0.06992
4.2 0.153645 0.160962 -0.0212443 0.0698591
4.225 0.153485 0.160699 -0.0211461 0.0697764
4.25 0.153284 0.160395 -0.0210523 0.0696713
4.275 0.153042 0.16005 -0.0209628 0.0695435
4.3 0.152757 0.159662 -0.0208772 0.0693926
4.325 0.152428 0.159231 -0.0207951 0.0692182
4.35 0.152055 0.158756 -0.0207164 0.06902
4.375 0.151635 0.158236 -0.0206407 0.0687977
4.4 0.15117 0.15767 -0.0205676 0.0685512
4.425 0.150656 0.157057 -0.0204969 0.0682802
4.45 0.150095 0.156397 -0.0204281 0.0679846
4.475 0.149485 0.15569 -0.020361 0.0676643
4.5 0.148826 0.154934 -0.0202951 0.0673193
4.525 0.148118 0.154129 -0.0202302 0.0669496
4.55 0.147359 0.153276 -0.0201659 0.0665551
4.575 0.146551 0.152374 -0.0201018 0.0661361
4.6 0.145693 0.151423 -0.0200375 0.0656926
4.625 0.144785 0.150422 -0.0199729 0.0652248
4.65 0.143826 0.149373 -0.0199074 0.0647329
4.675 0.142818 0.148275 -0.0198408 0.0642173
4.7 0.141761 0.147129 -0.0197727 0.0636781
4.725 0.140654 0.145935 -0.019703 0.0631159
4.75 0.139499 0.144693 -0.0196311 0.0625309
4.775 0.138297 0.143404 -0.019557 0.0619237
4.8 0.137047 0.14207 -0.0194802 0.0612947
4.825 0.13575 0.140689 -0.0194006 0.0606444
4.85 0.134408 0.139265 -0.0193179 0.0599735
4.875 0.133022 0.137797 -0.0192319 0.0592824
4.9 0.131593 0.136286 -0.0191423 0.0585718
4.925 0.130121 0.134734 -0.019049 0.0578424
4.95 0.128608 0.133142 -0.0189518 0.0570949
4.975 0.127055 0.131511 -0.0188506 0.0563301
5 0.125465 0.129842 -0.0187452 0.0555486
5.025 0.123838 0.128138 -0.0186355 0.0547513
5.05 0.122175 0.126399 -0.0185213 0.0539389
5.075 0.120479 0.124627 -0.0184027 0.0531124
5.1 0.118751 0.122825 -0.0182795 0.0522725
5.125 0.116993 0.120992 -0.0181517 0.0514202
5.15 0.115206 0.119132 -0.0180192 0.0505563
5.175 0.113393 0.117246 -0.0178821 0.0496818
5.2 0.111555 0.115335 -0.0177403 0.0487975
5.225 0.109695 0.113403 -0.0175939 0.0479044
5.25 0.107813 0.11145 -0.0174429 0.0470034
5.275 0.105913 0.109478 -0.0172873 0.0460955
5.3 0.103995 0.10749 -0.0171272 0.0451816
5.325 0.102063 0.105488 -0.0169627 0.0442626
5.35 0.100118 0.103473 -0.0167939 0.0433396
5.375 0.0981615 0.101448 -0.0166208 0.0424134
5.4 0.0961963 0.0994136 -0.0164436 0.041485
5.425 0.094224 0.0973732 -0.0162625 0.0405553
5.45 0.0922468 0.0953281 -0.0160775 0.0396253
5.475 0.0902665 0.0932805 -0.0158887 0.0386959
5.5 0.0882851 0.0912322 -0.0156965 0.0377679
5.525 0.0863045 0.0891852 -0.0155008 0.0368422
5.55 0.0843267 0.0871414 -0.0153019 0.0359198
5.575 0.0823534 0.0851027 -0.0150999 0.0350014
5.6 0.0803866 0.0830708 -0.014895 0.0340879
5.625 0.0784279 0.0810477 -0.0146875 0.0331801
5.65 0.0764791 0.079035 -0.0144774 0.0322788
5.675 0.0745419 0.0770344 -0.014265 0.0313847
5.7 0.0726179 0.0750476 -0.0140504 0.0304986
5.725 0.0707088 0.0730762 -0.0138339 0.0296211
5.75 0.068816 0.0711218 -0.0136157 0.028753
5.775 0.066941 0.0691858 -0.0133959 0.0278949
5.8 0.0650852 0.0672697 -0.0131748 0.0270474
5.825 0.06325 0.0653748 -0.0129525 0.0262111
5.85 0.0614366 0.0635024 -0.0127292 0.0253866
5.875 0.0596462 0.0616538 -0.0125052 0.0245743
5.9 0.05788 0.0598301 -0.0122805 0.0237748
5.925 0.056139 0.0580324 -0.0120555 0.0229885
5.95 0.0544243 0.0562618 -0.0118302 0.0222158
5.975 0.0527368 0.0545192 -0.0116049 0.0214571
6 0.0510774 0.0528054 -0.0113797 0.0207129
6.025 0.0494467 0.0511214 -0.0111548 0.0199833
6.05 0.0478457 0.0494678 -0.0109304 0.0192687
6.075 0.0462748 0.0478454 -0.0107067 0.0185694
6.1 0.0447348 0.0462547 -0.0104837 0.0178855
6.125 0.0432261 0.0446962 -0.0102617 0.0172173
6.15 0.0417492 0.0431705 -0.0100407 0.0165649
6.175 0.0403044 0.0416778 -0.00982107 0.0159284
6.2 0.0388921 0.0402187 -0.00960278 0.0153079
6.225 0.0375125 0.0387932 -0.009386 0.0147036
6.25 0.0361658 0.0374017 -0.00917087 0.0141154
6.275 0.0348522 0.0360443 -0.00895751 0.0135434
6.3 0.0335717 0.0347209 -0.00874603 0.0129875
6.325 0.0323244 0.0334318 -0.00853655 0.0124476
6.35 0.0311102 0.0321768 -0.00832917 0.0119238
6.375 0.029929 0.0309559 -0.008124 0.0114159
6.4 0.0287806 0.0297689 -0.00792112 0.0109239
6.425 0.027665 0.0286156 -0.00772063 0.0104475
6.45 0.0265819 0.0274959 -0.00752262 0.00998662
6.475 0.025531 0.0264093 -0.00732717 0.00954108
6.5 0.024512 0.0253557 -0.00713434 0.00911069
6.525 0.0235245 0.0243347 -0.00694421 0.00869523
6.55 0.0225682 0.0233458 -0.00675684 0.00829448
6.575 0.0216426 0.0223886 -0.00657229 0.00790818
6.6 0.0207474 0.0214628 -0.00639062 0.00753609
6.625 0.0198819 0.0205677 -0.00621187 0.00717793
6.65 0.0190458 0.019703 -0.00603609 0.00683343
6.675 0.0182385 0.0188679 -0.00586333 0.0065023
6.7 0.0174594 0.0180621 -0.00569361 0.00618423
6.725 0.016708 0.0172848 -0.00552697 0.00587893
6.75 0.0159837 0.0165356 -0.00536343 0.00558607
6.775 0.0152859 0.0158137 -0.00520303 0.00530535
6.8 0.014614 0.0151186 -0.00504577 0.00503643
6.825 0.0139673 0.0144497 -0.00489167 0.004779
6.85 0.0133454 0.0138062 -0.00474075 0.00453272
6.875 0.0127474 0.0131875 -0.004593 0.00429727
6.9 0.0121728 0.0125931 -0.00444844 0.00407231
6.925 0.011621 0.0120221 -0.00430707 0.00385751
6.95 0.0110912 0.011474 -0.00416887 0.00365255
6.975 0.0105829 0.010948 -0.00403385 0.00345708
7 0.0100954 0.0104436 -0.003902 0.0032708
7.025 0.0096281 0.00996002 -0.0037733 0.00309336
7.05 0.0091803 0.00949666 -0.00364773 0.00292446
7.075 0.00875141 0.00905285 -0.00352528 0.00276378
7.1 0.00834079 0.00862794 -0.00340593 0.00261101
7.125 0.00794784 0.00822131 -0.00328965 0.00246583
7.15 0.00757194 0.00783232 -0.00317642 0.00232795
7.175 0.0072125 0.00746036 -0.0030662 0.00219708
7.2 0.00686892 0.00710481 -0.00295897 0.00207292
7.225 0.00654064 0.00676509 -0.00285469 0.0019552
7.25 0.00622707 0.00644059 -0.00275332 0.00184364
7.275 0.00592768 0.00613076 -0.00265484 0.00173796
7.3 0.0056419 0.00583502 -0.00255919 0.00163791
7.325 0.00536922 0.00555283 -0.00246634 0.00154324
7.35 0.00510912 0.00528365 -0.00237625 0.0014537
7.375 0.00486108 0.00502696 -0.00228888 0.00136904
7.4 0.00462463 0.00478226 -0.00220417 0.00128905
7.425 0.00439928 0.00454905 -0.00212208 0.00121348
7.45 0.00418457 0.00432685 -0.00204256 0.00114214
7.475 0.00398005 0.00411519 -0.00196557 0.00107481
7.5 0.00378529 0.00391363 -0.00189106 0.00101129
7.525 0.00359986 0.00372174 -0.00181897 0.000951384
7.55 0.00342336 0.00353908 -0.00174925 0.000894912
7.575 0.00325539 0.00336525 -0.00168186 0.000841694
7.6 0.00309558 0.00319986 -0.00161674 0.00079156
7.625 0.00294355 0.00304252 -0.00155383 0.000744345
7.65 0.00279895 0.00289288 -0.00149309 0.000699893
7.675 0.00266144 0.00275057 -0.00143446 0.000658054
7.7 0.0025307 0.00261527 -0.0013779 0.000618686
7.725 0.0024064 0.00248664 -0.00132334 0.000581651
7.75 0.00228825 0.00236437 -0.00127073 0.00054682
7.775 0.00217596 0.00224816 -0.00122003 0.000514068
7.8 0.00206925 0.00213773 -0.00117117 0.000483278
7.825 0.00196784 0.00203279 -0.00112412 0.000454337
7.85 0.00187149 0.00193308 -0.00107881 0.00042714
7.875 0.00177995 0.00183836 -0.00103519 0.000401583
7.9 0.00169299 0.00174836 -0.000993216 0.000377573
7.925 0.00161037 0.00166287 -0.000952838 0.000355017
7.95 0.00153189 0.00158166 -0.000914004 0.00033383
7.975 0.00145735 0.00150452 -0.000876666 0.00031393
8 0.00138654 0.00143125 -0.000840776 0.000295239
8.025 0.00131928 0.00136166 -0.000806287 0.000277686
8.05 0.00125539 0.00129555 -0.000773152 0.000261201
8.075 0.00119471 0.00123277 -0.000741327 0.000245719
8.1 0.00113707 0.00117313 -0.000710766 0.00023118
8.125 0.00108231 0.00111648 -0.000681426 0.000217525
8.15 0.0010303 0.00106266 -0.000653264 0.0002047
8.175 0.00098089 0.00101155 -0.000626239 0.000192653
8.2 0.000933949 0.000962985 -0.000600309 0.000181338
8.225 0.000889351 0.000916851 -0.000575435 0.000170708
8.25 0.000846977 0.000873019 -0.000551578 0.000160721
8.275 0.000806713 0.000831373 -0.000528701 0.000151336
8.3 0.000768451 0.0007918 -0.000506765 0.000142517
8.325 0.000732088 0.000754193 -0.000485737 0.000134228
8.35 0.000697526 0.000718453 -0.00046558 0.000126436
8.375 0.000664674 0.000684483 -0.000446262 0.00011911
8.4 0.000633443 0.000652192 -0.00042775 0.000112221
8.425 0.000603751 0.000621495 -0.000410011 0.000105742
8.45 0.000575517 0.000592309 -0.000393015 9.96467e-05
8.475 0.000548668 0.000564557 -0.000376733 9.39119e-05
8.5 0.000523132 0.000538165 -0.000361135 8.85149e-05
8.525 0.000498841 0.000513064 -0.000346195 8.34348e-05
8.55 0.000475733 0.000489188 -0.000331884 7.86521e-05
8.575 0.000453746 0.000466474 -0.000318177 7.41484e-05
8.6 0.000432823 0.000444863 -0.00030505 6.99064e-05
8.625 0.00041291 0.000424297 -0.000292477 6.59102e-05
8.65 0.000393956 0.000404725 -0.000280436 6.21448e-05
8.675 0.000375911 0.000386096 -0.000268904 5.8596e-05
8.7 0.00035873 0.000368361 -0.00025786 5.52507e-05
8.725 0.000342369 0.000351476 -0.000247283 5.20967e-05
8.75 0.000326786 0.000335397 -0.000237152 4.91225e-05
8.775 0.000311942 0.000320085 -0.00022745 4.63173e-05
8.8 0.000297799 0.000305499 -0.000218157 4.3671e-05
8.825 0.000284324 0.000291604 -0.000209256 4.11742e-05
8.85 0.000271482 0.000278365 -0.000200729 3.88182e-05
8.875 0.000259242 0.00026575 -0.00019256 3.65947e-05
8.9 0.000247573 0.000253727 -0.000184735 3.4496e-05
8.925 0.000236448 0.000242267 -0.000177237 3.25148e-05
8.95 0.00022584 0.000231342 -0.000170053 3.06444e-05
8.975 0.000215723 0.000220925 -0.000163168 2.88785e-05
9 0.000206073 0.000210992 -0.00015657 2.72111e-05
9.025 0.000196867 0.000201519 -0.000150246 2.56367e-05
9.05 0.000188083 0.000192484 -0.000144184 2.41499e-05
9.075 0.000179702 0.000183864 -0.000138372 2.2746e-05
9.1 0.000171703 0.00017564 -0.0001328 2.14204e-05
9.125 0.000164068 0.000167793 -0.000127456 2.01686e-05
9.15 0.000156779 0.000160305 -0.000122331 1.89866e-05
9.175 0.000149821 0.000153157 -0.000117416 1.78707e-05
9.2 0.000143177 0.000146335 -0.000112701 1.68172e-05
9.225 0.000136832 0.000139822 -0.000108176 1.58227e-05
9.25 0.000130772 0.000133603 -0.000103835 1.4884e-05
9.275 0.000124984 0.000127666 -9.96692e-05 1.39982e-05
9.3 0.000119455 0.000121995 -9.56706e-05 1.31623e-05
9.325 0.000114172 0.00011658 -9.18321e-05 1.23737e-05
9.35 0.000109125 0.000111407 -8.81469e-05 1.163e-05
9.375 0.000104302 0.000106466 -8.46085e-05 1.09286e-05
9.4 9.9693e-05 0.000101745 -8.12106e-05 1.02674e-05
9.425 9.52881e-05 9.72354e-05 -7.79472e-05 9.6441e-06
9.45 9.1078e-05 9.29262e-05 -7.48126e-05 9.0568e-06
9.475 8.70537e-05 8.88085e-05 -7.18014e-05 8.50355e-06
9.5 8.32068e-05 8.48735e-05 -6.89085e-05 7.98253e-06
9.525 7.95291e-05 8.1113e-05 -6.61289e-05 7.49202e-06
9.55 7.60131e-05 7.75188e-05 -6.3458e-05 7.03037e-06
9.575 7.26514e-05 7.40834e-05 -6.08913e-05 6.59604e-06
9.6 6.94372e-05 7.07997e-05 -5.84246e-05 6.18756e-06
9.625 6.63638e-05 6.76609e-05 -5.60538e-05 5.80352e-06
9.65 6.3425e-05 6.46603e-05 -5.37751e-05 5.44259e-06
9.675 6.06148e-05 6.17918e-05 -5.15848e-05 5.10351e-06
9.7 5.79275e-05 5.90496e-05 -4.94794e-05 4.78509e-06
9.725 5.53576e-05 5.64279e-05 -4.74555e-05 4.48617e-06
9.75 5.29e-05 5.39214e-05 -4.551e-05 4.20568e-06
9.775 5.05498e-05 5.15251e-05 -4.36399e-05 3.94258e-06
9.8 4.83023e-05 4.9234e-05 -4.18422e-05 3.6959e-06
9.825 4.6153e-05 4.70435e-05 -4.01141e-05 3.46469e-06
9.85 4.40977e-05 4.49492e-05 -3.84531e-05 3.24808e-06
9.875 4.21323e-05 4.2947e-05 -3.68565e-05 3.04521e-06
9.9 4.02528e-05 4.10327e-05 -3.53221e-05 2.8553e-06
9.925 3.84556e-05 3.92025e-05 -3.38474e-05 2.67758e-06
9.95 3.67372e-05 3.74529e-05 -3.24302e-05 2.51133e-06
9.975 3.50941e-05 3.57802e-05 -3.10685e-05 2.35587e-06
10 3.35232e-05 3.41812e-05 -2.97601e-05 2.21053e-06
10.025 3.20213e-05 3.26527e-05 -2.85032e-05 2.07472e-06
10.05 3.05856e-05 3.11916e-05 -2.72959e-05 1.94783e-06
10.075 2.92131e-05 2.9795e-05 -2.61363e-05 1.82933e-06
10.1 2.79013e-05 2.84602e-05 -2.50228e-05 1.71868e-06
10.125 2.66474e-05 2.71845e-05 -2.39537e-05 1.61538e-06
10.15 2.54491e-05 2.59653e-05 -2.29274e-05 1.51897e-06
10.175 2.43041e-05 2.48004e-05 -2.19423e-05 1.42901e-06
10.2 2.32099e-05 2.36872e-05 -2.0997e-05 1.34508e-06
10.225 2.21646e-05 2.26236e-05 -2.00901e-05 1.26677e-06
10.25 2.11659e-05 2.16076e-05 -1.92201e-05 1.19372e-06
10.275 2.0212e-05 2.0637e-05 -1.83858e-05 1.12558e-06
10.3 1.93009e-05 1.97099e-05 -1.75858e-05 1.06202e-06
10.325 1.84309e-05 1.88244e-05 -1.6819e-05 1.00271e-06
10.35 1.76001e-05 1.79789e-05 -1.60841e-05 9.47385e-07
10.375 1.68069e-05 1.71715e-05 -1.53799e-05 8.95755e-07
10.4 1.60497e-05 1.64006e-05 -1.47054e-05 8.47564e-07
10.425 1.53269e-05 1.56647e-05 -1.40595e-05 8.02574e-07
10.45 1.46372e-05 1.49622e-05 -1.34411e-05 7.60557e-07
10.475 1.3979e-05 1.42917e-05 -1.28491e-05 7.21302e-07
10.5 1.3351e-05 1.36519e-05 -1.22827e-05 6.84612e-07
10.525 1.2752e-05 1.30415e-05 -1.17409e-05 6.50302e-07
10.55 1.21806e-05 1.2459e-05 -1.12226e-05 6.182e-07
10.575 1.16357e-05 1.19034e-05 -1.07271e-05 5.88147e-07
10.6 1.1116e-05 1.13735e-05 -1.02535e-05 5.59992e-07
10.625 1.06206e-05 1.08681e-05 -9.80088e-06 5.33597e-07
10.65 1.01483e-05 1.03861e-05 -9.36848e-06 5.08833e-07
10.675 9.69815e-06 9.92665e-06 -8.9555e-06 4.85579e-07
10.7 9.26912e-06 9.48861e-06 -8.56116e-06 4.63725e-07
10.725 8.8603e-06 9.07106e-06 -8.18473e-06 4.43167e-07
10.75 8.47077e-06 8.6731e-06 -7.82549e-06 4.23809e-07
10.775 8.09968e-06 8.29385e-06 -7.48273e-06 4.05564e-07
10.8 7.74618e-06 7.93247e-06 -7.15578e-06 3.88349e-07
10.825 7.40947e-06 7.58816e-06 -6.84398e-06 3.72088e-07
10.85 7.0888e-06 7.26013e-06 -6.5467e-06 3.56712e-07
10.875 6.78342e-06 6.94764e-06 -6.26333e-06 3.42156e-07
10.9 6.49263e-06 6.64999e-06 -5.99327e-06 3.28359e-07
10.925 6.21574e-06 6.36649e-06 -5.73595e-06 3.15268e-07
10.95 5.95211e-06 6.09647e-06 -5.49081e-06 3.02832e-07
10.975 5.70111e-06 5.83931e-06 -5.25731e-06 2.91002e-07
11 5.46215e-06 5.59441e-06 -5.03493e-06 2.79738e-07
11.025 5.23463e-06 5.36118e-06 -4.82319e-06 2.68997e-07
11.05 5.01803e-06 5.13907e-06 -4.62158e-06 2.58745e-07
11.075 4.8118e-06 4.92754e-06 -4.42965e-06 2.48947e-07
11.1 4.61545e-06 4.72609e-06 -4.24694e-06 2.39572e-07
11.125 4.42849e-06 4.53421e-06 -4.07303e-06 2.30591e-07
11.15 4.25045e-06 4.35146e-06 -3.9075e-06 2.21978e-07
11.175 4.08089e-06 4.17737e-06 -3.74995e-06 2.13709e-07
11.2 3.9194e-06 4.01151e-06 -3.59999e-06 2.05762e-07
11.225 3.76555e-06 3.85348e-06 -3.45725e-06 1.98115e-07
11.25 3.61898e-06 3.70288e-06 -3.32139e-06 1.90749e-07
11.275 3.4793e-06 3.55934e-06 -3.19205e-06 1.83648e-07
11.3 3.34616e-06 3.4225e-06 -3.06891e-06 1.76796e-07
11.325 3.21923e-06 3.29202e-06 -2.95167e-06 1.70176e-07
11.35 3.09819e-06 3.16757e-06 -2.84001e-06 1.63777e-07
11.375 2.98274e-06 3.04883e-06 -2.73366e-06 1.57585e-07
11.4 2.87257e-06 2.93553e-06 -2.63235e-06 1.51589e-07
11.425 2.76742e-06 2.82736e-06 -2.5358e-06 1.45779e-07
11.45 2.66702e-06 2.72407e-06 -2.44378e-06 1.40145e-07
11.475 2.57112e-06 2.6254e-06 -2.35605e-06 1.34678e-07
11.5 2.47948e-06 2.53111e-06 -2.27237e-06 1.2937e-07
11.525 2.39189e-06 2.44096e-06 -2.19253e-06 1.24215e-07
11.55 2.30812e-06 2.35475e-06 -2.11634e-06 1.19205e-07
11.575 2.22797e-06 2.27226e-06 -2.04359e-06 1.14335e-07
11.6 2.15125e-06 2.1933e-06 -1.9741e-06 1.09599e-07
11.625 2.07778e-06 2.11768e-06 -1.90769e-06 1.04993e-07
11.65 2.00739e-06 2.04522e-06 -1.8442e-06 1.00512e-07
11.675 1.93992e-06 1.97577e-06 -1.78347e-06 9.61526e-08
11.7 1.87521e-06 1.90917e-06 -1.72535e-06 9.19117e-08
11.725 1.81311e-06 1.84526e-06 -1.66969e-06 8.77862e-08
11.75 1.75349e-06 1.78391e-06 -1.61637e-06 8.37736e-08
11.775 1.69623e-06 1.72499e-06 -1.56525e-06 7.98718e-08
11.8 1.64119e-06 1.66837e-06 -1.51621e-06 7.6079e-08
11.825 1.58827e-06 1.61394e-06 -1.46915e-06 7.23936e-08
11.85 1.53735e-06 1.56158e-06 -1.42395e-06 6.88144e-08
11.875 1.48834e-06 1.51119e-06 -1.38051e-06 6.53404e-08
11.9 1.44113e-06 1.46267e-06 -1.33873e-06 6.19708e-08
11.925 1.39564e-06 1.41593e-06 -1.29852e-06 5.87048e-08
11.95 1.35177e-06 1.37089e-06 -1.25981e-06 5.55421e-08
11.975 1.30946e-06 1.32745e-06 -1.22249e-06 5.24823e-08
12 1.26861e-06 1.28555e-06 -1.1865e-06 4.95251e-08
12.025 1.22917e-06 1.24511e-06 -1.15177e-06 4.66703e-08
12.05 1.19106e-06 1.20605e-06 -1.11822e-06 4.39178e-08
12.075 1.15421e-06 1.16832e-06 -1.08578e-06 4.12674e-08
12.1 1.11858e-06 1.13185e-06 -1.05441e-06 3.8719e-08
12.125 1.08408e-06 1.09658e-06 -1.02403e-06 3.62725e-08
12.15 1.05069e-06 1.06245e-06 -9.94598e-07 3.39276e-08
12.175 1.01833e-06 1.02942e-06 -9.66053e-07 3.16841e-08
12.2 9.86968e-07 9.97431e-07 -9.38348e-07 2.95415e-08
12.225 9.5655e-07 9.66434e-07 -9.11435e-07 2.74995e-08
12.25 9.27033e-07 9.36385e-07 -8.85271e-07 2.55573e-08
12.275 8.98375e-07 9.07241e-07 -8.59812e-07 2.37143e-08
12.3 8.70537e-07 8.78959e-07 -8.3502e-07 2.19695e-08
12.325 8.4348e-07 8.515e-07 -8.10856e-07 2.0322e-08
12.35 8.17167e-07 8.24825e-07 -7.87284e-07 1.87704e-08
12.375 7.91565e-07 7.989e-07 -7.64273e-07 1.73135e-08
12.4 7.66641e-07 7.73688e-07 -7.41789e-07 1.59496e-08
12.425 7.42363e-07 7.49157e-07 -7.19804e-07 1.46769e-08
12.45 7.18702e-07 7.25277e-07 -6.9829e-07 1.34935e-08
12.475 6.95631e-07 7.02016e-07 -6.77221e-07 1.23974e-08
12.5 6.73123e-07 6.79347e-07 -6.56574e-07 1.13861e-08
12.525 6.51153e-07 6.57242e-07 -6.36327e-07 1.04572e-08
12.55 6.29697e-07 6.35675e-07 -6.16459e-07 9.60809e-09
12.575 6.08733e-07 6.14624e-07 -5.96952e-07 8.83592e-09
12.6 5.88242e-07 5.94065e-07 -5.77789e-07 8.13773e-09
12.625 5.68203e-07 5.73977e-07 -5.58956e-07 7.51044e-09
12.65 5.48598e-07 5.54339e-07 -5.40437e-07 6.95083e-09
12.675 5.29412e-07 5.35134e-07 -5.22223e-07 6.45556e-09
12.7 5.1063e-07 5.16345e-07 -5.04303e-07 6.0212e-09
12.725 4.92237e-07 4.97956e-07 -4.86668e-07 5.64426e-09
12.75 4.74222e-07 4.79953e-07 -4.69311e-07 5.32116e-09
12.775 4.56574e-07 4.62324e-07 -4.52228e-07 5.04828e-09
12.8 4.39283e-07 4.45057e-07 -4.35413e-07 4.822e-09
12.825 4.22341e-07 4.28143e-07 -4.18866e-07 4.63866e-09
12.85 4.05742e-07 4.11574e-07 -4.02584e-07 4.49461e-09
12.875 3.8948e-07 3.95342e-07 -3.86569e-07 4.38626e-09
12.9 3.73551e-07 3.79442e-07 -3.70822e-07 4.31004e-09
12.925 3.57952e-07 3.63872e-07 -3.55347e-07 4.26244e-09
12.95 3.42682e-07 3.48627e-07 -3.40147e-07 4.24004e-09
12.975 3.27741e-07 3.33707e-07 -3.25228e-07 4.23953e-09
13 3.13129e-07 3.19111e-07 -3.10596e-07 4.2577e-09
13.025 2.98848e-07 3.04842e-07 -2.96259e-07 4.29147e-09
13.05 2.84902e-07 2.90902e-07 -2.82226e-07 4.33789e-09
13.075 2.71295e-07 2.77294e-07 -2.68505e-07 4.3942e-09
13.1 2.58031e-07 2.64023e-07 -2.55107e-07 4.45777e-09
13.125 2.45116e-07 2.51094e-07 -2.42042e-07 4.52617e-09
13.15 2.32558e-07 2.38516e-07 -2.29321e-07 4.59715e-09
13.175 2.20364e-07 2.26294e-07 -2.16957e-07 4.66864e-09
13.2 2.08541e-07 2.14438e-07 -2.0496e-07 4.7388e-09
13.225 1.97099e-07 2.02955e-07 -1.93344e-07 4.80596e-09
13.25 1.86046e-07 1.91857e-07 -1.82119e-07 4.86867e-09
13.275 1.75393e-07 1.81151e-07 -1.713e-07 4.92571e-09
13.3 1.65147e-07 1.70849e-07 -1.60897e-07 4.97604e-09
13.325 1.55321e-07 1.60962e-07 -1.50924e-07 5.01883e-09
13.35 1.45922e-07 1.51498e-07 -1.41391e-07 5.05347e-09
13.375 1.36962e-07 1.4247e-07 -1.32311e-07 5.07954e-09
13.4 1.2845e-07 1.33887e-07 -1.23694e-07 5.09681e-09
13.425 1.20395e-07 1.25761e-07 -1.1555e-07 5.10526e-09
13.45 1.12806e-07 1.18099e-07 -1.07889e-07 5.10502e-09
13.475 1.05693e-07 1.10914e-07 -1.00721e-07 5.09642e-09
13.5 9.90631e-08 1.04212e-07 -9.4052e-08 5.07993e-09
13.525 9.29239e-08 9.80026e-08 -8.78902e-08 5.05617e-09
13.55 8.72821e-08 9.22934e-08 -8.22416e-08 5.02593e-09
13.575 8.21439e-08 8.70912e-08 -7.7111e-08 4.99009e-09
13.6 7.75142e-08 8.24017e-08 -7.25024e-08 4.94965e-09
13.625 7.33971e-08 7.82299e-08 -6.84185e-08 4.90574e-09
13.65 6.97958e-08 7.45796e-08 -6.48606e-08 4.85953e-09
13.675 6.67123e-08 7.14535e-08 -6.18289e-08 4.81231e-09
13.7 6.41473e-08 6.88532e-08 -5.93224e-08 4.76539e-09
13.725 6.21007e-08 6.67788e-08 -5.73385e-08 4.72014e-09
13.75 6.05707e-08 6.52294e-08 -5.58735e-08 4.67797e-09
13.775 5.95546e-08 6.42027e-08 -5.49222e-08 4.64029e-09
13.8 5.90483e-08 6.36951e-08 -5.4478e-08 4.60852e-09
13.825 5.90463e-08 6.37014e-08 -5.45332e-08 4.58406e-09
13.85 5.95419e-08 6.42152e-08 -5.50786e-08 4.56831e-09
13.875 6.05271e-08 6.52288e-08 -5.61036e-08 4.5626e-09
13.9 6.19924e-08 6.67329e-08 -5.75964e-08 4.56826e-09
13.925 6.39272e-08 6.87171e-08 -5.95441e-08 4.5865e-09
13.95 6.63196e-08 7.11694e-08 -6.19323e-08 4.61852e-09
13.975 6.91564e-08 7.40765e-08 -6.47457e-08 4.66541e-09
14 7.24231e-08 7.74242e-08 -6.79678e-08 4.72817e-09
14.025 7.61043e-08 8.11965e-08 -7.1581e-08 4.80773e-09
14.05 8.01831e-08 8.53766e-08 -7.55668e-08 4.90489e-09
14.075 8.46418e-08 8.99465e-08 -7.99058e-08 5.02037e-09
14.1 8.94617e-08 9.48871e-08 -8.45776e-08 5.15475e-09
14.125 9.46229e-08 1.00178e-07 -8.95612e-08 5.30853e-09
14.15 1.00105e-07 1.05799e-07 -9.48349e-08 5.48205e-09
14.175 1.05887e-07 1.11727e-07 -1.00376e-07 5.67555e-09
14.2 1.11945e-07 1.17941e-07 -1.06163e-07 5.88915e-09
14.225 1.18259e-07 1.24416e-07 -1.12171e-07 6.12285e-09
14.25 1.24803e-07 1.3113e-07 -1.18377e-07 6.3765e-09
14.275 1.31555e-07 1.38057e-07 -1.24757e-07 6.64986e-09
14.3 1.38491e-07 1.45172e-07 -1.31287e-07 6.94256e-09
14.325 1.45585e-07 1.52451e-07 -1.37943e-07 7.2541e-09
14.35 1.52814e-07 1.59869e-07 -1.44701e-07 7.5839e-09
14.375 1.60151e-07 1.67399e-07 -1.51537e-07 7.93124e-09
14.4 1.67574e-07 1.75017e-07 -1.58427e-07 8.29532e-09
14.425 1.75057e-07 1.82697e-07 -1.65347e-07 8.67523e-09
14.45 1.82575e-07 1.90414e-07 -1.72274e-07 9.06997e-09
14.475 1.90104e-07 1.98142e-07 -1.79185e-07 9.47846e-09
14.5 1.9762e-07 2.05858e-07 -1.86059e-07 9.89953e-09
14.525 2.051e-07 2.13536e-07 -1.92872e-07 1.0332e-08
14.55 2.1252e-07 2.21154e-07 -1.99605e-07 1.07745e-08
14.575 2.19859e-07 2.28687e-07 -2.06236e-07 1.12257e-08
14.6 2.27093e-07 2.36114e-07 -2.12746e-07 1.16842e-08
14.625 2.34202e-07 2.43413e-07 -2.19115e-07 1.21487e-08
14.65 2.41166e-07 2.50562e-07 -2.25327e-07 1.26175e-08
14.675 2.47964e-07 2.57541e-07 -2.31362e-07 1.30893e-08
14.7 2.54579e-07 2.64331e-07 -2.37206e-07 1.35626e-08
14.725 2.60991e-07 2.70915e-07 -2.42843e-07 1.40358e-08
14.75 2.67185e-07 2.77273e-07 -2.48259e-07 1.45074e-08
14.775 2.73145e-07 2.83391e-07 -2.53439e-07 1.49759e-08
14.8 2.78855e-07 2.89253e-07 -2.58373e-07 1.54399e-08
14.825 2.84303e-07 2.94844e-07 -2.63049e-07 1.58978e-08
14.85 2.89475e-07 3.00153e-07 -2.67456e-07 1.63483e-08
14.875 2.9436e-07 3.05166e-07 -2.71586e-07 1.679e-08
14.9 2.98947e-07 3.09874e-07 -2.75431e-07 1.72214e-08
14.925 3.03227e-07 3.14266e-07 -2.78983e-07 1.76414e-08
14.95 3.07193e-07 3.18335e-07 -2.82238e-07 1.80486e-08
14.975 3.10836e-07 3.22073e-07 -2.85189e-07 1.84419e-08
15 3.14152e-07 3.25474e-07 -2.87834e-07 1.88201e-08
15.025 3.17135e-07 3.28534e-07 -2.9017e-07 1.91822e-08
15.05 3.19782e-07 3.31249e-07 -2.92194e-07 1.95271e-08
15.075 3.22091e-07 3.33615e-07 -2.93907e-07 1.9854e-08
15.1 3.24059e-07 3.35632e-07 -2.95308e-07 2.0162e-08
15.125 3.25687e-07 3.37299e-07 -2.96398e-07 2.04503e-08
15.15 3.26974e-07 3.38617e-07 -2.9718e-07 2.07182e-08
15.175 3.27923e-07 3.39587e-07 -2.97656e-07 2.09652e-08
15.2 3.28537e-07 3.40212e-07 -2.97831e-07 2.11906e-08
15.225 3.28817e-07 3.40495e-07 -2.97707e-07 2.13941e-08
15.25 3.2877e-07 3.40441e-07 -2.97291e-07 2.15752e-08
15.275 3.28399e-07 3.40055e-07 -2.96588e-07 2.17337e-08
15.3 3.27711e-07 3.39344e-07 -2.95605e-07 2.18694e-08
15.325 3.26712e-07 3.38313e-07 -2.94349e-07 2.19821e-08
15.35 3.2541e-07 3.3697e-07 -2.92827e-07 2.20717e-08
15.375 3.23813e-07 3.35324e-07 -2.91047e-07 2.21383e-08
15.4 3.21928e-07 3.33383e-07 -2.89019e-07 2.2182e-08
15.425 3.19766e-07 3.31157e-07 -2.86751e-07 2.2203e-08
15.45 3.17336e-07 3.28655e-07 -2.84252e-07 2.22013e-08
15.475 3.14647e-07 3.25888e-07 -2.81533e-07 2.21775e-08
15.5 3.11711e-07 3.22866e-07 -2.78602e-07 2.21317e-08
15.525 3.08537e-07 3.196e-07 -2.75471e-07 2.20644e-08
15.55 3.05138e-07 3.16102e-07 -2.7215e-07 2.19761e-08
15.575 3.01524e-07 3.12384e-07 -2.68649e-07 2.18672e-08
15.6 2.97707e-07 3.08456e-07 -2.64979e-07 2.17384e-08
15.625 2.93699e-07 3.04332e-07 -2.61151e-07 2.15903e-08
15.65 2.89511e-07 3.00023e-07 -2.57176e-07 2.14234e-08
15.675 2.85155e-07 2.95541e-07 -2.53064e-07 2.12385e-08
15.7 2.80644e-07 2.90899e-07 -2.48826e-07 2.10363e-08
15.725 2.75989e-07 2.86109e-07 -2.44474e-07 2.08176e-08
15.75 2.71202e-07 2.81182e-07 -2.40016e-07 2.0583e-08
15.775 2.66294e-07 2.76132e-07 -2.35465e-07 2.03335e-08
15.8 2.61278e-07 2.70969e-07 -2.3083e-07 2.00697e-08
15.825 2.56166e-07 2.65707e-07 -2.26122e-07 1.97926e-08
15.85 2.50967e-07 2.60356e-07 -2.2135e-07 1.95029e-08
15.875 2.45694e-07 2.54927e-07 -2.16524e-07 1.92015e-08
15.9 2.40358e-07 2.49433e-07 -2.11655e-07 1.88892e-08
15.925 2.34968e-07 2.43884e-07 -2.0675e-07 1.8567e-08
15.95 2.29537e-07 2.3829e-07 -2.01819e-07 1.82356e-08
15.975 2.24072e-07 2.32662e-07 -1.96871e-07 1.78958e-08
16 2.18586e-07 2.27011e-07 -1.91913e-07 1.75486e-08
16.025 2.13086e-07 2.21345e-07 -1.86955e-07 1.71947e-08
16.05 2.07582e-07 2.15674e-07 -1.82004e-07 1.68349e-08
16.075 2.02083e-07 2.10007e-07 -1.77067e-07 1.64701e-08
16.1 1.96597e-07 2.04353e-07 -1.72151e-07 1.6101e-08
16.125 1.91133e-07 1.9872e-07 -1.67263e-07 1.57283e-08
16.15 1.85697e-07 1.93115e-07 -1.6241e-07 1.53529e-08
16.175 1.80297e-07 1.87547e-07 -1.57596e-07 1.49754e-08
16.2 1.74941e-07 1.82022e-07 -1.52829e-07 1.45966e-08
16.225 1.69634e-07 1.76547e-07 -1.48113e-07 1.42171e-08
16.25 1.64382e-07 1.71129e-07 -1.43454e-07 1.38376e-08
16.275 1.59192e-07 1.65772e-07 -1.38855e-07 1.34586e-08
16.3 1.54068e-07 1.60483e-07 -1.34321e-07 1.30808e-08
16.325 1.49016e-07 1.55267e-07 -1.29857e-07 1.27048e-08
16.35 1.4404e-07 1.50128e-07 -1.25466e-07 1.2331e-08
16.375 1.39144e-07 1.4507e-07 -1.2115e-07 1.19601e-08
16.4 1.34332e-07 1.40098e-07 -1.16914e-07 1.15924e-08
16.425 1.29608e-07 1.35216e-07 -1.12759e-07 1.12285e-08
16.45 1.24975e-07 1.30426e-07 -1.08688e-07 1.08687e-08
16.475 1.20434e-07 1.25731e-07 -1.04704e-07 1.05135e-08
16.5 1.1599e-07 1.21133e-07 -1.00807e-07 1.01632e-08
16.525 1.11644e-07 1.16636e-07 -9.69998e-08 9.81814e-09
16.55 1.07397e-07 1.12241e-07 -9.32834e-08 9.47868e-09
16.575 1.03252e-07 1.07949e-07 -8.96588e-08 9.14507e-09
16.6 9.92085e-08 1.03762e-07 -8.61267e-08 8.81758e-09
16.625 9.5269e-08 9.96805e-08 -8.26877e-08 8.49644e-09
16.65 9.14335e-08 9.57057e-08 -7.9342e-08 8.18185e-09
16.675 8.77025e-08 9.18379e-08 -7.60899e-08 7.87399e-09
16.7 8.40762e-08 8.80772e-08 -7.29312e-08 7.57302e-09
16.725 8.05546e-08 8.44238e-08 -6.98657e-08 7.27908e-09
16.75 7.71374e-08 8.08775e-08 -6.68929e-08 6.99228e-09
16.775 7.38242e-08 7.74377e-08 -6.40123e-08 6.7127e-09
16.8 7.06143e-08 7.4104e-08 -6.12231e-08 6.44042e-09
16.825 6.75069e-08 7.08754e-08 -5.85245e-08 6.17549e-09
16.85 6.4501e-08 6.77512e-08 -5.59153e-08 5.91794e-09
16.875 6.15956e-08 6.473e-08 -5.33945e-08 5.66778e-09
16.9 5.87894e-08 6.18108e-08 -5.09608e-08 5.42501e-09
16.925 5.60809e-08 5.8992e-08 -4.86128e-08 5.18962e-09
16.95 5.34686e-08 5.62723e-08 -4.63492e-08 4.96156e-09
16.975 5.09511e-08 5.36499e-08 -4.41683e-08 4.7408e-09
17 4.85264e-08 5.11232e-08 -4.20687e-08 4.52727e-09
17.025 4.61929e-08 4.86904e-08 -4.00486e-08 4.3209e-09
17.05 4.39486e-08 4.63495e-08 -3.81063e-08 4.12161e-09
17.075 4.17917e-08 4.40987e-08 -3.62401e-08 3.9293e-09
17.1 3.97201e-08 4.19358e-08 -3.4448e-08 3.74387e-09
17.125 3.77318e-08 3.98588e-08 -3.27284e-08 3.56522e-09
17.15 3.58247e-08 3.78657e-08 -3.10793e-08 3.39321e-09
17.175 3.39967e-08 3.59543e-08 -2.94988e-08 3.22774e-09
17.2 3.22457e-08 3.41224e-08 -2.7985e-08 3.06866e-09
17.225 3.05694e-08 3.23677e-08 -2.65361e-08 2.91584e-09
17.25 2.89658e-08 3.06882e-08 -2.51499e-08 2.76913e-09
17.275 2.74325e-08 2.90815e-08 -2.38248e-08 2.62839e-09
17.3 2.59676e-08 2.75456e-08 -2.25586e-08 2.49348e-09
17.325 2.45687e-08 2.60781e-08 -2.13496e-08 2.36423e-09
17.35 2.32337e-08 2.46768e-08 -2.01958e-08 2.24051e-09
17.375 2.19605e-08 2.33396e-08 -1.90953e-08 2.12214e-09
17.4 2.0747e-08 2.20643e-08 -1.80463e-08 2.00897e-09
17.425 1.9591e-08 2.08487e-08 -1.7047e-08 1.90085e-09
17.45 1.84905e-08 1.96908e-08 -1.60955e-08 1.79762e-09
17.475 1.74434e-08 1.85884e-08 -1.51901e-08 1.69913e-09
17.5 1.64478e-08 1.75394e-08 -1.4329e-08 1.6052e-09
17.525 1.55015e-08 1.65419e-08 -1.35105e-08 1.5157e-09
17.55 1.46028e-08 1.55939e-08 -1.2733e-08 1.43046e-09
17.575 1.37497e-08 1.46934e-08 -1.19947e-08 1.34933e-09
17.6 1.29403e-08 1.38385e-08 -1.12941e-08 1.27217e-09
17.625 1.21728e-08 1.30273e-08 -1.06297e-08 1.19882e-09
17.65 1.14456e-08 1.22581e-08 -9.99979e-09 1.12913e-09
17.675 1.07567e-08 1.1529e-08 -9.40304e-09 1.06297e-09
17.7 1.01047e-08 1.08383e-08 -8.83795e-09 1.0002e-09
17.725 9.48776e-09 1.01845e-08 -8.30313e-09 9.40668e-10
17.75 8.90442e-09 9.56573e-09 -7.79723e-09 8.84248e-10
17.775 8.35312e-09 8.98054e-09 -7.31893e-09 8.30809e-10
17.8 7.83238e-09 8.42739e-09 -6.86695e-09 7.80221e-10
17.825 7.34078e-09 7.90479e-09 -6.44007e-09 7.3236e-10
17.85 6.87691e-09 7.4113e-09 -6.03709e-09 6.87105e-10
17.875 6.43945e-09 6.94555e-09 -5.65688e-09 6.44339e-10
17.9 6.02712e-09 6.50621e-09 -5.29832e-09 6.03947e-10
17.925 5.63866e-09 6.09199e-09 -4.96035e-09 5.65819e-10
17.95 5.27289e-09 5.70164e-09 -4.64195e-09 5.29847e-10
17.975 4.92866e-09 5.33399e-09 -4.34213e-09 4.9593e-10
18 4.60486e-09 4.98788e-09 -4.05994e-09 4.63966e-10
18.025 4.30044e-09 4.66221e-09 -3.79449e-09 4.3386e-10
18.05 4.01437e-09 4.35593e-09 -3.54489e-09 4.05519e-10
18.075 3.7457e-09 4.06802e-09 -3.31031e-09 3.78855e-10
18.1 3.49349e-09 3.79752e-09 -3.08996e-09 3.5378e-10
18.125 3.25684e-09 3.5435e-09 -2.88307e-09 3.30214e-10
18.15 3.0349e-09 3.30506e-09 -2.68891e-09 3.08076e-10
18.175 2.82687e-09 3.08137e-09 -2.50679e-09 2.87292e-10
18.2 2.63197e-09 2.87161e-09 -2.33603e-09 2.67788e-10
18.225 2.44945e-09 2.675e-09 -2.17601e-09 2.49496e-10
18.25 2.27861e-09 2.49081e-09 -2.02611e-09 2.32348e-10
18.275 2.11879e-09 2.31833e-09 -1.88577e-09 2.16282e-10
18.3 1.96934e-09 2.1569e-09 -1.75443e-09 2.01237e-10
18.325 1.82966e-09 2.00588e-09 -1.63157e-09 1.87155e-10
18.35 1.69917e-09 1.86466e-09 -1.5167e-09 1.73981e-10
18.375 1.57732e-09 1.73267e-09 -1.40935e-09 1.61663e-10
18.4 1.46359e-09 1.60936e-09 -1.30906e-09 1.50151e-10
18.425 1.3575e-09 1.49422e-09 -1.21543e-09 1.39397e-10
18.45 1.25857e-09 1.38675e-09 -1.12803e-09 1.29357e-10
18.475 1.16637e-09 1.28648e-09 -1.04651e-09 1.19988e-10
18.5 1.08048e-09 1.19298e-09 -9.70486e-10 1.11249e-10
18.525 1.00049e-09 1.10583e-09 -8.9963e-10 1.03102e-10
18.55 9.26051e-10 1.02464e-09 -8.33616e-10 9.551e-11
18.575 8.56796e-10 9.49019e-10 -7.72141e-10 8.84391e-11
18.6 7.92395e-10 8.78631e-10 -7.14918e-10 8.18565e-11
18.625 7.32536e-10 8.13139e-10 -6.61676e-10 7.57316e-11
18.65 6.76924e-10 7.52228e-10 -6.12158e-10 7.0035e-11
18.675 6.2528e-10 6.95605e-10 -5.66126e-10 6.47395e-11
18.7 5.77343e-10 6.42989e-10 -5.23351e-10 5.9819e-11
18.725 5.32865e-10 5.94118e-10 -4.8362e-10 5.52491e-11
18.75 4.91617e-10 5.48746e-10 -4.46732e-10 5.10069e-11
18.775 4.5338e-10 5.0664e-10 -4.12498e-10 4.70707e-11
18.8 4.17949e-10 4.67582e-10 -3.80742e-10 4.34201e-11
18.825 3.85134e-10 4.31366e-10 -3.51294e-10 4.00358e-11
18.85 3.54754e-10 3.97801e-10 -3.24001e-10 3.69001e-11
18.875 3.26642e-10 3.66705e-10 -2.98713e-10 3.39958e-11
18.9 3.00638e-10 3.37909e-10 -2.75295e-10 3.13072e-11
18.925 2.76595e-10 3.11254e-10 -2.53615e-10 2.88193e-11
18.95 2.54374e-10 2.86591e-10 -2.33555e-10 2.65182e-11
18.975 2.33848e-10 2.63781e-10 -2.15e-10 2.43909e-11
19 2.14893e-10 2.42694e-10 -1.97844e-10 2.2425e-11
19.025 1.97398e-10 2.23207e-10 -1.81989e-10 2.06092e-11
19.05 1.81256e-10 2.05207e-10 -1.67341e-10 1.89328e-11
19.075 1.6637e-10 1.88586e-10 -1.53815e-10 1.73856e-11
19.1 1.52648e-10 1.73246e-10 -1.4133e-10 1.59585e-11
19.125 1.40003e-10 1.59094e-10 -1.29809e-10 1.46426e-11
19.15 1.28356e-10 1.46043e-10 -1.19183e-10 1.34298e-11
19.175 1.17633e-10 1.34012e-10 -1.09387e-10 1.23125e-11
19.2 1.07764e-10 1.22926e-10 -1.00358e-10 1.12837e-11
19.225 9.86857e-11 1.12715e-10 -9.20412e-11 1.03367e-11
19.25 9.03376e-11 1.03313e-10 -8.43822e-11 9.4654e-12
19.275 8.26642e-11 9.46603e-11 -7.73321e-11 8.66413e-12
19.3 7.56139e-11 8.67001e-11 -7.0845e-11 7.92756e-12
19.325 6.91387e-11 7.93799e-11 -6.48784e-11 7.25074e-12
19.35 6.31942e-11 7.26509e-11 -5.93927e-11 6.6291e-12
19.375 5.7739e-11 6.64677e-11 -5.4351e-11 6.05838e-12
19.4 5.27349e-11 6.07884e-11 -4.97192e-11 5.53462e-12
19.425 4.81464e-11 5.5574e-11 -4.54656e-11 5.05418e-12
19.45 4.39408e-11 5.07882e-11 -4.15609e-11 4.61364e-12
19.475 4.00875e-11 4.63976e-11 -3.79779e-11 4.20986e-12
19.5 3.65585e-11 4.23711e-11 -3.46912e-11 3.83994e-12
19.525 3.33278e-11 3.868e-11 -3.16776e-11 3.50117e-12
19.55 3.03714e-11 3.52975e-11 -2.89154e-11 3.19105e-12
19.575 2.76669e-11 3.21992e-11 -2.63847e-11 2.90728e-12
19.6 2.5194e-11 2.93623e-11 -2.40668e-11 2.64773e-12
19.625 2.29337e-11 2.67656e-11 -2.19447e-11 2.41043e-12
19.65 2.08685e-11 2.43898e-11 -2.00027e-11 2.19356e-12
19.675 1.89823e-11 2.22169e-11 -1.8226e-11 1.99544e-12
19.7 1.72602e-11 2.02303e-11 -1.66013e-11 1.81453e-12
19.725 1.56887e-11 1.84148e-11 -1.5116e-11 1.64939e-12
19.75 1.42551e-11 1.67562e-11 -1.37588e-11 1.49871e-12
19.775 1.29477e-11 1.52416e-11 -1.2519e-11 1.36129e-12
19.8 1.1756e-11 1.3859e-11 -1.1387e-11 1.236e-12
19.825 1.06701e-11 1.25973e-11 -1.03536e-11 1.12182e-12
19.85 9.68106e-12 1.14464e-11 -9.41079e-12 1.0178e-12
19.875 8.78049e-12 1.0397e-11 -8.55081e-12 9.23088e-13
19.9 7.96084e-12 9.44046e-12 -7.76672e-12 8.36874e-13
19.925 7.21512e-12 8.56892e-12 -7.05206e-12 7.5843e-13
19.95 6.5369e-12 7.77511e-12 -6.40095e-12 6.87083e-13
19.975 5.92032e-12 7.05237e-12 -5.80793e-12 6.22217e-13
20 5.35999e-12 6.39457e-12 -5.26804e-12 5.63266e-13
