0 9.14502e-05 -8.22796e-05
0.025 9.14502e-05 -8.22796e-05
0.05 0.000182697 -0.000164277
0.075 0.000273537 -0.000245709
0.1 0.00036377 -0.000326298
0.125 0.000453194 -0.000405768
0.15 0.000541611 -0.000483848
0.175 0.000628827 -0.000560272
0.2 0.000714648 -0.000634781
0.225 0.000798886 -0.000707125
0.25 0.000881356 -0.000777061
0.275 0.00096188 -0.000844358
0.3 0.00104028 -0.000908793
0.325 0.00111639 -0.000970157
0.35 0.00119005 -0.00102825
0.375 0.00126109 -0.00108289
0.4 0.00132937 -0.00113391
0.425 0.00139475 -0.00118114
0.45 0.00145709 -0.00122446
0.475 0.00151626 -0.00126372
0.5 0.00157215 -0.00129883
0.525 0.00162465 -0.00132968
0.55 0.00167365 -0.0013562
0.575 0.00171906 -0.00137832
0.6 0.00176081 -0.00139601
0.625 0.00179881 -0.00140923
0.65 0.00183301 -0.00141797
0.675 0.00186335 -0.00142224
0.7 0.0018898 -0.00142205
0.725 0.00191232 -0.00141745
0.75 0.00193088 -0.00140849
0.775 0.00194549 -0.00139523
0.8 0.00195614 -0.00137775
0.825 0.00196283 -0.00135615
0.85 0.00196561 -0.00133055
0.875 0.00196448 -0.00130106
0.9 0.00195951 -0.00126782
0.925 0.00195074 -0.00123098
0.95 0.00193824 -0.00119069
0.975 0.00192208 -0.00114713
1 0.00190235 -0.00110046
1.025 0.00187914 -0.00105087
1.05 0.00185256 -0.000998555
1.075 0.00182272 -0.000943713
1.1 0.00178975 -0.000886547
1.125 0.00175378 -0.000827266
1.15 0.00171495 -0.000766081
1.175 0.0016734 -0.000703206
1.2 0.00162931 -0.000638859
1.225 0.00158283 -0.000573257
1.25 0.00153414 -0.000506616
1.275 0.00148342 -0.000439152
1.3 0.00143085 -0.00037108
1.325 0.00137663 -0.000302611
1.35 0.00132095 -0.000233952
1.375 0.00126402 -0.000165307
1.4 0.00120604 -9.68747e-05
1.425 0.00114722 -2.88464e-05
1.45 0.00108778 3.85918e-05
1.475 0.00102793 0.000105261
1.5 0.000967895 0.000170992
1.525 0.000907892 0.000235621
1.55 0.000848143 0.000298995
1.575 0.000788867 0.000360971
1.6 0.000730285 0.000421414
1.625 0.000672617 0.000480201
1.65 0.000616081 0.000537217
1.675 0.00056089 0.00059236
1.7 0.000507258 0.000645538
1.725 0.000455392 0.000696671
1.75 0.000405495 0.000745688
1.775 0.000357767 0.000792532
1.8 0.000312397 0.000837154
1.825 0.000269574 0.000879519
1.85 0.000229475 0.000919602
1.875 0.000192269 0.000957387
1.9 0.00015812 0.000992872
1.925 0.00012718 0.00102606
1.95 9.95903e-05 0.00105697
1.975 7.54843e-05 0.00108563
2 5.49827e-05 0.00111207
2.025 3.81947e-05 0.00113634
2.05 2.52174e-05 0.00115848
2.075 1.61352e-05 0.00117856
2.1 1.10191e-05 0.00119664
2.125 9.9264e-06 0.0012128
2.15 1.29004e-05 0.00122711
2.175 1.99698e-05 0.00123966
2.2 3.11483e-05 0.00125052
2.225 4.64344e-05 0.0012598
2.25 6.58112e-05 0.00126759
2.275 8.92461e-05 0.00127398
2.3 0.000116691 0.00127906
2.325 0.00014808 0.00128294
2.35 0.000183334 0.0012857
2.375 0.000222355 0.00128746
2.4 0.000265032 0.00128828
2.425 0.000311234 0.00128827
2.45 0.000360817 0.00128751
2.475 0.000413622 0.00128609
2.5 0.000469471 0.00128406
2.525 0.000528175 0.00128152
2.55 0.000589528 0.00127851
2.575 0.00065331 0.00127509
2.6 0.000719287 0.0012713
2.625 0.000787213 0.0012672
2.65 0.000856829 0.00126279
2.675 0.000927864 0.00125811
2.7 0.00100003 0.00125315
2.725 0.00107305 0.00124792
2.75 0.00114661 0.00124239
2.775 0.00122039 0.00123655
2.8 0.00129409 0.00123036
2.825 0.00136737 0.00122375
2.85 0.00143992 0.00121668
2.875 0.00151138 0.00120907
2.9 0.00158142 0.00120083
2.925 0.0016497 0.00119187
2.95 0.00171588 0.00118206
2.975 0.00177962 0.0011713
3 0.00184056 0.00115945
3.025 0.00189838 0.00114637
3.05 0.00195275 0.00113189
3.075 0.00200331 0.00111587
3.1 0.00204977 0.00109813
3.125 0.00209179 0.00107849
3.15 0.00212907 0.00105676
3.175 0.00216131 0.00103275
3.2 0.00218822 0.00100626
3.225 0.00220953 0.000977087
3.25 0.00222497 0.000945025
3.275 0.0022343 0.000909866
3.3 0.00223729 0.000871398
3.325 0.00223371 0.000829411
3.35 0.00222338 0.000783699
3.375 0.00220611 0.000734053
3.4 0.00218174 0.000680272
3.425 0.00215012 0.00062216
3.45 0.00211115 0.000559524
3.475 0.00206472 0.000492183
3.5 0.00201075 0.000419964
3.525 0.00194918 0.000342701
3.55 0.00188 0.000260244
3.575 0.00180318 0.000172454
3.6 0.00171874 7.92058e-05
3.625 0.00162672 -1.96105e-05
3.65 0.00152719 -0.000124088
3.675 0.00142022 -0.000234304
3.7 0.00130592 -0.000350314
3.725 0.00118443 -0.000472159
3.75 0.00105591 -0.000599857
3.775 0.000920517 -0.000733406
3.8 0.000778465 -0.000872782
3.825 0.000629972 -0.00101794
3.85 0.000475278 -0.00116881
3.875 0.000314645 -0.00132531
3.9 0.000148355 -0.00148732
3.925 -2.32921e-05 -0.00165471
3.95 -0.00019998 -0.00182731
3.975 -0.000381375 -0.00200494
4 -0.000567127 -0.00218741
4.025 -0.000756873 -0.00237448
4.05 -0.000950236 -0.0025659
4.075 -0.00114683 -0.00276141
4.1 -0.00134625 -0.00296071
4.125 -0.00154809 -0.0031635
4.15 -0.00175193 -0.00336944
4.175 -0.00195736 -0.00357819
4.2 -0.00216393 -0.00378938
4.225 -0.00237123 -0.00400264
4.25 -0.00257881 -0.00421758
4.275 -0.00278624 -0.00443377
4.3 -0.00299308 -0.00465082
4.325 -0.0031989 -0.00486828
4.35 -0.00340327 -0.00508573
4.375 -0.00360576 -0.00530272
4.4 -0.00380596 -0.00551881
4.425 -0.00400344 -0.00573353
4.45 -0.00419782 -0.00594645
4.475 -0.00438869 -0.0061571
4.5 -0.00457567 -0.00636503
4.525 -0.00475839 -0.00656981
4.55 -0.00493649 -0.00677098
4.575 -0.00510963 -0.0069681
4.6 -0.00527748 -0.00716076
4.625 -0.00543973 -0.00734853
4.65 -0.00559608 -0.00753101
4.675 -0.00574626 -0.0077078
4.7 -0.00589001 -0.00787854
4.725 -0.00602708 -0.00804285
4.75 -0.00615726 -0.00820039
4.775 -0.00628035 -0.00835085
4.8 -0.00639617 -0.0084939
4.825 -0.00650455 -0.00862927
4.85 -0.00660536 -0.0087567
4.875 -0.00669848 -0.00887594
4.9 -0.00678382 -0.00898677
4.925 -0.00686129 -0.00908901
4.95 -0.00693085 -0.00918248
4.975 -0.00699246 -0.00926703
5 -0.00704611 -0.00934256
5.025 -0.0070918 -0.00940896
5.05 -0.00712956 -0.00946617
5.075 -0.00715944 -0.00951415
5.1 -0.0071815 -0.00955287
5.125 -0.00719582 -0.00958234
5.15 -0.00720251 -0.00960259
5.175 -0.00720168 -0.00961369
5.2 -0.00719346 -0.0096157
5.225 -0.007178 -0.00960873
5.25 -0.00715547 -0.0095929
5.275 -0.00712605 -0.00956836
5.3 -0.00708991 -0.00953527
5.325 -0.00704728 -0.00949382
5.35 -0.00699835 -0.00944421
5.375 -0.00694336 -0.00938667
5.4 -0.00688253 -0.00932142
5.425 -0.00681611 -0.00924872
5.45 -0.00674434 -0.00916883
5.475 -0.00666748 -0.00908204
5.5 -0.00658578 -0.00898864
5.525 -0.00649952 -0.00888892
5.55 -0.00640896 -0.00878318
5.575 -0.00631437 -0.00867176
5.6 -0.00621602 -0.00855497
5.625 -0.00611419 -0.00843313
5.65 -0.00600914 -0.00830659
5.675 -0.00590116 -0.00817567
5.7 -0.0057905 -0.0080407
5.725 -0.00567744 -0.00790203
5.75 -0.00556225 -0.00775999
5.775 -0.00544517 -0.00761491
5.8 -0.00532648 -0.00746713
5.825 -0.00520642 -0.00731696
5.85 -0.00508523 -0.00716472
5.875 -0.00496316 -0.00701074
5.9 -0.00484044 -0.00685533
5.925 -0.00471729 -0.00669877
5.95 -0.00459394 -0.00654137
5.975 -0.00447059 -0.00638341
6 -0.00434744 -0.00622517
6.025 -0.00422469 -0.00606691
6.05 -0.00410252 -0.00590888
6.075 -0.00398112 -0.00575133
6.1 -0.00386064 -0.0055945
6.125 -0.00374124 -0.0054386
6.15 -0.00362308 -0.00528385
6.175 -0.00350628 -0.00513044
6.2 -0.00339099 -0.00497857
6.225 -0.00327733 -0.0048284
6.25 -0.0031654 -0.0046801
6.275 -0.0030553 -0.00453383
6.3 -0.00294714 -0.00438972
6.325 -0.00284099 -0.0042479
6.35 -0.00273694 -0.00410849
6.375 -0.00263505 -0.00397159
6.4 -0.00253538 -0.0038373
6.425 -0.00243798 -0.0037057
6.45 -0.0023429 -0.00357686
6.475 -0.00225017 -0.00345086
6.5 -0.00215982 -0.00332773
6.525 -0.00207188 -0.00320754
6.55 -0.00198636 -0.0030903
6.575 -0.00190327 -0.00297606
6.6 -0.00182261 -0.00286482
6.625 -0.00174439 -0.0027566
6.65 -0.0016686 -0.00265139
6.675 -0.00159521 -0.00254921
6.7 -0.00152423 -0.00245003
6.725 -0.00145562 -0.00235384
6.75 -0.00138936 -0.00226062
6.775 -0.00132542 -0.00217034
6.8 -0.00126377 -0.00208296
6.825 -0.00120437 -0.00199846
6.85 -0.00114719 -0.00191678
6.875 -0.00109218 -0.00183789
6.9 -0.0010393 -0.00176174
6.925 -0.000988504 -0.00168827
6.95 -0.000939747 -0.00161743
6.975 -0.000892978 -0.00154917
7 -0.000848149 -0.00148343
7.025 -0.000805207 -0.00142014
7.05 -0.000764101 -0.00135925
7.075 -0.00072478 -0.00130069
7.1 -0.000687188 -0.00124441
7.125 -0.000651275 -0.00119034
7.15 -0.000616985 -0.0011384
7.175 -0.000584266 -0.00108855
7.2 -0.000553066 -0.00104072
7.225 -0.00052333 -0.000994832
7.25 -0.000495007 -0.000950836
7.275 -0.000468045 -0.000908665
7.3 -0.000442393 -0.000868257
7.325 -0.000418002 -0.000829551
7.35 -0.00039482 -0.000792485
7.375 -0.000372801 -0.000757001
7.4 -0.000351897 -0.00072304
7.425 -0.00033206 -0.000690544
7.45 -0.000313247 -0.000659458
7.475 -0.000295412 -0.000629727
7.5 -0.000278513 -0.000601297
7.525 -0.000262508 -0.000574118
7.55 -0.000247356 -0.000548137
7.575 -0.000233019 -0.000523307
7.6 -0.000219458 -0.00049958
7.625 -0.000206636 -0.00047691
7.65 -0.000194519 -0.000455252
7.675 -0.000183071 -0.000434564
7.7 -0.00017226 -0.000414803
7.725 -0.000162055 -0.00039593
7.75 -0.000152424 -0.000377906
7.775 -0.000143339 -0.000360694
7.8 -0.000134771 -0.000344259
7.825 -0.000126694 -0.000328565
7.85 -0.000119081 -0.00031358
7.875 -0.000111909 -0.000299273
7.9 -0.000105153 -0.000285612
7.925 -9.87913e-05 -0.000272569
7.95 -9.28025e-05 -0.000260116
7.975 -8.7166e-05 -0.000248227
8 -8.18624e-05 -0.000236875
8.025 -7.68732e-05 -0.000226036
8.05 -7.21807e-05 -0.000215687
8.075 -6.77682e-05 -0.000205806
8.1 -6.36199e-05 -0.000196372
8.125 -5.97206e-05 -0.000187363
8.15 -5.60561e-05 -0.000178762
8.175 -5.26128e-05 -0.000170548
8.2 -4.93778e-05 -0.000162705
8.225 -4.63391e-05 -0.000155216
8.25 -4.34852e-05 -0.000148065
8.275 -4.0805e-05 -0.000141235
8.3 -3.82885e-05 -0.000134714
8.325 -3.59259e-05 -0.000128487
8.35 -3.3708e-05 -0.00012254
8.375 -3.16262e-05 -0.000116862
8.4 -2.96723e-05 -0.000111439
8.425 -2.78386e-05 -0.000106261
8.45 -2.61179e-05 -0.000101317
8.475 -2.45034e-05 -9.65962e-05
8.5 -2.29886e-05 -9.20885e-05
8.525 -2.15675e-05 -8.77847e-05
8.55 -2.02343e-05 -8.36758e-05
8.575 -1.89837e-05 -7.9753e-05
8.6 -1.78107e-05 -7.60083e-05
8.625 -1.67105e-05 -7.24337e-05
8.65 -1.56786e-05 -6.90218e-05
8.675 -1.47109e-05 -6.57656e-05
8.7 -1.38033e-05 -6.2658e-05
8.725 -1.29522e-05 -5.96927e-05
8.75 -1.21542e-05 -5.68634e-05
8.775 -1.14058e-05 -5.41642e-05
8.8 -1.07041e-05 -5.15894e-05
8.825 -1.00462e-05 -4.91335e-05
8.85 -9.42928e-06 -4.67915e-05
8.875 -8.85087e-06 -4.45582e-05
8.9 -8.30857e-06 -4.2429e-05
8.925 -7.80012e-06 -4.03993e-05
8.95 -7.32342e-06 -3.84648e-05
8.975 -6.87648e-06 -3.66213e-05
9 -6.45744e-06 -3.48647e-05
9.025 -6.06456e-06 -3.31913e-05
9.05 -5.6962e-06 -3.15975e-05
9.075 -5.35082e-06 -3.00796e-05
9.1 -5.02697e-06 -2.86343e-05
9.125 -4.72331e-06 -2.72584e-05
9.15 -4.43857e-06 -2.59489e-05
9.175 -4.17154e-06 -2.47026e-05
9.2 -3.92112e-06 -2.35169e-05
9.225 -3.68626e-06 -2.23888e-05
9.25 -3.46596e-06 -2.1316e-05
9.275 -3.25931e-06 -2.02957e-05
9.3 -3.06545e-06 -1.93257e-05
9.325 -2.88356e-06 -1.84035e-05
9.35 -2.71289e-06 -1.75271e-05
9.375 -2.55272e-06 -1.66942e-05
9.4 -2.40238e-06 -1.59028e-05
9.425 -2.26126e-06 -1.5151e-05
9.45 -2.12877e-06 -1.44369e-05
9.475 -2.00435e-06 -1.37586e-05
9.5 -1.8875e-06 -1.31145e-05
9.525 -1.77774e-06 -1.2503e-05
9.55 -1.67461e-06 -1.19223e-05
9.575 -1.5777e-06 -1.13711e-05
9.6 -1.48662e-06 -1.08478e-05
9.625 -1.401e-06 -1.03511e-05
9.65 -1.32049e-06 -9.87963e-06
9.675 -1.24477e-06 -9.43212e-06
9.7 -1.17355e-06 -9.00736e-06
9.725 -1.10653e-06 -8.60417e-06
9.75 -1.04347e-06 -8.22144e-06
9.775 -9.8411e-07 -7.85812e-06
9.8 -9.28225e-07 -7.51318e-06
9.825 -8.75601e-07 -7.18565e-06
9.85 -8.26038e-07 -6.87462e-06
9.875 -7.79348e-07 -6.5792e-06
9.9 -7.35356e-07 -6.29855e-06
9.925 -6.93898e-07 -6.03187e-06
9.95 -6.54822e-07 -5.7784e-06
9.975 -6.17983e-07 -5.53742e-06
10 -5.83249e-07 -5.30823e-06
10.025 -5.50494e-07 -5.09019e-06
10.05 -5.19599e-07 -4.88268e-06
10.075 -4.90455e-07 -4.68511e-06
10.1 -4.62959e-07 -4.49691e-06
10.125 -4.37014e-07 -4.31758e-06
10.15 -4.12529e-07 -4.14659e-06
10.175 -3.8942e-07 -3.9835e-06
10.2 -3.67605e-07 -3.82784e-06
10.225 -3.47011e-07 -3.67919e-06
10.25 -3.27566e-07 -3.53718e-06
10.275 -3.09204e-07 -3.40141e-06
10.3 -2.91863e-07 -3.27153e-06
10.325 -2.75484e-07 -3.14723e-06
10.35 -2.60011e-07 -3.02818e-06
10.375 -2.45393e-07 -2.91409e-06
10.4 -2.31581e-07 -2.8047e-06
10.425 -2.18529e-07 -2.69974e-06
10.45 -2.06193e-07 -2.59898e-06
10.475 -1.94532e-07 -2.50218e-06
10.5 -1.83507e-07 -2.40915e-06
10.525 -1.73083e-07 -2.31968e-06
10.55 -1.63226e-07 -2.23358e-06
10.575 -1.53902e-07 -2.1507e-06
10.6 -1.45082e-07 -2.07087e-06
10.625 -1.36737e-07 -1.99393e-06
10.65 -1.28841e-07 -1.91976e-06
10.675 -1.21368e-07 -1.84822e-06
10.7 -1.14294e-07 -1.7792e-06
10.725 -1.07597e-07 -1.71257e-06
10.75 -1.01257e-07 -1.64824e-06
10.775 -9.52536e-08 -1.5861e-06
10.8 -8.95684e-08 -1.52608e-06
10.825 -8.41841e-08 -1.46807e-06
10.85 -7.90848e-08 -1.41202e-06
10.875 -7.42551e-08 -1.35783e-06
10.9 -6.9681e-08 -1.30544e-06
10.925 -6.53492e-08 -1.25479e-06
10.95 -6.12472e-08 -1.20582e-06
10.975 -5.73634e-08 -1.15847e-06
11 -5.36868e-08 -1.11269e-06
11.025 -5.02074e-08 -1.06843e-06
11.05 -4.69155e-08 -1.02563e-06
11.075 -4.38022e-08 -9.84261e-07
11.1 -4.0859e-08 -9.44274e-07
11.125 -3.80781e-08 -9.05629e-07
11.15 -3.54521e-08 -8.68287e-07
11.175 -3.29738e-08 -8.32213e-07
11.2 -3.06367e-08 -7.9737e-07
11.225 -2.84346e-08 -7.63725e-07
11.25 -2.63615e-08 -7.31245e-07
11.275 -2.44117e-08 -6.99898e-07
11.3 -2.25798e-08 -6.69654e-07
11.325 -2.08608e-08 -6.40483e-07
11.35 -1.92497e-08 -6.12356e-07
11.375 -1.77417e-08 -5.85245e-07
11.4 -1.63322e-08 -5.59123e-07
11.425 -1.50169e-08 -5.33962e-07
11.45 -1.37914e-08 -5.09737e-07
11.475 -1.26517e-08 -4.86421e-07
11.5 -1.15936e-08 -4.63989e-07
11.525 -1.06132e-08 -4.42417e-07
11.55 -9.70663e-09 -4.21679e-07
11.575 -8.87015e-09 -4.01751e-07
11.6 -8.10006e-09 -3.8261e-07
11.625 -7.39274e-09 -3.64233e-07
11.65 -6.74466e-09 -3.46596e-07
11.675 -6.15236e-09 -3.29677e-07
11.7 -5.61245e-09 -3.13454e-07
11.725 -5.12161e-09 -2.97905e-07
11.75 -4.6766e-09 -2.83007e-07
11.775 -4.27428e-09 -2.68741e-07
11.8 -3.91155e-09 -2.55085e-07
11.825 -3.58542e-09 -2.42019e-07
11.85 -3.293e-09 -2.29523e-07
11.875 -3.03146e-09 -2.17577e-07
11.9 -2.7981e-09 -2.06162e-07
11.925 -2.5903e-09 -1.9526e-07
11.95 -2.40556e-09 -1.84851e-07
11.975 -2.24147e-09 -1.74919e-07
12 -2.09574e-09 -1.65445e-07
12.025 -1.96621e-09 -1.56412e-07
12.05 -1.85083e-09 -1.47805e-07
12.075 -1.74765e-09 -1.39607e-07
12.1 -1.65488e-09 -1.31801e-07
12.125 -1.57082e-09 -1.24374e-07
12.15 -1.49393e-09 -1.17311e-07
12.175 -1.42276e-09 -1.10596e-07
12.2 -1.35601e-09 -1.04216e-07
12.225 -1.29249e-09 -9.81589e-08
12.25 -1.23115e-09 -9.24105e-08
12.275 -1.17105e-09 -8.69588e-08
12.3 -1.11136e-09 -8.17919e-08
12.325 -1.05138e-09 -7.68981e-08
12.35 -9.90508e-10 -7.22664e-08
12.375 -9.28267e-10 -6.78861e-08
12.4 -8.64267e-10 -6.37469e-08
12.425 -7.98221e-10 -5.9839e-08
12.45 -7.29933e-10 -5.61527e-08
12.475 -6.59295e-10 -5.26791e-08
12.5 -5.86278e-10 -4.94092e-08
12.525 -5.10927e-10 -4.63347e-08
12.55 -4.33355e-10 -4.34473e-08
12.575 -3.53735e-10 -4.07391e-08
12.6 -2.72295e-10 -3.82027e-08
12.625 -1.8931e-10 -3.58307e-08
12.65 -1.05096e-10 -3.36159e-08
12.675 -2.00022e-11 -3.15514e-08
12.7 6.55931e-11 -2.96307e-08
12.725 1.51292e-10 -2.78471e-08
12.75 2.36682e-10 -2.61944e-08
12.775 3.2134e-10 -2.46663e-08
12.8 4.04844e-10 -2.32568e-08
12.825 4.8677e-10 -2.19599e-08
12.85 5.66706e-10 -2.07696e-08
12.875 6.44251e-10 -1.96803e-08
12.9 7.19022e-10 -1.86861e-08
12.925 7.90656e-10 -1.77815e-08
12.95 8.58818e-10 -1.69607e-08
12.975 9.23201e-10 -1.62182e-08
13 9.83529e-10 -1.55483e-08
13.025 1.03956e-09 -1.49456e-08
13.05 1.0911e-09 -1.44044e-08
13.075 1.13797e-09 -1.39194e-08
13.1 1.18004e-09 -1.34848e-08
13.125 1.21725e-09 -1.30953e-08
13.15 1.24953e-09 -1.27453e-08
13.175 1.2769e-09 -1.24294e-08
13.2 1.29939e-09 -1.21421e-08
13.225 1.31708e-09 -1.1878e-08
13.25 1.33009e-09 -1.16316e-08
13.275 1.33859e-09 -1.13977e-08
13.3 1.34277e-09 -1.1171e-08
13.325 1.34287e-09 -1.09462e-08
13.35 1.33915e-09 -1.07182e-08
13.375 1.33191e-09 -1.04819e-08
13.4 1.32149e-09 -1.02325e-08
13.425 1.30824e-09 -9.96506e-09
13.45 1.29254e-09 -9.67495e-09
13.475 1.27479e-09 -9.35764e-09
13.5 1.25542e-09 -9.00878e-09
13.525 1.23485e-09 -8.6242e-09
13.55 1.21353e-09 -8.19995e-09
13.575 1.19192e-09 -7.73228e-09
13.6 1.17048e-09 -7.21768e-09
13.625 1.14967e-09 -6.65287e-09
13.65 1.12997e-09 -6.03487e-09
13.675 1.11182e-09 -5.36093e-09
13.7 1.09568e-09 -4.62862e-09
13.725 1.082e-09 -3.83579e-09
13.75 1.07121e-09 -2.9806e-09
13.775 1.06372e-09 -2.06153e-09
13.8 1.05994e-09 -1.07739e-09
13.825 1.06024e-09 -2.73027e-11
13.85 1.06499e-09 1.08926e-09
13.875 1.07451e-09 2.2725e-09
13.9 1.08911e-09 3.52228e-09
13.925 1.10908e-09 4.83811e-09
13.95 1.13466e-09 6.21919e-09
13.975 1.16607e-09 7.66437e-09
14 1.2035e-09 9.17217e-09
14.025 1.24712e-09 1.07408e-08
14.05 1.29703e-09 1.23682e-08
14.075 1.35334e-09 1.40519e-08
14.1 1.4161e-09 1.57892e-08
14.125 1.48532e-09 1.75771e-08
14.15 1.56099e-09 1.94125e-08
14.175 1.64308e-09 2.12918e-08
14.2 1.7315e-09 2.32113e-08
14.225 1.82614e-09 2.5167e-08
14.25 1.92685e-09 2.71549e-08
14.275 2.03347e-09 2.91706e-08
14.3 2.14579e-09 3.12096e-08
14.325 2.26357e-09 3.32674e-08
14.35 2.38657e-09 3.53393e-08
14.375 2.51449e-09 3.74203e-08
14.4 2.64703e-09 3.95056e-08
14.425 2.78386e-09 4.15904e-08
14.45 2.92463e-09 4.36695e-08
14.475 3.06898e-09 4.57381e-08
14.5 3.21651e-09 4.77911e-08
14.525 3.36683e-09 4.98237e-08
14.55 3.51953e-09 5.18309e-08
14.575 3.67418e-09 5.3808e-08
14.6 3.83036e-09 5.57502e-08
14.625 3.98764e-09 5.7653e-08
14.65 4.14556e-09 5.95119e-08
14.675 4.30369e-09 6.13225e-08
14.7 4.46159e-09 6.30807e-08
14.725 4.61881e-09 6.47826e-08
14.75 4.77491e-09 6.64243e-08
14.775 4.92947e-09 6.80023e-08
14.8 5.08205e-09 6.95131e-08
14.825 5.23225e-09 7.09538e-08
14.85 5.37965e-09 7.23212e-08
14.875 5.52385e-09 7.36128e-08
14.9 5.66449e-09 7.48262e-08
14.925 5.80118e-09 7.59592e-08
14.95 5.93359e-09 7.70099e-08
14.975 6.06137e-09 7.79767e-08
15 6.18421e-09 7.88581e-08
15.025 6.30182e-09 7.9653e-08
15.05 6.41391e-09 8.03607e-08
15.075 6.52023e-09 8.09804e-08
15.1 6.62054e-09 8.15119e-08
15.125 6.71464e-09 8.1955e-08
15.15 6.80232e-09 8.23099e-08
15.175 6.88342e-09 8.2577e-08
15.2 6.95778e-09 8.2757e-08
15.225 7.02529e-09 8.28506e-08
15.25 7.08584e-09 8.2859e-08
15.275 7.13934e-09 8.27835e-08
15.3 7.18574e-09 8.26255e-08
15.325 7.225e-09 8.23866e-08
15.35 7.2571e-09 8.20689e-08
15.375 7.28205e-09 8.16742e-08
15.4 7.29987e-09 8.12047e-08
15.425 7.31061e-09 8.06628e-08
15.45 7.31432e-09 8.00508e-08
15.475 7.31109e-09 7.93714e-08
15.5 7.30101e-09 7.86273e-08
15.525 7.28421e-09 7.78212e-08
15.55 7.26081e-09 7.69559e-08
15.575 7.23095e-09 7.60345e-08
15.6 7.19479e-09 7.50598e-08
15.625 7.15252e-09 7.40349e-08
15.65 7.1043e-09 7.29629e-08
15.675 7.05034e-09 7.18468e-08
15.7 6.99084e-09 7.06899e-08
15.725 6.92602e-09 6.94951e-08
15.75 6.85609e-09 6.82656e-08
15.775 6.78129e-09 6.70046e-08
15.8 6.70184e-09 6.57149e-08
15.825 6.618e-09 6.43998e-08
15.85 6.53e-09 6.30622e-08
15.875 6.43809e-09 6.17049e-08
15.9 6.34252e-09 6.0331e-08
15.925 6.24354e-09 5.89432e-08
15.95 6.14141e-09 5.75443e-08
15.975 6.03637e-09 5.6137e-08
16 5.92867e-09 5.47237e-08
16.025 5.81857e-09 5.33072e-08
16.05 5.70631e-09 5.18897e-08
16.075 5.59212e-09 5.04737e-08
16.1 5.47626e-09 4.90612e-08
16.125 5.35896e-09 4.76546e-08
16.15 5.24044e-09 4.62557e-08
16.175 5.12094e-09 4.48666e-08
16.2 5.00066e-09 4.3489e-08
16.225 4.87983e-09 4.21248e-08
16.25 4.75864e-09 4.07754e-08
16.275 4.6373e-09 3.94424e-08
16.3 4.516e-09 3.81273e-08
16.325 4.39492e-09 3.68313e-08
16.35 4.27425e-09 3.55557e-08
16.375 4.15414e-09 3.43015e-08
16.4 4.03476e-09 3.30698e-08
16.425 3.91626e-09 3.18614e-08
16.45 3.79879e-09 3.06772e-08
16.475 3.68248e-09 2.95179e-08
16.5 3.56745e-09 2.83841e-08
16.525 3.45384e-09 2.72764e-08
16.55 3.34175e-09 2.61953e-08
16.575 3.23128e-09 2.51411e-08
16.6 3.12252e-09 2.41141e-08
16.625 3.01557e-09 2.31145e-08
16.65 2.91051e-09 2.21426e-08
16.675 2.8074e-09 2.11983e-08
16.7 2.70631e-09 2.02818e-08
16.725 2.6073e-09 1.9393e-08
16.75 2.51041e-09 1.85317e-08
16.775 2.4157e-09 1.7698e-08
16.8 2.32319e-09 1.68914e-08
16.825 2.23292e-09 1.61119e-08
16.85 2.1449e-09 1.53591e-08
16.875 2.05917e-09 1.46327e-08
16.9 1.97573e-09 1.39324e-08
16.925 1.89459e-09 1.32576e-08
16.95 1.81575e-09 1.26081e-08
16.975 1.7392e-09 1.19833e-08
17 1.66495e-09 1.13828e-08
17.025 1.59298e-09 1.0806e-08
17.05 1.52327e-09 1.02525e-08
17.075 1.45581e-09 9.72165e-09
17.1 1.39058e-09 9.21294e-09
17.125 1.32754e-09 8.7258e-09
17.15 1.26667e-09 8.25965e-09
17.175 1.20793e-09 7.81391e-09
17.2 1.1513e-09 7.38798e-09
17.225 1.09674e-09 6.98128e-09
17.25 1.04421e-09 6.59321e-09
17.275 9.93663e-10 6.22316e-09
17.3 9.45067e-10 5.87055e-09
17.325 8.98376e-10 5.53479e-09
17.35 8.53545e-10 5.21528e-09
17.375 8.1053e-10 4.91145e-09
17.4 7.69284e-10 4.62272e-09
17.425 7.29761e-10 4.34852e-09
17.45 6.91913e-10 4.0883e-09
17.475 6.55693e-10 3.8415e-09
17.5 6.21054e-10 3.60758e-09
17.525 5.87946e-10 3.38602e-09
17.55 5.56324e-10 3.1763e-09
17.575 5.26138e-10 2.97792e-09
17.6 4.97341e-10 2.79037e-09
17.625 4.69887e-10 2.61319e-09
17.65 4.43728e-10 2.44591e-09
17.675 4.18819e-10 2.28807e-09
17.7 3.95114e-10 2.13923e-09
17.725 3.72569e-10 1.99897e-09
17.75 3.51139e-10 1.86688e-09
17.775 3.30781e-10 1.74255e-09
17.8 3.11452e-10 1.62561e-09
17.825 2.93112e-10 1.51568e-09
17.85 2.7572e-10 1.41241e-09
17.875 2.59236e-10 1.31544e-09
17.9 2.43621e-10 1.22446e-09
17.925 2.28838e-10 1.13915e-09
17.95 2.14851e-10 1.0592e-09
17.975 2.01624e-10 9.8431e-10
18 1.89123e-10 9.14215e-10
18.025 1.77313e-10 8.48643e-10
18.05 1.66164e-10 7.87339e-10
18.075 1.55644e-10 7.3006e-10
18.1 1.45722e-10 6.76573e-10
18.125 1.36371e-10 6.26657e-10
18.15 1.2756e-10 5.80101e-10
18.175 1.19265e-10 5.36706e-10
18.2 1.11458e-10 4.96281e-10
18.225 1.04115e-10 4.58644e-10
18.25 9.72112e-11 4.23625e-10
18.275 9.07246e-11 3.9106e-10
18.3 8.46328e-11 3.60795e-10
18.325 7.89147e-11 3.32685e-10
18.35 7.355e-11 3.06592e-10
18.375 6.85196e-11 2.82385e-10
18.4 6.38049e-11 2.59942e-10
18.425 5.93883e-11 2.39145e-10
18.45 5.52531e-11 2.19887e-10
18.475 5.13833e-11 2.02063e-10
18.5 4.77635e-11 1.85576e-10
18.525 4.43794e-11 1.70336e-10
18.55 4.12171e-11 1.56256e-10
18.575 3.82635e-11 1.43256e-10
18.6 3.55062e-11 1.3126e-10
18.625 3.29334e-11 1.20197e-10
18.65 3.05338e-11 1.10001e-10
18.675 2.8297e-11 1.0061e-10
18.7 2.62128e-11 9.19644e-11
18.725 2.42718e-11 8.4011e-11
18.75 2.2465e-11 7.66984e-11
18.775 2.07838e-11 6.99791e-11
18.8 1.92203e-11 6.38087e-11
18.825 1.7767e-11 5.8146e-11
18.85 1.64166e-11 5.29522e-11
18.875 1.51625e-11 4.81916e-11
18.9 1.39984e-11 4.38307e-11
18.925 1.29183e-11 3.98384e-11
18.95 1.19165e-11 3.6186e-11
18.975 1.09879e-11 3.28465e-11
19 1.01274e-11 2.97952e-11
19.025 9.33051e-12 2.70089e-11
19.05 8.59277e-12 2.44663e-11
19.075 7.91011e-12 2.21475e-11
19.1 7.2787e-12 2.00343e-11
19.125 6.69497e-12 1.81097e-11
19.15 6.15554e-12 1.6358e-11
19.175 5.65728e-12 1.47648e-11
19.2 5.19724e-12 1.33167e-11
19.225 4.77268e-12 1.20014e-11
19.25 4.38104e-12 1.08076e-11
19.275 4.01992e-12 9.72481e-12
19.3 3.68709e-12 8.74337e-12
19.325 3.38046e-12 7.85446e-12
19.35 3.0981e-12 7.04994e-12
19.375 2.83819e-12 6.32234e-12
19.4 2.59905e-12 5.6648e-12
19.425 2.37912e-12 5.07103e-12
19.45 2.17694e-12 4.53525e-12
19.475 1.99116e-12 4.05218e-12
19.5 1.82051e-12 3.61699e-12
19.525 1.66383e-12 3.22525e-12
19.55 1.52005e-12 2.87291e-12
19.575 1.38814e-12 2.55629e-12
19.6 1.26719e-12 2.272e-12
19.625 1.15633e-12 2.01697e-12
19.65 1.05476e-12 1.7884e-12
19.675 9.61733e-13 1.58373e-12
19.7 8.76575e-13 1.40064e-12
19.725 7.98649e-13 1.23702e-12
19.75 7.27371e-13 1.09093e-12
19.775 6.622e-13 9.60642e-13
19.8 6.02637e-13 8.44565e-13
19.825 5.48222e-13 7.41264e-13
19.85 4.9853e-13 6.49438e-13
19.875 4.5317e-13 5.6791e-13
19.9 4.1178e-13 4.95614e-13
19.925 3.74029e-13 4.31586e-13
19.95 3.39611e-13 3.74956e-13
19.975 3.08243e-13 3.2494e-13
20 2.79667e-13 2.80831e-13
