0 0.135527 0.144018 -0.0401316 0.0519434
0.025 0.135527 0.144018 -0.0401316 0.0519434
0.05 0.13553 0.144022 -0.0400958 0.051963
0.075 0.135536 0.144028 -0.0400363 0.0519957
0.1 0.135544 0.144036 -0.0399531 0.0520413
0.125 0.135555 0.144046 -0.0398466 0.0520997
0.15 0.135568 0.144059 -0.039717 0.0521709
0.175 0.135583 0.144074 -0.0395646 0.0522547
0.2 0.135601 0.144091 -0.0393898 0.0523508
0.225 0.135621 0.144111 -0.039193 0.0524591
0.25 0.135644 0.144134 -0.0389749 0.0525793
0.275 0.135669 0.144158 -0.0387359 0.0527112
0.3 0.135697 0.144186 -0.0384767 0.0528545
0.325 0.135727 0.144216 -0.0381978 0.0530089
0.35 0.13576 0.144248 -0.0379002 0.0531739
0.375 0.135796 0.144283 -0.0375844 0.0533493
0.4 0.135835 0.144321 -0.0372513 0.0535347
0.425 0.135876 0.144361 -0.0369017 0.0537296
0.45 0.135921 0.144404 -0.0365366 0.0539337
0.475 0.135968 0.14445 -0.0361568 0.0541464
0.5 0.136018 0.144498 -0.0357634 0.0543673
0.525 0.136071 0.144549 -0.0353572 0.0545959
0.55 0.136127 0.144603 -0.0349393 0.0548318
0.575 0.136186 0.14466 -0.0345108 0.0550743
0.6 0.136248 0.144719 -0.0340727 0.0553231
0.625 0.136313 0.144781 -0.033626 0.0555774
0.65 0.136381 0.144845 -0.033172 0.0558367
0.675 0.136452 0.144913 -0.0327116 0.0561006
0.7 0.136525 0.144983 -0.032246 0.0563684
0.725 0.136602 0.145055 -0.0317763 0.0566395
0.75 0.136681 0.14513 -0.0313036 0.0569133
0.775 0.136763 0.145208 -0.030829 0.0571893
0.8 0.136848 0.145287 -0.0303538 0.0574667
0.825 0.136935 0.145369 -0.0298788 0.0577452
0.85 0.137025 0.145453 -0.0294054 0.058024
0.875 0.137116 0.145539 -0.0289344 0.0583025
0.9 0.137211 0.145627 -0.0284671 0.0585801
0.925 0.137307 0.145717 -0.0280044 0.0588563
0.95 0.137405 0.145808 -0.0275473 0.0591305
0.975 0.137505 0.145901 -0.0270969 0.059402
1 0.137606 0.145995 -0.0266541 0.0596704
1.025 0.137709 0.14609 -0.0262198 0.059935
1.05 0.137812 0.146186 -0.025795 0.0601953
1.075 0.137917 0.146282 -0.0253804 0.0604508
1.1 0.138022 0.146379 -0.024977 0.060701
1.125 0.138128 0.146476 -0.0245855 0.0609454
1.15 0.138234 0.146573 -0.0242066 0.0611834
1.175 0.13834 0.14667 -0.023841 0.0614146
1.2 0.138445 0.146767 -0.0234893 0.0616386
1.225 0.13855 0.146862 -0.0231523 0.0618549
1.25 0.138654 0.146957 -0.0228303 0.0620632
1.275 0.138757 0.14705 -0.022524 0.0622631
1.3 0.138858 0.147142 -0.0222336 0.0624542
1.325 0.138958 0.147232 -0.0219598 0.0626362
1.35 0.139055 0.14732 -0.0217027 0.0628088
1.375 0.139151 0.147406 -0.0214626 0.0629718
1.4 0.139243 0.14749 -0.0212398 0.0631249
1.425 0.139333 0.14757 -0.0210345 0.0632678
1.45 0.139419 0.147648 -0.0208468 0.0634005
1.475 0.139502 0.147722 -0.0206766 0.0635228
1.5 0.139582 0.147793 -0.0205242 0.0636346
1.525 0.139657 0.147861 -0.0203893 0.0637357
1.55 0.139728 0.147924 -0.0202719 0.0638261
1.575 0.139795 0.147984 -0.0201718 0.0639059
1.6 0.139857 0.148039 -0.0200889 0.063975
1.625 0.139915 0.14809 -0.0200228 0.0640334
1.65 0.139967 0.148136 -0.0199734 0.0640814
1.675 0.140014 0.148178 -0.0199402 0.0641188
1.7 0.140056 0.148215 -0.0199227 0.0641461
1.725 0.140092 0.148247 -0.0199207 0.0641632
1.75 0.140123 0.148274 -0.0199336 0.0641704
1.775 0.140148 0.148297 -0.0199608 0.0641679
1.8 0.140167 0.148314 -0.0200019 0.0641561
1.825 0.140181 0.148326 -0.0200561 0.0641351
1.85 0.140189 0.148334 -0.0201229 0.0641055
1.875 0.140191 0.148336 -0.0202016 0.0640674
1.9 0.140187 0.148334 -0.0202915 0.0640213
1.925 0.140178 0.148327 -0.0203919 0.0639676
1.95 0.140164 0.148315 -0.0205019 0.0639067
1.975 0.140144 0.148299 -0.020621 0.0638392
2 0.140118 0.148279 -0.0207481 0.0637653
2.025 0.140088 0.148254 -0.0208826 0.0636858
2.05 0.140053 0.148226 -0.0210237 0.063601
2.075 0.140013 0.148194 -0.0211704 0.0635116
2.1 0.139969 0.148158 -0.0213219 0.063418
2.125 0.139921 0.148119 -0.0214774 0.0633209
2.15 0.139869 0.148078 -0.0216361 0.0632208
2.175 0.139814 0.148034 -0.0217971 0.0631182
2.2 0.139756 0.147987 -0.0219595 0.0630139
2.225 0.139695 0.147939 -0.0221225 0.0629085
2.25 0.139632 0.14789 -0.0222853 0.0628024
2.275 0.139567 0.14784 -0.022447 0.0626964
2.3 0.139501 0.147789 -0.0226069 0.062591
2.325 0.139434 0.147738 -0.0227641 0.0624869
2.35 0.139367 0.147687 -0.0229179 0.0623846
2.375 0.1393 0.147637 -0.0230675 0.0622849
2.4 0.139233 0.147589 -0.0232122 0.0621882
2.425 0.139168 0.147542 -0.0233513 0.0620952
2.45 0.139105 0.147497 -0.0234841 0.0620064
2.475 0.139044 0.147455 -0.02361 0.0619225
2.5 0.138986 0.147416 -0.0237283 0.0618439
2.525 0.138931 0.147381 -0.0238385 0.0617713
2.55 0.138881 0.14735 -0.02394 0.061705
2.575 0.138835 0.147324 -0.0240323 0.0616457
2.6 0.138794 0.147302 -0.0241149 0.0615938
2.625 0.138759 0.147287 -0.0241875 0.0615497
2.65 0.13873 0.147277 -0.0242496 0.0615139
2.675 0.138708 0.147274 -0.0243008 0.0614867
2.7 0.138694 0.147278 -0.0243409 0.0614686
2.725 0.138687 0.147289 -0.0243696 0.0614599
2.75 0.138689 0.147308 -0.0243866 0.0614609
2.775 0.1387 0.147336 -0.0243918 0.0614719
2.8 0.13872 0.147371 -0.0243851 0.0614931
2.825 0.138749 0.147416 -0.0243663 0.0615247
2.85 0.138789 0.147469 -0.0243354 0.0615669
2.875 0.13884 0.147532 -0.0242924 0.0616199
2.9 0.138901 0.147605 -0.0242373 0.0616836
2.925 0.138973 0.147687 -0.0241702 0.0617583
2.95 0.139057 0.147779 -0.0240912 0.061844
2.975 0.139153 0.147882 -0.0240005 0.0619405
3 0.13926 0.147994 -0.0238983 0.0620479
3.025 0.13938 0.148117 -0.0237849 0.062166
3.05 0.139511 0.14825 -0.0236604 0.0622947
3.075 0.139655 0.148393 -0.0235253 0.0624339
3.1 0.13981 0.148546 -0.0233798 0.0625833
3.125 0.139978 0.14871 -0.0232245 0.0627427
3.15 0.140158 0.148883 -0.0230595 0.0629117
3.175 0.140349 0.149066 -0.0228856 0.0630901
3.2 0.140553 0.149258 -0.022703 0.0632774
3.225 0.140767 0.149459 -0.0225123 0.0634733
3.25 0.140993 0.149668 -0.022314 0.0636772
3.275 0.141229 0.149886 -0.0221087 0.0638888
3.3 0.141475 0.150112 -0.021897 0.0641074
3.325 0.141731 0.150344 -0.0216794 0.0643325
3.35 0.141996 0.150584 -0.0214566 0.0645635
3.375 0.142269 0.150829 -0.0212291 0.0647999
3.4 0.142551 0.151079 -0.0209976 0.0650408
3.425 0.142839 0.151334 -0.0207628 0.0652857
3.45 0.143134 0.151593 -0.0205252 0.0655339
3.475 0.143434 0.151855 -0.0202856 0.0657845
3.5 0.143739 0.152118 -0.0200446 0.0660368
3.525 0.144047 0.152383 -0.0198029 0.0662901
3.55 0.144358 0.152648 -0.019561 0.0665434
3.575 0.14467 0.152912 -0.0193197 0.066796
3.6 0.144983 0.153174 -0.0190796 0.067047
3.625 0.145296 0.153433 -0.0188413 0.0672956
3.65 0.145606 0.153687 -0.0186055 0.0675409
3.675 0.145913 0.153937 -0.0183728 0.0677819
3.7 0.146216 0.154179 -0.0181437 0.0680178
3.725 0.146513 0.154414 -0.0179189 0.0682476
3.75 0.146803 0.15464 -0.0176989 0.0684705
3.775 0.147084 0.154855 -0.0174843 0.0686855
3.8 0.147356 0.155059 -0.0172755 0.0688917
3.825 0.147616 0.15525 -0.0170731 0.0690882
3.85 0.147863 0.155426 -0.0168775 0.0692741
3.875 0.148097 0.155586 -0.0166892 0.0694484
3.9 0.148314 0.155729 -0.0165087 0.0696103
3.925 0.148515 0.155854 -0.0163362 0.0697589
3.95 0.148697 0.155959 -0.0161721 0.0698933
3.975 0.148858 0.156042 -0.0160168 0.0700127
4 0.148998 0.156103 -0.0158706 0.0701162
4.025 0.149115 0.15614 -0.0157336 0.0702029
4.05 0.149208 0.156151 -0.0156062 0.0702722
4.075 0.149274 0.156135 -0.0154886 0.0703232
4.1 0.149313 0.156091 -0.0153808 0.0703553
4.125 0.149322 0.156018 -0.015283 0.0703676
4.15 0.149302 0.155914 -0.0151954 0.0703594
4.175 0.14925 0.155778 -0.0151178 0.0703303
4.2 0.149165 0.155609 -0.0150505 0.0702795
4.225 0.149046 0.155406 -0.0149932 0.0702064
4.25 0.148892 0.155167 -0.0149461 0.0701105
4.275 0.148701 0.154892 -0.0149089 0.0699914
4.3 0.148472 0.154579 -0.0148816 0.0698485
4.325 0.148204 0.154227 -0.014864 0.0696815
4.35 0.147897 0.153836 -0.014856 0.06949
4.375 0.147549 0.153404 -0.0148572 0.0692736
4.4 0.147159 0.152932 -0.0148675 0.0690321
4.425 0.146728 0.152417 -0.0148866 0.0687652
4.45 0.146253 0.15186 -0.0149141 0.0684729
4.475 0.145734 0.151259 -0.0149498 0.0681548
4.5 0.145171 0.150615 -0.0149933 0.067811
4.525 0.144563 0.149927 -0.0150441 0.0674415
4.55 0.14391 0.149194 -0.0151019 0.0670461
4.575 0.143211 0.148416 -0.0151663 0.0666251
4.6 0.142467 0.147594 -0.0152367 0.0661785
4.625 0.141677 0.146726 -0.0153128 0.0657065
4.65 0.14084 0.145813 -0.015394 0.0652093
4.675 0.139958 0.144854 -0.0154799 0.0646872
4.7 0.13903 0.143851 -0.0155699 0.0641405
4.725 0.138056 0.142803 -0.0156635 0.0635696
4.75 0.137037 0.14171 -0.0157601 0.0629749
4.775 0.135973 0.140573 -0.0158593 0.0623568
4.8 0.134864 0.139392 -0.0159605 0.0617158
4.825 0.133712 0.138168 -0.0160632 0.0610526
4.85 0.132516 0.136902 -0.0161667 0.0603676
4.875 0.131278 0.135594 -0.0162705 0.0596616
4.9 0.129997 0.134244 -0.0163742 0.0589351
4.925 0.128676 0.132855 -0.016477 0.058189
4.95 0.127315 0.131426 -0.0165786 0.0574239
4.975 0.125916 0.12996 -0.0166784 0.0566407
5 0.124478 0.128456 -0.0167757 0.0558401
5.025 0.123004 0.126916 -0.0168702 0.055023
5.05 0.121495 0.125342 -0.0169614 0.0541902
5.075 0.119951 0.123734 -0.0170486 0.0533427
5.1 0.118375 0.122094 -0.0171315 0.0524814
5.125 0.116768 0.120424 -0.0172097 0.0516073
5.15 0.115132 0.118725 -0.0172825 0.0507211
5.175 0.113467 0.116998 -0.0173497 0.0498241
5.2 0.111776 0.115245 -0.0174109 0.048917
5.225 0.11006 0.113468 -0.0174656 0.048001
5.25 0.108321 0.111668 -0.0175134 0.0470771
5.275 0.10656 0.109847 -0.0175542 0.0461462
5.3 0.10478 0.108006 -0.0175875 0.0452093
5.325 0.102982 0.106148 -0.017613 0.0442676
5.35 0.101167 0.104274 -0.0176306 0.0433219
5.375 0.0993381 0.102386 -0.0176399 0.0423733
5.4 0.0974965 0.100486 -0.0176407 0.0414228
5.425 0.0956442 0.0985758 -0.0176329 0.0404715
5.45 0.0937828 0.0966566 -0.0176163 0.0395202
5.475 0.0919143 0.0947306 -0.0175908 0.0385699
5.5 0.0900405 0.0927995 -0.0175562 0.0376217
5.525 0.088163 0.0908652 -0.0175125 0.0366763
5.55 0.0862837 0.0889294 -0.0174597 0.0357349
5.575 0.0844044 0.0869939 -0.0173977 0.0347981
5.6 0.0825267 0.0850604 -0.0173264 0.033867
5.625 0.0806524 0.0831306 -0.017246 0.0329423
5.65 0.0787831 0.0812063 -0.0171565 0.0320249
5.675 0.0769206 0.079289 -0.0170579 0.0311155
5.7 0.0750663 0.0773804 -0.0169504 0.030215
5.725 0.0732219 0.075482 -0.0168341 0.029324
5.75 0.0713889 0.0735954 -0.016709 0.0284432
5.775 0.0695687 0.0717221 -0.0165755 0.0275733
5.8 0.0677628 0.0698635 -0.0164336 0.026715
5.825 0.0659725 0.068021 -0.0162835 0.0258687
5.85 0.0641992 0.0661959 -0.0161256 0.0250352
5.875 0.0624441 0.0643896 -0.01596 0.0242148
5.9 0.0607084 0.0626032 -0.0157869 0.0234081
5.925 0.0589933 0.0608379 -0.0156067 0.0226156
5.95 0.0572999 0.0590949 -0.0154197 0.0218376
5.975 0.0556292 0.0573751 -0.015226 0.0210745
6 0.0539822 0.0556796 -0.0150261 0.0203267
6.025 0.0523597 0.0540093 -0.0148203 0.0195945
6.05 0.0507627 0.052365 -0.0146088 0.0188781
6.075 0.0491918 0.0507476 -0.0143921 0.0181778
6.1 0.0476479 0.0491578 -0.0141704 0.0174937
6.125 0.0461316 0.0475962 -0.0139441 0.0168261
6.15 0.0446434 0.0460635 -0.0137136 0.016175
6.175 0.0431839 0.0445603 -0.0134792 0.0155406
6.2 0.0417536 0.0430869 -0.0132412 0.0149229
6.225 0.0403528 0.0416439 -0.0130001 0.0143219
6.25 0.038982 0.0402316 -0.0127562 0.0137377
6.275 0.0376414 0.0388503 -0.0125098 0.0131702
6.3 0.0363313 0.0375002 -0.0122613 0.0126195
6.325 0.0350518 0.0361816 -0.012011 0.0120853
6.35 0.0338031 0.0348945 -0.0117594 0.0115676
6.375 0.0325852 0.0336392 -0.0115067 0.0110662
6.4 0.0313982 0.0324155 -0.0112532 0.0105811
6.425 0.030242 0.0312234 -0.0109994 0.010112
6.45 0.0291165 0.030063 -0.0107454 0.0096588
6.475 0.0280218 0.0289341 -0.0104917 0.00922119
6.5 0.0269575 0.0278365 -0.0102386 0.00879898
6.525 0.0259235 0.0267701 -0.00998621 0.00839192
6.55 0.0249195 0.0257345 -0.00973499 0.00799976
6.575 0.0239454 0.0247296 -0.00948515 0.0076222
6.6 0.0230006 0.0237549 -0.00923696 0.00725897
6.625 0.022085 0.0228102 -0.00899068 0.00690977
6.65 0.0211982 0.0218951 -0.00874654 0.00657428
6.675 0.0203397 0.0210092 -0.00850477 0.0062522
6.7 0.0195091 0.020152 -0.00826559 0.00594318
6.725 0.018706 0.019323 -0.0080292 0.00564691
6.75 0.0179298 0.0185219 -0.0077958 0.00536305
6.775 0.0171802 0.0177481 -0.00756556 0.00509125
6.8 0.0164565 0.017001 -0.00733865 0.00483117
6.825 0.0157584 0.0162802 -0.00711522 0.00458247
6.85 0.0150851 0.015585 -0.00689542 0.00434479
6.875 0.0144362 0.014915 -0.00667938 0.0041178
6.9 0.0138112 0.0142695 -0.00646721 0.00390114
6.925 0.0132094 0.013648 -0.00625902 0.00369447
6.95 0.0126302 0.0130498 -0.00605491 0.00349744
6.975 0.0120731 0.0124744 -0.00585495 0.00330973
7 0.0115376 0.0119212 -0.00565922 0.00313099
7.025 0.0110229 0.0113895 -0.00546777 0.00296088
7.05 0.0105285 0.0108789 -0.00528067 0.00279909
7.075 0.0100539 0.0103885 -0.00509794 0.0026453
7.1 0.00959848 0.00991797 -0.00491962 0.00249917
7.125 0.00916159 0.00946656 -0.00474572 0.00236042
7.15 0.00874268 0.00903371 -0.00457626 0.00222872
7.175 0.00834119 0.00861884 -0.00441124 0.0021038
7.2 0.00795653 0.00822135 -0.00425066 0.00198535
7.225 0.00758817 0.00784067 -0.00409449 0.00187309
7.25 0.00723553 0.00747624 -0.00394272 0.00176676
7.275 0.00689808 0.00712748 -0.00379533 0.00166608
7.3 0.00657528 0.00679386 -0.00365226 0.0015708
7.325 0.0062666 0.00647482 -0.00351349 0.00148066
7.35 0.00597152 0.00616983 -0.00337897 0.00139543
7.375 0.00568955 0.00587837 -0.00324863 0.00131487
7.4 0.00542019 0.00559994 -0.00312244 0.00123875
7.425 0.00516295 0.00533403 -0.00300032 0.00116686
7.45 0.00491736 0.00508016 -0.00288221 0.00109898
7.475 0.00468297 0.00483786 -0.00276803 0.00103491
7.5 0.00445932 0.00460666 -0.00265773 0.000974469
7.525 0.00424599 0.00438612 -0.00255121 0.000917455
7.55 0.00404255 0.00417579 -0.0024484 0.000863696
7.575 0.00384858 0.00397527 -0.00234923 0.000813019
7.6 0.00366369 0.00378412 -0.0022536 0.000765261
7.625 0.0034875 0.00360197 -0.00216144 0.000720265
7.65 0.00331964 0.00342841 -0.00207265 0.000677881
7.675 0.00315973 0.00326309 -0.00198716 0.000637966
7.7 0.00300744 0.00310564 -0.00190487 0.000600385
7.725 0.00286243 0.00295571 -0.0018257 0.000565006
7.75 0.00272437 0.00281297 -0.00174955 0.000531708
7.775 0.00259296 0.0026771 -0.00167635 0.000500373
7.8 0.00246788 0.00254778 -0.001606 0.000470888
7.825 0.00234886 0.00242472 -0.00153842 0.000443149
7.85 0.0022356 0.00230762 -0.00147352 0.000417054
7.875 0.00212786 0.00219622 -0.00141121 0.000392508
7.9 0.00202536 0.00209025 -0.0013514 0.000369421
7.925 0.00192786 0.00198944 -0.00129403 0.000347708
7.95 0.00183512 0.00189357 -0.00123899 0.000327287
7.975 0.00174693 0.00180239 -0.00118622 0.000308083
8 0.00166305 0.00171567 -0.00113563 0.000290022
8.025 0.00158329 0.00163321 -0.00108714 0.000273038
8.05 0.00150744 0.00155481 -0.00104068 0.000257065
8.075 0.00143532 0.00148025 -0.000996163 0.000242043
8.1 0.00136674 0.00140936 -0.000953529 0.000227914
8.125 0.00130153 0.00134195 -0.0009127 0.000214626
8.15 0.00123953 0.00127786 -0.000873608 0.000202126
8.175 0.00118057 0.00121692 -0.000836185 0.000190368
8.2 0.00112451 0.00115898 -0.000800365 0.000179306
8.225 0.0010712 0.00110388 -0.000766083 0.000168899
8.25 0.0010205 0.00105149 -0.000733278 0.000159105
8.275 0.00097229 0.00100167 -0.00070189 0.000149889
8.3 0.000926438 0.00095429 -0.00067186 0.000141215
8.325 0.00088283 0.000909232 -0.000643132 0.00013305
8.35 0.000841351 0.000866378 -0.00061565 0.000125364
8.375 0.000801895 0.000825617 -0.000589364 0.000118126
8.4 0.00076436 0.000786844 -0.000564222 0.000111311
8.425 0.00072865 0.000749959 -0.000540174 0.000104893
8.45 0.000694672 0.000714868 -0.000517175 9.88466e-05
8.475 0.00066234 0.00068148 -0.000495178 9.3151e-05
8.5 0.000631571 0.000649708 -0.000474139 8.77846e-05
8.525 0.000602285 0.000619473 -0.000454018 8.27276e-05
8.55 0.000574409 0.000590696 -0.000434773 7.79617e-05
8.575 0.000547871 0.000563304 -0.000416365 7.34695e-05
8.6 0.000522605 0.000537228 -0.000398759 6.92348e-05
8.625 0.000498545 0.000512402 -0.000381917 6.52423e-05
8.65 0.000475633 0.000488762 -0.000365806 6.14778e-05
8.675 0.00045381 0.000466249 -0.000350394 5.79279e-05
8.7 0.000433022 0.000444808 -0.000335648 5.45801e-05
8.725 0.000413217 0.000424384 -0.000321539 5.14226e-05
8.75 0.000394347 0.000404927 -0.000308039 4.84444e-05
8.775 0.000376364 0.000386389 -0.000295119 4.56351e-05
8.8 0.000359226 0.000368724 -0.000282754 4.2985e-05
8.825 0.000342889 0.00035189 -0.000270919 4.04851e-05
8.85 0.000327316 0.000335844 -0.00025959 3.81268e-05
8.875 0.000312467 0.000320548 -0.000248744 3.5902e-05
8.9 0.000298309 0.000305966 -0.000238359 3.38031e-05
8.925 0.000284806 0.000292062 -0.000228415 3.18232e-05
8.95 0.000271927 0.000278803 -0.000218892 2.99555e-05
8.975 0.000259642 0.000266159 -0.000209771 2.81937e-05
9 0.000247921 0.000254098 -0.000201034 2.6532e-05
9.025 0.000236739 0.000242593 -0.000192664 2.49648e-05
9.05 0.000226068 0.000231618 -0.000184644 2.34868e-05
9.075 0.000215885 0.000221146 -0.00017696 2.20931e-05
9.1 0.000206166 0.000211154 -0.000169595 2.07791e-05
9.125 0.000196889 0.000201618 -0.000162537 1.95404e-05
9.15 0.000188033 0.000192518 -0.000155772 1.83728e-05
9.175 0.000179579 0.000183832 -0.000149287 1.72725e-05
9.2 0.000171507 0.00017554 -0.000143069 1.62357e-05
9.225 0.000163799 0.000167626 -0.000137108 1.52589e-05
9.25 0.000156439 0.000160069 -0.000131392 1.43389e-05
9.275 0.000149411 0.000152855 -0.00012591 1.34726e-05
9.3 0.000142699 0.000145967 -0.000120653 1.26569e-05
9.325 0.000136288 0.00013939 -0.000115612 1.18891e-05
9.35 0.000130164 0.000133109 -0.000110776 1.11666e-05
9.375 0.000124315 0.000127112 -0.000106138 1.04868e-05
9.4 0.000118728 0.000121384 -0.000101689 9.84748e-06
9.425 0.000113391 0.000115914 -9.74214e-05 9.24626e-06
9.45 0.000108293 0.00011069 -9.33276e-05 8.68106e-06
9.475 0.000103423 0.0001057 -8.94004e-05 8.14987e-06
9.5 9.87702e-05 0.000100935 -8.5633e-05 7.65078e-06
9.525 9.43254e-05 9.6383e-05 -8.20191e-05 7.18197e-06
9.55 9.00791e-05 9.20357e-05 -7.85522e-05 6.74173e-06
9.575 8.60225e-05 8.78834e-05 -7.52265e-05 6.32844e-06
9.6 8.21472e-05 8.39175e-05 -7.20364e-05 5.94055e-06
9.625 7.84449e-05 8.01296e-05 -6.89764e-05 5.57661e-06
9.65 7.49082e-05 7.65118e-05 -6.60413e-05 5.23523e-06
9.675 7.15297e-05 7.30564e-05 -6.32262e-05 4.9151e-06
9.7 6.83023e-05 6.97562e-05 -6.05263e-05 4.61498e-06
9.725 6.52194e-05 6.66044e-05 -5.79371e-05 4.33369e-06
9.75 6.22746e-05 6.35944e-05 -5.54542e-05 4.07011e-06
9.775 5.94619e-05 6.07199e-05 -5.30735e-05 3.82321e-06
9.8 5.67755e-05 5.79748e-05 -5.07909e-05 3.59196e-06
9.825 5.42097e-05 5.53535e-05 -4.86026e-05 3.37544e-06
9.85 5.17594e-05 5.28505e-05 -4.6505e-05 3.17274e-06
9.875 4.94195e-05 5.04606e-05 -4.44945e-05 2.98303e-06
9.9 4.7185e-05 4.81788e-05 -4.25678e-05 2.8055e-06
9.925 4.50515e-05 4.60002e-05 -4.07214e-05 2.6394e-06
9.95 4.30144e-05 4.39204e-05 -3.89524e-05 2.48401e-06
9.975 4.10695e-05 4.1935e-05 -3.72577e-05 2.33867e-06
10 3.92129e-05 4.00398e-05 -3.56343e-05 2.20274e-06
10.025 3.74405e-05 3.82309e-05 -3.40796e-05 2.07562e-06
10.05 3.57488e-05 3.65043e-05 -3.25908e-05 1.95675e-06
10.075 3.41341e-05 3.48565e-05 -3.11653e-05 1.84559e-06
10.1 3.25931e-05 3.3284e-05 -2.98007e-05 1.74164e-06
10.125 3.11224e-05 3.17834e-05 -2.84945e-05 1.64443e-06
10.15 2.97191e-05 3.03515e-05 -2.72445e-05 1.55352e-06
10.175 2.83801e-05 2.89853e-05 -2.60483e-05 1.46849e-06
10.2 2.71026e-05 2.76818e-05 -2.49039e-05 1.38894e-06
10.225 2.58838e-05 2.64383e-05 -2.38093e-05 1.31451e-06
10.25 2.47211e-05 2.5252e-05 -2.27623e-05 1.24484e-06
10.275 2.3612e-05 2.41203e-05 -2.17611e-05 1.17962e-06
10.3 2.25542e-05 2.30409e-05 -2.08038e-05 1.11854e-06
10.325 2.15452e-05 2.20113e-05 -1.98887e-05 1.06131e-06
10.35 2.05829e-05 2.10294e-05 -1.9014e-05 1.00767e-06
10.375 1.96652e-05 2.00929e-05 -1.81782e-05 9.5736e-07
10.4 1.879e-05 1.91997e-05 -1.73794e-05 9.10148e-07
10.425 1.79555e-05 1.8348e-05 -1.66164e-05 8.65815e-07
10.45 1.71598e-05 1.75358e-05 -1.58874e-05 8.24157e-07
10.475 1.64011e-05 1.67612e-05 -1.51913e-05 7.84981e-07
10.5 1.56777e-05 1.60227e-05 -1.45264e-05 7.4811e-07
10.525 1.49879e-05 1.53184e-05 -1.38916e-05 7.13377e-07
10.55 1.43303e-05 1.46469e-05 -1.32856e-05 6.80628e-07
10.575 1.37033e-05 1.40065e-05 -1.27071e-05 6.49719e-07
10.6 1.31056e-05 1.33959e-05 -1.21549e-05 6.20515e-07
10.625 1.25357e-05 1.28137e-05 -1.1628e-05 5.92893e-07
10.65 1.19923e-05 1.22586e-05 -1.11251e-05 5.66739e-07
10.675 1.14743e-05 1.17292e-05 -1.06453e-05 5.41945e-07
10.7 1.09804e-05 1.12244e-05 -1.01876e-05 5.18414e-07
10.725 1.05094e-05 1.0743e-05 -9.75091e-06 4.96055e-07
10.75 1.00604e-05 1.02839e-05 -9.33438e-06 4.74783e-07
10.775 9.6322e-06 9.84612e-06 -8.93708e-06 4.54523e-07
10.8 9.22388e-06 9.42855e-06 -8.55814e-06 4.35204e-07
10.825 8.83448e-06 9.03027e-06 -8.19675e-06 4.1676e-07
10.85 8.46309e-06 8.65036e-06 -7.85209e-06 3.99132e-07
10.875 8.10886e-06 8.28794e-06 -7.52341e-06 3.82266e-07
10.9 7.77096e-06 7.94218e-06 -7.20996e-06 3.66112e-07
10.925 7.4486e-06 7.61229e-06 -6.91104e-06 3.50626e-07
10.95 7.14105e-06 7.2975e-06 -6.62597e-06 3.35765e-07
10.975 6.84758e-06 6.99709e-06 -6.3541e-06 3.21492e-07
11 6.56752e-06 6.71036e-06 -6.09482e-06 3.07774e-07
11.025 6.30021e-06 6.43667e-06 -5.84751e-06 2.9458e-07
11.05 6.04504e-06 6.17538e-06 -5.61161e-06 2.81882e-07
11.075 5.80142e-06 5.92589e-06 -5.38658e-06 2.69655e-07
11.1 5.56879e-06 5.68763e-06 -5.17188e-06 2.57876e-07
11.125 5.34661e-06 5.46006e-06 -4.96701e-06 2.46526e-07
11.15 5.13438e-06 5.24267e-06 -4.7715e-06 2.35585e-07
11.175 4.9316e-06 5.03495e-06 -4.58488e-06 2.25036e-07
11.2 4.73783e-06 4.83645e-06 -4.40671e-06 2.14866e-07
11.225 4.55262e-06 4.6467e-06 -4.23658e-06 2.0506e-07
11.25 4.37555e-06 4.4653e-06 -4.07409e-06 1.95606e-07
11.275 4.20623e-06 4.29182e-06 -3.91884e-06 1.86492e-07
11.3 4.04428e-06 4.1259e-06 -3.77048e-06 1.77709e-07
11.325 3.88933e-06 3.96715e-06 -3.62866e-06 1.69246e-07
11.35 3.74105e-06 3.81524e-06 -3.49305e-06 1.61095e-07
11.375 3.59911e-06 3.66983e-06 -3.36333e-06 1.53249e-07
11.4 3.4632e-06 3.53059e-06 -3.2392e-06 1.45698e-07
11.425 3.33302e-06 3.39725e-06 -3.12038e-06 1.38436e-07
11.45 3.20831e-06 3.2695e-06 -3.00659e-06 1.31455e-07
11.475 3.08878e-06 3.14707e-06 -2.89757e-06 1.24749e-07
11.5 2.97419e-06 3.02972e-06 -2.79309e-06 1.18312e-07
11.525 2.86431e-06 2.91718e-06 -2.69291e-06 1.12136e-07
11.55 2.75889e-06 2.80924e-06 -2.59681e-06 1.06215e-07
11.575 2.65773e-06 2.70567e-06 -2.50458e-06 1.00544e-07
11.6 2.56062e-06 2.60625e-06 -2.41602e-06 9.51142e-08
11.625 2.46737e-06 2.51079e-06 -2.33095e-06 8.99209e-08
11.65 2.37778e-06 2.41911e-06 -2.2492e-06 8.49571e-08
11.675 2.2917e-06 2.33102e-06 -2.17058e-06 8.02165e-08
11.7 2.20894e-06 2.24635e-06 -2.09496e-06 7.56924e-08
11.725 2.12936e-06 2.16493e-06 -2.02218e-06 7.13782e-08
11.75 2.0528e-06 2.08663e-06 -1.95209e-06 6.72674e-08
11.775 1.97912e-06 2.01129e-06 -1.88458e-06 6.33534e-08
11.8 1.90819e-06 1.93877e-06 -1.81951e-06 5.96293e-08
11.825 1.83989e-06 1.86895e-06 -1.75677e-06 5.60885e-08
11.85 1.77408e-06 1.8017e-06 -1.69626e-06 5.27244e-08
11.875 1.71066e-06 1.73691e-06 -1.63785e-06 4.95302e-08
11.9 1.64953e-06 1.67447e-06 -1.58147e-06 4.64994e-08
11.925 1.59058e-06 1.61427e-06 -1.52702e-06 4.36253e-08
11.95 1.53371e-06 1.55622e-06 -1.47442e-06 4.09016e-08
11.975 1.47884e-06 1.50022e-06 -1.42358e-06 3.83217e-08
12 1.42587e-06 1.44618e-06 -1.37442e-06 3.58795e-08
12.025 1.37474e-06 1.39403e-06 -1.32689e-06 3.35687e-08
12.05 1.32535e-06 1.34368e-06 -1.28091e-06 3.13835e-08
12.075 1.27765e-06 1.29506e-06 -1.23643e-06 2.9318e-08
12.1 1.23155e-06 1.2481e-06 -1.19337e-06 2.73666e-08
12.125 1.18701e-06 1.20274e-06 -1.15169e-06 2.55238e-08
12.15 1.14395e-06 1.15891e-06 -1.11134e-06 2.37845e-08
12.175 1.10233e-06 1.11655e-06 -1.07226e-06 2.21436e-08
12.2 1.06207e-06 1.07561e-06 -1.03442e-06 2.05963e-08
12.225 1.02315e-06 1.03603e-06 -9.97754e-07 1.91381e-08
12.25 9.85496e-07 9.97768e-07 -9.62238e-07 1.77646e-08
12.275 9.49075e-07 9.60772e-07 -9.27828e-07 1.64718e-08
12.3 9.1384e-07 9.24998e-07 -8.94486e-07 1.52557e-08
12.325 8.7975e-07 8.90403e-07 -8.62177e-07 1.41127e-08
12.35 8.46765e-07 8.56946e-07 -8.30867e-07 1.30394e-08
12.375 8.1485e-07 8.24589e-07 -8.00524e-07 1.20325e-08
12.4 7.83967e-07 7.93295e-07 -7.71117e-07 1.1089e-08
12.425 7.54084e-07 7.63029e-07 -7.42617e-07 1.02062e-08
12.45 7.25168e-07 7.33757e-07 -7.14994e-07 9.38121e-09
12.475 6.97188e-07 7.05446e-07 -6.88223e-07 8.61174e-09
12.5 6.70115e-07 6.78066e-07 -6.62275e-07 7.89542e-09
12.525 6.4392e-07 6.51588e-07 -6.37128e-07 7.23009e-09
12.55 6.18577e-07 6.25982e-07 -6.12755e-07 6.61372e-09
12.575 5.9406e-07 6.01222e-07 -5.89134e-07 6.04439e-09
12.6 5.70342e-07 5.77282e-07 -5.66241e-07 5.52028e-09
12.625 5.47402e-07 5.54135e-07 -5.44055e-07 5.03968e-09
12.65 5.25214e-07 5.31757e-07 -5.22555e-07 4.60094e-09
12.675 5.03757e-07 5.10125e-07 -5.0172e-07 4.2025e-09
12.7 4.83009e-07 4.89216e-07 -4.81531e-07 3.84282e-09
12.725 4.6295e-07 4.69008e-07 -4.61967e-07 3.52043e-09
12.75 4.43558e-07 4.49479e-07 -4.43012e-07 3.23388e-09
12.775 4.24815e-07 4.3061e-07 -4.24646e-07 2.98173e-09
12.8 4.06702e-07 4.12378e-07 -4.06853e-07 2.76258e-09
12.825 3.892e-07 3.94767e-07 -3.89617e-07 2.575e-09
12.85 3.72292e-07 3.77756e-07 -3.72921e-07 2.41759e-09
12.875 3.5596e-07 3.61328e-07 -3.56751e-07 2.28893e-09
12.9 3.40189e-07 3.45466e-07 -3.41091e-07 2.18759e-09
12.925 3.24961e-07 3.30152e-07 -3.25928e-07 2.11211e-09
12.95 3.10263e-07 3.15371e-07 -3.11249e-07 2.06105e-09
12.975 2.96078e-07 3.01107e-07 -2.97041e-07 2.03292e-09
13 2.82392e-07 2.87345e-07 -2.83292e-07 2.02623e-09
13.025 2.69192e-07 2.7407e-07 -2.69991e-07 2.03947e-09
13.05 2.56465e-07 2.6127e-07 -2.57127e-07 2.07111e-09
13.075 2.44198e-07 2.4893e-07 -2.4469e-07 2.11964e-09
13.1 2.32378e-07 2.37038e-07 -2.32671e-07 2.1835e-09
13.125 2.20994e-07 2.25582e-07 -2.2106e-07 2.26117e-09
13.15 2.10035e-07 2.14552e-07 -2.09849e-07 2.35111e-09
13.175 1.99491e-07 2.03935e-07 -1.99031e-07 2.4518e-09
13.2 1.89351e-07 1.93722e-07 -1.88599e-07 2.56174e-09
13.225 1.79605e-07 1.83903e-07 -1.78544e-07 2.67943e-09
13.25 1.70245e-07 1.74469e-07 -1.68862e-07 2.80344e-09
13.275 1.61263e-07 1.65412e-07 -1.59547e-07 2.93235e-09
13.3 1.52648e-07 1.56722e-07 -1.50593e-07 3.06478e-09
13.325 1.44395e-07 1.48393e-07 -1.41994e-07 3.19943e-09
13.35 1.36496e-07 1.40418e-07 -1.33748e-07 3.33502e-09
13.375 1.28944e-07 1.32789e-07 -1.25848e-07 3.47035e-09
13.4 1.21733e-07 1.255e-07 -1.18292e-07 3.60431e-09
13.425 1.14855e-07 1.18546e-07 -1.11074e-07 3.73584e-09
13.45 1.08307e-07 1.11921e-07 -1.04193e-07 3.86395e-09
13.475 1.02081e-07 1.05619e-07 -9.76435e-08 3.98777e-09
13.5 9.6174e-08 9.96361e-08 -9.14231e-08 4.10649e-09
13.525 9.05794e-08 9.39671e-08 -8.55283e-08 4.21941e-09
13.55 8.52932e-08 8.86078e-08 -7.9956e-08 4.32591e-09
13.575 8.03106e-08 8.35538e-08 -7.47029e-08 4.42546e-09
13.6 7.56274e-08 7.88011e-08 -6.97658e-08 4.51765e-09
13.625 7.12393e-08 7.43457e-08 -6.51414e-08 4.60215e-09
13.65 6.7142e-08 7.01837e-08 -6.08262e-08 4.67873e-09
13.675 6.33315e-08 6.63113e-08 -5.68168e-08 4.74726e-09
13.7 5.98037e-08 6.27247e-08 -5.31093e-08 4.80769e-09
13.725 5.65545e-08 5.942e-08 -4.96998e-08 4.86008e-09
13.75 5.35796e-08 5.63933e-08 -4.65842e-08 4.90456e-09
13.775 5.0875e-08 5.36408e-08 -4.3758e-08 4.94136e-09
13.8 4.84363e-08 5.11582e-08 -4.12166e-08 4.97078e-09
13.825 4.62591e-08 4.89413e-08 -3.8955e-08 4.99318e-09
13.85 4.43387e-08 4.69858e-08 -3.69678e-08 5.00902e-09
13.875 4.26705e-08 4.5287e-08 -3.52494e-08 5.0188e-09
13.9 4.12494e-08 4.38402e-08 -3.3794e-08 5.02309e-09
13.925 4.00703e-08 4.26402e-08 -3.25952e-08 5.0225e-09
13.95 3.91279e-08 4.16817e-08 -3.16463e-08 5.01768e-09
13.975 3.84164e-08 4.09591e-08 -3.09405e-08 5.00934e-09
14 3.79299e-08 4.04667e-08 -3.04703e-08 4.99819e-09
14.025 3.76623e-08 4.01981e-08 -3.02281e-08 4.98498e-09
14.05 3.76072e-08 4.0147e-08 -3.0206e-08 4.97047e-09
14.075 3.77578e-08 4.03065e-08 -3.03956e-08 4.95542e-09
14.1 3.81071e-08 4.06696e-08 -3.07884e-08 4.94062e-09
14.125 3.86478e-08 4.12289e-08 -3.13753e-08 4.92682e-09
14.15 3.93724e-08 4.19768e-08 -3.21473e-08 4.91478e-09
14.175 4.0273e-08 4.29053e-08 -3.30948e-08 4.90523e-09
14.2 4.13417e-08 4.40061e-08 -3.42084e-08 4.89887e-09
14.225 4.257e-08 4.52708e-08 -3.5478e-08 4.89639e-09
14.25 4.39493e-08 4.66905e-08 -3.68936e-08 4.89842e-09
14.275 4.5471e-08 4.82563e-08 -3.84451e-08 4.90558e-09
14.3 4.7126e-08 4.99589e-08 -4.01221e-08 4.91842e-09
14.325 4.89051e-08 5.17891e-08 -4.19142e-08 4.93744e-09
14.35 5.07991e-08 5.37371e-08 -4.38109e-08 4.96311e-09
14.375 5.27984e-08 5.57933e-08 -4.58016e-08 4.99583e-09
14.4 5.48935e-08 5.79478e-08 -4.78759e-08 5.03594e-09
14.425 5.70748e-08 6.01906e-08 -5.00232e-08 5.08372e-09
14.45 5.93324e-08 6.25118e-08 -5.2233e-08 5.13941e-09
14.475 6.16567e-08 6.49014e-08 -5.44951e-08 5.20316e-09
14.5 6.40379e-08 6.73492e-08 -5.67991e-08 5.27507e-09
14.525 6.64662e-08 6.98453e-08 -5.91349e-08 5.35518e-09
14.55 6.89319e-08 7.23796e-08 -6.14926e-08 5.44346e-09
14.575 7.14256e-08 7.49422e-08 -6.38626e-08 5.53984e-09
14.6 7.39375e-08 7.75235e-08 -6.62352e-08 5.64416e-09
14.625 7.64584e-08 8.01136e-08 -6.86012e-08 5.75622e-09
14.65 7.89791e-08 8.27032e-08 -7.09517e-08 5.87577e-09
14.675 8.14905e-08 8.5283e-08 -7.3278e-08 6.00249e-09
14.7 8.39839e-08 8.78438e-08 -7.55718e-08 6.13602e-09
14.725 8.64506e-08 9.03769e-08 -7.7825e-08 6.27595e-09
14.75 8.88824e-08 9.28738e-08 -8.00301e-08 6.42183e-09
14.775 9.12713e-08 9.53262e-08 -8.21798e-08 6.57317e-09
14.8 9.36095e-08 9.77261e-08 -8.42672e-08 6.72942e-09
14.825 9.58898e-08 1.00066e-07 -8.62859e-08 6.89004e-09
14.85 9.81049e-08 1.02339e-07 -8.82298e-08 7.05442e-09
14.875 1.00248e-07 1.04537e-07 -9.00933e-08 7.22195e-09
14.9 1.02314e-07 1.06655e-07 -9.18712e-08 7.392e-09
14.925 1.04295e-07 1.08687e-07 -9.35588e-08 7.5639e-09
14.95 1.06187e-07 1.10626e-07 -9.51517e-08 7.73699e-09
14.975 1.07985e-07 1.12467e-07 -9.66461e-08 7.9106e-09
15 1.09684e-07 1.14207e-07 -9.80386e-08 8.08404e-09
15.025 1.11279e-07 1.15839e-07 -9.9326e-08 8.25664e-09
15.05 1.12766e-07 1.17361e-07 -1.00506e-07 8.42771e-09
15.075 1.14143e-07 1.1877e-07 -1.01576e-07 8.5966e-09
15.1 1.15407e-07 1.20061e-07 -1.02535e-07 8.76264e-09
15.125 1.16554e-07 1.21232e-07 -1.03382e-07 8.92518e-09
15.15 1.17583e-07 1.22282e-07 -1.04114e-07 9.08361e-09
15.175 1.18493e-07 1.23208e-07 -1.04733e-07 9.23731e-09
15.2 1.19281e-07 1.24009e-07 -1.05238e-07 9.3857e-09
15.225 1.19947e-07 1.24685e-07 -1.05629e-07 9.52823e-09
15.25 1.2049e-07 1.25235e-07 -1.05906e-07 9.66437e-09
15.275 1.20911e-07 1.25658e-07 -1.06071e-07 9.79361e-09
15.3 1.2121e-07 1.25956e-07 -1.06125e-07 9.91549e-09
15.325 1.21387e-07 1.26129e-07 -1.06069e-07 1.00296e-08
15.35 1.21444e-07 1.26177e-07 -1.05906e-07 1.01355e-08
15.375 1.21381e-07 1.26103e-07 -1.05638e-07 1.02328e-08
15.4 1.21201e-07 1.25909e-07 -1.05266e-07 1.03213e-08
15.425 1.20906e-07 1.25595e-07 -1.04794e-07 1.04006e-08
15.45 1.20497e-07 1.25165e-07 -1.04224e-07 1.04705e-08
15.475 1.19978e-07 1.24621e-07 -1.0356e-07 1.05308e-08
15.5 1.19351e-07 1.23966e-07 -1.02804e-07 1.05813e-08
15.525 1.18618e-07 1.23204e-07 -1.0196e-07 1.06219e-08
15.55 1.17785e-07 1.22337e-07 -1.01032e-07 1.06525e-08
15.575 1.16853e-07 1.21369e-07 -1.00023e-07 1.06729e-08
15.6 1.15827e-07 1.20304e-07 -9.89371e-08 1.06833e-08
15.625 1.1471e-07 1.19145e-07 -9.77781e-08 1.06836e-08
15.65 1.13506e-07 1.17898e-07 -9.65499e-08 1.06739e-08
15.675 1.12219e-07 1.16565e-07 -9.52565e-08 1.06542e-08
15.7 1.10854e-07 1.15151e-07 -9.3902e-08 1.06246e-08
15.725 1.09415e-07 1.13661e-07 -9.24904e-08 1.05854e-08
15.75 1.07905e-07 1.12099e-07 -9.10257e-08 1.05366e-08
15.775 1.0633e-07 1.10469e-07 -8.95122e-08 1.04785e-08
15.8 1.04694e-07 1.08776e-07 -8.79537e-08 1.04113e-08
15.825 1.03e-07 1.07025e-07 -8.63544e-08 1.03353e-08
15.85 1.01254e-07 1.0522e-07 -8.47183e-08 1.02506e-08
15.875 9.94604e-08 1.03365e-07 -8.30492e-08 1.01577e-08
15.9 9.76228e-08 1.01465e-07 -8.13511e-08 1.00568e-08
15.925 9.57458e-08 9.95243e-08 -7.96278e-08 9.94825e-09
15.95 9.38338e-08 9.75477e-08 -7.78829e-08 9.83238e-09
15.975 9.1891e-08 9.55393e-08 -7.61202e-08 9.70956e-09
16 8.99216e-08 9.35034e-08 -7.43431e-08 9.58014e-09
16.025 8.79295e-08 9.14441e-08 -7.25551e-08 9.44451e-09
16.05 8.59189e-08 8.93655e-08 -7.07595e-08 9.30304e-09
16.075 8.38935e-08 8.72717e-08 -6.89595e-08 9.15611e-09
16.1 8.18571e-08 8.51664e-08 -6.71582e-08 9.00413e-09
16.125 7.98134e-08 8.30535e-08 -6.53585e-08 8.84748e-09
16.15 7.7766e-08 8.09365e-08 -6.35634e-08 8.68656e-09
16.175 7.57181e-08 7.88189e-08 -6.17754e-08 8.52176e-09
16.2 7.36732e-08 7.67042e-08 -5.99972e-08 8.35348e-09
16.225 7.16342e-08 7.45954e-08 -5.82312e-08 8.1821e-09
16.25 6.96042e-08 7.24957e-08 -5.64797e-08 8.008e-09
16.275 6.75861e-08 7.0408e-08 -5.47448e-08 7.83157e-09
16.3 6.55824e-08 6.8335e-08 -5.30287e-08 7.65317e-09
16.325 6.35959e-08 6.62795e-08 -5.13331e-08 7.47316e-09
16.35 6.16288e-08 6.42438e-08 -4.966e-08 7.29191e-09
16.375 5.96835e-08 6.22303e-08 -4.80108e-08 7.10975e-09
16.4 5.7762e-08 6.02411e-08 -4.63871e-08 6.92702e-09
16.425 5.58663e-08 5.82783e-08 -4.47902e-08 6.74404e-09
16.45 5.39983e-08 5.63438e-08 -4.32215e-08 6.56113e-09
16.475 5.21595e-08 5.44392e-08 -4.16821e-08 6.37857e-09
16.5 5.03515e-08 5.25662e-08 -4.01729e-08 6.19666e-09
16.525 4.85758e-08 5.07262e-08 -3.86949e-08 6.01567e-09
16.55 4.68335e-08 4.89205e-08 -3.72488e-08 5.83586e-09
16.575 4.51258e-08 4.71502e-08 -3.58353e-08 5.65747e-09
16.6 4.34537e-08 4.54165e-08 -3.4455e-08 5.48074e-09
16.625 4.1818e-08 4.37201e-08 -3.31083e-08 5.30587e-09
16.65 4.02196e-08 4.20619e-08 -3.17957e-08 5.13309e-09
16.675 3.86589e-08 4.04425e-08 -3.05173e-08 4.96257e-09
16.7 3.71366e-08 3.88625e-08 -2.92735e-08 4.7945e-09
16.725 3.56531e-08 3.73223e-08 -2.80642e-08 4.62903e-09
16.75 3.42086e-08 3.58223e-08 -2.68896e-08 4.46632e-09
16.775 3.28034e-08 3.43626e-08 -2.57496e-08 4.3065e-09
16.8 3.14376e-08 3.29435e-08 -2.46441e-08 4.14969e-09
16.825 3.01112e-08 3.15648e-08 -2.35728e-08 3.996e-09
16.85 2.88242e-08 3.02267e-08 -2.25356e-08 3.84554e-09
16.875 2.75764e-08 2.8929e-08 -2.15322e-08 3.69838e-09
16.9 2.63676e-08 2.76714e-08 -2.05622e-08 3.5546e-09
16.925 2.51975e-08 2.64537e-08 -1.96252e-08 3.41426e-09
16.95 2.40658e-08 2.52755e-08 -1.87207e-08 3.27741e-09
16.975 2.29721e-08 2.41365e-08 -1.78483e-08 3.1441e-09
17 2.19159e-08 2.30362e-08 -1.70075e-08 3.01435e-09
17.025 2.08967e-08 2.1974e-08 -1.61977e-08 2.88818e-09
17.05 1.99139e-08 2.09495e-08 -1.54182e-08 2.76562e-09
17.075 1.8967e-08 1.99619e-08 -1.46686e-08 2.64666e-09
17.1 1.80553e-08 1.90107e-08 -1.39481e-08 2.53129e-09
17.125 1.71781e-08 1.80951e-08 -1.32561e-08 2.41951e-09
17.15 1.63347e-08 1.72145e-08 -1.25919e-08 2.3113e-09
17.175 1.55244e-08 1.63681e-08 -1.19549e-08 2.20663e-09
17.2 1.47465e-08 1.55552e-08 -1.13443e-08 2.10546e-09
17.225 1.40001e-08 1.47749e-08 -1.07593e-08 2.00777e-09
17.25 1.32845e-08 1.40264e-08 -1.01994e-08 1.9135e-09
17.275 1.25988e-08 1.3309e-08 -9.66378e-09 1.82261e-09
17.3 1.19423e-08 1.26218e-08 -9.15168e-09 1.73505e-09
17.325 1.13142e-08 1.19639e-08 -8.6624e-09 1.65076e-09
17.35 1.07135e-08 1.13346e-08 -8.19521e-09 1.56967e-09
17.375 1.01395e-08 1.07329e-08 -7.74939e-09 1.49174e-09
17.4 9.59134e-09 1.0158e-08 -7.32423e-09 1.41688e-09
17.425 9.06819e-09 9.60907e-09 -6.91901e-09 1.34503e-09
17.45 8.56923e-09 9.08528e-09 -6.53304e-09 1.27612e-09
17.475 8.09364e-09 8.58577e-09 -6.16561e-09 1.21008e-09
17.5 7.64059e-09 8.1097e-09 -5.81604e-09 1.14683e-09
17.525 7.2093e-09 7.65626e-09 -5.48367e-09 1.0863e-09
17.55 6.79897e-09 7.22462e-09 -5.16782e-09 1.0284e-09
17.575 6.40881e-09 6.814e-09 -4.86785e-09 9.73074e-10
17.6 6.03806e-09 6.42358e-09 -4.58312e-09 9.20231e-10
17.625 5.68595e-09 6.05261e-09 -4.31302e-09 8.69795e-10
17.65 5.35177e-09 5.70031e-09 -4.05693e-09 8.21689e-10
17.675 5.03476e-09 5.36595e-09 -3.81427e-09 7.75836e-10
17.7 4.73424e-09 5.04878e-09 -3.58446e-09 7.32159e-10
17.725 4.4495e-09 4.7481e-09 -3.36694e-09 6.90582e-10
17.75 4.17987e-09 4.46322e-09 -3.16116e-09 6.51029e-10
17.775 3.9247e-09 4.19345e-09 -2.96659e-09 6.13426e-10
17.8 3.68335e-09 3.93813e-09 -2.78273e-09 5.77698e-10
17.825 3.4552e-09 3.69663e-09 -2.60908e-09 5.43774e-10
17.85 3.23964e-09 3.46832e-09 -2.44516e-09 5.11583e-10
17.875 3.0361e-09 3.25261e-09 -2.2905e-09 4.81054e-10
17.9 2.84401e-09 3.0489e-09 -2.14466e-09 4.5212e-10
17.925 2.66283e-09 2.85663e-09 -2.00721e-09 4.24713e-10
17.95 2.49202e-09 2.67527e-09 -1.87773e-09 3.9877e-10
17.975 2.33109e-09 2.50427e-09 -1.75582e-09 3.74225e-10
18 2.17954e-09 2.34314e-09 -1.6411e-09 3.51018e-10
18.025 2.03691e-09 2.19138e-09 -1.5332e-09 3.29089e-10
18.05 1.90273e-09 2.04853e-09 -1.43177e-09 3.08379e-10
18.075 1.77658e-09 1.91412e-09 -1.33646e-09 2.88831e-10
18.1 1.65804e-09 1.78774e-09 -1.24695e-09 2.70392e-10
18.125 1.5467e-09 1.66895e-09 -1.16294e-09 2.53007e-10
18.15 1.44219e-09 1.55736e-09 -1.08411e-09 2.36627e-10
18.175 1.34413e-09 1.4526e-09 -1.01019e-09 2.21201e-10
18.2 1.25218e-09 1.35428e-09 -9.40912e-10 2.06682e-10
18.225 1.16599e-09 1.26206e-09 -8.76007e-10 1.93025e-10
18.25 1.08525e-09 1.1756e-09 -8.15232e-10 1.80185e-10
18.275 1.00965e-09 1.09459e-09 -7.58351e-10 1.6812e-10
18.3 9.38906e-10 1.01872e-09 -7.0514e-10 1.56789e-10
18.325 8.7273e-10 9.47694e-10 -6.55386e-10 1.46154e-10
18.35 8.1086e-10 8.8124e-10 -6.08887e-10 1.36177e-10
18.375 7.53046e-10 8.19093e-10 -5.6545e-10 1.26822e-10
18.4 6.99048e-10 7.61003e-10 -5.24892e-10 1.18055e-10
18.425 6.48638e-10 7.06729e-10 -4.87041e-10 1.09844e-10
18.45 6.01602e-10 6.56046e-10 -4.51732e-10 1.02157e-10
18.475 5.57735e-10 6.0874e-10 -4.18809e-10 9.49652e-11
18.5 5.16844e-10 5.64605e-10 -3.88126e-10 8.82393e-11
18.525 4.78744e-10 5.23449e-10 -3.59543e-10 8.19527e-11
18.55 4.43262e-10 4.85088e-10 -3.32929e-10 7.60796e-11
18.575 4.10234e-10 4.49351e-10 -3.08159e-10 7.05958e-11
18.6 3.79505e-10 4.16072e-10 -2.85116e-10 6.54779e-11
18.625 3.50929e-10 3.85097e-10 -2.63689e-10 6.07039e-11
18.65 3.24366e-10 3.5628e-10 -2.43774e-10 5.6253e-11
18.675 2.99688e-10 3.29483e-10 -2.25272e-10 5.21054e-11
18.7 2.7677e-10 3.04575e-10 -2.0809e-10 4.82423e-11
18.725 2.55497e-10 2.81434e-10 -1.92142e-10 4.4646e-11
18.75 2.35761e-10 2.59945e-10 -1.77346e-10 4.12997e-11
18.775 2.17458e-10 2.39999e-10 -1.63624e-10 3.81875e-11
18.8 2.00492e-10 2.21492e-10 -1.50903e-10 3.52945e-11
18.825 1.84774e-10 2.0433e-10 -1.39117e-10 3.26065e-11
18.85 1.70217e-10 1.8842e-10 -1.282e-10 3.01102e-11
18.875 1.56742e-10 1.7368e-10 -1.18094e-10 2.7793e-11
18.9 1.44274e-10 1.60027e-10 -1.08741e-10 2.56432e-11
18.925 1.32743e-10 1.47389e-10 -1.0009e-10 2.36495e-11
18.95 1.22084e-10 1.35695e-10 -9.20915e-11 2.18015e-11
18.975 1.12235e-10 1.24878e-10 -8.46991e-11 2.00894e-11
19 1.03139e-10 1.14878e-10 -7.78699e-11 1.85039e-11
19.025 9.47408e-11 1.05636e-10 -7.15636e-11 1.70363e-11
19.05 8.69915e-11 9.70996e-11 -6.57426e-11 1.56785e-11
19.075 7.98437e-11 8.92177e-11 -6.03719e-11 1.44229e-11
19.1 7.32536e-11 8.19432e-11 -5.54186e-11 1.32623e-11
19.125 6.71804e-11 7.52322e-11 -5.08523e-11 1.219e-11
19.15 6.1586e-11 6.90438e-11 -4.66444e-11 1.11997e-11
19.175 5.64349e-11 6.33396e-11 -4.27684e-11 1.02856e-11
19.2 5.1694e-11 5.8084e-11 -3.91996e-11 9.4422e-12
19.225 4.73324e-11 5.32438e-11 -3.5915e-11 8.66438e-12
19.25 4.33217e-11 4.87879e-11 -3.28932e-11 7.94738e-12
19.275 3.96351e-11 4.46877e-11 -3.01142e-11 7.28672e-12
19.3 3.62479e-11 4.09162e-11 -2.75597e-11 6.67825e-12
19.325 3.3137e-11 3.74486e-11 -2.52124e-11 6.1181e-12
19.35 3.02813e-11 3.42618e-11 -2.30565e-11 5.60265e-12
19.375 2.76608e-11 3.13341e-11 -2.1077e-11 5.12855e-12
19.4 2.52571e-11 2.86456e-11 -1.92603e-11 4.69267e-12
19.425 2.30534e-11 2.61778e-11 -1.75936e-11 4.29211e-12
19.45 2.10337e-11 2.39135e-11 -1.60652e-11 3.92416e-12
19.475 1.91835e-11 2.18368e-11 -1.46642e-11 3.58632e-12
19.5 1.74892e-11 1.99329e-11 -1.33804e-11 3.27625e-12
19.525 1.59385e-11 1.81881e-11 -1.22045e-11 2.9918e-12
19.55 1.45196e-11 1.65898e-11 -1.11279e-11 2.73096e-12
19.575 1.32219e-11 1.51263e-11 -1.01425e-11 2.49187e-12
19.6 1.20356e-11 1.37867e-11 -9.24103e-12 2.27281e-12
19.625 1.09515e-11 1.2561e-11 -8.4166e-12 2.07219e-12
19.65 9.96129e-12 1.144e-11 -7.66294e-12 1.88854e-12
19.675 9.05712e-12 1.04152e-11 -6.97423e-12 1.72049e-12
19.7 8.23189e-12 9.47869e-12 -6.34512e-12 1.56678e-12
19.725 7.47901e-12 8.62318e-12 -5.77068e-12 1.42625e-12
19.75 6.7924e-12 7.84198e-12 -5.24636e-12 1.29781e-12
19.775 6.16649e-12 7.12893e-12 -4.76796e-12 1.18049e-12
19.8 5.59615e-12 6.47832e-12 -4.33163e-12 1.07335e-12
19.825 5.07664e-12 5.88494e-12 -3.93382e-12 9.75558e-13
19.85 4.60363e-12 5.34394e-12 -3.57127e-12 8.86335e-13
19.875 4.17312e-12 4.8509e-12 -3.24098e-12 8.04962e-13
19.9 3.78146e-12 4.40175e-12 -2.94019e-12 7.3078e-13
19.925 3.42527e-12 3.99273e-12 -2.66637e-12 6.6318e-13
19.95 3.10148e-12 3.6204e-12 -2.41719e-12 6.01603e-13
19.975 2.80725e-12 3.2816e-12 -2.19053e-12 5.45536e-13
20 2.53999e-12 2.97343e-12 -1.98442e-12 4.94506e-13
