0 0.18811 0.195331 -0.00877683 0.093277
0.025 0.18811 0.195331 -0.00877683 0.093277
0.05 0.188021 0.195251 -0.00877233 0.0932393
0.075 0.187872 0.195118 -0.00876485 0.0931765
0.1 0.187664 0.194932 -0.00875443 0.0930889
0.125 0.187398 0.194694 -0.0087411 0.0929767
0.15 0.187075 0.194405 -0.00872492 0.0928402
0.175 0.186695 0.194065 -0.00870596 0.0926798
0.2 0.186259 0.193676 -0.00868429 0.0924959
0.225 0.18577 0.193238 -0.00866 0.0922891
0.25 0.185227 0.192753 -0.0086332 0.0920599
0.275 0.184633 0.192222 -0.00860399 0.0918091
0.3 0.18399 0.191647 -0.00857249 0.0915372
0.325 0.183299 0.191029 -0.00853884 0.0912451
0.35 0.182562 0.19037 -0.00850316 0.0909337
0.375 0.181782 0.189673 -0.00846562 0.0906036
0.4 0.18096 0.188938 -0.00842637 0.090256
0.425 0.1801 0.188169 -0.00838556 0.0898917
0.45 0.179203 0.187367 -0.00834337 0.0895118
0.475 0.178271 0.186535 -0.00829998 0.0891173
0.5 0.177309 0.185674 -0.00825556 0.0887093
0.525 0.176318 0.184788 -0.0082103 0.088289
0.55 0.175302 0.183879 -0.0081644 0.0878575
0.575 0.174262 0.18295 -0.00811805 0.087416
0.6 0.173203 0.182003 -0.00807145 0.0869657
0.625 0.172126 0.18104 -0.00802479 0.0865078
0.65 0.171036 0.180065 -0.00797828 0.0860436
0.675 0.169935 0.179081 -0.00793213 0.0855743
0.7 0.168826 0.178089 -0.00788653 0.0851011
0.725 0.167712 0.177093 -0.00784169 0.0846255
0.75 0.166597 0.176095 -0.00779781 0.0841485
0.775 0.165484 0.175098 -0.0077551 0.0836715
0.8 0.164374 0.174105 -0.00771376 0.0831957
0.825 0.163273 0.173119 -0.00767397 0.0827224
0.85 0.162182 0.172141 -0.00763594 0.0822527
0.875 0.161104 0.171176 -0.00759986 0.0817879
0.9 0.160043 0.170224 -0.00756592 0.0813291
0.925 0.159001 0.169289 -0.00753429 0.0808775
0.95 0.157981 0.168374 -0.00750516 0.0804342
0.975 0.156985 0.167479 -0.0074787 0.0800002
1 0.156017 0.166608 -0.00745509 0.0795767
1.025 0.155078 0.165763 -0.00743447 0.0791645
1.05 0.154171 0.164946 -0.00741701 0.0787646
1.075 0.153298 0.164159 -0.00740286 0.0783779
1.1 0.152462 0.163403 -0.00739217 0.0780053
1.125 0.151664 0.16268 -0.00738507 0.0776475
1.15 0.150905 0.161992 -0.0073817 0.0773053
1.175 0.150189 0.161341 -0.00738217 0.0769794
1.2 0.149516 0.160727 -0.00738661 0.0766702
1.225 0.148888 0.160152 -0.00739514 0.0763784
1.25 0.148305 0.159617 -0.00740784 0.0761044
1.275 0.14777 0.159122 -0.00742483 0.0758487
1.3 0.147283 0.158669 -0.00744619 0.0756115
1.325 0.146844 0.158258 -0.007472 0.0753931
1.35 0.146454 0.15789 -0.00750235 0.0751938
1.375 0.146114 0.157564 -0.00753731 0.0750135
1.4 0.145824 0.157282 -0.00757693 0.0748524
1.425 0.145584 0.157042 -0.00762128 0.0747104
1.45 0.145394 0.156845 -0.0076704 0.0745873
1.475 0.145253 0.156691 -0.00772435 0.0744831
1.5 0.145161 0.156578 -0.00778315 0.0743975
1.525 0.145117 0.156507 -0.00784684 0.07433
1.55 0.145121 0.156476 -0.00791545 0.0742804
1.575 0.145171 0.156485 -0.007989 0.074248
1.6 0.145267 0.156532 -0.00806749 0.0742325
1.625 0.145406 0.156617 -0.00815093 0.0742331
1.65 0.145588 0.156738 -0.00823933 0.0742492
1.675 0.145811 0.156893 -0.00833268 0.07428
1.7 0.146073 0.15708 -0.00843098 0.0743247
1.725 0.146372 0.157299 -0.00853419 0.0743825
1.75 0.146706 0.157547 -0.0086423 0.0744524
1.775 0.147073 0.157822 -0.00875527 0.0745334
1.8 0.14747 0.158122 -0.00887308 0.0746246
1.825 0.147895 0.158445 -0.00899568 0.0747247
1.85 0.148346 0.158789 -0.00912302 0.0748328
1.875 0.14882 0.15915 -0.00925504 0.0749476
1.9 0.149314 0.159528 -0.00939168 0.0750679
1.925 0.149826 0.159918 -0.00953287 0.0751925
1.95 0.150351 0.160319 -0.00967853 0.0753202
1.975 0.150889 0.160728 -0.00982858 0.0754495
2 0.151434 0.161141 -0.00998293 0.0755792
2.025 0.151985 0.161558 -0.0101415 0.0757081
2.05 0.152539 0.161973 -0.0103041 0.0758346
2.075 0.153091 0.162386 -0.0104707 0.0759575
2.1 0.153639 0.162792 -0.0106411 0.0760754
2.125 0.15418 0.163189 -0.0108153 0.0761869
2.15 0.154711 0.163574 -0.010993 0.0762907
2.175 0.155228 0.163945 -0.0111741 0.0763854
2.2 0.155728 0.164298 -0.0113584 0.0764697
2.225 0.156209 0.16463 -0.0115459 0.0765423
2.25 0.156667 0.16494 -0.0117362 0.0766018
2.275 0.157099 0.165223 -0.0119292 0.076647
2.3 0.157502 0.165478 -0.0121247 0.0766767
2.325 0.157873 0.165702 -0.0123225 0.0766896
2.35 0.158209 0.165891 -0.0125223 0.0766845
2.375 0.158509 0.166045 -0.012724 0.0766604
2.4 0.158768 0.166159 -0.0129272 0.076616
2.425 0.158985 0.166233 -0.0131317 0.0765504
2.45 0.159157 0.166263 -0.0133373 0.0764627
2.475 0.159281 0.166247 -0.0135437 0.0763517
2.5 0.159356 0.166184 -0.0137505 0.0762167
2.525 0.159379 0.166071 -0.0139575 0.0760569
2.55 0.159349 0.165907 -0.0141645 0.0758714
2.575 0.159263 0.16569 -0.014371 0.0756596
2.6 0.15912 0.165418 -0.0145767 0.0754209
2.625 0.158918 0.165091 -0.0147814 0.0751546
2.65 0.158656 0.164705 -0.0149846 0.0748603
2.675 0.158333 0.164261 -0.0151861 0.0745377
2.7 0.157947 0.163758 -0.0153855 0.0741862
2.725 0.157498 0.163194 -0.0155823 0.0738057
2.75 0.156984 0.162568 -0.0157764 0.073396
2.775 0.156406 0.161881 -0.0159673 0.0729569
2.8 0.155763 0.161131 -0.0161546 0.0724883
2.825 0.155054 0.160319 -0.0163379 0.0719904
2.85 0.154279 0.159443 -0.016517 0.0714632
2.875 0.153438 0.158505 -0.0166914 0.0709068
2.9 0.152532 0.157504 -0.0168608 0.0703216
2.925 0.15156 0.15644 -0.0170247 0.0697078
2.95 0.150524 0.155314 -0.0171829 0.0690658
2.975 0.149424 0.154127 -0.0173349 0.0683961
3 0.14826 0.152879 -0.0174805 0.0676991
3.025 0.147033 0.15157 -0.0176192 0.0669756
3.05 0.145745 0.150203 -0.0177508 0.066226
3.075 0.144397 0.148777 -0.0178749 0.0654512
3.1 0.14299 0.147295 -0.0179911 0.0646519
3.125 0.141525 0.145757 -0.0180993 0.0638288
3.15 0.140005 0.144165 -0.018199 0.062983
3.175 0.13843 0.142521 -0.01829 0.0621153
3.2 0.136803 0.140825 -0.0183721 0.0612266
3.225 0.135124 0.139081 -0.018445 0.0603181
3.25 0.133398 0.13729 -0.0185084 0.0593907
3.275 0.131625 0.135453 -0.0185621 0.0584454
3.3 0.129807 0.133573 -0.018606 0.0574836
3.325 0.127947 0.131652 -0.0186398 0.0565062
3.35 0.126047 0.129692 -0.0186635 0.0555145
3.375 0.12411 0.127696 -0.0186768 0.0545096
3.4 0.122137 0.125665 -0.0186797 0.0534928
3.425 0.120132 0.123603 -0.018672 0.0524653
3.45 0.118096 0.12151 -0.0186537 0.0514283
3.475 0.116033 0.119391 -0.0186247 0.050383
3.5 0.113945 0.117247 -0.0185851 0.0493308
3.525 0.111834 0.11508 -0.0185348 0.0482728
3.55 0.109703 0.112894 -0.0184737 0.0472104
3.575 0.107554 0.110691 -0.0184021 0.0461446
3.6 0.105391 0.108474 -0.0183199 0.0450769
3.625 0.103215 0.106244 -0.0182272 0.0440082
3.65 0.101029 0.104004 -0.0181242 0.04294
3.675 0.0988364 0.101758 -0.018011 0.0418733
3.7 0.0966387 0.0995061 -0.0178877 0.0408092
3.725 0.0944387 0.0972525 -0.0177545 0.039749
3.75 0.0922389 0.094999 -0.0176116 0.0386937
3.775 0.0900414 0.092748 -0.0174592 0.0376444
3.8 0.0878488 0.0905018 -0.0172976 0.0366021
3.825 0.0856631 0.0882626 -0.0171271 0.0355677
3.85 0.0834867 0.0860327 -0.0169479 0.0345424
3.875 0.0813217 0.0838142 -0.0167602 0.033527
3.9 0.0791701 0.0816092 -0.0165645 0.0325224
3.925 0.077034 0.0794197 -0.016361 0.0315294
3.95 0.0749153 0.0772477 -0.0161501 0.0305488
3.975 0.0728157 0.0750949 -0.0159321 0.0295814
4 0.0707372 0.0729633 -0.0157073 0.028628
4.025 0.0686813 0.0708545 -0.0154763 0.0276891
4.05 0.0666497 0.0687702 -0.0152392 0.0267655
4.075 0.0646438 0.0667118 -0.0149966 0.0258576
4.1 0.0626652 0.0646809 -0.0147488 0.0249661
4.125 0.0607151 0.0626788 -0.0144962 0.0240913
4.15 0.0587949 0.0607068 -0.0142392 0.0232338
4.175 0.0569056 0.0587662 -0.0139782 0.022394
4.2 0.0550483 0.056858 -0.0137137 0.0215721
4.225 0.053224 0.0549832 -0.013446 0.0207686
4.25 0.0514336 0.0531428 -0.0131755 0.0199836
4.275 0.049678 0.0513376 -0.0129027 0.0192174
4.3 0.0479578 0.0495684 -0.012628 0.0184702
4.325 0.0462736 0.0478359 -0.0123516 0.0177421
4.35 0.0446261 0.0461405 -0.0120742 0.0170332
4.375 0.0430157 0.044483 -0.0117959 0.0163435
4.4 0.0414427 0.0428635 -0.0115172 0.0156732
4.425 0.0399076 0.0412826 -0.0112385 0.015022
4.45 0.0384104 0.0397404 -0.0109602 0.0143901
4.475 0.0369514 0.0382372 -0.0106825 0.0137774
4.5 0.0355307 0.036773 -0.0104058 0.0131836
4.525 0.0341483 0.035348 -0.0101304 0.0126088
4.55 0.032804 0.033962 -0.00985676 0.0120526
4.575 0.031498 0.032615 -0.00958504 0.011515
4.6 0.0302298 0.0313068 -0.00931557 0.0109956
4.625 0.0289994 0.0300372 -0.00904862 0.0104943
4.65 0.0278064 0.0288059 -0.00878447 0.0100107
4.675 0.0266505 0.0276127 -0.00852335 0.00954469
4.7 0.0255313 0.0264571 -0.0082655 0.00909582
4.725 0.0244484 0.0253388 -0.00801115 0.00866381
4.75 0.0234014 0.0242571 -0.00776049 0.00824833
4.775 0.0223896 0.0232118 -0.00751372 0.00784903
4.8 0.0214125 0.0222021 -0.007271 0.00746554
4.825 0.0204697 0.0212275 -0.00703251 0.0070975
4.85 0.0195604 0.0202874 -0.00679839 0.00674453
4.875 0.018684 0.0193812 -0.00656876 0.00640623
4.9 0.0178399 0.0185082 -0.00634375 0.00608222
4.925 0.0170273 0.0176677 -0.00612346 0.0057721
4.95 0.0162457 0.0168589 -0.00590798 0.00547546
4.975 0.0154941 0.0160812 -0.00569738 0.0051919
5 0.014772 0.0153338 -0.00549173 0.00492102
5.025 0.0140786 0.0146159 -0.00529109 0.00466242
5.05 0.0134131 0.0139268 -0.00509548 0.00441568
5.075 0.0127747 0.0132658 -0.00490493 0.00418042
5.1 0.0121627 0.0126319 -0.00471946 0.00395622
5.125 0.0115763 0.0120245 -0.00453908 0.00374269
5.15 0.0110148 0.0114427 -0.00436378 0.00353946
5.175 0.0104774 0.0108858 -0.00419354 0.00334612
5.2 0.0099633 0.0103529 -0.00402834 0.0031623
5.225 0.00947176 0.00984339 -0.00386814 0.00298762
5.25 0.00900202 0.00935637 -0.00371291 0.00282173
5.275 0.00855334 0.00889112 -0.00356258 0.00266427
5.3 0.00812498 0.00844686 -0.00341712 0.00251487
5.325 0.00771622 0.00802286 -0.00327645 0.00237321
5.35 0.00732633 0.00761838 -0.00314051 0.00223894
5.375 0.00695462 0.00723269 -0.00300921 0.00211174
5.4 0.00660039 0.00686508 -0.00288249 0.0019913
5.425 0.00626295 0.00651485 -0.00276025 0.0018773
5.45 0.00594166 0.00618132 -0.00264241 0.00176946
5.475 0.00563586 0.00586383 -0.00252887 0.00166748
5.5 0.00534491 0.00556171 -0.00241954 0.00157108
5.525 0.00506821 0.00527433 -0.00231433 0.00148
5.55 0.00480514 0.00500108 -0.00221313 0.00139398
5.575 0.00455513 0.00474135 -0.00211584 0.00131276
5.6 0.00431761 0.00449455 -0.00202235 0.0012361
5.625 0.00409203 0.00426013 -0.00193257 0.00116378
5.65 0.00387785 0.00403752 -0.00184638 0.00109557
5.675 0.00367457 0.00382619 -0.00176369 0.00103125
5.7 0.00348167 0.00362564 -0.00168438 0.000970633
5.725 0.00329869 0.00343536 -0.00160835 0.000913509
5.75 0.00312515 0.00325488 -0.00153549 0.000859694
5.775 0.00296061 0.00308373 -0.00146571 0.00080901
5.8 0.00280464 0.00292146 -0.00139889 0.000761286
5.825 0.00265682 0.00276766 -0.00133494 0.000716359
5.85 0.00251676 0.0026219 -0.00127375 0.000674074
5.875 0.00238407 0.00248379 -0.00121522 0.000634282
5.9 0.00225839 0.00235295 -0.00115926 0.000596843
5.925 0.00213936 0.00222902 -0.00110577 0.000561624
5.95 0.00202665 0.00211165 -0.00105466 0.000528497
5.975 0.00191994 0.00200052 -0.00100583 0.000497342
6 0.00181892 0.00189528 -0.000959196 0.000468044
6.025 0.00172329 0.00179566 -0.000914668 0.000440496
6.05 0.00163278 0.00170135 -0.000872161 0.000414593
6.075 0.00154711 0.00161207 -0.000831592 0.00039024
6.1 0.00146604 0.00152757 -0.000792881 0.000367345
6.125 0.00138931 0.00144759 -0.000755948 0.00034582
6.15 0.0013167 0.00137189 -0.00072072 0.000325584
6.175 0.00124798 0.00130024 -0.000687121 0.000306559
6.2 0.00118295 0.00123243 -0.000655081 0.000288673
6.225 0.00112141 0.00116825 -0.000624533 0.000271857
6.25 0.00106317 0.0011075 -0.000595408 0.000256045
6.275 0.00100805 0.00105 -0.000567644 0.000241178
6.3 0.000955878 0.000995572 -0.00054118 0.000227196
6.325 0.000906495 0.00094405 -0.000515956 0.000214047
6.35 0.000859749 0.000895274 -0.000491916 0.000201679
6.375 0.000815493 0.000849095 -0.000469005 0.000190045
6.4 0.000773593 0.00080537 -0.000447172 0.000179099
6.425 0.000733917 0.000763965 -0.000426365 0.0001688
6.45 0.000696344 0.000724753 -0.000406536 0.000159109
6.475 0.000660757 0.000687614 -0.000387641 0.000149986
6.5 0.000627047 0.000652433 -0.000369634 0.000141399
6.525 0.000595111 0.000619103 -0.000352474 0.000133314
6.55 0.000564851 0.000587523 -0.000336121 0.000125701
6.575 0.000536175 0.000557598 -0.000320536 0.000118531
6.6 0.000508996 0.000529235 -0.000305682 0.000111776
6.625 0.000483231 0.00050235 -0.000291525 0.000105412
6.65 0.000458803 0.000476863 -0.000278031 9.94157e-05
6.675 0.00043564 0.000452696 -0.000265169 9.37637e-05
6.7 0.000413671 0.000429779 -0.000252907 8.84358e-05
6.725 0.000392832 0.000408043 -0.000241218 8.34126e-05
6.75 0.000373063 0.000387425 -0.000230074 7.86757e-05
6.775 0.000354304 0.000367865 -0.000219448 7.42083e-05
6.8 0.000336502 0.000349305 -0.000209316 6.99942e-05
6.825 0.000319605 0.000331692 -0.000199655 6.60185e-05
6.85 0.000303565 0.000314975 -0.000190441 6.22672e-05
6.875 0.000288336 0.000299107 -0.000181653 5.87271e-05
6.9 0.000273876 0.000284044 -0.000173272 5.53859e-05
6.925 0.000260143 0.000269741 -0.000165277 5.22321e-05
6.95 0.0002471 0.00025616 -0.000157651 4.92549e-05
6.975 0.00023471 0.000243263 -0.000150375 4.6444e-05
7 0.000222939 0.000231014 -0.000143434 4.37901e-05
7.025 0.000211756 0.00021938 -0.000136812 4.12841e-05
7.05 0.00020113 0.000208328 -0.000130493 3.89177e-05
7.075 0.000191033 0.00019783 -0.000124464 3.6683e-05
7.1 0.000181437 0.000187856 -0.00011871 3.45726e-05
7.125 0.000172318 0.000178379 -0.00011322 3.25796e-05
7.15 0.00016365 0.000169376 -0.000107981 3.06974e-05
7.175 0.000155412 0.000160822 -0.000102982 2.892e-05
7.2 0.000147582 0.000152693 -9.82104e-05 2.72414e-05
7.225 0.00014014 0.00014497 -9.36571e-05 2.56565e-05
7.25 0.000133066 0.000137631 -8.93118e-05 2.41598e-05
7.275 0.000126342 0.000130659 -8.5165e-05 2.27468e-05
7.3 0.000119951 0.000124033 -8.12078e-05 2.14128e-05
7.325 0.000113877 0.000117739 -7.74315e-05 2.01536e-05
7.35 0.000108105 0.000111758 -7.3828e-05 1.89651e-05
7.375 0.000102619 0.000106076 -7.03895e-05 1.78435e-05
7.4 9.74055e-05 0.000100679 -6.71086e-05 1.67852e-05
7.425 9.24518e-05 9.55519e-05 -6.39783e-05 1.57868e-05
7.45 8.77453e-05 9.0682e-05 -6.09918e-05 1.48451e-05
7.475 8.32739e-05 8.60569e-05 -5.81428e-05 1.3957e-05
7.5 7.90264e-05 8.16646e-05 -5.5425e-05 1.31198e-05
7.525 7.49921e-05 7.7494e-05 -5.28328e-05 1.23306e-05
7.55 7.11608e-05 7.35342e-05 -5.03604e-05 1.15869e-05
7.575 6.75226e-05 6.97751e-05 -4.80026e-05 1.08863e-05
7.6 6.40685e-05 6.62071e-05 -4.57543e-05 1.02264e-05
7.625 6.07895e-05 6.28207e-05 -4.36107e-05 9.60502e-06
7.65 5.76773e-05 5.96073e-05 -4.1567e-05 9.02015e-06
7.675 5.47239e-05 5.65585e-05 -3.96189e-05 8.4698e-06
7.7 5.19216e-05 5.36662e-05 -3.7762e-05 7.95209e-06
7.725 4.92631e-05 5.09229e-05 -3.59924e-05 7.46526e-06
7.75 4.67416e-05 4.83213e-05 -3.43061e-05 7.00762e-06
7.775 4.43504e-05 4.58545e-05 -3.26993e-05 6.57757e-06
7.8 4.20832e-05 4.35158e-05 -3.11686e-05 6.17359e-06
7.825 3.99339e-05 4.12991e-05 -2.97105e-05 5.79425e-06
7.85 3.78967e-05 3.91981e-05 -2.83218e-05 5.43819e-06
7.875 3.59662e-05 3.72073e-05 -2.69992e-05 5.10408e-06
7.9 3.41371e-05 3.53211e-05 -2.57397e-05 4.79071e-06
7.925 3.24044e-05 3.35343e-05 -2.45405e-05 4.49691e-06
7.95 3.07632e-05 3.18419e-05 -2.33989e-05 4.22154e-06
7.975 2.92089e-05 3.02392e-05 -2.23121e-05 3.96356e-06
8 2.77373e-05 2.87215e-05 -2.12776e-05 3.72195e-06
8.025 2.6344e-05 2.72845e-05 -2.02929e-05 3.49577e-06
8.05 2.50251e-05 2.5924e-05 -1.93558e-05 3.28409e-06
8.075 2.37767e-05 2.46362e-05 -1.8464e-05 3.08607e-06
8.1 2.25952e-05 2.34171e-05 -1.76154e-05 2.90087e-06
8.125 2.14771e-05 2.22633e-05 -1.68078e-05 2.72773e-06
8.15 2.04191e-05 2.11712e-05 -1.60394e-05 2.5659e-06
8.175 1.9418e-05 2.01376e-05 -1.53082e-05 2.41469e-06
8.2 1.84707e-05 1.91593e-05 -1.46125e-05 2.27343e-06
8.225 1.75744e-05 1.82334e-05 -1.39504e-05 2.14149e-06
8.25 1.67263e-05 1.7357e-05 -1.33204e-05 2.01827e-06
8.275 1.59238e-05 1.65274e-05 -1.27209e-05 1.90322e-06
8.3 1.51644e-05 1.5742e-05 -1.21504e-05 1.7958e-06
8.325 1.44457e-05 1.49984e-05 -1.16074e-05 1.69551e-06
8.35 1.37654e-05 1.42943e-05 -1.10906e-05 1.60187e-06
8.375 1.31214e-05 1.36274e-05 -1.05986e-05 1.51443e-06
8.4 1.25116e-05 1.29957e-05 -1.01302e-05 1.43277e-06
8.425 1.19342e-05 1.23971e-05 -9.68415e-06 1.35649e-06
8.45 1.13872e-05 1.18298e-05 -9.25939e-06 1.28522e-06
8.475 1.08689e-05 1.1292e-05 -8.85479e-06 1.21861e-06
8.5 1.03776e-05 1.0782e-05 -8.46934e-06 1.15631e-06
8.525 9.91184e-06 1.02981e-05 -8.10204e-06 1.09804e-06
8.55 9.47008e-06 9.83894e-06 -7.75197e-06 1.04348e-06
8.575 9.05093e-06 9.40301e-06 -7.41825e-06 9.92383e-07
8.6 8.65307e-06 8.98898e-06 -7.10002e-06 9.44483e-07
8.625 8.27525e-06 8.59558e-06 -6.79649e-06 8.99547e-07
8.65 7.9163e-06 8.22162e-06 -6.50691e-06 8.57356e-07
8.675 7.57511e-06 7.86596e-06 -6.23055e-06 8.17704e-07
8.7 7.25064e-06 7.52755e-06 -5.96674e-06 7.80403e-07
8.725 6.94191e-06 7.20539e-06 -5.71484e-06 7.45276e-07
8.75 6.648e-06 6.89855e-06 -5.47423e-06 7.1216e-07
8.775 6.36806e-06 6.60615e-06 -5.24434e-06 6.80906e-07
8.8 6.10126e-06 6.32737e-06 -5.02463e-06 6.51374e-07
8.825 5.84686e-06 6.06145e-06 -4.81457e-06 6.23437e-07
8.85 5.60414e-06 5.80765e-06 -4.6137e-06 5.96976e-07
8.875 5.37244e-06 5.5653e-06 -4.42154e-06 5.71884e-07
8.9 5.15114e-06 5.33378e-06 -4.23766e-06 5.48061e-07
8.925 4.93965e-06 5.11249e-06 -4.06165e-06 5.25417e-07
8.95 4.73743e-06 4.90088e-06 -3.89314e-06 5.03868e-07
8.975 4.54397e-06 4.69843e-06 -3.73175e-06 4.83338e-07
9 4.3588e-06 4.50465e-06 -3.57714e-06 4.63757e-07
9.025 4.18148e-06 4.31911e-06 -3.42899e-06 4.45061e-07
9.05 4.01159e-06 4.14137e-06 -3.28699e-06 4.27193e-07
9.075 3.84875e-06 3.97105e-06 -3.15085e-06 4.10099e-07
9.1 3.69259e-06 3.80777e-06 -3.02031e-06 3.9373e-07
9.125 3.54278e-06 3.65118e-06 -2.89509e-06 3.78042e-07
9.15 3.39901e-06 3.50096e-06 -2.77497e-06 3.62994e-07
9.175 3.26097e-06 3.35681e-06 -2.65971e-06 3.4855e-07
9.2 3.1284e-06 3.21845e-06 -2.5491e-06 3.34674e-07
9.225 3.00103e-06 3.0856e-06 -2.44293e-06 3.21334e-07
9.25 2.87862e-06 2.95802e-06 -2.34101e-06 3.08503e-07
9.275 2.76095e-06 2.83546e-06 -2.24315e-06 2.96153e-07
9.3 2.64781e-06 2.71771e-06 -2.14919e-06 2.84259e-07
9.325 2.53898e-06 2.60455e-06 -2.05895e-06 2.72799e-07
9.35 2.43429e-06 2.49578e-06 -1.97228e-06 2.61749e-07
9.375 2.33356e-06 2.39122e-06 -1.88904e-06 2.51091e-07
9.4 2.23661e-06 2.29069e-06 -1.80908e-06 2.40805e-07
9.425 2.1433e-06 2.19402e-06 -1.73228e-06 2.30874e-07
9.45 2.05347e-06 2.10106e-06 -1.65849e-06 2.21281e-07
9.475 1.96698e-06 2.01164e-06 -1.58761e-06 2.12011e-07
9.5 1.88369e-06 1.92562e-06 -1.51953e-06 2.03047e-07
9.525 1.80349e-06 1.84287e-06 -1.45412e-06 1.94378e-07
9.55 1.72625e-06 1.76326e-06 -1.39128e-06 1.85989e-07
9.575 1.65186e-06 1.68667e-06 -1.33093e-06 1.77868e-07
9.6 1.5802e-06 1.61297e-06 -1.27296e-06 1.70004e-07
9.625 1.51118e-06 1.54205e-06 -1.21728e-06 1.62385e-07
9.65 1.4447e-06 1.47382e-06 -1.16381e-06 1.55002e-07
9.675 1.38067e-06 1.40816e-06 -1.11247e-06 1.47845e-07
9.7 1.319e-06 1.34498e-06 -1.06317e-06 1.40905e-07
9.725 1.25961e-06 1.28419e-06 -1.01584e-06 1.34174e-07
9.75 1.20242e-06 1.22571e-06 -9.70415e-07 1.27645e-07
9.775 1.14735e-06 1.16944e-06 -9.26819e-07 1.21311e-07
9.8 1.09433e-06 1.11532e-06 -8.84989e-07 1.15166e-07
9.825 1.0433e-06 1.06327e-06 -8.44861e-07 1.09204e-07
9.85 9.94195e-07 1.01322e-06 -8.06376e-07 1.03421e-07
9.875 9.46951e-07 9.651e-07 -7.69474e-07 9.7813e-08
9.9 9.01512e-07 9.18854e-07 -7.34102e-07 9.23758e-08
9.925 8.57826e-07 8.7442e-07 -7.00206e-07 8.71069e-08
9.95 8.1584e-07 8.31742e-07 -6.67734e-07 8.20037e-08
9.975 7.75506e-07 7.90767e-07 -6.36638e-07 7.70643e-08
10 7.36779e-07 7.51446e-07 -6.06871e-07 7.22874e-08
10.025 6.99614e-07 7.1373e-07 -5.78387e-07 6.7672e-08
10.05 6.6397e-07 6.77576e-07 -5.51142e-07 6.32174e-08
10.075 6.29807e-07 6.4294e-07 -5.25094e-07 5.89233e-08
10.1 5.97087e-07 6.09782e-07 -5.00202e-07 5.47898e-08
10.125 5.65775e-07 5.78062e-07 -4.76428e-07 5.0817e-08
10.15 5.35834e-07 5.47744e-07 -4.53733e-07 4.70053e-08
10.175 5.0723e-07 5.1879e-07 -4.3208e-07 4.33552e-08
10.2 4.79932e-07 4.91167e-07 -4.11433e-07 3.98671e-08
10.225 4.53907e-07 4.64841e-07 -3.91758e-07 3.65415e-08
10.25 4.29123e-07 4.39778e-07 -3.73021e-07 3.33789e-08
10.275 4.05549e-07 4.15947e-07 -3.55188e-07 3.03795e-08
10.3 3.83155e-07 3.93314e-07 -3.38228e-07 2.75434e-08
10.325 3.6191e-07 3.71849e-07 -3.22108e-07 2.48704e-08
10.35 3.41784e-07 3.5152e-07 -3.068e-07 2.23601e-08
10.375 3.22746e-07 3.32295e-07 -2.92271e-07 2.00117e-08
10.4 3.04766e-07 3.14141e-07 -2.78493e-07 1.78241e-08
10.425 2.87812e-07 2.97028e-07 -2.65437e-07 1.57958e-08
10.45 2.71853e-07 2.80923e-07 -2.53074e-07 1.39247e-08
10.475 2.56857e-07 2.65793e-07 -2.41376e-07 1.22085e-08
10.5 2.42793e-07 2.51604e-07 -2.30316e-07 1.06443e-08
10.525 2.29626e-07 2.38324e-07 -2.19866e-07 9.22881e-09
10.55 2.17325e-07 2.25916e-07 -2.1e-07 7.95814e-09
10.575 2.05854e-07 2.14348e-07 -2.00692e-07 6.82804e-09
10.6 1.9518e-07 2.03582e-07 -1.91915e-07 5.83378e-09
10.625 1.85268e-07 1.93585e-07 -1.83644e-07 4.97017e-09
10.65 1.76083e-07 1.84318e-07 -1.75855e-07 4.23161e-09
10.675 1.6759e-07 1.75747e-07 -1.68523e-07 3.61211e-09
10.7 1.59751e-07 1.67834e-07 -1.61623e-07 3.10532e-09
10.725 1.52533e-07 1.60541e-07 -1.55132e-07 2.70455e-09
10.75 1.45897e-07 1.53833e-07 -1.49027e-07 2.40285e-09
10.775 1.39809e-07 1.47672e-07 -1.43286e-07 2.19301e-09
10.8 1.34232e-07 1.42021e-07 -1.37885e-07 2.06767e-09
10.825 1.29131e-07 1.36843e-07 -1.32805e-07 2.01928e-09
10.85 1.24471e-07 1.32104e-07 -1.28023e-07 2.04023e-09
10.875 1.20216e-07 1.27766e-07 -1.2352e-07 2.12289e-09
10.9 1.16333e-07 1.23795e-07 -1.19276e-07 2.25961e-09
10.925 1.12787e-07 1.20158e-07 -1.15272e-07 2.44285e-09
10.95 1.09548e-07 1.1682e-07 -1.1149e-07 2.66517e-09
10.975 1.06583e-07 1.13751e-07 -1.07912e-07 2.91931e-09
11 1.03861e-07 1.10919e-07 -1.04523e-07 3.19825e-09
11.025 1.01355e-07 1.08296e-07 -1.01305e-07 3.49523e-09
11.05 9.90352e-08 1.05852e-07 -9.82444e-08 3.80382e-09
11.075 9.68768e-08 1.03562e-07 -9.53263e-08 4.11792e-09
11.1 9.48545e-08 1.01401e-07 -9.25375e-08 4.43184e-09
11.125 9.29453e-08 9.93462e-08 -8.98655e-08 4.74034e-09
11.15 9.11278e-08 9.73757e-08 -8.72985e-08 5.03859e-09
11.175 8.93823e-08 9.54702e-08 -8.48257e-08 5.32226e-09
11.2 8.76909e-08 9.36122e-08 -8.24371e-08 5.58753e-09
11.225 8.60375e-08 9.17857e-08 -8.01236e-08 5.83106e-09
11.25 8.44078e-08 8.99771e-08 -7.7877e-08 6.05006e-09
11.275 8.27892e-08 8.81741e-08 -7.56896e-08 6.24222e-09
11.3 8.11711e-08 8.63666e-08 -7.3555e-08 6.4058e-09
11.325 7.95444e-08 8.45464e-08 -7.14673e-08 6.53953e-09
11.35 7.79019e-08 8.27066e-08 -6.94213e-08 6.64267e-09
11.375 7.6238e-08 8.08426e-08 -6.74127e-08 6.71494e-09
11.4 7.45488e-08 7.89509e-08 -6.54378e-08 6.75654e-09
11.425 7.28318e-08 7.70299e-08 -6.34937e-08 6.76811e-09
11.45 7.1086e-08 7.50794e-08 -6.1578e-08 6.75071e-09
11.475 6.93116e-08 7.31004e-08 -5.96889e-08 6.70576e-09
11.5 6.75103e-08 7.10953e-08 -5.78252e-08 6.63505e-09
11.525 6.56847e-08 6.90676e-08 -5.59862e-08 6.54067e-09
11.55 6.38386e-08 6.70216e-08 -5.41717e-08 6.42498e-09
11.575 6.19764e-08 6.49629e-08 -5.23817e-08 6.29057e-09
11.6 6.01038e-08 6.28974e-08 -5.06169e-08 6.14024e-09
11.625 5.82265e-08 6.08318e-08 -4.8878e-08 5.97692e-09
11.65 5.63512e-08 5.87735e-08 -4.71662e-08 5.80366e-09
11.675 5.44848e-08 5.67298e-08 -4.54827e-08 5.62355e-09
11.7 5.26346e-08 5.47087e-08 -4.38292e-08 5.43975e-09
11.725 5.08079e-08 5.2718e-08 -4.22073e-08 5.25535e-09
11.75 4.90121e-08 5.07655e-08 -4.06186e-08 5.07343e-09
11.775 4.72545e-08 4.8859e-08 -3.90651e-08 4.89695e-09
11.8 4.55423e-08 4.70059e-08 -3.75484e-08 4.72877e-09
11.825 4.38823e-08 4.52135e-08 -3.60703e-08 4.57156e-09
11.85 4.22811e-08 4.34883e-08 -3.46326e-08 4.42783e-09
11.875 4.07446e-08 4.18366e-08 -3.32369e-08 4.29986e-09
11.9 3.92783e-08 4.0264e-08 -3.18846e-08 4.1897e-09
11.925 3.78871e-08 3.87753e-08 -3.05771e-08 4.09914e-09
11.95 3.65752e-08 3.73749e-08 -2.93155e-08 4.02969e-09
11.975 3.53461e-08 3.6066e-08 -2.81008e-08 3.98259e-09
12 3.42027e-08 3.48513e-08 -2.69338e-08 3.95876e-09
12.025 3.31468e-08 3.37327e-08 -2.58151e-08 3.95883e-09
12.05 3.21797e-08 3.27111e-08 -2.47448e-08 3.98314e-09
12.075 3.13017e-08 3.17866e-08 -2.37232e-08 4.0317e-09
12.1 3.05125e-08 3.09584e-08 -2.275e-08 4.10423e-09
12.125 2.98109e-08 3.02251e-08 -2.18248e-08 4.20015e-09
12.15 2.91949e-08 2.95843e-08 -2.0947e-08 4.31862e-09
12.175 2.86617e-08 2.90328e-08 -2.01158e-08 4.45851e-09
12.2 2.8208e-08 2.85668e-08 -1.93299e-08 4.61844e-09
12.225 2.78298e-08 2.81818e-08 -1.85882e-08 4.7968e-09
12.25 2.75222e-08 2.78726e-08 -1.7889e-08 4.99178e-09
12.275 2.728e-08 2.76335e-08 -1.72308e-08 5.20135e-09
12.3 2.70975e-08 2.74582e-08 -1.66115e-08 5.42333e-09
12.325 2.69686e-08 2.734e-08 -1.60292e-08 5.65539e-09
12.35 2.68865e-08 2.7272e-08 -1.54818e-08 5.8951e-09
12.375 2.68446e-08 2.72467e-08 -1.49669e-08 6.13992e-09
12.4 2.68357e-08 2.72567e-08 -1.44822e-08 6.38727e-09
12.425 2.68525e-08 2.72943e-08 -1.40253e-08 6.6345e-09
12.45 2.68878e-08 2.73517e-08 -1.35937e-08 6.87901e-09
12.475 2.69343e-08 2.74213e-08 -1.3185e-08 7.11816e-09
12.5 2.69848e-08 2.74953e-08 -1.27965e-08 7.3494e-09
12.525 2.7032e-08 2.75663e-08 -1.24259e-08 7.57023e-09
12.55 2.70692e-08 2.76272e-08 -1.20707e-08 7.77826e-09
12.575 2.70897e-08 2.76709e-08 -1.17285e-08 7.97121e-09
12.6 2.70873e-08 2.76909e-08 -1.1397e-08 8.14695e-09
12.625 2.70561e-08 2.76811e-08 -1.10741e-08 8.30351e-09
12.65 2.69905e-08 2.76357e-08 -1.07576e-08 8.43909e-09
12.675 2.68858e-08 2.75498e-08 -1.04456e-08 8.55209e-09
12.7 2.67374e-08 2.74186e-08 -1.01363e-08 8.64114e-09
12.725 2.65415e-08 2.72382e-08 -9.82809e-09 8.70505e-09
12.75 2.62949e-08 2.70052e-08 -9.51945e-09 8.7429e-09
12.775 2.5995e-08 2.67171e-08 -9.2091e-09 8.75398e-09
12.8 2.56397e-08 2.63716e-08 -8.89594e-09 8.73785e-09
12.825 2.52278e-08 2.59676e-08 -8.57904e-09 8.69429e-09
12.85 2.47587e-08 2.55044e-08 -8.25769e-09 8.62334e-09
12.875 2.42323e-08 2.49819e-08 -7.93136e-09 8.52528e-09
12.9 2.36493e-08 2.4401e-08 -7.59973e-09 8.40064e-09
12.925 2.3011e-08 2.3763e-08 -7.26267e-09 8.25018e-09
12.95 2.23195e-08 2.307e-08 -6.92024e-09 8.07488e-09
12.975 2.15772e-08 2.23246e-08 -6.57269e-09 7.87596e-09
13 2.07873e-08 2.15301e-08 -6.22046e-09 7.65481e-09
13.025 1.99534e-08 2.06903e-08 -5.86414e-09 7.41306e-09
13.05 1.90799e-08 1.98095e-08 -5.50452e-09 7.15249e-09
13.075 1.81713e-08 1.88926e-08 -5.14251e-09 6.87504e-09
13.1 1.72328e-08 1.79449e-08 -4.77919e-09 6.58283e-09
13.125 1.62699e-08 1.69719e-08 -4.41576e-09 6.27808e-09
13.15 1.52884e-08 1.59798e-08 -4.05352e-09 5.96314e-09
13.175 1.42944e-08 1.49748e-08 -3.69389e-09 5.64045e-09
13.2 1.32944e-08 1.39634e-08 -3.33839e-09 5.31251e-09
13.225 1.22948e-08 1.29524e-08 -2.9886e-09 4.9819e-09
13.25 1.13023e-08 1.19486e-08 -2.64615e-09 4.65123e-09
13.275 1.03238e-08 1.09589e-08 -2.31272e-09 4.3231e-09
13.3 9.36593e-09 9.99032e-09 -1.99003e-09 4.00014e-09
13.325 8.43555e-09 9.0497e-09 -1.6798e-09 3.68495e-09
13.35 7.53932e-09 8.14389e-09 -1.38374e-09 3.38007e-09
13.375 6.6838e-09 7.27958e-09 -1.10356e-09 3.08801e-09
13.4 5.87538e-09 6.46329e-09 -8.40919e-10 2.81119e-09
13.425 5.12023e-09 5.7013e-09 -5.97447e-10 2.55193e-09
13.45 4.42424e-09 4.99962e-09 -3.74704e-10 2.31246e-09
13.475 3.79304e-09 4.36394e-09 -1.74179e-10 2.09488e-09
13.5 3.23187e-09 3.79962e-09 2.72165e-12 1.90117e-09
13.525 2.74563e-09 3.31161e-09 1.54686e-10 1.73315e-09
13.55 2.33879e-09 2.90446e-09 2.80509e-10 1.59249e-09
13.575 2.01542e-09 2.58228e-09 3.79096e-10 1.48069e-09
13.6 1.77911e-09 2.3487e-09 4.49476e-10 1.39909e-09
13.625 1.63296e-09 2.20687e-09 4.90808e-10 1.34884e-09
13.65 1.57961e-09 2.15943e-09 5.02384e-10 1.33091e-09
13.675 1.62118e-09 2.20853e-09 4.83635e-10 1.34608e-09
13.7 1.75927e-09 2.35576e-09 4.34136e-10 1.39495e-09
13.725 1.99496e-09 2.6022e-09 3.53609e-10 1.4779e-09
13.75 2.32882e-09 2.94841e-09 2.41922e-10 1.59517e-09
13.775 2.76089e-09 3.3944e-09 9.90898e-11 1.74675e-09
13.8 3.29071e-09 3.93968e-09 -7.47226e-11 1.93248e-09
13.825 3.91728e-09 4.58322e-09 -2.79206e-10 2.15201e-09
13.85 4.63915e-09 5.32353e-09 -5.13906e-10 2.40481e-09
13.875 5.45436e-09 6.15858e-09 -7.78231e-10 2.69018e-09
13.9 6.3605e-09 7.08592e-09 -1.07145e-09 3.00724e-09
13.925 7.35471e-09 8.10263e-09 -1.3927e-09 3.35497e-09
13.95 8.4337e-09 9.20537e-09 -1.741e-09 3.73219e-09
13.975 9.59381e-09 1.03904e-08 -2.11524e-09 4.13758e-09
14 1.0831e-08 1.16536e-08 -2.5142e-09 4.56969e-09
14.025 1.21409e-08 1.29905e-08 -2.93656e-09 5.02696e-09
14.05 1.35187e-08 1.43963e-08 -3.38091e-09 5.5077e-09
14.075 1.49595e-08 1.5866e-08 -3.84573e-09 6.01013e-09
14.1 1.64581e-08 1.73942e-08 -4.32943e-09 6.5324e-09
14.125 1.8009e-08 1.89755e-08 -4.83037e-09 7.07254e-09
14.15 1.96065e-08 2.0604e-08 -5.34683e-09 7.62857e-09
14.175 2.12449e-08 2.22739e-08 -5.87702e-09 8.19842e-09
14.2 2.29182e-08 2.39791e-08 -6.41915e-09 8.78e-09
14.225 2.46204e-08 2.57137e-08 -6.97137e-09 9.37117e-09
14.25 2.63454e-08 2.74714e-08 -7.5318e-09 9.96979e-09
14.275 2.80871e-08 2.9246e-08 -8.09857e-09 1.05737e-08
14.3 2.98394e-08 3.10314e-08 -8.6698e-09 1.11808e-08
14.325 3.15963e-08 3.28213e-08 -9.24359e-09 1.17889e-08
14.35 3.33516e-08 3.46098e-08 -9.81807e-09 1.23959e-08
14.375 3.50996e-08 3.63908e-08 -1.03914e-08 1.29997e-08
14.4 3.68344e-08 3.81585e-08 -1.09618e-08 1.35984e-08
14.425 3.85504e-08 3.99071e-08 -1.15274e-08 1.41898e-08
14.45 4.0242e-08 4.1631e-08 -1.20865e-08 1.47722e-08
14.475 4.19039e-08 4.33248e-08 -1.26374e-08 1.53437e-08
14.5 4.3531e-08 4.49834e-08 -1.31785e-08 1.59025e-08
14.525 4.51184e-08 4.66019e-08 -1.37082e-08 1.64468e-08
14.55 4.66615e-08 4.81754e-08 -1.42251e-08 1.69752e-08
14.575 4.81559e-08 4.96996e-08 -1.47276e-08 1.7486e-08
14.6 4.95974e-08 5.11702e-08 -1.52145e-08 1.79779e-08
14.625 5.09821e-08 5.25834e-08 -1.56844e-08 1.84495e-08
14.65 5.23066e-08 5.39355e-08 -1.61362e-08 1.88997e-08
14.675 5.35676e-08 5.52232e-08 -1.65689e-08 1.93272e-08
14.7 5.4762e-08 5.64435e-08 -1.69813e-08 1.97311e-08
14.725 5.58872e-08 5.75937e-08 -1.73725e-08 2.01106e-08
14.75 5.69408e-08 5.86713e-08 -1.77419e-08 2.04647e-08
14.775 5.79208e-08 5.96743e-08 -1.80885e-08 2.07929e-08
14.8 5.88255e-08 6.06009e-08 -1.84118e-08 2.10945e-08
14.825 5.96533e-08 6.14495e-08 -1.87113e-08 2.13691e-08
14.85 6.04032e-08 6.2219e-08 -1.89865e-08 2.16163e-08
14.875 6.10743e-08 6.29086e-08 -1.9237e-08 2.18358e-08
14.9 6.1666e-08 6.35176e-08 -1.94625e-08 2.20276e-08
14.925 6.2178e-08 6.40458e-08 -1.96629e-08 2.21914e-08
14.95 6.26103e-08 6.4493e-08 -1.98381e-08 2.23274e-08
14.975 6.29633e-08 6.48596e-08 -1.99881e-08 2.24357e-08
15 6.32374e-08 6.51459e-08 -2.01129e-08 2.25165e-08
15.025 6.34333e-08 6.53529e-08 -2.02128e-08 2.25701e-08
15.05 6.3552e-08 6.54813e-08 -2.02878e-08 2.25968e-08
15.075 6.35948e-08 6.55325e-08 -2.03383e-08 2.25971e-08
15.1 6.3563e-08 6.55078e-08 -2.03647e-08 2.25716e-08
15.125 6.34583e-08 6.54088e-08 -2.03674e-08 2.25207e-08
15.15 6.32824e-08 6.52373e-08 -2.03469e-08 2.24452e-08
15.175 6.30373e-08 6.49952e-08 -2.03036e-08 2.23458e-08
15.2 6.2725e-08 6.46847e-08 -2.02383e-08 2.22232e-08
15.225 6.23478e-08 6.43079e-08 -2.01515e-08 2.20782e-08
15.25 6.19082e-08 6.38673e-08 -2.0044e-08 2.19116e-08
15.275 6.14084e-08 6.33652e-08 -1.99164e-08 2.17244e-08
15.3 6.08512e-08 6.28044e-08 -1.97695e-08 2.15174e-08
15.325 6.02391e-08 6.21874e-08 -1.96041e-08 2.12917e-08
15.35 5.95748e-08 6.1517e-08 -1.9421e-08 2.1048e-08
15.375 5.88612e-08 6.07959e-08 -1.9221e-08 2.07875e-08
15.4 5.81011e-08 6.00271e-08 -1.9005e-08 2.05111e-08
15.425 5.72973e-08 5.92134e-08 -1.87739e-08 2.02197e-08
15.45 5.64527e-08 5.83577e-08 -1.85286e-08 1.99146e-08
15.475 5.55702e-08 5.74629e-08 -1.82699e-08 1.95965e-08
15.5 5.46527e-08 5.65319e-08 -1.79987e-08 1.92666e-08
15.525 5.3703e-08 5.55676e-08 -1.77159e-08 1.89258e-08
15.55 5.27239e-08 5.45729e-08 -1.74225e-08 1.85752e-08
15.575 5.17184e-08 5.35507e-08 -1.71193e-08 1.82157e-08
15.6 5.06891e-08 5.25037e-08 -1.68072e-08 1.78483e-08
15.625 4.96389e-08 5.14348e-08 -1.64871e-08 1.74739e-08
15.65 4.85704e-08 5.03466e-08 -1.61597e-08 1.70934e-08
15.675 4.74861e-08 4.92418e-08 -1.58261e-08 1.67079e-08
15.7 4.63888e-08 4.81231e-08 -1.54869e-08 1.63181e-08
15.725 4.52808e-08 4.69928e-08 -1.5143e-08 1.59249e-08
15.75 4.41645e-08 4.58536e-08 -1.47952e-08 1.55292e-08
15.775 4.30424e-08 4.47076e-08 -1.44442e-08 1.51317e-08
15.8 4.19165e-08 4.35573e-08 -1.40908e-08 1.47333e-08
15.825 4.07891e-08 4.24048e-08 -1.37357e-08 1.43346e-08
15.85 3.96622e-08 4.12522e-08 -1.33795e-08 1.39363e-08
15.875 3.85378e-08 4.01015e-08 -1.3023e-08 1.35392e-08
15.9 3.74177e-08 3.89546e-08 -1.26667e-08 1.31439e-08
15.925 3.63038e-08 3.78133e-08 -1.23113e-08 1.2751e-08
15.95 3.51976e-08 3.66795e-08 -1.19574e-08 1.2361e-08
15.975 3.41008e-08 3.55546e-08 -1.16054e-08 1.19746e-08
16 3.30149e-08 3.44401e-08 -1.12559e-08 1.15921e-08
16.025 3.19412e-08 3.33377e-08 -1.09093e-08 1.12142e-08
16.05 3.0881e-08 3.22484e-08 -1.05662e-08 1.08411e-08
16.075 2.98354e-08 3.11737e-08 -1.02269e-08 1.04734e-08
16.1 2.88057e-08 3.01146e-08 -9.89188e-09 1.01113e-08
16.125 2.77928e-08 2.90721e-08 -9.56144e-09 9.75533e-09
16.15 2.67975e-08 2.80472e-08 -9.23594e-09 9.40565e-09
16.175 2.58208e-08 2.70409e-08 -8.91568e-09 9.06259e-09
16.2 2.48634e-08 2.60537e-08 -8.60095e-09 8.72639e-09
16.225 2.39258e-08 2.50865e-08 -8.292e-09 8.39727e-09
16.25 2.30088e-08 2.41399e-08 -7.98905e-09 8.07542e-09
16.275 2.21127e-08 2.32143e-08 -7.6923e-09 7.76101e-09
16.3 2.1238e-08 2.23103e-08 -7.40194e-09 7.45417e-09
16.325 2.03851e-08 2.14281e-08 -7.11811e-09 7.15501e-09
16.35 1.95542e-08 2.05682e-08 -6.84095e-09 6.86363e-09
16.375 1.87455e-08 1.97307e-08 -6.57056e-09 6.58009e-09
16.4 1.79591e-08 1.89159e-08 -6.30703e-09 6.30443e-09
16.425 1.71953e-08 1.81238e-08 -6.05042e-09 6.03669e-09
16.45 1.64539e-08 1.73545e-08 -5.80079e-09 5.77686e-09
16.475 1.5735e-08 1.6608e-08 -5.55816e-09 5.52493e-09
16.5 1.50386e-08 1.58843e-08 -5.32254e-09 5.28088e-09
16.525 1.43644e-08 1.51832e-08 -5.09394e-09 5.04466e-09
16.55 1.37123e-08 1.45047e-08 -4.87232e-09 4.8162e-09
16.575 1.30822e-08 1.38485e-08 -4.65767e-09 4.59544e-09
16.6 1.24737e-08 1.32145e-08 -4.44992e-09 4.38229e-09
16.625 1.18867e-08 1.26023e-08 -4.24903e-09 4.17664e-09
16.65 1.13208e-08 1.20117e-08 -4.05492e-09 3.9784e-09
16.675 1.07757e-08 1.14424e-08 -3.86751e-09 3.78744e-09
16.7 1.02511e-08 1.0894e-08 -3.68671e-09 3.60363e-09
16.725 9.74644e-09 1.03661e-08 -3.51242e-09 3.42684e-09
16.75 9.26147e-09 9.85839e-09 -3.34453e-09 3.25693e-09
16.775 8.79574e-09 9.37043e-09 -3.18293e-09 3.09375e-09
16.8 8.3488e-09 8.90179e-09 -3.02749e-09 2.93715e-09
16.825 7.92022e-09 8.45203e-09 -2.87809e-09 2.78697e-09
16.85 7.50953e-09 8.02069e-09 -2.7346e-09 2.64304e-09
16.875 7.11627e-09 7.60731e-09 -2.59689e-09 2.50521e-09
16.9 6.73996e-09 7.21141e-09 -2.4648e-09 2.37331e-09
16.925 6.38011e-09 6.83251e-09 -2.3382e-09 2.24716e-09
16.95 6.03626e-09 6.47014e-09 -2.21694e-09 2.1266e-09
16.975 5.7079e-09 6.12379e-09 -2.10088e-09 2.01146e-09
17 5.39455e-09 5.79299e-09 -1.98987e-09 1.90156e-09
17.025 5.09572e-09 5.47723e-09 -1.88375e-09 1.79674e-09
17.05 4.81093e-09 5.17604e-09 -1.78239e-09 1.69683e-09
17.075 4.5397e-09 4.88892e-09 -1.68562e-09 1.60165e-09
17.1 4.28154e-09 4.61538e-09 -1.59329e-09 1.51104e-09
17.125 4.03598e-09 4.35496e-09 -1.50527e-09 1.42484e-09
17.15 3.80256e-09 4.10717e-09 -1.4214e-09 1.34289e-09
17.175 3.58081e-09 3.87155e-09 -1.34154e-09 1.26501e-09
17.2 3.37028e-09 3.64764e-09 -1.26553e-09 1.19105e-09
17.225 3.17053e-09 3.43498e-09 -1.19325e-09 1.12087e-09
17.25 2.98112e-09 3.23313e-09 -1.12454e-09 1.0543e-09
17.275 2.80163e-09 3.04166e-09 -1.05927e-09 9.91195e-10
17.3 2.63163e-09 2.86014e-09 -9.97309e-10 9.31415e-10
17.325 2.47073e-09 2.68815e-09 -9.38518e-10 8.74815e-10
17.35 2.31852e-09 2.52528e-09 -8.82768e-10 8.21257e-10
17.375 2.17462e-09 2.37115e-09 -8.29933e-10 7.70608e-10
17.4 2.03865e-09 2.22536e-09 -7.7989e-10 7.22735e-10
17.425 1.91026e-09 2.08755e-09 -7.32517e-10 6.77514e-10
17.45 1.78908e-09 1.95734e-09 -6.87698e-10 6.34821e-10
17.475 1.67479e-09 1.83439e-09 -6.45319e-10 5.94537e-10
17.5 1.56704e-09 1.71836e-09 -6.05269e-10 5.56548e-10
17.525 1.46553e-09 1.60892e-09 -5.6744e-10 5.20742e-10
17.55 1.36994e-09 1.50576e-09 -5.3173e-10 4.87013e-10
17.575 1.27997e-09 1.40855e-09 -4.98038e-10 4.55257e-10
17.6 1.19536e-09 1.31702e-09 -4.66267e-10 4.25375e-10
17.625 1.11581e-09 1.23087e-09 -4.36323e-10 3.97271e-10
17.65 1.04106e-09 1.14983e-09 -4.08117e-10 3.70854e-10
17.675 9.70873e-10 1.07363e-09 -3.81561e-10 3.46036e-10
17.7 9.04995e-10 1.00204e-09 -3.56573e-10 3.22732e-10
17.725 8.43197e-10 9.34794e-10 -3.33072e-10 3.00861e-10
17.75 7.85257e-10 8.71672e-10 -3.10981e-10 2.80346e-10
17.775 7.30963e-10 8.1245e-10 -2.90225e-10 2.61112e-10
17.8 6.80111e-10 7.56914e-10 -2.70735e-10 2.43089e-10
17.825 6.32509e-10 7.04862e-10 -2.52443e-10 2.2621e-10
17.85 5.87971e-10 6.56099e-10 -2.35282e-10 2.10408e-10
17.875 5.46322e-10 6.10442e-10 -2.19193e-10 1.95625e-10
17.9 5.07395e-10 5.67713e-10 -2.04114e-10 1.81799e-10
17.925 4.71029e-10 5.27744e-10 -1.8999e-10 1.68877e-10
17.95 4.37075e-10 4.90377e-10 -1.76767e-10 1.56805e-10
17.975 4.05387e-10 4.55457e-10 -1.64394e-10 1.45532e-10
18 3.75829e-10 4.22842e-10 -1.52821e-10 1.35011e-10
18.025 3.48272e-10 3.92394e-10 -1.42001e-10 1.25196e-10
18.05 3.22593e-10 3.63982e-10 -1.31892e-10 1.16045e-10
18.075 2.98676e-10 3.37483e-10 -1.2245e-10 1.07517e-10
18.1 2.76411e-10 3.12781e-10 -1.13636e-10 9.95722e-11
18.125 2.55694e-10 2.89763e-10 -1.05412e-10 9.21756e-11
18.15 2.36427e-10 2.68327e-10 -9.77422e-11 8.52922e-11
18.175 2.18517e-10 2.48371e-10 -9.05924e-11 7.88893e-11
18.2 2.01876e-10 2.29803e-10 -8.39306e-11 7.29364e-11
18.225 1.86422e-10 2.12535e-10 -7.77263e-11 6.74042e-11
18.25 1.72076e-10 1.96482e-10 -7.19509e-11 6.22656e-11
18.275 1.58767e-10 1.81566e-10 -6.6577e-11 5.74946e-11
18.3 1.46424e-10 1.67713e-10 -6.15792e-11 5.30671e-11
18.325 1.34984e-10 1.54854e-10 -5.69332e-11 4.89603e-11
18.35 1.24384e-10 1.42921e-10 -5.26162e-11 4.51525e-11
18.375 1.14568e-10 1.31854e-10 -4.86068e-11 4.16237e-11
18.4 1.05483e-10 1.21594e-10 -4.48846e-11 3.83549e-11
18.425 9.70765e-11 1.12087e-10 -4.14307e-11 3.53284e-11
18.45 8.93028e-11 1.03282e-10 -3.82271e-11 3.25273e-11
18.475 8.21171e-11 9.51293e-11 -3.52571e-11 2.99361e-11
18.5 7.54781e-11 8.75851e-11 -3.25047e-11 2.75402e-11
18.525 6.9347e-11 8.06068e-11 -2.99553e-11 2.53257e-11
18.55 6.36875e-11 7.41547e-11 -2.75948e-11 2.32799e-11
18.575 5.84656e-11 6.81918e-11 -2.54103e-11 2.13908e-11
18.6 5.36497e-11 6.26834e-11 -2.33894e-11 1.9647e-11
18.625 4.92102e-11 5.75971e-11 -2.15207e-11 1.80382e-11
18.65 4.51196e-11 5.29026e-11 -1.97935e-11 1.65545e-11
18.675 4.1352e-11 4.85715e-11 -1.81978e-11 1.51868e-11
18.7 3.78836e-11 4.45774e-11 -1.67242e-11 1.39266e-11
18.725 3.46919e-11 4.08957e-11 -1.5364e-11 1.27659e-11
18.75 3.17562e-11 3.75034e-11 -1.41088e-11 1.16973e-11
18.775 2.90572e-11 3.43791e-11 -1.29512e-11 1.07139e-11
18.8 2.65768e-11 3.15028e-11 -1.1884e-11 9.80939e-12
18.825 2.42983e-11 2.88559e-11 -1.09005e-11 8.9777e-12
18.85 2.22062e-11 2.64212e-11 -9.99455e-12 8.21331e-12
18.875 2.02861e-11 2.41826e-11 -9.16039e-12 7.51109e-12
18.9 1.85246e-11 2.21251e-11 -8.39263e-12 6.86623e-12
18.925 1.69093e-11 2.02349e-11 -7.68629e-12 6.27431e-12
18.95 1.54287e-11 1.84991e-11 -7.03672e-12 5.7312e-12
18.975 1.40722e-11 1.69058e-11 -6.43961e-12 5.23308e-12
19 1.28298e-11 1.54438e-11 -5.89093e-12 4.77642e-12
19.025 1.16925e-11 1.41029e-11 -5.38697e-12 4.35794e-12
19.05 1.06518e-11 1.28735e-11 -4.92427e-12 3.97461e-12
19.075 9.69989e-12 1.17468e-11 -4.49962e-12 3.62361e-12
19.1 8.82959e-12 1.07148e-11 -4.11005e-12 3.30235e-12
19.125 8.03422e-12 9.76967e-12 -3.75281e-12 3.00843e-12
19.15 7.30764e-12 8.90461e-12 -3.42535e-12 2.73963e-12
19.175 6.64417e-12 8.11312e-12 -3.12529e-12 2.49391e-12
19.2 6.03858e-12 7.38921e-12 -2.85047e-12 2.26937e-12
19.225 5.48606e-12 6.7274e-12 -2.59885e-12 2.06427e-12
19.25 4.98216e-12 6.12259e-12 -2.36857e-12 1.87701e-12
19.275 4.52279e-12 5.57008e-12 -2.1579e-12 1.70609e-12
19.3 4.10419e-12 5.06557e-12 -1.96525e-12 1.55016e-12
19.325 3.72289e-12 4.60505e-12 -1.78914e-12 1.40796e-12
19.35 3.37572e-12 4.18486e-12 -1.62822e-12 1.27832e-12
19.375 3.05975e-12 3.80162e-12 -1.48123e-12 1.16019e-12
19.4 2.7723e-12 3.4522e-12 -1.34702e-12 1.05259e-12
19.425 2.51088e-12 3.13376e-12 -1.22453e-12 9.54616e-13
19.45 2.27325e-12 2.84366e-12 -1.11278e-12 8.65442e-13
19.475 2.05733e-12 2.57948e-12 -1.01086e-12 7.8431e-13
19.5 1.86121e-12 2.33899e-12 -9.17942e-13 7.10523e-13
19.525 1.68314e-12 2.12015e-12 -8.33268e-13 6.43443e-13
19.55 1.52153e-12 1.9211e-12 -7.56133e-13 5.82483e-13
19.575 1.37492e-12 1.74011e-12 -6.85893e-13 5.27106e-13
19.6 1.24197e-12 1.5756e-12 -6.21957e-13 4.76821e-13
19.625 1.12145e-12 1.42613e-12 -5.63779e-13 4.31177e-13
19.65 1.01225e-12 1.29038e-12 -5.10862e-13 3.89761e-13
19.675 9.13336e-13 1.16714e-12 -4.62748e-13 3.52196e-13
19.7 8.23779e-13 1.05529e-12 -4.19018e-13 3.18136e-13
19.725 7.42727e-13 9.53821e-13 -3.79286e-13 2.87267e-13
19.75 6.69399e-13 8.61802e-13 -3.43201e-13 2.59301e-13
19.775 6.03086e-13 7.78386e-13 -3.1044e-13 2.33973e-13
19.8 5.4314e-13 7.02795e-13 -2.80708e-13 2.11044e-13
19.825 4.8897e-13 6.34321e-13 -2.53734e-13 1.90294e-13
19.85 4.40041e-13 5.72318e-13 -2.29273e-13 1.71523e-13
19.875 3.9586e-13 5.16194e-13 -2.07097e-13 1.54548e-13
19.9 3.55984e-13 4.65411e-13 -1.87002e-13 1.39204e-13
19.925 3.20007e-13 4.19477e-13 -1.68798e-13 1.2534e-13
19.95 2.8756e-13 3.77945e-13 -1.52313e-13 1.12816e-13
19.975 2.58308e-13 3.40406e-13 -1.37391e-13 1.01508e-13
20 2.31946e-13 3.0649e-13 -1.23888e-13 9.13009e-14
