0 9.48023e-05 -6.79127e-05
0.025 9.48023e-05 -6.79127e-05
0.05 0.000189392 -0.000135608
0.075 0.000283559 -0.000202869
0.1 0.000377092 -0.000269482
0.125 0.000469782 -0.000335233
0.15 0.000561424 -0.000399914
0.175 0.000651814 -0.000463319
0.2 0.000740751 -0.000525249
0.225 0.00082804 -0.000585508
0.25 0.000913488 -0.000643909
0.275 0.00099691 -0.00070027
0.3 0.00107812 -0.000754417
0.325 0.00115695 -0.000806185
0.35 0.00123323 -0.000855419
0.375 0.0013068 -0.000901969
0.4 0.00137749 -0.000945701
0.425 0.00144517 -0.000986486
0.45 0.0015097 -0.00102421
0.475 0.00157094 -0.00105877
0.5 0.00162878 -0.00109006
0.525 0.0016831 -0.00111802
0.55 0.00173379 -0.00114256
0.575 0.00178078 -0.00116364
0.6 0.00182396 -0.0011812
0.625 0.00186328 -0.00119522
0.65 0.00189866 -0.00120566
0.675 0.00193006 -0.00121253
0.7 0.00195744 -0.00121583
0.725 0.00198075 -0.00121557
0.75 0.00199999 -0.00121178
0.775 0.00201515 -0.0012045
0.8 0.00202622 -0.00119377
0.825 0.00203322 -0.00117967
0.85 0.00203617 -0.00116225
0.875 0.0020351 -0.00114161
0.9 0.00203008 -0.00111783
0.925 0.00202113 -0.00109101
0.95 0.00200834 -0.00106126
0.975 0.00199179 -0.0010287
1 0.00197154 -0.000993454
1.025 0.00194771 -0.000955652
1.05 0.0019204 -0.00091543
1.075 0.00188972 -0.000872935
1.1 0.0018558 -0.000828313
1.125 0.00181876 -0.000781718
1.15 0.00177876 -0.000733306
1.175 0.00173593 -0.000683239
1.2 0.00169044 -0.000631678
1.225 0.00164245 -0.000578788
1.25 0.00159213 -0.000524734
1.275 0.00153965 -0.000469683
1.3 0.0014852 -0.000413799
1.325 0.00142897 -0.00035725
1.35 0.00137114 -0.000300198
1.375 0.00131192 -0.000242806
1.4 0.00125151 -0.000185233
1.425 0.00119011 -0.000127635
1.45 0.00112792 -7.01665e-05
1.475 0.00106517 -1.29753e-05
1.5 0.00100205 4.37942e-05
1.525 0.000938784 0.000100002
1.55 0.000875581 0.000155516
1.575 0.000812655 0.000210206
1.6 0.000750216 0.000263951
1.625 0.000688477 0.000316636
1.65 0.000627647 0.000368152
1.675 0.000567931 0.000418398
1.7 0.000509535 0.000467279
1.725 0.000452657 0.000514708
1.75 0.000397493 0.000560606
1.775 0.000344236 0.000604902
1.8 0.00029307 0.000647532
1.825 0.000244175 0.000688441
1.85 0.000197724 0.000727579
1.875 0.000153884 0.000764907
1.9 0.000112813 0.000800393
1.925 7.46607e-05 0.000834012
1.95 3.95687e-05 0.000865746
1.975 7.66911e-06 0.000895586
2 -2.09158e-05 0.000923529
2.025 -4.60739e-05 0.000949578
2.05 -6.77041e-05 0.000973746
2.075 -8.57161e-05 0.000996048
2.1 -0.000100032 0.00101651
2.125 -0.000110584 0.00103516
2.15 -0.00011732 0.00105202
2.175 -0.000120197 0.00106715
2.2 -0.000119188 0.00108058
2.225 -0.000114278 0.00109236
2.25 -0.000105465 0.00110255
2.275 -9.27623e-05 0.00111119
2.3 -7.61961e-05 0.00111834
2.325 -5.58073e-05 0.00112406
2.35 -3.16508e-05 0.00112842
2.375 -3.79602e-06 0.00113146
2.4 2.76735e-05 0.00113327
2.425 6.26596e-05 0.00113388
2.45 0.00010105 0.00113338
2.475 0.000142719 0.00113181
2.5 0.000187526 0.00112923
2.525 0.000235316 0.00112571
2.55 0.000285922 0.00112129
2.575 0.000339163 0.00111603
2.6 0.000394846 0.00110996
2.625 0.000452763 0.00110314
2.65 0.000512698 0.0010956
2.675 0.000574419 0.00108737
2.7 0.000637687 0.00107849
2.725 0.00070225 0.00106896
2.75 0.000767847 0.00105881
2.775 0.000834208 0.00104804
2.8 0.000901054 0.00103666
2.825 0.000968101 0.00102466
2.85 0.00103505 0.00101203
2.875 0.00110162 0.000998742
2.9 0.00116748 0.000984781
2.925 0.00123235 0.000970106
2.95 0.00129589 0.000954675
2.975 0.00135782 0.00093844
3 0.0014178 0.000921342
3.025 0.00147552 0.000903317
3.05 0.00153067 0.000884293
3.075 0.00158295 0.000864193
3.1 0.00163203 0.00084293
3.125 0.00167762 0.000820413
3.15 0.00171941 0.000796545
3.175 0.00175712 0.000771222
3.2 0.00179046 0.000744336
3.225 0.00181914 0.000715775
3.25 0.00184291 0.000685422
3.275 0.00186151 0.000653156
3.3 0.00187468 0.000618853
3.325 0.00188221 0.000582389
3.35 0.00188386 0.000543637
3.375 0.00187944 0.000502467
3.4 0.00186874 0.000458753
3.425 0.00185162 0.000412368
3.45 0.00182789 0.000363184
3.475 0.00179744 0.000311079
3.5 0.00176013 0.000255932
3.525 0.00171586 0.000197625
3.55 0.00166456 0.000136047
3.575 0.00160617 7.1091e-05
3.6 0.00154065 2.65586e-06
3.625 0.00146797 -6.93518e-05
3.65 0.00138814 -0.000145018
3.675 0.00130118 -0.00022442
3.7 0.00120714 -0.000307625
3.725 0.00110609 -0.000394693
3.75 0.000998124 -0.00048567
3.775 0.000883343 -0.000580594
3.8 0.000761885 -0.000679488
3.825 0.000633904 -0.000782366
3.85 0.000499576 -0.000889226
3.875 0.000359098 -0.00100006
3.9 0.000212686 -0.00111483
3.925 6.05767e-05 -0.0012335
3.95 -9.69755e-05 -0.00135601
3.975 -0.000259697 -0.00148231
4 -0.000427297 -0.00161229
4.025 -0.000599467 -0.00174587
4.05 -0.000775885 -0.00188292
4.075 -0.000956213 -0.00202333
4.1 -0.0011401 -0.00216695
4.125 -0.00132718 -0.00231362
4.15 -0.00151708 -0.00246317
4.175 -0.00170941 -0.00261542
4.2 -0.00190378 -0.00277017
4.225 -0.00209978 -0.00292722
4.25 -0.00229701 -0.00308634
4.275 -0.00249506 -0.00324729
4.3 -0.00269349 -0.00340985
4.325 -0.0028919 -0.00357374
4.35 -0.00308987 -0.00373871
4.375 -0.00328696 -0.00390448
4.4 -0.00348277 -0.00407078
4.425 -0.00367688 -0.00423732
4.45 -0.00386886 -0.00440381
4.475 -0.00405833 -0.00456994
4.5 -0.00424488 -0.00473543
4.525 -0.00442812 -0.00489996
4.55 -0.00460766 -0.00506323
4.575 -0.00478314 -0.00522493
4.6 -0.00495421 -0.00538476
4.625 -0.0051205 -0.00554241
4.65 -0.0052817 -0.00569758
4.675 -0.00543749 -0.00584996
4.7 -0.00558756 -0.00599927
4.725 -0.00573164 -0.00614522
4.75 -0.00586945 -0.00628751
4.775 -0.00600076 -0.00642589
4.8 -0.00612532 -0.00656007
4.825 -0.00624294 -0.0066898
4.85 -0.00635342 -0.00681483
4.875 -0.00645659 -0.00693493
4.9 -0.00655232 -0.00704987
4.925 -0.00664046 -0.00715944
4.95 -0.00672092 -0.00726343
4.975 -0.0067936 -0.00736167
5 -0.00685845 -0.00745398
5.025 -0.00691543 -0.0075402
5.05 -0.0069645 -0.00762019
5.075 -0.00700568 -0.00769383
5.1 -0.00703898 -0.00776101
5.125 -0.00706444 -0.00782162
5.15 -0.00708211 -0.0078756
5.175 -0.00709209 -0.00792288
5.2 -0.00709445 -0.00796342
5.225 -0.00708933 -0.00799718
5.25 -0.00707684 -0.00802416
5.275 -0.00705714 -0.00804436
5.3 -0.00703038 -0.0080578
5.325 -0.00699675 -0.00806452
5.35 -0.00695644 -0.00806456
5.375 -0.00690966 -0.00805799
5.4 -0.00685661 -0.00804489
5.425 -0.00679752 -0.00802537
5.45 -0.00673264 -0.00799951
5.475 -0.0066622 -0.00796745
5.5 -0.00658647 -0.00792933
5.525 -0.0065057 -0.00788528
5.55 -0.00642016 -0.00783546
5.575 -0.00633012 -0.00778004
5.6 -0.00623586 -0.0077192
5.625 -0.00613765 -0.00765311
5.65 -0.00603578 -0.00758199
5.675 -0.00593053 -0.00750602
5.7 -0.00582218 -0.00742542
5.725 -0.00571102 -0.0073404
5.75 -0.00559731 -0.00725118
5.775 -0.00548134 -0.00715798
5.8 -0.00536338 -0.00706104
5.825 -0.0052437 -0.00696057
5.85 -0.00512256 -0.00685681
5.875 -0.00500023 -0.00675
5.9 -0.00487696 -0.00664037
5.925 -0.00475299 -0.00652815
5.95 -0.00462856 -0.00641358
5.975 -0.00450391 -0.00629689
6 -0.00437926 -0.0061783
6.025 -0.00425482 -0.00605804
6.05 -0.00413079 -0.00593634
6.075 -0.00400739 -0.00581342
6.1 -0.00388479 -0.00568948
6.125 -0.00376317 -0.00556475
6.15 -0.00364269 -0.00543942
6.175 -0.00352353 -0.0053137
6.2 -0.00340582 -0.00518778
6.225 -0.00328971 -0.00506184
6.25 -0.00317532 -0.00493607
6.275 -0.00306276 -0.00481063
6.3 -0.00295216 -0.0046857
6.325 -0.0028436 -0.00456144
6.35 -0.00273718 -0.00443799
6.375 -0.00263298 -0.0043155
6.4 -0.00253106 -0.0041941
6.425 -0.00243148 -0.00407393
6.45 -0.00233431 -0.0039551
6.475 -0.00223958 -0.00383773
6.5 -0.00214733 -0.00372191
6.525 -0.00205759 -0.00360776
6.55 -0.00197038 -0.00349535
6.575 -0.00188571 -0.00338477
6.6 -0.00180359 -0.00327609
6.625 -0.00172402 -0.00316938
6.65 -0.00164699 -0.0030647
6.675 -0.00157249 -0.0029621
6.7 -0.0015005 -0.00286163
6.725 -0.00143101 -0.00276333
6.75 -0.00136398 -0.00266723
6.775 -0.00129939 -0.00257336
6.8 -0.0012372 -0.00248174
6.825 -0.00117736 -0.00239238
6.85 -0.00111985 -0.00230531
6.875 -0.0010646 -0.00222051
6.9 -0.00101158 -0.00213799
6.925 -0.000960743 -0.00205775
6.95 -0.000912025 -0.00197978
6.975 -0.000865378 -0.00190407
7 -0.000820746 -0.00183059
7.025 -0.000778074 -0.00175934
7.05 -0.000737305 -0.00169028
7.075 -0.000698381 -0.0016234
7.1 -0.000661243 -0.00155865
7.125 -0.000625834 -0.00149602
7.15 -0.000592095 -0.00143546
7.175 -0.000559968 -0.00137695
7.2 -0.000529394 -0.00132043
7.225 -0.000500318 -0.00126588
7.25 -0.000472681 -0.00121326
7.275 -0.000446427 -0.00116251
7.3 -0.000421502 -0.00111361
7.325 -0.000397851 -0.00106649
7.35 -0.000375421 -0.00102113
7.375 -0.00035416 -0.000977474
7.4 -0.000334017 -0.000935475
7.425 -0.000314942 -0.00089509
7.45 -0.000296888 -0.000856272
7.475 -0.000279807 -0.000818977
7.5 -0.000263654 -0.000783157
7.525 -0.000248384 -0.000748768
7.55 -0.000233956 -0.000715765
7.575 -0.000220329 -0.000684103
7.6 -0.000207461 -0.000653738
7.625 -0.000195316 -0.000624626
7.65 -0.000183857 -0.000596724
7.675 -0.000173048 -0.000569991
7.7 -0.000162856 -0.000544384
7.725 -0.000153247 -0.000519863
7.75 -0.000144192 -0.000496389
7.775 -0.00013566 -0.000473922
7.8 -0.000127623 -0.000452424
7.825 -0.000120053 -0.000431859
7.85 -0.000112926 -0.000412191
7.875 -0.000106216 -0.000393383
7.9 -9.99006e-05 -0.000375403
7.925 -9.39566e-05 -0.000358217
7.95 -8.83634e-05 -0.000341793
7.975 -8.31008e-05 -0.0003261
8 -7.81499e-05 -0.000311108
8.025 -7.34926e-05 -0.000296788
8.05 -6.91119e-05 -0.000283111
8.075 -6.49916e-05 -0.000270051
8.1 -6.11165e-05 -0.000257581
8.125 -5.74721e-05 -0.000245676
8.15 -5.40448e-05 -0.000234311
8.175 -5.08217e-05 -0.000223464
8.2 -4.77908e-05 -0.000213111
8.225 -4.49405e-05 -0.000203232
8.25 -4.22601e-05 -0.000193804
8.275 -3.97395e-05 -0.000184809
8.3 -3.7369e-05 -0.000176226
8.325 -3.51396e-05 -0.000168038
8.35 -3.3043e-05 -0.000160227
8.375 -3.10711e-05 -0.000152776
8.4 -2.92164e-05 -0.000145668
8.425 -2.74719e-05 -0.000138889
8.45 -2.5831e-05 -0.000132423
8.475 -2.42875e-05 -0.000126256
8.5 -2.28355e-05 -0.000120374
8.525 -2.14695e-05 -0.000114765
8.55 -2.01845e-05 -0.000109416
8.575 -1.89755e-05 -0.000104315
8.6 -1.7838e-05 -9.94503e-05
8.625 -1.67678e-05 -9.48118e-05
8.65 -1.57609e-05 -9.03887e-05
8.675 -1.48134e-05 -8.61712e-05
8.7 -1.3922e-05 -8.21499e-05
8.725 -1.30832e-05 -7.83157e-05
8.75 -1.22939e-05 -7.46599e-05
8.775 -1.15513e-05 -7.11745e-05
8.8 -1.08526e-05 -6.78514e-05
8.825 -1.01953e-05 -6.46834e-05
8.85 -9.57679e-06 -6.16631e-05
8.875 -8.99494e-06 -5.87838e-05
8.9 -8.44758e-06 -5.60391e-05
8.925 -7.93271e-06 -5.34226e-05
8.95 -7.44842e-06 -5.09285e-05
8.975 -6.99294e-06 -4.85511e-05
9 -6.56461e-06 -4.6285e-05
9.025 -6.16185e-06 -4.41252e-05
9.05 -5.78317e-06 -4.20666e-05
9.075 -5.42718e-06 -4.01047e-05
9.1 -5.09257e-06 -3.8235e-05
9.125 -4.77809e-06 -3.64531e-05
9.15 -4.4826e-06 -3.47551e-05
9.175 -4.20497e-06 -3.3137e-05
9.2 -3.94419e-06 -3.15952e-05
9.225 -3.69926e-06 -3.01261e-05
9.25 -3.46928e-06 -2.87264e-05
9.275 -3.25336e-06 -2.73927e-05
9.3 -3.0507e-06 -2.61222e-05
9.325 -2.8605e-06 -2.49117e-05
9.35 -2.68205e-06 -2.37586e-05
9.375 -2.51466e-06 -2.26601e-05
9.4 -2.35766e-06 -2.16137e-05
9.425 -2.21046e-06 -2.06169e-05
9.45 -2.07246e-06 -1.96674e-05
9.475 -1.94312e-06 -1.87631e-05
9.5 -1.82192e-06 -1.79017e-05
9.525 -1.70837e-06 -1.70813e-05
9.55 -1.60202e-06 -1.62999e-05
9.575 -1.50241e-06 -1.55557e-05
9.6 -1.40916e-06 -1.48468e-05
9.625 -1.32186e-06 -1.41717e-05
9.65 -1.24015e-06 -1.35287e-05
9.675 -1.16369e-06 -1.29163e-05
9.7 -1.09214e-06 -1.23331e-05
9.725 -1.02521e-06 -1.17775e-05
9.75 -9.62607e-07 -1.12483e-05
9.775 -9.04051e-07 -1.07443e-05
9.8 -8.49289e-07 -1.02641e-05
9.825 -7.98079e-07 -9.80672e-06
9.85 -7.50194e-07 -9.37098e-06
9.875 -7.05418e-07 -8.95583e-06
9.9 -6.63551e-07 -8.56028e-06
9.925 -6.24402e-07 -8.18337e-06
9.95 -5.87794e-07 -7.8242e-06
9.975 -5.53559e-07 -7.48189e-06
10 -5.21539e-07 -7.15561e-06
10.025 -4.91589e-07 -6.84459e-06
10.05 -4.63568e-07 -6.54808e-06
10.075 -4.37347e-07 -6.26535e-06
10.1 -4.12805e-07 -5.99574e-06
10.125 -3.89828e-07 -5.73859e-06
10.15 -3.68309e-07 -5.4933e-06
10.175 -3.48148e-07 -5.25927e-06
10.2 -3.29252e-07 -5.03596e-06
10.225 -3.11534e-07 -4.82284e-06
10.25 -2.94913e-07 -4.61939e-06
10.275 -2.79312e-07 -4.42516e-06
10.3 -2.64661e-07 -4.23967e-06
10.325 -2.50894e-07 -4.06251e-06
10.35 -2.37949e-07 -3.89326e-06
10.375 -2.2577e-07 -3.73154e-06
10.4 -2.14302e-07 -3.57697e-06
10.425 -2.03496e-07 -3.42921e-06
10.45 -1.93306e-07 -3.28792e-06
10.475 -1.83691e-07 -3.15279e-06
10.5 -1.74609e-07 -3.02353e-06
10.525 -1.66025e-07 -2.89983e-06
10.55 -1.57904e-07 -2.78145e-06
10.575 -1.50215e-07 -2.66812e-06
10.6 -1.42929e-07 -2.55959e-06
10.625 -1.3602e-07 -2.45565e-06
10.65 -1.29462e-07 -2.35607e-06
10.675 -1.23232e-07 -2.26065e-06
10.7 -1.1731e-07 -2.16919e-06
10.725 -1.11676e-07 -2.08151e-06
10.75 -1.06312e-07 -1.99743e-06
10.775 -1.01202e-07 -1.91678e-06
10.8 -9.63298e-08 -1.83942e-06
10.825 -9.16825e-08 -1.76518e-06
10.85 -8.7247e-08 -1.69393e-06
10.875 -8.30114e-08 -1.62553e-06
10.9 -7.89648e-08 -1.55986e-06
10.925 -7.50974e-08 -1.4968e-06
10.95 -7.13998e-08 -1.43623e-06
10.975 -6.78637e-08 -1.37805e-06
11 -6.44811e-08 -1.32215e-06
11.025 -6.12449e-08 -1.26844e-06
11.05 -5.81485e-08 -1.21682e-06
11.075 -5.51855e-08 -1.16721e-06
11.1 -5.23503e-08 -1.11952e-06
11.125 -4.96376e-08 -1.07368e-06
11.15 -4.70423e-08 -1.02961e-06
11.175 -4.45597e-08 -9.87248e-07
11.2 -4.21856e-08 -9.46515e-07
11.225 -3.99156e-08 -9.07353e-07
11.25 -3.7746e-08 -8.69701e-07
11.275 -3.5673e-08 -8.335e-07
11.3 -3.36931e-08 -7.98696e-07
11.325 -3.18029e-08 -7.65236e-07
11.35 -2.99992e-08 -7.3307e-07
11.375 -2.82789e-08 -7.02151e-07
11.4 -2.66389e-08 -6.72432e-07
11.425 -2.50763e-08 -6.4387e-07
11.45 -2.35884e-08 -6.16423e-07
11.475 -2.21724e-08 -5.90051e-07
11.5 -2.08256e-08 -5.64716e-07
11.525 -1.95454e-08 -5.40381e-07
11.55 -1.83293e-08 -5.17009e-07
11.575 -1.71749e-08 -4.94568e-07
11.6 -1.60797e-08 -4.73024e-07
11.625 -1.50413e-08 -4.52345e-07
11.65 -1.40575e-08 -4.32501e-07
11.675 -1.3126e-08 -4.13462e-07
11.7 -1.22446e-08 -3.952e-07
11.725 -1.14111e-08 -3.77688e-07
11.75 -1.06236e-08 -3.60897e-07
11.775 -9.87988e-09 -3.44803e-07
11.8 -9.1781e-09 -3.2938e-07
11.825 -8.51631e-09 -3.14605e-07
11.85 -7.89267e-09 -3.00452e-07
11.875 -7.3054e-09 -2.869e-07
11.9 -6.75277e-09 -2.73926e-07
11.925 -6.23314e-09 -2.61509e-07
11.95 -5.7449e-09 -2.49627e-07
11.975 -5.28652e-09 -2.3826e-07
12 -4.85653e-09 -2.27389e-07
12.025 -4.45354e-09 -2.16994e-07
12.05 -4.07619e-09 -2.07057e-07
12.075 -3.7232e-09 -1.97559e-07
12.1 -3.39336e-09 -1.88483e-07
12.125 -3.08549e-09 -1.79812e-07
12.15 -2.79849e-09 -1.7153e-07
12.175 -2.53131e-09 -1.63621e-07
12.2 -2.28296e-09 -1.56068e-07
12.225 -2.05247e-09 -1.48859e-07
12.25 -1.83895e-09 -1.41977e-07
12.275 -1.64154e-09 -1.3541e-07
12.3 -1.45944e-09 -1.29143e-07
12.325 -1.29186e-09 -1.23165e-07
12.35 -1.13808e-09 -1.17462e-07
12.375 -9.97385e-10 -1.12023e-07
12.4 -8.69117e-10 -1.06836e-07
12.425 -7.52633e-10 -1.0189e-07
12.45 -6.4732e-10 -9.71751e-08
12.475 -5.52592e-10 -9.26807e-08
12.5 -4.67882e-10 -8.83972e-08
12.525 -3.92643e-10 -8.43153e-08
12.55 -3.26349e-10 -8.04262e-08
12.575 -2.68487e-10 -7.67214e-08
12.6 -2.18561e-10 -7.31927e-08
12.625 -1.76085e-10 -6.98324e-08
12.65 -1.40589e-10 -6.66332e-08
12.675 -1.11609e-10 -6.35878e-08
12.7 -8.86958e-11 -6.06897e-08
12.725 -7.14055e-11 -5.79322e-08
12.75 -5.9305e-11 -5.53093e-08
12.775 -5.19691e-11 -5.28151e-08
12.8 -4.8981e-11 -5.04438e-08
12.825 -4.99324e-11 -4.81901e-08
12.85 -5.44234e-11 -4.60487e-08
12.875 -6.20628e-11 -4.40148e-08
12.9 -7.24686e-11 -4.20834e-08
12.925 -8.52688e-11 -4.02501e-08
12.95 -1.00101e-10 -3.85102e-08
12.975 -1.16615e-10 -3.68596e-08
13 -1.34472e-10 -3.5294e-08
13.025 -1.53343e-10 -3.38095e-08
13.05 -1.72915e-10 -3.24021e-08
13.075 -1.92887e-10 -3.10681e-08
13.1 -2.12975e-10 -2.98036e-08
13.125 -2.32907e-10 -2.8605e-08
13.15 -2.52429e-10 -2.74689e-08
13.175 -2.71303e-10 -2.63918e-08
13.2 -2.89305e-10 -2.53701e-08
13.225 -3.06233e-10 -2.44007e-08
13.25 -3.219e-10 -2.34803e-08
13.275 -3.36137e-10 -2.26055e-08
13.3 -3.48792e-10 -2.17733e-08
13.325 -3.59734e-10 -2.09806e-08
13.35 -3.68847e-10 -2.02243e-08
13.375 -3.76034e-10 -1.95013e-08
13.4 -3.81216e-10 -1.88089e-08
13.425 -3.84332e-10 -1.8144e-08
13.45 -3.85335e-10 -1.75039e-08
13.475 -3.84197e-10 -1.68858e-08
13.5 -3.80905e-10 -1.6287e-08
13.525 -3.75459e-10 -1.5705e-08
13.55 -3.67875e-10 -1.51371e-08
13.575 -3.58183e-10 -1.45809e-08
13.6 -3.46424e-10 -1.40341e-08
13.625 -3.3265e-10 -1.34943e-08
13.65 -3.16925e-10 -1.29594e-08
13.675 -2.99321e-10 -1.24273e-08
13.7 -2.79919e-10 -1.1896e-08
13.725 -2.58808e-10 -1.13637e-08
13.75 -2.36083e-10 -1.08285e-08
13.775 -2.11843e-10 -1.02889e-08
13.8 -1.86192e-10 -9.74325e-09
13.825 -1.59239e-10 -9.19028e-09
13.85 -1.31092e-10 -8.62868e-09
13.875 -1.01863e-10 -8.05733e-09
13.9 -7.16632e-11 -7.47524e-09
13.925 -4.06031e-11 -6.88154e-09
13.95 -8.79269e-12 -6.2755e-09
13.975 2.36603e-11 -5.65656e-09
14 5.66507e-11 -5.02426e-09
14.025 9.00765e-11 -4.37828e-09
14.05 1.2384e-10 -3.71847e-09
14.075 1.57846e-10 -3.04477e-09
14.1 1.92007e-10 -2.35727e-09
14.125 2.26237e-10 -1.65621e-09
14.15 2.60458e-10 -9.41913e-10
14.175 2.94596e-10 -2.14861e-10
14.2 3.28584e-10 5.24368e-10
14.225 3.62357e-10 1.27508e-09
14.25 3.95861e-10 2.03647e-09
14.275 4.29043e-10 2.80764e-09
14.3 4.61857e-10 3.58759e-09
14.325 4.94265e-10 4.37523e-09
14.35 5.2623e-10 5.16942e-09
14.375 5.57722e-10 5.9689e-09
14.4 5.88716e-10 6.77238e-09
14.425 6.19191e-10 7.5785e-09
14.45 6.4913e-10 8.38584e-09
14.475 6.78519e-10 9.19295e-09
14.5 7.0735e-10 9.99835e-09
14.525 7.35614e-10 1.08005e-08
14.55 7.63309e-10 1.15979e-08
14.575 7.90433e-10 1.2389e-08
14.6 8.16985e-10 1.31723e-08
14.625 8.42967e-10 1.39462e-08
14.65 8.68384e-10 1.47091e-08
14.675 8.93237e-10 1.54596e-08
14.7 9.17533e-10 1.61962e-08
14.725 9.41276e-10 1.69174e-08
14.75 9.6447e-10 1.76219e-08
14.775 9.87121e-10 1.83082e-08
14.8 1.00923e-09 1.8975e-08
14.825 1.0308e-09 1.96211e-08
14.85 1.05184e-09 2.02453e-08
14.875 1.07235e-09 2.08464e-08
14.9 1.09232e-09 2.14234e-08
14.925 1.11176e-09 2.19752e-08
14.95 1.13066e-09 2.25011e-08
14.975 1.14902e-09 2.3e-08
15 1.16683e-09 2.34713e-08
15.025 1.18409e-09 2.39143e-08
15.05 1.20079e-09 2.43283e-08
15.075 1.21691e-09 2.4713e-08
15.1 1.23245e-09 2.50677e-08
15.125 1.24739e-09 2.53923e-08
15.15 1.26172e-09 2.56865e-08
15.175 1.27542e-09 2.59501e-08
15.2 1.28849e-09 2.6183e-08
15.225 1.3009e-09 2.63851e-08
15.25 1.31263e-09 2.65567e-08
15.275 1.32367e-09 2.66978e-08
15.3 1.334e-09 2.68087e-08
15.325 1.3436e-09 2.68896e-08
15.35 1.35246e-09 2.6941e-08
15.375 1.36056e-09 2.69633e-08
15.4 1.36788e-09 2.6957e-08
15.425 1.3744e-09 2.69227e-08
15.45 1.3801e-09 2.6861e-08
15.475 1.38498e-09 2.67726e-08
15.5 1.38903e-09 2.66581e-08
15.525 1.39221e-09 2.65185e-08
15.55 1.39454e-09 2.63545e-08
15.575 1.39599e-09 2.6167e-08
15.6 1.39655e-09 2.59569e-08
15.625 1.39623e-09 2.57251e-08
15.65 1.39502e-09 2.54725e-08
15.675 1.39291e-09 2.52001e-08
15.7 1.3899e-09 2.4909e-08
15.725 1.386e-09 2.46002e-08
15.75 1.38121e-09 2.42746e-08
15.775 1.37553e-09 2.39333e-08
15.8 1.36897e-09 2.35773e-08
15.825 1.36153e-09 2.32077e-08
15.85 1.35324e-09 2.28255e-08
15.875 1.34411e-09 2.24317e-08
15.9 1.33414e-09 2.20274e-08
15.925 1.32335e-09 2.16136e-08
15.95 1.31178e-09 2.11912e-08
15.975 1.29943e-09 2.07613e-08
16 1.28632e-09 2.03248e-08
16.025 1.27249e-09 1.98827e-08
16.05 1.25796e-09 1.94358e-08
16.075 1.24275e-09 1.89851e-08
16.1 1.2269e-09 1.85315e-08
16.125 1.21042e-09 1.80757e-08
16.15 1.19336e-09 1.76187e-08
16.175 1.17575e-09 1.71611e-08
16.2 1.15761e-09 1.67038e-08
16.225 1.13898e-09 1.62475e-08
16.25 1.1199e-09 1.57928e-08
16.275 1.10039e-09 1.53404e-08
16.3 1.08049e-09 1.4891e-08
16.325 1.06025e-09 1.44451e-08
16.35 1.03968e-09 1.40032e-08
16.375 1.01883e-09 1.3566e-08
16.4 9.97739e-10 1.31339e-08
16.425 9.7643e-10 1.27073e-08
16.45 9.54942e-10 1.22867e-08
16.475 9.33308e-10 1.18724e-08
16.5 9.11562e-10 1.14649e-08
16.525 8.89738e-10 1.10644e-08
16.55 8.67866e-10 1.06712e-08
16.575 8.45978e-10 1.02857e-08
16.6 8.24106e-10 9.90798e-09
16.625 8.02277e-10 9.53833e-09
16.65 7.80522e-10 9.1769e-09
16.675 7.58867e-10 8.82385e-09
16.7 7.37339e-10 8.47932e-09
16.725 7.15964e-10 8.14339e-09
16.75 6.94766e-10 7.81616e-09
16.775 6.73767e-10 7.49767e-09
16.8 6.52991e-10 7.18796e-09
16.825 6.32456e-10 6.88706e-09
16.85 6.12184e-10 6.59495e-09
16.875 5.92192e-10 6.31161e-09
16.9 5.72496e-10 6.03701e-09
16.925 5.53113e-10 5.77108e-09
16.95 5.34057e-10 5.51376e-09
16.975 5.15342e-10 5.26496e-09
17 4.96979e-10 5.02459e-09
17.025 4.78978e-10 4.79254e-09
17.05 4.61351e-10 4.56869e-09
17.075 4.44104e-10 4.35291e-09
17.1 4.27246e-10 4.14506e-09
17.125 4.10782e-10 3.94499e-09
17.15 3.94718e-10 3.75255e-09
17.175 3.79058e-10 3.56759e-09
17.2 3.63804e-10 3.38993e-09
17.225 3.4896e-10 3.2194e-09
17.25 3.34526e-10 3.05583e-09
17.275 3.20503e-10 2.89905e-09
17.3 3.0689e-10 2.74887e-09
17.325 2.93686e-10 2.60511e-09
17.35 2.80889e-10 2.46759e-09
17.375 2.68497e-10 2.33611e-09
17.4 2.56505e-10 2.21051e-09
17.425 2.44911e-10 2.09059e-09
17.45 2.33709e-10 1.97616e-09
17.475 2.22895e-10 1.86705e-09
17.5 2.12462e-10 1.76307e-09
17.525 2.02405e-10 1.66404e-09
17.55 1.92718e-10 1.56979e-09
17.575 1.83394e-10 1.48013e-09
17.6 1.74425e-10 1.3949e-09
17.625 1.65804e-10 1.31393e-09
17.65 1.57524e-10 1.23705e-09
17.675 1.49576e-10 1.16409e-09
17.7 1.41953e-10 1.0949e-09
17.725 1.34647e-10 1.02932e-09
17.75 1.27648e-10 9.672e-10
17.775 1.20949e-10 9.08387e-10
17.8 1.14541e-10 8.52738e-10
17.825 1.08415e-10 8.00114e-10
17.85 1.02563e-10 7.50378e-10
17.875 9.69763e-11 7.03397e-10
17.9 9.16463e-11 6.59045e-10
17.925 8.65644e-11 6.17196e-10
17.95 8.17222e-11 5.77732e-10
17.975 7.71112e-11 5.40537e-10
18 7.27233e-11 5.05499e-10
18.025 6.85501e-11 4.72511e-10
18.05 6.45836e-11 4.4147e-10
18.075 6.0816e-11 4.12277e-10
18.1 5.72393e-11 3.84836e-10
18.125 5.3846e-11 3.59055e-10
18.15 5.06287e-11 3.34848e-10
18.175 4.75799e-11 3.12129e-10
18.2 4.46926e-11 2.90819e-10
18.225 4.19598e-11 2.7084e-10
18.25 3.93748e-11 2.52119e-10
18.275 3.6931e-11 2.34586e-10
18.3 3.4622e-11 2.18173e-10
18.325 3.24416e-11 2.02817e-10
18.35 3.03838e-11 1.88458e-10
18.375 2.84429e-11 1.75036e-10
18.4 2.66132e-11 1.62498e-10
18.425 2.48893e-11 1.50791e-10
18.45 2.3266e-11 1.39865e-10
18.475 2.17382e-11 1.29673e-10
18.5 2.03012e-11 1.20171e-10
18.525 1.89502e-11 1.11315e-10
18.55 1.76808e-11 1.03068e-10
18.575 1.64888e-11 9.5389e-11
18.6 1.537e-11 8.82438e-11
18.625 1.43204e-11 8.15983e-11
18.65 1.33363e-11 7.54203e-11
18.675 1.24142e-11 6.96799e-11
18.7 1.15505e-11 6.43484e-11
18.725 1.0742e-11 5.93993e-11
18.75 9.98547e-12 5.48071e-11
18.775 9.27805e-12 5.05482e-11
18.8 8.61683e-12 4.66003e-11
18.825 7.99913e-12 4.29423e-11
18.85 7.42237e-12 3.95545e-11
18.875 6.8841e-12 3.64185e-11
18.9 6.38202e-12 3.35169e-11
18.925 5.91392e-12 3.08333e-11
18.95 5.47773e-12 2.83526e-11
18.975 5.07146e-12 2.60605e-11
19 4.69325e-12 2.39436e-11
19.025 4.34134e-12 2.19893e-11
19.05 4.01406e-12 2.01861e-11
19.075 3.70983e-12 1.8523e-11
19.1 3.42716e-12 1.69898e-11
19.125 3.16466e-12 1.5577e-11
19.15 2.92099e-12 1.42758e-11
19.175 2.69493e-12 1.30778e-11
19.2 2.48529e-12 1.19753e-11
19.225 2.29098e-12 1.09613e-11
19.25 2.11096e-12 1.0029e-11
19.275 1.94425e-12 9.17214e-12
19.3 1.78995e-12 8.38506e-12
19.325 1.6472e-12 7.66237e-12
19.35 1.51519e-12 6.99909e-12
19.375 1.39317e-12 6.39061e-12
19.4 1.28044e-12 5.83263e-12
19.425 1.17634e-12 5.3212e-12
19.45 1.08025e-12 4.85263e-12
19.475 9.91601e-13 4.42352e-12
19.5 9.09846e-13 4.03071e-12
19.525 8.34486e-13 3.6713e-12
19.55 7.65052e-13 3.34257e-12
19.575 7.01106e-13 3.04205e-12
19.6 6.42241e-13 2.76742e-12
19.625 5.88078e-13 2.51658e-12
19.65 5.38262e-13 2.28754e-12
19.675 4.92466e-13 2.07851e-12
19.7 4.50383e-13 1.88783e-12
19.725 4.11729e-13 1.71395e-12
19.75 3.76241e-13 1.55546e-12
19.775 3.43673e-13 1.41106e-12
19.8 3.13798e-13 1.27955e-12
19.825 2.86405e-13 1.15983e-12
19.85 2.61298e-13 1.0509e-12
19.875 2.38298e-13 9.51817e-13
19.9 2.17235e-13 8.61732e-13
19.925 1.97956e-13 7.79864e-13
19.95 1.80316e-13 7.05492e-13
19.975 1.64183e-13 6.3796e-13
20 1.49435e-13 5.76663e-13
