0 0.276652 0.276658 -0.00243105 0.137114
0.025 0.276652 0.276658 -0.00243105 0.137114
0.05 0.276573 0.276599 -0.00243161 0.137084
0.075 0.276443 0.276501 -0.00243254 0.137034
0.1 0.27626 0.276363 -0.00243381 0.136965
0.125 0.276024 0.276185 -0.00243541 0.136875
0.15 0.275735 0.275967 -0.00243732 0.136765
0.175 0.275393 0.275707 -0.00243949 0.136634
0.2 0.274997 0.275405 -0.00244189 0.136481
0.225 0.274548 0.27506 -0.00244447 0.136308
0.25 0.274044 0.274671 -0.0024472 0.136112
0.275 0.273485 0.274238 -0.00245 0.135894
0.3 0.27287 0.273759 -0.00245284 0.135653
0.325 0.272199 0.273232 -0.00245564 0.135388
0.35 0.271472 0.272658 -0.00245834 0.1351
0.375 0.270687 0.272034 -0.00246087 0.134787
0.4 0.269845 0.271359 -0.00246317 0.134448
0.425 0.268944 0.270632 -0.00246516 0.134083
0.45 0.267984 0.269851 -0.00246676 0.133692
0.475 0.266964 0.269015 -0.0024679 0.133274
0.5 0.265883 0.268123 -0.0024685 0.132827
0.525 0.264742 0.267174 -0.00246849 0.132353
0.55 0.263539 0.266165 -0.00246778 0.131848
0.575 0.262274 0.265095 -0.00246631 0.131314
0.6 0.260946 0.263964 -0.002464 0.13075
0.625 0.259556 0.26277 -0.00246077 0.130154
0.65 0.258101 0.261511 -0.00245655 0.129527
0.675 0.256583 0.260188 -0.00245127 0.128868
0.7 0.255001 0.258797 -0.00244487 0.128176
0.725 0.253354 0.25734 -0.00243729 0.127451
0.75 0.251642 0.255814 -0.00242846 0.126693
0.775 0.249866 0.25422 -0.00241834 0.125901
0.8 0.248026 0.252556 -0.00240686 0.125075
0.825 0.24612 0.250822 -0.00239399 0.124214
0.85 0.244151 0.249017 -0.00237968 0.123319
0.875 0.242117 0.247142 -0.00236391 0.122389
0.9 0.24002 0.245197 -0.00234662 0.121425
0.925 0.237859 0.24318 -0.00232782 0.120426
0.95 0.235636 0.241093 -0.00230747 0.119393
0.975 0.233351 0.238936 -0.00228556 0.118325
1 0.231005 0.236709 -0.00226209 0.117224
1.025 0.228598 0.234413 -0.00223705 0.116088
1.05 0.226133 0.232049 -0.00221046 0.114919
1.075 0.223609 0.229618 -0.00218232 0.113718
1.1 0.221029 0.227121 -0.00215265 0.112484
1.125 0.218394 0.224559 -0.00212147 0.111219
1.15 0.215704 0.221933 -0.00208882 0.109922
1.175 0.212963 0.219246 -0.00205472 0.108596
1.2 0.210171 0.216499 -0.00201922 0.10724
1.225 0.20733 0.213693 -0.00198236 0.105856
1.25 0.204442 0.210832 -0.0019442 0.104444
1.275 0.20151 0.207916 -0.00190478 0.103006
1.3 0.198535 0.204949 -0.00186417 0.101542
1.325 0.19552 0.201932 -0.00182244 0.100055
1.35 0.192466 0.198869 -0.00177964 0.0985445
1.375 0.189377 0.195761 -0.00173585 0.0970126
1.4 0.186254 0.192612 -0.00169115 0.0954603
1.425 0.1831 0.189424 -0.00164561 0.0938891
1.45 0.179918 0.1862 -0.00159931 0.0923004
1.475 0.17671 0.182944 -0.00155233 0.0906956
1.5 0.17348 0.179657 -0.00150476 0.0890762
1.525 0.170229 0.176344 -0.00145667 0.0874436
1.55 0.16696 0.173007 -0.00140816 0.0857995
1.575 0.163677 0.16965 -0.00135932 0.0841453
1.6 0.160382 0.166275 -0.00131022 0.0824826
1.625 0.157078 0.162887 -0.00126096 0.080813
1.65 0.153767 0.159488 -0.00121162 0.079138
1.675 0.150453 0.156081 -0.00116228 0.0774592
1.7 0.147139 0.152669 -0.00111303 0.0757781
1.725 0.143826 0.149257 -0.00106396 0.0740964
1.75 0.140519 0.145846 -0.00101513 0.0724155
1.775 0.13722 0.142441 -0.000966641 0.070737
1.8 0.133931 0.139044 -0.000918557 0.0690625
1.825 0.130655 0.135658 -0.000870955 0.0673933
1.85 0.127395 0.132286 -0.000823906 0.065731
1.875 0.124154 0.128931 -0.000777479 0.064077
1.9 0.120934 0.125597 -0.000731738 0.0624326
1.925 0.117737 0.122285 -0.000686746 0.0607993
1.95 0.114566 0.118999 -0.000642561 0.0591784
1.975 0.111424 0.115741 -0.000599238 0.0575711
2 0.108312 0.112514 -0.000556827 0.0559787
2.025 0.105233 0.10932 -0.000515378 0.0544023
2.05 0.102189 0.106161 -0.000474932 0.0528431
2.075 0.0991812 0.10304 -0.000435531 0.0513022
2.1 0.0962124 0.0999584 -0.00039721 0.0497806
2.125 0.0932842 0.0969186 -0.00036 0.0482793
2.15 0.0903983 0.0939224 -0.000323932 0.0467993
2.175 0.0875563 0.0909716 -0.000289028 0.0453413
2.2 0.0847597 0.0880677 -0.000255309 0.0439062
2.225 0.0820098 0.0852124 -0.000222792 0.0424948
2.25 0.0793081 0.082407 -0.000191491 0.0411077
2.275 0.0766557 0.0796528 -0.000161415 0.0397457
2.3 0.0740537 0.076951 -0.000132571 0.0384092
2.325 0.071503 0.0743027 -0.00010496 0.0370988
2.35 0.0690046 0.0717087 -7.85826e-05 0.0358151
2.375 0.0665593 0.06917 -5.34354e-05 0.0345583
2.4 0.0641676 0.0666871 -2.95116e-05 0.0333288
2.425 0.0618303 0.0642608 -6.8019e-06 0.032127
2.45 0.0595476 0.0618915 1.47057e-05 0.0309531
2.475 0.0573201 0.0595796 3.50258e-05 0.0298073
2.5 0.0551479 0.0573253 5.41754e-05 0.0286897
2.525 0.0530312 0.0551288 7.21735e-05 0.0276005
2.55 0.0509702 0.0529902 8.90415e-05 0.0265396
2.575 0.0489648 0.0509094 0.000104802 0.0255071
2.6 0.0470149 0.0488864 0.000119481 0.024503
2.625 0.0451203 0.046921 0.000133104 0.023527
2.65 0.0432808 0.0450127 0.000145698 0.0225792
2.675 0.041496 0.0431614 0.000157294 0.0216593
2.7 0.0397656 0.0413664 0.00016792 0.0207672
2.725 0.038089 0.0396274 0.000177608 0.0199025
2.75 0.0364656 0.0379437 0.000186391 0.019065
2.775 0.034895 0.0363146 0.000194299 0.0182544
2.8 0.0333763 0.0347395 0.000201367 0.0174704
2.825 0.031909 0.0332175 0.000207628 0.0167126
2.85 0.0304921 0.0317479 0.000213115 0.0159805
2.875 0.029125 0.0303298 0.000217862 0.0152738
2.9 0.0278066 0.0289622 0.000221903 0.014592
2.925 0.0265362 0.0276442 0.000225272 0.0139348
2.95 0.0253128 0.0263749 0.000228002 0.0133015
2.975 0.0241353 0.0251532 0.000230125 0.0126916
3 0.0230029 0.023978 0.000231676 0.0121048
3.025 0.0219144 0.0228483 0.000232686 0.0115405
3.05 0.0208689 0.0217629 0.000233187 0.0109981
3.075 0.0198652 0.0207209 0.000233211 0.010477
3.1 0.0189023 0.0197209 0.000232787 0.00997686
3.125 0.017979 0.018762 0.000231946 0.00949699
3.15 0.0170944 0.017843 0.000230716 0.00903685
3.175 0.0162472 0.0169627 0.000229127 0.00859589
3.2 0.0154364 0.0161199 0.000227204 0.00817355
3.225 0.0146608 0.0153135 0.000224975 0.00776926
3.25 0.0139194 0.0145425 0.000222466 0.00738247
3.275 0.013211 0.0138055 0.0002197 0.00701262
3.3 0.0125345 0.0131016 0.000216702 0.00665916
3.325 0.0118889 0.0124296 0.000213494 0.00632153
3.35 0.0112731 0.0117883 0.000210097 0.00599919
3.375 0.010686 0.0111767 0.000206533 0.00569161
3.4 0.0101265 0.0105937 0.000202822 0.00539826
3.425 0.00959371 0.0100383 0.000198981 0.00511862
3.45 0.00908649 0.0095093 0.00019503 0.00485216
3.475 0.00860389 0.00900582 0.000190984 0.0045984
3.5 0.00814493 0.0085268 0.000186859 0.00435683
3.525 0.00770865 0.00807128 0.000182672 0.00412698
3.55 0.00729412 0.0076383 0.000178435 0.00390836
3.575 0.00690042 0.0072269 0.000174161 0.00370053
3.6 0.00652666 0.0068362 0.000169864 0.00350303
3.625 0.00617199 0.0064653 0.000165555 0.00331543
3.65 0.00583557 0.00611333 0.000161244 0.00313729
3.675 0.00551657 0.00577947 0.000156941 0.00296821
3.7 0.0052142 0.0054629 0.000152656 0.00280778
3.725 0.00492771 0.00516284 0.000148396 0.00265562
3.75 0.00465635 0.00487853 0.000144169 0.00251135
3.775 0.00439941 0.00460923 0.000139983 0.00237461
3.8 0.0041562 0.00435424 0.000135844 0.00224504
3.825 0.00392605 0.00411287 0.000131757 0.00212231
3.85 0.00370832 0.00388446 0.000127727 0.0020061
3.875 0.00350241 0.00366839 0.00012376 0.00189608
3.9 0.00330771 0.00346404 0.000119859 0.00179195
3.925 0.00312366 0.00327083 0.000116028 0.00169343
3.95 0.00294971 0.00308819 0.000112269 0.00160023
3.975 0.00278536 0.0029156 0.000108587 0.00151209
4 0.00263008 0.00275252 0.000104981 0.00142875
4.025 0.00248342 0.00259847 0.000101456 0.00134996
4.05 0.00234492 0.00245298 9.80116e-05 0.0012755
4.075 0.00221413 0.0023156 9.46494e-05 0.00120512
4.1 0.00209065 0.00218589 9.13703e-05 0.00113863
4.125 0.00197408 0.00206345 8.81749e-05 0.00107581
4.15 0.00186405 0.00194788 8.50634e-05 0.00101647
4.175 0.00176019 0.00183881 8.20358e-05 0.000960423
4.2 0.00166217 0.00173589 7.9092e-05 0.000907489
4.225 0.00156966 0.00163877 7.62316e-05 0.000857501
4.25 0.00148237 0.00154714 7.34539e-05 0.000810297
4.275 0.00139998 0.00146069 7.07583e-05 0.000765726
4.3 0.00132224 0.00137914 6.81439e-05 0.000723641
4.325 0.00124888 0.0013022 6.56096e-05 0.000683906
4.35 0.00117965 0.00122962 6.31542e-05 0.000646389
4.375 0.00111431 0.00116116 6.07766e-05 0.000610967
4.4 0.00105265 0.00109657 5.84753e-05 0.000577522
4.425 0.000994459 0.00103564 5.6249e-05 0.000545943
4.45 0.000939535 0.000978154 5.40962e-05 0.000516125
4.475 0.000887692 0.000923922 5.20152e-05 0.000487969
4.5 0.000838755 0.000872754 5.00046e-05 0.000461379
4.525 0.000792556 0.000824474 4.80626e-05 0.000436268
4.55 0.000748939 0.000778916 4.61876e-05 0.000412552
4.575 0.000707755 0.000735922 4.4378e-05 0.00039015
4.6 0.000668865 0.000695346 4.26319e-05 0.000368989
4.625 0.000632139 0.000657046 4.09478e-05 0.000348997
4.65 0.00059745 0.000620893 3.93239e-05 0.000330108
4.675 0.000564684 0.000586761 3.77585e-05 0.00031226
4.7 0.00053373 0.000554534 3.62499e-05 0.000295392
4.725 0.000504486 0.000524103 3.47964e-05 0.00027945
4.75 0.000476853 0.000495364 3.33964e-05 0.00026438
4.775 0.00045074 0.000468219 3.20482e-05 0.000250134
4.8 0.000426061 0.000442578 3.07502e-05 0.000236664
4.825 0.000402735 0.000418353 2.95008e-05 0.000223927
4.85 0.000380686 0.000395465 2.82984e-05 0.000211882
4.875 0.000359842 0.000373836 2.71416e-05 0.000200489
4.9 0.000340136 0.000353396 2.60287e-05 0.000189712
4.925 0.000321504 0.000334076 2.49584e-05 0.000179517
4.95 0.000303886 0.000315814 2.39292e-05 0.000169871
4.975 0.000287227 0.000298549 2.29397e-05 0.000160744
5 0.000271473 0.000282227 2.19885e-05 0.000152108
5.025 0.000256575 0.000266793 2.10743e-05 0.000143934
5.05 0.000242486 0.0002522 2.01958e-05 0.000136198
5.075 0.000229161 0.000238399 1.93517e-05 0.000128875
5.1 0.000216559 0.000225348 1.85409e-05 0.000121944
5.125 0.000204641 0.000213004 1.77621e-05 0.000115383
5.15 0.00019337 0.00020133 1.70142e-05 0.000109172
5.175 0.000182712 0.000190288 1.62961e-05 0.000103292
5.2 0.000172632 0.000179844 1.56067e-05 9.77252e-05
5.225 0.000163101 0.000169966 1.4945e-05 9.24552e-05
5.25 0.000154088 0.000160622 1.43098e-05 8.74661e-05
5.275 0.000145567 0.000151785 1.37004e-05 8.27428e-05
5.3 0.000137511 0.000143427 1.31157e-05 7.82715e-05
5.325 0.000129896 0.000135523 1.25547e-05 7.40387e-05
5.35 0.000122698 0.000128047 1.20167e-05 7.0032e-05
5.375 0.000115894 0.000120978 1.15007e-05 6.62395e-05
5.4 0.000109465 0.000114294 1.1006e-05 6.26499e-05
5.425 0.00010339 0.000107974 1.05316e-05 5.92527e-05
5.45 9.76499e-05 0.000101999 1.0077e-05 5.60379e-05
5.475 9.22278e-05 9.63505e-05 9.64118e-06 5.29958e-05
5.5 8.71065e-05 9.10118e-05 9.22358e-06 5.01177e-05
5.525 8.22699e-05 8.59662e-05 8.82347e-06 4.73948e-05
5.55 7.77028e-05 8.11982e-05 8.44017e-06 4.48192e-05
5.575 7.33908e-05 7.66933e-05 8.07302e-06 4.23832e-05
5.6 6.93203e-05 7.24375e-05 7.7214e-06 4.00795e-05
5.625 6.54783e-05 6.84176e-05 7.38471e-06 3.79012e-05
5.65 6.18523e-05 6.46211e-05 7.06236e-06 3.58417e-05
5.675 5.84308e-05 6.10361e-05 6.75378e-06 3.38949e-05
5.7 5.52025e-05 5.76514e-05 6.45842e-06 3.20549e-05
5.725 5.2157e-05 5.44563e-05 6.17576e-06 3.0316e-05
5.75 4.92842e-05 5.14405e-05 5.9053e-06 2.86729e-05
5.775 4.65745e-05 4.85946e-05 5.64654e-06 2.71206e-05
5.8 4.4019e-05 4.59093e-05 5.399e-06 2.56541e-05
5.825 4.16091e-05 4.33758e-05 5.16223e-06 2.4269e-05
5.85 3.93366e-05 4.0986e-05 4.9358e-06 2.29609e-05
5.875 3.71938e-05 3.8732e-05 4.71926e-06 2.17256e-05
5.9 3.51734e-05 3.66063e-05 4.51223e-06 2.05592e-05
5.925 3.32684e-05 3.46017e-05 4.31429e-06 1.9458e-05
5.95 3.14723e-05 3.27117e-05 4.12507e-06 1.84184e-05
5.975 2.97788e-05 3.09298e-05 3.94419e-06 1.7437e-05
6 2.8182e-05 2.92498e-05 3.77132e-06 1.65106e-05
6.025 2.66764e-05 2.76661e-05 3.6061e-06 1.56361e-05
6.05 2.52565e-05 2.61732e-05 3.44821e-06 1.48107e-05
6.075 2.39175e-05 2.47658e-05 3.29734e-06 1.40316e-05
6.1 2.26545e-05 2.34391e-05 3.15316e-06 1.32961e-05
6.125 2.14631e-05 2.21883e-05 3.01541e-06 1.26019e-05
6.15 2.03391e-05 2.10091e-05 2.88378e-06 1.19465e-05
6.175 1.92785e-05 1.98973e-05 2.75802e-06 1.13277e-05
6.2 1.82774e-05 1.88489e-05 2.63786e-06 1.07434e-05
6.225 1.73324e-05 1.78601e-05 2.52305e-06 1.01916e-05
6.25 1.64401e-05 1.69274e-05 2.41335e-06 9.67036e-06
6.275 1.55974e-05 1.60474e-05 2.30854e-06 9.17798e-06
6.3 1.48011e-05 1.5217e-05 2.20838e-06 8.71271e-06
6.325 1.40486e-05 1.44333e-05 2.11267e-06 8.27297e-06
6.35 1.33372e-05 1.36933e-05 2.0212e-06 7.85724e-06
6.375 1.26645e-05 1.29944e-05 1.93379e-06 7.4641e-06
6.4 1.2028e-05 1.23342e-05 1.85023e-06 7.0922e-06
6.425 1.14256e-05 1.17102e-05 1.77036e-06 6.74028e-06
6.45 1.08552e-05 1.11203e-05 1.69401e-06 6.40716e-06
6.475 1.03149e-05 1.05624e-05 1.621e-06 6.0917e-06
6.5 9.80294e-06 1.00345e-05 1.55119e-06 5.79286e-06
6.525 9.31753e-06 9.53485e-06 1.48443e-06 5.50964e-06
6.55 8.85712e-06 9.06168e-06 1.42057e-06 5.24112e-06
6.575 8.42021e-06 8.61338e-06 1.35948e-06 4.98643e-06
6.6 8.0054e-06 8.18846e-06 1.30103e-06 4.74474e-06
6.625 7.61141e-06 7.7855e-06 1.24509e-06 4.5153e-06
6.65 7.237e-06 7.40319e-06 1.19156e-06 4.29737e-06
6.675 6.88104e-06 7.04029e-06 1.14031e-06 4.0903e-06
6.7 6.54248e-06 6.69565e-06 1.09125e-06 3.89345e-06
6.725 6.22032e-06 6.36821e-06 1.04427e-06 3.70624e-06
6.75 5.91364e-06 6.05694e-06 9.99273e-07 3.52811e-06
6.775 5.62159e-06 5.76093e-06 9.56175e-07 3.35855e-06
6.8 5.34337e-06 5.47929e-06 9.14888e-07 3.19709e-06
6.825 5.07823e-06 5.21122e-06 8.75329e-07 3.04327e-06
6.85 4.82549e-06 4.95595e-06 8.37422e-07 2.89669e-06
6.875 4.58451e-06 4.71279e-06 8.01094e-07 2.75694e-06
6.9 4.35468e-06 4.48107e-06 7.66274e-07 2.62367e-06
6.925 4.13546e-06 4.26018e-06 7.32897e-07 2.49654e-06
6.95 3.92632e-06 4.04956e-06 7.00901e-07 2.37523e-06
6.975 3.7268e-06 3.84866e-06 6.70227e-07 2.25945e-06
7 3.53643e-06 3.65701e-06 6.40818e-07 2.14891e-06
7.025 3.35481e-06 3.47413e-06 6.12622e-07 2.04338e-06
7.05 3.18154e-06 3.29961e-06 5.85588e-07 1.9426e-06
7.075 3.01627e-06 3.13303e-06 5.59668e-07 1.84635e-06
7.1 2.85864e-06 2.97403e-06 5.34818e-07 1.75442e-06
7.125 2.70835e-06 2.82226e-06 5.10993e-07 1.66662e-06
7.15 2.56508e-06 2.67739e-06 4.88154e-07 1.58277e-06
7.175 2.42855e-06 2.53912e-06 4.66261e-07 1.50269e-06
7.2 2.2985e-06 2.40716e-06 4.45278e-07 1.42622e-06
7.225 2.17467e-06 2.28125e-06 4.25168e-07 1.35321e-06
7.25 2.05681e-06 2.16113e-06 4.059e-07 1.28352e-06
7.275 1.94469e-06 2.04657e-06 3.87439e-07 1.21701e-06
7.3 1.83809e-06 1.93735e-06 3.69757e-07 1.15355e-06
7.325 1.73679e-06 1.83325e-06 3.52823e-07 1.09304e-06
7.35 1.64058e-06 1.73407e-06 3.3661e-07 1.03534e-06
7.375 1.54927e-06 1.63963e-06 3.2109e-07 9.8036e-07
7.4 1.46266e-06 1.54974e-06 3.06238e-07 9.27988e-07
7.425 1.38056e-06 1.46423e-06 2.92029e-07 8.78127e-07
7.45 1.30278e-06 1.38293e-06 2.78438e-07 8.30682e-07
7.475 1.22915e-06 1.30568e-06 2.65444e-07 7.85562e-07
7.5 1.1595e-06 1.23233e-06 2.53023e-07 7.42678e-07
7.525 1.09364e-06 1.16274e-06 2.41155e-07 7.01947e-07
7.55 1.03142e-06 1.09675e-06 2.29818e-07 6.63286e-07
7.575 9.72679e-07 1.03424e-06 2.18994e-07 6.26615e-07
7.6 9.17251e-07 9.75053e-07 2.08661e-07 5.91857e-07
7.625 8.64984e-07 9.19071e-07 1.98802e-07 5.58936e-07
7.65 8.15729e-07 8.6616e-07 1.89399e-07 5.27779e-07
7.675 7.6934e-07 8.16196e-07 1.80433e-07 4.98314e-07
7.7 7.25676e-07 7.69054e-07 1.71888e-07 4.70471e-07
7.725 6.84599e-07 7.24615e-07 1.63747e-07 4.44181e-07
7.75 6.45978e-07 6.82759e-07 1.55994e-07 4.19376e-07
7.775 6.09682e-07 6.43371e-07 1.48614e-07 3.95992e-07
7.8 5.7559e-07 6.06337e-07 1.41591e-07 3.73964e-07
7.825 5.43581e-07 5.71546e-07 1.3491e-07 3.53228e-07
7.85 5.13542e-07 5.3889e-07 1.28558e-07 3.33724e-07
7.875 4.85362e-07 5.08262e-07 1.2252e-07 3.15391e-07
7.9 4.58937e-07 4.79558e-07 1.16783e-07 2.9817e-07
7.925 4.34165e-07 4.52677e-07 1.11333e-07 2.82005e-07
7.95 4.10952e-07 4.27521e-07 1.06158e-07 2.66839e-07
7.975 3.89206e-07 4.03993e-07 1.01246e-07 2.52619e-07
8 3.68839e-07 3.82001e-07 9.65843e-08 2.39292e-07
8.025 3.49768e-07 3.61454e-07 9.21614e-08 2.26808e-07
8.05 3.31915e-07 3.42266e-07 8.7966e-08 2.15116e-07
8.075 3.15205e-07 3.24354e-07 8.39872e-08 2.0417e-07
8.1 2.99567e-07 3.07635e-07 8.02143e-08 1.93925e-07
8.125 2.84933e-07 2.92033e-07 7.66371e-08 1.84335e-07
8.15 2.71239e-07 2.77474e-07 7.32455e-08 1.7536e-07
8.175 2.58424e-07 2.63887e-07 7.003e-08 1.66958e-07
8.2 2.4643e-07 2.51205e-07 6.69812e-08 1.59093e-07
8.225 2.35203e-07 2.39363e-07 6.40902e-08 1.51726e-07
8.25 2.24689e-07 2.283e-07 6.13484e-08 1.44824e-07
8.275 2.1484e-07 2.17961e-07 5.87474e-08 1.38354e-07
8.3 2.05608e-07 2.08289e-07 5.62792e-08 1.32284e-07
8.325 1.96948e-07 1.99235e-07 5.39361e-08 1.26586e-07
8.35 1.88817e-07 1.90751e-07 5.17109e-08 1.21231e-07
8.375 1.81174e-07 1.82791e-07 4.95963e-08 1.16194e-07
8.4 1.73981e-07 1.75314e-07 4.75857e-08 1.1145e-07
8.425 1.67201e-07 1.6828e-07 4.56727e-08 1.06977e-07
8.45 1.60799e-07 1.61655e-07 4.38512e-08 1.02753e-07
8.475 1.54742e-07 1.55402e-07 4.21153e-08 9.87587e-08
8.5 1.48998e-07 1.49492e-07 4.04596e-08 9.49758e-08
8.525 1.43538e-07 1.43895e-07 3.88789e-08 9.1387e-08
8.55 1.38334e-07 1.38585e-07 3.73683e-08 8.79764e-08
8.575 1.33361e-07 1.33536e-07 3.59231e-08 8.47294e-08
8.6 1.28594e-07 1.28726e-07 3.45391e-08 8.16323e-08
8.625 1.24011e-07 1.24133e-07 3.32122e-08 7.86727e-08
8.65 1.19592e-07 1.19739e-07 3.19387e-08 7.58389e-08
8.675 1.15318e-07 1.15526e-07 3.0715e-08 7.31205e-08
8.7 1.11171e-07 1.11477e-07 2.9538e-08 7.05076e-08
8.725 1.07138e-07 1.07578e-07 2.84046e-08 6.79912e-08
8.75 1.03205e-07 1.03814e-07 2.73122e-08 6.55633e-08
8.775 9.9361e-08 1.00175e-07 2.62581e-08 6.32164e-08
8.8 9.55953e-08 9.66472e-08 2.52402e-08 6.09437e-08
8.825 9.19004e-08 9.3222e-08 2.42563e-08 5.87391e-08
8.85 8.82699e-08 8.98897e-08 2.33046e-08 5.65971e-08
8.875 8.46989e-08 8.66423e-08 2.23833e-08 5.45128e-08
8.9 8.1184e-08 8.34724e-08 2.1491e-08 5.24817e-08
8.925 7.77232e-08 8.03737e-08 2.06263e-08 5.05e-08
8.95 7.43157e-08 7.73406e-08 1.97879e-08 4.85643e-08
8.975 7.09619e-08 7.43683e-08 1.89749e-08 4.66716e-08
9 6.76631e-08 7.14528e-08 1.81863e-08 4.48195e-08
9.025 6.44215e-08 6.85908e-08 1.74212e-08 4.3006e-08
9.05 6.12401e-08 6.57797e-08 1.66789e-08 4.12293e-08
9.075 5.81225e-08 6.30175e-08 1.59589e-08 3.94882e-08
9.1 5.50726e-08 6.0303e-08 1.52604e-08 3.77817e-08
9.125 5.20947e-08 5.76355e-08 1.45831e-08 3.61093e-08
9.15 4.91935e-08 5.50148e-08 1.39266e-08 3.44707e-08
9.175 4.63732e-08 5.24413e-08 1.32903e-08 3.28658e-08
9.2 4.36385e-08 4.99158e-08 1.26741e-08 3.12949e-08
9.225 4.09935e-08 4.74395e-08 1.20776e-08 2.97585e-08
9.25 3.84421e-08 4.50141e-08 1.15005e-08 2.82573e-08
9.275 3.59878e-08 4.26414e-08 1.09425e-08 2.6792e-08
9.3 3.36337e-08 4.03238e-08 1.04035e-08 2.53636e-08
9.325 3.13823e-08 3.80635e-08 9.88313e-09 2.39733e-08
9.35 2.92353e-08 3.58632e-08 9.38122e-09 2.26222e-08
9.375 2.7194e-08 3.37255e-08 8.89752e-09 2.13115e-08
9.4 2.5259e-08 3.16531e-08 8.4318e-09 2.00424e-08
9.425 2.343e-08 2.96485e-08 7.9838e-09 1.88161e-08
9.45 2.17065e-08 2.77144e-08 7.55329e-09 1.76338e-08
9.475 2.00867e-08 2.58531e-08 7.14001e-09 1.64965e-08
9.5 1.85688e-08 2.40669e-08 6.74367e-09 1.54053e-08
9.525 1.715e-08 2.23577e-08 6.36402e-09 1.43609e-08
9.55 1.58272e-08 2.07272e-08 6.00075e-09 1.3364e-08
9.575 1.45967e-08 1.91768e-08 5.65357e-09 1.24152e-08
9.6 1.34545e-08 1.77076e-08 5.32217e-09 1.15149e-08
9.625 1.23961e-08 1.632e-08 5.00622e-09 1.06631e-08
9.65 1.1417e-08 1.50144e-08 4.70541e-09 9.85991e-09
9.675 1.05124e-08 1.37906e-08 4.41939e-09 9.10499e-09
9.7 9.67732e-09 1.26479e-08 4.14782e-09 8.39789e-09
9.725 8.90688e-09 1.15855e-08 3.89036e-09 7.73792e-09
9.75 8.19619e-09 1.06017e-08 3.64663e-09 7.12419e-09
9.775 7.5405e-09 9.69495e-09 3.41629e-09 6.55562e-09
9.8 6.93523e-09 8.8629e-09 3.19897e-09 6.03094e-09
9.825 6.37601e-09 8.10307e-09 2.9943e-09 5.54868e-09
9.85 5.85878e-09 7.41261e-09 2.80189e-09 5.10725e-09
9.875 5.37979e-09 6.7884e-09 2.62139e-09 4.70489e-09
9.9 4.93563e-09 6.22707e-09 2.4524e-09 4.33974e-09
9.925 4.52325e-09 5.72507e-09 2.29455e-09 4.00981e-09
9.95 4.14e-09 5.27868e-09 2.14745e-09 3.71307e-09
9.975 3.7836e-09 4.88409e-09 2.01071e-09 3.4474e-09
10 3.45214e-09 4.53741e-09 1.88395e-09 3.21068e-09
10.025 3.14407e-09 4.23475e-09 1.76677e-09 3.00076e-09
10.05 2.8582e-09 3.97223e-09 1.65877e-09 2.8155e-09
10.075 2.59363e-09 3.74604e-09 1.55956e-09 2.6528e-09
10.1 2.34974e-09 3.55251e-09 1.46874e-09 2.51062e-09
10.125 2.12616e-09 3.38806e-09 1.38591e-09 2.38698e-09
10.15 1.92268e-09 3.24932e-09 1.31065e-09 2.27999e-09
10.175 1.73929e-09 3.13312e-09 1.24257e-09 2.18784e-09
10.2 1.57604e-09 3.03649e-09 1.18126e-09 2.10887e-09
10.225 1.43307e-09 2.95672e-09 1.1263e-09 2.04151e-09
10.25 1.31053e-09 2.89134e-09 1.0773e-09 1.98432e-09
10.275 1.20851e-09 2.83817e-09 1.03382e-09 1.936e-09
10.3 1.12707e-09 2.79524e-09 9.95483e-10 1.89536e-09
10.325 1.06613e-09 2.7609e-09 9.61866e-10 1.86138e-09
10.35 1.0255e-09 2.73369e-09 9.32571e-10 1.83313e-09
10.375 1.0048e-09 2.71244e-09 9.07201e-10 1.80982e-09
10.4 1.00349e-09 2.69618e-09 8.85364e-10 1.79077e-09
10.425 1.0208e-09 2.68416e-09 8.66678e-10 1.77542e-09
10.45 1.05578e-09 2.6758e-09 8.50766e-10 1.76329e-09
10.475 1.10724e-09 2.67071e-09 8.37265e-10 1.75399e-09
10.5 1.17381e-09 2.6686e-09 8.25823e-10 1.74721e-09
10.525 1.25389e-09 2.66931e-09 8.16101e-10 1.74271e-09
10.55 1.34572e-09 2.67278e-09 8.07775e-10 1.74028e-09
10.575 1.44737e-09 2.67899e-09 8.00539e-10 1.73976e-09
10.6 1.55678e-09 2.68796e-09 7.94103e-10 1.74103e-09
10.625 1.67176e-09 2.69971e-09 7.88196e-10 1.74395e-09
10.65 1.79006e-09 2.71427e-09 7.82568e-10 1.74842e-09
10.675 1.9094e-09 2.73163e-09 7.7699e-10 1.75431e-09
10.7 2.02745e-09 2.75173e-09 7.71254e-10 1.76149e-09
10.725 2.14196e-09 2.77444e-09 7.65174e-10 1.76981e-09
10.75 2.25072e-09 2.79957e-09 7.58588e-10 1.77908e-09
10.775 2.35163e-09 2.82685e-09 7.51354e-10 1.7891e-09
10.8 2.44273e-09 2.85592e-09 7.43355e-10 1.79964e-09
10.825 2.52221e-09 2.88633e-09 7.34496e-10 1.81042e-09
10.85 2.5885e-09 2.91757e-09 7.24703e-10 1.82113e-09
10.875 2.64022e-09 2.94901e-09 7.13924e-10 1.83147e-09
10.9 2.67624e-09 2.97999e-09 7.02126e-10 1.84106e-09
10.925 2.69571e-09 3.00977e-09 6.89295e-10 1.84953e-09
10.95 2.69803e-09 3.03758e-09 6.75438e-10 1.85651e-09
10.975 2.68289e-09 3.06259e-09 6.60575e-10 1.86158e-09
11 2.65027e-09 3.08397e-09 6.44743e-10 1.86436e-09
11.025 2.60043e-09 3.10091e-09 6.27992e-10 1.86445e-09
11.05 2.53388e-09 3.11258e-09 6.10384e-10 1.86148e-09
11.075 2.45142e-09 3.11822e-09 5.91989e-10 1.8551e-09
11.1 2.35407e-09 3.1171e-09 5.72889e-10 1.84499e-09
11.125 2.24307e-09 3.10857e-09 5.53169e-10 1.83087e-09
11.15 2.11987e-09 3.09206e-09 5.32922e-10 1.81249e-09
11.175 1.98606e-09 3.06711e-09 5.12241e-10 1.78968e-09
11.2 1.8434e-09 3.03336e-09 4.91223e-10 1.76229e-09
11.225 1.69373e-09 2.99058e-09 4.69964e-10 1.73027e-09
11.25 1.53897e-09 2.93865e-09 4.48558e-10 1.6936e-09
11.275 1.38108e-09 2.87761e-09 4.27097e-10 1.65235e-09
11.3 1.222e-09 2.80762e-09 4.05669e-10 1.60664e-09
11.325 1.06368e-09 2.72897e-09 3.84358e-10 1.55666e-09
11.35 9.07973e-10 2.6421e-09 3.63239e-10 1.50267e-09
11.375 7.5665e-10 2.54757e-09 3.42385e-10 1.44498e-09
11.4 6.11365e-10 2.44606e-09 3.21859e-10 1.38396e-09
11.425 4.73622e-10 2.33836e-09 3.01718e-10 1.32004e-09
11.45 3.44759e-10 2.22536e-09 2.82012e-10 1.25368e-09
11.475 2.25927e-10 2.10802e-09 2.62781e-10 1.1854e-09
11.5 1.18078e-10 1.9874e-09 2.4406e-10 1.11573e-09
11.525 2.19522e-11 1.86457e-09 2.25877e-10 1.04523e-09
11.55 -6.19269e-11 1.74068e-09 2.08251e-10 9.74464e-10
11.575 -1.33256e-10 1.61685e-09 1.91197e-10 9.04021e-10
11.6 -1.9195e-10 1.49422e-09 1.74723e-10 8.3447e-10
11.625 -2.38136e-10 1.37391e-09 1.58832e-10 7.66368e-10
11.65 -2.72145e-10 1.25699e-09 1.43521e-10 7.00255e-10
11.675 -2.94499e-10 1.14449e-09 1.28786e-10 6.36636e-10
11.7 -3.05895e-10 1.03735e-09 1.14619e-10 5.75983e-10
11.725 -3.07186e-10 9.36429e-10 1.01009e-10 5.18719e-10
11.75 -2.99362e-10 8.42496e-10 8.79432e-11 4.6522e-10
11.775 -2.83527e-10 7.562e-10 7.54089e-11 4.15804e-10
11.8 -2.60874e-10 6.78072e-10 6.33928e-11 3.70733e-10
11.825 -2.32661e-10 6.08521e-10 5.1882e-11 3.30201e-10
11.85 -2.00183e-10 5.47823e-10 4.08645e-11 2.94344e-10
11.875 -1.64754e-10 4.96123e-10 3.03296e-11 2.63226e-10
11.9 -1.27671e-10 4.53437e-10 2.02685e-11 2.36853e-10
11.925 -9.02015e-11 4.19648e-10 1.06744e-11 2.15161e-10
11.95 -5.35524e-11 3.94518e-10 1.5427e-12 1.9803e-10
11.975 -1.88536e-11 3.77691e-10 -7.12891e-12 1.85281e-10
12 1.28621e-11 3.68704e-10 -1.53403e-11 1.76682e-10
12.025 4.06752e-11 3.66993e-10 -2.30891e-11 1.71952e-10
12.05 6.37938e-11 3.7191e-10 -3.03707e-11 1.7077e-10
12.075 8.15641e-11 3.82736e-10 -3.71788e-11 1.72779e-10
12.1 9.34789e-11 3.98691e-10 -4.35054e-11 1.77593e-10
12.125 9.91832e-11 4.18952e-10 -4.93412e-11 1.84805e-10
12.15 9.84758e-11 4.42669e-10 -5.46763e-11 1.93996e-10
12.175 9.13094e-11 4.68977e-10 -5.95001e-11 2.04739e-10
12.2 7.77865e-11 4.97016e-10 -6.38024e-11 2.16607e-10
12.225 5.81538e-11 5.25941e-10 -6.75735e-11 2.29184e-10
12.25 3.2793e-11 5.54938e-10 -7.08047e-11 2.42067e-10
12.275 2.21016e-12 5.8324e-10 -7.34889e-11 2.54876e-10
12.3 -3.29773e-11 6.10135e-10 -7.56212e-11 2.67257e-10
12.325 -7.20554e-11 6.34979e-10 -7.7199e-11 2.7889e-10
12.35 -1.1423e-10 6.57204e-10 -7.82226e-11 2.89491e-10
12.375 -1.58643e-10 6.76326e-10 -7.86955e-11 2.98815e-10
12.4 -2.04393e-10 6.91953e-10 -7.86248e-11 3.06664e-10
12.425 -2.50549e-10 7.03785e-10 -7.80212e-11 3.12882e-10
12.45 -2.96175e-10 7.11621e-10 -7.68993e-11 3.17361e-10
12.475 -3.40343e-10 7.15355e-10 -7.52779e-11 3.20038e-10
12.5 -3.82152e-10 7.14978e-10 -7.31796e-11 3.20899e-10
12.525 -4.20747e-10 7.10573e-10 -7.06308e-11 3.19971e-10
12.55 -4.55333e-10 7.02312e-10 -6.7662e-11 3.17325e-10
12.575 -4.85187e-10 6.90448e-10 -6.43071e-11 3.13071e-10
12.6 -5.09674e-10 6.7531e-10 -6.06034e-11 3.07353e-10
12.625 -5.28258e-10 6.57292e-10 -5.65911e-11 3.00351e-10
12.65 -5.40505e-10 6.36845e-10 -5.2313e-11 2.92266e-10
12.675 -5.46098e-10 6.14463e-10 -4.78143e-11 2.83325e-10
12.7 -5.44835e-10 5.9068e-10 -4.31415e-11 2.73769e-10
12.725 -5.36634e-10 5.66049e-10 -3.83425e-11 2.63853e-10
12.75 -5.21533e-10 5.41137e-10 -3.34657e-11 2.53836e-10
12.775 -4.99689e-10 5.16511e-10 -2.85595e-11 2.43976e-10
12.8 -4.71372e-10 4.92727e-10 -2.3672e-11 2.34528e-10
12.825 -4.36962e-10 4.70321e-10 -1.885e-11 2.25735e-10
12.85 -3.96938e-10 4.49795e-10 -1.41388e-11 2.17828e-10
12.875 -3.51871e-10 4.31611e-10 -9.58143e-12 2.11015e-10
12.9 -3.02414e-10 4.16183e-10 -5.21835e-12 2.05482e-10
12.925 -2.49288e-10 4.03866e-10 -1.08692e-12 2.0139e-10
12.95 -1.93272e-10 3.94954e-10 2.77906e-12 1.98867e-10
12.975 -1.35185e-10 3.89673e-10 6.34963e-12 1.98011e-10
13 -7.58781e-11 3.88178e-10 9.59907e-12 1.98888e-10
13.025 -1.62151e-11 3.9055e-10 1.25061e-11 2.01528e-10
13.05 4.29391e-11 3.96797e-10 1.50539e-11 2.05925e-10
13.075 1.00734e-10 4.06853e-10 1.72306e-11 2.12042e-10
13.1 1.56344e-10 4.20581e-10 1.90289e-11 2.19805e-10
13.125 2.08987e-10 4.37777e-10 2.04465e-11 2.29112e-10
13.15 2.5793e-10 4.5817e-10 2.14854e-11 2.39828e-10
13.175 3.02505e-10 4.81432e-10 2.21525e-11 2.51792e-10
13.2 3.42114e-10 5.07184e-10 2.24588e-11 2.64821e-10
13.225 3.76244e-10 5.35e-10 2.24193e-11 2.78709e-10
13.25 4.04466e-10 5.64417e-10 2.20528e-11 2.93235e-10
13.275 4.26448e-10 5.94945e-10 2.13814e-11 3.08163e-10
13.3 4.41954e-10 6.26071e-10 2.04303e-11 3.23251e-10
13.325 4.50846e-10 6.57274e-10 1.9227e-11 3.38251e-10
13.35 4.53088e-10 6.8803e-10 1.78013e-11 3.52916e-10
13.375 4.48744e-10 7.1782e-10 1.61843e-11 3.67002e-10
13.4 4.37974e-10 7.46143e-10 1.44085e-11 3.80276e-10
13.425 4.2103e-10 7.72521e-10 1.25068e-11 3.92514e-10
13.45 3.98254e-10 7.96508e-10 1.05123e-11 4.0351e-10
13.475 3.70067e-10 8.17697e-10 8.45773e-12 4.13077e-10
13.5 3.36964e-10 8.35726e-10 6.37502e-12 4.21051e-10
13.525 2.99506e-10 8.50284e-10 4.29486e-12 4.2729e-10
13.55 2.58309e-10 8.61117e-10 2.24633e-12 4.31682e-10
13.575 2.14033e-10 8.68027e-10 2.56497e-13 4.34142e-10
13.6 1.67374e-10 8.7088e-10 -1.6499e-12 4.34615e-10
13.625 1.19053e-10 8.69607e-10 -3.45069e-12 4.33078e-10
13.65 6.98012e-11 8.642e-10 -5.12654e-12 4.29537e-10
13.675 2.03535e-11 8.54717e-10 -6.66114e-12 4.24028e-10
13.7 -2.85649e-11 8.41275e-10 -8.0413e-12 4.16617e-10
13.725 -7.6248e-11 8.24055e-10 -9.25704e-12 4.07399e-10
13.75 -1.22019e-10 8.03291e-10 -1.03016e-11 3.96495e-10
13.775 -1.65241e-10 7.7927e-10 -1.11716e-11 3.84049e-10
13.8 -2.05323e-10 7.52325e-10 -1.18666e-11 3.70229e-10
13.825 -2.4173e-10 7.22833e-10 -1.23892e-11 3.55222e-10
13.85 -2.73987e-10 6.91204e-10 -1.27451e-11 3.39229e-10
13.875 -3.01688e-10 6.57877e-10 -1.29425e-11 3.22467e-10
13.9 -3.245e-10 6.23312e-10 -1.29922e-11 3.0516e-10
13.925 -3.42161e-10 5.87986e-10 -1.29068e-11 2.8754e-10
13.95 -3.54493e-10 5.5238e-10 -1.27013e-11 2.69839e-10
13.975 -3.6139e-10 5.16976e-10 -1.2392e-11 2.52292e-10
14 -3.6283e-10 4.82248e-10 -1.19966e-11 2.35126e-10
14.025 -3.58866e-10 4.48657e-10 -1.15334e-11 2.18562e-10
14.05 -3.49626e-10 4.1664e-10 -1.10218e-11 2.02809e-10
14.075 -3.35313e-10 3.8661e-10 -1.0481e-11 1.88065e-10
14.1 -3.16193e-10 3.58946e-10 -9.9304e-12 1.74508e-10
14.125 -2.926e-10 3.33986e-10 -9.38888e-12 1.62299e-10
14.15 -2.6492e-10 3.1203e-10 -8.87462e-12 1.51578e-10
14.175 -2.33593e-10 2.93328e-10 -8.40482e-12 1.42462e-10
14.2 -1.99101e-10 2.78082e-10 -7.99543e-12 1.35044e-10
14.225 -1.6196e-10 2.66444e-10 -7.66089e-12 1.29391e-10
14.25 -1.22718e-10 2.58509e-10 -7.41395e-12 1.25547e-10
14.275 -8.19379e-11 2.54321e-10 -7.26548e-12 1.23528e-10
14.3 -4.01983e-11 2.53872e-10 -7.22435e-12 1.23324e-10
14.325 1.92078e-12 2.57097e-10 -7.29728e-12 1.249e-10
14.35 4.38433e-11 2.63884e-10 -7.48882e-12 1.28198e-10
14.375 8.50053e-11 2.74071e-10 -7.80129e-12 1.33135e-10
14.4 1.24863e-10 2.87451e-10 -8.23478e-12 1.39608e-10
14.425 1.62898e-10 3.03773e-10 -8.78718e-12 1.47493e-10
14.45 1.98627e-10 3.2275e-10 -9.45427e-12 1.56648e-10
14.475 2.31603e-10 3.44064e-10 -1.02298e-11 1.66917e-10
14.5 2.61426e-10 3.67364e-10 -1.11056e-11 1.78129e-10
14.525 2.87743e-10 3.9228e-10 -1.20717e-11 1.90104e-10
14.55 3.10254e-10 4.18423e-10 -1.31168e-11 2.02653e-10
14.575 3.28713e-10 4.45393e-10 -1.4228e-11 2.15583e-10
14.6 3.42933e-10 4.72785e-10 -1.53912e-11 2.28697e-10
14.625 3.52786e-10 5.00191e-10 -1.65916e-11 2.418e-10
14.65 3.58202e-10 5.27212e-10 -1.78135e-11 2.54699e-10
14.675 3.59172e-10 5.53456e-10 -1.9041e-11 2.67207e-10
14.7 3.55744e-10 5.7855e-10 -2.02576e-11 2.79146e-10
14.725 3.48022e-10 6.0214e-10 -2.14473e-11 2.90346e-10
14.75 3.36164e-10 6.23897e-10 -2.2594e-11 3.00652e-10
14.775 3.20381e-10 6.43524e-10 -2.36825e-11 3.09921e-10
14.8 3.00928e-10 6.60754e-10 -2.46979e-11 3.18028e-10
14.825 2.78104e-10 6.75356e-10 -2.56266e-11 3.24865e-10
14.85 2.52248e-10 6.87138e-10 -2.6456e-11 3.30341e-10
14.875 2.23731e-10 6.95949e-10 -2.71749e-11 3.34387e-10
14.9 1.92951e-10 7.01677e-10 -2.77733e-11 3.36952e-10
14.925 1.60331e-10 7.04256e-10 -2.82432e-11 3.38006e-10
14.95 1.26306e-10 7.03658e-10 -2.85779e-11 3.3754e-10
14.975 9.13275e-11 6.99902e-10 -2.87728e-11 3.35565e-10
15 5.5848e-11 6.93045e-10 -2.8825e-11 3.3211e-10
15.025 2.03209e-11 6.83184e-10 -2.87333e-11 3.27225e-10
15.05 -1.48071e-11 6.70455e-10 -2.84987e-11 3.20978e-10
15.075 -4.9101e-11 6.55027e-10 -2.81238e-11 3.13452e-10
15.1 -8.21425e-11 6.37106e-10 -2.76131e-11 3.04746e-10
15.125 -1.13535e-10 6.16921e-10 -2.69729e-11 2.94974e-10
15.15 -1.42908e-10 5.94734e-10 -2.6211e-11 2.84261e-10
15.175 -1.69921e-10 5.70823e-10 -2.53369e-11 2.72743e-10
15.2 -1.94267e-10 5.45487e-10 -2.43613e-11 2.60563e-10
15.225 -2.15677e-10 5.19038e-10 -2.32964e-11 2.47871e-10
15.25 -2.33918e-10 4.918e-10 -2.21553e-11 2.34822e-10
15.275 -2.48802e-10 4.641e-10 -2.09523e-11 2.21574e-10
15.3 -2.60182e-10 4.36268e-10 -1.97022e-11 2.08283e-10
15.325 -2.67955e-10 4.08628e-10 -1.84205e-11 1.95104e-10
15.35 -2.72062e-10 3.81502e-10 -1.71231e-11 1.8219e-10
15.375 -2.72487e-10 3.55198e-10 -1.5826e-11 1.69686e-10
15.4 -2.69261e-10 3.3001e-10 -1.45451e-11 1.57732e-10
15.425 -2.62453e-10 3.06215e-10 -1.32964e-11 1.46459e-10
15.45 -2.52175e-10 2.84068e-10 -1.20953e-11 1.35986e-10
15.475 -2.38579e-10 2.63801e-10 -1.09567e-11 1.26422e-10
15.5 -2.2185e-10 2.45621e-10 -9.89466e-12 1.17863e-10
15.525 -2.02209e-10 2.29705e-10 -8.92244e-12 1.10391e-10
15.55 -1.79908e-10 2.16202e-10 -8.05224e-12 1.04075e-10
15.575 -1.55223e-10 2.05227e-10 -7.29508e-12 9.8966e-11
15.6 -1.28457e-10 1.96867e-10 -6.66065e-12 9.51031e-11
15.625 -9.99317e-11 1.91173e-10 -6.15728e-12 9.25081e-11
15.65 -6.99835e-11 1.88167e-10 -5.79179e-12 9.11877e-11
15.675 -3.89618e-11 1.87836e-10 -5.56946e-12 9.11333e-11
15.7 -7.22367e-12 1.90137e-10 -5.49395e-12 9.23214e-11
15.725 2.48703e-11 1.94996e-10 -5.56729e-12 9.47144e-11
15.75 5.69595e-11 2.02311e-10 -5.78989e-12 9.82606e-11
15.775 8.86874e-11 2.11952e-10 -6.16047e-12 1.02896e-10
15.8 1.19706e-10 2.23765e-10 -6.67618e-12 1.08544e-10
15.825 1.49677e-10 2.37572e-10 -7.33256e-12 1.1512e-10
15.85 1.78279e-10 2.53174e-10 -8.12362e-12 1.22525e-10
15.875 2.05209e-10 2.70355e-10 -9.04193e-12 1.30657e-10
15.9 2.30182e-10 2.88886e-10 -1.00787e-11 1.39404e-10
15.925 2.52939e-10 3.08523e-10 -1.12238e-11 1.4865e-10
15.95 2.73247e-10 3.29015e-10 -1.24661e-11 1.58274e-10
15.975 2.90901e-10 3.50103e-10 -1.37932e-11 1.68155e-10
16 3.05724e-10 3.71528e-10 -1.51919e-11 1.78168e-10
16.025 3.17573e-10 3.93029e-10 -1.66483e-11 1.8819e-10
16.05 3.26334e-10 4.1435e-10 -1.81477e-11 1.98101e-10
16.075 3.31927e-10 4.35239e-10 -1.96749e-11 2.07782e-10
16.1 3.34307e-10 4.55454e-10 -2.12146e-11 2.1712e-10
16.125 3.33459e-10 4.74766e-10 -2.2751e-11 2.26007e-10
16.15 3.29404e-10 4.92957e-10 -2.42684e-11 2.34344e-10
16.175 3.22191e-10 5.09826e-10 -2.57511e-11 2.42038e-10
16.2 3.11905e-10 5.25192e-10 -2.71836e-11 2.49004e-10
16.225 2.98658e-10 5.38893e-10 -2.8551e-11 2.55171e-10
16.25 2.82592e-10 5.50786e-10 -2.98386e-11 2.60474e-10
16.275 2.63875e-10 5.60755e-10 -3.10325e-11 2.64861e-10
16.3 2.42702e-10 5.68706e-10 -3.21195e-11 2.68293e-10
16.325 2.19289e-10 5.74568e-10 -3.30872e-11 2.7074e-10
16.35 1.93873e-10 5.78297e-10 -3.39242e-11 2.72186e-10
16.375 1.6671e-10 5.79874e-10 -3.46201e-11 2.72627e-10
16.4 1.38073e-10 5.79306e-10 -3.51654e-11 2.7207e-10
16.425 1.08246e-10 5.76623e-10 -3.55522e-11 2.70535e-10
16.45 7.75248e-11 5.71881e-10 -3.57735e-11 2.68054e-10
16.475 4.62134e-11 5.65159e-10 -3.58236e-11 2.64668e-10
16.5 1.46208e-11 5.56559e-10 -3.56981e-11 2.6043e-10
16.525 -1.6941e-11 5.46204e-10 -3.5394e-11 2.55405e-10
16.55 -4.81604e-11 5.34237e-10 -3.49095e-11 2.49664e-10
16.575 -7.8728e-11 5.20821e-10 -3.42442e-11 2.43288e-10
16.6 -1.08339e-10 5.06134e-10 -3.3399e-11 2.36368e-10
16.625 -1.36697e-10 4.9037e-10 -3.23758e-11 2.28997e-10
16.65 -1.63515e-10 4.73735e-10 -3.11782e-11 2.21278e-10
16.675 -1.88516e-10 4.56447e-10 -2.98106e-11 2.13318e-10
16.7 -2.11439e-10 4.38732e-10 -2.82786e-11 2.05226e-10
16.725 -2.32036e-10 4.20823e-10 -2.65891e-11 1.97117e-10
16.75 -2.50079e-10 4.02959e-10 -2.47498e-11 1.89105e-10
16.775 -2.65357e-10 3.85379e-10 -2.27694e-11 1.81305e-10
16.8 -2.77679e-10 3.68324e-10 -2.06573e-11 1.73833e-10
16.825 -2.86874e-10 3.52033e-10 -1.8424e-11 1.66804e-10
16.85 -2.92795e-10 3.3674e-10 -1.60803e-11 1.6033e-10
16.875 -2.95315e-10 3.22674e-10 -1.36378e-11 1.54518e-10
16.9 -2.94333e-10 3.10056e-10 -1.11087e-11 1.49474e-10
16.925 -2.89768e-10 2.99098e-10 -8.50525e-12 1.45296e-10
16.95 -2.81566e-10 2.9e-10 -5.84036e-12 1.4208e-10
16.975 -2.69694e-10 2.82951e-10 -3.12698e-12 1.39912e-10
17 -2.54143e-10 2.78122e-10 -3.78225e-13 1.38872e-10
17.025 -2.34927e-10 2.75674e-10 2.39277e-12 1.39033e-10
17.05 -2.12082e-10 2.75746e-10 5.17291e-12 1.4046e-10
17.075 -1.85666e-10 2.78464e-10 7.94925e-12 1.43207e-10
17.1 -1.55758e-10 2.83933e-10 1.07091e-11 1.47321e-10
17.125 -1.22458e-10 2.92241e-10 1.34399e-11 1.52841e-10
17.15 -8.58813e-11 3.03455e-10 1.61298e-11 1.59792e-10
17.175 -4.6165e-11 3.17623e-10 1.8767e-11 1.68195e-10
17.2 -3.46038e-12 3.34774e-10 2.13404e-11 1.78057e-10
17.225 4.20653e-11 3.54916e-10 2.38395e-11 1.89378e-10
17.25 9.02312e-11 3.78039e-10 2.62544e-11 2.02147e-10
17.275 1.40844e-10 4.04112e-10 2.85756e-11 2.16344e-10
17.3 1.93699e-10 4.33085e-10 3.07946e-11 2.3194e-10
17.325 2.48583e-10 4.64893e-10 3.29034e-11 2.48898e-10
17.35 3.05274e-10 4.99448e-10 3.4895e-11 2.67172e-10
17.375 3.63545e-10 5.36651e-10 3.67629e-11 2.86707e-10
17.4 4.23161e-10 5.76384e-10 3.85016e-11 3.07443e-10
17.425 4.83886e-10 6.18513e-10 4.01061e-11 3.29309e-10
17.45 5.45481e-10 6.62892e-10 4.15725e-11 3.52233e-10
17.475 6.07708e-10 7.09364e-10 4.28976e-11 3.76131e-10
17.5 6.70326e-10 7.57757e-10 4.40789e-11 4.00918e-10
17.525 7.33101e-10 8.0789e-10 4.51148e-11 4.26502e-10
17.55 7.95798e-10 8.59575e-10 4.60043e-11 4.5279e-10
17.575 8.58188e-10 9.12614e-10 4.67473e-11 4.7968e-10
17.6 9.20047e-10 9.66803e-10 4.73442e-11 5.07074e-10
17.625 9.8116e-10 1.02193e-09 4.77963e-11 5.34866e-10
17.65 1.04132e-09 1.0778e-09 4.81055e-11 5.62951e-10
17.675 1.10032e-09 1.13417e-09 4.82743e-11 5.91224e-10
17.7 1.15797e-09 1.19085e-09 4.83056e-11 6.19579e-10
17.725 1.21409e-09 1.24762e-09 4.82032e-11 6.4791e-10
17.75 1.2685e-09 1.30425e-09 4.7971e-11 6.76111e-10
17.775 1.32106e-09 1.36055e-09 4.76137e-11 7.0408e-10
17.8 1.3716e-09 1.41629e-09 4.71363e-11 7.31715e-10
17.825 1.42e-09 1.47129e-09 4.6544e-11 7.58918e-10
17.85 1.46612e-09 1.52534e-09 4.58426e-11 7.85592e-10
17.875 1.50986e-09 1.57825e-09 4.50381e-11 8.11646e-10
17.9 1.55112e-09 1.62985e-09 4.41366e-11 8.36992e-10
17.925 1.5898e-09 1.67994e-09 4.31445e-11 8.61544e-10
17.95 1.62584e-09 1.72838e-09 4.20685e-11 8.85225e-10
17.975 1.65917e-09 1.775e-09 4.09152e-11 9.07958e-10
18 1.68974e-09 1.81966e-09 3.96914e-11 9.29675e-10
18.025 1.71751e-09 1.86222e-09 3.84039e-11 9.50311e-10
18.05 1.74246e-09 1.90256e-09 3.70594e-11 9.69808e-10
18.075 1.76457e-09 1.94056e-09 3.56648e-11 9.88112e-10
18.1 1.78384e-09 1.97613e-09 3.42268e-11 1.00518e-09
18.125 1.80028e-09 2.00917e-09 3.27519e-11 1.02096e-09
18.15 1.81389e-09 2.03961e-09 3.12468e-11 1.03543e-09
18.175 1.82472e-09 2.06738e-09 2.97176e-11 1.04855e-09
18.2 1.83279e-09 2.09242e-09 2.81706e-11 1.0603e-09
18.225 1.83814e-09 2.1147e-09 2.66118e-11 1.07066e-09
18.25 1.84084e-09 2.13418e-09 2.50468e-11 1.07962e-09
18.275 1.84095e-09 2.15085e-09 2.34812e-11 1.08717e-09
18.3 1.83852e-09 2.16469e-09 2.19203e-11 1.09331e-09
18.325 1.83363e-09 2.17571e-09 2.03691e-11 1.09804e-09
18.35 1.82637e-09 2.18391e-09 1.88323e-11 1.10137e-09
18.375 1.81682e-09 2.18933e-09 1.73143e-11 1.10332e-09
18.4 1.80506e-09 2.19198e-09 1.58193e-11 1.1039e-09
18.425 1.79119e-09 2.19192e-09 1.43512e-11 1.10314e-09
18.45 1.77531e-09 2.18919e-09 1.29135e-11 1.10105e-09
18.475 1.75752e-09 2.18385e-09 1.15094e-11 1.09768e-09
18.5 1.73791e-09 2.17596e-09 1.0142e-11 1.09305e-09
18.525 1.7166e-09 2.16559e-09 8.81398e-12 1.0872e-09
18.55 1.69368e-09 2.15282e-09 7.52761e-12 1.08017e-09
18.575 1.66927e-09 2.13773e-09 6.28503e-12 1.07201e-09
18.6 1.64347e-09 2.12042e-09 5.08805e-12 1.06275e-09
18.625 1.61638e-09 2.10096e-09 3.93819e-12 1.05245e-09
18.65 1.58812e-09 2.07947e-09 2.83673e-12 1.04115e-09
18.675 1.55878e-09 2.05603e-09 1.78468e-12 1.02891e-09
18.7 1.52847e-09 2.03076e-09 7.82804e-13 1.01577e-09
18.725 1.4973e-09 2.00375e-09 -1.68373e-13 1.00179e-09
18.75 1.46536e-09 1.97511e-09 -1.06854e-12 9.87023e-10
18.775 1.43275e-09 1.94496e-09 -1.91762e-12 9.71521e-10
18.8 1.39957e-09 1.9134e-09 -2.71571e-12 9.55341e-10
18.825 1.3659e-09 1.88053e-09 -3.46311e-12 9.38535e-10
18.85 1.33185e-09 1.84648e-09 -4.1603e-12 9.21158e-10
18.875 1.29749e-09 1.81134e-09 -4.80792e-12 9.03264e-10
18.9 1.26291e-09 1.77522e-09 -5.40674e-12 8.84906e-10
18.925 1.22819e-09 1.73823e-09 -5.95771e-12 8.66138e-10
18.95 1.19341e-09 1.70048e-09 -6.46186e-12 8.4701e-10
18.975 1.15864e-09 1.66207e-09 -6.92037e-12 8.27573e-10
19 1.12394e-09 1.62309e-09 -7.33449e-12 8.07877e-10
19.025 1.08939e-09 1.58365e-09 -7.70558e-12 7.8797e-10
19.05 1.05505e-09 1.54383e-09 -8.03508e-12 7.67899e-10
19.075 1.02097e-09 1.50374e-09 -8.32446e-12 7.47708e-10
19.1 9.87208e-10 1.46346e-09 -8.5753e-12 7.27442e-10
19.125 9.53817e-10 1.42307e-09 -8.78918e-12 7.07142e-10
19.15 9.20843e-10 1.38266e-09 -8.96774e-12 6.86848e-10
19.175 8.8833e-10 1.34231e-09 -9.11264e-12 6.66598e-10
19.2 8.56316e-10 1.30208e-09 -9.22554e-12 6.46429e-10
19.225 8.24838e-10 1.26206e-09 -9.30814e-12 6.26375e-10
19.25 7.93928e-10 1.2223e-09 -9.36211e-12 6.06468e-10
19.275 7.63617e-10 1.18287e-09 -9.38914e-12 5.86739e-10
19.3 7.3393e-10 1.14383e-09 -9.3909e-12 5.67217e-10
19.325 7.04891e-10 1.10523e-09 -9.36902e-12 5.47929e-10
19.35 6.76519e-10 1.06712e-09 -9.32513e-12 5.28897e-10
19.375 6.48832e-10 1.02955e-09 -9.26082e-12 5.10147e-10
19.4 6.21843e-10 9.92574e-10 -9.17766e-12 4.91698e-10
19.425 5.95565e-10 9.56217e-10 -9.07715e-12 4.7357e-10
19.45 5.70007e-10 9.20519e-10 -8.96078e-12 4.55779e-10
19.475 5.45175e-10 8.85513e-10 -8.82997e-12 4.38342e-10
19.5 5.21075e-10 8.51228e-10 -8.68611e-12 4.21271e-10
19.525 4.97707e-10 8.17689e-10 -8.53054e-12 4.04579e-10
19.55 4.75073e-10 7.84918e-10 -8.36453e-12 3.88277e-10
19.575 4.53171e-10 7.52934e-10 -8.18931e-12 3.72372e-10
19.6 4.31998e-10 7.21753e-10 -8.00605e-12 3.56873e-10
19.625 4.11548e-10 6.91387e-10 -7.81587e-12 3.41786e-10
19.65 3.91815e-10 6.61849e-10 -7.61982e-12 3.27114e-10
19.675 3.72792e-10 6.33143e-10 -7.41892e-12 3.12862e-10
19.7 3.54469e-10 6.05277e-10 -7.21411e-12 2.99031e-10
19.725 3.36836e-10 5.78252e-10 -7.00628e-12 2.85623e-10
19.75 3.19882e-10 5.52069e-10 -6.79627e-12 2.72636e-10
19.775 3.03594e-10 5.26725e-10 -6.58486e-12 2.6007e-10
19.8 2.8796e-10 5.02219e-10 -6.37277e-12 2.47923e-10
19.825 2.72965e-10 4.78543e-10 -6.16069e-12 2.36191e-10
19.85 2.58595e-10 4.55691e-10 -5.94924e-12 2.24871e-10
19.875 2.44835e-10 4.33654e-10 -5.73899e-12 2.13958e-10
19.9 2.31669e-10 4.12422e-10 -5.53047e-12 2.03446e-10
19.925 2.19082e-10 3.91984e-10 -5.32416e-12 1.9333e-10
19.95 2.07058e-10 3.72326e-10 -5.1205e-12 1.83603e-10
19.975 1.9558e-10 3.53435e-10 -4.91988e-12 1.74257e-10
20 1.84631e-10 3.35296e-10 -4.72265e-12 1.65287e-10
