0 9.19476e-05 -8.12292e-05
0.025 9.19476e-05 -8.12292e-05
0.05 0.000183692 -0.000162181
0.075 0.00027503 -0.000242579
0.1 0.00036576 -0.000322149
0.125 0.000455681 -0.00040062
0.15 0.000544597 -0.000477727
0.175 0.00063231 -0.000553207
0.2 0.00071863 -0.000626808
0.225 0.000803366 -0.000698282
0.25 0.000886335 -0.000767392
0.275 0.000967357 -0.000833908
0.3 0.00104626 -0.000897612
0.325 0.00112286 -0.000958298
0.35 0.00119702 -0.00101577
0.375 0.00126856 -0.00106985
0.4 0.00133734 -0.00112036
0.425 0.00140321 -0.00116715
0.45 0.00146605 -0.00121008
0.475 0.00152571 -0.00124902
0.5 0.0015821 -0.00128387
0.525 0.00163508 -0.00131453
0.55 0.00168457 -0.00134091
0.575 0.00173047 -0.00136296
0.6 0.00177269 -0.00138064
0.625 0.00181117 -0.00139391
0.65 0.00184585 -0.00140275
0.675 0.00187666 -0.00140717
0.7 0.00190357 -0.00140719
0.725 0.00192654 -0.00140284
0.75 0.00194556 -0.00139417
0.775 0.00196061 -0.00138124
0.8 0.00197169 -0.00136414
0.825 0.00197882 -0.00134295
0.85 0.001982 -0.00131778
0.875 0.00198128 -0.00128875
0.9 0.0019767 -0.00125599
0.925 0.00196831 -0.00121965
0.95 0.00195618 -0.00117987
0.975 0.00194037 -0.00113682
1 0.00192097 -0.00109067
1.025 0.00189808 -0.0010416
1.05 0.0018718 -0.000989798
1.075 0.00184224 -0.000935464
1.1 0.00180952 -0.000878795
1.125 0.00177378 -0.000819996
1.15 0.00173516 -0.000759275
1.175 0.0016938 -0.000696846
1.2 0.00164986 -0.000632922
1.225 0.00160351 -0.000567718
1.25 0.00155491 -0.000501449
1.275 0.00150425 -0.000434331
1.3 0.00145171 -0.000366576
1.325 0.00139748 -0.000298395
1.35 0.00134175 -0.000229995
1.375 0.00128473 -0.000161582
1.4 0.00122662 -9.3352e-05
1.425 0.00116762 -2.55002e-05
1.45 0.00110796 4.17866e-05
1.475 0.00104784 0.000108328
1.5 0.000987483 0.000173951
1.525 0.000927103 0.000238491
1.55 0.00086692 0.000301792
1.575 0.000807153 0.000363705
1.6 0.00074802 0.000424093
1.625 0.000689737 0.000482828
1.65 0.000632521 0.000539793
1.675 0.000576583 0.000594878
1.7 0.000522133 0.000647989
1.725 0.000469377 0.000699037
1.75 0.000418516 0.00074795
1.775 0.000369747 0.000794662
1.8 0.000323258 0.00083912
1.825 0.000279234 0.000881283
1.85 0.000237851 0.00092112
1.875 0.000199278 0.000958609
1.9 0.000163675 0.000993741
1.925 0.000131193 0.00102652
1.95 0.000101974 0.00105695
1.975 7.61471e-05 0.00108505
2 5.38337e-05 0.00111085
2.025 3.51421e-05 0.0011344
2.05 2.0169e-05 0.00115573
2.075 8.99848e-06 0.00117491
2.1 1.70172e-06 0.00119199
2.125 -1.66351e-06 0.00120703
2.15 -1.05328e-06 0.00122013
2.175 3.56215e-06 0.00123134
2.2 1.2198e-05 0.00124077
2.225 2.48547e-05 0.00124848
2.25 4.15174e-05 0.00125459
2.275 6.21562e-05 0.00125917
2.3 8.67257e-05 0.00126233
2.325 0.000115165 0.00126416
2.35 0.000147397 0.00126475
2.375 0.000183329 0.0012642
2.4 0.000222855 0.0012626
2.425 0.000265849 0.00126005
2.45 0.000312174 0.00125663
2.475 0.000361674 0.00125243
2.5 0.000414182 0.00124752
2.525 0.000469514 0.00124198
2.55 0.000527472 0.00123587
2.575 0.000587843 0.00122926
2.6 0.000650404 0.0012222
2.625 0.000714916 0.00121473
2.65 0.00078113 0.00120689
2.675 0.000848784 0.00119871
2.7 0.000917606 0.0011902
2.725 0.000987313 0.00118137
2.75 0.00105761 0.00117221
2.775 0.00112821 0.00116272
2.8 0.00119879 0.00115286
2.825 0.00126904 0.0011426
2.85 0.00133865 0.00113188
2.875 0.00140729 0.00112066
2.9 0.00147462 0.00110885
2.925 0.00154033 0.00109638
2.95 0.00160407 0.00108314
2.975 0.00166553 0.00106904
3 0.00172436 0.00105395
3.025 0.00178024 0.00103775
3.05 0.00183284 0.0010203
3.075 0.00188185 0.00100147
3.1 0.00192695 0.000981079
3.125 0.00196782 0.000958981
3.15 0.00200418 0.000935001
3.175 0.00203573 0.000908963
3.2 0.00206219 0.000880683
3.225 0.00208329 0.000849976
3.25 0.00209877 0.000816649
3.275 0.0021084 0.000780508
3.3 0.00211194 0.000741359
3.325 0.00210918 0.000699006
3.35 0.00209993 0.000653252
3.375 0.00208401 0.000603904
3.4 0.00206125 0.000550773
3.425 0.00203152 0.00049367
3.45 0.00199469 0.000432417
3.475 0.00195067 0.000366838
3.5 0.00189937 0.000296767
3.525 0.00184073 0.000222047
3.55 0.00177471 0.000142532
3.575 0.00170131 5.80865e-05
3.6 0.00162052 -3.14124e-05
3.625 0.00153238 -0.000126073
3.65 0.00143694 -0.00022599
3.675 0.00133427 -0.00033124
3.7 0.00122447 -0.000441886
3.725 0.00110767 -0.000557971
3.75 0.000983991 -0.00067952
3.775 0.000853611 -0.00080654
3.8 0.000716711 -0.000939016
3.825 0.000573496 -0.00107692
3.85 0.000424195 -0.00122018
3.875 0.000269051 -0.00136874
3.9 0.00010833 -0.0015225
3.925 -5.76852e-05 -0.00168133
3.95 -0.000228695 -0.00184509
3.975 -0.000404381 -0.00201363
4 -0.000584414 -0.00218676
4.025 -0.000768446 -0.00236428
4.05 -0.000956117 -0.00254595
4.075 -0.00114706 -0.00273155
4.1 -0.00134088 -0.00292079
4.125 -0.0015372 -0.0031134
4.15 -0.00173562 -0.00330908
4.175 -0.00193572 -0.0035075
4.2 -0.00213709 -0.00370833
4.225 -0.00233932 -0.00391123
4.25 -0.00254198 -0.00411582
4.275 -0.00274466 -0.00432173
4.3 -0.00294693 -0.00452857
4.325 -0.00314836 -0.00473595
4.35 -0.00334854 -0.00494345
4.375 -0.00354706 -0.00515067
4.4 -0.0037435 -0.00535718
4.425 -0.00393746 -0.00556256
4.45 -0.00412855 -0.00576638
4.475 -0.00431637 -0.00596822
4.5 -0.00450054 -0.00616766
4.525 -0.00468071 -0.00636426
4.55 -0.00485651 -0.00655761
4.575 -0.0050276 -0.00674729
4.6 -0.00519366 -0.00693291
4.625 -0.00535438 -0.00711405
4.65 -0.00550946 -0.00729034
4.675 -0.00565861 -0.00746139
4.7 -0.00580159 -0.00762685
4.725 -0.00593813 -0.00778637
4.75 -0.00606803 -0.00793961
4.775 -0.00619107 -0.00808625
4.8 -0.00630706 -0.00822601
4.825 -0.00641584 -0.00835859
4.85 -0.00651726 -0.00848375
4.875 -0.00661119 -0.00860124
4.9 -0.00669754 -0.00871084
4.925 -0.00677621 -0.00881236
4.95 -0.00684713 -0.00890563
4.975 -0.00691027 -0.0089905
5 -0.0069656 -0.00906684
5.025 -0.00701312 -0.00913455
5.05 -0.00705283 -0.00919355
5.075 -0.00708477 -0.00924379
5.1 -0.007109 -0.00928523
5.125 -0.00712558 -0.00931787
5.15 -0.00713461 -0.00934172
5.175 -0.00713619 -0.00935683
5.2 -0.00713044 -0.00936324
5.225 -0.00711749 -0.00936105
5.25 -0.00709751 -0.00935035
5.275 -0.00707065 -0.00933128
5.3 -0.00703709 -0.00930397
5.325 -0.00699703 -0.00926858
5.35 -0.00695068 -0.00922531
5.375 -0.00689823 -0.00917433
5.4 -0.00683992 -0.00911588
5.425 -0.00677599 -0.00905017
5.45 -0.00670666 -0.00897745
5.475 -0.00663218 -0.00889797
5.5 -0.00655282 -0.008812
5.525 -0.00646882 -0.00871982
5.55 -0.00638046 -0.0086217
5.575 -0.00628798 -0.00851795
5.6 -0.00619167 -0.00840886
5.625 -0.00609179 -0.00829474
5.65 -0.00598861 -0.0081759
5.675 -0.0058824 -0.00805265
5.7 -0.00577343 -0.00792531
5.725 -0.00566196 -0.0077942
5.75 -0.00554825 -0.00765963
5.775 -0.00543258 -0.00752192
5.8 -0.00531519 -0.00738138
5.825 -0.00519634 -0.00723832
5.85 -0.00507626 -0.00709305
5.875 -0.00495522 -0.00694588
5.9 -0.00483342 -0.00679709
5.925 -0.00471112 -0.00664699
5.95 -0.00458852 -0.00649584
5.975 -0.00446584 -0.00634394
6 -0.00434329 -0.00619154
6.025 -0.00422105 -0.0060389
6.05 -0.00409933 -0.00588628
6.075 -0.00397829 -0.00573391
6.1 -0.00385811 -0.00558202
6.125 -0.00373896 -0.00543084
6.15 -0.00362098 -0.00528057
6.175 -0.00350432 -0.00513141
6.2 -0.00338911 -0.00498355
6.225 -0.00327548 -0.00483716
6.25 -0.00316354 -0.00469241
6.275 -0.0030534 -0.00454945
6.3 -0.00294515 -0.00440843
6.325 -0.0028389 -0.00426947
6.35 -0.00273471 -0.0041327
6.375 -0.00263266 -0.00399823
6.4 -0.00253281 -0.00386616
6.425 -0.00243522 -0.00373658
6.45 -0.00233993 -0.00360957
6.475 -0.00224699 -0.00348519
6.5 -0.00215642 -0.00336351
6.525 -0.00206826 -0.00324458
6.55 -0.00198251 -0.00312844
6.575 -0.0018992 -0.00301513
6.6 -0.00181833 -0.00290466
6.625 -0.00173989 -0.00279707
6.65 -0.00166389 -0.00269236
6.675 -0.00159032 -0.00259053
6.7 -0.00151915 -0.00249158
6.725 -0.00145036 -0.0023955
6.75 -0.00138394 -0.00230227
6.775 -0.00131986 -0.00221189
6.8 -0.00125808 -0.00212431
6.825 -0.00119856 -0.00203952
6.85 -0.00114128 -0.00195748
6.875 -0.00108618 -0.00187814
6.9 -0.00103323 -0.00180147
6.925 -0.000982387 -0.00172742
6.95 -0.000933592 -0.00165595
6.975 -0.000886802 -0.00158701
7 -0.000841967 -0.00152053
7.025 -0.000799034 -0.00145648
7.05 -0.000757952 -0.00139479
7.075 -0.000718667 -0.0013354
7.1 -0.000681126 -0.00127826
7.125 -0.000645276 -0.0012233
7.15 -0.000611061 -0.00117048
7.175 -0.000578429 -0.00111972
7.2 -0.000547325 -0.00107097
7.225 -0.000517695 -0.00102416
7.25 -0.000489488 -0.000979246
7.275 -0.000462649 -0.000936153
7.3 -0.000437127 -0.000894826
7.325 -0.000412872 -0.000855207
7.35 -0.000389833 -0.000817236
7.375 -0.000367961 -0.000780857
7.4 -0.000347207 -0.000746013
7.425 -0.000327525 -0.000712648
7.45 -0.000308868 -0.000680708
7.475 -0.000291192 -0.000650139
7.5 -0.000274453 -0.000620889
7.525 -0.000258608 -0.000592908
7.55 -0.000243617 -0.000566145
7.575 -0.00022944 -0.000540553
7.6 -0.000216037 -0.000516084
7.625 -0.000203373 -0.000492694
7.65 -0.000191411 -0.000470337
7.675 -0.000180116 -0.000448972
7.7 -0.000169455 -0.000428556
7.725 -0.000159396 -0.00040905
7.75 -0.000149909 -0.000390415
7.775 -0.000140963 -0.000372614
7.8 -0.000132531 -0.000355611
7.825 -0.000124586 -0.000339372
7.85 -0.000117101 -0.000323863
7.875 -0.000110052 -0.000309052
7.9 -0.000103415 -0.000294908
7.925 -9.71672e-05 -0.000281402
7.95 -9.1288e-05 -0.000268506
7.975 -8.57564e-05 -0.000256193
8 -8.05531e-05 -0.000244436
8.025 -7.56596e-05 -0.000233211
8.05 -7.10582e-05 -0.000222493
8.075 -6.67323e-05 -0.00021226
8.1 -6.26661e-05 -0.000202491
8.125 -5.88445e-05 -0.000193163
8.15 -5.52534e-05 -0.000184258
8.175 -5.18793e-05 -0.000175756
8.2 -4.87095e-05 -0.000167639
8.225 -4.5732e-05 -0.00015989
8.25 -4.29353e-05 -0.000152491
8.275 -4.03088e-05 -0.000145428
8.3 -3.78422e-05 -0.000138685
8.325 -3.55261e-05 -0.000132248
8.35 -3.33515e-05 -0.000126102
8.375 -3.13097e-05 -0.000120235
8.4 -2.93928e-05 -0.000114634
8.425 -2.75932e-05 -0.000109288
8.45 -2.59039e-05 -0.000104184
8.475 -2.43182e-05 -9.93127e-05
8.5 -2.28296e-05 -9.46627e-05
8.525 -2.14324e-05 -9.02245e-05
8.55 -2.0121e-05 -8.59887e-05
8.575 -1.889e-05 -8.19461e-05
8.6 -1.77347e-05 -7.80883e-05
8.625 -1.66503e-05 -7.44069e-05
8.65 -1.56325e-05 -7.08943e-05
8.675 -1.46773e-05 -6.75429e-05
8.7 -1.37807e-05 -6.43456e-05
8.725 -1.29393e-05 -6.12955e-05
8.75 -1.21496e-05 -5.83862e-05
8.775 -1.14084e-05 -5.56115e-05
8.8 -1.07128e-05 -5.29654e-05
8.825 -1.00599e-05 -5.04422e-05
8.85 -9.44711e-06 -4.80365e-05
8.875 -8.87201e-06 -4.57431e-05
8.9 -8.33224e-06 -4.3557e-05
8.925 -7.82565e-06 -4.14736e-05
8.95 -7.35017e-06 -3.94882e-05
8.975 -6.90391e-06 -3.75965e-05
9 -6.48506e-06 -3.57943e-05
9.025 -6.09193e-06 -3.40777e-05
9.05 -5.72294e-06 -3.24429e-05
9.075 -5.3766e-06 -3.08861e-05
9.1 -5.05151e-06 -2.94039e-05
9.125 -4.74638e-06 -2.7993e-05
9.15 -4.45995e-06 -2.66501e-05
9.175 -4.1911e-06 -2.53722e-05
9.2 -3.93872e-06 -2.41562e-05
9.225 -3.7018e-06 -2.29995e-05
9.25 -3.47939e-06 -2.18992e-05
9.275 -3.27059e-06 -2.08528e-05
9.3 -3.07457e-06 -1.98577e-05
9.325 -2.89053e-06 -1.89117e-05
9.35 -2.71774e-06 -1.80124e-05
9.375 -2.55549e-06 -1.71577e-05
9.4 -2.40315e-06 -1.63454e-05
9.425 -2.26009e-06 -1.55735e-05
9.45 -2.12574e-06 -1.48402e-05
9.475 -1.99957e-06 -1.41435e-05
9.5 -1.88107e-06 -1.34817e-05
9.525 -1.76977e-06 -1.28531e-05
9.55 -1.66522e-06 -1.2256e-05
9.575 -1.567e-06 -1.16891e-05
9.6 -1.47474e-06 -1.11507e-05
9.625 -1.38805e-06 -1.06394e-05
9.65 -1.3066e-06 -1.01539e-05
9.675 -1.23006e-06 -9.69286e-06
9.7 -1.15813e-06 -9.25508e-06
9.725 -1.09053e-06 -8.83935e-06
9.75 -1.027e-06 -8.44456e-06
9.775 -9.67274e-07 -8.0696e-06
9.8 -9.1113e-07 -7.71346e-06
9.825 -8.58345e-07 -7.37515e-06
9.85 -8.08715e-07 -7.05373e-06
9.875 -7.62046e-07 -6.74831e-06
9.9 -7.18157e-07 -6.45804e-06
9.925 -6.76879e-07 -6.18211e-06
9.95 -6.38052e-07 -5.91974e-06
9.975 -6.01527e-07 -5.67021e-06
10 -5.67164e-07 -5.43282e-06
10.025 -5.3483e-07 -5.2069e-06
10.05 -5.04403e-07 -4.99184e-06
10.075 -4.75766e-07 -4.78703e-06
10.1 -4.48811e-07 -4.59191e-06
10.125 -4.23434e-07 -4.40595e-06
10.15 -3.99541e-07 -4.22864e-06
10.175 -3.77041e-07 -4.0595e-06
10.2 -3.55848e-07 -3.89809e-06
10.225 -3.35885e-07 -3.74397e-06
10.25 -3.17076e-07 -3.59674e-06
10.275 -2.9935e-07 -3.45602e-06
10.3 -2.82642e-07 -3.32146e-06
10.325 -2.66891e-07 -3.19272e-06
10.35 -2.52037e-07 -3.06947e-06
10.375 -2.38027e-07 -2.95142e-06
10.4 -2.2481e-07 -2.8383e-06
10.425 -2.12336e-07 -2.72983e-06
10.45 -2.00562e-07 -2.62577e-06
10.475 -1.89445e-07 -2.52589e-06
10.5 -1.78945e-07 -2.42997e-06
10.525 -1.69025e-07 -2.33781e-06
10.55 -1.59651e-07 -2.24922e-06
10.575 -1.50789e-07 -2.16401e-06
10.6 -1.4241e-07 -2.08203e-06
10.625 -1.34484e-07 -2.00311e-06
10.65 -1.26986e-07 -1.92711e-06
10.675 -1.1989e-07 -1.8539e-06
10.7 -1.13172e-07 -1.78334e-06
10.725 -1.06812e-07 -1.71532e-06
10.75 -1.00788e-07 -1.64972e-06
10.775 -9.50814e-08 -1.58644e-06
10.8 -8.96749e-08 -1.52539e-06
10.825 -8.45517e-08 -1.46647e-06
10.85 -7.96964e-08 -1.4096e-06
10.875 -7.50945e-08 -1.3547e-06
10.9 -7.07325e-08 -1.30169e-06
10.925 -6.6598e-08 -1.2505e-06
10.95 -6.26791e-08 -1.20106e-06
10.975 -5.89649e-08 -1.15332e-06
11 -5.54452e-08 -1.10722e-06
11.025 -5.21103e-08 -1.0627e-06
11.05 -4.89512e-08 -1.0197e-06
11.075 -4.59596e-08 -9.78182e-07
11.1 -4.31274e-08 -9.38096e-07
11.125 -4.04471e-08 -8.99395e-07
11.15 -3.79118e-08 -8.62039e-07
11.175 -3.55148e-08 -8.25986e-07
11.2 -3.32498e-08 -7.91197e-07
11.225 -3.11107e-08 -7.57636e-07
11.25 -2.9092e-08 -7.25265e-07
11.275 -2.71881e-08 -6.94051e-07
11.3 -2.53938e-08 -6.63961e-07
11.325 -2.37043e-08 -6.34961e-07
11.35 -2.21146e-08 -6.07021e-07
11.375 -2.06203e-08 -5.80111e-07
11.4 -1.92169e-08 -5.542e-07
11.425 -1.79001e-08 -5.2926e-07
11.45 -1.66658e-08 -5.05264e-07
11.475 -1.551e-08 -4.82183e-07
11.5 -1.44288e-08 -4.59991e-07
11.525 -1.34184e-08 -4.38661e-07
11.55 -1.24752e-08 -4.18169e-07
11.575 -1.15956e-08 -3.98488e-07
11.6 -1.07762e-08 -3.79595e-07
11.625 -1.00137e-08 -3.61465e-07
11.65 -9.30472e-09 -3.44074e-07
11.675 -8.64621e-09 -3.27399e-07
11.7 -8.03511e-09 -3.11417e-07
11.725 -7.46845e-09 -2.96105e-07
11.75 -6.94341e-09 -2.81443e-07
11.775 -6.45724e-09 -2.67407e-07
11.8 -6.00728e-09 -2.53977e-07
11.825 -5.59101e-09 -2.41133e-07
11.85 -5.20598e-09 -2.28853e-07
11.875 -4.84988e-09 -2.17119e-07
11.9 -4.52048e-09 -2.05909e-07
11.925 -4.21566e-09 -1.95207e-07
11.95 -3.93343e-09 -1.84992e-07
11.975 -3.67188e-09 -1.75248e-07
12 -3.42923e-09 -1.65956e-07
12.025 -3.2038e-09 -1.57098e-07
12.05 -2.99403e-09 -1.4866e-07
12.075 -2.79843e-09 -1.40623e-07
12.1 -2.61565e-09 -1.32973e-07
12.125 -2.44444e-09 -1.25694e-07
12.15 -2.28363e-09 -1.18771e-07
12.175 -2.13217e-09 -1.1219e-07
12.2 -1.98908e-09 -1.05937e-07
12.225 -1.85349e-09 -9.99983e-08
12.25 -1.72462e-09 -9.43615e-08
12.275 -1.60176e-09 -8.90139e-08
12.3 -1.48429e-09 -8.39434e-08
12.325 -1.37166e-09 -7.91384e-08
12.35 -1.2634e-09 -7.45878e-08
12.375 -1.15909e-09 -7.02808e-08
12.4 -1.0584e-09 -6.62072e-08
12.425 -9.61017e-10 -6.2357e-08
12.45 -8.6672e-10 -5.87208e-08
12.475 -7.75314e-10 -5.52893e-08
12.5 -6.86656e-10 -5.20539e-08
12.525 -6.00638e-10 -4.90061e-08
12.55 -5.17187e-10 -4.61379e-08
12.575 -4.36261e-10 -4.34413e-08
12.6 -3.57843e-10 -4.09091e-08
12.625 -2.81939e-10 -3.85338e-08
12.65 -2.0857e-10 -3.63087e-08
12.675 -1.37773e-10 -3.4227e-08
12.7 -6.95965e-11 -3.22822e-08
12.725 -4.09458e-12 -3.0468e-08
12.75 5.86736e-11 -2.87783e-08
12.775 1.18647e-10 -2.72072e-08
12.8 1.75767e-10 -2.57489e-08
12.825 2.29977e-10 -2.43978e-08
12.85 2.81226e-10 -2.31484e-08
12.875 3.2947e-10 -2.19952e-08
12.9 3.74676e-10 -2.09328e-08
12.925 4.16818e-10 -1.99562e-08
12.95 4.55885e-10 -1.90599e-08
12.975 4.91876e-10 -1.82391e-08
13 5.24804e-10 -1.74884e-08
13.025 5.54697e-10 -1.6803e-08
13.05 5.81594e-10 -1.61778e-08
13.075 6.05552e-10 -1.56078e-08
13.1 6.26641e-10 -1.50881e-08
13.125 6.44945e-10 -1.46137e-08
13.15 6.60563e-10 -1.41798e-08
13.175 6.73606e-10 -1.37815e-08
13.2 6.84201e-10 -1.34139e-08
13.225 6.92486e-10 -1.30723e-08
13.25 6.98612e-10 -1.27518e-08
13.275 7.02739e-10 -1.24477e-08
13.3 7.05041e-10 -1.21554e-08
13.325 7.05699e-10 -1.18702e-08
13.35 7.04903e-10 -1.15877e-08
13.375 7.02853e-10 -1.13032e-08
13.4 6.99752e-10 -1.10125e-08
13.425 6.95811e-10 -1.07113e-08
13.45 6.91245e-10 -1.03955e-08
13.475 6.86272e-10 -1.00611e-08
13.5 6.81114e-10 -9.7041e-09
13.525 6.75992e-10 -9.32089e-09
13.55 6.71129e-10 -8.90792e-09
13.575 6.66745e-10 -8.46182e-09
13.6 6.63061e-10 -7.97944e-09
13.625 6.60293e-10 -7.45783e-09
13.65 6.58654e-10 -6.89426e-09
13.675 6.58351e-10 -6.28623e-09
13.7 6.59586e-10 -5.6315e-09
13.725 6.62554e-10 -4.92805e-09
13.75 6.67442e-10 -4.17415e-09
13.775 6.74428e-10 -3.36834e-09
13.8 6.83682e-10 -2.50941e-09
13.825 6.95364e-10 -1.59646e-09
13.85 7.09621e-10 -6.28854e-10
13.875 7.26591e-10 3.93743e-10
13.9 7.46399e-10 1.47138e-09
13.925 7.69157e-10 2.60383e-09
13.95 7.94965e-10 3.79054e-09
13.975 8.23909e-10 5.03072e-09
14 8.5606e-10 6.32326e-09
14.025 8.91478e-10 7.66679e-09
14.05 9.30204e-10 9.05967e-09
14.075 9.72269e-10 1.05e-08
14.1 1.01769e-09 1.19856e-08
14.125 1.06646e-09 1.35141e-08
14.15 1.11856e-09 1.50828e-08
14.175 1.17398e-09 1.6689e-08
14.2 1.23265e-09 1.83295e-08
14.225 1.29453e-09 2.00012e-08
14.25 1.35954e-09 2.17005e-08
14.275 1.42759e-09 2.3424e-08
14.3 1.49859e-09 2.51678e-08
14.325 1.57241e-09 2.69283e-08
14.35 1.64894e-09 2.87013e-08
14.375 1.72803e-09 3.0483e-08
14.4 1.80953e-09 3.22691e-08
14.425 1.89329e-09 3.40556e-08
14.45 1.97913e-09 3.58383e-08
14.475 2.06687e-09 3.76128e-08
14.5 2.15632e-09 3.93752e-08
14.525 2.24728e-09 4.11211e-08
14.55 2.33955e-09 4.28464e-08
14.575 2.43292e-09 4.45471e-08
14.6 2.52717e-09 4.62192e-08
14.625 2.62208e-09 4.78587e-08
14.65 2.71743e-09 4.94619e-08
14.675 2.81297e-09 5.1025e-08
14.7 2.90849e-09 5.25445e-08
14.725 3.00375e-09 5.4017e-08
14.75 3.09852e-09 5.54391e-08
14.775 3.19257e-09 5.6808e-08
14.8 3.28567e-09 5.81205e-08
14.825 3.37759e-09 5.93741e-08
14.85 3.4681e-09 6.05662e-08
14.875 3.55699e-09 6.16944e-08
14.9 3.64404e-09 6.27567e-08
14.925 3.72904e-09 6.37512e-08
14.95 3.81179e-09 6.46762e-08
14.975 3.89209e-09 6.55302e-08
15 3.96974e-09 6.6312e-08
15.025 4.04458e-09 6.70206e-08
15.05 4.11642e-09 6.76552e-08
15.075 4.18511e-09 6.82152e-08
15.1 4.25049e-09 6.87003e-08
15.125 4.31242e-09 6.91103e-08
15.15 4.37077e-09 6.94453e-08
15.175 4.42542e-09 6.97056e-08
15.2 4.47625e-09 6.98916e-08
15.225 4.52317e-09 7.0004e-08
15.25 4.5661e-09 7.00437e-08
15.275 4.60496e-09 7.00116e-08
15.3 4.63968e-09 6.99091e-08
15.325 4.67021e-09 6.97375e-08
15.35 4.69652e-09 6.94982e-08
15.375 4.71858e-09 6.9193e-08
15.4 4.73638e-09 6.88237e-08
15.425 4.7499e-09 6.83921e-08
15.45 4.75916e-09 6.79004e-08
15.475 4.76417e-09 6.73506e-08
15.5 4.76497e-09 6.67451e-08
15.525 4.7616e-09 6.60861e-08
15.55 4.75409e-09 6.5376e-08
15.575 4.74252e-09 6.46173e-08
15.6 4.72695e-09 6.38126e-08
15.625 4.70747e-09 6.29642e-08
15.65 4.68414e-09 6.2075e-08
15.675 4.65708e-09 6.11474e-08
15.7 4.62638e-09 6.01841e-08
15.725 4.59215e-09 5.91878e-08
15.75 4.5545e-09 5.8161e-08
15.775 4.51356e-09 5.71064e-08
15.8 4.46945e-09 5.60267e-08
15.825 4.4223e-09 5.49243e-08
15.85 4.37225e-09 5.38019e-08
15.875 4.31943e-09 5.26618e-08
15.9 4.26399e-09 5.15067e-08
15.925 4.20608e-09 5.03389e-08
15.95 4.14583e-09 4.91608e-08
15.975 4.0834e-09 4.79745e-08
16 4.01893e-09 4.67825e-08
16.025 3.95258e-09 4.55867e-08
16.05 3.8845e-09 4.43894e-08
16.075 3.81483e-09 4.31924e-08
16.1 3.74373e-09 4.19978e-08
16.125 3.67133e-09 4.08072e-08
16.15 3.5978e-09 3.96226e-08
16.175 3.52327e-09 3.84455e-08
16.2 3.44788e-09 3.72776e-08
16.225 3.37177e-09 3.61203e-08
16.25 3.29509e-09 3.4975e-08
16.275 3.21795e-09 3.38431e-08
16.3 3.1405e-09 3.27257e-08
16.325 3.06285e-09 3.1624e-08
16.35 2.98513e-09 3.05391e-08
16.375 2.90745e-09 2.94719e-08
16.4 2.82994e-09 2.84233e-08
16.425 2.75269e-09 2.73941e-08
16.45 2.67581e-09 2.63851e-08
16.475 2.5994e-09 2.53968e-08
16.5 2.52355e-09 2.44298e-08
16.525 2.44836e-09 2.34847e-08
16.55 2.3739e-09 2.25618e-08
16.575 2.30026e-09 2.16615e-08
16.6 2.22751e-09 2.07841e-08
16.625 2.15572e-09 1.99297e-08
16.65 2.08496e-09 1.90986e-08
16.675 2.01528e-09 1.82908e-08
16.7 1.94675e-09 1.75064e-08
16.725 1.8794e-09 1.67454e-08
16.75 1.81329e-09 1.60077e-08
16.775 1.74845e-09 1.52933e-08
16.8 1.68493e-09 1.46019e-08
16.825 1.62275e-09 1.39333e-08
16.85 1.56195e-09 1.32875e-08
16.875 1.50254e-09 1.2664e-08
16.9 1.44455e-09 1.20626e-08
16.925 1.388e-09 1.1483e-08
16.95 1.33288e-09 1.09247e-08
16.975 1.27923e-09 1.03876e-08
17 1.22703e-09 9.87105e-09
17.025 1.17629e-09 9.37475e-09
17.05 1.12702e-09 8.89824e-09
17.075 1.0792e-09 8.44108e-09
17.1 1.03283e-09 8.00278e-09
17.125 9.87905e-10 7.5829e-09
17.15 9.44412e-10 7.18093e-09
17.175 9.02336e-10 6.7964e-09
17.2 8.61662e-10 6.4288e-09
17.225 8.22373e-10 6.07764e-09
17.25 7.8445e-10 5.74242e-09
17.275 7.47871e-10 5.42263e-09
17.3 7.12614e-10 5.11778e-09
17.325 6.78657e-10 4.82735e-09
17.35 6.45973e-10 4.55087e-09
17.375 6.14537e-10 4.28783e-09
17.4 5.84323e-10 4.03775e-09
17.425 5.55302e-10 3.80014e-09
17.45 5.27447e-10 3.57454e-09
17.475 5.00728e-10 3.36048e-09
17.5 4.75116e-10 3.1575e-09
17.525 4.50582e-10 2.96514e-09
17.55 4.27095e-10 2.78298e-09
17.575 4.04625e-10 2.61058e-09
17.6 3.83142e-10 2.44752e-09
17.625 3.62616e-10 2.29339e-09
17.65 3.43016e-10 2.14779e-09
17.675 3.24312e-10 2.01035e-09
17.7 3.06475e-10 1.88068e-09
17.725 2.89474e-10 1.75841e-09
17.75 2.7328e-10 1.64321e-09
17.775 2.57865e-10 1.53472e-09
17.8 2.43199e-10 1.43262e-09
17.825 2.29255e-10 1.33659e-09
17.85 2.16004e-10 1.24632e-09
17.875 2.03421e-10 1.16152e-09
17.9 1.91477e-10 1.08191e-09
17.925 1.80148e-10 1.00721e-09
17.95 1.69407e-10 9.3716e-10
17.975 1.5923e-10 8.71515e-10
18 1.49593e-10 8.10031e-10
18.025 1.40473e-10 7.52479e-10
18.05 1.31846e-10 6.98639e-10
18.075 1.2369e-10 6.48302e-10
18.1 1.15984e-10 6.01267e-10
18.125 1.08707e-10 5.57344e-10
18.15 1.0184e-10 5.1635e-10
18.175 9.53612e-11 4.78113e-10
18.2 8.92534e-11 4.42468e-10
18.225 8.34982e-11 4.09259e-10
18.25 7.80781e-11 3.78338e-10
18.275 7.29763e-11 3.49562e-10
18.3 6.81766e-11 3.228e-10
18.325 6.36636e-11 2.97924e-10
18.35 5.94223e-11 2.74816e-10
18.375 5.54384e-11 2.53361e-10
18.4 5.16982e-11 2.33453e-10
18.425 4.81887e-11 2.14991e-10
18.45 4.48972e-11 1.9788e-10
18.475 4.18119e-11 1.82031e-10
18.5 3.89212e-11 1.67358e-10
18.525 3.62143e-11 1.53783e-10
18.55 3.36807e-11 1.4123e-10
18.575 3.13105e-11 1.29629e-10
18.6 2.90944e-11 1.18914e-10
18.625 2.70232e-11 1.09024e-10
18.65 2.50885e-11 9.98992e-11
18.675 2.32821e-11 9.14863e-11
18.7 2.15964e-11 8.37341e-11
18.725 2.00241e-11 7.65948e-11
18.75 1.85582e-11 7.00237e-11
18.775 1.71922e-11 6.39793e-11
18.8 1.59199e-11 5.84225e-11
18.825 1.47355e-11 5.3317e-11
18.85 1.36333e-11 4.8629e-11
18.875 1.26083e-11 4.43267e-11
18.9 1.16553e-11 4.03809e-11
18.925 1.07698e-11 3.67642e-11
18.95 9.94738e-12 3.3451e-11
18.975 9.1839e-12 3.04177e-11
19 8.47545e-12 2.76424e-11
19.025 7.81838e-12 2.51047e-11
19.05 7.20923e-12 2.27856e-11
19.075 6.64478e-12 2.06675e-11
19.1 6.12198e-12 1.87344e-11
19.125 5.63798e-12 1.6971e-11
19.15 5.19009e-12 1.53635e-11
19.175 4.77582e-12 1.3899e-11
19.2 4.39281e-12 1.25657e-11
19.225 4.03886e-12 1.13525e-11
19.25 3.71192e-12 1.02494e-11
19.275 3.41004e-12 9.24705e-12
19.3 3.13145e-12 8.33678e-12
19.325 2.87445e-12 7.51069e-12
19.35 2.63747e-12 6.76151e-12
19.375 2.41906e-12 6.08252e-12
19.4 2.21783e-12 5.46758e-12
19.425 2.03253e-12 4.91101e-12
19.45 1.86197e-12 4.40764e-12
19.475 1.70504e-12 3.95268e-12
19.5 1.56071e-12 3.54179e-12
19.525 1.42803e-12 3.17095e-12
19.55 1.30611e-12 2.83651e-12
19.575 1.19413e-12 2.53512e-12
19.6 1.09132e-12 2.26372e-12
19.625 9.96967e-13 2.01951e-12
19.65 9.10414e-13 1.79994e-12
19.675 8.31049e-13 1.60268e-12
19.7 7.58307e-13 1.4256e-12
19.725 6.91661e-13 1.26677e-12
19.75 6.30627e-13 1.12443e-12
19.775 5.74756e-13 9.9698e-13
19.8 5.23631e-13 8.82958e-13
19.825 4.7687e-13 7.81042e-13
19.85 4.34117e-13 6.90031e-13
19.875 3.95045e-13 6.08835e-13
19.9 3.59351e-13 5.36466e-13
19.925 3.26758e-13 4.72029e-13
19.95 2.97006e-13 4.14713e-13
19.975 2.69861e-13 3.63785e-13
20 2.45103e-13 3.18583e-13
