0 9.52002e-05 -6.76093e-05
0.025 9.52002e-05 -6.76093e-05
0.05 0.000190186 -0.000135001
0.075 0.000284744 -0.000201959
0.1 0.000378661 -0.000268268
0.125 0.000471726 -0.000333716
0.15 0.000563731 -0.000398094
0.175 0.00065447 -0.000461197
0.2 0.000743741 -0.000522824
0.225 0.000831346 -0.000582782
0.25 0.000917091 -0.000640882
0.275 0.00100079 -0.000696944
0.3 0.00108225 -0.000750794
0.325 0.00116131 -0.000802267
0.35 0.00123779 -0.000851208
0.375 0.00131152 -0.000897471
0.4 0.00138236 -0.000940918
0.425 0.00145015 -0.000981424
0.45 0.00151476 -0.00101887
0.475 0.00157604 -0.00105317
0.5 0.00163389 -0.0010842
0.525 0.00168819 -0.00111191
0.55 0.00173883 -0.00113622
0.575 0.00178572 -0.00115706
0.6 0.00182878 -0.00117441
0.625 0.00186794 -0.00118823
0.65 0.00190312 -0.00119849
0.675 0.00193429 -0.00120519
0.7 0.00196139 -0.00120834
0.725 0.00198441 -0.00120795
0.75 0.00200331 -0.00120405
0.775 0.0020181 -0.00119668
0.8 0.00202877 -0.0011859
0.825 0.00203534 -0.00117176
0.85 0.00203783 -0.00115433
0.875 0.00203628 -0.00113371
0.9 0.00203073 -0.00110998
0.925 0.00202125 -0.00108324
0.95 0.00200789 -0.0010536
0.975 0.00199075 -0.00102118
1 0.0019699 -0.000986108
1.025 0.00194544 -0.000948513
1.05 0.00191749 -0.000908533
1.075 0.00188615 -0.000866313
1.1 0.00185156 -0.000822001
1.125 0.00181385 -0.00077575
1.15 0.00177316 -0.000727717
1.175 0.00172964 -0.000678061
1.2 0.00168346 -0.000626943
1.225 0.00163478 -0.000574529
1.25 0.00158376 -0.000520981
1.275 0.0015306 -0.000466465
1.3 0.00147547 -0.000411146
1.325 0.00141857 -0.000355185
1.35 0.00136009 -0.000298747
1.375 0.00130024 -0.00024199
1.4 0.00123921 -0.000185071
1.425 0.00117721 -0.000128144
1.45 0.00111445 -7.13599e-05
1.475 0.00105115 -1.48634e-05
1.5 0.000987513 4.12041e-05
1.525 0.000923763 9.67071e-05
1.55 0.000860111 0.000151515
1.575 0.000796775 0.000205505
1.6 0.000733968 0.000258558
1.625 0.000671905 0.000310564
1.65 0.000610796 0.000361418
1.675 0.000550853 0.000411023
1.7 0.000492281 0.00045929
1.725 0.000435284 0.000506138
1.75 0.000380059 0.000551491
1.775 0.0003268 0.000595284
1.8 0.000275697 0.000637458
1.825 0.000226931 0.000677962
1.85 0.000180678 0.000716753
1.875 0.000137106 0.000753797
1.9 9.63766e-05 0.000789067
1.925 5.86421e-05 0.000822542
1.95 2.4046e-05 0.000854212
1.975 -7.27741e-06 0.00088407
2 -3.52039e-05 0.000912119
2.025 -5.96196e-05 0.000938369
2.05 -8.04214e-05 0.000962833
2.075 -9.75176e-05 0.000985535
2.1 -0.000110828 0.0010065
2.125 -0.000120286 0.00102577
2.15 -0.000125836 0.00104337
2.175 -0.000127435 0.00105934
2.2 -0.000125055 0.00107374
2.225 -0.000118681 0.00108662
2.25 -0.000108311 0.00109802
2.275 -9.39579e-05 0.00110801
2.3 -7.56485e-05 0.00111664
2.325 -5.34243e-05 0.00112398
2.35 -2.73413e-05 0.00113007
2.375 2.53015e-06 0.001135
2.4 3.61047e-05 0.0011388
2.425 7.32824e-05 0.00114156
2.45 0.000113949 0.00114332
2.475 0.000157975 0.00114415
2.5 0.000205218 0.00114409
2.525 0.00025552 0.00114321
2.55 0.00030871 0.00114155
2.575 0.000364602 0.00113916
2.6 0.000423 0.00113607
2.625 0.00048369 0.00113233
2.65 0.000546451 0.00112797
2.675 0.000611047 0.00112301
2.7 0.000677231 0.00111746
2.725 0.000744746 0.00111135
2.75 0.000813324 0.00110468
2.775 0.000882689 0.00109745
2.8 0.000952554 0.00108964
2.825 0.00102263 0.00108125
2.85 0.00109261 0.00107224
2.875 0.00116218 0.00106259
2.9 0.00123105 0.00105226
2.925 0.00129889 0.00104119
2.95 0.00136538 0.00102934
2.975 0.0014302 0.00101663
3 0.00149302 0.00100299
3.025 0.00155353 0.000988357
3.05 0.0016114 0.00097263
3.075 0.00166631 0.000955717
3.1 0.00171794 0.000937519
3.125 0.00176597 0.000917927
3.15 0.0018101 0.000896829
3.175 0.00185003 0.000874106
3.2 0.00188547 0.000849633
3.225 0.00191612 0.000823283
3.25 0.00194171 0.000794923
3.275 0.00196197 0.000764418
3.3 0.00197666 0.00073163
3.325 0.00198553 0.000696419
3.35 0.00198835 0.000658645
3.375 0.00198491 0.000618168
3.4 0.00197503 0.000574846
3.425 0.00195851 0.000528541
3.45 0.0019352 0.000479117
3.475 0.00190495 0.000426441
3.5 0.00186765 0.000370382
3.525 0.00182318 0.000310817
3.55 0.00177147 0.000247627
3.575 0.00171244 0.000180699
3.6 0.00164607 0.00010993
3.625 0.00157232 3.52221e-05
3.65 0.00149121 -4.35114e-05
3.675 0.00140275 -0.000126348
3.7 0.001307 -0.000213354
3.725 0.00120403 -0.000304586
3.75 0.00109392 -0.000400087
3.775 0.000976797 -0.000499887
3.8 0.000852794 -0.000604004
3.825 0.000722071 -0.000712442
3.85 0.000584811 -0.000825191
3.875 0.000441217 -0.000942226
3.9 0.000291511 -0.00106351
3.925 0.000135938 -0.00118898
3.95 -2.52377e-05 -0.00131856
3.975 -0.000191735 -0.00145219
4 -0.000363252 -0.00158974
4.025 -0.000539473 -0.00173111
4.05 -0.000720062 -0.00187615
4.075 -0.000904672 -0.00202473
4.1 -0.00109294 -0.00217667
4.125 -0.00128449 -0.0023318
4.15 -0.00147893 -0.00248992
4.175 -0.00167587 -0.00265082
4.2 -0.00187489 -0.00281429
4.225 -0.00207559 -0.00298009
4.25 -0.00227754 -0.00314797
4.275 -0.00248031 -0.00331768
4.3 -0.00268348 -0.00348893
4.325 -0.0028866 -0.00366146
4.35 -0.00308926 -0.00383497
4.375 -0.003291 -0.00400917
4.4 -0.00349141 -0.00418374
4.425 -0.00369005 -0.00435839
4.45 -0.0038865 -0.00453279
4.475 -0.00408035 -0.00470663
4.5 -0.00427117 -0.00487957
4.525 -0.00445858 -0.00505129
4.55 -0.00464218 -0.00522147
4.575 -0.00482159 -0.00538978
4.6 -0.00499644 -0.0055559
4.625 -0.00516639 -0.00571949
4.65 -0.00533108 -0.00588025
4.675 -0.00549021 -0.00603785
4.7 -0.00564345 -0.006192
4.725 -0.00579053 -0.00634238
4.75 -0.00593117 -0.00648871
4.775 -0.00606512 -0.0066307
4.8 -0.00619214 -0.00676807
4.825 -0.00631203 -0.00690057
4.85 -0.0064246 -0.00702794
4.875 -0.00652967 -0.00714993
4.9 -0.00662709 -0.00726633
4.925 -0.00671674 -0.00737693
4.95 -0.00679852 -0.00748151
4.975 -0.00687233 -0.00757991
5 -0.00693813 -0.00767196
5.025 -0.00699586 -0.0077575
5.05 -0.0070455 -0.00783641
5.075 -0.00708708 -0.00790855
5.1 -0.00712059 -0.00797385
5.125 -0.0071461 -0.00803221
5.15 -0.00716366 -0.00808357
5.175 -0.00717336 -0.00812788
5.2 -0.00717529 -0.00816511
5.225 -0.00716959 -0.00819525
5.25 -0.00715639 -0.0082183
5.275 -0.00713583 -0.00823429
5.3 -0.0071081 -0.00824325
5.325 -0.00707338 -0.00824524
5.35 -0.00703186 -0.00824033
5.375 -0.00698376 -0.0082286
5.4 -0.0069293 -0.00821015
5.425 -0.00686872 -0.0081851
5.45 -0.00680226 -0.00815358
5.475 -0.00673018 -0.00811572
5.5 -0.00665274 -0.00807168
5.525 -0.0065702 -0.00802164
5.55 -0.00648284 -0.00796575
5.575 -0.00639094 -0.00790422
5.6 -0.00629478 -0.00783722
5.625 -0.00619466 -0.00776498
5.65 -0.00609084 -0.0076877
5.675 -0.00598364 -0.0076056
5.7 -0.00587333 -0.0075189
5.725 -0.00576019 -0.00742783
5.75 -0.00564452 -0.00733264
5.775 -0.0055266 -0.00723354
5.8 -0.00540671 -0.0071308
5.825 -0.00528512 -0.00702465
5.85 -0.00516209 -0.00691532
5.875 -0.0050379 -0.00680308
5.9 -0.0049128 -0.00668816
5.925 -0.00478704 -0.0065708
5.95 -0.00466087 -0.00645124
5.975 -0.00453451 -0.00632973
6 -0.00440819 -0.00620649
6.025 -0.00428214 -0.00608177
6.05 -0.00415655 -0.00595579
6.075 -0.00403164 -0.00582876
6.1 -0.00390757 -0.00570092
6.125 -0.00378455 -0.00557247
6.15 -0.00366272 -0.00544362
6.175 -0.00354226 -0.00531457
6.2 -0.00342331 -0.0051855
6.225 -0.00330601 -0.00505662
6.25 -0.00319048 -0.00492809
6.275 -0.00307685 -0.00480009
6.3 -0.00296523 -0.00467278
6.325 -0.0028557 -0.00454631
6.35 -0.00274836 -0.00442084
6.375 -0.00264329 -0.0042965
6.4 -0.00254055 -0.00417343
6.425 -0.00244021 -0.00405175
6.45 -0.00234232 -0.00393157
6.475 -0.00224691 -0.00381299
6.5 -0.00215403 -0.00369613
6.525 -0.00206371 -0.00358107
6.55 -0.00197595 -0.00346789
6.575 -0.00189077 -0.00335667
6.6 -0.00180818 -0.00324747
6.625 -0.00172817 -0.00314036
6.65 -0.00165074 -0.0030354
6.675 -0.00157587 -0.00293261
6.7 -0.00150355 -0.00283206
6.725 -0.00143375 -0.00273376
6.75 -0.00136643 -0.00263775
6.775 -0.00130158 -0.00254405
6.8 -0.00123915 -0.00245267
6.825 -0.00117911 -0.00236363
6.85 -0.0011214 -0.00227692
6.875 -0.00106598 -0.00219254
6.9 -0.00101281 -0.0021105
6.925 -0.000961827 -0.00203078
6.95 -0.000912985 -0.00195337
6.975 -0.000866227 -0.00187824
7 -0.000821497 -0.00180539
7.025 -0.000778738 -0.00173478
7.05 -0.000737891 -0.0016664
7.075 -0.000698899 -0.00160019
7.1 -0.000661703 -0.00153615
7.125 -0.000626242 -0.00147422
7.15 -0.000592458 -0.00141438
7.175 -0.000560292 -0.00135659
7.2 -0.000529685 -0.00130079
7.225 -0.000500579 -0.00124696
7.25 -0.000472918 -0.00119505
7.275 -0.000446643 -0.00114501
7.3 -0.000421699 -0.00109681
7.325 -0.000398033 -0.00105038
7.35 -0.000375589 -0.0010057
7.375 -0.000354317 -0.000962704
7.4 -0.000334164 -0.000921356
7.425 -0.00031508 -0.000881605
7.45 -0.000297018 -0.000843406
7.475 -0.00027993 -0.000806711
7.5 -0.000263771 -0.000771475
7.525 -0.000248496 -0.000737651
7.55 -0.000234063 -0.000705195
7.575 -0.00022043 -0.00067406
7.6 -0.000207558 -0.000644202
7.625 -0.000195409 -0.000615579
7.65 -0.000183945 -0.000588147
7.675 -0.000173131 -0.000561863
7.7 -0.000162934 -0.000536688
7.725 -0.00015332 -0.000512579
7.75 -0.00014426 -0.000489499
7.775 -0.000135723 -0.000467407
7.8 -0.00012768 -0.000446267
7.825 -0.000120106 -0.000426043
7.85 -0.000112973 -0.000406697
7.875 -0.000106257 -0.000388197
7.9 -9.9936e-05 -0.000370508
7.925 -9.39863e-05 -0.000353597
7.95 -8.83874e-05 -0.000337434
7.975 -8.31191e-05 -0.000321987
8 -7.81625e-05 -0.000307227
8.025 -7.34995e-05 -0.000293126
8.05 -6.91132e-05 -0.000279656
8.075 -6.49874e-05 -0.00026679
8.1 -6.11069e-05 -0.000254502
8.125 -5.74573e-05 -0.000242769
8.15 -5.40249e-05 -0.000231566
8.175 -5.0797e-05 -0.00022087
8.2 -4.77613e-05 -0.00021066
8.225 -4.49065e-05 -0.000200913
8.25 -4.22218e-05 -0.000191611
8.275 -3.96971e-05 -0.000182732
8.3 -3.73228e-05 -0.000174259
8.325 -3.50899e-05 -0.000166173
8.35 -3.29899e-05 -0.000158458
8.375 -3.1015e-05 -0.000151097
8.4 -2.91575e-05 -0.000144073
8.425 -2.74106e-05 -0.000137372
8.45 -2.57674e-05 -0.00013098
8.475 -2.42219e-05 -0.000124882
8.5 -2.27682e-05 -0.000119065
8.525 -2.14008e-05 -0.000113516
8.55 -2.01146e-05 -0.000108223
8.575 -1.89047e-05 -0.000103175
8.6 -1.77665e-05 -9.83608e-05
8.625 -1.66958e-05 -9.37692e-05
8.65 -1.56887e-05 -8.93903e-05
8.675 -1.47412e-05 -8.52145e-05
8.7 -1.385e-05 -8.12324e-05
8.725 -1.30116e-05 -7.74353e-05
8.75 -1.22229e-05 -7.38147e-05
8.775 -1.14811e-05 -7.03625e-05
8.8 -1.07833e-05 -6.70711e-05
8.825 -1.01271e-05 -6.3933e-05
8.85 -9.50981e-06 -6.09414e-05
8.875 -8.92933e-06 -5.80894e-05
8.9 -8.38344e-06 -5.53707e-05
8.925 -7.87015e-06 -5.27792e-05
8.95 -7.38754e-06 -5.03091e-05
8.975 -6.93382e-06 -4.79547e-05
9 -6.50732e-06 -4.57109e-05
9.025 -6.10645e-06 -4.35724e-05
9.05 -5.72971e-06 -4.15345e-05
9.075 -5.3757e-06 -3.95925e-05
9.1 -5.0431e-06 -3.7742e-05
9.125 -4.73065e-06 -3.59789e-05
9.15 -4.4372e-06 -3.4299e-05
9.175 -4.16162e-06 -3.26986e-05
9.2 -3.90287e-06 -3.11739e-05
9.225 -3.65997e-06 -2.97214e-05
9.25 -3.43199e-06 -2.83379e-05
9.275 -3.21805e-06 -2.70201e-05
9.3 -3.01734e-06 -2.57649e-05
9.325 -2.82905e-06 -2.45694e-05
9.35 -2.65247e-06 -2.34309e-05
9.375 -2.4869e-06 -2.23466e-05
9.4 -2.33168e-06 -2.13141e-05
9.425 -2.18619e-06 -2.03309e-05
9.45 -2.04985e-06 -1.93946e-05
9.475 -1.92212e-06 -1.85031e-05
9.5 -1.80246e-06 -1.76542e-05
9.525 -1.69039e-06 -1.68459e-05
9.55 -1.58546e-06 -1.60763e-05
9.575 -1.48721e-06 -1.53435e-05
9.6 -1.39524e-06 -1.46459e-05
9.625 -1.30917e-06 -1.39816e-05
9.65 -1.22863e-06 -1.3349e-05
9.675 -1.15326e-06 -1.27468e-05
9.7 -1.08275e-06 -1.21733e-05
9.725 -1.0168e-06 -1.16272e-05
9.75 -9.55108e-07 -1.11072e-05
9.775 -8.97408e-07 -1.0612e-05
9.8 -8.43444e-07 -1.01403e-05
9.825 -7.92977e-07 -9.69109e-06
9.85 -7.45779e-07 -9.26319e-06
9.875 -7.0164e-07 -8.85558e-06
9.9 -6.60358e-07 -8.46725e-06
9.925 -6.21747e-07 -8.09724e-06
9.95 -5.85631e-07 -7.74466e-06
9.975 -5.51843e-07 -7.40864e-06
10 -5.20229e-07 -7.08836e-06
10.025 -4.90643e-07 -6.78303e-06
10.05 -4.6295e-07 -6.49191e-06
10.075 -4.37021e-07 -6.21431e-06
10.1 -4.12736e-07 -5.94953e-06
10.125 -3.89985e-07 -5.69695e-06
10.15 -3.68661e-07 -5.45596e-06
10.175 -3.48668e-07 -5.22598e-06
10.2 -3.29914e-07 -5.00646e-06
10.225 -3.12313e-07 -4.79688e-06
10.25 -2.95786e-07 -4.59675e-06
10.275 -2.80259e-07 -4.4056e-06
10.3 -2.65663e-07 -4.22298e-06
10.325 -2.51932e-07 -4.04847e-06
10.35 -2.39007e-07 -3.88167e-06
10.375 -2.26832e-07 -3.7222e-06
10.4 -2.15355e-07 -3.5697e-06
10.425 -2.04529e-07 -3.42383e-06
10.45 -1.94307e-07 -3.28427e-06
10.475 -1.8465e-07 -3.15069e-06
10.5 -1.75518e-07 -3.02283e-06
10.525 -1.66876e-07 -2.9004e-06
10.55 -1.58691e-07 -2.78313e-06
10.575 -1.50933e-07 -2.67079e-06
10.6 -1.43573e-07 -2.56314e-06
10.625 -1.36585e-07 -2.45995e-06
10.65 -1.29946e-07 -2.36102e-06
10.675 -1.23633e-07 -2.26614e-06
10.7 -1.17627e-07 -2.17514e-06
10.725 -1.11907e-07 -2.08782e-06
10.75 -1.06458e-07 -2.00402e-06
10.775 -1.01263e-07 -1.92359e-06
10.8 -9.63072e-08 -1.84637e-06
10.825 -9.15778e-08 -1.77221e-06
10.85 -8.70621e-08 -1.70098e-06
10.875 -8.27488e-08 -1.63255e-06
10.9 -7.86274e-08 -1.56681e-06
10.925 -7.46882e-08 -1.50363e-06
10.95 -7.09225e-08 -1.4429e-06
10.975 -6.73218e-08 -1.38452e-06
11 -6.38788e-08 -1.3284e-06
11.025 -6.05862e-08 -1.27444e-06
11.05 -5.74377e-08 -1.22255e-06
11.075 -5.4427e-08 -1.17264e-06
11.1 -5.15486e-08 -1.12465e-06
11.125 -4.87972e-08 -1.07849e-06
11.15 -4.61677e-08 -1.03408e-06
11.175 -4.36555e-08 -9.91376e-07
11.2 -4.12561e-08 -9.50296e-07
11.225 -3.89654e-08 -9.10782e-07
11.25 -3.67793e-08 -8.72775e-07
11.275 -3.46939e-08 -8.36221e-07
11.3 -3.27058e-08 -8.01064e-07
11.325 -3.08111e-08 -7.67256e-07
11.35 -2.90067e-08 -7.34746e-07
11.375 -2.72891e-08 -7.03489e-07
11.4 -2.56552e-08 -6.7344e-07
11.425 -2.41018e-08 -6.44556e-07
11.45 -2.26259e-08 -6.16796e-07
11.475 -2.12246e-08 -5.90123e-07
11.5 -1.98948e-08 -5.64496e-07
11.525 -1.86339e-08 -5.39882e-07
11.55 -1.7439e-08 -5.16244e-07
11.575 -1.63074e-08 -4.93549e-07
11.6 -1.52364e-08 -4.71764e-07
11.625 -1.42236e-08 -4.50858e-07
11.65 -1.32663e-08 -4.30802e-07
11.675 -1.23621e-08 -4.11564e-07
11.7 -1.15086e-08 -3.93118e-07
11.725 -1.07034e-08 -3.75435e-07
11.75 -9.94436e-09 -3.58488e-07
11.775 -9.22921e-09 -3.42252e-07
11.8 -8.55585e-09 -3.26702e-07
11.825 -7.92221e-09 -3.11812e-07
11.85 -7.32632e-09 -2.97559e-07
11.875 -6.76628e-09 -2.8392e-07
11.9 -6.24026e-09 -2.70872e-07
11.925 -5.74651e-09 -2.58393e-07
11.95 -5.28336e-09 -2.46461e-07
11.975 -4.84921e-09 -2.35056e-07
12 -4.44255e-09 -2.24158e-07
12.025 -4.06191e-09 -2.13746e-07
12.05 -3.70594e-09 -2.03803e-07
12.075 -3.37334e-09 -1.94308e-07
12.1 -3.06286e-09 -1.85243e-07
12.125 -2.77335e-09 -1.76593e-07
12.15 -2.50372e-09 -1.68338e-07
12.175 -2.25293e-09 -1.60463e-07
12.2 -2.02001e-09 -1.52952e-07
12.225 -1.80403e-09 -1.4579e-07
12.25 -1.60414e-09 -1.3896e-07
12.275 -1.41952e-09 -1.32449e-07
12.3 -1.24939e-09 -1.26244e-07
12.325 -1.09304e-09 -1.2033e-07
12.35 -9.49779e-10 -1.14694e-07
12.375 -8.1895e-10 -1.09325e-07
12.4 -6.99938e-10 -1.0421e-07
12.425 -5.92152e-10 -9.93371e-08
12.45 -4.95028e-10 -9.46964e-08
12.475 -4.08025e-10 -9.0277e-08
12.5 -3.30621e-10 -8.60688e-08
12.525 -2.62312e-10 -8.20622e-08
12.55 -2.02612e-10 -7.8248e-08
12.575 -1.51043e-10 -7.46174e-08
12.6 -1.07143e-10 -7.11621e-08
12.625 -7.04564e-11 -6.78742e-08
12.65 -4.05374e-11 -6.47459e-08
12.675 -1.69469e-11 -6.17702e-08
12.7 7.47688e-13 -5.89401e-08
12.725 1.29735e-11 -5.62491e-08
12.75 2.01522e-11 -5.36909e-08
12.775 2.27005e-11 -5.12596e-08
12.8 2.10298e-11 -4.89495e-08
12.825 1.55463e-11 -4.67551e-08
12.85 6.65024e-12 -4.46713e-08
12.875 -5.26422e-12 -4.26931e-08
12.9 -1.981e-11 -4.08158e-08
12.925 -3.66078e-11 -3.90347e-08
12.95 -5.52867e-11 -3.73455e-08
12.975 -7.54856e-11 -3.57439e-08
13 -9.68537e-11 -3.42258e-08
13.025 -1.19052e-10 -3.27872e-08
13.05 -1.41753e-10 -3.14243e-08
13.075 -1.64644e-10 -3.01332e-08
13.1 -1.87427e-10 -2.89103e-08
13.125 -2.09817e-10 -2.7752e-08
13.15 -2.31547e-10 -2.66547e-08
13.175 -2.52367e-10 -2.56149e-08
13.2 -2.72044e-10 -2.46293e-08
13.225 -2.90364e-10 -2.36945e-08
13.25 -3.07131e-10 -2.28071e-08
13.275 -3.22168e-10 -2.19639e-08
13.3 -3.35317e-10 -2.11617e-08
13.325 -3.46439e-10 -2.03971e-08
13.35 -3.55417e-10 -1.96672e-08
13.375 -3.6215e-10 -1.89686e-08
13.4 -3.66557e-10 -1.82984e-08
13.425 -3.68577e-10 -1.76536e-08
13.45 -3.68164e-10 -1.7031e-08
13.475 -3.65293e-10 -1.64279e-08
13.5 -3.59953e-10 -1.58412e-08
13.525 -3.52151e-10 -1.52682e-08
13.55 -3.41907e-10 -1.47062e-08
13.575 -3.29258e-10 -1.41525e-08
13.6 -3.14252e-10 -1.36044e-08
13.625 -2.9695e-10 -1.30595e-08
13.65 -2.77424e-10 -1.25154e-08
13.675 -2.55756e-10 -1.19698e-08
13.7 -2.32036e-10 -1.14204e-08
13.725 -2.06362e-10 -1.08652e-08
13.75 -1.78841e-10 -1.03023e-08
13.775 -1.49581e-10 -9.72985e-09
13.8 -1.18696e-10 -9.14611e-09
13.825 -8.6306e-11 -8.54958e-09
13.85 -5.25288e-11 -7.93884e-09
13.875 -1.74857e-11 -7.31266e-09
13.9 1.87024e-11 -6.66995e-09
13.925 5.59154e-11 -6.00976e-09
13.95 9.40346e-11 -5.33132e-09
13.975 1.32944e-10 -4.63402e-09
14 1.72529e-10 -3.9174e-09
14.025 2.12682e-10 -3.18119e-09
14.05 2.53296e-10 -2.42524e-09
14.075 2.94271e-10 -1.64961e-09
14.1 3.3551e-10 -8.54472e-10
14.125 3.76923e-10 -4.01892e-11
14.15 4.18424e-10 7.9274e-10
14.175 4.59936e-10 1.64366e-09
14.2 5.01383e-10 2.51179e-09
14.225 5.42698e-10 3.3962e-09
14.25 5.83819e-10 4.29581e-09
14.275 6.2469e-10 5.20945e-09
14.3 6.65261e-10 6.13582e-09
14.325 7.05484e-10 7.07351e-09
14.35 7.45321e-10 8.02101e-09
14.375 7.84736e-10 8.97671e-09
14.4 8.23697e-10 9.93894e-09
14.425 8.62179e-10 1.09059e-08
14.45 9.00157e-10 1.18759e-08
14.475 9.37612e-10 1.28469e-08
14.5 9.74528e-10 1.38171e-08
14.525 1.01089e-09 1.47846e-08
14.55 1.04669e-09 1.57472e-08
14.575 1.08191e-09 1.67032e-08
14.6 1.11655e-09 1.76504e-08
14.625 1.1506e-09 1.85869e-08
14.65 1.18406e-09 1.95107e-08
14.675 1.21691e-09 2.042e-08
14.7 1.24915e-09 2.13127e-08
14.725 1.28078e-09 2.2187e-08
14.75 1.31179e-09 2.3041e-08
14.775 1.34217e-09 2.38732e-08
14.8 1.37192e-09 2.46816e-08
14.825 1.40102e-09 2.54647e-08
14.85 1.42946e-09 2.6221e-08
14.875 1.45724e-09 2.6949e-08
14.9 1.48434e-09 2.76472e-08
14.925 1.51074e-09 2.83145e-08
14.95 1.53644e-09 2.89497e-08
14.975 1.5614e-09 2.95515e-08
15 1.58562e-09 3.01192e-08
15.025 1.60907e-09 3.06517e-08
15.05 1.63174e-09 3.11483e-08
15.075 1.65359e-09 3.16084e-08
15.1 1.67461e-09 3.20313e-08
15.125 1.69477e-09 3.24167e-08
15.15 1.71404e-09 3.27642e-08
15.175 1.7324e-09 3.30735e-08
15.2 1.74983e-09 3.33446e-08
15.225 1.76629e-09 3.35775e-08
15.25 1.78176e-09 3.37722e-08
15.275 1.79622e-09 3.39289e-08
15.3 1.80963e-09 3.40479e-08
15.325 1.82198e-09 3.41295e-08
15.35 1.83323e-09 3.41743e-08
15.375 1.84338e-09 3.41828e-08
15.4 1.85238e-09 3.41557e-08
15.425 1.86023e-09 3.40936e-08
15.45 1.8669e-09 3.39974e-08
15.475 1.87238e-09 3.38679e-08
15.5 1.87665e-09 3.37061e-08
15.525 1.8797e-09 3.35128e-08
15.55 1.88152e-09 3.32893e-08
15.575 1.8821e-09 3.30365e-08
15.6 1.88143e-09 3.27556e-08
15.625 1.87952e-09 3.24478e-08
15.65 1.87636e-09 3.21143e-08
15.675 1.87195e-09 3.17563e-08
15.7 1.86631e-09 3.1375e-08
15.725 1.85942e-09 3.09719e-08
15.75 1.85132e-09 3.05481e-08
15.775 1.84201e-09 3.01049e-08
15.8 1.8315e-09 2.96438e-08
15.825 1.81982e-09 2.91659e-08
15.85 1.80699e-09 2.86726e-08
15.875 1.79302e-09 2.81653e-08
15.9 1.77796e-09 2.76451e-08
15.925 1.76181e-09 2.71134e-08
15.95 1.74463e-09 2.65715e-08
15.975 1.72644e-09 2.60205e-08
16 1.70727e-09 2.54617e-08
16.025 1.68716e-09 2.48963e-08
16.05 1.66615e-09 2.43254e-08
16.075 1.64428e-09 2.37503e-08
16.1 1.6216e-09 2.31718e-08
16.125 1.59814e-09 2.25912e-08
16.15 1.57396e-09 2.20095e-08
16.175 1.54909e-09 2.14276e-08
16.2 1.52358e-09 2.08465e-08
16.225 1.49748e-09 2.0267e-08
16.25 1.47083e-09 1.96901e-08
16.275 1.44369e-09 1.91166e-08
16.3 1.4161e-09 1.85472e-08
16.325 1.3881e-09 1.79827e-08
16.35 1.35975e-09 1.74237e-08
16.375 1.33109e-09 1.6871e-08
16.4 1.30218e-09 1.6325e-08
16.425 1.27305e-09 1.57865e-08
16.45 1.24375e-09 1.52558e-08
16.475 1.21432e-09 1.47336e-08
16.5 1.18482e-09 1.42201e-08
16.525 1.15527e-09 1.37159e-08
16.55 1.12574e-09 1.32212e-08
16.575 1.09624e-09 1.27364e-08
16.6 1.06683e-09 1.22618e-08
16.625 1.03755e-09 1.17976e-08
16.65 1.00841e-09 1.13441e-08
16.675 9.79477e-10 1.09013e-08
16.7 9.50765e-10 1.04696e-08
16.725 9.22311e-10 1.00488e-08
16.75 8.94144e-10 9.63927e-09
16.775 8.66294e-10 9.24092e-09
16.8 8.38787e-10 8.85382e-09
16.825 8.11648e-10 8.47796e-09
16.85 7.84901e-10 8.11333e-09
16.875 7.58567e-10 7.75989e-09
16.9 7.32666e-10 7.41758e-09
16.925 7.07217e-10 7.08631e-09
16.95 6.82236e-10 6.76598e-09
16.975 6.57739e-10 6.45647e-09
17 6.33739e-10 6.15766e-09
17.025 6.10248e-10 5.86938e-09
17.05 5.87277e-10 5.59148e-09
17.075 5.64834e-10 5.32379e-09
17.1 5.42927e-10 5.06612e-09
17.125 5.21561e-10 4.81827e-09
17.15 5.00743e-10 4.58005e-09
17.175 4.80474e-10 4.35124e-09
17.2 4.60757e-10 4.13162e-09
17.225 4.41594e-10 3.92098e-09
17.25 4.22984e-10 3.71909e-09
17.275 4.04925e-10 3.52571e-09
17.3 3.87416e-10 3.34061e-09
17.325 3.70454e-10 3.16355e-09
17.35 3.54033e-10 2.99431e-09
17.375 3.3815e-10 2.83263e-09
17.4 3.22798e-10 2.67829e-09
17.425 3.07971e-10 2.53104e-09
17.45 2.93662e-10 2.39065e-09
17.475 2.79862e-10 2.25689e-09
17.5 2.66564e-10 2.12951e-09
17.525 2.53759e-10 2.0083e-09
17.55 2.41437e-10 1.89303e-09
17.575 2.29588e-10 1.78347e-09
17.6 2.18202e-10 1.6794e-09
17.625 2.0727e-10 1.58061e-09
17.65 1.96779e-10 1.48688e-09
17.675 1.8672e-10 1.39802e-09
17.7 1.7708e-10 1.31381e-09
17.725 1.6785e-10 1.23407e-09
17.75 1.59016e-10 1.15859e-09
17.775 1.50568e-10 1.08719e-09
17.8 1.42495e-10 1.0197e-09
17.825 1.34784e-10 9.55924e-10
17.85 1.27425e-10 8.95704e-10
17.875 1.20405e-10 8.3887e-10
17.9 1.13713e-10 7.85263e-10
17.925 1.07338e-10 7.34727e-10
17.95 1.01269e-10 6.87114e-10
17.975 9.54943e-11 6.42279e-10
18 9.00035e-11 6.00082e-10
18.025 8.47857e-11 5.60392e-10
18.05 7.98303e-11 5.23078e-10
18.075 7.5127e-11 4.88018e-10
18.1 7.06656e-11 4.55094e-10
18.125 6.64361e-11 4.24191e-10
18.15 6.2429e-11 3.95202e-10
18.175 5.86347e-11 3.68022e-10
18.2 5.5044e-11 3.42551e-10
18.225 5.1648e-11 3.18695e-10
18.25 4.8438e-11 2.96364e-10
18.275 4.54054e-11 2.75469e-10
18.3 4.25422e-11 2.5593e-10
18.325 3.98404e-11 2.37668e-10
18.35 3.72923e-11 2.20607e-10
18.375 3.48905e-11 2.04678e-10
18.4 3.26279e-11 1.89812e-10
18.425 3.04975e-11 1.75946e-10
18.45 2.84928e-11 1.63018e-10
18.475 2.66074e-11 1.50973e-10
18.5 2.48351e-11 1.39754e-10
18.525 2.317e-11 1.2931e-10
18.55 2.16065e-11 1.19594e-10
18.575 2.01392e-11 1.10557e-10
18.6 1.87628e-11 1.02158e-10
18.625 1.74725e-11 9.43548e-11
18.65 1.62634e-11 8.71088e-11
18.675 1.51311e-11 8.03835e-11
18.7 1.40712e-11 7.41445e-11
18.725 1.30796e-11 6.83595e-11
18.75 1.21524e-11 6.2998e-11
18.775 1.12858e-11 5.80314e-11
18.8 1.04763e-11 5.34328e-11
18.825 9.72056e-12 4.9177e-11
18.85 9.01528e-12 4.52403e-11
18.875 8.35744e-12 4.16006e-11
18.9 7.74417e-12 3.8237e-11
18.925 7.17273e-12 3.513e-11
18.95 6.64053e-12 3.22614e-11
18.975 6.14511e-12 2.96142e-11
19 5.68417e-12 2.71724e-11
19.025 5.25551e-12 2.49212e-11
19.05 4.85705e-12 2.28465e-11
19.075 4.48686e-12 2.09356e-11
19.1 4.1431e-12 1.91762e-11
19.125 3.82402e-12 1.75571e-11
19.15 3.52799e-12 1.60678e-11
19.175 3.25349e-12 1.46985e-11
19.2 2.99907e-12 1.34401e-11
19.225 2.76336e-12 1.22842e-11
19.25 2.54509e-12 1.12229e-11
19.275 2.34308e-12 1.0249e-11
19.3 2.15618e-12 9.35552e-12
19.325 1.98336e-12 8.53632e-12
19.35 1.82363e-12 7.78554e-12
19.375 1.67606e-12 7.09777e-12
19.4 1.53978e-12 6.46801e-12
19.425 1.414e-12 5.89162e-12
19.45 1.29795e-12 5.36432e-12
19.475 1.19094e-12 4.88215e-12
19.5 1.09229e-12 4.44144e-12
19.525 1.00141e-12 4.0388e-12
19.55 9.17706e-13 3.67111e-12
19.575 8.40657e-13 3.33548e-12
19.6 7.69763e-13 3.02927e-12
19.625 7.0456e-13 2.75e-12
19.65 6.44618e-13 2.49543e-12
19.675 5.89537e-13 2.26347e-12
19.7 5.38944e-13 2.0522e-12
19.725 4.92495e-13 1.85988e-12
19.75 4.49868e-13 1.68487e-12
19.775 4.10766e-13 1.52568e-12
19.8 3.74912e-13 1.38095e-12
19.825 3.42052e-13 1.24943e-12
19.85 3.11947e-13 1.12996e-12
19.875 2.84379e-13 1.02148e-12
19.9 2.59145e-13 9.23035e-13
19.925 2.36056e-13 8.33723e-13
19.95 2.1494e-13 7.52736e-13
19.975 1.95636e-13 6.79332e-13
20 1.77996e-13 6.12827e-13
