0 9.35924e-05 -7.84203e-05
0.025 9.35924e-05 -7.84203e-05
0.05 0.000186977 -0.000156574
0.075 0.000279946 -0.000234194
0.1 0.000372293 -0.000311017
0.125 0.000463813 -0.000386782
0.15 0.000554304 -0.000461234
0.175 0.000643567 -0.00053412
0.2 0.000731403 -0.000605196
0.225 0.000817622 -0.000674225
0.25 0.000902033 -0.000740976
0.275 0.000984453 -0.000805231
0.3 0.0010647 -0.000866777
0.325 0.00114261 -0.000925416
0.35 0.00121801 -0.000980959
0.375 0.00129074 -0.00103323
0.4 0.00136065 -0.00108207
0.425 0.00142759 -0.00112732
0.45 0.00149142 -0.00116885
0.475 0.00155202 -0.00120654
0.5 0.00160926 -0.00124028
0.525 0.00166303 -0.00126998
0.55 0.00171323 -0.00129556
0.575 0.00175977 -0.00131696
0.6 0.00180255 -0.00133414
0.625 0.00184151 -0.00134706
0.65 0.00187659 -0.00135572
0.675 0.00190773 -0.00136011
0.7 0.00193488 -0.00136025
0.725 0.00195802 -0.00135617
0.75 0.00197712 -0.00134791
0.775 0.00199217 -0.00133554
0.8 0.00200318 -0.00131914
0.825 0.00201015 -0.00129879
0.85 0.0020131 -0.00127459
0.875 0.00201207 -0.00124665
0.9 0.00200711 -0.00121511
0.925 0.00199826 -0.00118009
0.95 0.00198559 -0.00114175
0.975 0.00196917 -0.00110025
1 0.00194909 -0.00105574
1.025 0.00192545 -0.0010084
1.05 0.00189836 -0.000958417
1.075 0.00186791 -0.000905975
1.1 0.00183425 -0.000851267
1.125 0.0017975 -0.000794493
1.15 0.00175781 -0.000735854
1.175 0.00171532 -0.000675555
1.2 0.00167019 -0.000613804
1.225 0.00162259 -0.000550808
1.25 0.00157269 -0.000486778
1.275 0.00152068 -0.000421922
1.3 0.00146673 -0.000356446
1.325 0.00141104 -0.000290557
1.35 0.00135381 -0.000224455
1.375 0.00129523 -0.00015834
1.4 0.00123551 -9.24066e-05
1.425 0.00117487 -2.68426e-05
1.45 0.00111351 3.81683e-05
1.475 0.00105164 0.000102449
1.5 0.000989499 0.000165831
1.525 0.000927287 0.00022815
1.55 0.000865229 0.000289254
1.575 0.000803543 0.000348997
1.6 0.000742447 0.000407243
1.625 0.000682158 0.000463864
1.65 0.000622891 0.000518743
1.675 0.00056486 0.000571773
1.7 0.000508272 0.000622858
1.725 0.000453335 0.00067191
1.75 0.000400249 0.000718854
1.775 0.000349209 0.000763624
1.8 0.000300406 0.000806167
1.825 0.000254024 0.000846438
1.85 0.000210237 0.000884403
1.875 0.000169216 0.00092004
1.9 0.00013112 0.000953337
1.925 9.61009e-05 0.000984291
1.95 6.42996e-05 0.00101291
1.975 3.58478e-05 0.00103921
2 1.08663e-05 0.00106321
2.025 -1.05354e-05 0.00108496
2.05 -2.82595e-05 0.0011045
2.075 -4.22206e-05 0.00112186
2.1 -5.23458e-05 0.00113713
2.125 -5.85754e-05 0.00115035
2.15 -6.08632e-05 0.0011616
2.175 -5.91767e-05 0.00117095
2.2 -5.3498e-05 0.00117849
2.225 -4.38232e-05 0.0011843
2.25 -3.01634e-05 0.00118848
2.275 -1.25445e-05 0.0011911
2.3 8.9926e-06 0.00119227
2.325 3.43917e-05 0.00119208
2.35 6.35813e-05 0.00119062
2.375 9.64749e-05 0.00118799
2.4 0.000132971 0.00118429
2.425 0.000172951 0.00117959
2.45 0.000216285 0.001174
2.475 0.000262825 0.0011676
2.5 0.00031241 0.00116047
2.525 0.000364864 0.00115269
2.55 0.000419998 0.00114432
2.575 0.000477609 0.00113544
2.6 0.00053748 0.00112609
2.625 0.000599382 0.00111634
2.65 0.000663076 0.00110622
2.675 0.000728309 0.00109576
2.7 0.000794818 0.001085
2.725 0.000862331 0.00107394
2.75 0.000930565 0.00106259
2.775 0.00099923 0.00105095
2.8 0.00106803 0.001039
2.825 0.00113666 0.00102671
2.85 0.0012048 0.00101405
2.875 0.00127215 0.00100096
2.9 0.00133838 0.000987387
2.925 0.00140317 0.000973261
2.95 0.00146621 0.000958498
2.975 0.00152715 0.000943007
3 0.00158569 0.000926683
3.025 0.0016415 0.000909414
3.05 0.00169425 0.000891077
3.075 0.00174364 0.000871539
3.1 0.00178936 0.000850659
3.125 0.00183109 0.000828287
3.15 0.00186855 0.000804268
3.175 0.00190144 0.000778436
3.2 0.00192949 0.000750624
3.225 0.00195242 0.000720655
3.25 0.00196998 0.000688352
3.275 0.00198192 0.000653531
3.3 0.00198802 0.000616009
3.325 0.00198806 0.0005756
3.35 0.00198183 0.000532118
3.375 0.00196916 0.000485377
3.4 0.00194987 0.000435197
3.425 0.00192382 0.000381396
3.45 0.00189087 0.0003238
3.475 0.00185092 0.00026224
3.5 0.00180388 0.000196553
3.525 0.00174966 0.000126584
3.55 0.00168824 5.21876e-05
3.575 0.00161956 -2.6772e-05
3.6 0.00154364 -0.000110419
3.625 0.00146048 -0.000198864
3.65 0.00137012 -0.000292207
3.675 0.00127263 -0.000390531
3.7 0.00116807 -0.000493905
3.725 0.00105656 -0.000602382
3.75 0.000938218 -0.000715997
3.775 0.000813192 -0.000834767
3.8 0.000681651 -0.000958693
3.825 0.000543781 -0.00108776
3.85 0.000399792 -0.00122191
3.875 0.000249913 -0.00136111
3.9 9.43918e-05 -0.00150527
3.925 -6.65063e-05 -0.00165429
3.95 -0.000232497 -0.00180805
3.975 -0.00040328 -0.00196642
4 -0.000578539 -0.00212922
4.025 -0.000757943 -0.00229629
4.05 -0.000941145 -0.00246742
4.075 -0.00112779 -0.00264239
4.1 -0.00131751 -0.00282097
4.125 -0.00150991 -0.00300289
4.15 -0.00170462 -0.00318789
4.175 -0.00190124 -0.00337567
4.2 -0.00209935 -0.00356593
4.225 -0.00229856 -0.00375834
4.25 -0.00249844 -0.00395257
4.275 -0.00269858 -0.00414826
4.3 -0.00289857 -0.00434507
4.325 -0.00309797 -0.00454262
4.35 -0.00329639 -0.00474052
4.375 -0.00349339 -0.0049384
4.4 -0.00368858 -0.00513585
4.425 -0.00388154 -0.00533249
4.45 -0.00407188 -0.0055279
4.475 -0.00425921 -0.00572169
4.5 -0.00444313 -0.00591345
4.525 -0.00462329 -0.00610279
4.55 -0.00479931 -0.00628929
4.575 -0.00497085 -0.00647256
4.6 -0.00513757 -0.00665222
4.625 -0.00529916 -0.00682788
4.65 -0.00545529 -0.00699916
4.675 -0.00560569 -0.00716572
4.7 -0.00575008 -0.00732718
4.725 -0.00588821 -0.00748321
4.75 -0.00601982 -0.00763349
4.775 -0.00614471 -0.0077777
4.8 -0.00626268 -0.00791555
4.825 -0.00637353 -0.00804676
4.85 -0.00647712 -0.00817107
4.875 -0.0065733 -0.00828825
4.9 -0.00666195 -0.00839806
4.925 -0.00674297 -0.00850031
4.95 -0.00681628 -0.00859482
4.975 -0.00688183 -0.00868143
5 -0.00693957 -0.00876001
5.025 -0.00698948 -0.00883044
5.05 -0.00703157 -0.00889262
5.075 -0.00706587 -0.00894649
5.1 -0.0070924 -0.008992
5.125 -0.00711122 -0.00902913
5.15 -0.00712243 -0.00905787
5.175 -0.0071261 -0.00907824
5.2 -0.00712236 -0.00909028
5.225 -0.00711133 -0.00909405
5.25 -0.00709316 -0.00908964
5.275 -0.007068 -0.00907714
5.3 -0.00703602 -0.00905668
5.325 -0.00699743 -0.00902839
5.35 -0.0069524 -0.00899243
5.375 -0.00690116 -0.00894898
5.4 -0.00684392 -0.00889822
5.425 -0.00678092 -0.00884036
5.45 -0.00671239 -0.00877562
5.475 -0.00663858 -0.00870422
5.5 -0.00655974 -0.00862641
5.525 -0.00647613 -0.00854245
5.55 -0.00638802 -0.00845259
5.575 -0.00629567 -0.0083571
5.6 -0.00619936 -0.00825627
5.625 -0.00609935 -0.00815039
5.65 -0.00599593 -0.00803973
5.675 -0.00588936 -0.0079246
5.7 -0.00577991 -0.00780529
5.725 -0.00566787 -0.0076821
5.75 -0.0055535 -0.00755534
5.775 -0.00543707 -0.0074253
5.8 -0.00531884 -0.00729228
5.825 -0.00519906 -0.00715658
5.85 -0.005078 -0.00701849
5.875 -0.00495591 -0.00687831
5.9 -0.00483301 -0.00673633
5.925 -0.00470956 -0.00659281
5.95 -0.00458577 -0.00644804
5.975 -0.00446187 -0.00630229
6 -0.00433807 -0.00615582
6.025 -0.00421458 -0.00600887
6.05 -0.00409158 -0.00586171
6.075 -0.00396927 -0.00571455
6.1 -0.00384783 -0.00556764
6.125 -0.00372742 -0.00542119
6.15 -0.0036082 -0.00527541
6.175 -0.00349032 -0.00513049
6.2 -0.00337391 -0.00498663
6.225 -0.00325912 -0.004844
6.25 -0.00314606 -0.00470277
6.275 -0.00303485 -0.0045631
6.3 -0.00292557 -0.00442514
6.325 -0.00281834 -0.00428901
6.35 -0.00271322 -0.00415486
6.375 -0.00261029 -0.00402279
6.4 -0.00250963 -0.0038929
6.425 -0.00241128 -0.0037653
6.45 -0.0023153 -0.00364008
6.475 -0.00222173 -0.0035173
6.5 -0.0021306 -0.00339703
6.525 -0.00204194 -0.00327934
6.55 -0.00195576 -0.00316427
6.575 -0.00187207 -0.00305187
6.6 -0.00179089 -0.00294217
6.625 -0.00171222 -0.00283519
6.65 -0.00163604 -0.00273095
6.675 -0.00156234 -0.00262947
6.7 -0.00149111 -0.00253074
6.725 -0.00142232 -0.00243478
6.75 -0.00135596 -0.00234156
6.775 -0.00129198 -0.00225108
6.8 -0.00123036 -0.00216332
6.825 -0.00117105 -0.00207825
6.85 -0.00111402 -0.00199586
6.875 -0.00105923 -0.0019161
6.9 -0.00100662 -0.00183894
6.925 -0.000956151 -0.00176435
6.95 -0.000907772 -0.00169227
6.975 -0.000861431 -0.00162268
7 -0.000817074 -0.00155552
7.025 -0.000774648 -0.00149073
7.05 -0.000734097 -0.00142828
7.075 -0.000695365 -0.00136811
7.1 -0.000658397 -0.00131016
7.125 -0.000623136 -0.00125438
7.15 -0.000589524 -0.00120071
7.175 -0.000557507 -0.0011491
7.2 -0.000527026 -0.00109949
7.225 -0.000498028 -0.00105182
7.25 -0.000470455 -0.00100603
7.275 -0.000444255 -0.000962074
7.3 -0.000419372 -0.000919887
7.325 -0.000395754 -0.000879413
7.35 -0.000373349 -0.000840596
7.375 -0.000352107 -0.00080338
7.4 -0.000331976 -0.000767712
7.425 -0.00031291 -0.000733536
7.45 -0.00029486 -0.0007008
7.475 -0.000277781 -0.000669451
7.5 -0.000261627 -0.000639438
7.525 -0.000246356 -0.000610711
7.55 -0.000231926 -0.000583222
7.575 -0.000218295 -0.000556923
7.6 -0.000205425 -0.000531767
7.625 -0.000193279 -0.000507709
7.65 -0.000181819 -0.000484706
7.675 -0.000171011 -0.000462714
7.7 -0.000160821 -0.000441693
7.725 -0.000151217 -0.000421603
7.75 -0.000142168 -0.000402404
7.775 -0.000133645 -0.000384059
7.8 -0.000125619 -0.000366533
7.825 -0.000118063 -0.000349791
7.85 -0.000110951 -0.000333798
7.875 -0.000104259 -0.000318523
7.9 -9.79642e-05 -0.000303935
7.925 -9.20431e-05 -0.000290003
7.95 -8.64749e-05 -0.000276699
7.975 -8.12396e-05 -0.000263996
8 -7.6318e-05 -0.000251866
8.025 -7.1692e-05 -0.000240284
8.05 -6.73444e-05 -0.000229227
8.075 -6.32589e-05 -0.00021867
8.1 -5.94202e-05 -0.000208591
8.125 -5.58137e-05 -0.00019897
8.15 -5.24256e-05 -0.000189784
8.175 -4.92429e-05 -0.000181016
8.2 -4.62533e-05 -0.000172645
8.225 -4.34453e-05 -0.000164655
8.25 -4.08078e-05 -0.000157028
8.275 -3.83308e-05 -0.000149747
8.3 -3.60043e-05 -0.000142797
8.325 -3.38194e-05 -0.000136164
8.35 -3.17673e-05 -0.000129832
8.375 -2.98401e-05 -0.000123788
8.4 -2.803e-05 -0.00011802
8.425 -2.63301e-05 -0.000112515
8.45 -2.47335e-05 -0.000107261
8.475 -2.32338e-05 -0.000102246
8.5 -2.18253e-05 -9.74612e-05
8.525 -2.05023e-05 -9.28946e-05
8.55 -1.92596e-05 -8.8537e-05
8.575 -1.80923e-05 -8.4379e-05
8.6 -1.69958e-05 -8.04116e-05
8.625 -1.59657e-05 -7.66265e-05
8.65 -1.49979e-05 -7.30153e-05
8.675 -1.40888e-05 -6.95703e-05
8.7 -1.32347e-05 -6.62842e-05
8.725 -1.24322e-05 -6.31499e-05
8.75 -1.16782e-05 -6.01605e-05
8.775 -1.09698e-05 -5.73096e-05
8.8 -1.03042e-05 -5.45912e-05
8.825 -9.67884e-06 -5.19991e-05
8.85 -9.0912e-06 -4.95279e-05
8.875 -8.53905e-06 -4.71722e-05
8.9 -8.02023e-06 -4.49267e-05
8.925 -7.53273e-06 -4.27867e-05
8.95 -7.07467e-06 -4.07473e-05
8.975 -6.64427e-06 -3.8804e-05
9 -6.23987e-06 -3.69527e-05
9.025 -5.8599e-06 -3.51891e-05
9.05 -5.5029e-06 -3.35093e-05
9.075 -5.1675e-06 -3.19096e-05
9.1 -4.85239e-06 -3.03862e-05
9.125 -4.55636e-06 -2.89359e-05
9.15 -4.27827e-06 -2.75552e-05
9.175 -4.01705e-06 -2.62411e-05
9.2 -3.77168e-06 -2.49904e-05
9.225 -3.54122e-06 -2.38003e-05
9.25 -3.32478e-06 -2.26679e-05
9.275 -3.12152e-06 -2.15907e-05
9.3 -2.93065e-06 -2.05661e-05
9.325 -2.75143e-06 -1.95916e-05
9.35 -2.58317e-06 -1.86649e-05
9.375 -2.4252e-06 -1.77837e-05
9.4 -2.27691e-06 -1.6946e-05
9.425 -2.13771e-06 -1.61496e-05
9.45 -2.00708e-06 -1.53926e-05
9.475 -1.88448e-06 -1.46731e-05
9.5 -1.76943e-06 -1.39893e-05
9.525 -1.66148e-06 -1.33395e-05
9.55 -1.56021e-06 -1.2722e-05
9.575 -1.4652e-06 -1.21353e-05
9.6 -1.37608e-06 -1.15779e-05
9.625 -1.29249e-06 -1.10482e-05
9.65 -1.21409e-06 -1.05449e-05
9.675 -1.14057e-06 -1.00668e-05
9.7 -1.07163e-06 -9.61247e-06
9.725 -1.00698e-06 -9.18079e-06
9.75 -9.46374e-07 -8.77059e-06
9.775 -8.89548e-07 -8.38079e-06
9.8 -8.36273e-07 -8.01032e-06
9.825 -7.86329e-07 -7.65821e-06
9.85 -7.3951e-07 -7.32348e-06
9.875 -6.95619e-07 -7.00524e-06
9.9 -6.54473e-07 -6.70262e-06
9.925 -6.15901e-07 -6.4148e-06
9.95 -5.79741e-07 -6.141e-06
9.975 -5.45839e-07 -5.88047e-06
10 -5.14052e-07 -5.6325e-06
10.025 -4.84247e-07 -5.39644e-06
10.05 -4.56295e-07 -5.17163e-06
10.075 -4.3008e-07 -4.95747e-06
10.1 -4.05488e-07 -4.75339e-06
10.125 -3.82416e-07 -4.55885e-06
10.15 -3.60765e-07 -4.37332e-06
10.175 -3.40443e-07 -4.19633e-06
10.2 -3.21363e-07 -4.0274e-06
10.225 -3.03444e-07 -3.86612e-06
10.25 -2.86612e-07 -3.71205e-06
10.275 -2.70793e-07 -3.56482e-06
10.3 -2.55923e-07 -3.42405e-06
10.325 -2.41939e-07 -3.2894e-06
10.35 -2.28782e-07 -3.16055e-06
10.375 -2.16399e-07 -3.03718e-06
10.4 -2.04738e-07 -2.91901e-06
10.425 -1.93752e-07 -2.80576e-06
10.45 -1.83397e-07 -2.69718e-06
10.475 -1.73632e-07 -2.59302e-06
10.5 -1.64418e-07 -2.49306e-06
10.525 -1.5572e-07 -2.39709e-06
10.55 -1.47504e-07 -2.30491e-06
10.575 -1.3974e-07 -2.21633e-06
10.6 -1.32399e-07 -2.13117e-06
10.625 -1.25453e-07 -2.04928e-06
10.65 -1.18879e-07 -1.97049e-06
10.675 -1.12653e-07 -1.89466e-06
10.7 -1.06755e-07 -1.82165e-06
10.725 -1.01163e-07 -1.75134e-06
10.75 -9.58598e-08 -1.68361e-06
10.775 -9.08287e-08 -1.61834e-06
10.8 -8.60535e-08 -1.55543e-06
10.825 -8.15198e-08 -1.49479e-06
10.85 -7.72139e-08 -1.43631e-06
10.875 -7.31234e-08 -1.37992e-06
10.9 -6.92364e-08 -1.32553e-06
10.925 -6.55423e-08 -1.27306e-06
10.95 -6.20308e-08 -1.22244e-06
10.975 -5.86927e-08 -1.1736e-06
11 -5.55192e-08 -1.12649e-06
11.025 -5.25022e-08 -1.08103e-06
11.05 -4.9634e-08 -1.03717e-06
11.075 -4.69075e-08 -9.9485e-07
11.1 -4.43159e-08 -9.54027e-07
11.125 -4.18531e-08 -9.14648e-07
11.15 -3.9513e-08 -8.76666e-07
11.175 -3.729e-08 -8.40035e-07
11.2 -3.51789e-08 -8.04714e-07
11.225 -3.31745e-08 -7.70662e-07
11.25 -3.12722e-08 -7.37838e-07
11.275 -2.94673e-08 -7.06206e-07
11.3 -2.77554e-08 -6.75729e-07
11.325 -2.61324e-08 -6.46372e-07
11.35 -2.45942e-08 -6.18101e-07
11.375 -2.31371e-08 -5.90883e-07
11.4 -2.17573e-08 -5.64688e-07
11.425 -2.04512e-08 -5.39483e-07
11.45 -1.92154e-08 -5.1524e-07
11.475 -1.80466e-08 -4.91928e-07
11.5 -1.69416e-08 -4.69521e-07
11.525 -1.58973e-08 -4.4799e-07
11.55 -1.49107e-08 -4.27308e-07
11.575 -1.3979e-08 -4.0745e-07
11.6 -1.30993e-08 -3.88388e-07
11.625 -1.22691e-08 -3.70099e-07
11.65 -1.14858e-08 -3.52558e-07
11.675 -1.07468e-08 -3.3574e-07
11.7 -1.00499e-08 -3.19623e-07
11.725 -9.3928e-09 -3.04182e-07
11.75 -8.7733e-09 -2.89396e-07
11.775 -8.18935e-09 -2.75242e-07
11.8 -7.63897e-09 -2.61699e-07
11.825 -7.1203e-09 -2.48745e-07
11.85 -6.63156e-09 -2.36361e-07
11.875 -6.17104e-09 -2.24525e-07
11.9 -5.73717e-09 -2.13218e-07
11.925 -5.32842e-09 -2.02421e-07
11.95 -4.94339e-09 -1.92115e-07
11.975 -4.58074e-09 -1.82281e-07
12 -4.2392e-09 -1.72901e-07
12.025 -3.91761e-09 -1.63959e-07
12.05 -3.61488e-09 -1.55437e-07
12.075 -3.32996e-09 -1.47319e-07
12.1 -3.06191e-09 -1.39589e-07
12.125 -2.80983e-09 -1.32231e-07
12.15 -2.57289e-09 -1.25229e-07
12.175 -2.35032e-09 -1.18571e-07
12.2 -2.1414e-09 -1.12241e-07
12.225 -1.94545e-09 -1.06226e-07
12.25 -1.76185e-09 -1.00513e-07
12.275 -1.59001e-09 -9.50881e-08
12.3 -1.42939e-09 -8.99404e-08
12.325 -1.27947e-09 -8.50576e-08
12.35 -1.13977e-09 -8.04285e-08
12.375 -1.00983e-09 -7.6042e-08
12.4 -8.89216e-10 -7.18877e-08
12.425 -7.77515e-10 -6.79555e-08
12.45 -6.7433e-10 -6.42357e-08
12.475 -5.7928e-10 -6.07191e-08
12.5 -4.91997e-10 -5.73967e-08
12.525 -4.12121e-10 -5.426e-08
12.55 -3.39304e-10 -5.13007e-08
12.575 -2.73202e-10 -4.8511e-08
12.6 -2.13477e-10 -4.58834e-08
12.625 -1.59798e-10 -4.34105e-08
12.65 -1.11835e-10 -4.10854e-08
12.675 -6.9264e-11 -3.89013e-08
12.7 -3.17609e-11 -3.68518e-08
12.725 9.93891e-13 -3.49307e-08
12.75 2.93178e-11 -3.31318e-08
12.775 5.35251e-11 -3.14494e-08
12.8 7.39273e-11 -2.98777e-08
12.825 9.08319e-11 -2.84114e-08
12.85 1.04542e-10 -2.70449e-08
12.875 1.15357e-10 -2.57731e-08
12.9 1.23568e-10 -2.45909e-08
12.925 1.29463e-10 -2.34932e-08
12.95 1.33321e-10 -2.24752e-08
12.975 1.35412e-10 -2.15321e-08
13 1.35999e-10 -2.0659e-08
13.025 1.35334e-10 -1.98513e-08
13.05 1.33659e-10 -1.91043e-08
13.075 1.31206e-10 -1.84134e-08
13.1 1.28193e-10 -1.77742e-08
13.125 1.24827e-10 -1.71821e-08
13.15 1.21303e-10 -1.66326e-08
13.175 1.17801e-10 -1.61213e-08
13.2 1.14489e-10 -1.56439e-08
13.225 1.1152e-10 -1.5196e-08
13.25 1.09034e-10 -1.47733e-08
13.275 1.07157e-10 -1.43715e-08
13.3 1.06002e-10 -1.39866e-08
13.325 1.05668e-10 -1.36143e-08
13.35 1.0624e-10 -1.32505e-08
13.375 1.07793e-10 -1.28914e-08
13.4 1.10386e-10 -1.25329e-08
13.425 1.14069e-10 -1.21713e-08
13.45 1.18881e-10 -1.18028e-08
13.475 1.24849e-10 -1.14239e-08
13.5 1.31991e-10 -1.10311e-08
13.525 1.40316e-10 -1.06211e-08
13.55 1.49826e-10 -1.01905e-08
13.575 1.60514e-10 -9.7365e-09
13.6 1.72367e-10 -9.25611e-09
13.625 1.85369e-10 -8.74666e-09
13.65 1.99494e-10 -8.20563e-09
13.675 2.14718e-10 -7.63072e-09
13.7 2.3101e-10 -7.01982e-09
13.725 2.48337e-10 -6.37105e-09
13.75 2.66666e-10 -5.68272e-09
13.775 2.85962e-10 -4.9534e-09
13.8 3.06189e-10 -4.18188e-09
13.825 3.27312e-10 -3.36719e-09
13.85 3.49298e-10 -2.50861e-09
13.875 3.72113e-10 -1.60566e-09
13.9 3.95725e-10 -6.58102e-10
13.925 4.20106e-10 3.34038e-10
13.95 4.45227e-10 1.3705e-09
13.975 4.71063e-10 2.45077e-09
14 4.97592e-10 3.5741e-09
14.025 5.24794e-10 4.73949e-09
14.05 5.52651e-10 5.94572e-09
14.075 5.81148e-10 7.19134e-09
14.1 6.10271e-10 8.47466e-09
14.125 6.40011e-10 9.79382e-09
14.15 6.70359e-10 1.11467e-08
14.175 7.01307e-10 1.25311e-08
14.2 7.3285e-10 1.39444e-08
14.225 7.64983e-10 1.53842e-08
14.25 7.97702e-10 1.68475e-08
14.275 8.31004e-10 1.83315e-08
14.3 8.64885e-10 1.98331e-08
14.325 8.99342e-10 2.13492e-08
14.35 9.34369e-10 2.28765e-08
14.375 9.6996e-10 2.44116e-08
14.4 1.00611e-09 2.59512e-08
14.425 1.04281e-09 2.74917e-08
14.45 1.08004e-09 2.90297e-08
14.475 1.11779e-09 3.05616e-08
14.5 1.15605e-09 3.2084e-08
14.525 1.19479e-09 3.35932e-08
14.55 1.23399e-09 3.50859e-08
14.575 1.27363e-09 3.65585e-08
14.6 1.31366e-09 3.80077e-08
14.625 1.35407e-09 3.94301e-08
14.65 1.39479e-09 4.08226e-08
14.675 1.43581e-09 4.21819e-08
14.7 1.47706e-09 4.3505e-08
14.725 1.51849e-09 4.47889e-08
14.75 1.56006e-09 4.6031e-08
14.775 1.6017e-09 4.72285e-08
14.8 1.64334e-09 4.83789e-08
14.825 1.68493e-09 4.94799e-08
14.85 1.72639e-09 5.05293e-08
14.875 1.76765e-09 5.1525e-08
14.9 1.80864e-09 5.24652e-08
14.925 1.84927e-09 5.33483e-08
14.95 1.88947e-09 5.41726e-08
14.975 1.92916e-09 5.49371e-08
15 1.96825e-09 5.56404e-08
15.025 2.00666e-09 5.62817e-08
15.05 2.04431e-09 5.68603e-08
15.075 2.08111e-09 5.73755e-08
15.1 2.11697e-09 5.78271e-08
15.125 2.15182e-09 5.82147e-08
15.15 2.18557e-09 5.85385e-08
15.175 2.21814e-09 5.87985e-08
15.2 2.24944e-09 5.89952e-08
15.225 2.27941e-09 5.9129e-08
15.25 2.30797e-09 5.92005e-08
15.275 2.33505e-09 5.92106e-08
15.3 2.36058e-09 5.91602e-08
15.325 2.38449e-09 5.90505e-08
15.35 2.40673e-09 5.88827e-08
15.375 2.42724e-09 5.86582e-08
15.4 2.44597e-09 5.83783e-08
15.425 2.46286e-09 5.80448e-08
15.45 2.47789e-09 5.76592e-08
15.475 2.49101e-09 5.72235e-08
15.5 2.50219e-09 5.67394e-08
15.525 2.5114e-09 5.62089e-08
15.55 2.51863e-09 5.5634e-08
15.575 2.52385e-09 5.50167e-08
15.6 2.52707e-09 5.43592e-08
15.625 2.52826e-09 5.36636e-08
15.65 2.52744e-09 5.29321e-08
15.675 2.52461e-09 5.2167e-08
15.7 2.51979e-09 5.13703e-08
15.725 2.51298e-09 5.05445e-08
15.75 2.50422e-09 4.96916e-08
15.775 2.49352e-09 4.8814e-08
15.8 2.48093e-09 4.79138e-08
15.825 2.46647e-09 4.69933e-08
15.85 2.45019e-09 4.60546e-08
15.875 2.43213e-09 4.50998e-08
15.9 2.41234e-09 4.41312e-08
15.925 2.39088e-09 4.31506e-08
15.95 2.36779e-09 4.21601e-08
15.975 2.34314e-09 4.11618e-08
16 2.317e-09 4.01574e-08
16.025 2.28941e-09 3.9149e-08
16.05 2.26046e-09 3.81381e-08
16.075 2.23021e-09 3.71267e-08
16.1 2.19873e-09 3.61162e-08
16.125 2.1661e-09 3.51084e-08
16.15 2.13238e-09 3.41047e-08
16.175 2.09765e-09 3.31066e-08
16.2 2.06199e-09 3.21155e-08
16.225 2.02547e-09 3.11326e-08
16.25 1.98817e-09 3.01592e-08
16.275 1.95015e-09 2.91964e-08
16.3 1.91151e-09 2.82453e-08
16.325 1.87231e-09 2.73069e-08
16.35 1.83262e-09 2.63822e-08
16.375 1.79252e-09 2.5472e-08
16.4 1.75208e-09 2.4577e-08
16.425 1.71136e-09 2.3698e-08
16.45 1.67045e-09 2.28357e-08
16.475 1.6294e-09 2.19905e-08
16.5 1.58828e-09 2.11631e-08
16.525 1.54715e-09 2.03539e-08
16.55 1.50608e-09 1.95632e-08
16.575 1.46512e-09 1.87914e-08
16.6 1.42432e-09 1.80388e-08
16.625 1.38375e-09 1.73055e-08
16.65 1.34346e-09 1.65918e-08
16.675 1.30348e-09 1.58977e-08
16.7 1.26388e-09 1.52233e-08
16.725 1.22469e-09 1.45686e-08
16.75 1.18595e-09 1.39336e-08
16.775 1.14771e-09 1.33183e-08
16.8 1.10999e-09 1.27225e-08
16.825 1.07284e-09 1.21461e-08
16.85 1.03628e-09 1.15888e-08
16.875 1.00035e-09 1.10506e-08
16.9 9.65061e-10 1.05312e-08
16.925 9.30444e-10 1.00303e-08
16.95 8.9652e-10 9.54767e-09
16.975 8.63306e-10 9.08294e-09
17 8.30818e-10 8.63583e-09
17.025 7.99072e-10 8.20597e-09
17.05 7.68077e-10 7.79303e-09
17.075 7.37845e-10 7.39663e-09
17.1 7.08382e-10 7.01638e-09
17.125 6.79694e-10 6.6519e-09
17.15 6.51786e-10 6.30277e-09
17.175 6.24659e-10 5.96859e-09
17.2 5.98313e-10 5.64895e-09
17.225 5.72747e-10 5.34343e-09
17.25 5.47959e-10 5.05161e-09
17.275 5.23943e-10 4.77306e-09
17.3 5.00696e-10 4.50737e-09
17.325 4.78209e-10 4.25411e-09
17.35 4.56475e-10 4.01286e-09
17.375 4.35484e-10 3.78321e-09
17.4 4.15228e-10 3.56474e-09
17.425 3.95694e-10 3.35705e-09
17.45 3.7687e-10 3.15973e-09
17.475 3.58745e-10 2.97239e-09
17.5 3.41305e-10 2.79464e-09
17.525 3.24537e-10 2.62609e-09
17.55 3.08425e-10 2.46638e-09
17.575 2.92955e-10 2.31513e-09
17.6 2.78112e-10 2.17198e-09
17.625 2.6388e-10 2.03659e-09
17.65 2.50243e-10 1.90862e-09
17.675 2.37185e-10 1.78773e-09
17.7 2.24691e-10 1.6736e-09
17.725 2.12743e-10 1.56592e-09
17.75 2.01325e-10 1.46439e-09
17.775 1.90422e-10 1.36872e-09
17.8 1.80015e-10 1.27862e-09
17.825 1.7009e-10 1.19381e-09
17.85 1.6063e-10 1.11404e-09
17.875 1.51618e-10 1.03906e-09
17.9 1.43039e-10 9.68604e-10
17.925 1.34878e-10 9.02452e-10
17.95 1.27118e-10 8.40376e-10
17.975 1.19744e-10 7.82157e-10
18 1.12742e-10 7.27589e-10
18.025 1.06097e-10 6.76472e-10
18.05 9.97933e-11 6.28616e-10
18.075 9.38182e-11 5.83839e-10
18.1 8.81575e-11 5.41966e-10
18.125 8.27979e-11 5.02833e-10
18.15 7.77262e-11 4.66281e-10
18.175 7.29298e-11 4.32159e-10
18.2 6.83962e-11 4.00324e-10
18.225 6.41136e-11 3.70639e-10
18.25 6.00703e-11 3.42976e-10
18.275 5.62551e-11 3.1721e-10
18.3 5.26571e-11 2.93226e-10
18.325 4.92659e-11 2.70913e-10
18.35 4.60713e-11 2.50166e-10
18.375 4.30636e-11 2.30887e-10
18.4 4.02334e-11 2.12981e-10
18.425 3.75716e-11 1.9636e-10
18.45 3.50695e-11 1.8094e-10
18.475 3.2719e-11 1.66643e-10
18.5 3.05118e-11 1.53394e-10
18.525 2.84405e-11 1.41124e-10
18.55 2.64976e-11 1.29766e-10
18.575 2.46761e-11 1.19259e-10
18.6 2.29694e-11 1.09544e-10
18.625 2.1371e-11 1.00566e-10
18.65 1.98749e-11 9.22749e-11
18.675 1.84751e-11 8.46215e-11
18.7 1.71663e-11 7.7561e-11
18.725 1.5943e-11 7.10512e-11
18.75 1.48002e-11 6.50523e-11
18.775 1.37333e-11 5.95275e-11
18.8 1.27376e-11 5.4442e-11
18.825 1.18089e-11 4.97637e-11
18.85 1.09431e-11 4.54623e-11
18.875 1.01363e-11 4.15096e-11
18.9 9.38492e-12 3.78796e-11
18.925 8.68542e-12 3.45476e-11
18.95 8.03456e-12 3.1491e-11
18.975 7.42925e-12 2.86887e-11
19 6.86657e-12 2.61208e-11
19.025 6.34378e-12 2.37692e-11
19.05 5.85827e-12 2.16168e-11
19.075 5.4076e-12 1.9648e-11
19.1 4.98947e-12 1.78481e-11
19.125 4.60171e-12 1.62035e-11
19.15 4.24229e-12 1.47018e-11
19.175 3.90928e-12 1.33313e-11
19.2 3.6009e-12 1.20813e-11
19.225 3.31544e-12 1.09418e-11
19.25 3.05134e-12 9.90378e-12
19.275 2.8071e-12 8.95867e-12
19.3 2.58133e-12 8.09871e-12
19.325 2.37273e-12 7.31668e-12
19.35 2.18009e-12 6.60596e-12
19.375 2.00225e-12 5.96043e-12
19.4 1.83817e-12 5.37448e-12
19.425 1.68684e-12 4.84293e-12
19.45 1.54733e-12 4.36104e-12
19.475 1.41878e-12 3.92444e-12
19.5 1.30038e-12 3.52913e-12
19.525 1.19137e-12 3.17143e-12
19.55 1.09106e-12 2.84796e-12
19.575 9.98792e-13 2.55566e-12
19.6 9.13957e-13 2.29167e-12
19.625 8.35991e-13 2.05343e-12
19.65 7.64369e-13 1.83856e-12
19.675 6.98603e-13 1.64491e-12
19.7 6.3824e-13 1.4705e-12
19.725 5.82861e-13 1.31352e-12
19.75 5.32076e-13 1.17234e-12
19.775 4.85523e-13 1.04546e-12
19.8 4.42867e-13 9.31507e-13
19.825 4.038e-13 8.29245e-13
19.85 3.68034e-13 7.37542e-13
19.875 3.35305e-13 6.55372e-13
19.9 3.05366e-13 5.818e-13
19.925 2.77992e-13 5.1598e-13
19.95 2.52974e-13 4.57142e-13
19.975 2.30117e-13 4.04589e-13
20 2.09244e-13 3.57689e-13
