0 -0.000153303 -0.000173346
0.025 -0.000153303 -0.000173346
0.05 -0.000306116 -0.000346103
0.075 -0.000457949 -0.000517681
0.1 -0.000608315 -0.000687498
0.125 -0.000756734 -0.000854977
0.15 -0.000902729 -0.00101955
0.175 -0.00104583 -0.00118065
0.2 -0.00118558 -0.00133775
0.225 -0.00132154 -0.00149031
0.25 -0.00145325 -0.00163781
0.275 -0.0015803 -0.00177977
0.3 -0.00170228 -0.0019157
0.325 -0.00181879 -0.00204516
0.35 -0.00192946 -0.00216772
0.375 -0.00203393 -0.00228298
0.4 -0.00213186 -0.00239055
0.425 -0.00222292 -0.00249011
0.45 -0.00230683 -0.00258133
0.475 -0.00238331 -0.00266392
0.5 -0.00245212 -0.00273764
0.525 -0.00251301 -0.00280227
0.55 -0.00256581 -0.00285763
0.575 -0.00261033 -0.00290356
0.6 -0.00264642 -0.00293997
0.625 -0.00267398 -0.00296677
0.65 -0.00269292 -0.00298393
0.675 -0.00270316 -0.00299145
0.7 -0.00270469 -0.00298937
0.725 -0.0026975 -0.00297776
0.75 -0.00268163 -0.00295675
0.775 -0.00265713 -0.00292649
0.8 -0.0026241 -0.00288717
0.825 -0.00258265 -0.00283901
0.85 -0.00253293 -0.00278228
0.875 -0.00247514 -0.00271728
0.9 -0.00240948 -0.00264435
0.925 -0.00233618 -0.00256385
0.95 -0.00225552 -0.00247618
0.975 -0.0021678 -0.00238178
1 -0.00207334 -0.00228112
1.025 -0.00197248 -0.00217468
1.05 -0.00186561 -0.00206297
1.075 -0.00175312 -0.00194655
1.1 -0.00163545 -0.00182598
1.125 -0.00151302 -0.00170185
1.15 -0.00138631 -0.00157476
1.175 -0.0012558 -0.00144534
1.2 -0.001122 -0.00131423
1.225 -0.00098542 -0.00118207
1.25 -0.000846592 -0.00104954
1.275 -0.00070606 -0.000917294
1.3 -0.00056438 -0.000786016
1.325 -0.000422115 -0.000656381
1.35 -0.000279833 -0.000529067
1.375 -0.000138108 -0.00040475
1.4 2.48315e-06 -0.000284103
1.425 0.000141364 -0.000167787
1.45 0.000277961 -5.64593e-05
1.475 0.000411703 4.92401e-05
1.5 0.000542025 0.000148684
1.525 0.000668372 0.000241261
1.55 0.000790197 0.000326383
1.575 0.000906969 0.00040348
1.6 0.00101817 0.000472009
1.625 0.00112329 0.000531452
1.65 0.00122186 0.000581319
1.675 0.00131341 0.000621153
1.7 0.00139751 0.000650526
1.725 0.00147372 0.000669045
1.75 0.00154168 0.000676355
1.775 0.00160102 0.000672135
1.8 0.00165139 0.000656105
1.825 0.00169252 0.000628022
1.85 0.00172411 0.000587686
1.875 0.00174595 0.000534938
1.9 0.00175782 0.000469662
1.925 0.00175956 0.000391784
1.95 0.00175104 0.000301272
1.975 0.00173216 0.000198142
2 0.00170287 8.24488e-05
2.025 0.00166314 -4.57061e-05
2.05 0.00161299 -0.000186179
2.075 0.00155248 -0.000338784
2.1 0.0014817 -0.000503292
2.125 0.00140077 -0.000679433
2.15 0.00130985 -0.000866895
2.175 0.00120916 -0.00106533
2.2 0.00109892 -0.00127435
2.225 0.00097941 -0.00149353
2.25 0.000850919 -0.00172241
2.275 0.000713787 -0.00196049
2.3 0.000568376 -0.00220725
2.325 0.000415079 -0.00246214
2.35 0.000254317 -0.00272458
2.375 8.65337e-05 -0.00299395
2.4 -8.78011e-05 -0.00326962
2.425 -0.000268197 -0.00355095
2.45 -0.000454143 -0.00383725
2.475 -0.000645112 -0.00412785
2.5 -0.00084056 -0.00442205
2.525 -0.00103993 -0.00471912
2.55 -0.00124265 -0.00501835
2.575 -0.00144815 -0.00531902
2.6 -0.00165585 -0.00562039
2.625 -0.00186515 -0.00592173
2.65 -0.00207546 -0.00622231
2.675 -0.00228621 -0.00652141
2.7 -0.00249679 -0.00681832
2.725 -0.00270663 -0.00711231
2.75 -0.00291516 -0.00740269
2.775 -0.0031218 -0.00768879
2.8 -0.00332601 -0.00796992
2.825 -0.00352725 -0.00824544
2.85 -0.00372498 -0.00851473
2.875 -0.0039187 -0.00877717
2.9 -0.00410792 -0.00903219
2.925 -0.00429218 -0.00927922
2.95 -0.00447101 -0.00951773
2.975 -0.004644 -0.00974723
3 -0.00481075 -0.00996724
3.025 -0.00497089 -0.0101773
3.05 -0.00512406 -0.0103771
3.075 -0.00526994 -0.0105661
3.1 -0.00540825 -0.0107441
3.125 -0.00553871 -0.0109107
3.15 -0.0056611 -0.0110658
3.175 -0.00577522 -0.0112089
3.2 -0.00588087 -0.01134
3.225 -0.00597793 -0.0114589
3.25 -0.00606628 -0.0115654
3.275 -0.00614583 -0.0116596
3.3 -0.00621652 -0.0117412
3.325 -0.00627832 -0.0118102
3.35 -0.00633124 -0.0118668
3.375 -0.00637531 -0.011911
3.4 -0.00641058 -0.0119427
3.425 -0.00643712 -0.0119622
3.45 -0.00645505 -0.0119695
3.475 -0.00646449 -0.0119649
3.5 -0.0064656 -0.0119485
3.525 -0.00645855 -0.0119205
3.55 -0.00644353 -0.0118813
3.575 -0.00642076 -0.0118311
3.6 -0.00639046 -0.0117701
3.625 -0.00635288 -0.0116987
3.65 -0.00630829 -0.0116172
3.675 -0.00625695 -0.011526
3.7 -0.00619916 -0.0114254
3.725 -0.0061352 -0.0113159
3.75 -0.00606539 -0.0111978
3.775 -0.00599005 -0.0110715
3.8 -0.00590948 -0.0109375
3.825 -0.00582402 -0.0107962
3.85 -0.00573399 -0.0106479
3.875 -0.00563972 -0.0104932
3.9 -0.00554154 -0.0103325
3.925 -0.00543979 -0.0101662
3.95 -0.00533479 -0.0099948
3.975 -0.00522687 -0.00981867
4 -0.00511635 -0.00963829
4.025 -0.00500355 -0.00945407
4.05 -0.00488877 -0.00926645
4.075 -0.00477234 -0.00907585
4.1 -0.00465453 -0.00888269
4.125 -0.00453564 -0.00868737
4.15 -0.00441596 -0.00849029
4.175 -0.00429575 -0.00829184
4.2 -0.00417526 -0.00809238
4.225 -0.00405476 -0.00789228
4.25 -0.00393448 -0.0076919
4.275 -0.00381465 -0.00749156
4.3 -0.00369548 -0.0072916
4.325 -0.00357717 -0.00709233
4.35 -0.00345993 -0.00689403
4.375 -0.00334392 -0.00669699
4.4 -0.00322931 -0.00650149
4.425 -0.00311627 -0.00630775
4.45 -0.00300493 -0.00611604
4.475 -0.00289543 -0.00592655
4.5 -0.00278787 -0.0057395
4.525 -0.00268238 -0.00555509
4.55 -0.00257905 -0.00537348
4.575 -0.00247797 -0.00519483
4.6 -0.0023792 -0.00501929
4.625 -0.00228281 -0.004847
4.65 -0.00218887 -0.00467806
4.675 -0.0020974 -0.0045126
4.7 -0.00200845 -0.00435068
4.725 -0.00192205 -0.0041924
4.75 -0.00183821 -0.00403783
4.775 -0.00175694 -0.003887
4.8 -0.00167825 -0.00373997
4.825 -0.00160213 -0.00359677
4.85 -0.00152856 -0.00345742
4.875 -0.00145755 -0.00332193
4.9 -0.00138905 -0.00319031
4.925 -0.00132304 -0.00306254
4.95 -0.0012595 -0.00293861
4.975 -0.00119837 -0.00281851
5 -0.00113963 -0.00270219
5.025 -0.00108323 -0.00258962
5.05 -0.00102911 -0.00248077
5.075 -0.000977232 -0.00237557
5.1 -0.000927541 -0.00227399
5.125 -0.00087998 -0.00217595
5.15 -0.000834494 -0.00208141
5.175 -0.000791023 -0.00199028
5.2 -0.000749508 -0.00190251
5.225 -0.000709891 -0.00181802
5.25 -0.000672109 -0.00173673
5.275 -0.000636103 -0.00165857
5.3 -0.00060181 -0.00158346
5.325 -0.000569171 -0.00151132
5.35 -0.000538125 -0.00144206
5.375 -0.000508611 -0.00137562
5.4 -0.00048057 -0.0013119
5.425 -0.000453944 -0.00125082
5.45 -0.000428675 -0.0011923
5.475 -0.000404707 -0.00113625
5.5 -0.000381984 -0.00108261
5.525 -0.000360452 -0.00103127
5.55 -0.000340057 -0.000982176
5.575 -0.00032075 -0.000935232
5.6 -0.000302479 -0.000890367
5.625 -0.000285196 -0.000847503
5.65 -0.000268855 -0.000806564
5.675 -0.000253409 -0.000767478
5.7 -0.000238815 -0.000730173
5.725 -0.000225031 -0.000694577
5.75 -0.000212016 -0.000660623
5.775 -0.00019973 -0.000628244
5.8 -0.000188137 -0.000597376
5.825 -0.000177199 -0.000567954
5.85 -0.000166883 -0.000539918
5.875 -0.000157156 -0.000513209
5.9 -0.000147985 -0.00048777
5.925 -0.000139341 -0.000463544
5.95 -0.000131195 -0.00044048
5.975 -0.00012352 -0.000418524
6 -0.000116288 -0.000397628
6.025 -0.000109477 -0.000377744
6.05 -0.000103061 -0.000358825
6.075 -9.70191e-05 -0.000340827
6.1 -9.13294e-05 -0.000323708
6.125 -8.59719e-05 -0.000307427
6.15 -8.09275e-05 -0.000291945
6.175 -7.61783e-05 -0.000277225
6.2 -7.1707e-05 -0.000263229
6.225 -6.74975e-05 -0.000249925
6.25 -6.35347e-05 -0.000237279
6.275 -5.9804e-05 -0.000225259
6.3 -5.6292e-05 -0.000213836
6.325 -5.29857e-05 -0.000202981
6.35 -4.98731e-05 -0.000192667
6.375 -4.69428e-05 -0.000182866
6.4 -4.4184e-05 -0.000173555
6.425 -4.15867e-05 -0.00016471
6.45 -3.91413e-05 -0.000156307
6.475 -3.68389e-05 -0.000148326
6.5 -3.4671e-05 -0.000140745
6.525 -3.26298e-05 -0.000133545
6.55 -3.07077e-05 -0.000126708
6.575 -2.88978e-05 -0.000120215
6.6 -2.71934e-05 -0.000114049
6.625 -2.55885e-05 -0.000108195
6.65 -2.4077e-05 -0.000102638
6.675 -2.26537e-05 -9.73614e-05
6.7 -2.13132e-05 -9.23528e-05
6.725 -2.00509e-05 -8.75987e-05
6.75 -1.88621e-05 -8.30865e-05
6.775 -1.77425e-05 -7.88042e-05
6.8 -1.66882e-05 -7.47405e-05
6.825 -1.56954e-05 -7.08846e-05
6.85 -1.47604e-05 -6.72262e-05
6.875 -1.38801e-05 -6.37555e-05
6.9 -1.30511e-05 -6.04631e-05
6.925 -1.22706e-05 -5.73403e-05
6.95 -1.15358e-05 -5.43786e-05
6.975 -1.0844e-05 -5.157e-05
7 -1.01928e-05 -4.89069e-05
7.025 -9.57991e-06 -4.63819e-05
7.05 -9.00303e-06 -4.39883e-05
7.075 -8.46016e-06 -4.17194e-05
7.1 -7.94933e-06 -3.95689e-05
7.125 -7.46873e-06 -3.75309e-05
7.15 -7.01661e-06 -3.55997e-05
7.175 -6.59135e-06 -3.377e-05
7.2 -6.19141e-06 -3.20364e-05
7.225 -5.81534e-06 -3.03943e-05
7.25 -5.46176e-06 -2.88388e-05
7.275 -5.12939e-06 -2.73656e-05
7.3 -4.81701e-06 -2.59705e-05
7.325 -4.52345e-06 -2.46493e-05
7.35 -4.24764e-06 -2.33982e-05
7.375 -3.98854e-06 -2.22137e-05
7.4 -3.74519e-06 -2.10922e-05
7.425 -3.51667e-06 -2.00304e-05
7.45 -3.30211e-06 -1.90252e-05
7.475 -3.10069e-06 -1.80735e-05
7.5 -2.91165e-06 -1.71726e-05
7.525 -2.73425e-06 -1.63197e-05
7.55 -2.5678e-06 -1.55122e-05
7.575 -2.41166e-06 -1.47476e-05
7.6 -2.2652e-06 -1.40238e-05
7.625 -2.12786e-06 -1.33384e-05
7.65 -1.99907e-06 -1.26893e-05
7.675 -1.87834e-06 -1.20745e-05
7.7 -1.76516e-06 -1.14922e-05
7.725 -1.65907e-06 -1.09406e-05
7.75 -1.55965e-06 -1.04179e-05
7.775 -1.46649e-06 -9.92262e-06
7.8 -1.37919e-06 -9.45312e-06
7.825 -1.29739e-06 -9.00798e-06
7.85 -1.22076e-06 -8.58585e-06
7.875 -1.14896e-06 -8.18544e-06
7.9 -1.08169e-06 -7.80551e-06
7.925 -1.01867e-06 -7.44492e-06
7.95 -9.59633e-07 -7.10257e-06
7.975 -9.04315e-07 -6.77744e-06
8 -8.52481e-07 -6.46855e-06
8.025 -8.03907e-07 -6.17498e-06
8.05 -7.58381e-07 -5.89588e-06
8.075 -7.15707e-07 -5.63044e-06
8.1 -6.75697e-07 -5.37788e-06
8.125 -6.38177e-07 -5.13748e-06
8.15 -6.02984e-07 -4.90857e-06
8.175 -5.69963e-07 -4.69052e-06
8.2 -5.38971e-07 -4.48272e-06
8.225 -5.09872e-07 -4.2846e-06
8.25 -4.8254e-07 -4.09565e-06
8.275 -4.56858e-07 -3.91537e-06
8.3 -4.32714e-07 -3.74328e-06
8.325 -4.10006e-07 -3.57895e-06
8.35 -3.88637e-07 -3.42197e-06
8.375 -3.68517e-07 -3.27196e-06
8.4 -3.49562e-07 -3.12854e-06
8.425 -3.31694e-07 -2.9914e-06
8.45 -3.1484e-07 -2.86019e-06
8.475 -2.98932e-07 -2.73464e-06
8.5 -2.83907e-07 -2.61445e-06
8.525 -2.69707e-07 -2.49936e-06
8.55 -2.56276e-07 -2.38912e-06
8.575 -2.43566e-07 -2.28351e-06
8.6 -2.31528e-07 -2.18231e-06
8.625 -2.20119e-07 -2.08531e-06
8.65 -2.093e-07 -1.99231e-06
8.675 -1.99032e-07 -1.90314e-06
8.7 -1.89282e-07 -1.81763e-06
8.725 -1.80018e-07 -1.73562e-06
8.75 -1.7121e-07 -1.65695e-06
8.775 -1.62831e-07 -1.58149e-06
8.8 -1.54856e-07 -1.5091e-06
8.825 -1.47262e-07 -1.43965e-06
8.85 -1.40028e-07 -1.37303e-06
8.875 -1.33133e-07 -1.30912e-06
8.9 -1.26559e-07 -1.24782e-06
8.925 -1.20289e-07 -1.18902e-06
8.95 -1.14309e-07 -1.13263e-06
8.975 -1.08602e-07 -1.07857e-06
9 -1.03156e-07 -1.02673e-06
9.025 -9.79578e-08 -9.77052e-07
9.05 -9.29961e-08 -9.29446e-07
9.075 -8.826e-08 -8.8384e-07
9.1 -8.37392e-08 -8.40165e-07
9.125 -7.94242e-08 -7.98352e-07
9.15 -7.5306e-08 -7.58337e-07
9.175 -7.13762e-08 -7.20059e-07
9.2 -6.76267e-08 -6.83459e-07
9.225 -6.40501e-08 -6.48478e-07
9.25 -6.06392e-08 -6.15063e-07
9.275 -5.73872e-08 -5.83161e-07
9.3 -5.42875e-08 -5.5272e-07
9.325 -5.1334e-08 -5.23691e-07
9.35 -4.85207e-08 -4.96026e-07
9.375 -4.58417e-08 -4.69679e-07
9.4 -4.32918e-08 -4.44603e-07
9.425 -4.08654e-08 -4.20756e-07
9.45 -3.85576e-08 -3.98094e-07
9.475 -3.63634e-08 -3.76575e-07
9.5 -3.4278e-08 -3.56157e-07
9.525 -3.22968e-08 -3.36801e-07
9.55 -3.04153e-08 -3.18468e-07
9.575 -2.86293e-08 -3.01117e-07
9.6 -2.69346e-08 -2.84713e-07
9.625 -2.53271e-08 -2.69216e-07
9.65 -2.3803e-08 -2.54592e-07
9.675 -2.23585e-08 -2.40803e-07
9.7 -2.09901e-08 -2.27814e-07
9.725 -1.96942e-08 -2.1559e-07
9.75 -1.84675e-08 -2.04099e-07
9.775 -1.73068e-08 -1.93305e-07
9.8 -1.6209e-08 -1.83176e-07
9.825 -1.51712e-08 -1.7368e-07
9.85 -1.41905e-08 -1.64785e-07
9.875 -1.32641e-08 -1.5646e-07
9.9 -1.23896e-08 -1.48676e-07
9.925 -1.15643e-08 -1.41402e-07
9.95 -1.0786e-08 -1.3461e-07
9.975 -1.00523e-08 -1.28272e-07
10 -9.36116e-09 -1.22361e-07
10.025 -8.71042e-09 -1.1685e-07
10.05 -8.09814e-09 -1.11714e-07
10.075 -7.52244e-09 -1.06928e-07
10.1 -6.98153e-09 -1.02468e-07
10.125 -6.47369e-09 -9.83113e-08
10.15 -5.99729e-09 -9.44362e-08
10.175 -5.55076e-09 -9.08214e-08
10.2 -5.13262e-09 -8.74469e-08
10.225 -4.74142e-09 -8.42933e-08
10.25 -4.37581e-09 -8.13425e-08
10.275 -4.03445e-09 -7.85774e-08
10.3 -3.71609e-09 -7.59815e-08
10.325 -3.41953e-09 -7.35396e-08
10.35 -3.14358e-09 -7.12373e-08
10.375 -2.88712e-09 -6.90612e-08
10.4 -2.64908e-09 -6.69988e-08
10.425 -2.42841e-09 -6.50384e-08
10.45 -2.2241e-09 -6.31695e-08
10.475 -2.03519e-09 -6.13822e-08
10.5 -1.86074e-09 -5.96675e-08
10.525 -1.69985e-09 -5.80173e-08
10.55 -1.55165e-09 -5.64242e-08
10.575 -1.41531e-09 -5.48815e-08
10.6 -1.29002e-09 -5.33835e-08
10.625 -1.17503e-09 -5.19248e-08
10.65 -1.06958e-09 -5.05009e-08
10.675 -9.72986e-10 -4.91078e-08
10.7 -8.84565e-10 -4.77422e-08
10.725 -8.03684e-10 -4.64013e-08
10.75 -7.29736e-10 -4.50825e-08
10.775 -6.62152e-10 -4.37841e-08
10.8 -6.00392e-10 -4.25045e-08
10.825 -5.43953e-10 -4.12425e-08
10.85 -4.92364e-10 -3.99974e-08
10.875 -4.45186e-10 -3.87685e-08
10.9 -4.02015e-10 -3.75558e-08
10.925 -3.62476e-10 -3.63591e-08
10.95 -3.26228e-10 -3.51785e-08
10.975 -2.9296e-10 -3.40143e-08
11 -2.62389e-10 -3.2867e-08
11.025 -2.34262e-10 -3.17371e-08
11.05 -2.08351e-10 -3.06252e-08
11.075 -1.84455e-10 -2.95318e-08
11.1 -1.62396e-10 -2.84576e-08
11.125 -1.42018e-10 -2.74034e-08
11.15 -1.23185e-10 -2.63696e-08
11.175 -1.05777e-10 -2.53569e-08
11.2 -8.96947e-11 -2.43659e-08
11.225 -7.48484e-11 -2.33969e-08
11.25 -6.11627e-11 -2.24506e-08
11.275 -4.85714e-11 -2.15272e-08
11.3 -3.70168e-11 -2.06269e-08
11.325 -2.64468e-11 -1.975e-08
11.35 -1.6814e-11 -1.88965e-08
11.375 -8.07334e-12 -1.80665e-08
11.4 -1.80742e-13 -1.72598e-08
11.425 6.90828e-12 -1.64764e-08
11.45 1.324e-11 -1.57159e-08
11.475 1.88634e-11 -1.4978e-08
11.5 2.38314e-11 -1.42623e-08
11.525 2.82013e-11 -1.35685e-08
11.55 3.20355e-11 -1.28958e-08
11.575 3.54016e-11 -1.22439e-08
11.6 3.83728e-11 -1.16121e-08
11.625 4.10277e-11 -1.09996e-08
11.65 4.34499e-11 -1.0406e-08
11.675 4.5728e-11 -9.83035e-09
11.7 4.79545e-11 -9.27211e-09
11.725 5.02252e-11 -8.73055e-09
11.75 5.26387e-11 -8.20498e-09
11.775 5.52947e-11 -7.69471e-09
11.8 5.82936e-11 -7.1991e-09
11.825 6.17346e-11 -6.71752e-09
11.85 6.57151e-11 -6.24938e-09
11.875 7.03289e-11 -5.79412e-09
11.9 7.56654e-11 -5.35124e-09
11.925 8.18077e-11 -4.92028e-09
11.95 8.88317e-11 -4.50084e-09
11.975 9.68051e-11 -4.09255e-09
12 1.05786e-10 -3.69514e-09
12.025 1.15821e-10 -3.30834e-09
12.05 1.26945e-10 -2.93199e-09
12.075 1.39183e-10 -2.56596e-09
12.1 1.52543e-10 -2.21017e-09
12.125 1.67022e-10 -1.86461e-09
12.15 1.82602e-10 -1.52932e-09
12.175 1.9925e-10 -1.20437e-09
12.2 2.16919e-10 -8.89898e-10
12.225 2.3555e-10 -5.86071e-10
12.25 2.55065e-10 -2.93093e-10
12.275 2.75377e-10 -1.11988e-11
12.3 2.96385e-10 2.59349e-10
12.325 3.17974e-10 5.18268e-10
12.35 3.4002e-10 7.65261e-10
12.375 3.62389e-10 1.00002e-09
12.4 3.84937e-10 1.22224e-09
12.425 4.07514e-10 1.43161e-09
12.45 4.29963e-10 1.62784e-09
12.475 4.52123e-10 1.81063e-09
12.5 4.7383e-10 1.97974e-09
12.525 4.94921e-10 2.13491e-09
12.55 5.15232e-10 2.27594e-09
12.575 5.34602e-10 2.40266e-09
12.6 5.52875e-10 2.51494e-09
12.625 5.699e-10 2.61268e-09
12.65 5.85534e-10 2.69585e-09
12.675 5.99645e-10 2.76446e-09
12.7 6.1211e-10 2.81856e-09
12.725 6.22821e-10 2.85829e-09
12.75 6.31683e-10 2.88382e-09
12.775 6.38614e-10 2.89538e-09
12.8 6.43552e-10 2.89327e-09
12.825 6.46451e-10 2.87785e-09
12.85 6.47282e-10 2.84954e-09
12.875 6.46038e-10 2.80882e-09
12.9 6.42729e-10 2.75621e-09
12.925 6.37384e-10 2.69232e-09
12.95 6.30056e-10 2.61778e-09
12.975 6.20815e-10 2.53329e-09
13 6.09751e-10 2.4396e-09
13.025 5.96974e-10 2.3375e-09
13.05 5.82613e-10 2.22781e-09
13.075 5.66815e-10 2.11142e-09
13.1 5.49745e-10 1.98922e-09
13.125 5.31584e-10 1.86214e-09
13.15 5.12527e-10 1.73114e-09
13.175 4.92785e-10 1.59719e-09
13.2 4.7258e-10 1.46128e-09
13.225 4.52145e-10 1.32439e-09
13.25 4.31724e-10 1.18753e-09
13.275 4.11567e-10 1.05169e-09
13.3 3.9193e-10 9.17861e-10
13.325 3.73073e-10 7.87014e-10
13.35 3.5526e-10 6.60107e-10
13.375 3.38754e-10 5.38072e-10
13.4 3.23816e-10 4.21816e-10
13.425 3.10704e-10 3.12212e-10
13.45 2.99672e-10 2.10097e-10
13.475 2.90966e-10 1.16264e-10
13.5 2.84824e-10 3.14665e-11
13.525 2.81472e-10 -4.35949e-11
13.55 2.81126e-10 -1.0827e-10
13.575 2.83988e-10 -1.61962e-10
13.6 2.90244e-10 -2.04134e-10
13.625 3.00065e-10 -2.34306e-10
13.65 3.13605e-10 -2.52062e-10
13.675 3.30998e-10 -2.57048e-10
13.7 3.5236e-10 -2.48973e-10
13.725 3.77786e-10 -2.27614e-10
13.75 4.07352e-10 -1.9281e-10
13.775 4.4111e-10 -1.44469e-10
13.8 4.79093e-10 -8.2561e-11
13.825 5.2131e-10 -7.12312e-12
13.85 5.67749e-10 8.17451e-11
13.875 6.18377e-10 1.83882e-10
13.9 6.73137e-10 2.99063e-10
13.925 7.31954e-10 4.27009e-10
13.95 7.94728e-10 5.67379e-10
13.975 8.61343e-10 7.19782e-10
14 9.3166e-10 8.83773e-10
14.025 1.00552e-09 1.05886e-09
14.05 1.08276e-09 1.2445e-09
14.075 1.16317e-09 1.44012e-09
14.1 1.24656e-09 1.6451e-09
14.125 1.3327e-09 1.85878e-09
14.15 1.42135e-09 2.08047e-09
14.175 1.51228e-09 2.30947e-09
14.2 1.60522e-09 2.54502e-09
14.225 1.6999e-09 2.78638e-09
14.25 1.79605e-09 3.03276e-09
14.275 1.89339e-09 3.28337e-09
14.3 1.99163e-09 3.53742e-09
14.325 2.09048e-09 3.79411e-09
14.35 2.18965e-09 4.05263e-09
14.375 2.28884e-09 4.31217e-09
14.4 2.38777e-09 4.57193e-09
14.425 2.48614e-09 4.83114e-09
14.45 2.58366e-09 5.089e-09
14.475 2.68005e-09 5.34477e-09
14.5 2.77504e-09 5.59768e-09
14.525 2.86835e-09 5.84702e-09
14.55 2.95972e-09 6.0921e-09
14.575 3.0489e-09 6.33222e-09
14.6 3.13564e-09 6.56675e-09
14.625 3.21972e-09 6.79507e-09
14.65 3.3009e-09 7.01659e-09
14.675 3.37899e-09 7.23076e-09
14.7 3.45379e-09 7.43706e-09
14.725 3.52511e-09 7.63501e-09
14.75 3.59279e-09 7.82416e-09
14.775 3.65668e-09 8.00411e-09
14.8 3.71663e-09 8.17448e-09
14.825 3.77253e-09 8.33495e-09
14.85 3.82426e-09 8.48522e-09
14.875 3.87173e-09 8.62505e-09
14.9 3.91487e-09 8.7542e-09
14.925 3.95361e-09 8.87252e-09
14.95 3.9879e-09 8.97985e-09
14.975 4.01772e-09 9.0761e-09
15 4.04304e-09 9.16121e-09
15.025 4.06385e-09 9.23515e-09
15.05 4.08018e-09 9.29791e-09
15.075 4.09204e-09 9.34955e-09
15.1 4.09947e-09 9.39014e-09
15.125 4.10252e-09 9.41977e-09
15.15 4.10124e-09 9.43858e-09
15.175 4.09572e-09 9.44673e-09
15.2 4.08602e-09 9.44441e-09
15.225 4.07226e-09 9.43183e-09
15.25 4.05452e-09 9.40923e-09
15.275 4.03291e-09 9.37686e-09
15.3 4.00757e-09 9.33501e-09
15.325 3.97861e-09 9.28396e-09
15.35 3.94616e-09 9.22404e-09
15.375 3.91037e-09 9.15557e-09
15.4 3.87137e-09 9.07889e-09
15.425 3.82932e-09 8.99435e-09
15.45 3.78437e-09 8.90232e-09
15.475 3.73667e-09 8.80317e-09
15.5 3.68638e-09 8.69728e-09
15.525 3.63367e-09 8.58502e-09
15.55 3.57868e-09 8.4668e-09
15.575 3.52159e-09 8.34299e-09
15.6 3.46255e-09 8.21398e-09
15.625 3.40172e-09 8.08017e-09
15.65 3.33927e-09 7.94195e-09
15.675 3.27536e-09 7.79969e-09
15.7 3.21014e-09 7.65378e-09
15.725 3.14376e-09 7.5046e-09
15.75 3.07638e-09 7.35252e-09
15.775 3.00814e-09 7.1979e-09
15.8 2.93919e-09 7.04109e-09
15.825 2.86968e-09 6.88244e-09
15.85 2.79973e-09 6.72229e-09
15.875 2.72949e-09 6.56097e-09
15.9 2.65907e-09 6.39878e-09
15.925 2.5886e-09 6.23605e-09
15.95 2.51821e-09 6.07306e-09
15.975 2.448e-09 5.91009e-09
16 2.37808e-09 5.74742e-09
16.025 2.30855e-09 5.58529e-09
16.05 2.23951e-09 5.42397e-09
16.075 2.17106e-09 5.26367e-09
16.1 2.10327e-09 5.10462e-09
16.125 2.03624e-09 4.94703e-09
16.15 1.97003e-09 4.79109e-09
16.175 1.90471e-09 4.63697e-09
16.2 1.84036e-09 4.48485e-09
16.225 1.77703e-09 4.33489e-09
16.25 1.71477e-09 4.18722e-09
16.275 1.65363e-09 4.04198e-09
16.3 1.59366e-09 3.89929e-09
16.325 1.5349e-09 3.75925e-09
16.35 1.47738e-09 3.62197e-09
16.375 1.42114e-09 3.48752e-09
16.4 1.3662e-09 3.35599e-09
16.425 1.31257e-09 3.22743e-09
16.45 1.26029e-09 3.1019e-09
16.475 1.20936e-09 2.97945e-09
16.5 1.15979e-09 2.86011e-09
16.525 1.11159e-09 2.74391e-09
16.55 1.06476e-09 2.63088e-09
16.575 1.01931e-09 2.52101e-09
16.6 9.75234e-10 2.41431e-09
16.625 9.3252e-10 2.31079e-09
16.65 8.91163e-10 2.21043e-09
16.675 8.51153e-10 2.11321e-09
16.7 8.12477e-10 2.01912e-09
16.725 7.75121e-10 1.92812e-09
16.75 7.39066e-10 1.84018e-09
16.775 7.04296e-10 1.75528e-09
16.8 6.70788e-10 1.67335e-09
16.825 6.38522e-10 1.59437e-09
16.85 6.07475e-10 1.51828e-09
16.875 5.77622e-10 1.44503e-09
16.9 5.48939e-10 1.37456e-09
16.925 5.21398e-10 1.30682e-09
16.95 4.94973e-10 1.24176e-09
16.975 4.69637e-10 1.17929e-09
17 4.45362e-10 1.11938e-09
17.025 4.22118e-10 1.06195e-09
17.05 3.99877e-10 1.00693e-09
17.075 3.78611e-10 9.54258e-10
17.1 3.58289e-10 9.03872e-10
17.125 3.38882e-10 8.55702e-10
17.15 3.20362e-10 8.0968e-10
17.175 3.02699e-10 7.6574e-10
17.2 2.85864e-10 7.23814e-10
17.225 2.69829e-10 6.83834e-10
17.25 2.54565e-10 6.45736e-10
17.275 2.40043e-10 6.09452e-10
17.3 2.26237e-10 5.74918e-10
17.325 2.13119e-10 5.4207e-10
17.35 2.00663e-10 5.10844e-10
17.375 1.88841e-10 4.81179e-10
17.4 1.77629e-10 4.53012e-10
17.425 1.67e-10 4.26285e-10
17.45 1.56932e-10 4.00938e-10
17.475 1.47399e-10 3.76915e-10
17.5 1.38378e-10 3.54159e-10
17.525 1.29848e-10 3.32616e-10
17.55 1.21784e-10 3.12233e-10
17.575 1.14168e-10 2.92959e-10
17.6 1.06977e-10 2.74744e-10
17.625 1.00191e-10 2.57538e-10
17.65 9.37922e-11 2.41296e-10
17.675 8.77608e-11 2.25971e-10
17.7 8.2079e-11 2.1152e-10
17.725 7.67293e-11 1.97901e-10
17.75 7.16953e-11 1.85072e-10
17.775 6.69606e-11 1.72994e-10
17.8 6.25099e-11 1.6163e-10
17.825 5.83284e-11 1.50942e-10
17.85 5.44018e-11 1.40897e-10
17.875 5.07166e-11 1.31459e-10
17.9 4.72597e-11 1.22598e-10
17.925 4.40185e-11 1.14282e-10
17.95 4.09813e-11 1.06482e-10
17.975 3.81365e-11 9.91694e-11
18 3.54735e-11 9.23174e-11
18.025 3.29818e-11 8.59002e-11
18.05 3.06515e-11 7.98933e-11
18.075 2.84733e-11 7.42734e-11
18.1 2.64383e-11 6.90181e-11
18.125 2.45381e-11 6.41062e-11
18.15 2.27644e-11 5.95176e-11
18.175 2.11098e-11 5.5233e-11
18.2 1.9567e-11 5.12345e-11
18.225 1.81291e-11 4.75046e-11
18.25 1.67897e-11 4.4027e-11
18.275 1.55425e-11 4.07862e-11
18.3 1.43819e-11 3.77676e-11
18.325 1.33022e-11 3.49573e-11
18.35 1.22984e-11 3.23421e-11
18.375 1.13655e-11 2.99098e-11
18.4 1.04989e-11 2.76485e-11
18.425 9.69436e-12 2.55472e-11
18.45 8.9477e-12 2.35956e-11
18.475 8.25509e-12 2.17838e-11
18.5 7.61292e-12 2.01025e-11
18.525 7.01779e-12 1.85432e-11
18.55 6.4665e-12 1.70977e-11
18.575 5.95606e-12 1.57582e-11
18.6 5.48365e-12 1.45175e-11
18.625 5.04664e-12 1.33689e-11
18.65 4.64255e-12 1.23061e-11
18.675 4.26907e-12 1.1323e-11
18.7 3.92404e-12 1.04142e-11
18.725 3.60544e-12 9.57432e-12
18.75 3.31135e-12 8.79854e-12
18.775 3.04003e-12 8.0823e-12
18.8 2.78982e-12 7.42131e-12
18.825 2.55917e-12 6.81158e-12
18.85 2.34665e-12 6.24939e-12
18.875 2.15092e-12 5.73126e-12
18.9 1.97073e-12 5.25394e-12
18.925 1.80492e-12 4.81443e-12
18.95 1.6524e-12 4.40989e-12
18.975 1.51217e-12 4.03771e-12
19 1.3833e-12 3.69545e-12
19.025 1.26492e-12 3.38084e-12
19.05 1.15621e-12 3.09177e-12
19.075 1.05643e-12 2.82629e-12
19.1 9.64883e-13 2.58257e-12
19.125 8.80928e-13 2.35892e-12
19.15 8.03965e-13 2.15379e-12
19.175 7.33442e-13 1.96571e-12
19.2 6.68847e-13 1.79334e-12
19.225 6.09705e-13 1.63544e-12
19.25 5.5558e-13 1.49086e-12
19.275 5.06065e-13 1.35852e-12
19.3 4.60786e-13 1.23744e-12
19.325 4.19399e-13 1.12671e-12
19.35 3.81583e-13 1.02549e-12
19.375 3.47046e-13 9.32997e-13
19.4 3.15514e-13 8.48515e-13
19.425 2.86739e-13 7.71382e-13
19.45 2.6049e-13 7.00988e-13
19.475 2.36555e-13 6.36771e-13
19.5 2.14738e-13 5.78212e-13
19.525 1.9486e-13 5.24837e-13
19.55 1.76756e-13 4.76204e-13
19.575 1.60274e-13 4.31912e-13
19.6 1.45275e-13 3.91588e-13
19.625 1.31631e-13 3.54893e-13
19.65 1.19224e-13 3.21514e-13
19.675 1.07946e-13 2.91163e-13
19.7 9.76995e-14 2.63576e-13
19.725 8.83927e-14 2.38512e-13
19.75 7.9943e-14 2.15749e-13
19.775 7.22745e-14 1.95085e-13
19.8 6.53177e-14 1.76333e-13
19.825 5.90089e-14 1.59323e-13
19.85 5.329e-14 1.439e-13
19.875 4.81078e-14 1.2992e-13
19.9 4.34138e-14 1.17255e-13
19.925 3.91636e-14 1.05784e-13
19.95 3.53167e-14 9.54e-14
19.975 3.18362e-14 8.60029e-14
20 2.86883e-14 7.75023e-14
