0 -0.000727306 -0.000741565
0.025 -0.000727306 -0.000741565
0.05 -0.00145374 -0.00148226
0.075 -0.00217844 -0.0022212
0.1 -0.00290054 -0.00295752
0.125 -0.00361917 -0.00369036
0.15 -0.00433348 -0.00441885
0.175 -0.00504261 -0.00514213
0.2 -0.00574572 -0.00585935
0.225 -0.00644197 -0.00656967
0.25 -0.00713055 -0.00727225
0.275 -0.00781062 -0.00796626
0.3 -0.00848138 -0.0086509
0.325 -0.00914205 -0.00932536
0.35 -0.00979185 -0.00998886
0.375 -0.01043 -0.0106406
0.4 -0.0110558 -0.0112799
0.425 -0.0116685 -0.0119059
0.45 -0.0122674 -0.012518
0.475 -0.0128517 -0.0131155
0.5 -0.013421 -0.0136976
0.525 -0.0139744 -0.0142637
0.55 -0.0145114 -0.0148133
0.575 -0.0150315 -0.0153456
0.6 -0.0155339 -0.0158601
0.625 -0.0160183 -0.0163564
0.65 -0.0164841 -0.0168337
0.675 -0.0169309 -0.0172917
0.7 -0.0173582 -0.01773
0.725 -0.0177656 -0.018148
0.75 -0.0181527 -0.0185454
0.775 -0.0185193 -0.0189219
0.8 -0.0188649 -0.0192771
0.825 -0.0191895 -0.0196108
0.85 -0.0194926 -0.0199227
0.875 -0.0197742 -0.0202126
0.9 -0.0200342 -0.0204804
0.925 -0.0202723 -0.0207259
0.95 -0.0204887 -0.0209491
0.975 -0.0206831 -0.02115
1 -0.0208557 -0.0213285
1.025 -0.0210065 -0.0214847
1.05 -0.0211356 -0.0216186
1.075 -0.0212431 -0.0217304
1.1 -0.0213293 -0.0218204
1.125 -0.0213943 -0.0218885
1.15 -0.0214383 -0.0219353
1.175 -0.0214618 -0.0219608
1.2 -0.0214649 -0.0219654
1.225 -0.0214482 -0.0219496
1.25 -0.0214119 -0.0219136
1.275 -0.0213564 -0.0218579
1.3 -0.0212823 -0.021783
1.325 -0.0211901 -0.0216894
1.35 -0.0210802 -0.0215776
1.375 -0.0209532 -0.0214481
1.4 -0.0208097 -0.0213015
1.425 -0.0206501 -0.0211384
1.45 -0.0204753 -0.0209595
1.475 -0.0202857 -0.0207653
1.5 -0.0200821 -0.0205566
1.525 -0.0198651 -0.020334
1.55 -0.0196353 -0.0200982
1.575 -0.0193934 -0.0198498
1.6 -0.0191402 -0.0195897
1.625 -0.0188763 -0.0193185
1.65 -0.0186024 -0.019037
1.675 -0.0183192 -0.0187458
1.7 -0.0180275 -0.0184457
1.725 -0.0177279 -0.0181374
1.75 -0.0174211 -0.0178216
1.775 -0.0171078 -0.0174991
1.8 -0.0167886 -0.0171705
1.825 -0.0164644 -0.0168366
1.85 -0.0161356 -0.0164979
1.875 -0.015803 -0.0161553
1.9 -0.0154672 -0.0158093
1.925 -0.0151288 -0.0154606
1.95 -0.0147885 -0.0151098
1.975 -0.0144467 -0.0147576
2 -0.0141041 -0.0144044
2.025 -0.0137611 -0.0140509
2.05 -0.0134184 -0.0136977
2.075 -0.0130764 -0.0133452
2.1 -0.0127357 -0.0129939
2.125 -0.0123965 -0.0126443
2.15 -0.0120595 -0.0122969
2.175 -0.011725 -0.0119521
2.2 -0.0113934 -0.0116103
2.225 -0.011065 -0.0112719
2.25 -0.0107402 -0.0109372
2.275 -0.0104193 -0.0106066
2.3 -0.0101026 -0.0102803
2.325 -0.00979044 -0.00995876
2.35 -0.00948297 -0.00964208
2.375 -0.00918044 -0.00933055
2.4 -0.00888307 -0.00902439
2.425 -0.00859103 -0.00872379
2.45 -0.00830449 -0.00842891
2.475 -0.00802359 -0.00813991
2.5 -0.00774846 -0.00785691
2.525 -0.0074792 -0.00758003
2.55 -0.00721591 -0.00730935
2.575 -0.00695864 -0.00704496
2.6 -0.00670746 -0.00678691
2.625 -0.0064624 -0.00653523
2.65 -0.00622349 -0.00628996
2.675 -0.00599075 -0.00605111
2.7 -0.00576417 -0.00581867
2.725 -0.00554373 -0.00559263
2.75 -0.00532942 -0.00537296
2.775 -0.0051212 -0.00515963
2.8 -0.00491902 -0.00495259
2.825 -0.00472283 -0.00475177
2.85 -0.00453256 -0.00455713
2.875 -0.00434816 -0.00436857
2.9 -0.00416954 -0.00418603
2.925 -0.00399663 -0.00400941
2.95 -0.00382932 -0.00383862
2.975 -0.00366754 -0.00367356
3 -0.00351118 -0.00351414
3.025 -0.00336015 -0.00336023
3.05 -0.00321433 -0.00321175
3.075 -0.00307363 -0.00306856
3.1 -0.00293793 -0.00293055
3.125 -0.00280712 -0.00279762
3.15 -0.0026811 -0.00266963
3.175 -0.00255974 -0.00254647
3.2 -0.00244293 -0.00242802
3.225 -0.00233055 -0.00231415
3.25 -0.0022225 -0.00220474
3.275 -0.00211865 -0.00209968
3.3 -0.00201889 -0.00199883
3.325 -0.00192311 -0.00190209
3.35 -0.00183118 -0.00180932
3.375 -0.00174301 -0.0017204
3.4 -0.00165846 -0.00163523
3.425 -0.00157745 -0.00155368
3.45 -0.00149984 -0.00147564
3.475 -0.00142554 -0.00140099
3.5 -0.00135444 -0.00132962
3.525 -0.00128643 -0.00126142
3.55 -0.00122141 -0.00119628
3.575 -0.00115928 -0.0011341
3.6 -0.00109994 -0.00107477
3.625 -0.00104328 -0.00101818
3.65 -0.000989222 -0.000964238
3.675 -0.000937659 -0.000912844
3.7 -0.000888503 -0.000863901
3.725 -0.000841662 -0.000817315
3.75 -0.00079705 -0.000772994
3.775 -0.00075458 -0.000730847
3.8 -0.000714168 -0.000690789
3.825 -0.000675732 -0.000652733
3.85 -0.000639192 -0.000616597
3.875 -0.000604472 -0.000582301
3.9 -0.000571495 -0.000549765
3.925 -0.000540188 -0.000518915
3.95 -0.00051048 -0.000489676
3.975 -0.000482302 -0.000461977
4 -0.000455586 -0.000435749
4.025 -0.000430268 -0.000410925
4.05 -0.000406285 -0.000387439
4.075 -0.000383576 -0.000365231
4.1 -0.000362082 -0.000344238
4.125 -0.000341747 -0.000324404
4.15 -0.000322515 -0.000305671
4.175 -0.000304333 -0.000287985
4.2 -0.000287151 -0.000271295
4.225 -0.00027092 -0.00025555
4.25 -0.000255592 -0.000240702
4.275 -0.000241121 -0.000226705
4.3 -0.000227465 -0.000213515
4.325 -0.000214581 -0.000201088
4.35 -0.000202429 -0.000189385
4.375 -0.000190971 -0.000178367
4.4 -0.00018017 -0.000167995
4.425 -0.00016999 -0.000158235
4.45 -0.000160397 -0.000149053
4.475 -0.000151361 -0.000140415
4.5 -0.000142849 -0.000132292
4.525 -0.000134832 -0.000124653
4.55 -0.000127283 -0.000117471
4.575 -0.000120174 -0.000110719
4.6 -0.000113481 -0.000104372
4.625 -0.00010718 -9.84056e-05
4.65 -0.000101247 -9.27974e-05
4.675 -9.56611e-05 -8.75257e-05
4.7 -9.04017e-05 -8.25701e-05
4.725 -8.54491e-05 -7.79113e-05
4.75 -8.07851e-05 -7.35311e-05
4.775 -7.63921e-05 -6.94123e-05
4.8 -7.22537e-05 -6.55385e-05
4.825 -6.83544e-05 -6.18945e-05
4.85 -6.46796e-05 -5.8466e-05
4.875 -6.12153e-05 -5.52392e-05
4.9 -5.79487e-05 -5.22016e-05
4.925 -5.48675e-05 -4.9341e-05
4.95 -5.19602e-05 -4.66463e-05
4.975 -4.9216e-05 -4.4107e-05
5 -4.66248e-05 -4.17131e-05
5.025 -4.41772e-05 -3.94555e-05
5.05 -4.18641e-05 -3.73255e-05
5.075 -3.96774e-05 -3.53151e-05
5.1 -3.76092e-05 -3.34167e-05
5.125 -3.56523e-05 -3.16232e-05
5.15 -3.37999e-05 -2.99283e-05
5.175 -3.20456e-05 -2.83256e-05
5.2 -3.03835e-05 -2.68096e-05
5.225 -2.88082e-05 -2.5375e-05
5.25 -2.73146e-05 -2.40168e-05
5.275 -2.58977e-05 -2.27305e-05
5.3 -2.45533e-05 -2.15118e-05
5.325 -2.32771e-05 -2.03567e-05
5.35 -2.20653e-05 -1.92617e-05
5.375 -2.09144e-05 -1.82232e-05
5.4 -1.98209e-05 -1.7238e-05
5.425 -1.87819e-05 -1.63034e-05
5.45 -1.77943e-05 -1.54164e-05
5.475 -1.68555e-05 -1.45746e-05
5.5 -1.5963e-05 -1.37755e-05
5.525 -1.51145e-05 -1.3017e-05
5.55 -1.43077e-05 -1.22969e-05
5.575 -1.35406e-05 -1.16134e-05
5.6 -1.28113e-05 -1.09647e-05
5.625 -1.2118e-05 -1.03489e-05
5.65 -1.1459e-05 -9.76465e-06
5.675 -1.08327e-05 -9.21033e-06
5.7 -1.02377e-05 -8.68454e-06
5.725 -9.67244e-06 -8.18598e-06
5.75 -9.13567e-06 -7.71338e-06
5.775 -8.62611e-06 -7.26556e-06
5.8 -8.14256e-06 -6.84138e-06
5.825 -7.68387e-06 -6.43979e-06
5.85 -7.24897e-06 -6.05974e-06
5.875 -6.8368e-06 -5.70029e-06
5.9 -6.44637e-06 -5.36048e-06
5.925 -6.07673e-06 -5.03943e-06
5.95 -5.72697e-06 -4.73629e-06
5.975 -5.39621e-06 -4.45023e-06
6 -5.08359e-06 -4.18048e-06
6.025 -4.78832e-06 -3.92626e-06
6.05 -4.5096e-06 -3.68686e-06
6.075 -4.24668e-06 -3.46156e-06
6.1 -3.99882e-06 -3.24969e-06
6.125 -3.76532e-06 -3.0506e-06
6.15 -3.5455e-06 -2.86365e-06
6.175 -3.33869e-06 -2.68823e-06
6.2 -3.14427e-06 -2.52377e-06
6.225 -2.96161e-06 -2.36968e-06
6.25 -2.79011e-06 -2.22543e-06
6.275 -2.62921e-06 -2.09048e-06
6.3 -2.47834e-06 -1.96433e-06
6.325 -2.33696e-06 -1.84649e-06
6.35 -2.20457e-06 -1.73648e-06
6.375 -2.08065e-06 -1.63385e-06
6.4 -1.96473e-06 -1.53816e-06
6.425 -1.85634e-06 -1.449e-06
6.45 -1.75503e-06 -1.36596e-06
6.475 -1.66039e-06 -1.28865e-06
6.5 -1.57198e-06 -1.21671e-06
6.525 -1.48943e-06 -1.14978e-06
6.55 -1.41234e-06 -1.08752e-06
6.575 -1.34037e-06 -1.02961e-06
6.6 -1.27316e-06 -9.75751e-07
6.625 -1.21038e-06 -9.25639e-07
6.65 -1.15173e-06 -8.79001e-07
6.675 -1.0969e-06 -8.35573e-07
6.7 -1.0456e-06 -7.95108e-07
6.725 -9.97584e-07 -7.5737e-07
6.75 -9.52585e-07 -7.22138e-07
6.775 -9.10368e-07 -6.89204e-07
6.8 -8.7071e-07 -6.58374e-07
6.825 -8.334e-07 -6.29466e-07
6.85 -7.98243e-07 -6.02309e-07
6.875 -7.65056e-07 -5.76747e-07
6.9 -7.33668e-07 -5.52632e-07
6.925 -7.03923e-07 -5.29832e-07
6.95 -6.75675e-07 -5.0822e-07
6.975 -6.4879e-07 -4.87685e-07
7 -6.23147e-07 -4.68123e-07
7.025 -5.98633e-07 -4.4944e-07
7.05 -5.75147e-07 -4.31552e-07
7.075 -5.52598e-07 -4.14382e-07
7.1 -5.30904e-07 -3.97863e-07
7.125 -5.09992e-07 -3.81936e-07
7.15 -4.89796e-07 -3.66548e-07
7.175 -4.7026e-07 -3.51652e-07
7.2 -4.51334e-07 -3.3721e-07
7.225 -4.32975e-07 -3.23188e-07
7.25 -4.15145e-07 -3.09558e-07
7.275 -3.97814e-07 -2.96295e-07
7.3 -3.80955e-07 -2.83382e-07
7.325 -3.64547e-07 -2.70802e-07
7.35 -3.48572e-07 -2.58544e-07
7.375 -3.33018e-07 -2.46599e-07
7.4 -3.17873e-07 -2.34962e-07
7.425 -3.0313e-07 -2.23628e-07
7.45 -2.88783e-07 -2.12595e-07
7.475 -2.7483e-07 -2.01862e-07
7.5 -2.61268e-07 -1.9143e-07
7.525 -2.48097e-07 -1.81301e-07
7.55 -2.35316e-07 -1.71477e-07
7.575 -2.22928e-07 -1.61959e-07
7.6 -2.10933e-07 -1.52751e-07
7.625 -1.99333e-07 -1.43854e-07
7.65 -1.88129e-07 -1.35271e-07
7.675 -1.77323e-07 -1.27003e-07
7.7 -1.66915e-07 -1.19052e-07
7.725 -1.56905e-07 -1.11419e-07
7.75 -1.47293e-07 -1.04103e-07
7.775 -1.38079e-07 -9.71032e-08
7.8 -1.29259e-07 -9.04189e-08
7.825 -1.20833e-07 -8.40474e-08
7.85 -1.12795e-07 -7.7986e-08
7.875 -1.05143e-07 -7.2231e-08
7.9 -9.78719e-08 -6.67779e-08
7.925 -9.09751e-08 -6.16217e-08
7.95 -8.44466e-08 -5.67567e-08
7.975 -7.82795e-08 -5.21768e-08
8 -7.2466e-08 -4.78752e-08
8.025 -6.69978e-08 -4.38447e-08
8.05 -6.18662e-08 -4.00776e-08
8.075 -5.70619e-08 -3.65661e-08
8.1 -5.25752e-08 -3.33018e-08
8.125 -4.8396e-08 -3.02762e-08
8.15 -4.4514e-08 -2.74807e-08
8.175 -4.09184e-08 -2.49065e-08
8.2 -3.75986e-08 -2.25445e-08
8.225 -3.45434e-08 -2.03857e-08
8.25 -3.17417e-08 -1.84211e-08
8.275 -2.91822e-08 -1.66416e-08
8.3 -2.68536e-08 -1.50381e-08
8.325 -2.47447e-08 -1.36016e-08
8.35 -2.28439e-08 -1.2323e-08
8.375 -2.11401e-08 -1.11935e-08
8.4 -1.96219e-08 -1.02041e-08
8.425 -1.82781e-08 -9.34616e-09
8.45 -1.70976e-08 -8.61089e-09
8.475 -1.60693e-08 -7.98974e-09
8.5 -1.51825e-08 -7.47424e-09
8.525 -1.44264e-08 -7.05603e-09
8.55 -1.37903e-08 -6.72689e-09
8.575 -1.32639e-08 -6.47875e-09
8.6 -1.2837e-08 -6.30367e-09
8.625 -1.24996e-08 -6.1939e-09
8.65 -1.22421e-08 -6.14188e-09
8.675 -1.2055e-08 -6.14024e-09
8.7 -1.19292e-08 -6.18181e-09
8.725 -1.18559e-08 -6.25971e-09
8.75 -1.18266e-08 -6.36728e-09
8.775 -1.18333e-08 -6.49816e-09
8.8 -1.18682e-08 -6.6463e-09
8.825 -1.19241e-08 -6.80595e-09
8.85 -1.19942e-08 -6.97174e-09
8.875 -1.2072e-08 -7.13865e-09
8.9 -1.21518e-08 -7.30205e-09
8.925 -1.22281e-08 -7.4577e-09
8.95 -1.22961e-08 -7.60179e-09
8.975 -1.23514e-08 -7.73093e-09
9 -1.23901e-08 -7.84217e-09
9.025 -1.24091e-08 -7.93298e-09
9.05 -1.24054e-08 -8.00129e-09
9.075 -1.23769e-08 -8.04546e-09
9.1 -1.23218e-08 -8.06426e-09
9.125 -1.22388e-08 -8.05691e-09
9.15 -1.21272e-08 -8.023e-09
9.175 -1.19866e-08 -7.96252e-09
9.2 -1.18172e-08 -7.87583e-09
9.225 -1.16194e-08 -7.76359e-09
9.25 -1.13942e-08 -7.62681e-09
9.275 -1.11427e-08 -7.46673e-09
9.3 -1.08664e-08 -7.28488e-09
9.325 -1.05671e-08 -7.08295e-09
9.35 -1.02468e-08 -6.86285e-09
9.375 -9.90754e-09 -6.62658e-09
9.4 -9.55167e-09 -6.37626e-09
9.425 -9.18156e-09 -6.11408e-09
9.45 -8.79966e-09 -5.84226e-09
9.475 -8.40841e-09 -5.56299e-09
9.5 -8.01027e-09 -5.27845e-09
9.525 -7.60765e-09 -4.99075e-09
9.55 -7.20287e-09 -4.70191e-09
9.575 -6.79817e-09 -4.41383e-09
9.6 -6.39565e-09 -4.12828e-09
9.625 -5.99727e-09 -3.84688e-09
9.65 -5.60484e-09 -3.5711e-09
9.675 -5.21999e-09 -3.30222e-09
9.7 -4.84417e-09 -3.04136e-09
9.725 -4.47865e-09 -2.78945e-09
9.75 -4.12453e-09 -2.54724e-09
9.775 -3.78269e-09 -2.31532e-09
9.8 -3.45385e-09 -2.0941e-09
9.825 -3.13857e-09 -1.88384e-09
9.85 -2.83724e-09 -1.68465e-09
9.875 -2.55008e-09 -1.49651e-09
9.9 -2.27721e-09 -1.31929e-09
9.925 -2.01859e-09 -1.15275e-09
9.95 -1.77411e-09 -9.96576e-10
9.975 -1.54355e-09 -8.50373e-10
10 -1.32662e-09 -7.13709e-10
10.025 -1.12297e-09 -5.86116e-10
10.05 -9.32211e-10 -4.67109e-10
10.075 -7.53935e-10 -3.562e-10
10.1 -5.8771e-10 -2.52912e-10
10.125 -4.33106e-10 -1.56791e-10
10.15 -2.89701e-10 -6.74148e-11
10.175 -1.57093e-10 1.5596e-11
10.2 -3.49014e-11 9.25752e-11
10.225 7.72207e-11 1.63805e-10
10.25 1.79588e-10 2.29513e-10
10.275 2.72481e-10 2.89875e-10
10.3 3.56143e-10 3.45012e-10
10.325 4.30785e-10 3.94996e-10
10.35 4.96587e-10 4.39857e-10
10.375 5.53704e-10 4.79584e-10
10.4 6.02271e-10 5.14135e-10
10.425 6.42407e-10 5.43445e-10
10.45 6.74224e-10 5.67434e-10
10.475 6.97835e-10 5.86017e-10
10.5 7.13361e-10 5.99111e-10
10.525 7.20937e-10 6.06648e-10
10.55 7.2072e-10 6.08579e-10
10.575 7.12897e-10 6.04884e-10
10.6 6.97686e-10 5.95582e-10
10.625 6.7535e-10 5.80732e-10
10.65 6.46191e-10 5.60442e-10
10.675 6.1056e-10 5.34874e-10
10.7 5.68855e-10 5.04242e-10
10.725 5.21523e-10 4.68818e-10
10.75 4.6906e-10 4.28929e-10
10.775 4.12007e-10 3.84957e-10
10.8 3.50947e-10 3.37336e-10
10.825 2.86502e-10 2.86548e-10
10.85 2.19326e-10 2.33116e-10
10.875 1.501e-10 1.77601e-10
10.9 7.95244e-11 1.20592e-10
10.925 8.30821e-12 6.26974e-11
10.95 -6.2835e-11 4.54105e-12
10.975 -1.33199e-10 -5.32519e-11
11 -2.02091e-10 -1.10062e-10
11.025 -2.68844e-10 -1.65283e-10
11.05 -3.32822e-10 -2.18336e-10
11.075 -3.93431e-10 -2.68672e-10
11.1 -4.50126e-10 -3.15783e-10
11.125 -5.02415e-10 -3.59211e-10
11.15 -5.4987e-10 -3.98552e-10
11.175 -5.92128e-10 -4.33462e-10
11.2 -6.28899e-10 -4.63663e-10
11.225 -6.59964e-10 -4.88945e-10
11.25 -6.85183e-10 -5.0917e-10
11.275 -7.04489e-10 -5.24272e-10
11.3 -7.17895e-10 -5.34255e-10
11.325 -7.25484e-10 -5.39198e-10
11.35 -7.27412e-10 -5.39242e-10
11.375 -7.23904e-10 -5.34598e-10
11.4 -7.15244e-10 -5.25534e-10
11.425 -7.01774e-10 -5.12372e-10
11.45 -6.83887e-10 -4.95482e-10
11.475 -6.62017e-10 -4.75277e-10
11.5 -6.36633e-10 -4.52199e-10
11.525 -6.08231e-10 -4.26718e-10
11.55 -5.77325e-10 -3.9932e-10
11.575 -5.44438e-10 -3.70498e-10
11.6 -5.10096e-10 -3.40747e-10
11.625 -4.74817e-10 -3.10553e-10
11.65 -4.39103e-10 -2.80386e-10
11.675 -4.03437e-10 -2.50692e-10
11.7 -3.68271e-10 -2.21891e-10
11.725 -3.34023e-10 -1.94362e-10
11.75 -3.01071e-10 -1.68447e-10
11.775 -2.69747e-10 -1.44441e-10
11.8 -2.40337e-10 -1.2259e-10
11.825 -2.13076e-10 -1.03091e-10
11.85 -1.88145e-10 -8.6087e-11
11.875 -1.65675e-10 -7.16668e-11
11.9 -1.45742e-10 -5.98685e-11
11.925 -1.28373e-10 -5.0678e-11
11.95 -1.13543e-10 -4.40327e-11
11.975 -1.01184e-10 -3.98239e-11
12 -9.11828e-11 -3.79009e-11
12.025 -8.33881e-11 -3.80753e-11
12.05 -7.76153e-11 -4.01262e-11
12.075 -7.36512e-11 -4.38053e-11
12.1 -7.12597e-11 -4.8843e-11
12.125 -7.01871e-11 -5.49543e-11
12.15 -7.01686e-11 -6.18446e-11
12.175 -7.09339e-11 -6.92161e-11
12.2 -7.22126e-11 -7.67734e-11
12.225 -7.37405e-11 -8.42296e-11
12.25 -7.52641e-11 -9.13113e-11
12.275 -7.65458e-11 -9.77639e-11
12.3 -7.73681e-11 -1.03356e-10
12.325 -7.75378e-11 -1.07882e-10
12.35 -7.68887e-11 -1.11169e-10
12.375 -7.52846e-11 -1.13075e-10
12.4 -7.26213e-11 -1.13494e-10
12.425 -6.88275e-11 -1.12356e-10
12.45 -6.38657e-11 -1.09626e-10
12.475 -5.77323e-11 -1.05309e-10
12.5 -5.04563e-11 -9.94429e-11
12.525 -4.20985e-11 -9.21003e-11
12.55 -3.27494e-11 -8.33866e-11
12.575 -2.25267e-11 -7.34362e-11
12.6 -1.15723e-11 -6.24101e-11
12.625 -4.93522e-14 -5.04919e-11
12.65 1.18619e-11 -3.78842e-11
12.675 2.39675e-11 -2.48043e-11
12.7 3.60642e-11 -1.148e-11
12.725 4.79438e-11 1.85495e-12
12.75 5.93966e-11 1.49653e-11
12.775 7.02165e-11 2.76187e-11
12.8 8.02044e-11 3.95899e-11
12.825 8.91719e-11 5.0665e-11
12.85 9.69456e-11 6.06451e-11
12.875 1.03369e-10 6.93497e-11
12.9 1.08308e-10 7.66199e-11
12.925 1.1165e-10 8.23211e-11
12.95 1.13307e-10 8.63447e-11
12.975 1.13218e-10 8.86105e-11
13 1.11352e-10 8.90674e-11
13.025 1.07703e-10 8.76939e-11
13.05 1.02294e-10 8.44986e-11
13.075 9.51757e-11 7.95196e-11
13.1 8.64269e-11 7.28236e-11
13.125 7.61504e-11 6.45045e-11
13.15 6.4473e-11 5.46819e-11
13.175 5.15431e-11 4.34984e-11
13.2 3.75281e-11 3.11173e-11
13.225 2.26114e-11 1.772e-11
13.25 6.98982e-12 3.50228e-12
13.275 -9.12988e-12 -1.13283e-11
13.3 -2.55342e-11 -2.65564e-11
13.325 -4.20063e-11 -4.1962e-11
13.35 -5.83294e-11 -5.73241e-11
13.375 -7.42901e-11 -7.24242e-11
13.4 -8.96814e-11 -8.70497e-11
13.425 -1.04306e-10 -1.00997e-10
13.45 -1.1798e-10 -1.14075e-10
13.475 -1.30532e-10 -1.26107e-10
13.5 -1.41813e-10 -1.36933e-10
13.525 -1.51688e-10 -1.46415e-10
13.55 -1.60047e-10 -1.54434e-10
13.575 -1.66802e-10 -1.60896e-10
13.6 -1.71888e-10 -1.65728e-10
13.625 -1.75264e-10 -1.68886e-10
13.65 -1.76916e-10 -1.70346e-10
13.675 -1.76851e-10 -1.70115e-10
13.7 -1.75102e-10 -1.68219e-10
13.725 -1.71726e-10 -1.6471e-10
13.75 -1.66798e-10 -1.59664e-10
13.775 -1.60418e-10 -1.53177e-10
13.8 -1.52701e-10 -1.45362e-10
13.825 -1.43782e-10 -1.36354e-10
13.85 -1.33807e-10 -1.26298e-10
13.875 -1.22937e-10 -1.15356e-10
13.9 -1.11341e-10 -1.03698e-10
13.925 -9.91955e-11 -9.15018e-11
13.95 -8.66804e-11 -7.89497e-11
13.975 -7.39786e-11 -6.62265e-11
14 -6.12714e-11 -5.35162e-11
14.025 -4.87367e-11 -4.09994e-11
14.05 -3.65465e-11 -2.88509e-11
14.075 -2.48645e-11 -1.72374e-11
14.1 -1.3844e-11 -6.31495e-12
14.125 -3.62593e-12 3.77272e-12
14.15 5.66285e-12 1.28962e-11
14.175 1.3911e-11 2.09421e-11
14.2 2.10241e-11 2.78139e-11
14.225 2.69255e-11 3.34335e-11
14.25 3.1557e-11 3.77416e-11
14.275 3.48793e-11 4.06984e-11
14.3 3.68723e-11 4.22836e-11
14.325 3.75347e-11 4.24965e-11
14.35 3.6884e-11 4.13554e-11
14.375 3.49553e-11 3.88973e-11
14.4 3.18012e-11 3.51765e-11
14.425 2.749e-11 3.02642e-11
14.45 2.21048e-11 2.42466e-11
14.475 1.5742e-11 1.72238e-11
14.5 8.50962e-12 9.30784e-12
14.525 5.25759e-13 6.21358e-13
14.55 -8.08349e-12 -8.70471e-12
14.575 -1.71858e-11 -1.85328e-11
14.6 -2.66443e-11 -2.87209e-11
14.625 -3.63201e-11 -3.91243e-11
14.65 -4.60736e-11 -4.95978e-11
14.675 -5.57667e-11 -5.99976e-11
14.7 -6.52647e-11 -7.01832e-11
14.725 -7.44376e-11 -8.00192e-11
14.75 -8.31622e-11 -8.9377e-11
14.775 -9.13237e-11 -9.81363e-11
14.8 -9.88163e-11 -1.06187e-10
14.825 -1.05545e-10 -1.13429e-10
14.85 -1.11427e-10 -1.19775e-10
14.875 -1.16392e-10 -1.25151e-10
14.9 -1.20382e-10 -1.29497e-10
14.925 -1.23354e-10 -1.32766e-10
14.95 -1.25278e-10 -1.34926e-10
14.975 -1.26139e-10 -1.35961e-10
15 -1.25936e-10 -1.35868e-10
15.025 -1.24681e-10 -1.3466e-10
15.05 -1.22399e-10 -1.32362e-10
15.075 -1.1913e-10 -1.29013e-10
15.1 -1.14923e-10 -1.24667e-10
15.125 -1.09841e-10 -1.19385e-10
15.15 -1.03956e-10 -1.13244e-10
15.175 -9.73476e-11 -1.06326e-10
15.2 -9.01055e-11 -9.87249e-11
15.225 -8.23248e-11 -9.05392e-11
15.25 -7.41062e-11 -8.18742e-11
15.275 -6.55541e-11 -7.28392e-11
15.3 -5.67758e-11 -6.35467e-11
15.325 -4.78796e-11 -5.41102e-11
15.35 -3.89737e-11 -4.46437e-11
15.375 -3.01649e-11 -3.52596e-11
15.4 -2.15572e-11 -2.60678e-11
15.425 -1.32508e-11 -1.71744e-11
15.45 -5.34066e-12 -8.68022e-12
15.475 2.08415e-12 -6.80036e-13
15.5 8.9417e-12 6.73856e-12
15.525 1.51579e-11 1.3496e-11
15.55 2.06674e-11 1.95217e-11
15.575 2.54138e-11 2.47544e-11
15.6 2.93507e-11 2.9143e-11
15.625 3.24415e-11 3.26466e-11
15.65 3.46602e-11 3.52354e-11
15.675 3.5991e-11 3.689e-11
15.7 3.64287e-11 3.76022e-11
15.725 3.59781e-11 3.73745e-11
15.75 3.46545e-11 3.62198e-11
15.775 3.24826e-11 3.41613e-11
15.8 2.94965e-11 3.1232e-11
15.825 2.57389e-11 2.74741e-11
15.85 2.12608e-11 2.29383e-11
15.875 1.61205e-11 1.76835e-11
15.9 1.03829e-11 1.17752e-11
15.925 4.1189e-12 5.2858e-12
15.95 -2.59581e-12 -1.70741e-12
15.975 -9.68138e-12 -9.12239e-12
16 -1.70548e-11 -1.68736e-11
16.025 -2.46309e-11 -2.48731e-11
16.05 -3.23231e-11 -3.30309e-11
16.075 -4.00447e-11 -4.12569e-11
16.1 -4.77091e-11 -4.9461e-11
16.125 -5.52317e-11 -5.75542e-11
16.15 -6.25296e-11 -6.54498e-11
16.175 -6.95234e-11 -7.3064e-11
16.2 -7.61372e-11 -8.03165e-11
16.225 -8.23e-11 -8.71317e-11
16.25 -8.79454e-11 -9.3439e-11
16.275 -9.30132e-11 -9.91736e-11
16.3 -9.74493e-11 -1.04277e-10
16.325 -1.01206e-10 -1.08697e-10
16.35 -1.04243e-10 -1.12389e-10
16.375 -1.06527e-10 -1.15315e-10
16.4 -1.08031e-10 -1.17446e-10
16.425 -1.08739e-10 -1.1876e-10
16.45 -1.08638e-10 -1.19242e-10
16.475 -1.07727e-10 -1.18887e-10
16.5 -1.06009e-10 -1.17695e-10
16.525 -1.03497e-10 -1.15675e-10
16.55 -1.00208e-10 -1.12845e-10
16.575 -9.61695e-11 -1.09226e-10
16.6 -9.14128e-11 -1.0485e-10
16.625 -8.59763e-11 -9.97532e-11
16.65 -7.99038e-11 -9.39779e-11
16.675 -7.32443e-11 -8.75721e-11
16.7 -6.60514e-11 -8.05889e-11
16.725 -5.8383e-11 -7.30855e-11
16.75 -5.03003e-11 -6.51231e-11
16.775 -4.18676e-11 -5.67663e-11
16.8 -3.31516e-11 -4.80821e-11
16.825 -2.42207e-11 -3.91397e-11
16.85 -1.51448e-11 -3.00097e-11
16.875 -5.99413e-12 -2.07637e-11
16.9 3.16095e-12 -1.14734e-11
16.925 1.22505e-11 -2.21035e-12
16.95 2.12057e-11 6.95486e-12
16.975 2.99591e-11 1.5953e-11
17 3.84455e-11 2.47166e-11
17.025 4.66021e-11 3.31807e-11
17.05 5.43689e-11 4.12832e-11
17.075 6.16893e-11 4.89649e-11
17.1 6.85104e-11 5.61706e-11
17.125 7.4783e-11 6.28486e-11
17.15 8.04625e-11 6.89516e-11
17.175 8.55084e-11 7.44367e-11
17.2 8.9885e-11 7.92657e-11
17.225 9.35613e-11 8.34051e-11
17.25 9.65112e-11 8.68264e-11
17.275 9.87137e-11 8.95059e-11
17.3 1.00153e-10 9.14254e-11
17.325 1.00817e-10 9.25712e-11
17.35 1.007e-10 9.2935e-11
17.375 9.98009e-11 9.25133e-11
17.4 9.81227e-11 9.13074e-11
17.425 9.56733e-11 8.93233e-11
17.45 9.24652e-11 8.65717e-11
17.475 8.85148e-11 8.30675e-11
17.5 8.38427e-11 7.88297e-11
17.525 7.84733e-11 7.38812e-11
17.55 7.24343e-11 6.82487e-11
17.575 6.57569e-11 6.1962e-11
17.6 5.84749e-11 5.50544e-11
17.625 5.06252e-11 4.75614e-11
17.65 4.22466e-11 3.95216e-11
17.675 3.33803e-11 3.09753e-11
17.7 2.40691e-11 2.1965e-11
17.725 1.43573e-11 1.25346e-11
17.75 4.29014e-12 2.72932e-12
17.775 -6.08604e-12 -7.40479e-12
17.8 -1.67245e-11 -1.78209e-11
17.825 -2.75783e-11 -2.84719e-11
17.85 -3.86003e-11 -3.93105e-11
17.875 -4.97439e-11 -5.02897e-11
17.9 -6.09629e-11 -6.13631e-11
17.925 -7.2212e-11 -7.24846e-11
17.95 -8.34467e-11 -8.36094e-11
17.975 -9.46238e-11 -9.46937e-11
18 -1.05702e-10 -1.05695e-10
18.025 -1.1664e-10 -1.16572e-10
18.05 -1.274e-10 -1.27287e-10
18.075 -1.37946e-10 -1.37801e-10
18.1 -1.48242e-10 -1.48079e-10
18.125 -1.58257e-10 -1.58088e-10
18.15 -1.6796e-10 -1.67796e-10
18.175 -1.77322e-10 -1.77175e-10
18.2 -1.86319e-10 -1.86199e-10
18.225 -1.94927e-10 -1.94842e-10
18.25 -2.03125e-10 -2.03084e-10
18.275 -2.10894e-10 -2.10904e-10
18.3 -2.18219e-10 -2.18286e-10
18.325 -2.25085e-10 -2.25215e-10
18.35 -2.31481e-10 -2.31679e-10
18.375 -2.37397e-10 -2.37668e-10
18.4 -2.42828e-10 -2.43174e-10
18.425 -2.47768e-10 -2.48192e-10
18.45 -2.52214e-10 -2.52718e-10
18.475 -2.56166e-10 -2.56752e-10
18.5 -2.59626e-10 -2.60293e-10
18.525 -2.62596e-10 -2.63346e-10
18.55 -2.65082e-10 -2.65914e-10
18.575 -2.6709e-10 -2.68003e-10
18.6 -2.68629e-10 -2.69621e-10
18.625 -2.69708e-10 -2.70777e-10
18.65 -2.70338e-10 -2.71482e-10
18.675 -2.7053e-10 -2.71747e-10
18.7 -2.703e-10 -2.71587e-10
18.725 -2.6966e-10 -2.71014e-10
18.75 -2.68626e-10 -2.70043e-10
18.775 -2.67214e-10 -2.68691e-10
18.8 -2.65441e-10 -2.66973e-10
18.825 -2.63323e-10 -2.64907e-10
18.85 -2.60878e-10 -2.6251e-10
18.875 -2.58124e-10 -2.598e-10
18.9 -2.5508e-10 -2.56795e-10
18.925 -2.51764e-10 -2.53514e-10
18.95 -2.48194e-10 -2.49975e-10
18.975 -2.44389e-10 -2.46197e-10
19 -2.40367e-10 -2.42198e-10
19.025 -2.36146e-10 -2.37996e-10
19.05 -2.31746e-10 -2.3361e-10
19.075 -2.27182e-10 -2.29057e-10
19.1 -2.22474e-10 -2.24355e-10
19.125 -2.17637e-10 -2.19522e-10
19.15 -2.1269e-10 -2.14573e-10
19.175 -2.07647e-10 -2.09526e-10
19.2 -2.02524e-10 -2.04396e-10
19.225 -1.97337e-10 -1.99198e-10
19.25 -1.921e-10 -1.93948e-10
19.275 -1.86827e-10 -1.88658e-10
19.3 -1.81532e-10 -1.83344e-10
19.325 -1.76226e-10 -1.78017e-10
19.35 -1.70923e-10 -1.7269e-10
19.375 -1.65633e-10 -1.67374e-10
19.4 -1.60367e-10 -1.6208e-10
19.425 -1.55136e-10 -1.56819e-10
19.45 -1.49949e-10 -1.516e-10
19.475 -1.44814e-10 -1.46432e-10
19.5 -1.39739e-10 -1.41324e-10
19.525 -1.34733e-10 -1.36282e-10
19.55 -1.29801e-10 -1.31314e-10
19.575 -1.24951e-10 -1.26427e-10
19.6 -1.20188e-10 -1.21625e-10
19.625 -1.15516e-10 -1.16915e-10
19.65 -1.10941e-10 -1.12301e-10
19.675 -1.06466e-10 -1.07787e-10
19.7 -1.02096e-10 -1.03377e-10
19.725 -9.78313e-11 -9.90729e-11
19.75 -9.36764e-11 -9.48784e-11
19.775 -8.96326e-11 -9.07952e-11
19.8 -8.57017e-11 -8.6825e-11
19.825 -8.18847e-11 -8.2969e-11
19.85 -7.81825e-11 -7.92282e-11
19.875 -7.45954e-11 -7.5603e-11
19.9 -7.11237e-11 -7.20936e-11
19.925 -6.77669e-11 -6.86998e-11
19.95 -6.45246e-11 -6.54211e-11
19.975 -6.1396e-11 -6.22567e-11
20 -5.83801e-11 -5.92058e-11
