0 0.133774 0.142423 -0.0390535 0.0516848
0.025 0.133774 0.142423 -0.0390535 0.0516848
0.05 0.133779 0.142427 -0.039019 0.0517042
0.075 0.133786 0.142435 -0.0389617 0.0517364
0.1 0.133796 0.142445 -0.0388816 0.0517815
0.125 0.13381 0.142458 -0.038779 0.0518393
0.15 0.133826 0.142473 -0.0386542 0.0519096
0.175 0.133846 0.142492 -0.0385074 0.0519924
0.2 0.133868 0.142514 -0.038339 0.0520874
0.225 0.133894 0.142538 -0.0381495 0.0521945
0.25 0.133923 0.142566 -0.0379394 0.0523133
0.275 0.133954 0.142596 -0.0377092 0.0524437
0.3 0.133989 0.14263 -0.0374594 0.0525853
0.325 0.134027 0.142666 -0.0371908 0.0527378
0.35 0.134068 0.142706 -0.0369039 0.0529009
0.375 0.134113 0.142748 -0.0365996 0.0530742
0.4 0.13416 0.142793 -0.0362786 0.0532574
0.425 0.134211 0.142842 -0.0359417 0.0534501
0.45 0.134265 0.142893 -0.0355898 0.0536517
0.475 0.134322 0.142948 -0.0352237 0.0538619
0.5 0.134382 0.143005 -0.0348444 0.0540802
0.525 0.134446 0.143065 -0.0344528 0.0543061
0.55 0.134513 0.143128 -0.0340498 0.0545392
0.575 0.134582 0.143194 -0.0336366 0.0547788
0.6 0.134655 0.143263 -0.033214 0.0550245
0.625 0.134731 0.143335 -0.0327831 0.0552758
0.65 0.134811 0.143409 -0.032345 0.055532
0.675 0.134893 0.143486 -0.0319007 0.0557927
0.7 0.134977 0.143566 -0.0314513 0.0560572
0.725 0.135065 0.143648 -0.0309979 0.056325
0.75 0.135156 0.143732 -0.0305415 0.0565954
0.775 0.135249 0.143819 -0.0300833 0.056868
0.8 0.135344 0.143908 -0.0296242 0.057142
0.825 0.135442 0.143999 -0.0291654 0.057417
0.85 0.135542 0.144092 -0.0287079 0.0576922
0.875 0.135645 0.144187 -0.0282527 0.0579672
0.9 0.135749 0.144283 -0.0278009 0.0582413
0.925 0.135855 0.144381 -0.0273534 0.0585139
0.95 0.135962 0.14448 -0.0269113 0.0587845
0.975 0.136071 0.14458 -0.0264756 0.0590525
1 0.136181 0.144681 -0.026047 0.0593172
1.025 0.136291 0.144783 -0.0256266 0.0595783
1.05 0.136403 0.144885 -0.0252152 0.059835
1.075 0.136515 0.144988 -0.0248136 0.060087
1.1 0.136627 0.14509 -0.0244226 0.0603337
1.125 0.136739 0.145192 -0.024043 0.0605745
1.15 0.13685 0.145294 -0.0236755 0.060809
1.175 0.136961 0.145394 -0.0233208 0.0610368
1.2 0.137071 0.145494 -0.0229794 0.0612574
1.225 0.13718 0.145593 -0.022652 0.0614703
1.25 0.137287 0.14569 -0.0223392 0.0616753
1.275 0.137393 0.145785 -0.0220413 0.0618719
1.3 0.137497 0.145878 -0.0217588 0.0620597
1.325 0.137598 0.145969 -0.0214922 0.0622385
1.35 0.137696 0.146058 -0.0212416 0.062408
1.375 0.137792 0.146143 -0.0210075 0.0625679
1.4 0.137884 0.146226 -0.0207901 0.0627179
1.425 0.137973 0.146305 -0.0205895 0.0628579
1.45 0.138058 0.146381 -0.0204058 0.0629877
1.475 0.138139 0.146453 -0.0202391 0.0631071
1.5 0.138216 0.146522 -0.0200894 0.0632161
1.525 0.138288 0.146586 -0.0199568 0.0633145
1.55 0.138356 0.146646 -0.0198411 0.0634023
1.575 0.138418 0.146701 -0.0197421 0.0634794
1.6 0.138476 0.146752 -0.0196597 0.063546
1.625 0.138528 0.146798 -0.0195937 0.063602
1.65 0.138575 0.146839 -0.0195437 0.0636475
1.675 0.138616 0.146875 -0.0195095 0.0636827
1.7 0.138651 0.146906 -0.0194906 0.0637077
1.725 0.13868 0.146932 -0.0194867 0.0637226
1.75 0.138704 0.146953 -0.0194973 0.0637278
1.775 0.138722 0.146968 -0.0195218 0.0637233
1.8 0.138733 0.146979 -0.0195598 0.0637095
1.825 0.138739 0.146984 -0.0196107 0.0636868
1.85 0.138738 0.146984 -0.0196738 0.0636553
1.875 0.138732 0.14698 -0.0197486 0.0636155
1.9 0.13872 0.14697 -0.0198343 0.0635678
1.925 0.138702 0.146956 -0.0199303 0.0635126
1.95 0.138679 0.146936 -0.0200359 0.0634503
1.975 0.13865 0.146913 -0.0201502 0.0633813
2 0.138616 0.146885 -0.0202726 0.0633062
2.025 0.138577 0.146853 -0.0204023 0.0632255
2.05 0.138533 0.146818 -0.0205385 0.0631396
2.075 0.138484 0.146779 -0.0206804 0.0630492
2.1 0.138432 0.146736 -0.0208271 0.0629547
2.125 0.138375 0.146691 -0.0209779 0.0628567
2.15 0.138315 0.146644 -0.0211319 0.0627558
2.175 0.138252 0.146594 -0.0212884 0.0626527
2.2 0.138186 0.146542 -0.0214465 0.0625478
2.225 0.138118 0.146489 -0.0216053 0.0624419
2.25 0.138048 0.146435 -0.0217642 0.0623355
2.275 0.137977 0.146381 -0.0219222 0.0622292
2.3 0.137905 0.146326 -0.0220786 0.0621237
2.325 0.137832 0.146272 -0.0222327 0.0620195
2.35 0.13776 0.146218 -0.0223837 0.0619173
2.375 0.137688 0.146166 -0.0225309 0.0618178
2.4 0.137618 0.146116 -0.0226735 0.0617214
2.425 0.137549 0.146068 -0.0228108 0.0616288
2.45 0.137483 0.146023 -0.0229423 0.0615405
2.475 0.13742 0.145982 -0.0230673 0.0614572
2.5 0.13736 0.145944 -0.0231851 0.0613794
2.525 0.137305 0.145911 -0.0232953 0.0613076
2.55 0.137254 0.145882 -0.0233972 0.0612424
2.575 0.137209 0.145859 -0.0234904 0.0611842
2.6 0.137169 0.145842 -0.0235745 0.0611336
2.625 0.137136 0.145831 -0.0236489 0.0610909
2.65 0.13711 0.145826 -0.0237132 0.0610566
2.675 0.137092 0.14583 -0.0237673 0.0610312
2.7 0.137082 0.14584 -0.0238106 0.0610149
2.725 0.137081 0.145859 -0.0238431 0.0610081
2.75 0.137089 0.145887 -0.0238643 0.0610112
2.775 0.137106 0.145923 -0.0238742 0.0610244
2.8 0.137134 0.145969 -0.0238726 0.061048
2.825 0.137172 0.146024 -0.0238594 0.0610821
2.85 0.137221 0.146089 -0.0238346 0.061127
2.875 0.137282 0.146164 -0.023798 0.0611828
2.9 0.137354 0.146249 -0.0237498 0.0612496
2.925 0.137438 0.146345 -0.02369 0.0613274
2.95 0.137534 0.146451 -0.0236187 0.0614163
2.975 0.137643 0.146568 -0.023536 0.0615162
3 0.137764 0.146696 -0.0234421 0.0616272
3.025 0.137898 0.146835 -0.0233374 0.061749
3.05 0.138045 0.146985 -0.0232219 0.0618816
3.075 0.138204 0.147146 -0.023096 0.0620248
3.1 0.138377 0.147317 -0.02296 0.0621784
3.125 0.138562 0.147498 -0.0228143 0.0623421
3.15 0.138759 0.14769 -0.0226593 0.0625156
3.175 0.138969 0.147892 -0.0224954 0.0626985
3.2 0.139191 0.148104 -0.022323 0.0628906
3.225 0.139425 0.148325 -0.0221426 0.0630914
3.25 0.139671 0.148555 -0.0219548 0.0633003
3.275 0.139927 0.148794 -0.0217599 0.0635171
3.3 0.140194 0.149041 -0.0215587 0.063741
3.325 0.140471 0.149295 -0.0213516 0.0639715
3.35 0.140758 0.149555 -0.0211392 0.0642081
3.375 0.141053 0.149822 -0.0209221 0.0644502
3.4 0.141357 0.150095 -0.0207009 0.064697
3.425 0.141667 0.150372 -0.0204762 0.0649478
3.45 0.141985 0.150653 -0.0202487 0.065202
3.475 0.142308 0.150937 -0.0200189 0.0654588
3.5 0.142635 0.151222 -0.0197875 0.0657174
3.525 0.142966 0.151509 -0.0195552 0.0659771
3.55 0.1433 0.151796 -0.0193225 0.0662369
3.575 0.143636 0.152082 -0.0190901 0.0664961
3.6 0.143972 0.152366 -0.0188586 0.0667539
3.625 0.144307 0.152647 -0.0186286 0.0670093
3.65 0.14464 0.152923 -0.0184007 0.0672614
3.675 0.14497 0.153194 -0.0181755 0.0675094
3.7 0.145296 0.153458 -0.0179537 0.0677523
3.725 0.145615 0.153714 -0.0177357 0.0679893
3.75 0.145927 0.153961 -0.0175221 0.0682194
3.775 0.146231 0.154197 -0.0173134 0.0684417
3.8 0.146524 0.154421 -0.0171102 0.0686552
3.825 0.146806 0.154631 -0.016913 0.0688591
3.85 0.147075 0.154827 -0.0167221 0.0690525
3.875 0.147329 0.155007 -0.016538 0.0692343
3.9 0.147568 0.155169 -0.0163612 0.0694038
3.925 0.147789 0.155312 -0.0161921 0.06956
3.95 0.14799 0.155435 -0.0160309 0.069702
3.975 0.148172 0.155536 -0.015878 0.069829
4 0.148331 0.155614 -0.0157338 0.0699402
4.025 0.148467 0.155668 -0.0155984 0.0700347
4.05 0.148578 0.155695 -0.0154721 0.0701117
4.075 0.148662 0.155696 -0.0153552 0.0701704
4.1 0.148719 0.155668 -0.0152477 0.0702102
4.125 0.148746 0.15561 -0.0151498 0.0702302
4.15 0.148742 0.155521 -0.0150616 0.0702298
4.175 0.148707 0.1554 -0.0149832 0.0702084
4.2 0.148638 0.155245 -0.0149146 0.0701653
4.225 0.148535 0.155056 -0.0148559 0.0700999
4.25 0.148396 0.15483 -0.0148069 0.0700117
4.275 0.14822 0.154568 -0.0147676 0.0699002
4.3 0.148006 0.154268 -0.0147379 0.069765
4.325 0.147752 0.153929 -0.0147176 0.0696055
4.35 0.147459 0.15355 -0.0147067 0.0694215
4.375 0.147125 0.15313 -0.0147049 0.0692125
4.4 0.146749 0.152669 -0.014712 0.0689784
4.425 0.14633 0.152166 -0.0147277 0.0687189
4.45 0.145868 0.151619 -0.0147518 0.0684338
4.475 0.145362 0.15103 -0.014784 0.0681229
4.5 0.144811 0.150396 -0.0148238 0.0677863
4.525 0.144216 0.149718 -0.014871 0.0674237
4.55 0.143575 0.148996 -0.0149252 0.0670353
4.575 0.142888 0.148228 -0.014986 0.0666211
4.6 0.142155 0.147415 -0.0150529 0.0661813
4.625 0.141376 0.146557 -0.0151255 0.0657159
4.65 0.140552 0.145654 -0.0152034 0.0652252
4.675 0.139681 0.144705 -0.0152861 0.0647095
4.7 0.138764 0.143711 -0.015373 0.0641691
4.725 0.137801 0.142672 -0.0154638 0.0636044
4.75 0.136793 0.141589 -0.0155578 0.0630157
4.775 0.13574 0.140461 -0.0156546 0.0624034
4.8 0.134643 0.13929 -0.0157536 0.0617682
4.825 0.133501 0.138076 -0.0158544 0.0611106
4.85 0.132317 0.136819 -0.0159563 0.0604311
4.875 0.131089 0.13552 -0.0160589 0.0597304
4.9 0.12982 0.13418 -0.0161616 0.0590091
4.925 0.12851 0.1328 -0.0162639 0.0582679
4.95 0.127161 0.131381 -0.0163652 0.0575077
4.975 0.125772 0.129923 -0.0164651 0.0567291
5 0.124346 0.128429 -0.016563 0.055933
5.025 0.122883 0.126899 -0.0166583 0.0551202
5.05 0.121385 0.125334 -0.0167507 0.0542916
5.075 0.119853 0.123736 -0.0168397 0.053448
5.1 0.118289 0.122106 -0.0169247 0.0525905
5.125 0.116694 0.120445 -0.0170052 0.0517199
5.15 0.115069 0.118755 -0.017081 0.0508372
5.175 0.113416 0.117038 -0.0171514 0.0499434
5.2 0.111736 0.115295 -0.0172162 0.0490394
5.225 0.110032 0.113527 -0.017275 0.0481262
5.25 0.108304 0.111737 -0.0173273 0.0472049
5.275 0.106555 0.109926 -0.0173728 0.0462765
5.3 0.104787 0.108095 -0.0174113 0.0453419
5.325 0.103 0.106247 -0.0174423 0.0444023
5.35 0.101197 0.104383 -0.0174657 0.0434585
5.375 0.09938 0.102504 -0.0174812 0.0425116
5.4 0.09755 0.100614 -0.0174886 0.0415627
5.425 0.0957092 0.0987129 -0.0174876 0.0406127
5.45 0.0938593 0.0968031 -0.017478 0.0396625
5.475 0.0920021 0.0948864 -0.0174598 0.0387133
5.5 0.0901394 0.0929645 -0.0174329 0.0377658
5.525 0.0882729 0.0910393 -0.017397 0.0368211
5.55 0.0864045 0.0891124 -0.0173521 0.0358801
5.575 0.0845359 0.0871856 -0.0172983 0.0349437
5.6 0.0826687 0.0852607 -0.0172354 0.0340127
5.625 0.0808048 0.0833393 -0.0171635 0.0330879
5.65 0.0789456 0.0814232 -0.0170826 0.0321703
5.675 0.0770929 0.0795138 -0.0169927 0.0312606
5.7 0.0752482 0.077613 -0.0168939 0.0303595
5.725 0.0734132 0.0757221 -0.0167864 0.0294678
5.75 0.0715892 0.0738428 -0.0166702 0.0285863
5.775 0.0697777 0.0719764 -0.0165455 0.0277154
5.8 0.0679802 0.0701245 -0.0164125 0.026856
5.825 0.0661981 0.0682884 -0.0162713 0.0260086
5.85 0.0644325 0.0664695 -0.0161221 0.0251737
5.875 0.0626848 0.0646689 -0.0159651 0.0243519
5.9 0.0609562 0.062888 -0.0158007 0.0235437
5.925 0.0592478 0.0611279 -0.0156289 0.0227495
5.95 0.0575607 0.0593896 -0.0154502 0.0219697
5.975 0.055896 0.0576743 -0.0152648 0.0212048
6 0.0542545 0.0559829 -0.0150729 0.020455
6.025 0.0526372 0.0543164 -0.0148749 0.0197207
6.05 0.0510449 0.0526755 -0.0146711 0.0190022
6.075 0.0494784 0.0510612 -0.0144617 0.0182997
6.1 0.0479384 0.049474 -0.0142473 0.0176134
6.125 0.0464256 0.0479148 -0.014028 0.0169434
6.15 0.0449406 0.0463841 -0.0138041 0.01629
6.175 0.0434838 0.0448825 -0.0135762 0.0156531
6.2 0.0420559 0.0434104 -0.0133445 0.015033
6.225 0.0406571 0.0419683 -0.0131093 0.0144295
6.25 0.0392878 0.0405566 -0.012871 0.0138428
6.275 0.0379484 0.0391755 -0.0126299 0.0132728
6.3 0.036639 0.0378253 -0.0123865 0.0127194
6.325 0.03536 0.0365062 -0.012141 0.0121826
6.35 0.0341113 0.0352184 -0.0118938 0.0116623
6.375 0.0328931 0.0339619 -0.0116453 0.0111583
6.4 0.0317054 0.0327368 -0.0113957 0.0106706
6.425 0.0305482 0.0315431 -0.0111454 0.0101989
6.45 0.0294215 0.0303807 -0.0108947 0.00974302
6.475 0.0283251 0.0292495 -0.0106439 0.0093028
6.5 0.0272589 0.0281494 -0.0103934 0.00887799
6.525 0.0262226 0.0270802 -0.0101435 0.00846836
6.55 0.0252162 0.0260416 -0.0098943 0.00807363
6.575 0.0242392 0.0250333 -0.00964625 0.00769355
6.6 0.0232915 0.0240552 -0.00939957 0.00732782
6.625 0.0223726 0.0231068 -0.00915452 0.00697615
6.65 0.0214823 0.0221878 -0.00891134 0.00663823
6.675 0.0206201 0.0212978 -0.00867028 0.00631374
6.7 0.0197856 0.0204363 -0.00843155 0.00600237
6.725 0.0189784 0.0196029 -0.00819537 0.00570379
6.75 0.0181981 0.0187972 -0.00796194 0.00541765
6.775 0.017444 0.0180187 -0.00773145 0.00514363
6.8 0.0167159 0.0172668 -0.00750407 0.00488137
6.825 0.016013 0.016541 -0.00727996 0.00463054
6.85 0.015335 0.0158409 -0.00705928 0.00439079
6.875 0.0146813 0.0151657 -0.00684217 0.00416177
6.9 0.0140512 0.014515 -0.00662876 0.00394314
6.925 0.0134444 0.0138883 -0.00641915 0.00373456
6.95 0.0128601 0.0132848 -0.00621346 0.00353567
6.975 0.0122979 0.0127041 -0.00601178 0.00334615
7 0.0117571 0.0121455 -0.00581418 0.00316566
7.025 0.0112373 0.0116085 -0.00562074 0.00299386
7.05 0.0107377 0.0110924 -0.00543153 0.00283043
7.075 0.0102578 0.0105967 -0.00524657 0.00267505
7.1 0.00979714 0.0101207 -0.00506593 0.0025274
7.125 0.00935502 0.00966396 -0.00488962 0.00238717
7.15 0.00893091 0.00922578 -0.00471766 0.00225406
7.175 0.00852424 0.0088056 -0.00455008 0.00212776
7.2 0.00813445 0.00840286 -0.00438686 0.002008
7.225 0.00776098 0.00801698 -0.004228 0.00189449
7.25 0.00740331 0.0076474 -0.0040735 0.00178695
7.275 0.00706087 0.00729356 -0.00392332 0.00168512
7.3 0.00673314 0.00695491 -0.00377745 0.00158873
7.325 0.00641961 0.00663092 -0.00363585 0.00149754
7.35 0.00611976 0.00632107 -0.00349847 0.0014113
7.375 0.00583309 0.00602482 -0.00336527 0.00132978
7.4 0.00555912 0.00574169 -0.00323621 0.00125274
7.425 0.00529735 0.00547117 -0.00311122 0.00117998
7.45 0.00504732 0.00521278 -0.00299024 0.00111127
7.475 0.00480858 0.00496605 -0.00287322 0.00104642
7.5 0.00458069 0.00473053 -0.00276008 0.000985225
7.525 0.0043632 0.00450575 -0.00265074 0.000927505
7.55 0.0041557 0.0042913 -0.00254515 0.000873075
7.575 0.00395777 0.00408674 -0.00244321 0.000821765
7.6 0.00376903 0.00389167 -0.00234486 0.000773408
7.625 0.00358909 0.0037057 -0.00225 0.000727847
7.65 0.00341758 0.00352843 -0.00215856 0.000684931
7.675 0.00325413 0.00335949 -0.00207046 0.000644515
7.7 0.00309839 0.00319853 -0.0019856 0.000606461
7.725 0.00295004 0.00304519 -0.00190391 0.00057064
7.75 0.00280874 0.00289915 -0.0018253 0.000536926
7.775 0.00267418 0.00276007 -0.00174967 0.0005052
7.8 0.00254606 0.00262765 -0.00167695 0.00047535
7.825 0.00242409 0.00250159 -0.00160705 0.000447269
7.85 0.00230799 0.00238159 -0.00153988 0.000420854
7.875 0.00219749 0.00226738 -0.00147536 0.00039601
7.9 0.00209234 0.00215869 -0.0014134 0.000372645
7.925 0.00199227 0.00205527 -0.00135392 0.000350673
7.95 0.00189706 0.00195687 -0.00129684 0.000330011
7.975 0.00180648 0.00186325 -0.00124208 0.000310583
8 0.00172031 0.00177418 -0.00118955 0.000292314
8.025 0.00163833 0.00168946 -0.00113918 0.000275137
8.05 0.00156035 0.00160887 -0.0010909 0.000258986
8.075 0.00148618 0.00153221 -0.00104461 0.000243799
8.1 0.00141563 0.0014593 -0.00100026 0.000229518
8.125 0.00134852 0.00138995 -0.000957773 0.000216089
8.15 0.00128469 0.00132399 -0.000917071 0.00020346
8.175 0.00122398 0.00126125 -0.000878089 0.000191583
8.2 0.00116623 0.00120158 -0.000840762 0.000180411
8.225 0.0011113 0.00114483 -0.000805023 0.000169903
8.25 0.00105905 0.00109085 -0.000770809 0.000160018
8.275 0.00100935 0.0010395 -0.00073806 0.000150718
8.3 0.000962063 0.00099065 -0.000706716 0.000141967
8.325 0.00091708 0.000944184 -0.000676719 0.000133732
8.35 0.000874284 0.000899978 -0.000648014 0.000125982
8.375 0.000833564 0.000857921 -0.000620548 0.000118687
8.4 0.000794816 0.000817905 -0.000594267 0.000111819
8.425 0.000757944 0.000779828 -0.000569123 0.000105353
8.45 0.000722851 0.000743593 -0.000545066 9.92639e-05
8.475 0.00068945 0.000709109 -0.00052205 9.35293e-05
8.5 0.000657656 0.000676286 -0.00050003 8.81279e-05
8.525 0.000627387 0.000645043 -0.000478964 8.30394e-05
8.55 0.000598569 0.000615299 -0.000458809 7.82452e-05
8.575 0.000571127 0.000586981 -0.000439526 7.37276e-05
8.6 0.000544994 0.000560016 -0.000421076 6.94702e-05
8.625 0.000520103 0.000534337 -0.000403422 6.54574e-05
8.65 0.000496393 0.00050988 -0.000386531 6.16748e-05
8.675 0.000473805 0.000486584 -0.000370366 5.81087e-05
8.7 0.000452283 0.00046439 -0.000354897 5.47466e-05
8.725 0.000431774 0.000443245 -0.000340092 5.15763e-05
8.75 0.000412227 0.000423096 -0.000325922 4.85867e-05
8.775 0.000393595 0.000403893 -0.000312358 4.57674e-05
8.8 0.000375833 0.00038559 -0.000299373 4.31084e-05
8.825 0.000358898 0.000368142 -0.000286941 4.06006e-05
8.85 0.000342749 0.000351508 -0.000275038 3.82351e-05
8.875 0.000327347 0.000335647 -0.000263639 3.6004e-05
8.9 0.000312656 0.000320521 -0.000252722 3.38996e-05
8.925 0.000298642 0.000306095 -0.000242266 3.19146e-05
8.95 0.000285271 0.000292334 -0.000232249 3.00423e-05
8.975 0.000272512 0.000279206 -0.000222653 2.82765e-05
9 0.000260336 0.00026668 -0.000213459 2.6611e-05
9.025 0.000248715 0.000254728 -0.000204648 2.50403e-05
9.05 0.000237621 0.000243322 -0.000196204 2.35591e-05
9.075 0.000227031 0.000232435 -0.00018811 2.21625e-05
9.1 0.000216919 0.000222043 -0.000180352 2.08456e-05
9.125 0.000207263 0.000212122 -0.000172914 1.96042e-05
9.15 0.000198042 0.00020265 -0.000165782 1.8434e-05
9.175 0.000189235 0.000193606 -0.000158943 1.73312e-05
9.2 0.000180823 0.000184969 -0.000152385 1.62919e-05
9.225 0.000172787 0.00017672 -0.000146095 1.53127e-05
9.25 0.00016511 0.000168842 -0.000140062 1.43903e-05
9.275 0.000157775 0.000161317 -0.000134274 1.35216e-05
9.3 0.000150767 0.000154129 -0.000128722 1.27035e-05
9.325 0.00014407 0.000147262 -0.000123395 1.19334e-05
9.35 0.00013767 0.000140701 -0.000118284 1.12085e-05
9.375 0.000131554 0.000134433 -0.00011338 1.05264e-05
9.4 0.000125709 0.000128443 -0.000108674 9.8847e-06
9.425 0.000120122 0.00012272 -0.000104158 9.28111e-06
9.45 0.000114782 0.000117251 -9.9824e-05 8.71355e-06
9.475 0.000109678 0.000112025 -9.56649e-05 8.18e-06
9.5 0.000104799 0.000107031 -9.16735e-05 7.67855e-06
9.525 0.000100135 0.000102258 -8.78428e-05 7.20741e-06
9.55 9.5677e-05 9.76963e-05 -8.41666e-05 6.76486e-06
9.575 9.14155e-05 9.3337e-05 -8.06384e-05 6.34928e-06
9.6 8.73419e-05 8.91708e-05 -7.72525e-05 5.95913e-06
9.625 8.34478e-05 8.51892e-05 -7.40032e-05 5.59297e-06
9.65 7.97255e-05 8.13839e-05 -7.08851e-05 5.24942e-06
9.675 7.61675e-05 7.77473e-05 -6.7893e-05 4.92716e-06
9.7 7.27664e-05 7.42719e-05 -6.5022e-05 4.62496e-06
9.725 6.95156e-05 7.09506e-05 -6.22673e-05 4.34166e-06
9.75 6.64084e-05 6.77767e-05 -5.96244e-05 4.07613e-06
9.775 6.34386e-05 6.47437e-05 -5.7089e-05 3.82734e-06
9.8 6.06003e-05 6.18454e-05 -5.46569e-05 3.59428e-06
9.825 5.78878e-05 5.90761e-05 -5.2324e-05 3.37602e-06
9.85 5.52957e-05 5.643e-05 -5.00867e-05 3.17166e-06
9.875 5.28187e-05 5.39019e-05 -4.79411e-05 2.98037e-06
9.9 5.04518e-05 5.14865e-05 -4.58838e-05 2.80134e-06
9.925 4.81904e-05 4.9179e-05 -4.39114e-05 2.63382e-06
9.95 4.60299e-05 4.69747e-05 -4.20205e-05 2.47711e-06
9.975 4.39659e-05 4.48692e-05 -4.02081e-05 2.33053e-06
10 4.19943e-05 4.2858e-05 -3.84712e-05 2.19344e-06
10.025 4.0111e-05 4.09372e-05 -3.68067e-05 2.06524e-06
10.05 3.83123e-05 3.91028e-05 -3.5212e-05 1.94538e-06
10.075 3.65945e-05 3.73509e-05 -3.36843e-05 1.83331e-06
10.1 3.49541e-05 3.56781e-05 -3.22211e-05 1.72854e-06
10.125 3.33878e-05 3.40809e-05 -3.08197e-05 1.63059e-06
10.15 3.18922e-05 3.2556e-05 -2.9478e-05 1.53901e-06
10.175 3.04644e-05 3.11001e-05 -2.81934e-05 1.45339e-06
10.2 2.91015e-05 2.97104e-05 -2.69637e-05 1.37332e-06
10.225 2.78004e-05 2.83838e-05 -2.57869e-05 1.29845e-06
10.25 2.65587e-05 2.71176e-05 -2.46608e-05 1.22841e-06
10.275 2.53736e-05 2.59092e-05 -2.35834e-05 1.16288e-06
10.3 2.42426e-05 2.47559e-05 -2.25528e-05 1.10155e-06
10.325 2.31634e-05 2.36554e-05 -2.15671e-05 1.04414e-06
10.35 2.21337e-05 2.26053e-05 -2.06245e-05 9.90364e-07
10.375 2.11513e-05 2.16033e-05 -1.97233e-05 9.39979e-07
10.4 2.0214e-05 2.06473e-05 -1.88618e-05 8.92746e-07
10.425 1.93199e-05 1.97352e-05 -1.80384e-05 8.4844e-07
10.45 1.8467e-05 1.88651e-05 -1.72514e-05 8.06855e-07
10.475 1.76535e-05 1.80351e-05 -1.64995e-05 7.67796e-07
10.5 1.68776e-05 1.72433e-05 -1.57812e-05 7.31082e-07
10.525 1.61376e-05 1.64881e-05 -1.5095e-05 6.96544e-07
10.55 1.54318e-05 1.57677e-05 -1.44397e-05 6.64026e-07
10.575 1.47587e-05 1.50806e-05 -1.38139e-05 6.3338e-07
10.6 1.41169e-05 1.44253e-05 -1.32163e-05 6.0447e-07
10.625 1.35048e-05 1.38002e-05 -1.26459e-05 5.77171e-07
10.65 1.29211e-05 1.32041e-05 -1.21014e-05 5.51366e-07
10.675 1.23645e-05 1.26355e-05 -1.15817e-05 5.26945e-07
10.7 1.18337e-05 1.20933e-05 -1.10857e-05 5.03808e-07
10.725 1.13276e-05 1.15761e-05 -1.06124e-05 4.81864e-07
10.75 1.08449e-05 1.10828e-05 -1.01608e-05 4.61026e-07
10.775 1.03846e-05 1.06124e-05 -9.72992e-06 4.41215e-07
10.8 9.9457e-06 1.01636e-05 -9.31889e-06 4.22359e-07
10.825 9.52709e-06 9.73558e-06 -8.92679e-06 4.04392e-07
10.85 9.12785e-06 9.32728e-06 -8.55278e-06 3.87252e-07
10.875 8.74707e-06 8.9378e-06 -8.19603e-06 3.70883e-07
10.9 8.38386e-06 8.56624e-06 -7.85577e-06 3.55235e-07
10.925 8.0374e-06 8.21174e-06 -7.53122e-06 3.40259e-07
10.95 7.70687e-06 7.87351e-06 -7.22168e-06 3.25915e-07
10.975 7.39152e-06 7.55076e-06 -6.92644e-06 3.12163e-07
11 7.09062e-06 7.24277e-06 -6.64483e-06 2.98967e-07
11.025 6.80347e-06 6.94881e-06 -6.37622e-06 2.86296e-07
11.05 6.52941e-06 6.66822e-06 -6.11998e-06 2.7412e-07
11.075 6.26781e-06 6.40036e-06 -5.87554e-06 2.62413e-07
11.1 6.01807e-06 6.14462e-06 -5.64231e-06 2.51151e-07
11.125 5.7796e-06 5.9004e-06 -5.41977e-06 2.40312e-07
11.15 5.55186e-06 5.66715e-06 -5.2074e-06 2.29877e-07
11.175 5.33433e-06 5.44435e-06 -5.00469e-06 2.19828e-07
11.2 5.12651e-06 5.23148e-06 -4.81118e-06 2.10148e-07
11.225 4.92793e-06 5.02806e-06 -4.62641e-06 2.00822e-07
11.25 4.73812e-06 4.83362e-06 -4.44995e-06 1.91838e-07
11.275 4.55666e-06 4.64774e-06 -4.28138e-06 1.83182e-07
11.3 4.38314e-06 4.46999e-06 -4.1203e-06 1.74844e-07
11.325 4.21717e-06 4.29997e-06 -3.96635e-06 1.66813e-07
11.35 4.05838e-06 4.13731e-06 -3.81915e-06 1.5908e-07
11.375 3.9064e-06 3.98164e-06 -3.67837e-06 1.51634e-07
11.4 3.76091e-06 3.83261e-06 -3.54368e-06 1.44468e-07
11.425 3.62158e-06 3.68991e-06 -3.41476e-06 1.37574e-07
11.45 3.48812e-06 3.55322e-06 -3.29133e-06 1.30943e-07
11.475 3.36022e-06 3.42223e-06 -3.17309e-06 1.2457e-07
11.5 3.23761e-06 3.29668e-06 -3.05979e-06 1.18445e-07
11.525 3.12003e-06 3.1763e-06 -2.95117e-06 1.12563e-07
11.55 3.00724e-06 3.06082e-06 -2.84699e-06 1.06917e-07
11.575 2.89899e-06 2.95001e-06 -2.74701e-06 1.015e-07
11.6 2.79507e-06 2.84364e-06 -2.65103e-06 9.63063e-08
11.625 2.69526e-06 2.74149e-06 -2.55884e-06 9.13283e-08
11.65 2.59935e-06 2.64336e-06 -2.47024e-06 8.65602e-08
11.675 2.50717e-06 2.54904e-06 -2.38505e-06 8.19955e-08
11.7 2.41852e-06 2.45836e-06 -2.30311e-06 7.7628e-08
11.725 2.33324e-06 2.37114e-06 -2.22424e-06 7.34515e-08
11.75 2.25116e-06 2.28721e-06 -2.14829e-06 6.94596e-08
11.775 2.17213e-06 2.20642e-06 -2.07513e-06 6.56462e-08
11.8 2.09601e-06 2.12862e-06 -2.00461e-06 6.20052e-08
11.825 2.02266e-06 2.05366e-06 -1.9366e-06 5.85305e-08
11.85 1.95195e-06 1.98142e-06 -1.87099e-06 5.52161e-08
11.875 1.88375e-06 1.91177e-06 -1.80765e-06 5.2056e-08
11.9 1.81796e-06 1.84459e-06 -1.7465e-06 4.90444e-08
11.925 1.75447e-06 1.77977e-06 -1.68742e-06 4.61756e-08
11.95 1.69316e-06 1.71721e-06 -1.63032e-06 4.3444e-08
11.975 1.63396e-06 1.6568e-06 -1.57511e-06 4.08442e-08
12 1.57675e-06 1.59846e-06 -1.52172e-06 3.83706e-08
12.025 1.52147e-06 1.5421e-06 -1.47007e-06 3.60183e-08
12.05 1.46803e-06 1.48763e-06 -1.42007e-06 3.37822e-08
12.075 1.41635e-06 1.43498e-06 -1.37167e-06 3.16574e-08
12.1 1.36636e-06 1.38408e-06 -1.3248e-06 2.96393e-08
12.125 1.318e-06 1.33485e-06 -1.2794e-06 2.77233e-08
12.15 1.2712e-06 1.28722e-06 -1.23541e-06 2.59053e-08
12.175 1.22591e-06 1.24115e-06 -1.19279e-06 2.41812e-08
12.2 1.18206e-06 1.19657e-06 -1.15148e-06 2.2547e-08
12.225 1.13961e-06 1.15343e-06 -1.11143e-06 2.0999e-08
12.25 1.0985e-06 1.11167e-06 -1.0726e-06 1.95338e-08
12.275 1.05868e-06 1.07124e-06 -1.03495e-06 1.8148e-08
12.3 1.02012e-06 1.03211e-06 -9.98435e-07 1.68385e-08
12.325 9.82773e-07 9.94228e-07 -9.63023e-07 1.56023e-08
12.35 9.46594e-07 9.5755e-07 -9.28676e-07 1.44366e-08
12.375 9.11548e-07 9.22037e-07 -8.9536e-07 1.33388e-08
12.4 8.77598e-07 8.87654e-07 -8.63042e-07 1.23064e-08
12.425 8.44712e-07 8.54365e-07 -8.31691e-07 1.13371e-08
12.45 8.12855e-07 8.22134e-07 -8.01277e-07 1.04286e-08
12.475 7.81998e-07 7.9093e-07 -7.71773e-07 9.57879e-09
12.5 7.52109e-07 7.60721e-07 -7.4315e-07 8.7857e-09
12.525 7.2316e-07 7.31478e-07 -7.15383e-07 8.04739e-09
12.55 6.95125e-07 7.0317e-07 -6.88446e-07 7.36202e-09
12.575 6.67976e-07 6.7577e-07 -6.62315e-07 6.72782e-09
12.6 6.41688e-07 6.49252e-07 -6.36966e-07 6.14307e-09
12.625 6.16236e-07 6.23589e-07 -6.12377e-07 5.6061e-09
12.65 5.91596e-07 5.98756e-07 -5.88526e-07 5.11525e-09
12.675 5.67746e-07 5.74729e-07 -5.65391e-07 4.6689e-09
12.7 5.44663e-07 5.51483e-07 -5.42952e-07 4.26546e-09
12.725 5.22326e-07 5.28997e-07 -5.2119e-07 3.90331e-09
12.75 5.00713e-07 5.07247e-07 -5.00086e-07 3.58085e-09
12.775 4.79805e-07 4.86213e-07 -4.7962e-07 3.29648e-09
12.8 4.59581e-07 4.65873e-07 -4.59776e-07 3.04858e-09
12.825 4.40022e-07 4.46207e-07 -4.40536e-07 2.83551e-09
12.85 4.2111e-07 4.27195e-07 -4.21883e-07 2.65563e-09
12.875 4.02827e-07 4.08818e-07 -4.03803e-07 2.50725e-09
12.9 3.85155e-07 3.91058e-07 -3.8628e-07 2.38869e-09
12.925 3.68077e-07 3.73897e-07 -3.693e-07 2.29823e-09
12.95 3.51577e-07 3.57317e-07 -3.52849e-07 2.23416e-09
12.975 3.3564e-07 3.41303e-07 -3.36913e-07 2.19474e-09
13 3.20249e-07 3.25837e-07 -3.21481e-07 2.1782e-09
13.025 3.05391e-07 3.10906e-07 -3.0654e-07 2.1828e-09
13.05 2.91051e-07 2.96493e-07 -2.9208e-07 2.20677e-09
13.075 2.77215e-07 2.82586e-07 -2.78089e-07 2.24836e-09
13.1 2.63872e-07 2.6917e-07 -2.64559e-07 2.30582e-09
13.125 2.51007e-07 2.56234e-07 -2.51479e-07 2.37744e-09
13.15 2.38611e-07 2.43764e-07 -2.38841e-07 2.4615e-09
13.175 2.26671e-07 2.3175e-07 -2.26637e-07 2.55634e-09
13.2 2.15177e-07 2.2018e-07 -2.14859e-07 2.66033e-09
13.225 2.04118e-07 2.09045e-07 -2.03501e-07 2.77187e-09
13.25 1.93486e-07 1.98335e-07 -1.92556e-07 2.88944e-09
13.275 1.83272e-07 1.88041e-07 -1.82018e-07 3.01157e-09
13.3 1.73466e-07 1.78154e-07 -1.7188e-07 3.13685e-09
13.325 1.64062e-07 1.68667e-07 -1.6214e-07 3.26395e-09
13.35 1.55051e-07 1.59573e-07 -1.5279e-07 3.39162e-09
13.375 1.46427e-07 1.50865e-07 -1.43828e-07 3.5187e-09
13.4 1.38183e-07 1.42536e-07 -1.35248e-07 3.6441e-09
13.425 1.30313e-07 1.34581e-07 -1.27048e-07 3.76686e-09
13.45 1.22812e-07 1.26995e-07 -1.19222e-07 3.88609e-09
13.475 1.15674e-07 1.19771e-07 -1.11769e-07 4.001e-09
13.5 1.08894e-07 1.12906e-07 -1.04685e-07 4.11092e-09
13.525 1.02467e-07 1.06396e-07 -9.79655e-08 4.21528e-09
13.55 9.63898e-08 1.00236e-07 -9.16085e-08 4.3136e-09
13.575 9.06569e-08 9.44217e-08 -8.56106e-08 4.40552e-09
13.6 8.52646e-08 8.89501e-08 -7.99685e-08 4.49079e-09
13.625 8.02089e-08 8.38175e-08 -7.4679e-08 4.56925e-09
13.65 7.54859e-08 7.90202e-08 -6.97385e-08 4.64083e-09
13.675 7.10916e-08 7.45548e-08 -6.51436e-08 4.70559e-09
13.7 6.70224e-08 7.04177e-08 -6.08904e-08 4.76365e-09
13.725 6.32742e-08 6.66055e-08 -5.69751e-08 4.81522e-09
13.75 5.98431e-08 6.31145e-08 -5.33932e-08 4.86063e-09
13.775 5.6725e-08 5.99409e-08 -5.01404e-08 4.90025e-09
13.8 5.39158e-08 5.70807e-08 -4.72117e-08 4.93452e-09
13.825 5.14109e-08 5.45299e-08 -4.46019e-08 4.96398e-09
13.85 4.92059e-08 5.22839e-08 -4.23055e-08 4.98919e-09
13.875 4.72957e-08 5.03382e-08 -4.03166e-08 5.01079e-09
13.9 4.56754e-08 4.86878e-08 -3.86289e-08 5.02944e-09
13.925 4.43394e-08 4.73274e-08 -3.72357e-08 5.04586e-09
13.95 4.32819e-08 4.62514e-08 -3.61298e-08 5.06078e-09
13.975 4.24971e-08 4.54537e-08 -3.53038e-08 5.07495e-09
14 4.19783e-08 4.4928e-08 -3.47498e-08 5.08914e-09
14.025 4.17188e-08 4.46676e-08 -3.44593e-08 5.10414e-09
14.05 4.17114e-08 4.46652e-08 -3.44238e-08 5.12071e-09
14.075 4.19487e-08 4.49133e-08 -3.46341e-08 5.13961e-09
14.1 4.24227e-08 4.54039e-08 -3.50806e-08 5.1616e-09
14.125 4.31251e-08 4.61285e-08 -3.57537e-08 5.1874e-09
14.15 4.40473e-08 4.70786e-08 -3.66432e-08 5.2177e-09
14.175 4.51802e-08 4.82448e-08 -3.77384e-08 5.25317e-09
14.2 4.65146e-08 4.96176e-08 -3.90288e-08 5.29442e-09
14.225 4.80407e-08 5.11872e-08 -4.05031e-08 5.34203e-09
14.25 4.97484e-08 5.29432e-08 -4.21502e-08 5.39652e-09
14.275 5.16276e-08 5.48752e-08 -4.39585e-08 5.45836e-09
14.3 5.36676e-08 5.69723e-08 -4.59164e-08 5.52797e-09
14.325 5.58576e-08 5.92234e-08 -4.8012e-08 5.60569e-09
14.35 5.81864e-08 6.16171e-08 -5.02335e-08 5.69182e-09
14.375 6.0643e-08 6.41418e-08 -5.25687e-08 5.78657e-09
14.4 6.32158e-08 6.67859e-08 -5.50057e-08 5.89011e-09
14.425 6.58933e-08 6.95375e-08 -5.75324e-08 6.00253e-09
14.45 6.86638e-08 7.23845e-08 -6.01368e-08 6.12385e-09
14.475 7.15158e-08 7.53149e-08 -6.28069e-08 6.25402e-09
14.5 7.44373e-08 7.83167e-08 -6.55309e-08 6.39293e-09
14.525 7.74167e-08 8.13778e-08 -6.8297e-08 6.54041e-09
14.55 8.04424e-08 8.44861e-08 -7.10937e-08 6.69622e-09
14.575 8.35026e-08 8.76297e-08 -7.39096e-08 6.86007e-09
14.6 8.6586e-08 9.07968e-08 -7.67336e-08 7.03158e-09
14.625 8.96811e-08 9.39756e-08 -7.95549e-08 7.21035e-09
14.65 9.27768e-08 9.71547e-08 -8.23629e-08 7.39591e-09
14.675 9.58621e-08 1.00323e-07 -8.51473e-08 7.58775e-09
14.7 9.89264e-08 1.03469e-07 -8.78984e-08 7.78529e-09
14.725 1.01959e-07 1.06582e-07 -9.06066e-08 7.98795e-09
14.75 1.04951e-07 1.09653e-07 -9.32627e-08 8.19507e-09
14.775 1.07891e-07 1.1267e-07 -9.58581e-08 8.40598e-09
14.8 1.1077e-07 1.15625e-07 -9.83846e-08 8.61999e-09
14.825 1.1358e-07 1.18507e-07 -1.00834e-07 8.83637e-09
14.85 1.16311e-07 1.21309e-07 -1.032e-07 9.05437e-09
14.875 1.18956e-07 1.24021e-07 -1.05474e-07 9.27322e-09
14.9 1.21507e-07 1.26636e-07 -1.07652e-07 9.49218e-09
14.925 1.23956e-07 1.29147e-07 -1.09726e-07 9.71044e-09
14.95 1.26297e-07 1.31546e-07 -1.11691e-07 9.92725e-09
14.975 1.28524e-07 1.33827e-07 -1.13544e-07 1.01418e-08
15 1.30631e-07 1.35985e-07 -1.15278e-07 1.03534e-08
15.025 1.32613e-07 1.38013e-07 -1.16891e-07 1.05612e-08
15.05 1.34464e-07 1.39908e-07 -1.18379e-07 1.07645e-08
15.075 1.36182e-07 1.41664e-07 -1.19739e-07 1.09626e-08
15.1 1.37761e-07 1.43279e-07 -1.20969e-07 1.11548e-08
15.125 1.392e-07 1.44748e-07 -1.22067e-07 1.13404e-08
15.15 1.40495e-07 1.46069e-07 -1.23032e-07 1.15188e-08
15.175 1.41645e-07 1.47241e-07 -1.23862e-07 1.16893e-08
15.2 1.42647e-07 1.48261e-07 -1.24558e-07 1.18514e-08
15.225 1.43501e-07 1.49129e-07 -1.2512e-07 1.20045e-08
15.25 1.44206e-07 1.49843e-07 -1.25547e-07 1.21482e-08
15.275 1.44762e-07 1.50404e-07 -1.2584e-07 1.22819e-08
15.3 1.45169e-07 1.50812e-07 -1.26001e-07 1.24053e-08
15.325 1.45429e-07 1.51068e-07 -1.26032e-07 1.25179e-08
15.35 1.45541e-07 1.51173e-07 -1.25934e-07 1.26195e-08
15.375 1.45509e-07 1.51128e-07 -1.25709e-07 1.27097e-08
15.4 1.45334e-07 1.50937e-07 -1.25361e-07 1.27882e-08
15.425 1.45018e-07 1.50601e-07 -1.24891e-07 1.28549e-08
15.45 1.44564e-07 1.50123e-07 -1.24304e-07 1.29097e-08
15.475 1.43975e-07 1.49507e-07 -1.23602e-07 1.29523e-08
15.5 1.43254e-07 1.48755e-07 -1.2279e-07 1.29827e-08
15.525 1.42406e-07 1.47872e-07 -1.21871e-07 1.30009e-08
15.55 1.41434e-07 1.46862e-07 -1.20848e-07 1.3007e-08
15.575 1.40343e-07 1.45729e-07 -1.19727e-07 1.30008e-08
15.6 1.39136e-07 1.44477e-07 -1.18512e-07 1.29826e-08
15.625 1.37818e-07 1.43111e-07 -1.17206e-07 1.29525e-08
15.65 1.36394e-07 1.41636e-07 -1.15815e-07 1.29105e-08
15.675 1.3487e-07 1.40058e-07 -1.14344e-07 1.2857e-08
15.7 1.33249e-07 1.3838e-07 -1.12796e-07 1.27921e-08
15.725 1.31537e-07 1.36609e-07 -1.11177e-07 1.27162e-08
15.75 1.2974e-07 1.3475e-07 -1.09491e-07 1.26294e-08
15.775 1.27862e-07 1.32808e-07 -1.07744e-07 1.25321e-08
15.8 1.2591e-07 1.3079e-07 -1.0594e-07 1.24247e-08
15.825 1.23887e-07 1.28699e-07 -1.04084e-07 1.23075e-08
15.85 1.21801e-07 1.26542e-07 -1.0218e-07 1.21809e-08
15.875 1.19655e-07 1.24325e-07 -1.00234e-07 1.20453e-08
15.9 1.17456e-07 1.22052e-07 -9.82497e-08 1.19011e-08
15.925 1.15208e-07 1.19729e-07 -9.62317e-08 1.17487e-08
15.95 1.12918e-07 1.17362e-07 -9.41848e-08 1.15886e-08
15.975 1.10589e-07 1.14956e-07 -9.21131e-08 1.14212e-08
16 1.08227e-07 1.12515e-07 -9.0021e-08 1.12471e-08
16.025 1.05837e-07 1.10046e-07 -8.79126e-08 1.10665e-08
16.05 1.03424e-07 1.07552e-07 -8.57919e-08 1.08801e-08
16.075 1.00993e-07 1.0504e-07 -8.36628e-08 1.06883e-08
16.1 9.85478e-08 1.02512e-07 -8.15292e-08 1.04916e-08
16.125 9.6093e-08 9.99753e-08 -7.93945e-08 1.02904e-08
16.15 9.36331e-08 9.74327e-08 -7.72623e-08 1.00852e-08
16.175 9.11722e-08 9.48889e-08 -7.51359e-08 9.87647e-09
16.2 8.87142e-08 9.23478e-08 -7.30185e-08 9.66465e-09
16.225 8.62629e-08 8.98134e-08 -7.0913e-08 9.45019e-09
16.25 8.38219e-08 8.72894e-08 -6.88223e-08 9.23353e-09
16.275 8.13948e-08 8.47794e-08 -6.67492e-08 9.01511e-09
16.3 7.89848e-08 8.22867e-08 -6.4696e-08 8.79534e-09
16.325 7.6595e-08 7.98146e-08 -6.26653e-08 8.57463e-09
16.35 7.42283e-08 7.7366e-08 -6.06593e-08 8.35337e-09
16.375 7.18875e-08 7.49438e-08 -5.86799e-08 8.13193e-09
16.4 6.95751e-08 7.25506e-08 -5.67292e-08 7.9107e-09
16.425 6.72935e-08 7.01889e-08 -5.48089e-08 7.69002e-09
16.45 6.5045e-08 6.78609e-08 -5.29205e-08 7.47022e-09
16.475 6.28315e-08 6.55688e-08 -5.10655e-08 7.25163e-09
16.5 6.06549e-08 6.33144e-08 -4.92453e-08 7.03454e-09
16.525 5.85169e-08 6.10996e-08 -4.74611e-08 6.81926e-09
16.55 5.64191e-08 5.89259e-08 -4.57138e-08 6.60604e-09
16.575 5.43627e-08 5.67947e-08 -4.40044e-08 6.39516e-09
16.6 5.23491e-08 5.47073e-08 -4.23336e-08 6.18683e-09
16.625 5.03793e-08 5.26648e-08 -4.07022e-08 5.98129e-09
16.65 4.84542e-08 5.06681e-08 -3.91106e-08 5.77875e-09
16.675 4.65745e-08 4.87181e-08 -3.75593e-08 5.57939e-09
16.7 4.4741e-08 4.68154e-08 -3.60487e-08 5.38339e-09
16.725 4.29541e-08 4.49606e-08 -3.45788e-08 5.1909e-09
16.75 4.12141e-08 4.31541e-08 -3.31499e-08 5.00207e-09
16.775 3.95214e-08 4.13961e-08 -3.1762e-08 4.81703e-09
16.8 3.78762e-08 3.96868e-08 -3.04151e-08 4.63588e-09
16.825 3.62783e-08 3.80263e-08 -2.91089e-08 4.45873e-09
16.85 3.47278e-08 3.64146e-08 -2.78432e-08 4.28567e-09
16.875 3.32246e-08 3.48514e-08 -2.66179e-08 4.11676e-09
16.9 3.17683e-08 3.33366e-08 -2.54325e-08 3.95206e-09
16.925 3.03586e-08 3.18698e-08 -2.42865e-08 3.79162e-09
16.95 2.89952e-08 3.04505e-08 -2.31796e-08 3.63548e-09
16.975 2.76774e-08 2.90785e-08 -2.21112e-08 3.48366e-09
17 2.64049e-08 2.7753e-08 -2.10806e-08 3.33616e-09
17.025 2.5177e-08 2.64734e-08 -2.00874e-08 3.193e-09
17.05 2.39929e-08 2.52391e-08 -1.91308e-08 3.05417e-09
17.075 2.2852e-08 2.40494e-08 -1.82101e-08 2.91965e-09
17.1 2.17535e-08 2.29035e-08 -1.73246e-08 2.78942e-09
17.125 2.06966e-08 2.18005e-08 -1.64736e-08 2.66344e-09
17.15 1.96805e-08 2.07396e-08 -1.56562e-08 2.54167e-09
17.175 1.87042e-08 1.97199e-08 -1.48717e-08 2.42408e-09
17.2 1.77669e-08 1.87405e-08 -1.41193e-08 2.3106e-09
17.225 1.68676e-08 1.78004e-08 -1.33981e-08 2.20118e-09
17.25 1.60053e-08 1.68987e-08 -1.27072e-08 2.09575e-09
17.275 1.51792e-08 1.60344e-08 -1.20459e-08 1.99425e-09
17.3 1.43882e-08 1.52064e-08 -1.14132e-08 1.89661e-09
17.325 1.36314e-08 1.44139e-08 -1.08084e-08 1.80274e-09
17.35 1.29077e-08 1.36556e-08 -1.02305e-08 1.71257e-09
17.375 1.22161e-08 1.29307e-08 -9.67869e-09 1.62602e-09
17.4 1.15556e-08 1.22381e-08 -9.15214e-09 1.54299e-09
17.425 1.09253e-08 1.15768e-08 -8.64998e-09 1.46341e-09
17.45 1.03241e-08 1.09458e-08 -8.17139e-09 1.38718e-09
17.475 9.75113e-09 1.03439e-08 -7.71552e-09 1.31422e-09
17.5 9.20529e-09 9.7704e-09 -7.28156e-09 1.24442e-09
17.525 8.68566e-09 9.2241e-09 -6.86869e-09 1.17771e-09
17.55 8.19128e-09 8.70408e-09 -6.47613e-09 1.11398e-09
17.575 7.72121e-09 8.20937e-09 -6.10309e-09 1.05314e-09
17.6 7.27452e-09 7.73901e-09 -5.74881e-09 9.95104e-10
17.625 6.85031e-09 7.29208e-09 -5.41253e-09 9.39776e-10
17.65 6.44768e-09 6.86764e-09 -5.09352e-09 8.87063e-10
17.675 6.06575e-09 6.46481e-09 -4.79106e-09 8.36874e-10
17.7 5.70369e-09 6.0827e-09 -4.50446e-09 7.89119e-10
17.725 5.36064e-09 5.72046e-09 -4.23304e-09 7.43709e-10
17.75 5.0358e-09 5.37724e-09 -3.97613e-09 7.00554e-10
17.775 4.72838e-09 5.05224e-09 -3.7331e-09 6.5957e-10
17.8 4.43761e-09 4.74464e-09 -3.5033e-09 6.2067e-10
17.825 4.16274e-09 4.4537e-09 -3.28616e-09 5.83771e-10
17.85 3.90305e-09 4.17865e-09 -3.08106e-09 5.48792e-10
17.875 3.65784e-09 3.91876e-09 -2.88746e-09 5.15652e-10
17.9 3.42642e-09 3.67335e-09 -2.7048e-09 4.84273e-10
17.925 3.20814e-09 3.44172e-09 -2.53256e-09 4.54579e-10
17.95 3.00237e-09 3.22322e-09 -2.37022e-09 4.26497e-10
17.975 2.80849e-09 3.01721e-09 -2.2173e-09 3.99954e-10
18 2.62591e-09 2.82309e-09 -2.07333e-09 3.74881e-10
18.025 2.45408e-09 2.64026e-09 -1.93784e-09 3.5121e-10
18.05 2.29243e-09 2.46816e-09 -1.81041e-09 3.28874e-10
18.075 2.14046e-09 2.30624e-09 -1.69061e-09 3.07811e-10
18.1 1.99765e-09 2.15397e-09 -1.57805e-09 2.8796e-10
18.125 1.86352e-09 2.01087e-09 -1.47235e-09 2.6926e-10
18.15 1.73761e-09 1.87643e-09 -1.37312e-09 2.51655e-10
18.175 1.61948e-09 1.75021e-09 -1.28003e-09 2.35091e-10
18.2 1.5087e-09 1.63176e-09 -1.19274e-09 2.19513e-10
18.225 1.40487e-09 1.52066e-09 -1.11092e-09 2.04872e-10
18.25 1.3076e-09 1.4165e-09 -1.03427e-09 1.91118e-10
18.275 1.21653e-09 1.3189e-09 -9.62497e-10 1.78204e-10
18.3 1.13129e-09 1.2275e-09 -8.95324e-10 1.66086e-10
18.325 1.05157e-09 1.14193e-09 -8.32486e-10 1.54721e-10
18.35 9.77032e-10 1.06187e-09 -7.73731e-10 1.44067e-10
18.375 9.07381e-10 9.86993e-10 -7.18821e-10 1.34086e-10
18.4 8.42326e-10 9.17005e-10 -6.67527e-10 1.24739e-10
18.425 7.81595e-10 8.51617e-10 -6.19634e-10 1.15991e-10
18.45 7.24928e-10 7.90554e-10 -5.74938e-10 1.07808e-10
18.475 6.72079e-10 7.33558e-10 -5.33244e-10 1.00157e-10
18.5 6.22813e-10 6.80383e-10 -4.94369e-10 9.30071e-11
18.525 5.76911e-10 6.30796e-10 -4.58138e-10 8.6329e-11
18.55 5.34162e-10 5.84578e-10 -4.24389e-10 8.00947e-11
18.575 4.9437e-10 5.41519e-10 -3.92964e-10 7.42776e-11
18.6 4.57347e-10 5.01422e-10 -3.63717e-10 6.88525e-11
18.625 4.22917e-10 4.64101e-10 -3.3651e-10 6.37955e-11
18.65 3.90914e-10 4.29379e-10 -3.11212e-10 5.90839e-11
18.675 3.61179e-10 3.97091e-10 -2.87698e-10 5.46963e-11
18.7 3.33566e-10 3.67079e-10 -2.65854e-10 5.06125e-11
18.725 3.07935e-10 3.39196e-10 -2.4557e-10 4.68131e-11
18.75 2.84154e-10 3.13303e-10 -2.26742e-10 4.32803e-11
18.775 2.621e-10 2.89268e-10 -2.09274e-10 3.99967e-11
18.8 2.41658e-10 2.66967e-10 -1.93075e-10 3.69463e-11
18.825 2.22717e-10 2.46286e-10 -1.78058e-10 3.41139e-11
18.85 2.05176e-10 2.27115e-10 -1.64145e-10 3.14852e-11
18.875 1.88939e-10 2.09352e-10 -1.51259e-10 2.90466e-11
18.9 1.73914e-10 1.929e-10 -1.39329e-10 2.67856e-11
18.925 1.60019e-10 1.7767e-10 -1.2829e-10 2.469e-11
18.95 1.47174e-10 1.63577e-10 -1.18079e-10 2.27488e-11
18.975 1.35305e-10 1.50541e-10 -1.08638e-10 2.09514e-11
19 1.24342e-10 1.38489e-10 -9.99134e-11 1.92879e-11
19.025 1.14222e-10 1.27352e-10 -9.18535e-11 1.7749e-11
19.05 1.04882e-10 1.17063e-10 -8.44111e-11 1.63261e-11
19.075 9.62675e-11 1.07564e-10 -7.75416e-11 1.5011e-11
19.1 8.83249e-11 9.8796e-11 -7.12037e-11 1.37961e-11
19.125 8.1005e-11 9.07074e-11 -6.53587e-11 1.26743e-11
19.15 7.42619e-11 8.32484e-11 -5.99704e-11 1.1639e-11
19.175 6.8053e-11 7.63729e-11 -5.50053e-11 1.06838e-11
19.2 6.23384e-11 7.00379e-11 -5.04321e-11 9.80294e-12
19.225 5.70809e-11 6.42035e-11 -4.62214e-11 8.99106e-12
19.25 5.22462e-11 5.88323e-11 -4.23462e-11 8.24306e-12
19.275 4.7802e-11 5.38896e-11 -3.87812e-11 7.55421e-12
19.3 4.37186e-11 4.93432e-11 -3.55029e-11 6.92012e-12
19.325 3.99683e-11 4.51629e-11 -3.24895e-11 6.33669e-12
19.35 3.65253e-11 4.13209e-11 -2.97207e-11 5.80011e-12
19.375 3.33659e-11 3.77913e-11 -2.71776e-11 5.30684e-12
19.4 3.04678e-11 3.455e-11 -2.48429e-11 4.85357e-12
19.425 2.78106e-11 3.15747e-11 -2.27002e-11 4.43724e-12
19.45 2.53753e-11 2.88446e-11 -2.07346e-11 4.055e-12
19.475 2.31443e-11 2.63406e-11 -1.89322e-11 3.70421e-12
19.5 2.11013e-11 2.40449e-11 -1.72801e-11 3.38243e-12
19.525 1.92311e-11 2.1941e-11 -1.57663e-11 3.08738e-12
19.55 1.752e-11 2.00137e-11 -1.43798e-11 2.81696e-12
19.575 1.5955e-11 1.82488e-11 -1.31104e-11 2.56921e-12
19.6 1.45242e-11 1.66333e-11 -1.19487e-11 2.34233e-12
19.625 1.32167e-11 1.51552e-11 -1.08859e-11 2.13465e-12
19.65 1.20222e-11 1.38033e-11 -9.91405e-12 1.94462e-12
19.675 1.09316e-11 1.25673e-11 -9.02566e-12 1.77082e-12
19.7 9.93611e-12 1.14377e-11 -8.21389e-12 1.61193e-12
19.725 9.02786e-12 1.04059e-11 -7.47242e-12 1.46672e-12
19.75 8.19953e-12 9.46357e-12 -6.79542e-12 1.33408e-12
19.775 7.44439e-12 8.60345e-12 -6.17752e-12 1.21296e-12
19.8 6.75625e-12 7.81862e-12 -5.61378e-12 1.10242e-12
19.825 6.12941e-12 7.10279e-12 -5.09965e-12 1.00157e-12
19.85 5.55865e-12 6.45013e-12 -4.63095e-12 9.09591e-13
19.875 5.03915e-12 5.85531e-12 -4.20381e-12 8.25746e-13
19.9 4.56649e-12 5.3134e-12 -3.81471e-12 7.49344e-13
19.925 4.13662e-12 4.8199e-12 -3.46039e-12 6.79752e-13
19.95 3.74583e-12 4.37064e-12 -3.13787e-12 6.1639e-13
19.975 3.39069e-12 3.96183e-12 -2.84439e-12 5.58722e-13
20 3.06809e-12 3.58996e-12 -2.57745e-12 5.06258e-13
