0 9.24454e-05 -7.5424e-05
0.025 9.24454e-05 -7.5424e-05
0.05 0.000184685 -0.000150595
0.075 0.000276512 -0.000225259
0.1 0.000367724 -0.000299167
0.125 0.000458116 -0.000372072
0.15 0.000547489 -0.000443729
0.175 0.000635644 -0.000513901
0.2 0.000722387 -0.000582355
0.225 0.000807527 -0.000648864
0.25 0.000890877 -0.000713212
0.275 0.000972254 -0.000775188
0.3 0.00105148 -0.000834593
0.325 0.00112839 -0.000891236
0.35 0.00120282 -0.000944937
0.375 0.0012746 -0.00099553
0.4 0.00134359 -0.00104286
0.425 0.00140964 -0.00108678
0.45 0.00147261 -0.00112716
0.475 0.00153239 -0.00116388
0.5 0.00158884 -0.00119685
0.525 0.00164186 -0.00122597
0.55 0.00169136 -0.00125117
0.575 0.00173722 -0.00127239
0.6 0.00177938 -0.00128958
0.625 0.00181776 -0.00130272
0.65 0.0018523 -0.00131178
0.675 0.00188295 -0.00131676
0.7 0.00190966 -0.00131769
0.725 0.00193241 -0.00131458
0.75 0.00195118 -0.00130748
0.775 0.00196595 -0.00129643
0.8 0.00197673 -0.00128152
0.825 0.00198352 -0.00126281
0.85 0.00198637 -0.00124041
0.875 0.00198528 -0.00121441
0.9 0.00198032 -0.00118493
0.925 0.00197153 -0.0011521
0.95 0.00195899 -0.00111606
0.975 0.00194277 -0.00107694
1 0.00192294 -0.0010349
1.025 0.00189962 -0.0009901
1.05 0.0018729 -0.000942712
1.075 0.00184291 -0.000892908
1.1 0.00180976 -0.000840867
1.125 0.00177359 -0.000786772
1.15 0.00173455 -0.000730812
1.175 0.00169277 -0.000673176
1.2 0.00164843 -0.000614057
1.225 0.00160168 -0.000553648
1.25 0.0015527 -0.000492144
1.275 0.00150167 -0.000429738
1.3 0.00144877 -0.000366623
1.325 0.0013942 -0.000302989
1.35 0.00133816 -0.000239025
1.375 0.00128083 -0.000174914
1.4 0.00122244 -0.000110838
1.425 0.00116318 -4.69729e-05
1.45 0.00110328 1.65115e-05
1.475 0.00104294 7.94504e-05
1.5 0.000982383 0.000141686
1.525 0.000921824 0.000203066
1.55 0.000861484 0.000263448
1.575 0.00080158 0.000322696
1.6 0.000742329 0.000380683
1.625 0.000683949 0.000437289
1.65 0.000626655 0.000492405
1.675 0.000570657 0.00054593
1.7 0.000516165 0.000597774
1.725 0.000463384 0.000647855
1.75 0.000412513 0.0006961
1.775 0.000363749 0.000742448
1.8 0.00031728 0.000786846
1.825 0.000273288 0.000829252
1.85 0.00023195 0.000869633
1.875 0.000193432 0.000907965
1.9 0.000157895 0.000944234
1.925 0.000125488 0.000978435
1.95 9.63511e-05 0.00101057
1.975 7.06153e-05 0.00104066
2 4.83997e-05 0.00106871
2.025 2.98123e-05 0.00109476
2.05 1.49494e-05 0.00111885
2.075 3.89472e-06 0.00114101
2.1 -3.2808e-06 0.00116129
2.125 -6.51945e-06 0.00117975
2.15 -5.77719e-06 0.00119646
2.175 -1.02405e-06 0.00121146
2.2 7.75558e-06 0.00122484
2.225 2.05626e-05 0.00123667
2.25 3.73831e-05 0.00124701
2.275 5.81879e-05 0.00125595
2.3 8.29326e-05 0.00126356
2.325 0.000111557 0.00126993
2.35 0.000143987 0.00127512
2.375 0.00018013 0.00127923
2.4 0.000219881 0.00128232
2.425 0.000263117 0.00128447
2.45 0.000309703 0.00128574
2.475 0.000359485 0.00128622
2.5 0.000412296 0.00128595
2.525 0.000467956 0.001285
2.55 0.000526268 0.00128341
2.575 0.000587024 0.00128124
2.6 0.000649999 0.00127852
2.625 0.00071496 0.00127529
2.65 0.000781657 0.00127156
2.675 0.000849832 0.00126735
2.7 0.000919214 0.00126266
2.725 0.000989524 0.0012575
2.75 0.00106047 0.00125184
2.775 0.00113175 0.00124567
2.8 0.00120307 0.00123895
2.825 0.00127411 0.00123164
2.85 0.00134455 0.00122368
2.875 0.00141406 0.00121501
2.9 0.00148233 0.00120555
2.925 0.00154902 0.00119523
2.95 0.00161379 0.00118393
2.975 0.00167633 0.00117157
3 0.00173629 0.00115802
3.025 0.00179335 0.00114316
3.05 0.00184717 0.00112685
3.075 0.00189745 0.00110897
3.1 0.00194386 0.00108935
3.125 0.00198608 0.00106784
3.15 0.00202383 0.00104429
3.175 0.0020568 0.00101852
3.2 0.00208471 0.000990359
3.225 0.00210728 0.000959636
3.25 0.00212426 0.000926171
3.275 0.00213541 0.000889784
3.3 0.00214047 0.000850291
3.325 0.00213925 0.000807514
3.35 0.00213153 0.00076127
3.375 0.00211713 0.000711383
3.4 0.00209589 0.000657677
3.425 0.00206765 0.000599984
3.45 0.0020323 0.000538138
3.475 0.00198971 0.000471983
3.5 0.00193981 0.000401369
3.525 0.00188253 0.000326155
3.55 0.00181782 0.000246212
3.575 0.00174565 0.000161421
3.6 0.00166604 7.16736e-05
3.625 0.001579 -2.3122e-05
3.65 0.00148458 -0.000123045
3.675 0.00138285 -0.000228161
3.7 0.00127389 -0.000338516
3.725 0.00115782 -0.000454142
3.75 0.00103477 -0.000575054
3.775 0.000904912 -0.000701246
3.8 0.000768413 -0.000832696
3.825 0.000625477 -0.000969363
3.85 0.000476326 -0.00111118
3.875 0.000321201 -0.00125808
3.9 0.000160364 -0.00140994
3.925 -5.9066e-06 -0.00156666
3.95 -0.000177312 -0.00172808
3.975 -0.000353538 -0.00189405
4 -0.000534255 -0.00206439
4.025 -0.000719117 -0.00223889
4.05 -0.000907764 -0.00241733
4.075 -0.00109983 -0.00259948
4.1 -0.00129492 -0.00278508
4.125 -0.00149265 -0.00297385
4.15 -0.00169261 -0.0031655
4.175 -0.0018944 -0.00335973
4.2 -0.00209759 -0.00355622
4.225 -0.00230178 -0.00375462
4.25 -0.00250652 -0.0039546
4.275 -0.00271139 -0.00415578
4.3 -0.00291597 -0.00435781
4.325 -0.00311983 -0.00456029
4.35 -0.00332253 -0.00476286
4.375 -0.00352366 -0.0049651
4.4 -0.00372281 -0.00516663
4.425 -0.00391954 -0.00536705
4.45 -0.00411348 -0.00556594
4.475 -0.0043042 -0.0057629
4.5 -0.00449133 -0.00595754
4.525 -0.0046745 -0.00614946
4.55 -0.00485333 -0.00633825
4.575 -0.00502748 -0.00652352
4.6 -0.0051966 -0.00670489
4.625 -0.00536039 -0.00688199
4.65 -0.00551852 -0.00705445
4.675 -0.00567072 -0.00722192
4.7 -0.00581671 -0.00738404
4.725 -0.00595623 -0.0075405
4.75 -0.00608905 -0.00769097
4.775 -0.00621496 -0.00783516
4.8 -0.00633376 -0.00797279
4.825 -0.00644527 -0.00810359
4.85 -0.00654934 -0.00822731
4.875 -0.00664584 -0.00834373
4.9 -0.00673465 -0.00845265
4.925 -0.00681568 -0.00855386
4.95 -0.00688885 -0.00864722
4.975 -0.00695412 -0.00873258
5 -0.00701146 -0.00880981
5.025 -0.00706085 -0.00887881
5.05 -0.00710231 -0.00893951
5.075 -0.00713586 -0.00899185
5.1 -0.00716156 -0.0090358
5.125 -0.00717948 -0.00907134
5.15 -0.00718969 -0.00909848
5.175 -0.00719231 -0.00911726
5.2 -0.00718746 -0.00912772
5.225 -0.00717526 -0.00912995
5.25 -0.00715588 -0.00912402
5.275 -0.00712948 -0.00911005
5.3 -0.00709624 -0.00908817
5.325 -0.00705636 -0.00905853
5.35 -0.00701003 -0.00902129
5.375 -0.00695749 -0.00897664
5.4 -0.00689895 -0.00892475
5.425 -0.00683465 -0.00886585
5.45 -0.00676484 -0.00880016
5.475 -0.00668976 -0.00872791
5.5 -0.00660968 -0.00864934
5.525 -0.00652486 -0.00856472
5.55 -0.00643556 -0.0084743
5.575 -0.00634207 -0.00837835
5.6 -0.00624464 -0.00827717
5.625 -0.00614356 -0.00817102
5.65 -0.0060391 -0.00806019
5.675 -0.00593154 -0.00794499
5.7 -0.00582115 -0.0078257
5.725 -0.00570821 -0.00770263
5.75 -0.00559298 -0.00757606
5.775 -0.00547574 -0.00744629
5.8 -0.00535674 -0.00731362
5.825 -0.00523625 -0.00717835
5.85 -0.00511451 -0.00704075
5.875 -0.00499178 -0.00690112
5.9 -0.0048683 -0.00675974
5.925 -0.00474429 -0.00661688
5.95 -0.00461999 -0.00647281
5.975 -0.00449561 -0.0063278
6 -0.00437137 -0.0061821
6.025 -0.00424746 -0.00603595
6.05 -0.00412409 -0.0058896
6.075 -0.00400142 -0.00574328
6.1 -0.00387964 -0.00559722
6.125 -0.00375892 -0.00545161
6.15 -0.00363941 -0.00530667
6.175 -0.00352125 -0.0051626
6.2 -0.00340459 -0.00501956
6.225 -0.00328955 -0.00487774
6.25 -0.00317625 -0.00473731
6.275 -0.0030648 -0.0045984
6.3 -0.00295529 -0.00446118
6.325 -0.00284783 -0.00432576
6.35 -0.00274248 -0.00419228
6.375 -0.00263933 -0.00406083
6.4 -0.00253844 -0.00393154
6.425 -0.00243985 -0.00380449
6.45 -0.00234363 -0.00367977
6.475 -0.0022498 -0.00355744
6.5 -0.00215841 -0.00343758
6.525 -0.00206947 -0.00332025
6.55 -0.00198301 -0.00320549
6.575 -0.00189903 -0.00309334
6.6 -0.00181755 -0.00298384
6.625 -0.00173855 -0.00287701
6.65 -0.00166203 -0.00277287
6.675 -0.00158798 -0.00267144
6.7 -0.00151639 -0.00257271
6.725 -0.00144723 -0.00247669
6.75 -0.00138047 -0.00238337
6.775 -0.00131609 -0.00229274
6.8 -0.00125405 -0.00220478
6.825 -0.00119432 -0.00211947
6.85 -0.00113685 -0.00203679
6.875 -0.00108161 -0.0019567
6.9 -0.00102854 -0.00187918
6.925 -0.000977596 -0.00180418
6.95 -0.000928737 -0.00173167
6.975 -0.000881907 -0.00166159
7 -0.000837056 -0.00159392
7.025 -0.000794128 -0.0015286
7.05 -0.000753071 -0.00146558
7.075 -0.000713829 -0.00140481
7.1 -0.000676347 -0.00134625
7.125 -0.00064057 -0.00128983
7.15 -0.000606442 -0.0012355
7.175 -0.000573908 -0.00118322
7.2 -0.000542912 -0.00113291
7.225 -0.000513399 -0.00108454
7.25 -0.000485315 -0.00103804
7.275 -0.000458607 -0.000993351
7.3 -0.000433221 -0.000950429
7.325 -0.000409105 -0.000909214
7.35 -0.000386208 -0.000869652
7.375 -0.00036448 -0.000831689
7.4 -0.000343872 -0.000795271
7.425 -0.000324336 -0.000760346
7.45 -0.000305825 -0.000726863
7.475 -0.000288293 -0.00069477
7.5 -0.000271697 -0.000664017
7.525 -0.000255993 -0.000634557
7.55 -0.00024114 -0.00060634
7.575 -0.000227098 -0.00057932
7.6 -0.000213828 -0.000553453
7.625 -0.000201292 -0.000528693
7.65 -0.000189454 -0.000504997
7.675 -0.00017828 -0.000482325
7.7 -0.000167735 -0.000460635
7.725 -0.000157788 -0.000439887
7.75 -0.000148408 -0.000420044
7.775 -0.000139565 -0.000401069
7.8 -0.000131231 -0.000382926
7.825 -0.000123379 -0.00036558
7.85 -0.000115983 -0.000348999
7.875 -0.000109018 -0.00033315
7.9 -0.000102461 -0.000318002
7.925 -9.62886e-05 -0.000303526
7.95 -9.04802e-05 -0.000289692
7.975 -8.50154e-05 -0.000276475
8 -7.98747e-05 -0.000263846
8.025 -7.50397e-05 -0.00025178
8.05 -7.0493e-05 -0.000240253
8.075 -6.62181e-05 -0.000229242
8.1 -6.21993e-05 -0.000218724
8.125 -5.84218e-05 -0.000208678
8.15 -5.48714e-05 -0.000199082
8.175 -5.15349e-05 -0.000189917
8.2 -4.83997e-05 -0.000181165
8.225 -4.5454e-05 -0.000172806
8.25 -4.26864e-05 -0.000164824
8.275 -4.00865e-05 -0.000157202
8.3 -3.76443e-05 -0.000149924
8.325 -3.53502e-05 -0.000142975
8.35 -3.31955e-05 -0.000136339
8.375 -3.11717e-05 -0.000130005
8.4 -2.9271e-05 -0.000123957
8.425 -2.74859e-05 -0.000118184
8.45 -2.58095e-05 -0.000112672
8.475 -2.42352e-05 -0.000107412
8.5 -2.27568e-05 -0.000102391
8.525 -2.13685e-05 -9.75984e-05
8.55 -2.00648e-05 -9.30248e-05
8.575 -1.88405e-05 -8.86603e-05
8.6 -1.7691e-05 -8.44955e-05
8.625 -1.66115e-05 -8.05217e-05
8.65 -1.55979e-05 -7.67303e-05
8.675 -1.46461e-05 -7.31134e-05
8.7 -1.37524e-05 -6.96631e-05
8.725 -1.29132e-05 -6.63722e-05
8.75 -1.21252e-05 -6.32334e-05
8.775 -1.13853e-05 -6.02402e-05
8.8 -1.06906e-05 -5.7386e-05
8.825 -1.00383e-05 -5.46646e-05
8.85 -9.4259e-06 -5.20702e-05
8.875 -8.85087e-06 -4.95971e-05
8.9 -8.31097e-06 -4.724e-05
8.925 -7.80407e-06 -4.49936e-05
8.95 -7.32816e-06 -4.2853e-05
8.975 -6.88136e-06 -4.08135e-05
9 -6.46188e-06 -3.88705e-05
9.025 -6.06808e-06 -3.70197e-05
9.05 -5.69838e-06 -3.52571e-05
9.075 -5.35132e-06 -3.35785e-05
9.1 -5.02552e-06 -3.19802e-05
9.125 -4.71968e-06 -3.04586e-05
9.15 -4.43259e-06 -2.90101e-05
9.175 -4.16311e-06 -2.76315e-05
9.2 -3.91016e-06 -2.63196e-05
9.225 -3.67273e-06 -2.50712e-05
9.25 -3.44988e-06 -2.38834e-05
9.275 -3.24072e-06 -2.27536e-05
9.3 -3.0444e-06 -2.16788e-05
9.325 -2.86014e-06 -2.06567e-05
9.35 -2.68721e-06 -1.96847e-05
9.375 -2.52491e-06 -1.87604e-05
9.4 -2.37258e-06 -1.78816e-05
9.425 -2.22962e-06 -1.70462e-05
9.45 -2.09546e-06 -1.6252e-05
9.475 -1.96954e-06 -1.54971e-05
9.5 -1.85137e-06 -1.47796e-05
9.525 -1.74046e-06 -1.40976e-05
9.55 -1.63637e-06 -1.34495e-05
9.575 -1.53868e-06 -1.28336e-05
9.6 -1.44699e-06 -1.22482e-05
9.625 -1.36094e-06 -1.16919e-05
9.65 -1.28017e-06 -1.11633e-05
9.675 -1.20435e-06 -1.06608e-05
9.7 -1.13319e-06 -1.01833e-05
9.725 -1.06639e-06 -9.72944e-06
9.75 -1.00368e-06 -9.29801e-06
9.775 -9.44802e-07 -8.88788e-06
9.8 -8.89526e-07 -8.49795e-06
9.825 -8.37626e-07 -8.12718e-06
9.85 -7.88892e-07 -7.77456e-06
9.875 -7.43125e-07 -7.43916e-06
9.9 -7.00141e-07 -7.12007e-06
9.925 -6.59767e-07 -6.81643e-06
9.95 -6.2184e-07 -6.52743e-06
9.975 -5.86206e-07 -6.25229e-06
10 -5.52723e-07 -5.99028e-06
10.025 -5.21256e-07 -5.74069e-06
10.05 -4.91679e-07 -5.50287e-06
10.075 -4.63873e-07 -5.27619e-06
10.1 -4.37728e-07 -5.06004e-06
10.125 -4.13139e-07 -4.85387e-06
10.15 -3.90009e-07 -4.65714e-06
10.175 -3.68246e-07 -4.46935e-06
10.2 -3.47764e-07 -4.29001e-06
10.225 -3.28483e-07 -4.11868e-06
10.25 -3.10327e-07 -3.95492e-06
10.275 -2.93226e-07 -3.79835e-06
10.3 -2.77113e-07 -3.64856e-06
10.325 -2.61927e-07 -3.50522e-06
10.35 -2.47609e-07 -3.36797e-06
10.375 -2.34105e-07 -3.23651e-06
10.4 -2.21365e-07 -3.11053e-06
10.425 -2.0934e-07 -2.98975e-06
10.45 -1.97986e-07 -2.8739e-06
10.475 -1.87261e-07 -2.76274e-06
10.5 -1.77127e-07 -2.65603e-06
10.525 -1.67547e-07 -2.55354e-06
10.55 -1.58488e-07 -2.45508e-06
10.575 -1.49918e-07 -2.36045e-06
10.6 -1.41807e-07 -2.26946e-06
10.625 -1.34127e-07 -2.18194e-06
10.65 -1.26854e-07 -2.09774e-06
10.675 -1.19963e-07 -2.01669e-06
10.7 -1.13431e-07 -1.93866e-06
10.725 -1.07239e-07 -1.86352e-06
10.75 -1.01367e-07 -1.79113e-06
10.775 -9.57963e-08 -1.72138e-06
10.8 -9.05108e-08 -1.65416e-06
10.825 -8.54949e-08 -1.58936e-06
10.85 -8.0734e-08 -1.5269e-06
10.875 -7.62146e-08 -1.46666e-06
10.9 -7.1924e-08 -1.40857e-06
10.925 -6.78506e-08 -1.35254e-06
10.95 -6.39833e-08 -1.2985e-06
10.975 -6.03119e-08 -1.24638e-06
11 -5.68269e-08 -1.1961e-06
11.025 -5.35192e-08 -1.14759e-06
11.05 -5.03805e-08 -1.1008e-06
11.075 -4.74029e-08 -1.05567e-06
11.1 -4.45788e-08 -1.01214e-06
11.125 -4.19014e-08 -9.7016e-07
11.15 -3.9364e-08 -9.29676e-07
11.175 -3.69604e-08 -8.90639e-07
11.2 -3.46845e-08 -8.53006e-07
11.225 -3.25307e-08 -8.1673e-07
11.25 -3.04936e-08 -7.8177e-07
11.275 -2.85681e-08 -7.48085e-07
11.3 -2.67492e-08 -7.15637e-07
11.325 -2.50322e-08 -6.84386e-07
11.35 -2.34125e-08 -6.54297e-07
11.375 -2.18856e-08 -6.25335e-07
11.4 -2.04475e-08 -5.97466e-07
11.425 -1.90939e-08 -5.70656e-07
11.45 -1.78209e-08 -5.44875e-07
11.475 -1.66246e-08 -5.2009e-07
11.5 -1.55014e-08 -4.96272e-07
11.525 -1.44475e-08 -4.73392e-07
11.55 -1.34596e-08 -4.5142e-07
11.575 -1.25341e-08 -4.30329e-07
11.6 -1.16679e-08 -4.10092e-07
11.625 -1.08577e-08 -3.90681e-07
11.65 -1.01005e-08 -3.72071e-07
11.675 -9.39321e-09 -3.54236e-07
11.7 -8.733e-09 -3.37151e-07
11.725 -8.11709e-09 -3.20792e-07
11.75 -7.54279e-09 -3.05134e-07
11.775 -7.00754e-09 -2.90154e-07
11.8 -6.50887e-09 -2.75829e-07
11.825 -6.0444e-09 -2.62136e-07
11.85 -5.61189e-09 -2.49053e-07
11.875 -5.20916e-09 -2.36558e-07
11.9 -4.83418e-09 -2.2463e-07
11.925 -4.485e-09 -2.13249e-07
11.95 -4.15977e-09 -2.02393e-07
11.975 -3.85676e-09 -1.92043e-07
12 -3.57432e-09 -1.82179e-07
12.025 -3.31092e-09 -1.72783e-07
12.05 -3.06513e-09 -1.63835e-07
12.075 -2.83559e-09 -1.55319e-07
12.1 -2.62106e-09 -1.47215e-07
12.125 -2.42038e-09 -1.39508e-07
12.15 -2.23249e-09 -1.32181e-07
12.175 -2.05638e-09 -1.25217e-07
12.2 -1.89116e-09 -1.186e-07
12.225 -1.736e-09 -1.12317e-07
12.25 -1.59014e-09 -1.06352e-07
12.275 -1.45288e-09 -1.00691e-07
12.3 -1.32362e-09 -9.5321e-08
12.325 -1.20178e-09 -9.02283e-08
12.35 -1.08686e-09 -8.54006e-08
12.375 -9.78396e-10 -8.08259e-08
12.4 -8.7599e-10 -7.64926e-08
12.425 -7.79273e-10 -7.23895e-08
12.45 -6.87921e-10 -6.85062e-08
12.475 -6.01644e-10 -6.48323e-08
12.5 -5.20184e-10 -6.13583e-08
12.525 -4.43311e-10 -5.80749e-08
12.55 -3.70818e-10 -5.49732e-08
12.575 -3.02523e-10 -5.20448e-08
12.6 -2.38257e-10 -4.92816e-08
12.625 -1.77871e-10 -4.6676e-08
12.65 -1.21225e-10 -4.42206e-08
12.675 -6.819e-11 -4.19084e-08
12.7 -1.86466e-11 -3.97328e-08
12.725 2.75205e-11 -3.76873e-08
12.75 7.04217e-11 -3.57658e-08
12.775 1.10165e-10 -3.39624e-08
12.8 1.46857e-10 -3.22715e-08
12.825 1.80604e-10 -3.06876e-08
12.85 2.11514e-10 -2.92054e-08
12.875 2.39695e-10 -2.78198e-08
12.9 2.65259e-10 -2.65258e-08
12.925 2.8832e-10 -2.53187e-08
12.95 3.08995e-10 -2.41936e-08
12.975 3.27403e-10 -2.31459e-08
13 3.43669e-10 -2.2171e-08
13.025 3.57918e-10 -2.12645e-08
13.05 3.70282e-10 -2.04219e-08
13.075 3.80891e-10 -1.96388e-08
13.1 3.89882e-10 -1.89108e-08
13.125 3.97393e-10 -1.82335e-08
13.15 4.03563e-10 -1.76026e-08
13.175 4.08534e-10 -1.70138e-08
13.2 4.1245e-10 -1.64627e-08
13.225 4.15453e-10 -1.59451e-08
13.25 4.17687e-10 -1.54567e-08
13.275 4.19298e-10 -1.49932e-08
13.3 4.20429e-10 -1.45503e-08
13.325 4.21223e-10 -1.41239e-08
13.35 4.21822e-10 -1.37096e-08
13.375 4.22367e-10 -1.33034e-08
13.4 4.22995e-10 -1.29011e-08
13.425 4.23844e-10 -1.24988e-08
13.45 4.25047e-10 -1.20923e-08
13.475 4.26735e-10 -1.16778e-08
13.5 4.29035e-10 -1.12516e-08
13.525 4.32073e-10 -1.08098e-08
13.55 4.35969e-10 -1.0349e-08
13.575 4.40841e-10 -9.86577e-09
13.6 4.468e-10 -9.35673e-09
13.625 4.53956e-10 -8.8188e-09
13.65 4.62414e-10 -8.24904e-09
13.675 4.72272e-10 -7.64471e-09
13.7 4.83626e-10 -7.00325e-09
13.725 4.96565e-10 -6.32234e-09
13.75 5.11174e-10 -5.59987e-09
13.775 5.27533e-10 -4.83397e-09
13.8 5.45716e-10 -4.02303e-09
13.825 5.65791e-10 -3.16567e-09
13.85 5.8782e-10 -2.2608e-09
13.875 6.11861e-10 -1.30757e-09
13.9 6.37963e-10 -3.05413e-10
13.925 6.66171e-10 7.4595e-10
13.95 6.96523e-10 1.84654e-09
13.975 7.29049e-10 2.99608e-09
14 7.63775e-10 4.19405e-09
14.025 8.00717e-10 5.43961e-09
14.05 8.39886e-10 6.7317e-09
14.075 8.81286e-10 8.06895e-09
14.1 9.24912e-10 9.44977e-09
14.125 9.70752e-10 1.08723e-08
14.15 1.01879e-09 1.23344e-08
14.175 1.06899e-09 1.38338e-08
14.2 1.12133e-09 1.53679e-08
14.225 1.17576e-09 1.6934e-08
14.25 1.23224e-09 1.85291e-08
14.275 1.2907e-09 2.01501e-08
14.3 1.35107e-09 2.17937e-08
14.325 1.4133e-09 2.34565e-08
14.35 1.47729e-09 2.51348e-08
14.375 1.54296e-09 2.68252e-08
14.4 1.61021e-09 2.85237e-08
14.425 1.67895e-09 3.02265e-08
14.45 1.74905e-09 3.19297e-08
14.475 1.82041e-09 3.36293e-08
14.5 1.89291e-09 3.53215e-08
14.525 1.96641e-09 3.70022e-08
14.55 2.04078e-09 3.86674e-08
14.575 2.11589e-09 4.03133e-08
14.6 2.19159e-09 4.19359e-08
14.625 2.26773e-09 4.35315e-08
14.65 2.34416e-09 4.50962e-08
14.675 2.42072e-09 4.66265e-08
14.7 2.49727e-09 4.81188e-08
14.725 2.57363e-09 4.95697e-08
14.75 2.64964e-09 5.0976e-08
14.775 2.72515e-09 5.23345e-08
14.8 2.79998e-09 5.36422e-08
14.825 2.87398e-09 5.48964e-08
14.85 2.94698e-09 5.60945e-08
14.875 3.01882e-09 5.7234e-08
14.9 3.08933e-09 5.83126e-08
14.925 3.15836e-09 5.93285e-08
14.95 3.22576e-09 6.02797e-08
14.975 3.29137e-09 6.11646e-08
15 3.35505e-09 6.19818e-08
15.025 3.41665e-09 6.27301e-08
15.05 3.47603e-09 6.34086e-08
15.075 3.53307e-09 6.40165e-08
15.1 3.58763e-09 6.45531e-08
15.125 3.63959e-09 6.50182e-08
15.15 3.68885e-09 6.54116e-08
15.175 3.7353e-09 6.57335e-08
15.2 3.77884e-09 6.59839e-08
15.225 3.81937e-09 6.61635e-08
15.25 3.85682e-09 6.62728e-08
15.275 3.89112e-09 6.63127e-08
15.3 3.9222e-09 6.62841e-08
15.325 3.95e-09 6.61883e-08
15.35 3.97447e-09 6.60265e-08
15.375 3.99558e-09 6.58001e-08
15.4 4.0133e-09 6.55109e-08
15.425 4.02761e-09 6.51605e-08
15.45 4.03849e-09 6.47508e-08
15.475 4.04595e-09 6.42837e-08
15.5 4.04999e-09 6.37613e-08
15.525 4.05062e-09 6.31857e-08
15.55 4.04787e-09 6.25592e-08
15.575 4.04177e-09 6.18841e-08
15.6 4.03235e-09 6.11627e-08
15.625 4.01968e-09 6.03975e-08
15.65 4.00379e-09 5.95909e-08
15.675 3.98476e-09 5.87453e-08
15.7 3.96264e-09 5.78634e-08
15.725 3.93752e-09 5.69476e-08
15.75 3.90948e-09 5.60004e-08
15.775 3.8786e-09 5.50244e-08
15.8 3.84497e-09 5.40221e-08
15.825 3.8087e-09 5.29959e-08
15.85 3.76988e-09 5.19484e-08
15.875 3.72861e-09 5.08819e-08
15.9 3.68501e-09 4.9799e-08
15.925 3.63919e-09 4.87018e-08
15.95 3.59126e-09 4.75927e-08
15.975 3.54134e-09 4.6474e-08
16 3.48954e-09 4.53478e-08
16.025 3.436e-09 4.42162e-08
16.05 3.38082e-09 4.30814e-08
16.075 3.32413e-09 4.19452e-08
16.1 3.26605e-09 4.08096e-08
16.125 3.20671e-09 3.96763e-08
16.15 3.14622e-09 3.85472e-08
16.175 3.08471e-09 3.7424e-08
16.2 3.02229e-09 3.6308e-08
16.225 2.95908e-09 3.5201e-08
16.25 2.8952e-09 3.41042e-08
16.275 2.83077e-09 3.30191e-08
16.3 2.76588e-09 3.19468e-08
16.325 2.70066e-09 3.08885e-08
16.35 2.63521e-09 2.98452e-08
16.375 2.56963e-09 2.88181e-08
16.4 2.50402e-09 2.78079e-08
16.425 2.43848e-09 2.68155e-08
16.45 2.3731e-09 2.58417e-08
16.475 2.30797e-09 2.48871e-08
16.5 2.24317e-09 2.39524e-08
16.525 2.1788e-09 2.3038e-08
16.55 2.11491e-09 2.21444e-08
16.575 2.0516e-09 2.1272e-08
16.6 1.98892e-09 2.04211e-08
16.625 1.92695e-09 1.9592e-08
16.65 1.86574e-09 1.87848e-08
16.675 1.80535e-09 1.79998e-08
16.7 1.74584e-09 1.72369e-08
16.725 1.68725e-09 1.64963e-08
16.75 1.62964e-09 1.57779e-08
16.775 1.57303e-09 1.50816e-08
16.8 1.51748e-09 1.44073e-08
16.825 1.463e-09 1.3755e-08
16.85 1.40964e-09 1.31243e-08
16.875 1.35742e-09 1.25151e-08
16.9 1.30636e-09 1.19271e-08
16.925 1.25649e-09 1.136e-08
16.95 1.2078e-09 1.08135e-08
16.975 1.16034e-09 1.02874e-08
17 1.11409e-09 9.78108e-09
17.025 1.06906e-09 9.29433e-09
17.05 1.02527e-09 8.82671e-09
17.075 9.82717e-10 8.37779e-09
17.1 9.41392e-10 7.94716e-09
17.125 9.01296e-10 7.53436e-09
17.15 8.62423e-10 7.13895e-09
17.175 8.24766e-10 6.76045e-09
17.2 7.88314e-10 6.39842e-09
17.225 7.53057e-10 6.05237e-09
17.25 7.1898e-10 5.72182e-09
17.275 6.86069e-10 5.40631e-09
17.3 6.54307e-10 5.10535e-09
17.325 6.23677e-10 4.81848e-09
17.35 5.94159e-10 4.54521e-09
17.375 5.65734e-10 4.28507e-09
17.4 5.38381e-10 4.0376e-09
17.425 5.12077e-10 3.80234e-09
17.45 4.868e-10 3.57883e-09
17.475 4.62526e-10 3.36662e-09
17.5 4.39231e-10 3.16527e-09
17.525 4.16891e-10 2.97435e-09
17.55 3.95481e-10 2.79344e-09
17.575 3.74976e-10 2.62211e-09
17.6 3.5535e-10 2.45997e-09
17.625 3.36579e-10 2.30661e-09
17.65 3.18635e-10 2.16166e-09
17.675 3.01494e-10 2.02473e-09
17.7 2.85131e-10 1.89546e-09
17.725 2.69519e-10 1.7735e-09
17.75 2.54634e-10 1.6585e-09
17.775 2.4045e-10 1.55014e-09
17.8 2.26942e-10 1.44809e-09
17.825 2.14087e-10 1.35204e-09
17.85 2.0186e-10 1.2617e-09
17.875 1.90237e-10 1.17677e-09
17.9 1.79195e-10 1.09698e-09
17.925 1.68712e-10 1.02206e-09
17.95 1.58764e-10 9.51762e-10
17.975 1.4933e-10 8.8583e-10
18 1.40389e-10 8.24033e-10
18.025 1.3192e-10 7.66145e-10
18.05 1.23902e-10 7.11951e-10
18.075 1.16315e-10 6.61244e-10
18.1 1.09141e-10 6.13827e-10
18.125 1.02361e-10 5.69513e-10
18.15 9.59563e-11 5.28121e-10
18.175 8.99101e-11 4.89482e-10
18.2 8.42053e-11 4.53433e-10
18.225 7.88255e-11 4.19819e-10
18.25 7.3755e-11 3.88494e-10
18.275 6.89786e-11 3.59318e-10
18.3 6.44816e-11 3.3216e-10
18.325 6.02499e-11 3.06894e-10
18.35 5.62701e-11 2.83401e-10
18.375 5.2529e-11 2.6157e-10
18.4 4.90143e-11 2.41293e-10
18.425 4.57139e-11 2.22472e-10
18.45 4.26164e-11 2.05011e-10
18.475 3.97108e-11 1.88822e-10
18.5 3.69866e-11 1.73819e-10
18.525 3.44338e-11 1.59924e-10
18.55 3.20428e-11 1.47062e-10
18.575 2.98046e-11 1.35163e-10
18.6 2.77104e-11 1.2416e-10
18.625 2.57518e-11 1.13993e-10
18.65 2.39212e-11 1.04603e-10
18.675 2.22108e-11 9.59347e-11
18.7 2.06137e-11 8.79378e-11
18.725 1.91231e-11 8.05643e-11
18.75 1.77325e-11 7.37693e-11
18.775 1.64359e-11 6.7511e-11
18.8 1.52274e-11 6.17501e-11
18.825 1.41017e-11 5.64501e-11
18.85 1.30536e-11 5.15769e-11
18.875 1.20782e-11 4.70985e-11
18.9 1.11709e-11 4.29853e-11
18.925 1.03273e-11 3.92097e-11
18.95 9.54339e-12 3.57458e-11
18.975 8.81521e-12 3.25697e-11
19 8.13913e-12 2.96592e-11
19.025 7.51173e-12 2.69936e-11
19.05 6.92978e-12 2.45536e-11
19.075 6.39022e-12 2.23214e-11
19.1 5.8902e-12 2.02805e-11
19.125 5.42704e-12 1.84156e-11
19.15 4.99821e-12 1.67124e-11
19.175 4.60135e-12 1.51578e-11
19.2 4.23425e-12 1.37398e-11
19.225 3.89483e-12 1.24469e-11
19.25 3.58113e-12 1.1269e-11
19.275 3.29135e-12 1.01964e-11
19.3 3.02378e-12 9.22018e-12
19.325 2.77682e-12 8.33232e-12
19.35 2.54899e-12 7.52526e-12
19.375 2.33891e-12 6.7921e-12
19.4 2.14526e-12 6.12646e-12
19.425 1.96685e-12 5.52251e-12
19.45 1.80256e-12 4.97485e-12
19.475 1.65132e-12 4.47855e-12
19.5 1.51216e-12 4.02907e-12
19.525 1.38417e-12 3.62225e-12
19.55 1.26651e-12 3.25427e-12
19.575 1.15839e-12 2.92163e-12
19.6 1.05908e-12 2.62115e-12
19.625 9.67898e-13 2.34987e-12
19.65 8.84216e-13 2.10514e-12
19.675 8.07451e-13 1.88449e-12
19.7 7.37059e-13 1.68569e-12
19.725 6.72539e-13 1.5067e-12
19.75 6.13427e-13 1.34565e-12
19.775 5.59291e-13 1.20086e-12
19.8 5.09734e-13 1.07076e-12
19.825 4.64387e-13 9.53954e-13
19.85 4.2291e-13 8.49159e-13
19.875 3.84988e-13 7.5521e-13
19.9 3.50331e-13 6.71048e-13
19.925 3.18671e-13 5.95709e-13
19.95 2.89761e-13 5.28323e-13
19.975 2.63372e-13 4.68098e-13
20 2.39294e-13 4.14316e-13
