0 0.140934 0.150724 -0.0467861 0.0519688
0.025 0.140934 0.150724 -0.0467861 0.0519688
0.05 0.140934 0.150724 -0.0467495 0.0519872
0.075 0.140934 0.150724 -0.0466886 0.0520178
0.1 0.140934 0.150725 -0.0466037 0.0520605
0.125 0.140934 0.150726 -0.0464948 0.0521154
0.15 0.140934 0.150727 -0.0463624 0.0521821
0.175 0.140934 0.150728 -0.0462067 0.0522606
0.2 0.140934 0.15073 -0.0460283 0.0523508
0.225 0.140935 0.150732 -0.0458275 0.0524523
0.25 0.140937 0.150735 -0.0456049 0.0525651
0.275 0.140939 0.150739 -0.0453611 0.0526888
0.3 0.140942 0.150743 -0.0450968 0.0528233
0.325 0.140945 0.150749 -0.0448126 0.052968
0.35 0.14095 0.150755 -0.0445094 0.0531229
0.375 0.140956 0.150763 -0.0441878 0.0532875
0.4 0.140963 0.150772 -0.0438489 0.0534615
0.425 0.140972 0.150782 -0.0434934 0.0536445
0.45 0.140983 0.150794 -0.0431223 0.053836
0.475 0.140995 0.150808 -0.0427366 0.0540357
0.5 0.141009 0.150824 -0.0423372 0.0542432
0.525 0.141026 0.150841 -0.0419253 0.0544579
0.55 0.141044 0.150861 -0.0415018 0.0546795
0.575 0.141065 0.150883 -0.0410679 0.0549073
0.6 0.141089 0.150907 -0.0406246 0.055141
0.625 0.141115 0.150933 -0.0401731 0.05538
0.65 0.141144 0.150962 -0.0397145 0.0556238
0.675 0.141176 0.150993 -0.0392499 0.0558718
0.7 0.141211 0.151028 -0.0387806 0.0561235
0.725 0.141249 0.151064 -0.0383076 0.0563783
0.75 0.14129 0.151104 -0.0378321 0.0566358
0.775 0.141335 0.151146 -0.0373553 0.0568953
0.8 0.141382 0.151191 -0.0368783 0.0571562
0.825 0.141433 0.151238 -0.0364022 0.057418
0.85 0.141486 0.151288 -0.0359281 0.0576802
0.875 0.141543 0.151341 -0.0354572 0.0579421
0.9 0.141603 0.151397 -0.0349904 0.0582031
0.925 0.141666 0.151455 -0.034529 0.0584628
0.95 0.141731 0.151515 -0.0340737 0.0587206
0.975 0.1418 0.151577 -0.0336258 0.0589758
1 0.141871 0.151642 -0.033186 0.059228
1.025 0.141944 0.151709 -0.0327554 0.0594767
1.05 0.14202 0.151777 -0.0323349 0.0597212
1.075 0.142098 0.151847 -0.0319251 0.0599611
1.1 0.142177 0.151919 -0.0315271 0.060196
1.125 0.142259 0.151992 -0.0311414 0.0604252
1.15 0.142341 0.152066 -0.0307689 0.0606484
1.175 0.142425 0.15214 -0.0304102 0.060865
1.2 0.14251 0.152215 -0.0300658 0.0610748
1.225 0.142595 0.152291 -0.0297364 0.0612772
1.25 0.142681 0.152366 -0.0294224 0.0614718
1.275 0.142767 0.152441 -0.0291243 0.0616584
1.3 0.142852 0.152516 -0.0288425 0.0618366
1.325 0.142936 0.152589 -0.0285773 0.0620061
1.35 0.14302 0.152662 -0.028329 0.0621665
1.375 0.143102 0.152733 -0.0280979 0.0623177
1.4 0.143182 0.152803 -0.027884 0.0624593
1.425 0.143261 0.15287 -0.0276875 0.0625913
1.45 0.143337 0.152935 -0.0275085 0.0627134
1.475 0.14341 0.152998 -0.027347 0.0628255
1.5 0.143481 0.153058 -0.0272029 0.0629275
1.525 0.143548 0.153115 -0.027076 0.0630193
1.55 0.143611 0.153168 -0.0269663 0.0631009
1.575 0.14367 0.153218 -0.0268735 0.0631723
1.6 0.143725 0.153264 -0.0267974 0.0632334
1.625 0.143776 0.153306 -0.0267375 0.0632844
1.65 0.143822 0.153344 -0.0266937 0.0633253
1.675 0.143863 0.153378 -0.0266654 0.0633563
1.7 0.143899 0.153407 -0.0266522 0.0633774
1.725 0.143929 0.153432 -0.0266535 0.063389
1.75 0.143954 0.153451 -0.026669 0.0633912
1.775 0.143974 0.153466 -0.0266979 0.0633842
1.8 0.143987 0.153476 -0.0267396 0.0633683
1.825 0.143995 0.153482 -0.0267936 0.063344
1.85 0.143997 0.153482 -0.0268591 0.0633113
1.875 0.143993 0.153477 -0.0269354 0.0632709
1.9 0.143983 0.153468 -0.0270217 0.063223
1.925 0.143967 0.153453 -0.0271174 0.063168
1.95 0.143946 0.153435 -0.0272217 0.0631065
1.975 0.143918 0.153411 -0.0273336 0.0630388
2 0.143886 0.153383 -0.0274525 0.0629655
2.025 0.143847 0.153352 -0.0275775 0.062887
2.05 0.143804 0.153316 -0.0277078 0.0628039
2.075 0.143756 0.153276 -0.0278425 0.0627168
2.1 0.143703 0.153233 -0.0279807 0.0626262
2.125 0.143646 0.153187 -0.0281217 0.0625326
2.15 0.143585 0.153138 -0.0282646 0.0624367
2.175 0.14352 0.153087 -0.0284086 0.062339
2.2 0.143453 0.153033 -0.0285528 0.0622402
2.225 0.143382 0.152978 -0.0286964 0.0621408
2.25 0.143309 0.152922 -0.0288387 0.0620415
2.275 0.143234 0.152865 -0.0289787 0.0619429
2.3 0.143158 0.152807 -0.0291159 0.0618456
2.325 0.143081 0.15275 -0.0292493 0.0617501
2.35 0.143004 0.152693 -0.0293784 0.0616572
2.375 0.142927 0.152637 -0.0295024 0.0615674
2.4 0.142851 0.152583 -0.0296206 0.0614812
2.425 0.142777 0.152531 -0.0297324 0.0613994
2.45 0.142704 0.152482 -0.0298372 0.0613223
2.475 0.142635 0.152436 -0.0299345 0.0612507
2.5 0.142569 0.152394 -0.0300236 0.061185
2.525 0.142507 0.152356 -0.0301042 0.0611257
2.55 0.142449 0.152322 -0.0301757 0.0610734
2.575 0.142397 0.152295 -0.0302377 0.0610284
2.6 0.142351 0.152273 -0.0302899 0.0609914
2.625 0.142312 0.152257 -0.030332 0.0609626
2.65 0.14228 0.152248 -0.0303635 0.0609425
2.675 0.142255 0.152247 -0.0303844 0.0609314
2.7 0.142239 0.152254 -0.0303943 0.0609297
2.725 0.142232 0.152269 -0.0303931 0.0609377
2.75 0.142235 0.152292 -0.0303808 0.0609556
2.775 0.142248 0.152325 -0.0303572 0.0609838
2.8 0.142271 0.152367 -0.0303223 0.0610223
2.825 0.142306 0.152419 -0.0302761 0.0610714
2.85 0.142352 0.152481 -0.0302187 0.0611311
2.875 0.14241 0.152553 -0.0301502 0.0612016
2.9 0.142481 0.152637 -0.0300706 0.061283
2.925 0.142564 0.152731 -0.0299803 0.0613752
2.95 0.14266 0.152836 -0.0298793 0.0614781
2.975 0.14277 0.152952 -0.0297681 0.0615919
3 0.142892 0.153079 -0.0296467 0.0617162
3.025 0.143029 0.153218 -0.0295156 0.061851
3.05 0.143179 0.153367 -0.0293752 0.0619962
3.075 0.143342 0.153528 -0.0292257 0.0621514
3.1 0.14352 0.1537 -0.0290676 0.0623163
3.125 0.14371 0.153883 -0.0289014 0.0624908
3.15 0.143915 0.154076 -0.0287275 0.0626744
3.175 0.144132 0.15428 -0.0285464 0.0628668
3.2 0.144362 0.154494 -0.0283585 0.0630675
3.225 0.144605 0.154717 -0.0281644 0.0632761
3.25 0.14486 0.154949 -0.0279647 0.0634921
3.275 0.145127 0.15519 -0.0277598 0.063715
3.3 0.145405 0.155439 -0.0275504 0.0639441
3.325 0.145694 0.155695 -0.0273369 0.064179
3.35 0.145992 0.155958 -0.02712 0.0644189
3.375 0.1463 0.156227 -0.0269001 0.0646632
3.4 0.146616 0.156501 -0.0266779 0.0649113
3.425 0.14694 0.156779 -0.0264539 0.0651625
3.45 0.14727 0.157061 -0.0262287 0.0654159
3.475 0.147605 0.157345 -0.0260029 0.0656709
3.5 0.147946 0.15763 -0.0257768 0.0659267
3.525 0.148289 0.157916 -0.0255512 0.0661824
3.55 0.148635 0.158201 -0.0253264 0.0664373
3.575 0.148982 0.158484 -0.025103 0.0666905
3.6 0.149329 0.158764 -0.0248814 0.0669412
3.625 0.149674 0.159039 -0.0246622 0.0671885
3.65 0.150016 0.159309 -0.0244457 0.0674316
3.675 0.150353 0.159571 -0.0242323 0.0676696
3.7 0.150685 0.159826 -0.0240225 0.0679015
3.725 0.151009 0.16007 -0.0238165 0.0681267
3.75 0.151324 0.160303 -0.0236148 0.068344
3.775 0.151629 0.160523 -0.0234175 0.0685527
3.8 0.151921 0.160729 -0.0232251 0.068752
3.825 0.1522 0.160919 -0.0230377 0.0689408
3.85 0.152463 0.161092 -0.0228556 0.0691184
3.875 0.15271 0.161247 -0.0226789 0.0692839
3.9 0.152937 0.161381 -0.0225079 0.0694364
3.925 0.153144 0.161493 -0.0223425 0.0695752
3.95 0.15333 0.161582 -0.0221829 0.0696993
3.975 0.153491 0.161646 -0.0220293 0.0698081
4 0.153627 0.161683 -0.0218815 0.0699008
4.025 0.153736 0.161693 -0.0217396 0.0699765
4.05 0.153816 0.161673 -0.0216036 0.0700345
4.075 0.153866 0.161622 -0.0214735 0.0700743
4.1 0.153885 0.161539 -0.021349 0.070095
4.125 0.15387 0.161422 -0.0212302 0.070096
4.15 0.15382 0.16127 -0.0211169 0.0700768
4.175 0.153734 0.161082 -0.0210089 0.0700367
4.2 0.15361 0.160856 -0.0209061 0.0699751
4.225 0.153447 0.160592 -0.0208082 0.0698917
4.25 0.153244 0.160287 -0.020715 0.0697858
4.275 0.153 0.159941 -0.0206262 0.0696571
4.3 0.152713 0.159552 -0.0205417 0.0695052
4.325 0.152382 0.159121 -0.0204611 0.0693297
4.35 0.152006 0.158645 -0.0203841 0.0691303
4.375 0.151585 0.158124 -0.0203105 0.0689067
4.4 0.151118 0.157557 -0.0202398 0.0686587
4.425 0.150603 0.156944 -0.0201719 0.0683861
4.45 0.15004 0.156284 -0.0201063 0.0680888
4.475 0.149429 0.155576 -0.0200426 0.0677667
4.5 0.148768 0.15482 -0.0199807 0.0674197
4.525 0.148059 0.154016 -0.01992 0.0670479
4.55 0.1473 0.153163 -0.0198604 0.0666512
4.575 0.146491 0.152261 -0.0198013 0.0662298
4.6 0.145632 0.15131 -0.0197425 0.0657838
4.625 0.144723 0.15031 -0.0196836 0.0653133
4.65 0.143764 0.149262 -0.0196244 0.0648187
4.675 0.142756 0.148165 -0.0195644 0.0643002
4.7 0.141698 0.147019 -0.0195033 0.0637581
4.725 0.140592 0.145826 -0.0194409 0.0631927
4.75 0.139437 0.144586 -0.0193768 0.0626045
4.775 0.138235 0.143299 -0.0193107 0.061994
4.8 0.136985 0.141965 -0.0192423 0.0613615
4.825 0.13569 0.140587 -0.0191715 0.0607077
4.85 0.134349 0.139164 -0.0190978 0.0600331
4.875 0.132964 0.137698 -0.0190212 0.0593382
4.9 0.131535 0.136189 -0.0189413 0.0586239
4.925 0.130064 0.134639 -0.018858 0.0578906
4.95 0.128553 0.133049 -0.0187711 0.0571392
4.975 0.127002 0.131421 -0.0186803 0.0563703
5 0.125413 0.129755 -0.0185856 0.0555847
5.025 0.123788 0.128053 -0.0184867 0.0547833
5.05 0.122127 0.126317 -0.0183837 0.0539668
5.075 0.120433 0.124548 -0.0182762 0.0531361
5.1 0.118707 0.122748 -0.0181644 0.052292
5.125 0.116951 0.120919 -0.0180481 0.0514355
5.15 0.115167 0.119062 -0.0179272 0.0505674
5.175 0.113356 0.117179 -0.0178017 0.0496886
5.2 0.111521 0.115272 -0.0176716 0.0488001
5.225 0.109663 0.113343 -0.0175368 0.0479028
5.25 0.107784 0.111393 -0.0173975 0.0469977
5.275 0.105886 0.109425 -0.0172535 0.0460857
5.3 0.103971 0.107441 -0.017105 0.0451678
5.325 0.102042 0.105442 -0.016952 0.0442448
5.35 0.100099 0.10343 -0.0167946 0.0433179
5.375 0.0981458 0.101409 -0.0166328 0.0423879
5.4 0.0961834 0.0993782 -0.0164667 0.0414557
5.425 0.094214 0.0973413 -0.0162965 0.0405224
5.45 0.0922396 0.0952999 -0.0161222 0.0395888
5.475 0.0902622 0.0932559 -0.015944 0.0386559
5.5 0.0882837 0.0912112 -0.015762 0.0377246
5.525 0.086306 0.0891678 -0.0155763 0.0367957
5.55 0.084331 0.0871275 -0.0153871 0.0358702
5.575 0.0823605 0.0850923 -0.0151946 0.0349489
5.6 0.0803964 0.0830639 -0.0149988 0.0340325
5.625 0.0784404 0.0810442 -0.0148001 0.033122
5.65 0.0764943 0.0790348 -0.0145985 0.0322182
5.675 0.0745598 0.0770375 -0.0143942 0.0313217
5.7 0.0726384 0.075054 -0.0141874 0.0304333
5.725 0.0707318 0.0730858 -0.0139783 0.0295537
5.75 0.0688415 0.0711344 -0.0137671 0.0286837
5.775 0.0669689 0.0692014 -0.0135539 0.0278238
5.8 0.0651154 0.0672882 -0.013339 0.0269746
5.825 0.0632824 0.0653961 -0.0131225 0.0261368
5.85 0.0614712 0.0635265 -0.0129046 0.0253109
5.875 0.0596829 0.0616805 -0.0126856 0.0244975
5.9 0.0579187 0.0598594 -0.0124655 0.0236969
5.925 0.0561797 0.0580641 -0.0122447 0.0229097
5.95 0.0544668 0.0562958 -0.0120232 0.0221363
5.975 0.052781 0.0545555 -0.0118013 0.0213771
6 0.0511232 0.0528438 -0.011579 0.0206324
6.025 0.0494942 0.0511618 -0.0113567 0.0199025
6.05 0.0478946 0.0495102 -0.0111345 0.0191878
6.075 0.0463251 0.0478895 -0.0109126 0.0184885
6.1 0.0447863 0.0463004 -0.010691 0.0178047
6.125 0.0432788 0.0447435 -0.0104701 0.0171367
6.15 0.0418029 0.0432193 -0.0102499 0.0164847
6.175 0.0403591 0.041728 -0.0100306 0.0158487
6.2 0.0389477 0.04027 -0.0098123 0.0152289
6.225 0.0375689 0.0388457 -0.00959522 0.0146252
6.25 0.0362229 0.0374552 -0.00937948 0.0140379
6.275 0.0349099 0.0360986 -0.0091652 0.0134667
6.3 0.0336299 0.0347761 -0.00895252 0.0129118
6.325 0.032383 0.0334877 -0.00874156 0.0123731
6.35 0.0311691 0.0322333 -0.00853244 0.0118504
6.375 0.0299882 0.0310129 -0.00832528 0.0113438
6.4 0.02884 0.0298263 -0.00812019 0.010853
6.425 0.0277245 0.0286733 -0.00791727 0.010378
6.45 0.0266414 0.0275538 -0.00771662 0.00991857
6.475 0.0255904 0.0264674 -0.00751833 0.00947452
6.5 0.0245713 0.0254138 -0.0073225 0.00904565
6.525 0.0235836 0.0243927 -0.00712921 0.00863175
6.55 0.022627 0.0234037 -0.00693853 0.0082326
6.575 0.0217011 0.0224464 -0.00675054 0.00784793
6.6 0.0208054 0.0215203 -0.0065653 0.00747749
6.625 0.0199395 0.0206249 -0.00638289 0.007121
6.65 0.0191029 0.0197597 -0.00620335 0.00677818
6.675 0.018295 0.0189242 -0.00602675 0.00644874
6.7 0.0175153 0.0181179 -0.00585312 0.00613237
6.725 0.0167632 0.01734 -0.00568252 0.00582876
6.75 0.0160382 0.0165902 -0.00551497 0.0055376
6.775 0.0153397 0.0158677 -0.00535053 0.00525857
6.8 0.014667 0.0151719 -0.00518921 0.00499133
6.825 0.0140196 0.0145021 -0.00503104 0.00473556
6.85 0.0133967 0.0138579 -0.00487604 0.00449092
6.875 0.0127979 0.0132384 -0.00472423 0.00425709
6.9 0.0122224 0.0126431 -0.00457561 0.00403373
6.925 0.0116696 0.0120712 -0.00443021 0.0038205
6.95 0.011139 0.0115222 -0.00428802 0.00361708
6.975 0.0106297 0.0109953 -0.00414904 0.00342313
7 0.0101412 0.0104899 -0.00401327 0.00323832
7.025 0.00967289 0.0100054 -0.00388071 0.00306233
7.05 0.00922409 0.00954102 -0.00375134 0.00289484
7.075 0.00879418 0.00909622 -0.00362515 0.00273553
7.1 0.00838255 0.00867031 -0.00350212 0.00258409
7.125 0.00798857 0.00826266 -0.00338223 0.00244021
7.15 0.00761165 0.00787265 -0.00326546 0.00230359
7.175 0.00725118 0.00749967 -0.00315179 0.00217394
7.2 0.00690658 0.0071431 -0.00304118 0.00205096
7.225 0.00657727 0.00680235 -0.00293361 0.00193437
7.25 0.00626269 0.00647684 -0.00282904 0.0018239
7.275 0.00596229 0.00616599 -0.00272743 0.00171928
7.3 0.00567551 0.00586924 -0.00262876 0.00162024
7.325 0.00540184 0.00558605 -0.00253296 0.00152654
7.35 0.00514075 0.00531588 -0.00244002 0.00143793
7.375 0.00489174 0.00505822 -0.00234988 0.00135417
7.4 0.00465433 0.00481255 -0.00226249 0.00127503
7.425 0.00442804 0.00457838 -0.00217781 0.00120028
7.45 0.0042124 0.00435524 -0.0020958 0.00112972
7.475 0.00400696 0.00414266 -0.00201639 0.00106313
7.5 0.0038113 0.00394019 -0.00193955 0.00100032
7.525 0.00362499 0.0037474 -0.00186523 0.000941085
7.55 0.00344762 0.00356386 -0.00179336 0.000885252
7.575 0.00327881 0.00338917 -0.00172389 0.000832639
7.6 0.00311816 0.00322294 -0.00165678 0.000783078
7.625 0.00296532 0.00306478 -0.00159196 0.000736406
7.65 0.00281993 0.00291433 -0.00152939 0.000692467
7.675 0.00268165 0.00277124 -0.00146901 0.000651113
7.7 0.00255015 0.00263517 -0.00141077 0.000612202
7.725 0.00242513 0.0025058 -0.0013546 0.000575598
7.75 0.00230627 0.0023828 -0.00130046 0.000541173
7.775 0.00219328 0.00226589 -0.00124828 0.000508802
7.8 0.00208589 0.00215477 -0.00119803 0.000478371
7.825 0.00198383 0.00204916 -0.00114963 0.000449766
7.85 0.00188685 0.00194881 -0.00110304 0.000422884
7.875 0.00179469 0.00185345 -0.00105821 0.000397622
7.9 0.00170713 0.00176285 -0.00101508 0.000373888
7.925 0.00162394 0.00167677 -0.000973594 0.00035159
7.95 0.00154491 0.001595 -0.00093371 0.000330644
7.975 0.00146982 0.00151731 -0.000895372 0.000310969
8 0.00139849 0.00144351 -0.000858532 0.000292488
8.025 0.00133073 0.0013734 -0.00082314 0.000275129
8.05 0.00126636 0.0013068 -0.000789148 0.000258826
8.075 0.00120521 0.00124353 -0.000756508 0.000243513
8.1 0.00114712 0.00118343 -0.000725174 0.00022913
8.125 0.00109193 0.00112634 -0.000695101 0.00021562
8.15 0.0010395 0.0010721 -0.000666243 0.000202929
8.175 0.000989686 0.00102057 -0.000638558 0.000191008
8.2 0.000942358 0.000971617 -0.000612002 0.000179807
8.225 0.000897389 0.000925103 -0.000586535 0.000169284
8.25 0.000854658 0.000880907 -0.000562116 0.000159395
8.275 0.000814052 0.00083891 -0.000538706 0.000150102
8.3 0.000775461 0.000799 -0.000516267 0.000141367
8.325 0.000738782 0.000761071 -0.000494761 0.000133155
8.35 0.000703918 0.000725021 -0.000474152 0.000125435
8.375 0.000670776 0.000690754 -0.000454405 0.000118174
8.4 0.000639267 0.000658179 -0.000435486 0.000111346
8.425 0.000609309 0.000627208 -0.000417363 0.000104923
8.45 0.00058082 0.000597761 -0.000400004 9.88787e-05
8.475 0.000553726 0.000569759 -0.000383377 9.31911e-05
8.5 0.000527957 0.000543128 -0.000367453 8.78376e-05
8.525 0.000503443 0.000517798 -0.000352203 8.27976e-05
8.55 0.00048012 0.000493703 -0.0003376 7.80518e-05
8.575 0.000457929 0.000470779 -0.000323615 7.3582e-05
8.6 0.000436811 0.000448968 -0.000310225 6.93714e-05
8.625 0.000416711 0.000428211 -0.000297403 6.5404e-05
8.65 0.000397579 0.000408456 -0.000285125 6.16652e-05
8.675 0.000379363 0.000389652 -0.000273369 5.81411e-05
8.7 0.000362019 0.00037175 -0.000262113 5.48187e-05
8.725 0.000345503 0.000354705 -0.000251334 5.16858e-05
8.75 0.000329771 0.000338474 -0.000241012 4.87312e-05
8.775 0.000314786 0.000323016 -0.000231128 4.59442e-05
8.8 0.000300508 0.000308292 -0.000221662 4.33149e-05
8.825 0.000286904 0.000294264 -0.000212596 4.08341e-05
8.85 0.000273939 0.000280899 -0.000203913 3.8493e-05
8.875 0.000261582 0.000268164 -0.000195597 3.62835e-05
8.9 0.000249802 0.000256026 -0.00018763 3.41979e-05
8.925 0.00023857 0.000244456 -0.000179998 3.22292e-05
8.95 0.00022786 0.000233427 -0.000172685 3.03706e-05
8.975 0.000217646 0.000222911 -0.000165679 2.86159e-05
9 0.000207904 0.000212883 -0.000158965 2.69592e-05
9.025 0.00019861 0.000203319 -0.00015253 2.53949e-05
9.05 0.000189743 0.000194198 -0.000146362 2.3918e-05
9.075 0.000181282 0.000185496 -0.000140449 2.25235e-05
9.1 0.000173207 0.000177194 -0.000134781 2.12068e-05
9.125 0.000165499 0.000169273 -0.000129345 1.99638e-05
9.15 0.000158142 0.000161713 -0.000124133 1.87902e-05
9.175 0.000151118 0.000154498 -0.000119133 1.76824e-05
9.2 0.000144412 0.000147611 -0.000114338 1.66368e-05
9.225 0.000138007 0.000141037 -0.000109737 1.565e-05
9.25 0.000131891 0.00013476 -0.000105323 1.47188e-05
9.275 0.000126049 0.000128767 -0.000101087 1.38402e-05
9.3 0.000120468 0.000123044 -9.7021e-05 1.30114e-05
9.325 0.000115137 0.000117578 -9.31185e-05 1.22297e-05
9.35 0.000110044 0.000112357 -8.93721e-05 1.14926e-05
9.375 0.000105177 0.000107371 -8.57751e-05 1.07978e-05
9.4 0.000100526 0.000102607 -8.23211e-05 1.01429e-05
9.425 9.60808e-05 9.80557e-05 -7.90041e-05 9.52581e-06
9.45 9.18327e-05 9.37073e-05 -7.58182e-05 8.94453e-06
9.475 8.77722e-05 8.95523e-05 -7.2758e-05 8.39713e-06
9.5 8.38909e-05 8.55818e-05 -6.98182e-05 7.88179e-06
9.525 8.01805e-05 8.17874e-05 -6.69938e-05 7.39678e-06
9.55 7.66334e-05 7.8161e-05 -6.42801e-05 6.94048e-06
9.575 7.32422e-05 7.46951e-05 -6.16724e-05 6.51132e-06
9.6 6.99999e-05 7.13823e-05 -5.91666e-05 6.10784e-06
9.625 6.68997e-05 6.82157e-05 -5.67585e-05 5.72863e-06
9.65 6.39355e-05 6.51888e-05 -5.44441e-05 5.37237e-06
9.675 6.11011e-05 6.22953e-05 -5.22198e-05 5.03779e-06
9.7 5.83907e-05 5.95292e-05 -5.00819e-05 4.72369e-06
9.725 5.5799e-05 5.68849e-05 -4.8027e-05 4.42892e-06
9.75 5.33206e-05 5.43568e-05 -4.6052e-05 4.15241e-06
9.775 5.09507e-05 5.194e-05 -4.41537e-05 3.89313e-06
9.8 4.86844e-05 4.96294e-05 -4.23292e-05 3.65009e-06
9.825 4.65172e-05 4.74204e-05 -4.05757e-05 3.42236e-06
9.85 4.44449e-05 4.53085e-05 -3.88904e-05 3.20907e-06
9.875 4.24633e-05 4.32895e-05 -3.72708e-05 3.00936e-06
9.9 4.05685e-05 4.13592e-05 -3.57144e-05 2.82244e-06
9.925 3.87567e-05 3.95139e-05 -3.42188e-05 2.64757e-06
9.95 3.70244e-05 3.77499e-05 -3.27819e-05 2.484e-06
9.975 3.53682e-05 3.60635e-05 -3.14013e-05 2.33107e-06
10 3.37847e-05 3.44514e-05 -3.00752e-05 2.18813e-06
10.025 3.22709e-05 3.29105e-05 -2.88014e-05 2.05457e-06
10.05 3.08238e-05 3.14376e-05 -2.7578e-05 1.9298e-06
10.075 2.94406e-05 3.00299e-05 -2.64033e-05 1.81328e-06
10.1 2.81185e-05 2.86844e-05 -2.52754e-05 1.70448e-06
10.125 2.68549e-05 2.73986e-05 -2.41927e-05 1.60292e-06
10.15 2.56474e-05 2.61698e-05 -2.31536e-05 1.50813e-06
10.175 2.44935e-05 2.49957e-05 -2.21563e-05 1.41967e-06
10.2 2.3391e-05 2.38738e-05 -2.11996e-05 1.33712e-06
10.225 2.23376e-05 2.2802e-05 -2.02818e-05 1.26011e-06
10.25 2.13314e-05 2.1778e-05 -1.94015e-05 1.18825e-06
10.275 2.03703e-05 2.07999e-05 -1.85575e-05 1.1212e-06
10.3 1.94524e-05 1.98657e-05 -1.77484e-05 1.05863e-06
10.325 1.85758e-05 1.89734e-05 -1.69729e-05 1.00025e-06
10.35 1.77387e-05 1.81214e-05 -1.62299e-05 9.4576e-07
10.375 1.69396e-05 1.73078e-05 -1.5518e-05 8.9489e-07
10.4 1.61768e-05 1.65311e-05 -1.48363e-05 8.47387e-07
10.425 1.54486e-05 1.57895e-05 -1.41835e-05 8.03015e-07
10.45 1.47537e-05 1.50817e-05 -1.35586e-05 7.61552e-07
10.475 1.40907e-05 1.44062e-05 -1.29606e-05 7.2279e-07
10.5 1.3458e-05 1.37615e-05 -1.23885e-05 6.86535e-07
10.525 1.28545e-05 1.31464e-05 -1.18412e-05 6.52606e-07
10.55 1.22788e-05 1.25595e-05 -1.13179e-05 6.20834e-07
10.575 1.17298e-05 1.19997e-05 -1.08176e-05 5.91062e-07
10.6 1.12062e-05 1.14657e-05 -1.03394e-05 5.63144e-07
10.625 1.07071e-05 1.09564e-05 -9.88254e-06 5.36942e-07
10.65 1.02312e-05 1.04708e-05 -9.44612e-06 5.12332e-07
10.675 9.77757e-06 1.00077e-05 -9.02934e-06 4.89195e-07
10.7 9.34524e-06 9.56627e-06 -8.63142e-06 4.67422e-07
10.725 8.93325e-06 9.14544e-06 -8.25162e-06 4.46913e-07
10.75 8.54067e-06 8.74434e-06 -7.88919e-06 4.27574e-07
10.775 8.16664e-06 8.36206e-06 -7.54343e-06 4.09319e-07
10.8 7.81033e-06 7.99778e-06 -7.21364e-06 3.92068e-07
10.825 7.47091e-06 7.65067e-06 -6.89917e-06 3.75746e-07
10.85 7.14763e-06 7.31995e-06 -6.59937e-06 3.60287e-07
10.875 6.83974e-06 7.00487e-06 -6.31362e-06 3.45626e-07
10.9 6.54652e-06 6.70473e-06 -6.04131e-06 3.31707e-07
10.925 6.26729e-06 6.41882e-06 -5.78187e-06 3.18475e-07
10.95 6.00141e-06 6.14648e-06 -5.53472e-06 3.05882e-07
10.975 5.74823e-06 5.88709e-06 -5.29933e-06 2.93882e-07
11 5.50716e-06 5.64003e-06 -5.07516e-06 2.82435e-07
11.025 5.27763e-06 5.40472e-06 -4.86172e-06 2.715e-07
11.05 5.05906e-06 5.18061e-06 -4.65852e-06 2.61045e-07
11.075 4.85095e-06 4.96714e-06 -4.46507e-06 2.51035e-07
11.1 4.65277e-06 4.76382e-06 -4.28094e-06 2.41442e-07
11.125 4.46405e-06 4.57015e-06 -4.10567e-06 2.32239e-07
11.15 4.28431e-06 4.38566e-06 -3.93886e-06 2.234e-07
11.175 4.11311e-06 4.20989e-06 -3.78008e-06 2.14902e-07
11.2 3.95003e-06 4.04242e-06 -3.62897e-06 2.06725e-07
11.225 3.79466e-06 3.88283e-06 -3.48513e-06 1.98849e-07
11.25 3.64661e-06 3.73073e-06 -3.34822e-06 1.91256e-07
11.275 3.50552e-06 3.58575e-06 -3.21789e-06 1.8393e-07
11.3 3.37101e-06 3.44752e-06 -3.09381e-06 1.76857e-07
11.325 3.24277e-06 3.3157e-06 -2.97566e-06 1.70022e-07
11.35 3.12047e-06 3.18996e-06 -2.86313e-06 1.63413e-07
11.375 3.00379e-06 3.06999e-06 -2.75596e-06 1.57018e-07
11.4 2.89245e-06 2.9555e-06 -2.65384e-06 1.50828e-07
11.425 2.78617e-06 2.84619e-06 -2.55653e-06 1.44832e-07
11.45 2.68469e-06 2.74181e-06 -2.46377e-06 1.39022e-07
11.475 2.58776e-06 2.64209e-06 -2.37531e-06 1.33389e-07
11.5 2.49513e-06 2.54679e-06 -2.29094e-06 1.27926e-07
11.525 2.40658e-06 2.45569e-06 -2.21043e-06 1.22627e-07
11.55 2.32189e-06 2.36855e-06 -2.13358e-06 1.17485e-07
11.575 2.24087e-06 2.28518e-06 -2.06019e-06 1.12495e-07
11.6 2.16331e-06 2.20538e-06 -1.99007e-06 1.07652e-07
11.625 2.08904e-06 2.12895e-06 -1.92305e-06 1.0295e-07
11.65 2.01788e-06 2.05573e-06 -1.85896e-06 9.83867e-08
11.675 1.94967e-06 1.98555e-06 -1.79763e-06 9.39573e-08
11.7 1.88426e-06 1.91824e-06 -1.73892e-06 8.96585e-08
11.725 1.82149e-06 1.85366e-06 -1.68269e-06 8.54875e-08
11.75 1.76123e-06 1.79168e-06 -1.62879e-06 8.14413e-08
11.775 1.70336e-06 1.73214e-06 -1.57711e-06 7.75176e-08
11.8 1.64773e-06 1.67494e-06 -1.52751e-06 7.37141e-08
11.825 1.59425e-06 1.61995e-06 -1.47989e-06 7.00288e-08
11.85 1.5428e-06 1.56706e-06 -1.43414e-06 6.64599e-08
11.875 1.49327e-06 1.51616e-06 -1.39015e-06 6.30059e-08
11.9 1.44557e-06 1.46716e-06 -1.34783e-06 5.96653e-08
11.925 1.39961e-06 1.41996e-06 -1.30709e-06 5.64369e-08
11.95 1.3553e-06 1.37447e-06 -1.26784e-06 5.33194e-08
11.975 1.31256e-06 1.33062e-06 -1.22999e-06 5.03118e-08
12 1.27131e-06 1.28831e-06 -1.19348e-06 4.74131e-08
12.025 1.23147e-06 1.24748e-06 -1.15823e-06 4.46224e-08
12.05 1.19299e-06 1.20805e-06 -1.12417e-06 4.19387e-08
12.075 1.15578e-06 1.16996e-06 -1.09124e-06 3.93611e-08
12.1 1.1198e-06 1.13315e-06 -1.05937e-06 3.68888e-08
12.125 1.08498e-06 1.09755e-06 -1.02851e-06 3.45209e-08
12.15 1.05127e-06 1.06312e-06 -9.98606e-07 3.22564e-08
12.175 1.01862e-06 1.02979e-06 -9.696e-07 3.00943e-08
12.2 9.86967e-07 9.97513e-07 -9.41446e-07 2.80337e-08
12.225 9.56277e-07 9.66245e-07 -9.14098e-07 2.60733e-08
12.25 9.26501e-07 9.35936e-07 -8.87512e-07 2.4212e-08
12.275 8.97598e-07 9.06545e-07 -8.61648e-07 2.24486e-08
12.3 8.69527e-07 8.78028e-07 -8.36465e-07 2.07815e-08
12.325 8.42249e-07 8.50346e-07 -8.11928e-07 1.92092e-08
12.35 8.15729e-07 8.23461e-07 -7.88001e-07 1.77302e-08
12.375 7.89932e-07 7.97337e-07 -7.64652e-07 1.63427e-08
12.4 7.64826e-07 7.71939e-07 -7.4185e-07 1.50447e-08
12.425 7.40379e-07 7.47235e-07 -7.19567e-07 1.38342e-08
12.45 7.16562e-07 7.23193e-07 -6.97775e-07 1.27091e-08
12.475 6.93347e-07 6.99783e-07 -6.76449e-07 1.16671e-08
12.5 6.70708e-07 6.76977e-07 -6.55566e-07 1.07058e-08
12.525 6.48621e-07 6.54749e-07 -6.35104e-07 9.82253e-09
12.55 6.27061e-07 6.33072e-07 -6.15043e-07 9.01476e-09
12.575 6.06007e-07 6.11924e-07 -5.95364e-07 8.27965e-09
12.6 5.85438e-07 5.9128e-07 -5.76051e-07 7.61432e-09
12.625 5.65335e-07 5.7112e-07 -5.57089e-07 7.01579e-09
12.65 5.4568e-07 5.51425e-07 -5.38463e-07 6.48098e-09
12.675 5.26456e-07 5.32176e-07 -5.20162e-07 6.00674e-09
12.7 5.0765e-07 5.13355e-07 -5.02175e-07 5.58985e-09
12.725 4.89246e-07 4.94948e-07 -4.84493e-07 5.22705e-09
12.75 4.71232e-07 4.76939e-07 -4.67109e-07 4.91502e-09
12.775 4.53598e-07 4.59317e-07 -4.50016e-07 4.65042e-09
12.8 4.36333e-07 4.4207e-07 -4.3321e-07 4.42991e-09
12.825 4.19429e-07 4.25187e-07 -4.16687e-07 4.25015e-09
12.85 4.02879e-07 4.08661e-07 -4.00445e-07 4.1078e-09
12.875 3.86678e-07 3.92483e-07 -3.84484e-07 3.99957e-09
12.9 3.70819e-07 3.76649e-07 -3.68805e-07 3.9222e-09
12.925 3.55301e-07 3.61153e-07 -3.53408e-07 3.87251e-09
12.95 3.40121e-07 3.45993e-07 -3.38298e-07 3.84737e-09
12.975 3.25277e-07 3.31166e-07 -3.23478e-07 3.84377e-09
13 3.1077e-07 3.16671e-07 -3.08954e-07 3.85877e-09
13.025 2.96601e-07 3.0251e-07 -2.94731e-07 3.88955e-09
13.05 2.82772e-07 2.88683e-07 -2.80817e-07 3.93343e-09
13.075 2.69286e-07 2.75194e-07 -2.67219e-07 3.98786e-09
13.1 2.56148e-07 2.62046e-07 -2.53945e-07 4.05042e-09
13.125 2.43361e-07 2.49244e-07 -2.41006e-07 4.11886e-09
13.15 2.30933e-07 2.36793e-07 -2.28411e-07 4.19109e-09
13.175 2.18868e-07 2.247e-07 -2.1617e-07 4.26517e-09
13.2 2.07175e-07 2.12972e-07 -2.04293e-07 4.33936e-09
13.225 1.9586e-07 2.01616e-07 -1.92792e-07 4.41208e-09
13.25 1.84932e-07 1.90641e-07 -1.81677e-07 4.48193e-09
13.275 1.74399e-07 1.80056e-07 -1.7096e-07 4.54771e-09
13.3 1.64269e-07 1.69869e-07 -1.60652e-07 4.60837e-09
13.325 1.54551e-07 1.6009e-07 -1.50763e-07 4.66307e-09
13.35 1.45253e-07 1.50728e-07 -1.41305e-07 4.71115e-09
13.375 1.36386e-07 1.41792e-07 -1.32288e-07 4.7521e-09
13.4 1.27957e-07 1.33293e-07 -1.23722e-07 4.78561e-09
13.425 1.19975e-07 1.25239e-07 -1.15616e-07 4.81153e-09
13.45 1.12447e-07 1.17639e-07 -1.07979e-07 4.82986e-09
13.475 1.05382e-07 1.10502e-07 -1.00821e-07 4.84077e-09
13.5 9.87877e-08 1.03836e-07 -9.41465e-08 4.84456e-09
13.525 9.26696e-08 9.76476e-08 -8.79642e-08 4.84169e-09
13.55 8.70343e-08 9.19446e-08 -8.22792e-08 4.83271e-09
13.575 8.1887e-08 8.6733e-08 -7.70963e-08 4.81832e-09
13.6 7.72323e-08 8.20178e-08 -7.24192e-08 4.79932e-09
13.625 7.30738e-08 7.78035e-08 -6.82504e-08 4.77659e-09
13.65 6.9414e-08 7.40936e-08 -6.45913e-08 4.75111e-09
13.675 6.62548e-08 7.08902e-08 -6.14424e-08 4.72392e-09
13.7 6.35967e-08 6.81948e-08 -5.88026e-08 4.69612e-09
13.725 6.14393e-08 6.60074e-08 -5.66696e-08 4.66888e-09
13.75 5.97808e-08 6.43269e-08 -5.50401e-08 4.64336e-09
13.775 5.86185e-08 6.31509e-08 -5.39094e-08 4.62078e-09
13.8 5.79484e-08 6.2476e-08 -5.32713e-08 4.60236e-09
13.825 5.77651e-08 6.22972e-08 -5.31185e-08 4.58932e-09
13.85 5.80624e-08 6.26084e-08 -5.34427e-08 4.58286e-09
13.875 5.88323e-08 6.34021e-08 -5.42338e-08 4.58417e-09
13.9 6.00661e-08 6.46696e-08 -5.54808e-08 4.59439e-09
13.925 6.17536e-08 6.64008e-08 -5.71716e-08 4.61463e-09
13.95 6.38833e-08 6.85845e-08 -5.92926e-08 4.64594e-09
13.975 6.64429e-08 7.12081e-08 -6.18295e-08 4.68932e-09
14 6.94184e-08 7.42579e-08 -6.47665e-08 4.74569e-09
14.025 7.27953e-08 7.77188e-08 -6.80871e-08 4.81588e-09
14.05 7.65576e-08 8.1575e-08 -7.17736e-08 4.90068e-09
14.075 8.06884e-08 8.58092e-08 -7.58077e-08 5.00073e-09
14.1 8.51699e-08 9.04033e-08 -8.01701e-08 5.11664e-09
14.125 8.99834e-08 9.53383e-08 -8.48406e-08 5.24887e-09
14.15 9.51093e-08 1.00594e-07 -8.97986e-08 5.39781e-09
14.175 1.00527e-07 1.0615e-07 -9.50228e-08 5.56373e-09
14.2 1.06216e-07 1.11985e-07 -1.00491e-07 5.74681e-09
14.225 1.12155e-07 1.18076e-07 -1.06182e-07 5.9471e-09
14.25 1.1832e-07 1.24401e-07 -1.12072e-07 6.16456e-09
14.275 1.2469e-07 1.30936e-07 -1.18138e-07 6.39905e-09
14.3 1.31242e-07 1.37658e-07 -1.24358e-07 6.65031e-09
14.325 1.37952e-07 1.44543e-07 -1.30707e-07 6.91798e-09
14.35 1.44797e-07 1.51567e-07 -1.37164e-07 7.20162e-09
14.375 1.51752e-07 1.58706e-07 -1.43704e-07 7.50066e-09
14.4 1.58796e-07 1.65934e-07 -1.50305e-07 7.81446e-09
14.425 1.65903e-07 1.73229e-07 -1.56944e-07 8.1423e-09
14.45 1.7305e-07 1.80565e-07 -1.63599e-07 8.48335e-09
14.475 1.80214e-07 1.8792e-07 -1.70246e-07 8.83673e-09
14.5 1.87373e-07 1.95268e-07 -1.76865e-07 9.20146e-09
14.525 1.94503e-07 2.02587e-07 -1.83434e-07 9.57651e-09
14.55 2.01582e-07 2.09855e-07 -1.89933e-07 9.96081e-09
14.575 2.0859e-07 2.17048e-07 -1.96342e-07 1.03532e-08
14.6 2.15503e-07 2.24146e-07 -2.02641e-07 1.07525e-08
14.625 2.22303e-07 2.31127e-07 -2.08812e-07 1.11574e-08
14.65 2.2897e-07 2.37971e-07 -2.14837e-07 1.15668e-08
14.675 2.35484e-07 2.44658e-07 -2.207e-07 1.19793e-08
14.7 2.41828e-07 2.51171e-07 -2.26383e-07 1.23937e-08
14.725 2.47984e-07 2.5749e-07 -2.31873e-07 1.28085e-08
14.75 2.53936e-07 2.636e-07 -2.37155e-07 1.32226e-08
14.775 2.59669e-07 2.69485e-07 -2.42216e-07 1.36345e-08
14.8 2.65168e-07 2.75129e-07 -2.47043e-07 1.4043e-08
14.825 2.70421e-07 2.8052e-07 -2.51626e-07 1.44468e-08
14.85 2.75413e-07 2.85644e-07 -2.55954e-07 1.48447e-08
14.875 2.80135e-07 2.90489e-07 -2.60019e-07 1.52353e-08
14.9 2.84576e-07 2.95046e-07 -2.63811e-07 1.56174e-08
14.925 2.88727e-07 2.99305e-07 -2.67325e-07 1.599e-08
14.95 2.9258e-07 3.03258e-07 -2.70554e-07 1.63519e-08
14.975 2.96128e-07 3.06897e-07 -2.73493e-07 1.67019e-08
15 2.99364e-07 3.10217e-07 -2.76138e-07 1.70391e-08
15.025 3.02286e-07 3.13212e-07 -2.78487e-07 1.73626e-08
15.05 3.04887e-07 3.15879e-07 -2.80536e-07 1.76713e-08
15.075 3.07167e-07 3.18215e-07 -2.82286e-07 1.79645e-08
15.1 3.09122e-07 3.20218e-07 -2.83735e-07 1.82413e-08
15.125 3.10753e-07 3.21888e-07 -2.84886e-07 1.8501e-08
15.15 3.1206e-07 3.23224e-07 -2.85738e-07 1.8743e-08
15.175 3.13043e-07 3.24229e-07 -2.86295e-07 1.89668e-08
15.2 3.13706e-07 3.24903e-07 -2.8656e-07 1.91717e-08
15.225 3.1405e-07 3.25252e-07 -2.86537e-07 1.93573e-08
15.25 3.14081e-07 3.25277e-07 -2.86231e-07 1.95233e-08
15.275 3.13802e-07 3.24985e-07 -2.85646e-07 1.96694e-08
15.3 3.13219e-07 3.2438e-07 -2.84789e-07 1.97954e-08
15.325 3.12338e-07 3.23469e-07 -2.83667e-07 1.9901e-08
15.35 3.11167e-07 3.22259e-07 -2.82287e-07 1.99863e-08
15.375 3.09711e-07 3.20758e-07 -2.80656e-07 2.0051e-08
15.4 3.07979e-07 3.18973e-07 -2.78782e-07 2.00954e-08
15.425 3.05981e-07 3.16914e-07 -2.76675e-07 2.01195e-08
15.45 3.03724e-07 3.14589e-07 -2.74342e-07 2.01235e-08
15.475 3.01218e-07 3.12009e-07 -2.71794e-07 2.01076e-08
15.5 2.98473e-07 3.09183e-07 -2.69039e-07 2.00721e-08
15.525 2.955e-07 3.06122e-07 -2.66087e-07 2.00172e-08
15.55 2.92308e-07 3.02836e-07 -2.62949e-07 1.99435e-08
15.575 2.88909e-07 2.99337e-07 -2.59634e-07 1.98512e-08
15.6 2.85313e-07 2.95635e-07 -2.56154e-07 1.9741e-08
15.625 2.81531e-07 2.91743e-07 -2.52517e-07 1.96132e-08
15.65 2.77575e-07 2.87672e-07 -2.48735e-07 1.94685e-08
15.675 2.73456e-07 2.83432e-07 -2.44817e-07 1.93074e-08
15.7 2.69186e-07 2.79037e-07 -2.40776e-07 1.91306e-08
15.725 2.64775e-07 2.74497e-07 -2.36619e-07 1.89387e-08
15.75 2.60235e-07 2.69824e-07 -2.32359e-07 1.87324e-08
15.775 2.55578e-07 2.6503e-07 -2.28005e-07 1.85124e-08
15.8 2.50814e-07 2.60126e-07 -2.23567e-07 1.82793e-08
15.825 2.45955e-07 2.55123e-07 -2.19055e-07 1.80339e-08
15.85 2.41011e-07 2.50033e-07 -2.14479e-07 1.77769e-08
15.875 2.35993e-07 2.44866e-07 -2.09848e-07 1.75091e-08
15.9 2.30912e-07 2.39634e-07 -2.05172e-07 1.72313e-08
15.925 2.25778e-07 2.34347e-07 -2.00458e-07 1.69441e-08
15.95 2.206e-07 2.29014e-07 -1.95717e-07 1.66483e-08
15.975 2.1539e-07 2.23646e-07 -1.90957e-07 1.63448e-08
16 2.10155e-07 2.18253e-07 -1.86185e-07 1.60341e-08
16.025 2.04905e-07 2.12844e-07 -1.8141e-07 1.57171e-08
16.05 1.99649e-07 2.07428e-07 -1.76639e-07 1.53946e-08
16.075 1.94396e-07 2.02013e-07 -1.71879e-07 1.50671e-08
16.1 1.89153e-07 1.96609e-07 -1.67138e-07 1.47355e-08
16.125 1.83928e-07 1.91222e-07 -1.62422e-07 1.44003e-08
16.15 1.78729e-07 1.85861e-07 -1.57737e-07 1.40624e-08
16.175 1.73562e-07 1.80533e-07 -1.53088e-07 1.37222e-08
16.2 1.68435e-07 1.75244e-07 -1.48483e-07 1.33806e-08
16.225 1.63354e-07 1.70002e-07 -1.43925e-07 1.3038e-08
16.25 1.58324e-07 1.64811e-07 -1.39421e-07 1.26952e-08
16.275 1.53351e-07 1.59678e-07 -1.34973e-07 1.23525e-08
16.3 1.4844e-07 1.54609e-07 -1.30587e-07 1.20107e-08
16.325 1.43597e-07 1.49607e-07 -1.26267e-07 1.16702e-08
16.35 1.38824e-07 1.44678e-07 -1.22016e-07 1.13314e-08
16.375 1.34128e-07 1.39827e-07 -1.17837e-07 1.0995e-08
16.4 1.29511e-07 1.35056e-07 -1.13733e-07 1.06613e-08
16.425 1.24976e-07 1.30369e-07 -1.09707e-07 1.03308e-08
16.45 1.20528e-07 1.25769e-07 -1.05762e-07 1.00038e-08
16.475 1.16167e-07 1.2126e-07 -1.01899e-07 9.68071e-09
16.5 1.11898e-07 1.16844e-07 -9.81203e-08 9.36189e-09
16.525 1.07722e-07 1.12523e-07 -9.44275e-08 9.04766e-09
16.55 1.0364e-07 1.08298e-07 -9.08219e-08 8.7383e-09
16.575 9.96553e-08 1.04172e-07 -8.73043e-08 8.43408e-09
16.6 9.57677e-08 1.00146e-07 -8.38758e-08 8.13525e-09
16.625 9.19786e-08 9.62209e-08 -8.05368e-08 7.84203e-09
16.65 8.82888e-08 9.2397e-08 -7.72878e-08 7.55461e-09
16.675 8.46987e-08 8.86753e-08 -7.41289e-08 7.27318e-09
16.7 8.12085e-08 8.50559e-08 -7.10601e-08 6.99788e-09
16.725 7.78183e-08 8.1539e-08 -6.80813e-08 6.72886e-09
16.75 7.4528e-08 7.81244e-08 -6.51919e-08 6.46621e-09
16.775 7.1337e-08 7.48117e-08 -6.23916e-08 6.21004e-09
16.8 6.82449e-08 7.16005e-08 -5.96797e-08 5.96041e-09
16.825 6.5251e-08 6.849e-08 -5.70552e-08 5.71738e-09
16.85 6.23543e-08 6.54794e-08 -5.45174e-08 5.481e-09
16.875 5.95538e-08 6.25675e-08 -5.2065e-08 5.25127e-09
16.9 5.68483e-08 5.97534e-08 -4.9697e-08 5.02822e-09
16.925 5.42366e-08 5.70357e-08 -4.7412e-08 4.81182e-09
16.95 5.17173e-08 5.44129e-08 -4.52087e-08 4.60206e-09
16.975 4.92887e-08 5.18835e-08 -4.30857e-08 4.39891e-09
17 4.69494e-08 4.9446e-08 -4.10414e-08 4.20231e-09
17.025 4.46976e-08 4.70986e-08 -3.90742e-08 4.01221e-09
17.05 4.25315e-08 4.48396e-08 -3.71825e-08 3.82853e-09
17.075 4.04493e-08 4.26671e-08 -3.53647e-08 3.65121e-09
17.1 3.84492e-08 4.05791e-08 -3.36188e-08 3.48015e-09
17.125 3.65291e-08 3.85738e-08 -3.19433e-08 3.31525e-09
17.15 3.46872e-08 3.66491e-08 -3.03362e-08 3.15642e-09
17.175 3.29213e-08 3.4803e-08 -2.87959e-08 3.00355e-09
17.2 3.12295e-08 3.30333e-08 -2.73203e-08 2.85651e-09
17.225 2.96096e-08 3.13381e-08 -2.59078e-08 2.7152e-09
17.25 2.80597e-08 2.97152e-08 -2.45563e-08 2.57947e-09
17.275 2.65776e-08 2.81625e-08 -2.32641e-08 2.44922e-09
17.3 2.51613e-08 2.66779e-08 -2.20293e-08 2.32429e-09
17.325 2.38087e-08 2.52593e-08 -2.08501e-08 2.20456e-09
17.35 2.25176e-08 2.39045e-08 -1.97247e-08 2.08989e-09
17.375 2.12861e-08 2.26114e-08 -1.86511e-08 1.98015e-09
17.4 2.01122e-08 2.1378e-08 -1.76277e-08 1.87518e-09
17.425 1.89937e-08 2.02023e-08 -1.66526e-08 1.77485e-09
17.45 1.79288e-08 1.90821e-08 -1.57241e-08 1.67901e-09
17.475 1.69154e-08 1.80155e-08 -1.48405e-08 1.58753e-09
17.5 1.59516e-08 1.70005e-08 -1.4e-08 1.50026e-09
17.525 1.50356e-08 1.60352e-08 -1.32011e-08 1.41707e-09
17.55 1.41654e-08 1.51176e-08 -1.2442e-08 1.33781e-09
17.575 1.33392e-08 1.42459e-08 -1.17212e-08 1.26234e-09
17.6 1.25553e-08 1.34182e-08 -1.10372e-08 1.19052e-09
17.625 1.1812e-08 1.26328e-08 -1.03884e-08 1.12223e-09
17.65 1.11074e-08 1.18879e-08 -9.77325e-09 1.05733e-09
17.675 1.044e-08 1.11818e-08 -9.19045e-09 9.95691e-10
17.7 9.80814e-09 1.05129e-08 -8.63853e-09 9.37178e-10
17.725 9.21027e-09 9.87948e-09 -8.11614e-09 8.8167e-10
17.75 8.64486e-09 9.28004e-09 -7.62195e-09 8.29042e-10
17.775 8.11043e-09 8.71304e-09 -7.15469e-09 7.79175e-10
17.8 7.60557e-09 8.17703e-09 -6.71312e-09 7.31952e-10
17.825 7.12889e-09 7.67056e-09 -6.29604e-09 6.87258e-10
17.85 6.67906e-09 7.19226e-09 -5.9023e-09 6.44983e-10
17.875 6.25479e-09 6.7408e-09 -5.53076e-09 6.05017e-10
17.9 5.85483e-09 6.31489e-09 -5.18037e-09 5.67257e-10
17.925 5.47799e-09 5.91329e-09 -4.85009e-09 5.316e-10
17.95 5.12311e-09 5.5348e-09 -4.5389e-09 4.97949e-10
17.975 4.7891e-09 5.17828e-09 -4.24586e-09 4.66208e-10
18 4.47487e-09 4.84262e-09 -3.97005e-09 4.36285e-10
18.025 4.17942e-09 4.52675e-09 -3.71057e-09 4.08092e-10
18.05 3.90175e-09 4.22966e-09 -3.46658e-09 3.81542e-10
18.075 3.64093e-09 3.95037e-09 -3.23726e-09 3.56555e-10
18.1 3.39607e-09 3.68794e-09 -3.02184e-09 3.33049e-10
18.125 3.16629e-09 3.44147e-09 -2.81957e-09 3.1095e-10
18.15 2.95078e-09 3.21011e-09 -2.62974e-09 2.90184e-10
18.175 2.74874e-09 2.99303e-09 -2.45167e-09 2.70681e-10
18.2 2.55944e-09 2.78946e-09 -2.28471e-09 2.52374e-10
18.225 2.38215e-09 2.59863e-09 -2.12823e-09 2.35198e-10
18.25 2.21619e-09 2.41984e-09 -1.98166e-09 2.19092e-10
18.275 2.06091e-09 2.25241e-09 -1.84442e-09 2.03997e-10
18.3 1.91569e-09 2.0957e-09 -1.71598e-09 1.89857e-10
18.325 1.77996e-09 1.94907e-09 -1.59583e-09 1.76618e-10
18.35 1.65314e-09 1.81195e-09 -1.4835e-09 1.64229e-10
18.375 1.53471e-09 1.68379e-09 -1.3785e-09 1.52641e-10
18.4 1.42417e-09 1.56404e-09 -1.28043e-09 1.41808e-10
18.425 1.32103e-09 1.45222e-09 -1.18885e-09 1.31686e-10
18.45 1.22485e-09 1.34784e-09 -1.10337e-09 1.22233e-10
18.475 1.1352e-09 1.25045e-09 -1.02363e-09 1.13408e-10
18.5 1.05168e-09 1.15962e-09 -9.49275e-10 1.05175e-10
18.525 9.73901e-10 1.07496e-09 -8.79968e-10 9.74971e-11
18.55 9.015e-10 9.96079e-10 -8.15398e-10 9.03405e-11
18.575 8.3414e-10 9.22613e-10 -7.55266e-10 8.3673e-11
18.6 7.71496e-10 8.54221e-10 -6.99293e-10 7.74643e-11
18.625 7.13265e-10 7.90583e-10 -6.47213e-10 7.16855e-11
18.65 6.5916e-10 7.31394e-10 -5.98776e-10 6.63094e-11
18.675 6.08912e-10 6.76367e-10 -5.53747e-10 6.13103e-11
18.7 5.62267e-10 6.25232e-10 -5.11904e-10 5.66641e-11
18.725 5.18985e-10 5.77734e-10 -4.73039e-10 5.23477e-11
18.75 4.78842e-10 5.33634e-10 -4.36955e-10 4.83397e-11
18.775 4.41626e-10 4.92706e-10 -4.03467e-10 4.46198e-11
18.8 4.0714e-10 4.54739e-10 -3.72401e-10 4.11689e-11
18.825 3.75197e-10 4.19533e-10 -3.43596e-10 3.79689e-11
18.85 3.45622e-10 3.86902e-10 -3.16896e-10 3.50031e-11
18.875 3.18252e-10 3.56671e-10 -2.92159e-10 3.22555e-11
18.9 2.92933e-10 3.28673e-10 -2.69251e-10 2.97113e-11
18.925 2.69523e-10 3.02757e-10 -2.48044e-10 2.73564e-11
18.95 2.47885e-10 2.78776e-10 -2.2842e-10 2.51778e-11
18.975 2.27895e-10 2.56596e-10 -2.1027e-10 2.31632e-11
19 2.09435e-10 2.3609e-10 -1.93488e-10 2.1301e-11
19.025 1.92395e-10 2.17139e-10 -1.77978e-10 1.95805e-11
19.05 1.76672e-10 1.99634e-10 -1.63651e-10 1.79917e-11
19.075 1.62171e-10 1.8347e-10 -1.5042e-10 1.6525e-11
19.1 1.48803e-10 1.6855e-10 -1.38207e-10 1.51718e-11
19.125 1.36484e-10 1.54785e-10 -1.26938e-10 1.39238e-11
19.15 1.25136e-10 1.42091e-10 -1.16544e-10 1.27732e-11
19.175 1.14688e-10 1.30388e-10 -1.06962e-10 1.1713e-11
19.2 1.05071e-10 1.19605e-10 -9.81314e-11 1.07366e-11
19.225 9.62246e-11 1.09672e-10 -8.99964e-11 9.83754e-12
19.25 8.8089e-11 1.00526e-10 -8.25053e-11 9.01021e-12
19.275 8.06104e-11 9.21083e-11 -7.561e-11 8.24918e-12
19.3 7.37388e-11 8.43643e-11 -6.92654e-11 7.54943e-12
19.325 6.74274e-11 7.72426e-11 -6.343e-11 6.9063e-12
19.35 6.16328e-11 7.06959e-11 -5.80649e-11 6.31547e-12
19.375 5.63149e-11 6.46801e-11 -5.31343e-11 5.77291e-12
19.4 5.14365e-11 5.91544e-11 -4.86046e-11 5.27489e-12
19.425 4.69631e-11 5.40809e-11 -4.4445e-11 4.81794e-12
19.45 4.28626e-11 4.94243e-11 -4.06266e-11 4.39886e-12
19.475 3.91055e-11 4.51521e-11 -3.71228e-11 4.01467e-12
19.5 3.56645e-11 4.12342e-11 -3.3909e-11 3.66261e-12
19.525 3.25141e-11 3.76425e-11 -3.09622e-11 3.34013e-12
19.55 2.9631e-11 3.43511e-11 -2.82614e-11 3.04486e-12
19.575 2.69935e-11 3.13361e-11 -2.57869e-11 2.77462e-12
19.6 2.45818e-11 2.85754e-11 -2.35206e-11 2.52739e-12
19.625 2.23772e-11 2.60485e-11 -2.14459e-11 2.30131e-12
19.65 2.03629e-11 2.37365e-11 -1.95472e-11 2.09465e-12
19.675 1.8523e-11 2.16219e-11 -1.78103e-11 1.90582e-12
19.7 1.68433e-11 1.96886e-11 -1.62219e-11 1.73335e-12
19.725 1.53102e-11 1.79218e-11 -1.477e-11 1.57589e-12
19.75 1.39116e-11 1.63076e-11 -1.34433e-11 1.43219e-12
19.775 1.26362e-11 1.48336e-11 -1.22314e-11 1.3011e-12
19.8 1.14736e-11 1.3488e-11 -1.11249e-11 1.18156e-12
19.825 1.04141e-11 1.22601e-11 -1.01149e-11 1.0726e-12
19.85 9.44905e-12 1.114e-11 -9.19336e-12 9.7332e-13
19.875 8.57033e-12 1.01187e-11 -8.35287e-12 8.829e-13
19.9 7.77053e-12 9.18773e-12 -7.58657e-12 8.00579e-13
19.925 7.04284e-12 8.3395e-12 -6.88817e-12 7.25663e-13
19.95 6.381e-12 7.56691e-12 -6.25189e-12 6.57511e-13
19.975 5.77929e-12 6.86349e-12 -5.67241e-12 5.95539e-13
20 5.23244e-12 6.22327e-12 -5.14486e-12 5.39208e-13
