0 -0.000691316 -0.000705109
0.025 -0.000691316 -0.000705109
0.05 -0.00138184 -0.00140942
0.075 -0.00207078 -0.00211214
0.1 -0.00275734 -0.00281247
0.125 -0.00344075 -0.00350962
0.15 -0.00412021 -0.0042028
0.175 -0.00479494 -0.00489123
0.2 -0.00546419 -0.00557413
0.225 -0.00612717 -0.00625073
0.25 -0.00678313 -0.00692025
0.275 -0.00743132 -0.00758195
0.3 -0.008071 -0.00823508
0.325 -0.00870144 -0.00887889
0.35 -0.00932193 -0.00951266
0.375 -0.00993176 -0.0101357
0.4 -0.0105302 -0.0107472
0.425 -0.0111167 -0.0113467
0.45 -0.0116905 -0.0119333
0.475 -0.0122509 -0.0125064
0.5 -0.0127975 -0.0130655
0.525 -0.0133294 -0.0136098
0.55 -0.0138463 -0.0141389
0.575 -0.0143475 -0.014652
0.6 -0.0148324 -0.0151487
0.625 -0.0153007 -0.0156285
0.65 -0.0157517 -0.0160908
0.675 -0.0161851 -0.0165352
0.7 -0.0166005 -0.0169613
0.725 -0.0169973 -0.0173685
0.75 -0.0173753 -0.0177566
0.775 -0.0177342 -0.0181252
0.8 -0.0180736 -0.0184739
0.825 -0.0183932 -0.0188026
0.85 -0.0186929 -0.0191109
0.875 -0.0189724 -0.0193985
0.9 -0.0192315 -0.0196655
0.925 -0.0194702 -0.0199115
0.95 -0.0196884 -0.0201365
0.975 -0.019886 -0.0203405
1 -0.0200629 -0.0205233
1.025 -0.0202192 -0.0206851
1.05 -0.020355 -0.0208258
1.075 -0.0204704 -0.0209455
1.1 -0.0205655 -0.0210444
1.125 -0.0206404 -0.0211226
1.15 -0.0206953 -0.0211803
1.175 -0.0207306 -0.0212178
1.2 -0.0207465 -0.0212353
1.225 -0.0207432 -0.0212331
1.25 -0.0207211 -0.0212115
1.275 -0.0206806 -0.021171
1.3 -0.0206222 -0.021112
1.325 -0.0205461 -0.0210348
1.35 -0.0204529 -0.0209399
1.375 -0.0203431 -0.0208279
1.4 -0.0202172 -0.0206992
1.425 -0.0200756 -0.0205543
1.45 -0.019919 -0.020394
1.475 -0.0197479 -0.0202186
1.5 -0.019563 -0.0200289
1.525 -0.0193648 -0.0198254
1.55 -0.0191539 -0.0196088
1.575 -0.0189309 -0.0193798
1.6 -0.0186966 -0.0191389
1.625 -0.0184515 -0.0188869
1.65 -0.0181964 -0.0186244
1.675 -0.0179317 -0.0183521
1.7 -0.0176584 -0.0180707
1.725 -0.0173769 -0.0177809
1.75 -0.0170879 -0.0174833
1.775 -0.0167921 -0.0171786
1.8 -0.0164902 -0.0168676
1.825 -0.0161828 -0.0165508
1.85 -0.0158704 -0.0162289
1.875 -0.0155539 -0.0159026
1.9 -0.0152336 -0.0155724
1.925 -0.0149103 -0.0152391
1.95 -0.0145846 -0.0149032
1.975 -0.0142569 -0.0145654
2 -0.0139279 -0.0142261
2.025 -0.013598 -0.013886
2.05 -0.0132679 -0.0135455
2.075 -0.012938 -0.0132053
2.1 -0.0126087 -0.0128657
2.125 -0.0122806 -0.0125273
2.15 -0.011954 -0.0121906
2.175 -0.0116294 -0.0118559
2.2 -0.0113071 -0.0115237
2.225 -0.0109876 -0.0111943
2.25 -0.0106712 -0.0108681
2.275 -0.0103582 -0.0105455
2.3 -0.0100489 -0.0102268
2.325 -0.00974361 -0.00991218
2.35 -0.00944257 -0.00960205
2.375 -0.00914603 -0.00929661
2.4 -0.00885421 -0.00899608
2.425 -0.0085673 -0.00870068
2.45 -0.00828548 -0.0084106
2.475 -0.00800892 -0.00812599
2.5 -0.00773776 -0.00784702
2.525 -0.00747211 -0.00757379
2.55 -0.00721208 -0.00730643
2.575 -0.00695777 -0.00704502
2.6 -0.00670924 -0.00678964
2.625 -0.00646655 -0.00654035
2.65 -0.00622974 -0.00629719
2.675 -0.00599885 -0.00606019
2.7 -0.00577388 -0.00582936
2.725 -0.00555484 -0.00560472
2.75 -0.00534172 -0.00538624
2.775 -0.0051345 -0.0051739
2.8 -0.00493315 -0.00496768
2.825 -0.00473764 -0.00476753
2.85 -0.00454791 -0.00457339
2.875 -0.00436391 -0.00438522
2.9 -0.00418557 -0.00420294
2.925 -0.00401283 -0.00402647
2.95 -0.00384561 -0.00385573
2.975 -0.00368382 -0.00369065
3 -0.00352739 -0.00353112
3.025 -0.00337621 -0.00337705
3.05 -0.0032302 -0.00322833
3.075 -0.00308925 -0.00308486
3.1 -0.00295326 -0.00294654
3.125 -0.00282213 -0.00281326
3.15 -0.00269575 -0.00268489
3.175 -0.00257402 -0.00256133
3.2 -0.00245682 -0.00244246
3.225 -0.00234404 -0.00232816
3.25 -0.00223558 -0.00221832
3.275 -0.00213132 -0.00211281
3.3 -0.00203114 -0.00201153
3.325 -0.00193495 -0.00191434
3.35 -0.00184261 -0.00182114
3.375 -0.00175403 -0.0017318
3.4 -0.00166909 -0.00164621
3.425 -0.00158769 -0.00156425
3.45 -0.00150971 -0.00148581
3.475 -0.00143505 -0.00141077
3.5 -0.00136359 -0.00133903
3.525 -0.00129524 -0.00127048
3.55 -0.0012299 -0.00120499
3.575 -0.00116745 -0.00114248
3.6 -0.00110781 -0.00108283
3.625 -0.00105087 -0.00102593
3.65 -0.000996529 -0.000971702
3.675 -0.000944702 -0.00092003
3.7 -0.000895294 -0.000870821
3.725 -0.000848213 -0.000823981
3.75 -0.000803372 -0.000779417
3.775 -0.000760682 -0.00073704
3.8 -0.000720061 -0.00069676
3.825 -0.000681425 -0.000658493
3.85 -0.000644694 -0.000622155
3.875 -0.00060979 -0.000587665
3.9 -0.000576638 -0.000554944
3.925 -0.000545162 -0.000523916
3.95 -0.000515292 -0.000494506
3.975 -0.000486957 -0.000466643
4 -0.000460091 -0.000440256
4.025 -0.000434627 -0.000415279
4.05 -0.000410503 -0.000391646
4.075 -0.000387657 -0.000369294
4.1 -0.00036603 -0.000348163
4.125 -0.000345566 -0.000328194
4.15 -0.000326208 -0.00030933
4.175 -0.000307904 -0.000291517
4.2 -0.000290602 -0.000274702
4.225 -0.000274253 -0.000258836
4.25 -0.000258811 -0.000243871
4.275 -0.000244228 -0.000229758
4.3 -0.000230462 -0.000216455
4.325 -0.00021747 -0.000203919
4.35 -0.000205213 -0.000192108
4.375 -0.000193652 -0.000180984
4.4 -0.000182749 -0.000170509
4.425 -0.000172469 -0.000160648
4.45 -0.000162779 -0.000151367
4.475 -0.000153647 -0.000142633
4.5 -0.000145042 -0.000134415
4.525 -0.000136934 -0.000126685
4.55 -0.000129295 -0.000119413
4.575 -0.000122099 -0.000112574
4.6 -0.000115321 -0.000106142
4.625 -0.000108937 -0.000100093
4.65 -0.000102923 -9.44046e-05
4.675 -9.72589e-05 -8.90549e-05
4.7 -9.19231e-05 -8.40238e-05
4.725 -8.68965e-05 -7.92918e-05
4.75 -8.21607e-05 -7.48408e-05
4.775 -7.76983e-05 -7.06536e-05
4.8 -7.34928e-05 -6.6714e-05
4.825 -6.95288e-05 -6.30066e-05
4.85 -6.57916e-05 -5.9517e-05
4.875 -6.22674e-05 -5.62316e-05
4.9 -5.89432e-05 -5.31378e-05
4.925 -5.58067e-05 -5.02235e-05
4.95 -5.28466e-05 -4.74775e-05
4.975 -5.00518e-05 -4.48891e-05
5 -4.74125e-05 -4.24486e-05
5.025 -4.49189e-05 -4.01466e-05
5.05 -4.25622e-05 -3.79746e-05
5.075 -4.0334e-05 -3.59242e-05
5.1 -3.82266e-05 -3.39881e-05
5.125 -3.62326e-05 -3.21591e-05
5.15 -3.43451e-05 -3.04305e-05
5.175 -3.25578e-05 -2.87963e-05
5.2 -3.08647e-05 -2.72507e-05
5.225 -2.92603e-05 -2.57883e-05
5.25 -2.77393e-05 -2.44041e-05
5.275 -2.62969e-05 -2.30935e-05
5.3 -2.49286e-05 -2.18522e-05
5.325 -2.36302e-05 -2.06761e-05
5.35 -2.23977e-05 -1.95614e-05
5.375 -2.12275e-05 -1.85048e-05
5.4 -2.01162e-05 -1.75029e-05
5.425 -1.90606e-05 -1.65527e-05
5.45 -1.80578e-05 -1.56515e-05
5.475 -1.71049e-05 -1.47965e-05
5.5 -1.61994e-05 -1.39853e-05
5.525 -1.53389e-05 -1.32156e-05
5.55 -1.45211e-05 -1.24853e-05
5.575 -1.37439e-05 -1.17924e-05
5.6 -1.30053e-05 -1.1135e-05
5.625 -1.23035e-05 -1.05114e-05
5.65 -1.16366e-05 -9.91985e-06
5.675 -1.10031e-05 -9.35888e-06
5.7 -1.04014e-05 -8.82699e-06
5.725 -9.83001e-06 -8.32281e-06
5.75 -9.28757e-06 -7.84504e-06
5.775 -8.77278e-06 -7.39244e-06
5.8 -8.28436e-06 -6.96385e-06
5.825 -7.82115e-06 -6.55814e-06
5.85 -7.38201e-06 -6.17427e-06
5.875 -6.96587e-06 -5.81123e-06
5.9 -6.5717e-06 -5.46804e-06
5.925 -6.19851e-06 -5.1438e-06
5.95 -5.84536e-06 -4.83763e-06
5.975 -5.51136e-06 -4.54867e-06
6 -5.19563e-06 -4.27612e-06
6.025 -4.89733e-06 -4.01921e-06
6.05 -4.61568e-06 -3.77719e-06
6.075 -4.34988e-06 -3.54934e-06
6.1 -4.09921e-06 -3.33498e-06
6.125 -3.86294e-06 -3.13343e-06
6.15 -3.64038e-06 -2.94405e-06
6.175 -3.43086e-06 -2.76624e-06
6.2 -3.23374e-06 -2.59939e-06
6.225 -3.04839e-06 -2.44294e-06
6.25 -2.87422e-06 -2.29634e-06
6.275 -2.71065e-06 -2.15905e-06
6.3 -2.55712e-06 -2.03056e-06
6.325 -2.41309e-06 -1.91039e-06
6.35 -2.27805e-06 -1.79807e-06
6.375 -2.15149e-06 -1.69313e-06
6.4 -2.03294e-06 -1.59515e-06
6.425 -1.92193e-06 -1.50371e-06
6.45 -1.81802e-06 -1.4184e-06
6.475 -1.72078e-06 -1.33884e-06
6.5 -1.62981e-06 -1.26467e-06
6.525 -1.54471e-06 -1.19554e-06
6.55 -1.46512e-06 -1.13111e-06
6.575 -1.39066e-06 -1.07106e-06
6.6 -1.32101e-06 -1.01509e-06
6.625 -1.25583e-06 -9.62905e-07
6.65 -1.19481e-06 -9.14238e-07
6.675 -1.13767e-06 -8.68828e-07
6.7 -1.08412e-06 -8.26429e-07
6.725 -1.0339e-06 -7.86808e-07
6.75 -9.86765e-07 -7.49749e-07
6.775 -9.42473e-07 -7.15045e-07
6.8 -9.00806e-07 -6.82505e-07
6.825 -8.61557e-07 -6.51948e-07
6.85 -8.24533e-07 -6.23207e-07
6.875 -7.89553e-07 -5.96127e-07
6.9 -7.56448e-07 -5.70562e-07
6.925 -7.25064e-07 -5.4638e-07
6.95 -6.95255e-07 -5.23456e-07
6.975 -6.66888e-07 -5.01678e-07
7 -6.39843e-07 -4.80944e-07
7.025 -6.14007e-07 -4.61158e-07
7.05 -5.89279e-07 -4.42237e-07
7.075 -5.65567e-07 -4.24104e-07
7.1 -5.42787e-07 -4.06689e-07
7.125 -5.20866e-07 -3.89933e-07
7.15 -4.99737e-07 -3.73781e-07
7.175 -4.79341e-07 -3.58184e-07
7.2 -4.59626e-07 -3.43103e-07
7.225 -4.40546e-07 -3.28501e-07
7.25 -4.22062e-07 -3.14347e-07
7.275 -4.04139e-07 -3.00615e-07
7.3 -3.8675e-07 -2.87284e-07
7.325 -3.69868e-07 -2.74335e-07
7.35 -3.53474e-07 -2.61753e-07
7.375 -3.37551e-07 -2.49527e-07
7.4 -3.22084e-07 -2.37649e-07
7.425 -3.07063e-07 -2.26109e-07
7.45 -2.92479e-07 -2.14905e-07
7.475 -2.78326e-07 -2.04032e-07
7.5 -2.64597e-07 -1.93487e-07
7.525 -2.51289e-07 -1.83269e-07
7.55 -2.384e-07 -1.73378e-07
7.575 -2.25927e-07 -1.63813e-07
7.6 -2.13869e-07 -1.54574e-07
7.625 -2.02224e-07 -1.45661e-07
7.65 -1.90991e-07 -1.37074e-07
7.675 -1.80168e-07 -1.28812e-07
7.7 -1.69755e-07 -1.20875e-07
7.725 -1.59749e-07 -1.13261e-07
7.75 -1.50148e-07 -1.05969e-07
7.775 -1.40949e-07 -9.89965e-08
7.8 -1.32148e-07 -9.2341e-08
7.825 -1.23742e-07 -8.5999e-08
7.85 -1.15726e-07 -7.99666e-08
7.875 -1.08094e-07 -7.42391e-08
7.9 -1.00841e-07 -6.88114e-08
7.925 -9.3961e-08 -6.36779e-08
7.95 -8.74457e-08 -5.88325e-08
7.975 -8.12878e-08 -5.42684e-08
8 -7.54792e-08 -4.99786e-08
8.025 -7.00114e-08 -4.59557e-08
8.05 -6.4875e-08 -4.21919e-08
8.075 -6.00608e-08 -3.86791e-08
8.1 -5.55588e-08 -3.54092e-08
8.125 -5.13589e-08 -3.23734e-08
8.15 -4.74507e-08 -2.95633e-08
8.175 -4.38237e-08 -2.697e-08
8.2 -4.0467e-08 -2.45848e-08
8.225 -3.73698e-08 -2.23986e-08
8.25 -3.45209e-08 -2.04025e-08
8.275 -3.19094e-08 -1.85877e-08
8.3 -2.95241e-08 -1.69452e-08
8.325 -2.73538e-08 -1.54661e-08
8.35 -2.53874e-08 -1.41415e-08
8.375 -2.36139e-08 -1.29628e-08
8.4 -2.20222e-08 -1.19213e-08
8.425 -2.06014e-08 -1.10083e-08
8.45 -1.93406e-08 -1.02153e-08
8.475 -1.82291e-08 -9.53406e-09
8.5 -1.72562e-08 -8.95621e-09
8.525 -1.64117e-08 -8.47364e-09
8.55 -1.56852e-08 -8.07837e-09
8.575 -1.50666e-08 -7.76255e-09
8.6 -1.45461e-08 -7.51852e-09
8.625 -1.41142e-08 -7.33877e-09
8.65 -1.37615e-08 -7.21602e-09
8.675 -1.34789e-08 -7.14318e-09
8.7 -1.32576e-08 -7.11339e-09
8.725 -1.30893e-08 -7.12006e-09
8.75 -1.29659e-08 -7.15684e-09
8.775 -1.28797e-08 -7.21768e-09
8.8 -1.28233e-08 -7.29683e-09
8.825 -1.27899e-08 -7.38888e-09
8.85 -1.27729e-08 -7.48873e-09
8.875 -1.27665e-08 -7.59167e-09
8.9 -1.2765e-08 -7.69334e-09
8.925 -1.27633e-08 -7.78979e-09
8.95 -1.27568e-08 -7.87744e-09
8.975 -1.27415e-08 -7.95313e-09
9 -1.27138e-08 -8.01411e-09
9.025 -1.26704e-08 -8.05803e-09
9.05 -1.26089e-08 -8.08296e-09
9.075 -1.2527e-08 -8.08737e-09
9.1 -1.24232e-08 -8.07012e-09
9.125 -1.22961e-08 -8.03045e-09
9.15 -1.2145e-08 -7.96799e-09
9.175 -1.19696e-08 -7.88269e-09
9.2 -1.17699e-08 -7.77485e-09
9.225 -1.15463e-08 -7.64504e-09
9.25 -1.12994e-08 -7.49415e-09
9.275 -1.10305e-08 -7.32328e-09
9.3 -1.07406e-08 -7.13377e-09
9.325 -1.04314e-08 -6.92712e-09
9.35 -1.01047e-08 -6.705e-09
9.375 -9.76212e-09 -6.46919e-09
9.4 -9.40584e-09 -6.22156e-09
9.425 -9.03792e-09 -5.96405e-09
9.45 -8.66048e-09 -5.69859e-09
9.475 -8.2757e-09 -5.42713e-09
9.5 -7.88571e-09 -5.15158e-09
9.525 -7.49264e-09 -4.87379e-09
9.55 -7.09852e-09 -4.59553e-09
9.575 -6.70533e-09 -4.31849e-09
9.6 -6.3149e-09 -4.0442e-09
9.625 -5.92897e-09 -3.77409e-09
9.65 -5.54912e-09 -3.50944e-09
9.675 -5.17678e-09 -3.25139e-09
9.7 -4.81325e-09 -3.0009e-09
9.725 -4.45965e-09 -2.7588e-09
9.75 -4.11692e-09 -2.52576e-09
9.775 -3.78588e-09 -2.30228e-09
9.8 -3.46717e-09 -2.08875e-09
9.825 -3.16128e-09 -1.88539e-09
9.85 -2.86857e-09 -1.69231e-09
9.875 -2.58926e-09 -1.50952e-09
9.9 -2.32346e-09 -1.3369e-09
9.925 -2.07117e-09 -1.17427e-09
9.95 -1.8323e-09 -1.02136e-09
9.975 -1.60668e-09 -8.77855e-10
10 -1.39407e-09 -7.43394e-10
10.025 -1.1942e-09 -6.17584e-10
10.05 -1.00672e-09 -5.00021e-10
10.075 -8.31304e-10 -3.90293e-10
10.1 -6.67576e-10 -2.88002e-10
10.125 -5.1517e-10 -1.92762e-10
10.15 -3.73722e-10 -1.04219e-10
10.175 -2.4288e-10 -2.20474e-11
10.2 -1.2231e-10 5.40381e-11
10.225 -1.16985e-11 1.24282e-10
10.25 8.9242e-11 1.88888e-10
10.275 1.80774e-10 2.48013e-10
10.3 2.63134e-10 3.01775e-10
10.325 3.36535e-10 3.50255e-10
10.35 4.01167e-10 3.93497e-10
10.375 4.57203e-10 4.31517e-10
10.4 5.04805e-10 4.64309e-10
10.425 5.44123e-10 4.91849e-10
10.45 5.75307e-10 5.14106e-10
10.475 5.98512e-10 5.31047e-10
10.5 6.13899e-10 5.42644e-10
10.525 6.21649e-10 5.48884e-10
10.55 6.21961e-10 5.49775e-10
10.575 6.15061e-10 5.45352e-10
10.6 6.01208e-10 5.35682e-10
10.625 5.80694e-10 5.2087e-10
10.65 5.53848e-10 5.01065e-10
10.675 5.2104e-10 4.76458e-10
10.7 4.8268e-10 4.47287e-10
10.725 4.39217e-10 4.1384e-10
10.75 3.91141e-10 3.76447e-10
10.775 3.38977e-10 3.35487e-10
10.8 2.83284e-10 2.91378e-10
10.825 2.24651e-10 2.44577e-10
10.85 1.6369e-10 1.95574e-10
10.875 1.01032e-10 1.44887e-10
10.9 3.73181e-11 9.30532e-11
10.925 -2.68037e-11 4.06259e-11
10.95 -9.06894e-11 -1.1837e-11
10.975 -1.53705e-10 -6.37785e-11
11 -2.15234e-10 -1.14651e-10
11.025 -2.74685e-10 -1.63924e-10
11.05 -3.315e-10 -2.11093e-10
11.075 -3.85161e-10 -2.55683e-10
11.1 -4.35195e-10 -2.9726e-10
11.125 -4.81179e-10 -3.35434e-10
11.15 -5.22751e-10 -3.69866e-10
11.175 -5.59604e-10 -4.00271e-10
11.2 -5.91499e-10 -4.26424e-10
11.225 -6.18262e-10 -4.4816e-10
11.25 -6.39784e-10 -4.65376e-10
11.275 -6.56027e-10 -4.78033e-10
11.3 -6.67016e-10 -4.86156e-10
11.325 -6.72842e-10 -4.89827e-10
11.35 -6.73658e-10 -4.89192e-10
11.375 -6.69673e-10 -4.84446e-10
11.4 -6.61151e-10 -4.75841e-10
11.425 -6.48404e-10 -4.63669e-10
11.45 -6.31785e-10 -4.48265e-10
11.475 -6.11681e-10 -4.29996e-10
11.5 -5.88511e-10 -4.09258e-10
11.525 -5.62714e-10 -3.86463e-10
11.55 -5.34741e-10 -3.62038e-10
11.575 -5.05052e-10 -3.36416e-10
11.6 -4.74106e-10 -3.10025e-10
11.625 -4.42355e-10 -2.83288e-10
11.65 -4.10236e-10 -2.5661e-10
11.675 -3.78164e-10 -2.30374e-10
11.7 -3.46532e-10 -2.04939e-10
11.725 -3.15698e-10 -1.80628e-10
11.75 -2.85987e-10 -1.57732e-10
11.775 -2.57683e-10 -1.36498e-10
11.8 -2.31029e-10 -1.17132e-10
11.825 -2.06225e-10 -9.97972e-11
11.85 -1.83423e-10 -8.4609e-11
11.875 -1.62733e-10 -7.16384e-11
11.9 -1.44218e-10 -6.09107e-11
11.925 -1.27897e-10 -5.24081e-11
11.95 -1.13748e-10 -4.60709e-11
11.975 -1.01709e-10 -4.18007e-11
12 -9.16824e-11 -3.94641e-11
12.025 -8.35386e-11 -3.88961e-11
12.05 -7.71193e-11 -3.99047e-11
12.075 -7.22429e-11 -4.22758e-11
12.1 -6.87087e-11 -4.57781e-11
12.125 -6.63025e-11 -5.01681e-11
12.15 -6.4801e-11 -5.51953e-11
12.175 -6.39771e-11 -6.06075e-11
12.2 -6.36046e-11 -6.6156e-11
12.225 -6.3463e-11 -7.16e-11
12.25 -6.3342e-11 -7.67113e-11
12.275 -6.30453e-11 -8.12785e-11
12.3 -6.2394e-11 -8.51107e-11
12.325 -6.12306e-11 -8.80407e-11
12.35 -5.94207e-11 -8.99276e-11
12.375 -5.68555e-11 -9.06587e-11
12.4 -5.34537e-11 -9.01518e-11
12.425 -4.91615e-11 -8.8355e-11
12.45 -4.39541e-11 -8.52479e-11
12.475 -3.78347e-11 -8.08408e-11
12.5 -3.08339e-11 -7.51742e-11
12.525 -2.30087e-11 -6.83169e-11
12.55 -1.44407e-11 -6.03646e-11
12.575 -5.23367e-12 -5.14372e-11
12.6 4.48884e-12 -4.16763e-11
12.625 1.45863e-11 -3.12418e-11
12.65 2.49046e-11 -2.03087e-11
12.675 3.52791e-11 -9.06355e-12
12.7 4.55383e-11 2.29938e-12
12.725 5.55075e-11 1.35819e-11
12.75 6.50119e-11 2.45854e-11
12.775 7.38808e-11 3.51153e-11
12.8 8.19501e-11 4.49837e-11
12.825 8.90664e-11 5.40134e-11
12.85 9.50891e-11 6.20409e-11
12.875 9.98935e-11 6.89193e-11
12.9 1.03373e-10 7.45206e-11
12.925 1.05442e-10 7.87382e-11
12.95 1.06034e-10 8.14881e-11
12.975 1.05109e-10 8.27108e-11
13 1.02648e-10 8.23716e-11
13.025 9.86563e-11 8.04614e-11
13.05 9.31638e-11 7.69965e-11
13.075 8.62233e-11 7.20181e-11
13.1 7.79101e-11 6.55917e-11
13.125 6.83205e-11 5.78052e-11
13.15 5.75704e-11 4.8768e-11
13.175 4.57935e-11 3.86085e-11
13.2 3.31386e-11 2.74721e-11
13.225 1.97678e-11 1.55186e-11
13.25 5.85327e-12 2.91957e-12
13.275 -8.42495e-12 -1.01446e-11
13.3 -2.28822e-11 -2.34877e-11
13.325 -3.73317e-11 -3.69203e-11
13.35 -5.15878e-11 -5.02532e-11
13.375 -6.54687e-11 -6.33004e-11
13.4 -7.87988e-11 -7.58815e-11
13.425 -9.14118e-11 -8.78247e-11
13.45 -1.03153e-10 -9.89694e-11
13.475 -1.1388e-10 -1.09169e-10
13.5 -1.23469e-10 -1.1829e-10
13.525 -1.31811e-10 -1.2622e-10
13.55 -1.38815e-10 -1.32863e-10
13.575 -1.44412e-10 -1.38143e-10
13.6 -1.48552e-10 -1.42004e-10
13.625 -1.51207e-10 -1.44414e-10
13.65 -1.52369e-10 -1.4536e-10
13.675 -1.52051e-10 -1.44852e-10
13.7 -1.50287e-10 -1.4292e-10
13.725 -1.47129e-10 -1.39613e-10
13.75 -1.4265e-10 -1.35e-10
13.775 -1.36938e-10 -1.2917e-10
13.8 -1.30096e-10 -1.22224e-10
13.825 -1.22243e-10 -1.1428e-10
13.85 -1.13508e-10 -1.05468e-10
13.875 -1.04031e-10 -9.59269e-11
13.9 -9.39583e-11 -8.58054e-11
13.925 -8.34433e-11 -7.52571e-11
13.95 -7.26412e-11 -6.44393e-11
13.975 -6.17085e-11 -5.35103e-11
14 -5.08002e-11 -4.26272e-11
14.025 -4.00678e-11 -3.19439e-11
14.05 -2.96575e-11 -2.16085e-11
14.075 -1.97076e-11 -1.17618e-11
14.1 -1.03472e-11 -2.5351e-12
14.125 -1.6945e-12 5.95145e-12
14.15 6.14469e-12 1.35902e-11
14.175 1.30782e-11 2.02874e-11
14.2 1.90283e-11 2.59642e-11
14.225 2.39329e-11 3.05574e-11
14.25 2.77457e-11 3.40204e-11
14.275 3.04365e-11 3.63229e-11
14.3 3.19915e-11 3.74515e-11
14.325 3.2413e-11 3.74095e-11
14.35 3.17192e-11 3.62163e-11
14.375 2.99432e-11 3.3907e-11
14.4 2.71328e-11 3.05315e-11
14.425 2.3349e-11 2.61536e-11
14.45 1.86652e-11 2.08499e-11
14.475 1.31656e-11 1.47084e-11
14.5 6.9444e-12 7.82697e-12
14.525 1.03666e-13 3.1208e-13
14.55 -7.24786e-12 -7.72301e-12
14.575 -1.49965e-11 -1.61598e-11
14.6 -2.30252e-11 -2.48765e-11
14.625 -3.12155e-11 -3.37492e-11
14.65 -3.94485e-11 -4.26542e-11
14.675 -4.76073e-11 -5.14694e-11
14.7 -5.55778e-11 -6.00757e-11
14.725 -6.32507e-11 -6.83587e-11
14.75 -7.05226e-11 -7.62104e-11
14.775 -7.72971e-11 -8.353e-11
14.8 -8.34865e-11 -9.02253e-11
14.825 -8.90121e-11 -9.62138e-11
14.85 -9.38055e-11 -1.01424e-10
14.875 -9.78092e-11 -1.05794e-10
14.9 -1.00977e-10 -1.09276e-10
14.925 -1.03274e-10 -1.11834e-10
14.95 -1.04679e-10 -1.13443e-10
14.975 -1.0518e-10 -1.14091e-10
15 -1.0478e-10 -1.1378e-10
15.025 -1.03491e-10 -1.12522e-10
15.05 -1.01338e-10 -1.10343e-10
15.075 -9.83563e-11 -1.07279e-10
15.1 -9.45908e-11 -1.03376e-10
15.125 -9.00961e-11 -9.86912e-11
15.15 -8.49351e-11 -9.32899e-11
15.175 -7.91783e-11 -8.72455e-11
15.2 -7.29026e-11 -8.06382e-11
15.225 -6.61902e-11 -7.3554e-11
15.25 -5.91275e-11 -6.60836e-11
15.275 -5.18041e-11 -5.83209e-11
15.3 -4.43115e-11 -5.03621e-11
15.325 -3.67419e-11 -4.23042e-11
15.35 -2.91872e-11 -3.42442e-11
15.375 -2.17377e-11 -2.62776e-11
15.4 -1.44814e-11 -1.84974e-11
15.425 -7.50245e-12 -1.09931e-11
15.45 -8.80638e-13 -3.84964e-12
15.475 5.30965e-12 2.85353e-12
15.5 1.10002e-11 9.04325e-12
15.525 1.61296e-11 1.46534e-11
15.55 2.06441e-11 1.96255e-11
15.575 2.44975e-11 2.39094e-11
15.6 2.76524e-11 2.74634e-11
15.625 3.00797e-11 3.02549e-11
15.65 3.17592e-11 3.22604e-11
15.675 3.26797e-11 3.34657e-11
15.7 3.28388e-11 3.38659e-11
15.725 3.22428e-11 3.34652e-11
15.75 3.09065e-11 3.22766e-11
15.775 2.88529e-11 3.03219e-11
15.8 2.61128e-11 2.76312e-11
15.825 2.27244e-11 2.42421e-11
15.85 1.87326e-11 2.01996e-11
15.875 1.41886e-11 1.55553e-11
15.9 9.14878e-12 1.03665e-11
15.925 3.67471e-12 4.69606e-12
15.95 -2.16819e-12 -1.38908e-12
15.975 -8.31115e-12 -7.81813e-12
16 -1.46829e-11 -1.45175e-11
16.025 -2.12104e-11 -2.14117e-11
16.05 -2.78198e-11 -2.84239e-11
16.075 -3.4437e-11 -3.54769e-11
16.1 -4.09885e-11 -4.24939e-11
16.125 -4.74024e-11 -4.93995e-11
16.15 -5.36085e-11 -5.61199e-11
16.175 -5.95398e-11 -6.25843e-11
16.2 -6.51323e-11 -6.87249e-11
16.225 -7.03261e-11 -7.44779e-11
16.25 -7.5066e-11 -7.97842e-11
16.275 -7.93014e-11 -8.45894e-11
16.3 -8.29873e-11 -8.88447e-11
16.325 -8.60845e-11 -9.25069e-11
16.35 -8.85595e-11 -9.55391e-11
16.375 -9.03854e-11 -9.79108e-11
16.4 -9.15413e-11 -9.95977e-11
16.425 -9.2013e-11 -1.00582e-10
16.45 -9.17928e-11 -1.00854e-10
16.475 -9.08795e-11 -1.00409e-10
16.5 -8.92779e-11 -9.92496e-11
16.525 -8.69994e-11 -9.73844e-11
16.55 -8.40613e-11 -9.48288e-11
16.575 -8.04866e-11 -9.16039e-11
16.6 -7.63037e-11 -8.77367e-11
16.625 -7.15462e-11 -8.32594e-11
16.65 -6.62523e-11 -7.82092e-11
16.675 -6.04647e-11 -7.26279e-11
16.7 -5.42298e-11 -6.65615e-11
16.725 -4.75975e-11 -6.00596e-11
16.75 -4.06205e-11 -5.31749e-11
16.775 -3.33542e-11 -4.59629e-11
16.8 -2.58557e-11 -3.84813e-11
16.825 -1.81836e-11 -3.07894e-11
16.85 -1.03975e-11 -2.29476e-11
16.875 -2.55746e-12 -1.5017e-11
16.9 5.27661e-12 -7.05883e-12
16.925 1.30452e-11 8.65995e-13
16.95 2.06899e-11 8.69742e-12
16.975 2.81534e-11 1.63766e-11
17 3.53806e-11 2.38465e-11
17.025 4.23182e-11 3.10519e-11
17.05 4.89157e-11 3.79403e-11
17.075 5.51253e-11 4.44619e-11
17.1 6.09024e-11 5.057e-11
17.125 6.62059e-11 5.62213e-11
17.15 7.09981e-11 6.13759e-11
17.175 7.52454e-11 6.5998e-11
17.2 7.89178e-11 7.00557e-11
17.225 8.19899e-11 7.3521e-11
17.25 8.444e-11 7.63705e-11
17.275 8.62508e-11 7.85848e-11
17.3 8.74092e-11 8.01487e-11
17.325 8.79065e-11 8.10516e-11
17.35 8.7738e-11 8.12869e-11
17.375 8.69031e-11 8.08523e-11
17.4 8.54053e-11 7.97497e-11
17.425 8.32518e-11 7.79848e-11
17.45 8.04538e-11 7.55671e-11
17.475 7.70259e-11 7.251e-11
17.5 7.2986e-11 6.88303e-11
17.525 6.83554e-11 6.45478e-11
17.55 6.3158e-11 5.96859e-11
17.575 5.74207e-11 5.42703e-11
17.6 5.11729e-11 4.83295e-11
17.625 4.44459e-11 4.18945e-11
17.65 3.72732e-11 3.4998e-11
17.675 2.969e-11 2.76749e-11
17.7 2.17329e-11 1.99615e-11
17.725 1.34396e-11 1.18952e-11
17.75 4.84887e-12 3.51461e-12
17.775 -3.99993e-12 -5.14083e-12
17.8 -1.3067e-11 -1.40313e-11
17.825 -2.23124e-11 -2.31167e-11
17.85 -3.16962e-11 -3.23569e-11
17.875 -4.11788e-11 -4.17118e-11
17.9 -5.0721e-11 -5.11421e-11
17.925 -6.02844e-11 -6.06087e-11
17.95 -6.98314e-11 -7.00737e-11
17.975 -7.93254e-11 -7.94998e-11
18 -8.87312e-11 -8.88514e-11
18.025 -9.80147e-11 -9.80936e-11
18.05 -1.07144e-10 -1.07193e-10
18.075 -1.16087e-10 -1.16119e-10
18.1 -1.24816e-10 -1.24841e-10
18.125 -1.33302e-10 -1.33332e-10
18.15 -1.41521e-10 -1.41564e-10
18.175 -1.49449e-10 -1.49514e-10
18.2 -1.57065e-10 -1.57159e-10
18.225 -1.64348e-10 -1.64479e-10
18.25 -1.71282e-10 -1.71455e-10
18.275 -1.7785e-10 -1.78073e-10
18.3 -1.8404e-10 -1.84316e-10
18.325 -1.8984e-10 -1.90174e-10
18.35 -1.9524e-10 -1.95636e-10
18.375 -2.00233e-10 -2.00694e-10
18.4 -2.04814e-10 -2.05342e-10
18.425 -2.08977e-10 -2.09574e-10
18.45 -2.12723e-10 -2.1339e-10
18.475 -2.1605e-10 -2.16787e-10
18.5 -2.18959e-10 -2.19767e-10
18.525 -2.21454e-10 -2.22332e-10
18.55 -2.23538e-10 -2.24486e-10
18.575 -2.25219e-10 -2.26235e-10
18.6 -2.26502e-10 -2.27585e-10
18.625 -2.27397e-10 -2.28544e-10
18.65 -2.27912e-10 -2.29122e-10
18.675 -2.28058e-10 -2.29328e-10
18.7 -2.27846e-10 -2.29173e-10
18.725 -2.27289e-10 -2.28671e-10
18.75 -2.264e-10 -2.27832e-10
18.775 -2.25191e-10 -2.26671e-10
18.8 -2.23678e-10 -2.25202e-10
18.825 -2.21875e-10 -2.23439e-10
18.85 -2.19796e-10 -2.21397e-10
18.875 -2.17457e-10 -2.19091e-10
18.9 -2.14874e-10 -2.16538e-10
18.925 -2.12062e-10 -2.13751e-10
18.95 -2.09036e-10 -2.10747e-10
18.975 -2.05813e-10 -2.07542e-10
19 -2.02408e-10 -2.04152e-10
19.025 -1.98836e-10 -2.00591e-10
19.05 -1.95113e-10 -1.96876e-10
19.075 -1.91254e-10 -1.93021e-10
19.1 -1.87273e-10 -1.89041e-10
19.125 -1.83186e-10 -1.8495e-10
19.15 -1.79005e-10 -1.80764e-10
19.175 -1.74745e-10 -1.76496e-10
19.2 -1.70418e-10 -1.72158e-10
19.225 -1.66039e-10 -1.67765e-10
19.25 -1.61618e-10 -1.63327e-10
19.275 -1.57168e-10 -1.58858e-10
19.3 -1.52699e-10 -1.54369e-10
19.325 -1.48223e-10 -1.4987e-10
19.35 -1.4375e-10 -1.45372e-10
19.375 -1.39289e-10 -1.40884e-10
19.4 -1.34849e-10 -1.36416e-10
19.425 -1.30439e-10 -1.31976e-10
19.45 -1.26066e-10 -1.27572e-10
19.475 -1.21738e-10 -1.23212e-10
19.5 -1.17463e-10 -1.18903e-10
19.525 -1.13245e-10 -1.14651e-10
19.55 -1.0909e-10 -1.10462e-10
19.575 -1.05005e-10 -1.06341e-10
19.6 -1.00994e-10 -1.02294e-10
19.625 -9.706e-11 -9.83238e-11
19.65 -9.32081e-11 -9.44353e-11
19.675 -8.94412e-11 -9.06316e-11
19.7 -8.57622e-11 -8.69157e-11
19.725 -8.21735e-11 -8.32902e-11
19.75 -7.86771e-11 -7.97571e-11
19.775 -7.52747e-11 -7.63183e-11
19.8 -7.19676e-11 -7.29751e-11
19.825 -6.87568e-11 -6.97284e-11
19.85 -6.56429e-11 -6.65791e-11
19.875 -6.26262e-11 -6.35275e-11
19.9 -5.97068e-11 -6.05737e-11
19.925 -5.68845e-11 -5.77175e-11
19.95 -5.41586e-11 -5.49586e-11
19.975 -5.15287e-11 -5.22961e-11
20 -4.89937e-11 -4.97293e-11
