0 -0.00075145 -0.000773004
0.025 -0.00075145 -0.000773004
0.05 -0.00150197 -0.00154506
0.075 -0.00225062 -0.00231521
0.1 -0.00299649 -0.00308252
0.125 -0.00373865 -0.00384604
0.15 -0.00447617 -0.00460483
0.175 -0.00520816 -0.00535797
0.2 -0.0059337 -0.00610453
0.225 -0.00665191 -0.0068436
0.25 -0.0073619 -0.00757427
0.275 -0.00806282 -0.00829567
0.3 -0.00875379 -0.00900692
0.325 -0.009434 -0.00970715
0.35 -0.0101026 -0.0103955
0.375 -0.0107588 -0.0110712
0.4 -0.0114019 -0.0117334
0.425 -0.012031 -0.0123814
0.45 -0.0126454 -0.0130143
0.475 -0.0132445 -0.0136314
0.5 -0.0138275 -0.0142321
0.525 -0.0143937 -0.0148156
0.55 -0.0149426 -0.0153813
0.575 -0.0154736 -0.0159286
0.6 -0.015986 -0.0164568
0.625 -0.0164793 -0.0169655
0.65 -0.0169531 -0.017454
0.675 -0.0174068 -0.0179219
0.7 -0.0178401 -0.0183687
0.725 -0.0182524 -0.0187941
0.75 -0.0186436 -0.0191976
0.775 -0.0190132 -0.0195789
0.8 -0.019361 -0.0199376
0.825 -0.0196867 -0.0202736
0.85 -0.0199902 -0.0205867
0.875 -0.0202712 -0.0208766
0.9 -0.0205297 -0.0211432
0.925 -0.0207656 -0.0213864
0.95 -0.0209789 -0.0216062
0.975 -0.0211695 -0.0218026
1 -0.0213375 -0.0219756
1.025 -0.021483 -0.0221253
1.05 -0.0216061 -0.0222519
1.075 -0.0217071 -0.0223554
1.1 -0.021786 -0.0224362
1.125 -0.0218433 -0.0224945
1.15 -0.0218791 -0.0225305
1.175 -0.0218938 -0.0225447
1.2 -0.0218878 -0.0225373
1.225 -0.0218615 -0.0225089
1.25 -0.0218152 -0.0224597
1.275 -0.0217495 -0.0223904
1.3 -0.0216649 -0.0223014
1.325 -0.0215618 -0.0221933
1.35 -0.0214409 -0.0220667
1.375 -0.0213027 -0.021922
1.4 -0.0211478 -0.0217601
1.425 -0.0209769 -0.0215814
1.45 -0.0207905 -0.0213868
1.475 -0.0205893 -0.0211768
1.5 -0.0203741 -0.0209522
1.525 -0.0201455 -0.0207137
1.55 -0.0199042 -0.020462
1.575 -0.0196509 -0.0201978
1.6 -0.0193863 -0.019922
1.625 -0.0191111 -0.0196352
1.65 -0.0188261 -0.0193382
1.675 -0.018532 -0.0190318
1.7 -0.0182295 -0.0187167
1.725 -0.0179193 -0.0183936
1.75 -0.0176021 -0.0180634
1.775 -0.0172787 -0.0177267
1.8 -0.0169496 -0.0173843
1.825 -0.0166157 -0.0170368
1.85 -0.0162776 -0.0166851
1.875 -0.0159359 -0.0163297
1.9 -0.0155912 -0.0159714
1.925 -0.0152443 -0.0156107
1.95 -0.0148957 -0.0152484
1.975 -0.0145459 -0.0148851
2 -0.0141956 -0.0145212
2.025 -0.0138453 -0.0141575
2.05 -0.0134955 -0.0137944
2.075 -0.0131467 -0.0134325
2.1 -0.0127994 -0.0130722
2.125 -0.0124541 -0.0127141
2.15 -0.0121112 -0.0123586
2.175 -0.011771 -0.0120062
2.2 -0.011434 -0.0116571
2.225 -0.0111006 -0.0113118
2.25 -0.010771 -0.0109707
2.275 -0.0104456 -0.010634
2.3 -0.0101246 -0.010302
2.325 -0.00980841 -0.00997513
2.35 -0.00949715 -0.0096535
2.375 -0.00919107 -0.00933737
2.4 -0.00889038 -0.00902694
2.425 -0.00859524 -0.00872239
2.45 -0.00830581 -0.00842388
2.475 -0.00802223 -0.00813154
2.5 -0.00774461 -0.0078455
2.525 -0.00747306 -0.00756584
2.55 -0.00720764 -0.00729266
2.575 -0.00694842 -0.007026
2.6 -0.00669546 -0.00676591
2.625 -0.00644877 -0.00651242
2.65 -0.00620839 -0.00626555
2.675 -0.00597431 -0.00602529
2.7 -0.00574652 -0.00579163
2.725 -0.00552501 -0.00556454
2.75 -0.00530974 -0.00534398
2.775 -0.00510066 -0.00512991
2.8 -0.00489774 -0.00492227
2.825 -0.00470091 -0.00472098
2.85 -0.0045101 -0.00452598
2.875 -0.00432524 -0.00433718
2.9 -0.00414624 -0.0041545
2.925 -0.00397302 -0.00397783
2.95 -0.00380549 -0.00380707
2.975 -0.00364354 -0.00364213
3 -0.00348708 -0.00348288
3.025 -0.003336 -0.00332922
3.05 -0.00319019 -0.00318103
3.075 -0.00304954 -0.00303819
3.1 -0.00291395 -0.00290058
3.125 -0.00278328 -0.00276807
3.15 -0.00265744 -0.00264055
3.175 -0.00253629 -0.00251788
3.2 -0.00241973 -0.00239995
3.225 -0.00230764 -0.00228662
3.25 -0.00219989 -0.00217778
3.275 -0.00209637 -0.00207329
3.3 -0.00199696 -0.00197303
3.325 -0.00190154 -0.00187688
3.35 -0.00181 -0.00178471
3.375 -0.00172223 -0.00169641
3.4 -0.0016381 -0.00161185
3.425 -0.00155751 -0.00153091
3.45 -0.00148034 -0.00145348
3.475 -0.00140649 -0.00137945
3.5 -0.00133584 -0.00130869
3.525 -0.00126829 -0.00124109
3.55 -0.00120373 -0.00117655
3.575 -0.00114206 -0.00111496
3.6 -0.00108318 -0.00105621
3.625 -0.001027 -0.00100021
3.65 -0.000973402 -0.000946834
3.675 -0.000922304 -0.000896001
3.7 -0.000873611 -0.00084761
3.725 -0.000827231 -0.000801566
3.75 -0.000783076 -0.000757777
3.775 -0.000741058 -0.000716152
3.8 -0.000701094 -0.000676605
3.825 -0.0006631 -0.000639051
3.85 -0.000626996 -0.000603405
3.875 -0.000592705 -0.000569587
3.9 -0.00056015 -0.00053752
3.925 -0.000529258 -0.000507127
3.95 -0.000499957 -0.000478333
3.975 -0.000472177 -0.000451069
4 -0.000445851 -0.000425264
4.025 -0.000420915 -0.000400852
4.05 -0.000397304 -0.000377768
4.075 -0.000374958 -0.00035595
4.1 -0.000353819 -0.000335336
4.125 -0.000333828 -0.000315869
4.15 -0.00031493 -0.000297494
4.175 -0.000297074 -0.000280154
4.2 -0.000280208 -0.0002638
4.225 -0.000264283 -0.00024838
4.25 -0.000249252 -0.000233847
4.275 -0.000235068 -0.000220155
4.3 -0.00022169 -0.000207259
4.325 -0.000209074 -0.000195117
4.35 -0.000197181 -0.000183688
4.375 -0.000185972 -0.000172935
4.4 -0.000175411 -0.000162818
4.425 -0.000165462 -0.000153304
4.45 -0.000156092 -0.000144358
4.475 -0.000147269 -0.000135949
4.5 -0.000138962 -0.000128044
4.525 -0.000131142 -0.000120616
4.55 -0.000123782 -0.000113636
4.575 -0.000116854 -0.000107078
4.6 -0.000110334 -0.000100916
4.625 -0.000104198 -9.51281e-05
4.65 -9.84232e-05 -8.96902e-05
4.675 -9.2988e-05 -8.45813e-05
4.7 -8.78723e-05 -7.97812e-05
4.725 -8.30567e-05 -7.5271e-05
4.75 -7.8523e-05 -7.10325e-05
4.775 -7.42541e-05 -6.70487e-05
4.8 -7.02336e-05 -6.33036e-05
4.825 -6.64463e-05 -5.9782e-05
4.85 -6.28777e-05 -5.64699e-05
4.875 -5.95142e-05 -5.33537e-05
4.9 -5.6343e-05 -5.0421e-05
4.925 -5.33521e-05 -4.766e-05
4.95 -5.05303e-05 -4.50597e-05
4.975 -4.78669e-05 -4.26098e-05
5 -4.5352e-05 -4.03005e-05
5.025 -4.29764e-05 -3.81228e-05
5.05 -4.07312e-05 -3.60683e-05
5.075 -3.86085e-05 -3.41291e-05
5.1 -3.66006e-05 -3.22979e-05
5.125 -3.47005e-05 -3.05679e-05
5.15 -3.29014e-05 -2.89326e-05
5.175 -3.11973e-05 -2.73861e-05
5.2 -2.95824e-05 -2.59229e-05
5.225 -2.80514e-05 -2.45379e-05
5.25 -2.65994e-05 -2.32264e-05
5.275 -2.52216e-05 -2.19838e-05
5.3 -2.39137e-05 -2.08062e-05
5.325 -2.26719e-05 -1.96897e-05
5.35 -2.14924e-05 -1.86308e-05
5.375 -2.03717e-05 -1.76262e-05
5.4 -1.93065e-05 -1.66729e-05
5.425 -1.82941e-05 -1.5768e-05
5.45 -1.73314e-05 -1.49089e-05
5.475 -1.6416e-05 -1.40933e-05
5.5 -1.55455e-05 -1.33187e-05
5.525 -1.47176e-05 -1.25832e-05
5.55 -1.39302e-05 -1.18848e-05
5.575 -1.31813e-05 -1.12215e-05
5.6 -1.24691e-05 -1.05918e-05
5.625 -1.17919e-05 -9.99391e-06
5.65 -1.11481e-05 -9.42644e-06
5.675 -1.05362e-05 -8.88793e-06
5.7 -9.95466e-06 -8.37705e-06
5.725 -9.4022e-06 -7.89254e-06
5.75 -8.87752e-06 -7.43321e-06
5.775 -8.37941e-06 -6.99792e-06
5.8 -7.90672e-06 -6.58562e-06
5.825 -7.45835e-06 -6.19526e-06
5.85 -7.03324e-06 -5.82588e-06
5.875 -6.63039e-06 -5.47656e-06
5.9 -6.24885e-06 -5.14639e-06
5.925 -5.88769e-06 -4.83452e-06
5.95 -5.54602e-06 -4.54013e-06
5.975 -5.223e-06 -4.26244e-06
6 -4.9178e-06 -4.00068e-06
6.025 -4.62963e-06 -3.75412e-06
6.05 -4.35773e-06 -3.52205e-06
6.075 -4.10135e-06 -3.3038e-06
6.1 -3.85978e-06 -3.09869e-06
6.125 -3.63234e-06 -2.9061e-06
6.15 -3.41835e-06 -2.72541e-06
6.175 -3.21716e-06 -2.55602e-06
6.2 -3.02815e-06 -2.39737e-06
6.225 -2.85071e-06 -2.24889e-06
6.25 -2.68425e-06 -2.11004e-06
6.275 -2.52821e-06 -1.98031e-06
6.3 -2.38204e-06 -1.8592e-06
6.325 -2.2452e-06 -1.74623e-06
6.35 -2.11718e-06 -1.64092e-06
6.375 -1.9975e-06 -1.54283e-06
6.4 -1.88566e-06 -1.45154e-06
6.425 -1.78121e-06 -1.36661e-06
6.45 -1.68371e-06 -1.28767e-06
6.475 -1.59273e-06 -1.21431e-06
6.5 -1.50787e-06 -1.14618e-06
6.525 -1.42872e-06 -1.08293e-06
6.55 -1.35492e-06 -1.02421e-06
6.575 -1.2861e-06 -9.69713e-07
6.6 -1.22192e-06 -9.1913e-07
6.625 -1.16205e-06 -8.72172e-07
6.65 -1.10619e-06 -8.28561e-07
6.675 -1.05403e-06 -7.88037e-07
6.7 -1.00529e-06 -7.50352e-07
6.725 -9.59711e-07 -7.15275e-07
6.75 -9.17038e-07 -6.82584e-07
6.775 -8.77035e-07 -6.52074e-07
6.8 -8.39481e-07 -6.23553e-07
6.825 -8.04168e-07 -5.96839e-07
6.85 -7.70902e-07 -5.71766e-07
6.875 -7.39502e-07 -5.48177e-07
6.9 -7.098e-07 -5.25929e-07
6.925 -6.81642e-07 -5.0489e-07
6.95 -6.54885e-07 -4.84937e-07
6.975 -6.29398e-07 -4.65961e-07
7 -6.05062e-07 -4.47862e-07
7.025 -5.81768e-07 -4.30547e-07
7.05 -5.59419e-07 -4.13937e-07
7.075 -5.37926e-07 -3.97958e-07
7.1 -5.1721e-07 -3.82546e-07
7.125 -4.97203e-07 -3.67646e-07
7.15 -4.77843e-07 -3.53207e-07
7.175 -4.59076e-07 -3.39189e-07
7.2 -4.40857e-07 -3.25555e-07
7.225 -4.23145e-07 -3.12276e-07
7.25 -4.05908e-07 -2.99327e-07
7.275 -3.89119e-07 -2.86689e-07
7.3 -3.72753e-07 -2.74346e-07
7.325 -3.56795e-07 -2.62286e-07
7.35 -3.41229e-07 -2.50503e-07
7.375 -3.26045e-07 -2.3899e-07
7.4 -3.11237e-07 -2.27745e-07
7.425 -2.96799e-07 -2.16767e-07
7.45 -2.82729e-07 -2.06058e-07
7.475 -2.69027e-07 -1.9562e-07
7.5 -2.55693e-07 -1.85457e-07
7.525 -2.42729e-07 -1.75572e-07
7.55 -2.30138e-07 -1.6597e-07
7.575 -2.17923e-07 -1.56657e-07
7.6 -2.06086e-07 -1.47635e-07
7.625 -1.94632e-07 -1.38911e-07
7.65 -1.83562e-07 -1.30488e-07
7.675 -1.72881e-07 -1.22369e-07
7.7 -1.62589e-07 -1.14557e-07
7.725 -1.52689e-07 -1.07053e-07
7.75 -1.4318e-07 -9.98601e-08
7.775 -1.34063e-07 -9.29772e-08
7.8 -1.25337e-07 -8.64041e-08
7.825 -1.16999e-07 -8.01392e-08
7.85 -1.09048e-07 -7.41804e-08
7.875 -1.0148e-07 -6.85245e-08
7.9 -9.42891e-08 -6.31676e-08
7.925 -8.74718e-08 -5.8105e-08
7.95 -8.10213e-08 -5.33315e-08
7.975 -7.49311e-08 -4.88411e-08
8 -6.91938e-08 -4.46273e-08
8.025 -6.38013e-08 -4.06831e-08
8.05 -5.87452e-08 -3.70012e-08
8.075 -5.40162e-08 -3.35737e-08
8.1 -4.96051e-08 -3.03925e-08
8.125 -4.55018e-08 -2.74493e-08
8.15 -4.16962e-08 -2.47355e-08
8.175 -3.81778e-08 -2.22424e-08
8.2 -3.49358e-08 -1.99612e-08
8.225 -3.19594e-08 -1.7883e-08
8.25 -2.92375e-08 -1.59989e-08
8.275 -2.6759e-08 -1.42998e-08
8.3 -2.45124e-08 -1.27768e-08
8.325 -2.24866e-08 -1.14209e-08
8.35 -2.06701e-08 -1.02232e-08
8.375 -1.90517e-08 -9.17477e-09
8.4 -1.76199e-08 -8.26687e-09
8.425 -1.63634e-08 -7.49067e-09
8.45 -1.5271e-08 -6.83747e-09
8.475 -1.43316e-08 -6.29866e-09
8.5 -1.3534e-08 -5.86568e-09
8.525 -1.28673e-08 -5.53008e-09
8.55 -1.23206e-08 -5.28351e-09
8.575 -1.18834e-08 -5.11775e-09
8.6 -1.15451e-08 -5.02468e-09
8.625 -1.12956e-08 -4.99634e-09
8.65 -1.11247e-08 -5.02494e-09
8.675 -1.10228e-08 -5.10287e-09
8.7 -1.09804e-08 -5.22271e-09
8.725 -1.09883e-08 -5.3773e-09
8.75 -1.10378e-08 -5.5597e-09
8.775 -1.11206e-08 -5.76329e-09
8.8 -1.12286e-08 -5.98173e-09
8.825 -1.13543e-08 -6.20903e-09
8.85 -1.14907e-08 -6.43955e-09
8.875 -1.16312e-08 -6.66803e-09
8.9 -1.17698e-08 -6.88964e-09
8.925 -1.19008e-08 -7.09996e-09
8.95 -1.20194e-08 -7.29502e-09
8.975 -1.2121e-08 -7.47131e-09
9 -1.2202e-08 -7.62578e-09
9.025 -1.22588e-08 -7.75586e-09
9.05 -1.2289e-08 -7.85946e-09
9.075 -1.22902e-08 -7.93496e-09
9.1 -1.22608e-08 -7.98121e-09
9.125 -1.21997e-08 -7.9975e-09
9.15 -1.21064e-08 -7.98358e-09
9.175 -1.19807e-08 -7.93958e-09
9.2 -1.1823e-08 -7.86606e-09
9.225 -1.16341e-08 -7.76392e-09
9.25 -1.14149e-08 -7.63439e-09
9.275 -1.11671e-08 -7.47898e-09
9.3 -1.08924e-08 -7.29949e-09
9.325 -1.05929e-08 -7.09791e-09
9.35 -1.02708e-08 -6.87642e-09
9.375 -9.92847e-09 -6.63731e-09
9.4 -9.56853e-09 -6.383e-09
9.425 -9.19359e-09 -6.11596e-09
9.45 -8.80632e-09 -5.83864e-09
9.475 -8.40939e-09 -5.55351e-09
9.5 -8.00544e-09 -5.26298e-09
9.525 -7.59706e-09 -4.96934e-09
9.55 -7.18671e-09 -4.67482e-09
9.575 -6.77674e-09 -4.38146e-09
9.6 -6.36935e-09 -4.09117e-09
9.625 -5.96658e-09 -3.80567e-09
9.65 -5.57028e-09 -3.52649e-09
9.675 -5.1821e-09 -3.25498e-09
9.7 -4.80349e-09 -2.99226e-09
9.725 -4.43572e-09 -2.73926e-09
9.75 -4.07984e-09 -2.49672e-09
9.775 -3.73669e-09 -2.26516e-09
9.8 -3.40694e-09 -2.04493e-09
9.825 -3.09107e-09 -1.83622e-09
9.85 -2.78939e-09 -1.63904e-09
9.875 -2.50207e-09 -1.45327e-09
9.9 -2.22913e-09 -1.27867e-09
9.925 -1.97047e-09 -1.11489e-09
9.95 -1.72589e-09 -9.61509e-10
9.975 -1.49512e-09 -8.18032e-10
10 -1.27781e-09 -6.83925e-10
10.025 -1.07357e-09 -5.58629e-10
10.05 -8.81969e-10 -4.4158e-10
10.075 -7.02572e-10 -3.32224e-10
10.1 -5.34938e-10 -2.3003e-10
10.125 -3.78637e-10 -1.34507e-10
10.15 -2.33261e-10 -4.5212e-11
10.175 -9.84313e-11 3.8241e-11
10.2 2.61933e-11 1.16176e-10
10.225 1.40915e-10 1.88848e-10
10.25 2.45993e-10 2.56447e-10
10.275 3.41644e-10 3.19094e-10
10.3 4.28044e-10 3.76847e-10
10.325 5.05331e-10 4.29702e-10
10.35 5.7361e-10 4.77607e-10
10.375 6.32961e-10 5.20461e-10
10.4 6.83444e-10 5.5813e-10
10.425 7.25108e-10 5.90456e-10
10.45 7.58001e-10 6.17266e-10
10.475 7.82177e-10 6.38383e-10
10.5 7.97705e-10 6.5364e-10
10.525 8.04678e-10 6.6289e-10
10.55 8.03224e-10 6.66014e-10
10.575 7.93508e-10 6.62934e-10
10.6 7.75742e-10 6.53619e-10
10.625 7.50191e-10 6.38095e-10
10.65 7.17172e-10 6.16447e-10
10.675 6.77066e-10 5.88829e-10
10.7 6.30307e-10 5.5546e-10
10.725 5.77394e-10 5.16633e-10
10.75 5.18881e-10 4.72708e-10
10.775 4.55376e-10 4.24112e-10
10.8 3.87539e-10 3.71337e-10
10.825 3.16072e-10 3.14932e-10
10.85 2.41716e-10 2.55498e-10
10.875 1.6524e-10 1.9368e-10
10.9 8.7433e-11 1.30157e-10
10.925 9.09608e-12 6.56347e-11
10.95 -6.89704e-11 8.30768e-13
10.975 -1.45975e-10 -6.35317e-11
11 -2.21148e-10 -1.26738e-10
11.025 -2.93747e-10 -1.8809e-10
11.05 -3.63073e-10 -2.4692e-10
11.075 -4.28473e-10 -3.02601e-10
11.1 -4.89354e-10 -3.54552e-10
11.125 -5.4519e-10 -4.02252e-10
11.15 -5.95524e-10 -4.45244e-10
11.175 -6.39979e-10 -4.83143e-10
11.2 -6.78259e-10 -5.15642e-10
11.225 -7.10154e-10 -5.42515e-10
11.25 -7.3554e-10 -5.63617e-10
11.275 -7.54378e-10 -5.78891e-10
11.3 -7.66717e-10 -5.88361e-10
11.325 -7.72687e-10 -5.92135e-10
11.35 -7.72498e-10 -5.904e-10
11.375 -7.66432e-10 -5.83414e-10
11.4 -7.5484e-10 -5.71507e-10
11.425 -7.38134e-10 -5.55068e-10
11.45 -7.16778e-10 -5.34542e-10
11.475 -6.9128e-10 -5.10417e-10
11.5 -6.62183e-10 -4.83218e-10
11.525 -6.30056e-10 -4.53498e-10
11.55 -5.95482e-10 -4.21824e-10
11.575 -5.59051e-10 -3.88771e-10
11.6 -5.21351e-10 -3.54911e-10
11.625 -4.82955e-10 -3.20805e-10
11.65 -4.44417e-10 -2.8699e-10
11.675 -4.06261e-10 -2.53975e-10
11.7 -3.68974e-10 -2.22231e-10
11.725 -3.33e-10 -1.92184e-10
11.75 -2.98734e-10 -1.64212e-10
11.775 -2.6652e-10 -1.38637e-10
11.8 -2.36644e-10 -1.15721e-10
11.825 -2.09333e-10 -9.56682e-11
11.85 -1.84754e-10 -7.86175e-11
11.875 -1.63014e-10 -6.46467e-11
11.9 -1.44162e-10 -5.37714e-11
11.925 -1.28187e-10 -4.59476e-11
11.95 -1.15026e-10 -4.10748e-11
11.975 -1.04565e-10 -3.89994e-11
12 -9.66426e-11 -3.95202e-11
12.025 -9.10574e-11 -4.23933e-11
12.05 -8.7573e-11 -4.73385e-11
12.075 -8.59239e-11 -5.40461e-11
12.1 -8.58222e-11 -6.21833e-11
12.125 -8.69644e-11 -7.14019e-11
12.15 -8.90381e-11 -8.13453e-11
12.175 -9.17287e-11 -9.16554e-11
12.2 -9.47258e-11 -1.0198e-10
12.225 -9.77297e-11 -1.1198e-10
12.25 -1.00457e-10 -1.21335e-10
12.275 -1.02645e-10 -1.29747e-10
12.3 -1.04059e-10 -1.3695e-10
12.325 -1.04493e-10 -1.42711e-10
12.35 -1.03775e-10 -1.46835e-10
12.375 -1.0177e-10 -1.49168e-10
12.4 -9.83818e-11 -1.49598e-10
12.425 -9.35509e-11 -1.48057e-10
12.45 -8.72591e-11 -1.4452e-10
12.475 -7.95267e-11 -1.39008e-10
12.5 -7.04116e-11 -1.31584e-10
12.525 -6.00074e-11 -1.22349e-10
12.55 -4.8441e-11 -1.11446e-10
12.575 -3.58691e-11 -9.90479e-11
12.6 -2.24751e-11 -8.53612e-11
12.625 -8.46434e-12 -7.06171e-11
12.65 5.93976e-12 -5.50683e-11
12.675 2.05006e-11 -3.89836e-11
12.7 3.49732e-11 -2.2643e-11
12.725 4.91092e-11 -6.33174e-12
12.75 6.26613e-11 9.66441e-12
12.775 7.53885e-11 2.50649e-11
12.8 8.70606e-11 3.95991e-11
12.825 9.74621e-11 5.30115e-11
12.85 1.06397e-10 6.50657e-11
12.875 1.1369e-10 7.55489e-11
12.9 1.19195e-10 8.42748e-11
12.925 1.2279e-10 9.10875e-11
12.95 1.24385e-10 9.5863e-11
12.975 1.23923e-10 9.85119e-11
13 1.21378e-10 9.89798e-11
13.025 1.16757e-10 9.72485e-11
13.05 1.101e-10 9.33359e-11
13.075 1.01481e-10 8.72949e-11
13.1 9.09999e-11 7.92126e-11
13.125 7.87902e-11 6.92084e-11
13.15 6.50096e-11 5.74318e-11
13.175 4.984e-11 4.40595e-11
13.2 3.3484e-11 2.9292e-11
13.225 1.61618e-11 1.33507e-11
13.25 -1.89275e-12 -3.52638e-12
13.275 -2.04358e-11 -2.10884e-11
13.3 -3.92172e-11 -3.90758e-11
13.325 -5.79847e-11 -5.72248e-11
13.35 -7.64879e-11 -7.52713e-11
13.375 -9.44818e-11 -9.29552e-11
13.4 -1.1173e-10 -1.10024e-10
13.425 -1.28011e-10 -1.26238e-10
13.45 -1.43116e-10 -1.41371e-10
13.475 -1.56857e-10 -1.55218e-10
13.5 -1.69067e-10 -1.67593e-10
13.525 -1.79604e-10 -1.78335e-10
13.55 -1.88349e-10 -1.8731e-10
13.575 -1.95212e-10 -1.94411e-10
13.6 -2.00129e-10 -1.99559e-10
13.625 -2.03067e-10 -2.02707e-10
13.65 -2.04019e-10 -2.03837e-10
13.675 -2.03006e-10 -2.02959e-10
13.7 -2.00079e-10 -2.00116e-10
13.725 -1.95313e-10 -1.95375e-10
13.75 -1.88808e-10 -1.88833e-10
13.775 -1.80688e-10 -1.8061e-10
13.8 -1.71095e-10 -1.70849e-10
13.825 -1.60193e-10 -1.59713e-10
13.85 -1.48158e-10 -1.47382e-10
13.875 -1.35182e-10 -1.34052e-10
13.9 -1.21463e-10 -1.19927e-10
13.925 -1.07209e-10 -1.05223e-10
13.95 -9.26302e-11 -9.01591e-11
13.975 -7.79381e-11 -7.49553e-11
14 -6.33412e-11 -5.98311e-11
14.025 -4.90428e-11 -4.50008e-11
14.05 -3.52382e-11 -3.06711e-11
14.075 -2.21119e-11 -1.70381e-11
14.1 -9.83538e-12 -4.28487e-12
14.125 1.43521e-12 7.42124e-12
14.15 1.15609e-11 1.79304e-11
14.175 2.04213e-11 2.71122e-11
14.2 2.79164e-11 3.48571e-11
14.225 3.39671e-11 4.10776e-11
14.25 3.8516e-11 4.57093e-11
14.275 4.15278e-11 4.87106e-11
14.3 4.29895e-11 5.0064e-11
14.325 4.29098e-11 4.97749e-11
14.35 4.13188e-11 4.78714e-11
14.375 3.8267e-11 4.44038e-11
14.4 3.38242e-11 3.94431e-11
14.425 2.80783e-11 3.30797e-11
14.45 2.11334e-11 2.54218e-11
14.475 1.31084e-11 1.65937e-11
14.5 4.13487e-12 6.73366e-12
14.525 -5.64508e-12 -4.00821e-12
14.55 -1.60808e-11 -1.54722e-11
14.575 -2.70152e-11 -2.74915e-11
14.6 -3.82874e-11 -3.98942e-11
14.625 -4.97346e-11 -5.25062e-11
14.65 -6.11946e-11 -6.51532e-11
14.675 -7.25077e-11 -7.76632e-11
14.7 -8.35189e-11 -8.98687e-11
14.725 -9.40798e-11 -1.01609e-10
14.75 -1.04051e-10 -1.12732e-10
14.775 -1.13302e-10 -1.23095e-10
14.8 -1.21717e-10 -1.3257e-10
14.825 -1.29189e-10 -1.41041e-10
14.85 -1.35628e-10 -1.48406e-10
14.875 -1.40959e-10 -1.5458e-10
14.9 -1.45121e-10 -1.59495e-10
14.925 -1.48071e-10 -1.63099e-10
14.95 -1.49781e-10 -1.6536e-10
14.975 -1.50242e-10 -1.6626e-10
15 -1.49457e-10 -1.65803e-10
15.025 -1.4745e-10 -1.64006e-10
15.05 -1.44255e-10 -1.60904e-10
15.075 -1.39926e-10 -1.56551e-10
15.1 -1.34526e-10 -1.5101e-10
15.125 -1.28133e-10 -1.44363e-10
15.15 -1.20836e-10 -1.36703e-10
15.175 -1.12733e-10 -1.28132e-10
15.2 -1.03932e-10 -1.18764e-10
15.225 -9.45478e-11 -1.08722e-10
15.25 -8.46997e-11 -9.8132e-11
15.275 -7.45117e-11 -8.71278e-11
15.3 -6.41103e-11 -7.58451e-11
15.325 -5.36224e-11 -6.4421e-11
15.35 -4.31744e-11 -5.29925e-11
15.375 -3.28901e-11 -4.16945e-11
15.4 -2.28899e-11 -3.06584e-11
15.425 -1.32888e-11 -2.00107e-11
15.45 -4.19556e-12 -9.87133e-12
15.475 4.28867e-12 -3.52733e-13
15.5 1.20714e-11 8.44171e-12
15.525 1.90696e-11 1.64185e-11
15.55 2.52107e-11 2.34949e-11
15.575 3.04331e-11 2.95998e-11
15.6 3.46868e-11 3.46742e-11
15.625 3.79335e-11 3.86719e-11
15.65 4.01474e-11 4.15595e-11
15.675 4.13145e-11 4.33167e-11
15.7 4.14331e-11 4.39362e-11
15.725 4.05136e-11 4.34236e-11
15.75 3.85779e-11 4.17973e-11
15.775 3.5659e-11 3.90876e-11
15.8 3.18006e-11 3.53367e-11
15.825 2.70565e-11 3.05974e-11
15.85 2.14895e-11 2.49331e-11
15.875 1.51707e-11 1.84162e-11
15.9 8.17883e-12 1.11275e-11
15.925 5.98968e-13 3.15532e-12
15.95 -7.47838e-12 -5.40598e-12
15.975 -1.59583e-11 -1.44567e-11
16 -2.47426e-11 -2.38933e-11
16.025 -3.37309e-11 -3.36091e-11
16.05 -4.28215e-11 -4.3496e-11
16.075 -5.1913e-11 -5.34452e-11
16.1 -6.09048e-11 -6.33483e-11
16.125 -6.96981e-11 -7.3099e-11
16.15 -7.81975e-11 -8.25932e-11
16.175 -8.63112e-11 -9.1731e-11
16.2 -9.39523e-11 -1.00417e-10
16.225 -1.01039e-10 -1.0856e-10
16.25 -1.07497e-10 -1.16078e-10
16.275 -1.13257e-10 -1.22894e-10
16.3 -1.18258e-10 -1.28937e-10
16.325 -1.22449e-10 -1.34149e-10
16.35 -1.25782e-10 -1.38475e-10
16.375 -1.28224e-10 -1.41874e-10
16.4 -1.29746e-10 -1.4431e-10
16.425 -1.3033e-10 -1.45759e-10
16.45 -1.29966e-10 -1.46206e-10
16.475 -1.28653e-10 -1.45644e-10
16.5 -1.264e-10 -1.44077e-10
16.525 -1.23222e-10 -1.41516e-10
16.55 -1.19144e-10 -1.37984e-10
16.575 -1.14199e-10 -1.3351e-10
16.6 -1.08427e-10 -1.28131e-10
16.625 -1.01874e-10 -1.21893e-10
16.65 -9.45924e-11 -1.14847e-10
16.675 -8.66423e-11 -1.07054e-10
16.7 -7.80877e-11 -9.85758e-11
16.725 -6.89971e-11 -8.94839e-11
16.75 -5.94433e-11 -7.9852e-11
16.775 -4.95022e-11 -6.97581e-11
16.8 -3.92524e-11 -5.92832e-11
16.825 -2.87744e-11 -4.85107e-11
16.85 -1.81496e-11 -3.75258e-11
16.875 -7.46035e-12 -2.64142e-11
16.9 3.21142e-12 -1.52623e-11
16.925 1.37845e-11 -4.15555e-12
16.95 2.41789e-11 6.82136e-12
16.975 3.43168e-11 1.75857e-11
17 4.41229e-11 2.8057e-11
17.025 5.35249e-11 3.81579e-11
17.05 6.2454e-11 4.78143e-11
17.075 7.08454e-11 5.6956e-11
17.1 7.86386e-11 6.55174e-11
17.125 8.57779e-11 7.34373e-11
17.15 9.22125e-11 8.06599e-11
17.175 9.7897e-11 8.71347e-11
17.2 1.02791e-10 9.28166e-11
17.225 1.06861e-10 9.76664e-11
17.25 1.10077e-10 1.01651e-10
17.275 1.12418e-10 1.04743e-10
17.3 1.13864e-10 1.06921e-10
17.325 1.14407e-10 1.08171e-10
17.35 1.14038e-10 1.08483e-10
17.375 1.1276e-10 1.07853e-10
17.4 1.10577e-10 1.06285e-10
17.425 1.07499e-10 1.03786e-10
17.45 1.03544e-10 1.0037e-10
17.475 9.87302e-11 9.60558e-11
17.5 9.30844e-11 9.08671e-11
17.525 8.66357e-11 8.48319e-11
17.55 7.94176e-11 7.79829e-11
17.575 7.14672e-11 7.03565e-11
17.6 6.28252e-11 6.19929e-11
17.625 5.35351e-11 5.29355e-11
17.65 4.36429e-11 4.32308e-11
17.675 3.31971e-11 3.29277e-11
17.7 2.22482e-11 2.20772e-11
17.725 1.08479e-11 1.07323e-11
17.75 -9.50491e-13 -1.05266e-12
17.775 -1.3093e-11 -1.32223e-11
17.8 -2.55251e-11 -2.57203e-11
17.825 -3.81919e-11 -3.84904e-11
17.85 -5.1039e-11 -5.14758e-11
17.875 -6.4012e-11 -6.46204e-11
17.9 -7.70575e-11 -7.78685e-11
17.925 -9.01229e-11 -9.11654e-11
17.95 -1.03157e-10 -1.04457e-10
17.975 -1.1611e-10 -1.17692e-10
18 -1.28933e-10 -1.30819e-10
18.025 -1.41582e-10 -1.4379e-10
18.05 -1.5401e-10 -1.56558e-10
18.075 -1.66177e-10 -1.69078e-10
18.1 -1.78042e-10 -1.81309e-10
18.125 -1.8957e-10 -1.93211e-10
18.15 -2.00724e-10 -2.04747e-10
18.175 -2.11474e-10 -2.15884e-10
18.2 -2.2179e-10 -2.26589e-10
18.225 -2.31646e-10 -2.36834e-10
18.25 -2.41018e-10 -2.46594e-10
18.275 -2.49886e-10 -2.55846e-10
18.3 -2.58231e-10 -2.64569e-10
18.325 -2.66038e-10 -2.72747e-10
18.35 -2.73295e-10 -2.80366e-10
18.375 -2.79991e-10 -2.87414e-10
18.4 -2.8612e-10 -2.93883e-10
18.425 -2.91677e-10 -2.99766e-10
18.45 -2.96659e-10 -3.0506e-10
18.475 -3.01066e-10 -3.09764e-10
18.5 -3.049e-10 -3.13879e-10
18.525 -3.08167e-10 -3.17409e-10
18.55 -3.10872e-10 -3.20359e-10
18.575 -3.13023e-10 -3.22737e-10
18.6 -3.14631e-10 -3.24553e-10
18.625 -3.15707e-10 -3.25818e-10
18.65 -3.16265e-10 -3.26545e-10
18.675 -3.16318e-10 -3.26749e-10
18.7 -3.15883e-10 -3.26444e-10
18.725 -3.14977e-10 -3.25648e-10
18.75 -3.13618e-10 -3.2438e-10
18.775 -3.11824e-10 -3.22658e-10
18.8 -3.09615e-10 -3.20502e-10
18.825 -3.07011e-10 -3.17932e-10
18.85 -3.04033e-10 -3.14969e-10
18.875 -3.00702e-10 -3.11636e-10
18.9 -2.97038e-10 -3.07953e-10
18.925 -2.93064e-10 -3.03944e-10
18.95 -2.88801e-10 -2.99629e-10
18.975 -2.84271e-10 -2.95032e-10
19 -2.79495e-10 -2.90174e-10
19.025 -2.74494e-10 -2.85077e-10
19.05 -2.69289e-10 -2.79763e-10
19.075 -2.63901e-10 -2.74254e-10
19.1 -2.5835e-10 -2.6857e-10
19.125 -2.52656e-10 -2.62733e-10
19.15 -2.46838e-10 -2.56761e-10
19.175 -2.40914e-10 -2.50674e-10
19.2 -2.34904e-10 -2.44492e-10
19.225 -2.28823e-10 -2.38232e-10
19.25 -2.2269e-10 -2.31912e-10
19.275 -2.16519e-10 -2.25548e-10
19.3 -2.10327e-10 -2.19158e-10
19.325 -2.04128e-10 -2.12755e-10
19.35 -1.97935e-10 -2.06355e-10
19.375 -1.91762e-10 -1.99972e-10
19.4 -1.85621e-10 -1.93617e-10
19.425 -1.79523e-10 -1.87304e-10
19.45 -1.7348e-10 -1.81044e-10
19.475 -1.675e-10 -1.74846e-10
19.5 -1.61595e-10 -1.68722e-10
19.525 -1.55771e-10 -1.6268e-10
19.55 -1.50037e-10 -1.56728e-10
19.575 -1.444e-10 -1.50875e-10
19.6 -1.38866e-10 -1.45125e-10
19.625 -1.33441e-10 -1.39487e-10
19.65 -1.28131e-10 -1.33965e-10
19.675 -1.22938e-10 -1.28564e-10
19.7 -1.17868e-10 -1.23288e-10
19.725 -1.12923e-10 -1.1814e-10
19.75 -1.08107e-10 -1.13125e-10
19.775 -1.03421e-10 -1.08243e-10
19.8 -9.8867e-11 -1.03498e-10
19.825 -9.44465e-11 -9.88901e-11
19.85 -9.01603e-11 -9.44207e-11
19.875 -8.60086e-11 -9.00902e-11
19.9 -8.19914e-11 -8.58987e-11
19.925 -7.81084e-11 -8.1846e-11
19.95 -7.43588e-11 -7.79315e-11
19.975 -7.07417e-11 -7.41541e-11
20 -6.72556e-11 -7.05126e-11
