0 0.13247 0.141843 -0.0368243 0.0525095
0.025 0.13247 0.141843 -0.0368243 0.0525095
0.05 0.132477 0.14185 -0.0367928 0.0525284
0.075 0.132488 0.14186 -0.0367404 0.0525598
0.1 0.132504 0.141875 -0.0366672 0.0526037
0.125 0.132525 0.141893 -0.0365734 0.05266
0.15 0.132549 0.141916 -0.0364592 0.0527285
0.175 0.132578 0.141943 -0.036325 0.052809
0.2 0.132612 0.141974 -0.0361711 0.0529015
0.225 0.13265 0.142009 -0.0359979 0.0530057
0.25 0.132692 0.142048 -0.0358057 0.0531213
0.275 0.132739 0.142091 -0.0355953 0.053248
0.3 0.13279 0.142138 -0.0353669 0.0533856
0.325 0.132845 0.142189 -0.0351213 0.0535338
0.35 0.132904 0.142244 -0.0348591 0.0536923
0.375 0.132968 0.142302 -0.0345809 0.0538605
0.4 0.133035 0.142364 -0.0342874 0.0540382
0.425 0.133106 0.142429 -0.0339794 0.054225
0.45 0.133181 0.142499 -0.0336576 0.0544204
0.475 0.13326 0.142571 -0.0333229 0.054624
0.5 0.133343 0.142647 -0.0329761 0.0548353
0.525 0.133429 0.142726 -0.032618 0.0550538
0.55 0.133519 0.142808 -0.0322496 0.055279
0.575 0.133611 0.142893 -0.0318717 0.0555104
0.6 0.133708 0.14298 -0.0314853 0.0557475
0.625 0.133807 0.143071 -0.0310913 0.0559898
0.65 0.133908 0.143164 -0.0306907 0.0562365
0.675 0.134013 0.143259 -0.0302844 0.0564874
0.7 0.13412 0.143357 -0.0298734 0.0567416
0.725 0.13423 0.143456 -0.0294587 0.0569987
0.75 0.134341 0.143557 -0.0290413 0.0572581
0.775 0.134455 0.14366 -0.0286221 0.0575192
0.8 0.13457 0.143765 -0.0282022 0.0577813
0.825 0.134687 0.143871 -0.0277825 0.058044
0.85 0.134805 0.143977 -0.0273639 0.0583066
0.875 0.134924 0.144085 -0.0269474 0.0585686
0.9 0.135044 0.144193 -0.026534 0.0588293
0.925 0.135164 0.144301 -0.0261245 0.0590882
0.95 0.135285 0.144409 -0.0257198 0.0593448
0.975 0.135405 0.144518 -0.0253209 0.0595983
1 0.135526 0.144625 -0.0249286 0.0598484
1.025 0.135645 0.144733 -0.0245436 0.0600945
1.05 0.135764 0.144839 -0.0241668 0.060336
1.075 0.135882 0.144944 -0.023799 0.0605725
1.1 0.135998 0.145047 -0.0234408 0.0608033
1.125 0.136113 0.145149 -0.0230929 0.0610282
1.15 0.136225 0.145249 -0.0227561 0.0612466
1.175 0.136336 0.145347 -0.0224308 0.061458
1.2 0.136443 0.145442 -0.0221178 0.0616621
1.225 0.136548 0.145535 -0.0218175 0.0618585
1.25 0.136649 0.145624 -0.0215304 0.0620468
1.275 0.136747 0.14571 -0.0212569 0.0622267
1.3 0.136841 0.145793 -0.0209975 0.0623978
1.325 0.136931 0.145872 -0.0207525 0.0625599
1.35 0.137017 0.145947 -0.0205222 0.0627126
1.375 0.137099 0.146019 -0.0203068 0.0628559
1.4 0.137175 0.146085 -0.0201066 0.0629894
1.425 0.137247 0.146148 -0.0199218 0.0631129
1.45 0.137313 0.146205 -0.0197525 0.0632265
1.475 0.137374 0.146258 -0.0195986 0.0633299
1.5 0.137429 0.146306 -0.0194603 0.0634231
1.525 0.137479 0.146349 -0.0193376 0.063506
1.55 0.137523 0.146387 -0.0192302 0.0635786
1.575 0.13756 0.14642 -0.0191382 0.0636409
1.6 0.137592 0.146447 -0.0190614 0.063693
1.625 0.137617 0.14647 -0.0189995 0.063735
1.65 0.137636 0.146486 -0.0189523 0.0637671
1.675 0.137649 0.146498 -0.0189196 0.0637892
1.7 0.137656 0.146504 -0.0189009 0.0638017
1.725 0.137656 0.146505 -0.0188959 0.0638047
1.75 0.13765 0.146501 -0.0189042 0.0637986
1.775 0.137638 0.146492 -0.0189253 0.0637835
1.8 0.13762 0.146478 -0.0189588 0.0637597
1.825 0.137596 0.14646 -0.0190042 0.0637277
1.85 0.137566 0.146436 -0.0190608 0.0636878
1.875 0.137531 0.146409 -0.0191282 0.0636404
1.9 0.13749 0.146377 -0.0192056 0.0635858
1.925 0.137444 0.146342 -0.0192926 0.0635246
1.95 0.137394 0.146303 -0.0193884 0.0634571
1.975 0.137339 0.14626 -0.0194924 0.063384
2 0.137279 0.146215 -0.0196039 0.0633056
2.025 0.137216 0.146167 -0.0197222 0.0632226
2.05 0.137149 0.146117 -0.0198465 0.0631354
2.075 0.13708 0.146065 -0.0199762 0.0630446
2.1 0.137007 0.146012 -0.0201106 0.0629508
2.125 0.136933 0.145958 -0.0202488 0.0628546
2.15 0.136857 0.145903 -0.0203901 0.0627566
2.175 0.136779 0.145849 -0.0205339 0.0626574
2.2 0.136701 0.145794 -0.0206793 0.0625576
2.225 0.136623 0.145741 -0.0208256 0.0624578
2.25 0.136546 0.145689 -0.0209721 0.0623586
2.275 0.13647 0.14564 -0.0211181 0.0622607
2.3 0.136395 0.145592 -0.0212628 0.0621647
2.325 0.136322 0.145548 -0.0214057 0.0620712
2.35 0.136253 0.145507 -0.0215459 0.0619807
2.375 0.136186 0.145471 -0.0216828 0.061894
2.4 0.136125 0.145439 -0.0218158 0.0618116
2.425 0.136067 0.145412 -0.0219442 0.0617341
2.45 0.136016 0.145392 -0.0220675 0.061662
2.475 0.13597 0.145377 -0.0221851 0.061596
2.5 0.135931 0.145369 -0.0222964 0.0615365
2.525 0.135899 0.145369 -0.0224009 0.0614841
2.55 0.135875 0.145377 -0.0224981 0.0614392
2.575 0.13586 0.145392 -0.0225876 0.0614024
2.6 0.135854 0.145417 -0.022669 0.061374
2.625 0.135857 0.145451 -0.0227418 0.0613546
2.65 0.135871 0.145494 -0.0228056 0.0613444
2.675 0.135896 0.145548 -0.0228603 0.0613439
2.7 0.135932 0.145612 -0.0229054 0.0613535
2.725 0.135979 0.145687 -0.0229408 0.0613733
2.75 0.136039 0.145773 -0.0229661 0.0614036
2.775 0.136112 0.145871 -0.0229813 0.0614448
2.8 0.136197 0.14598 -0.0229862 0.0614969
2.825 0.136296 0.146101 -0.0229808 0.0615601
2.85 0.136409 0.146234 -0.0229648 0.0616347
2.875 0.136535 0.146379 -0.0229384 0.0617205
2.9 0.136676 0.146537 -0.0229015 0.0618177
2.925 0.136831 0.146707 -0.0228542 0.0619263
2.95 0.137 0.146889 -0.0227966 0.0620462
2.975 0.137184 0.147083 -0.0227287 0.0621774
3 0.137382 0.14729 -0.0226508 0.0623197
3.025 0.137595 0.147509 -0.022563 0.0624729
3.05 0.137822 0.147739 -0.0224656 0.0626368
3.075 0.138063 0.147981 -0.0223588 0.0628112
3.1 0.138319 0.148235 -0.0222429 0.0629959
3.125 0.138588 0.148499 -0.0221182 0.0631903
3.15 0.13887 0.148774 -0.0219851 0.0633943
3.175 0.139165 0.149058 -0.0218439 0.0636073
3.2 0.139473 0.149353 -0.021695 0.0638289
3.225 0.139793 0.149656 -0.0215388 0.0640586
3.25 0.140124 0.149968 -0.0213758 0.0642959
3.275 0.140467 0.150287 -0.0212065 0.0645403
3.3 0.140819 0.150613 -0.0210312 0.064791
3.325 0.14118 0.150946 -0.0208506 0.0650475
3.35 0.14155 0.151283 -0.0206651 0.065309
3.375 0.141927 0.151625 -0.0204752 0.065575
3.4 0.142312 0.151971 -0.0202815 0.0658446
3.425 0.142701 0.152319 -0.0200845 0.0661171
3.45 0.143096 0.152668 -0.0198847 0.0663917
3.475 0.143493 0.153018 -0.0196827 0.0666676
3.5 0.143893 0.153367 -0.0194791 0.066944
3.525 0.144294 0.153714 -0.0192744 0.0672199
3.55 0.144695 0.154058 -0.0190692 0.0674946
3.575 0.145095 0.154398 -0.0188639 0.067767
3.6 0.145491 0.154732 -0.0186593 0.0680364
3.625 0.145883 0.155059 -0.0184557 0.0683018
3.65 0.14627 0.155378 -0.0182538 0.0685623
3.675 0.14665 0.155688 -0.018054 0.0688169
3.7 0.147021 0.155986 -0.0178569 0.0690647
3.725 0.147382 0.156272 -0.0176629 0.0693047
3.75 0.147731 0.156545 -0.0174726 0.069536
3.775 0.148067 0.156802 -0.0172864 0.0697576
3.8 0.148389 0.157042 -0.0171048 0.0699687
3.825 0.148694 0.157264 -0.0169281 0.0701682
3.85 0.148981 0.157467 -0.0167569 0.0703552
3.875 0.14925 0.157649 -0.0165914 0.0705289
3.9 0.149497 0.157809 -0.0164321 0.0706883
3.925 0.149722 0.157944 -0.0162792 0.0708326
3.95 0.149922 0.158055 -0.0161331 0.0709609
3.975 0.150097 0.158139 -0.0159942 0.0710722
4 0.150246 0.158194 -0.0158625 0.0711659
4.025 0.150365 0.158221 -0.0157385 0.0712412
4.05 0.150455 0.158217 -0.0156223 0.0712972
4.075 0.150513 0.15818 -0.015514 0.0713332
4.1 0.150539 0.158111 -0.0154139 0.0713485
4.125 0.15053 0.158007 -0.015322 0.0713425
4.15 0.150486 0.157867 -0.0152385 0.0713145
4.175 0.150406 0.157691 -0.0151633 0.0712639
4.2 0.150287 0.157477 -0.0150967 0.0711902
4.225 0.15013 0.157224 -0.0150384 0.0710928
4.25 0.149933 0.156931 -0.0149887 0.0709712
4.275 0.149695 0.156598 -0.0149473 0.0708251
4.3 0.149415 0.156222 -0.0149142 0.0706541
4.325 0.149092 0.155805 -0.0148893 0.0704578
4.35 0.148726 0.155344 -0.0148725 0.0702358
4.375 0.148316 0.15484 -0.0148637 0.0699881
4.4 0.147861 0.154291 -0.0148625 0.0697144
4.425 0.14736 0.153698 -0.0148689 0.0694144
4.45 0.146814 0.153059 -0.0148826 0.0690883
4.475 0.146221 0.152375 -0.0149033 0.0687358
4.5 0.145582 0.151645 -0.0149308 0.068357
4.525 0.144896 0.150869 -0.0149647 0.067952
4.55 0.144163 0.150047 -0.0150048 0.0675209
4.575 0.143384 0.149178 -0.0150506 0.0670638
4.6 0.142557 0.148264 -0.0151019 0.066581
4.625 0.141684 0.147304 -0.0151583 0.0660726
4.65 0.140764 0.146298 -0.0152194 0.0655391
4.675 0.139798 0.145246 -0.0152848 0.0649807
4.7 0.138786 0.14415 -0.015354 0.0643979
4.725 0.13773 0.143009 -0.0154267 0.0637912
4.75 0.136628 0.141824 -0.0155024 0.063161
4.775 0.135482 0.140596 -0.0155806 0.0625078
4.8 0.134293 0.139326 -0.015661 0.0618323
4.825 0.133061 0.138013 -0.0157431 0.0611351
4.85 0.131788 0.13666 -0.0158263 0.0604168
4.875 0.130474 0.135267 -0.0159103 0.0596782
4.9 0.129121 0.133835 -0.0159946 0.05892
4.925 0.127729 0.132365 -0.0160788 0.0581429
4.95 0.1263 0.130858 -0.0161623 0.0573478
4.975 0.124835 0.129316 -0.0162447 0.0565355
5 0.123335 0.127739 -0.0163256 0.0557069
5.025 0.121801 0.12613 -0.0164045 0.0548629
5.05 0.120236 0.12449 -0.016481 0.0540043
5.075 0.11864 0.122819 -0.0165546 0.0531322
5.1 0.117015 0.12112 -0.0166251 0.0522474
5.125 0.115362 0.119394 -0.0166918 0.051351
5.15 0.113684 0.117642 -0.0167545 0.0504438
5.175 0.111981 0.115867 -0.0168127 0.049527
5.2 0.110256 0.114069 -0.0168662 0.0486015
5.225 0.10851 0.112251 -0.0169145 0.0476683
5.25 0.106744 0.110414 -0.0169573 0.0467285
5.275 0.104961 0.10856 -0.0169944 0.045783
5.3 0.103163 0.106691 -0.0170253 0.0448329
5.325 0.10135 0.104808 -0.0170499 0.0438791
5.35 0.0995247 0.102913 -0.0170678 0.0429227
5.375 0.0976892 0.101008 -0.0170789 0.0419647
5.4 0.0958448 0.099095 -0.0170829 0.041006
5.425 0.0939934 0.097175 -0.0170796 0.0400477
5.45 0.0921367 0.0952502 -0.0170689 0.0390907
5.475 0.0902764 0.0933221 -0.0170505 0.0381358
5.5 0.0884141 0.0913927 -0.0170244 0.0371841
5.525 0.0865517 0.0894634 -0.0169904 0.0362365
5.55 0.0846906 0.0875361 -0.0169486 0.0352937
5.575 0.0828326 0.0856122 -0.0168987 0.0343568
5.6 0.0809793 0.0836936 -0.0168407 0.0334264
5.625 0.0791321 0.0817816 -0.0167747 0.0325035
5.65 0.0772926 0.079878 -0.0167006 0.0315887
5.675 0.0754624 0.0779841 -0.0166184 0.0306828
5.7 0.0736428 0.0761014 -0.0165283 0.0297866
5.725 0.0718352 0.0742314 -0.0164302 0.0289006
5.75 0.070041 0.0723754 -0.0163242 0.0280256
5.775 0.0682615 0.0705348 -0.0162104 0.0271622
5.8 0.066498 0.0687108 -0.016089 0.0263109
5.825 0.0647516 0.0669047 -0.0159601 0.0254723
5.85 0.0630234 0.0651176 -0.0158239 0.0246469
5.875 0.0613147 0.0633507 -0.0156804 0.0238351
5.9 0.0596264 0.0616049 -0.01553 0.0230375
5.925 0.0579594 0.0598813 -0.0153727 0.0222543
5.95 0.0563148 0.0581809 -0.0152089 0.021486
5.975 0.0546934 0.0565046 -0.0150387 0.0207329
6 0.053096 0.0548531 -0.0148624 0.0199953
6.025 0.0515233 0.0532272 -0.0146802 0.0192735
6.05 0.0499761 0.0516278 -0.0144925 0.0185676
6.075 0.048455 0.0500553 -0.0142994 0.017878
6.1 0.0469605 0.0485104 -0.0141012 0.0172046
6.125 0.0454933 0.0469937 -0.0138983 0.0165477
6.15 0.0440537 0.0455056 -0.013691 0.0159073
6.175 0.0426421 0.0440465 -0.0134794 0.0152836
6.2 0.041259 0.0426169 -0.013264 0.0146765
6.225 0.0399047 0.041217 -0.013045 0.014086
6.25 0.0385793 0.0398471 -0.0128228 0.0135122
6.275 0.0372831 0.0385075 -0.0125976 0.0129549
6.3 0.0360163 0.0371981 -0.0123698 0.0124141
6.325 0.0347789 0.0359193 -0.0121397 0.0118898
6.35 0.033571 0.0346709 -0.0119076 0.0113817
6.375 0.0323926 0.0334532 -0.0116737 0.0108897
6.4 0.0312438 0.0322659 -0.0114385 0.0104137
6.425 0.0301244 0.0311091 -0.0112021 0.00995348
6.45 0.0290343 0.0299826 -0.010965 0.00950881
6.475 0.0279733 0.0288862 -0.0107273 0.00907948
6.5 0.0269414 0.0278199 -0.0104894 0.00866526
6.525 0.0259381 0.0267833 -0.0102515 0.0082659
6.55 0.0249635 0.0257762 -0.0100139 0.00788111
6.575 0.024017 0.0247982 -0.00977697 0.00751064
6.6 0.0230984 0.0238492 -0.00954084 0.00715418
6.625 0.0222075 0.0229287 -0.00930579 0.00681144
6.65 0.0213437 0.0220363 -0.00907207 0.00648212
6.675 0.0205068 0.0211717 -0.0088399 0.00616588
6.7 0.0196963 0.0203344 -0.00860951 0.00586243
6.725 0.0189117 0.0195239 -0.0083811 0.00557141
6.75 0.0181528 0.0187399 -0.00815488 0.00529252
6.775 0.0174189 0.0179818 -0.00793103 0.00502541
6.8 0.0167096 0.0172492 -0.00770973 0.00476974
6.825 0.0160244 0.0165415 -0.00749116 0.00452518
6.85 0.0153629 0.0158582 -0.00727547 0.00429138
6.875 0.0147244 0.0151988 -0.0070628 0.00406802
6.9 0.0141086 0.0145628 -0.00685331 0.00385475
6.925 0.0135148 0.0139496 -0.00664711 0.00365124
6.95 0.0129426 0.0133586 -0.00644431 0.00345716
6.975 0.0123913 0.0127894 -0.00624504 0.00327217
7 0.0118605 0.0122413 -0.00604937 0.00309595
7.025 0.0113497 0.0117138 -0.0058574 0.00292818
7.05 0.0108582 0.0112063 -0.00566921 0.00276855
7.075 0.0103856 0.0107183 -0.00548485 0.00261673
7.1 0.00993133 0.0102492 -0.00530439 0.00247243
7.125 0.00949482 0.00979855 -0.00512787 0.00233534
7.15 0.00907555 0.00936568 -0.00495533 0.00220518
7.175 0.00867302 0.00895009 -0.0047868 0.00208164
7.2 0.00828669 0.00855124 -0.0046223 0.00196447
7.225 0.00791605 0.00816859 -0.00446185 0.00185337
7.25 0.0075606 0.00780164 -0.00430545 0.00174809
7.275 0.00721983 0.00744984 -0.0041531 0.00164837
7.3 0.00689325 0.0071127 -0.00400479 0.00155396
7.325 0.00658038 0.00678972 -0.0038605 0.00146461
7.35 0.00628074 0.0064804 -0.00372022 0.00138009
7.375 0.00599386 0.00618426 -0.00358391 0.00130017
7.4 0.0057193 0.00590082 -0.00345155 0.00122464
7.425 0.00545659 0.00562964 -0.00332309 0.00115327
7.45 0.00520531 0.00537024 -0.00319849 0.00108588
7.475 0.00496502 0.0051222 -0.00307771 0.00102225
7.5 0.00473531 0.00488508 -0.00296068 0.000962196
7.525 0.00451578 0.00465846 -0.00284737 0.000905545
7.55 0.00430603 0.00444193 -0.0027377 0.000852117
7.575 0.00410567 0.0042351 -0.00263161 0.000801745
7.6 0.00391433 0.00403758 -0.00252905 0.000754268
7.625 0.00373165 0.003849 -0.00242993 0.000709534
7.65 0.00355727 0.00366899 -0.0023342 0.000667396
7.675 0.00339087 0.0034972 -0.00224177 0.000627712
7.7 0.00323209 0.00333329 -0.00215259 0.00059035
7.725 0.00308063 0.00317692 -0.00206656 0.000555182
7.75 0.00293617 0.00302779 -0.00198362 0.000522087
7.775 0.00279842 0.00288558 -0.00190368 0.000490947
7.8 0.00266709 0.00274999 -0.00182668 0.000461655
7.825 0.0025419 0.00262073 -0.00175252 0.000434103
7.85 0.00242258 0.00249754 -0.00168115 0.000408194
7.875 0.00230886 0.00238013 -0.00161246 0.000383833
7.9 0.00220051 0.00226826 -0.0015464 0.000360931
7.925 0.00209729 0.00216167 -0.00148287 0.000339401
7.95 0.00199895 0.00206014 -0.00142181 0.000319165
7.975 0.00190528 0.00196342 -0.00136313 0.000300146
8 0.00181607 0.0018713 -0.00130676 0.000282272
8.025 0.00173111 0.00178358 -0.00125262 0.000265475
8.05 0.0016502 0.00170003 -0.00120065 0.000249691
8.075 0.00157316 0.00162048 -0.00115076 0.00023486
8.1 0.00149981 0.00154474 -0.00110289 0.000220923
8.125 0.00142996 0.00147262 -0.00105697 0.000207827
8.15 0.00136347 0.00140396 -0.00101292 0.000195521
8.175 0.00130016 0.00133859 -0.000970676 0.000183958
8.2 0.00123989 0.00127636 -0.000930177 0.000173091
8.225 0.00118251 0.00121711 -0.000891357 0.000162879
8.25 0.00112789 0.00116071 -0.000854151 0.000153281
8.275 0.00107588 0.00110702 -0.000818499 0.000144261
8.3 0.00102637 0.0010559 -0.000784341 0.000135781
8.325 0.000979232 0.00100724 -0.000751617 0.000127811
8.35 0.000934351 0.000960907 -0.000720273 0.000120317
8.375 0.000891618 0.000916795 -0.000690253 0.000113271
8.4 0.000850928 0.000874795 -0.000661504 0.000106646
8.425 0.00081218 0.000834803 -0.000633974 0.000100415
8.45 0.00077528 0.000796721 -0.000607614 9.45539e-05
8.475 0.000740136 0.000760456 -0.000582375 8.90408e-05
8.5 0.000706663 0.000725918 -0.00055821 8.38541e-05
8.525 0.000674778 0.000693023 -0.000535076 7.89736e-05
8.55 0.000644403 0.000661689 -0.000512927 7.43808e-05
8.575 0.000615464 0.000631839 -0.000491723 7.0058e-05
8.6 0.000587889 0.000603401 -0.000471424 6.59888e-05
8.625 0.000561611 0.000576305 -0.00045199 6.21578e-05
8.65 0.000536566 0.000550484 -0.000433383 5.85505e-05
8.675 0.000512693 0.000525876 -0.000415569 5.51534e-05
8.7 0.000489935 0.000502421 -0.000398513 5.19539e-05
8.725 0.000468235 0.000480061 -0.000382181 4.894e-05
8.75 0.000447543 0.000458744 -0.000366543 4.61007e-05
8.775 0.000427809 0.000438417 -0.000351566 4.34254e-05
8.8 0.000408984 0.000419032 -0.000337223 4.09045e-05
8.825 0.000391026 0.000400542 -0.000323485 3.85287e-05
8.85 0.00037389 0.000382904 -0.000310325 3.62894e-05
8.875 0.000357538 0.000366076 -0.000297718 3.41787e-05
8.9 0.000341929 0.000350017 -0.000285639 3.2189e-05
8.925 0.00032703 0.000334692 -0.000274065 3.03132e-05
8.95 0.000312804 0.000320063 -0.000262974 2.85446e-05
8.975 0.000299219 0.000306097 -0.000252343 2.68771e-05
9 0.000286244 0.000292762 -0.000242153 2.53047e-05
9.025 0.00027385 0.000280028 -0.000232384 2.38221e-05
9.05 0.000262009 0.000267865 -0.000223017 2.2424e-05
9.075 0.000250695 0.000256246 -0.000214034 2.11056e-05
9.1 0.000239881 0.000245144 -0.000205419 1.98625e-05
9.125 0.000229545 0.000234536 -0.000197156 1.86902e-05
9.15 0.000219663 0.000224398 -0.000189228 1.75848e-05
9.175 0.000210216 0.000214707 -0.000181622 1.65426e-05
9.2 0.000201181 0.000205443 -0.000174323 1.55599e-05
9.225 0.000192539 0.000196585 -0.000167318 1.46335e-05
9.25 0.000184273 0.000188114 -0.000160594 1.37602e-05
9.275 0.000176366 0.000180013 -0.000154139 1.2937e-05
9.3 0.0001688 0.000172264 -0.000147941 1.21611e-05
9.325 0.000161559 0.000164851 -0.000141991 1.14299e-05
9.35 0.00015463 0.000157758 -0.000136276 1.0741e-05
9.375 0.000147998 0.000150972 -0.000130788 1.0092e-05
9.4 0.000141649 0.000144478 -0.000125516 9.4806e-06
9.425 0.000135571 0.000138262 -0.000120452 8.90484e-06
9.45 0.000129752 0.000132313 -0.000115588 8.3627e-06
9.475 0.000124181 0.000126619 -0.000110914 7.85234e-06
9.5 0.000118845 0.000121167 -0.000106423 7.37199e-06
9.525 0.000113736 0.000115948 -0.000102108 6.91999e-06
9.55 0.000108843 0.000110951 -9.79618e-05 6.49478e-06
9.575 0.000104157 0.000106167 -9.39773e-05 6.09488e-06
9.6 9.96689e-05 0.000101586 -9.01482e-05 5.71886e-06
9.625 9.53701e-05 9.71993e-05 -8.64685e-05 5.36541e-06
9.65 9.12526e-05 9.29987e-05 -8.29322e-05 5.03327e-06
9.675 8.73088e-05 8.89762e-05 -7.95337e-05 4.72124e-06
9.7 8.35312e-05 8.51242e-05 -7.62678e-05 4.4282e-06
9.725 7.99129e-05 8.14354e-05 -7.31292e-05 4.15306e-06
9.75 7.64473e-05 7.79029e-05 -7.01132e-05 3.89483e-06
9.775 7.31279e-05 7.45202e-05 -6.72151e-05 3.65254e-06
9.8 6.99487e-05 7.12809e-05 -6.44304e-05 3.42528e-06
9.825 6.69038e-05 6.81791e-05 -6.17548e-05 3.21218e-06
9.85 6.39878e-05 6.52091e-05 -5.91842e-05 3.01243e-06
9.875 6.11954e-05 6.23653e-05 -5.67148e-05 2.82525e-06
9.9 5.85214e-05 5.96425e-05 -5.43427e-05 2.64991e-06
9.925 5.5961e-05 5.70358e-05 -5.20644e-05 2.48571e-06
9.95 5.35097e-05 5.45403e-05 -4.98763e-05 2.33199e-06
9.975 5.11628e-05 5.21515e-05 -4.77752e-05 2.18813e-06
10 4.89163e-05 4.9865e-05 -4.57579e-05 2.05353e-06
10.025 4.6766e-05 4.76765e-05 -4.38212e-05 1.92763e-06
10.05 4.4708e-05 4.55821e-05 -4.19623e-05 1.80991e-06
10.075 4.27385e-05 4.35779e-05 -4.01782e-05 1.69985e-06
10.1 4.08541e-05 4.16602e-05 -3.84663e-05 1.59699e-06
10.125 3.90511e-05 3.98255e-05 -3.68238e-05 1.50086e-06
10.15 3.73263e-05 3.80704e-05 -3.52483e-05 1.41106e-06
10.175 3.56765e-05 3.63915e-05 -3.37372e-05 1.32717e-06
10.2 3.40987e-05 3.47858e-05 -3.22882e-05 1.24881e-06
10.225 3.25899e-05 3.32503e-05 -3.08991e-05 1.17564e-06
10.25 3.11474e-05 3.17821e-05 -2.95675e-05 1.1073e-06
10.275 2.97683e-05 3.03784e-05 -2.82914e-05 1.04349e-06
10.3 2.84501e-05 2.90365e-05 -2.70687e-05 9.83893e-07
10.325 2.71903e-05 2.77539e-05 -2.58974e-05 9.28239e-07
10.35 2.59864e-05 2.65281e-05 -2.47756e-05 8.76259e-07
10.375 2.48362e-05 2.53568e-05 -2.37014e-05 8.27703e-07
10.4 2.37374e-05 2.42376e-05 -2.2673e-05 7.82338e-07
10.425 2.26879e-05 2.31685e-05 -2.16886e-05 7.39944e-07
10.45 2.16856e-05 2.21473e-05 -2.07467e-05 7.00315e-07
10.475 2.07285e-05 2.1172e-05 -1.98455e-05 6.63258e-07
10.5 1.98148e-05 2.02407e-05 -1.89835e-05 6.28593e-07
10.525 1.89425e-05 1.93515e-05 -1.81591e-05 5.96153e-07
10.55 1.811e-05 1.85025e-05 -1.7371e-05 5.65778e-07
10.575 1.73155e-05 1.76922e-05 -1.66175e-05 5.37324e-07
10.6 1.65574e-05 1.69188e-05 -1.58975e-05 5.10653e-07
10.625 1.58341e-05 1.61807e-05 -1.52095e-05 4.85638e-07
10.65 1.51441e-05 1.54765e-05 -1.45522e-05 4.62161e-07
10.675 1.4486e-05 1.48047e-05 -1.39244e-05 4.40113e-07
10.7 1.38584e-05 1.41638e-05 -1.3325e-05 4.1939e-07
10.725 1.32599e-05 1.35525e-05 -1.27526e-05 3.999e-07
10.75 1.26892e-05 1.29694e-05 -1.22063e-05 3.81555e-07
10.775 1.21451e-05 1.24135e-05 -1.16849e-05 3.64272e-07
10.8 1.16265e-05 1.18833e-05 -1.11874e-05 3.47978e-07
10.825 1.11321e-05 1.13779e-05 -1.07127e-05 3.32603e-07
10.85 1.06609e-05 1.08961e-05 -1.02599e-05 3.18083e-07
10.875 1.02119e-05 1.04367e-05 -9.82801e-06 3.04359e-07
10.9 9.78392e-06 9.9989e-06 -9.41615e-06 2.91376e-07
10.925 9.37612e-06 9.5816e-06 -9.02343e-06 2.79083e-07
10.95 8.98752e-06 9.18387e-06 -8.649e-06 2.67435e-07
10.975 8.61725e-06 8.80482e-06 -8.29204e-06 2.56388e-07
11 8.26443e-06 8.44357e-06 -7.95177e-06 2.45901e-07
11.025 7.92825e-06 8.0993e-06 -7.62742e-06 2.3594e-07
11.05 7.60792e-06 7.77121e-06 -7.31827e-06 2.26468e-07
11.075 7.30268e-06 7.45852e-06 -7.02361e-06 2.17456e-07
11.1 7.01181e-06 7.1605e-06 -6.74276e-06 2.08873e-07
11.125 6.7346e-06 6.87646e-06 -6.47507e-06 2.00693e-07
11.15 6.47039e-06 6.6057e-06 -6.21992e-06 1.92891e-07
11.175 6.21855e-06 6.34759e-06 -5.97671e-06 1.85443e-07
11.2 5.97847e-06 6.1015e-06 -5.74485e-06 1.78327e-07
11.225 5.74954e-06 5.86684e-06 -5.5238e-06 1.71524e-07
11.25 5.53123e-06 5.64304e-06 -5.31301e-06 1.65014e-07
11.275 5.32298e-06 5.42955e-06 -5.11199e-06 1.58779e-07
11.3 5.1243e-06 5.22585e-06 -4.92025e-06 1.52803e-07
11.325 4.93468e-06 5.03145e-06 -4.7373e-06 1.47071e-07
11.35 4.75367e-06 4.84585e-06 -4.56272e-06 1.41567e-07
11.375 4.5808e-06 4.66862e-06 -4.39606e-06 1.36279e-07
11.4 4.41567e-06 4.49932e-06 -4.23693e-06 1.31193e-07
11.425 4.25786e-06 4.33752e-06 -4.08492e-06 1.26297e-07
11.45 4.10698e-06 4.18283e-06 -3.93967e-06 1.2158e-07
11.475 3.96267e-06 4.03489e-06 -3.80082e-06 1.17032e-07
11.5 3.82457e-06 3.89332e-06 -3.66804e-06 1.12642e-07
11.525 3.69236e-06 3.75779e-06 -3.54099e-06 1.084e-07
11.55 3.5657e-06 3.62797e-06 -3.41937e-06 1.04299e-07
11.575 3.44431e-06 3.50356e-06 -3.3029e-06 1.00331e-07
11.6 3.3279e-06 3.38426e-06 -3.19129e-06 9.64866e-08
11.625 3.2162e-06 3.2698e-06 -3.08428e-06 9.27601e-08
11.65 3.10895e-06 3.15992e-06 -2.98163e-06 8.91448e-08
11.675 3.00591e-06 3.05436e-06 -2.88309e-06 8.56348e-08
11.7 2.90685e-06 2.9529e-06 -2.78845e-06 8.22246e-08
11.725 2.81155e-06 2.85531e-06 -2.6975e-06 7.89094e-08
11.75 2.71982e-06 2.76139e-06 -2.61002e-06 7.56847e-08
11.775 2.63146e-06 2.67095e-06 -2.52585e-06 7.25466e-08
11.8 2.5463e-06 2.58379e-06 -2.4448e-06 6.94916e-08
11.825 2.46415e-06 2.49974e-06 -2.36671e-06 6.65166e-08
11.85 2.38488e-06 2.41865e-06 -2.29141e-06 6.36189e-08
11.875 2.30832e-06 2.34037e-06 -2.21877e-06 6.07965e-08
11.9 2.23434e-06 2.26474e-06 -2.14865e-06 5.80472e-08
11.925 2.16281e-06 2.19164e-06 -2.0809e-06 5.53698e-08
11.95 2.09361e-06 2.12095e-06 -2.01543e-06 5.27629e-08
11.975 2.02662e-06 2.05255e-06 -1.9521e-06 5.02258e-08
12 1.96174e-06 1.98634e-06 -1.89082e-06 4.77578e-08
12.025 1.89888e-06 1.9222e-06 -1.83149e-06 4.53586e-08
12.05 1.83794e-06 1.86006e-06 -1.774e-06 4.3028e-08
12.075 1.77884e-06 1.79982e-06 -1.71829e-06 4.07661e-08
12.1 1.72149e-06 1.7414e-06 -1.66425e-06 3.85732e-08
12.125 1.66583e-06 1.68473e-06 -1.61183e-06 3.64496e-08
12.15 1.61179e-06 1.62974e-06 -1.56095e-06 3.43958e-08
12.175 1.5593e-06 1.57636e-06 -1.51154e-06 3.24123e-08
12.2 1.5083e-06 1.52454e-06 -1.46354e-06 3.04996e-08
12.225 1.45875e-06 1.47421e-06 -1.41689e-06 2.86584e-08
12.25 1.41058e-06 1.42533e-06 -1.37155e-06 2.68893e-08
12.275 1.36376e-06 1.37783e-06 -1.32745e-06 2.51926e-08
12.3 1.31824e-06 1.33169e-06 -1.28455e-06 2.35689e-08
12.325 1.27397e-06 1.28685e-06 -1.24282e-06 2.20186e-08
12.35 1.23092e-06 1.24328e-06 -1.2022e-06 2.05418e-08
12.375 1.18905e-06 1.20093e-06 -1.16265e-06 1.91387e-08
12.4 1.14832e-06 1.15977e-06 -1.12415e-06 1.78093e-08
12.425 1.10871e-06 1.11976e-06 -1.08665e-06 1.65533e-08
12.45 1.07018e-06 1.08087e-06 -1.05013e-06 1.53704e-08
12.475 1.0327e-06 1.04307e-06 -1.01455e-06 1.426e-08
12.5 9.96244e-07 1.00633e-06 -9.79889e-07 1.32213e-08
12.525 9.60784e-07 9.70618e-07 -9.46111e-07 1.22533e-08
12.55 9.26295e-07 9.35904e-07 -9.13194e-07 1.13548e-08
12.575 8.9275e-07 9.02162e-07 -8.81113e-07 1.05246e-08
12.6 8.60126e-07 8.69367e-07 -8.49845e-07 9.76094e-09
12.625 8.28399e-07 8.37491e-07 -8.19367e-07 9.06212e-09
12.65 7.97547e-07 8.06511e-07 -7.89659e-07 8.42616e-09
12.675 7.67546e-07 7.76402e-07 -7.607e-07 7.85092e-09
12.7 7.38376e-07 7.4714e-07 -7.32471e-07 7.33408e-09
12.725 7.10016e-07 7.18701e-07 -7.04955e-07 6.87318e-09
12.75 6.82445e-07 6.91065e-07 -6.78134e-07 6.46561e-09
12.775 6.55644e-07 6.64209e-07 -6.51992e-07 6.10864e-09
12.8 6.29594e-07 6.38113e-07 -6.26514e-07 5.79944e-09
12.825 6.04276e-07 6.12755e-07 -6.01685e-07 5.53508e-09
12.85 5.79672e-07 5.88117e-07 -5.77492e-07 5.31258e-09
12.875 5.55765e-07 5.64179e-07 -5.53921e-07 5.1289e-09
12.9 5.32539e-07 5.40924e-07 -5.30962e-07 4.98098e-09
12.925 5.09978e-07 5.18335e-07 -5.08604e-07 4.86575e-09
12.95 4.88067e-07 4.96395e-07 -4.86835e-07 4.78014e-09
12.975 4.66791e-07 4.75088e-07 -4.65646e-07 4.72116e-09
13 4.46138e-07 4.54401e-07 -4.45029e-07 4.68582e-09
13.025 4.26093e-07 4.34319e-07 -4.24977e-07 4.67124e-09
13.05 4.06646e-07 4.1483e-07 -4.05481e-07 4.67463e-09
13.075 3.87786e-07 3.95923e-07 -3.86536e-07 4.69329e-09
13.1 3.69502e-07 3.77586e-07 -3.68137e-07 4.72467e-09
13.125 3.51784e-07 3.5981e-07 -3.50277e-07 4.76635e-09
13.15 3.34625e-07 3.42586e-07 -3.32954e-07 4.81606e-09
13.175 3.18017e-07 3.25906e-07 -3.16163e-07 4.87171e-09
13.2 3.01954e-07 3.09765e-07 -2.99902e-07 4.93137e-09
13.225 2.86428e-07 2.94155e-07 -2.84169e-07 4.99333e-09
13.25 2.71437e-07 2.79073e-07 -2.68961e-07 5.05603e-09
13.275 2.56974e-07 2.64513e-07 -2.54277e-07 5.11814e-09
13.3 2.43036e-07 2.50474e-07 -2.40117e-07 5.17853e-09
13.325 2.29622e-07 2.36953e-07 -2.2648e-07 5.23625e-09
13.35 2.16728e-07 2.23947e-07 -2.13366e-07 5.29059e-09
13.375 2.04354e-07 2.11457e-07 -2.00775e-07 5.341e-09
13.4 1.92498e-07 1.99482e-07 -1.88708e-07 5.38718e-09
13.425 1.81159e-07 1.88022e-07 -1.77164e-07 5.42898e-09
13.45 1.70339e-07 1.77079e-07 -1.66146e-07 5.46647e-09
13.475 1.60036e-07 1.66652e-07 -1.55652e-07 5.49986e-09
13.5 1.50253e-07 1.56744e-07 -1.45685e-07 5.52958e-09
13.525 1.40988e-07 1.47356e-07 -1.36243e-07 5.55619e-09
13.55 1.32244e-07 1.38489e-07 -1.27329e-07 5.5804e-09
13.575 1.24022e-07 1.30147e-07 -1.1894e-07 5.60306e-09
13.6 1.16321e-07 1.22329e-07 -1.11079e-07 5.62514e-09
13.625 1.09143e-07 1.15039e-07 -1.03743e-07 5.64773e-09
13.65 1.02489e-07 1.08276e-07 -9.69319e-08 5.672e-09
13.675 9.63581e-08 1.02042e-07 -9.0644e-08 5.69921e-09
13.7 9.07506e-08 9.63385e-08 -8.48772e-08 5.73066e-09
13.725 8.56656e-08 9.11642e-08 -7.96287e-08 5.76773e-09
13.75 8.11022e-08 8.65189e-08 -7.48953e-08 5.81181e-09
13.775 7.70584e-08 8.24016e-08 -7.0673e-08 5.86431e-09
13.8 7.35318e-08 7.88102e-08 -6.69569e-08 5.92665e-09
13.825 7.05191e-08 7.57421e-08 -6.37416e-08 6.00022e-09
13.85 6.80165e-08 7.31936e-08 -6.10208e-08 6.0864e-09
13.875 6.60191e-08 7.11604e-08 -5.87874e-08 6.18651e-09
13.9 6.45211e-08 6.96371e-08 -5.70335e-08 6.30183e-09
13.925 6.35159e-08 6.86173e-08 -5.57502e-08 6.43356e-09
13.95 6.29961e-08 6.80936e-08 -5.49279e-08 6.58282e-09
13.975 6.2953e-08 6.80576e-08 -5.45563e-08 6.75065e-09
14 6.33771e-08 6.84998e-08 -5.46238e-08 6.93798e-09
14.025 6.42579e-08 6.94097e-08 -5.51184e-08 7.14562e-09
14.05 6.55839e-08 7.07757e-08 -5.60271e-08 7.3743e-09
14.075 6.73426e-08 7.25852e-08 -5.7336e-08 7.62458e-09
14.1 6.95204e-08 7.48245e-08 -5.90306e-08 7.89693e-09
14.125 7.21031e-08 7.74789e-08 -6.10956e-08 8.19165e-09
14.15 7.50751e-08 8.05328e-08 -6.35149e-08 8.50893e-09
14.175 7.84201e-08 8.39695e-08 -6.62718e-08 8.84881e-09
14.2 8.21211e-08 8.77714e-08 -6.9349e-08 9.2112e-09
14.225 8.61601e-08 9.19202e-08 -7.27286e-08 9.59584e-09
14.25 9.05183e-08 9.63967e-08 -7.6392e-08 1.00024e-08
14.275 9.51762e-08 1.01181e-07 -8.03204e-08 1.04302e-08
14.3 1.00114e-07 1.06252e-07 -8.44944e-08 1.08788e-08
14.325 1.0531e-07 1.11589e-07 -8.88943e-08 1.13474e-08
14.35 1.10745e-07 1.1717e-07 -9.35e-08 1.18349e-08
14.375 1.16395e-07 1.22972e-07 -9.82914e-08 1.23405e-08
14.4 1.22239e-07 1.28974e-07 -1.03248e-07 1.28629e-08
14.425 1.28255e-07 1.35151e-07 -1.08349e-07 1.34009e-08
14.45 1.3442e-07 1.41481e-07 -1.13575e-07 1.39531e-08
14.475 1.40711e-07 1.4794e-07 -1.18904e-07 1.45182e-08
14.5 1.47105e-07 1.54505e-07 -1.24316e-07 1.50946e-08
14.525 1.5358e-07 1.61152e-07 -1.29791e-07 1.56807e-08
14.55 1.60113e-07 1.67858e-07 -1.35308e-07 1.62748e-08
14.575 1.66681e-07 1.74599e-07 -1.40849e-07 1.68753e-08
14.6 1.73262e-07 1.81353e-07 -1.46393e-07 1.74803e-08
14.625 1.79834e-07 1.88097e-07 -1.51921e-07 1.80881e-08
14.65 1.86376e-07 1.94809e-07 -1.57415e-07 1.86969e-08
14.675 1.92865e-07 2.01467e-07 -1.62857e-07 1.93049e-08
14.7 1.99282e-07 2.0805e-07 -1.68229e-07 1.99101e-08
14.725 2.05606e-07 2.14536e-07 -1.73515e-07 2.05108e-08
14.75 2.11818e-07 2.20907e-07 -1.78697e-07 2.11051e-08
14.775 2.179e-07 2.27143e-07 -1.83761e-07 2.16913e-08
14.8 2.23833e-07 2.33226e-07 -1.88691e-07 2.22675e-08
14.825 2.29601e-07 2.39138e-07 -1.93473e-07 2.28321e-08
14.85 2.35187e-07 2.44862e-07 -1.98095e-07 2.33834e-08
14.875 2.40575e-07 2.50383e-07 -2.02543e-07 2.39196e-08
14.9 2.45752e-07 2.55686e-07 -2.06807e-07 2.44394e-08
14.925 2.50704e-07 2.60757e-07 -2.10874e-07 2.49411e-08
14.95 2.55418e-07 2.65583e-07 -2.14737e-07 2.54233e-08
14.975 2.59884e-07 2.70153e-07 -2.18384e-07 2.58847e-08
15 2.6409e-07 2.74457e-07 -2.21809e-07 2.63241e-08
15.025 2.68027e-07 2.78484e-07 -2.25003e-07 2.67402e-08
15.05 2.71688e-07 2.82226e-07 -2.27962e-07 2.71319e-08
15.075 2.75064e-07 2.85675e-07 -2.30679e-07 2.74983e-08
15.1 2.7815e-07 2.88826e-07 -2.33149e-07 2.78385e-08
15.125 2.80941e-07 2.91674e-07 -2.3537e-07 2.81516e-08
15.15 2.83432e-07 2.94213e-07 -2.37338e-07 2.84371e-08
15.175 2.8562e-07 2.96441e-07 -2.39052e-07 2.86942e-08
15.2 2.87503e-07 2.98355e-07 -2.4051e-07 2.89225e-08
15.225 2.89081e-07 2.99955e-07 -2.41712e-07 2.91216e-08
15.25 2.90352e-07 3.01241e-07 -2.42659e-07 2.92912e-08
15.275 2.91319e-07 3.02213e-07 -2.43351e-07 2.94311e-08
15.3 2.91981e-07 3.02874e-07 -2.43791e-07 2.95412e-08
15.325 2.92343e-07 3.03225e-07 -2.43982e-07 2.96215e-08
15.35 2.92407e-07 3.0327e-07 -2.43926e-07 2.96722e-08
15.375 2.92178e-07 3.03014e-07 -2.43627e-07 2.96933e-08
15.4 2.9166e-07 3.02461e-07 -2.43091e-07 2.96851e-08
15.425 2.90859e-07 3.01618e-07 -2.42322e-07 2.96481e-08
15.45 2.89782e-07 3.00491e-07 -2.41326e-07 2.95826e-08
15.475 2.88435e-07 2.99087e-07 -2.40109e-07 2.94892e-08
15.5 2.86826e-07 2.97414e-07 -2.38677e-07 2.93683e-08
15.525 2.84962e-07 2.9548e-07 -2.37038e-07 2.92207e-08
15.55 2.82853e-07 2.93293e-07 -2.35199e-07 2.90471e-08
15.575 2.80508e-07 2.90863e-07 -2.33167e-07 2.88483e-08
15.6 2.77935e-07 2.882e-07 -2.3095e-07 2.8625e-08
15.625 2.75144e-07 2.85313e-07 -2.28557e-07 2.83781e-08
15.65 2.72146e-07 2.82213e-07 -2.25996e-07 2.81085e-08
15.675 2.6895e-07 2.7891e-07 -2.23275e-07 2.78173e-08
15.7 2.65567e-07 2.75415e-07 -2.20404e-07 2.75053e-08
15.725 2.62008e-07 2.71738e-07 -2.17391e-07 2.71736e-08
15.75 2.58284e-07 2.67892e-07 -2.14245e-07 2.68232e-08
15.775 2.54404e-07 2.63886e-07 -2.10976e-07 2.64552e-08
15.8 2.50381e-07 2.59733e-07 -2.07591e-07 2.60707e-08
15.825 2.46225e-07 2.55442e-07 -2.04101e-07 2.56708e-08
15.85 2.41947e-07 2.51027e-07 -2.00514e-07 2.52565e-08
15.875 2.37557e-07 2.46496e-07 -1.96838e-07 2.48289e-08
15.9 2.33067e-07 2.41862e-07 -1.93084e-07 2.43892e-08
15.925 2.28487e-07 2.37136e-07 -1.89259e-07 2.39384e-08
15.95 2.23827e-07 2.32327e-07 -1.85372e-07 2.34777e-08
15.975 2.19099e-07 2.27447e-07 -1.81431e-07 2.3008e-08
16 2.14311e-07 2.22506e-07 -1.77444e-07 2.25306e-08
16.025 2.09473e-07 2.17513e-07 -1.73421e-07 2.20463e-08
16.05 2.04596e-07 2.1248e-07 -1.69367e-07 2.15562e-08
16.075 1.99689e-07 2.07414e-07 -1.65291e-07 2.10614e-08
16.1 1.9476e-07 2.02326e-07 -1.61201e-07 2.05628e-08
16.125 1.89818e-07 1.97225e-07 -1.57102e-07 2.00613e-08
16.15 1.84872e-07 1.92119e-07 -1.53003e-07 1.95579e-08
16.175 1.79929e-07 1.87016e-07 -1.48909e-07 1.90535e-08
16.2 1.74998e-07 1.81924e-07 -1.44826e-07 1.85489e-08
16.225 1.70086e-07 1.76851e-07 -1.40761e-07 1.80449e-08
16.25 1.652e-07 1.71805e-07 -1.3672e-07 1.75424e-08
16.275 1.60347e-07 1.66791e-07 -1.32707e-07 1.7042e-08
16.3 1.55532e-07 1.61817e-07 -1.28728e-07 1.65445e-08
16.325 1.50763e-07 1.56889e-07 -1.24788e-07 1.60506e-08
16.35 1.46044e-07 1.52012e-07 -1.2089e-07 1.55609e-08
16.375 1.4138e-07 1.47191e-07 -1.17039e-07 1.5076e-08
16.4 1.36777e-07 1.42433e-07 -1.1324e-07 1.45966e-08
16.425 1.3224e-07 1.37741e-07 -1.09495e-07 1.4123e-08
16.45 1.27771e-07 1.3312e-07 -1.05808e-07 1.36559e-08
16.475 1.23376e-07 1.28574e-07 -1.02183e-07 1.31956e-08
16.5 1.19058e-07 1.24106e-07 -9.86206e-08 1.27426e-08
16.525 1.14819e-07 1.19719e-07 -9.51249e-08 1.22973e-08
16.55 1.10663e-07 1.15418e-07 -9.16976e-08 1.186e-08
16.575 1.06592e-07 1.11203e-07 -8.83408e-08 1.1431e-08
16.6 1.02608e-07 1.07078e-07 -8.50562e-08 1.10107e-08
16.625 9.87135e-08 1.03044e-07 -8.18453e-08 1.05992e-08
16.65 9.49099e-08 9.91029e-08 -7.87094e-08 1.01968e-08
16.675 9.11984e-08 9.52567e-08 -7.56495e-08 9.80361e-09
16.7 8.75803e-08 9.15062e-08 -7.26664e-08 9.41988e-09
16.725 8.40562e-08 8.78522e-08 -6.97608e-08 9.04569e-09
16.75 8.06268e-08 8.42954e-08 -6.69331e-08 8.68115e-09
16.775 7.72924e-08 8.08361e-08 -6.41835e-08 8.32633e-09
16.8 7.40532e-08 7.74746e-08 -6.15121e-08 7.98127e-09
16.825 7.0909e-08 7.42108e-08 -5.89188e-08 7.64601e-09
16.85 6.78597e-08 7.10445e-08 -5.64034e-08 7.32054e-09
16.875 6.49048e-08 6.79751e-08 -5.39654e-08 7.00485e-09
16.9 6.20436e-08 6.50022e-08 -5.16044e-08 6.69891e-09
16.925 5.92753e-08 6.2125e-08 -4.93197e-08 6.40264e-09
16.95 5.65991e-08 5.93425e-08 -4.71105e-08 6.11599e-09
16.975 5.40138e-08 5.66536e-08 -4.49759e-08 5.83886e-09
17 5.15183e-08 5.40571e-08 -4.29149e-08 5.57114e-09
17.025 4.91112e-08 5.15518e-08 -4.09264e-08 5.31272e-09
17.05 4.67911e-08 4.91363e-08 -3.90093e-08 5.06346e-09
17.075 4.45566e-08 4.68088e-08 -3.71624e-08 4.82323e-09
17.1 4.24059e-08 4.4568e-08 -3.53843e-08 4.59186e-09
17.125 4.03375e-08 4.2412e-08 -3.36736e-08 4.3692e-09
17.15 3.83496e-08 4.03391e-08 -3.20289e-08 4.15507e-09
17.175 3.64403e-08 3.83474e-08 -3.04489e-08 3.9493e-09
17.2 3.46079e-08 3.64352e-08 -2.89318e-08 3.75169e-09
17.225 3.28505e-08 3.46004e-08 -2.74763e-08 3.56207e-09
17.25 3.1166e-08 3.28411e-08 -2.60807e-08 3.38023e-09
17.275 2.95526e-08 3.11553e-08 -2.47434e-08 3.20597e-09
17.3 2.80083e-08 2.9541e-08 -2.34628e-08 3.03909e-09
17.325 2.65311e-08 2.79962e-08 -2.22374e-08 2.87939e-09
17.35 2.51189e-08 2.65188e-08 -2.10654e-08 2.72666e-09
17.375 2.37699e-08 2.51067e-08 -1.99453e-08 2.5807e-09
17.4 2.24819e-08 2.3758e-08 -1.88754e-08 2.44128e-09
17.425 2.1253e-08 2.24705e-08 -1.78541e-08 2.30821e-09
17.45 2.00813e-08 2.12423e-08 -1.68798e-08 2.18128e-09
17.475 1.89646e-08 2.00714e-08 -1.59508e-08 2.06029e-09
17.5 1.79012e-08 1.89558e-08 -1.50657e-08 1.94502e-09
17.525 1.68891e-08 1.78934e-08 -1.42228e-08 1.83527e-09
17.55 1.59264e-08 1.68823e-08 -1.34206e-08 1.73085e-09
17.575 1.50112e-08 1.59207e-08 -1.26576e-08 1.63156e-09
17.6 1.41417e-08 1.50067e-08 -1.19323e-08 1.5372e-09
17.625 1.33161e-08 1.41384e-08 -1.12432e-08 1.44758e-09
17.65 1.25326e-08 1.33139e-08 -1.05889e-08 1.36251e-09
17.675 1.17896e-08 1.25316e-08 -9.96798e-09 1.28182e-09
17.7 1.10853e-08 1.17897e-08 -9.37907e-09 1.20532e-09
17.725 1.04181e-08 1.10865e-08 -8.82083e-09 1.13283e-09
17.75 9.78647e-09 1.04204e-08 -8.29196e-09 1.06419e-09
17.775 9.18875e-09 9.78967e-09 -7.7912e-09 9.99232e-10
17.8 8.62348e-09 9.19288e-09 -7.31731e-09 9.37787e-10
17.825 8.08918e-09 8.62848e-09 -6.86908e-09 8.797e-10
17.85 7.58445e-09 8.095e-09 -6.44536e-09 8.2482e-10
17.875 7.1079e-09 7.59103e-09 -6.04503e-09 7.72998e-10
17.9 6.65821e-09 7.11517e-09 -5.66699e-09 7.24091e-10
17.925 6.23409e-09 6.66611e-09 -5.31019e-09 6.77961e-10
17.95 5.8343e-09 6.24257e-09 -4.97362e-09 6.34473e-10
17.975 5.45765e-09 5.84329e-09 -4.65629e-09 5.93499e-10
18 5.10299e-09 5.46709e-09 -4.35726e-09 5.54914e-10
18.025 4.76921e-09 5.11282e-09 -4.07562e-09 5.18598e-10
18.05 4.45524e-09 4.77937e-09 -3.8105e-09 4.84436e-10
18.075 4.16007e-09 4.46568e-09 -3.56105e-09 4.52318e-10
18.1 3.8827e-09 4.17074e-09 -3.32646e-09 4.22137e-10
18.125 3.62221e-09 3.89355e-09 -3.10597e-09 3.93791e-10
18.15 3.37768e-09 3.63319e-09 -2.89882e-09 3.67182e-10
18.175 3.14826e-09 3.38875e-09 -2.70431e-09 3.42217e-10
18.2 2.93313e-09 3.15937e-09 -2.52176e-09 3.18806e-10
18.225 2.73149e-09 2.94425e-09 -2.35052e-09 2.96864e-10
18.25 2.54259e-09 2.74258e-09 -2.18996e-09 2.76309e-10
18.275 2.36572e-09 2.55362e-09 -2.03949e-09 2.57063e-10
18.3 2.20019e-09 2.37665e-09 -1.89855e-09 2.39052e-10
18.325 2.04535e-09 2.211e-09 -1.76659e-09 2.22205e-10
18.35 1.90059e-09 2.05602e-09 -1.64311e-09 2.06455e-10
18.375 1.7653e-09 1.91109e-09 -1.52761e-09 1.91737e-10
18.4 1.63894e-09 1.77561e-09 -1.41963e-09 1.77991e-10
18.425 1.52097e-09 1.64905e-09 -1.31873e-09 1.65158e-10
18.45 1.41089e-09 1.53086e-09 -1.22449e-09 1.53184e-10
18.475 1.30822e-09 1.42054e-09 -1.1365e-09 1.42017e-10
18.5 1.2125e-09 1.31762e-09 -1.0544e-09 1.31608e-10
18.525 1.12331e-09 1.22164e-09 -9.77826e-10 1.21909e-10
18.55 1.04024e-09 1.13219e-09 -9.06436e-10 1.12877e-10
18.575 9.62903e-10 1.04885e-09 -8.39911e-10 1.04469e-10
18.6 8.90945e-10 9.71242e-10 -7.77948e-10 9.66471e-11
18.625 8.24018e-10 8.99006e-10 -7.2026e-10 8.93727e-11
18.65 7.61801e-10 8.318e-10 -6.66578e-10 8.2611e-11
18.675 7.03989e-10 7.69302e-10 -6.16645e-10 7.63288e-11
18.7 6.50294e-10 7.1121e-10 -5.7022e-10 7.04947e-11
18.725 6.00446e-10 6.57236e-10 -5.27077e-10 6.50794e-11
18.75 5.5419e-10 6.07112e-10 -4.87002e-10 6.00551e-11
18.775 5.11287e-10 5.60583e-10 -4.49792e-10 5.53957e-11
18.8 4.71512e-10 5.17412e-10 -4.15258e-10 5.10767e-11
18.825 4.34653e-10 4.77372e-10 -3.83222e-10 4.7075e-11
18.85 4.00513e-10 4.40254e-10 -3.53516e-10 4.33689e-11
18.875 3.68904e-10 4.0586e-10 -3.25983e-10 3.99383e-11
18.9 3.39651e-10 3.74003e-10 -3.00475e-10 3.6764e-11
18.925 3.12592e-10 3.4451e-10 -2.76854e-10 3.38282e-11
18.95 2.87573e-10 3.17216e-10 -2.54988e-10 3.11142e-11
18.975 2.64449e-10 2.9197e-10 -2.34757e-10 2.86063e-11
19 2.43088e-10 2.68626e-10 -2.16046e-10 2.629e-11
19.025 2.23363e-10 2.47052e-10 -1.98749e-10 2.41515e-11
19.05 2.05156e-10 2.27121e-10 -1.82765e-10 2.2178e-11
19.075 1.88359e-10 2.08716e-10 -1.68001e-10 2.03576e-11
19.1 1.72868e-10 1.91728e-10 -1.54369e-10 1.86792e-11
19.125 1.58588e-10 1.76054e-10 -1.41789e-10 1.71323e-11
19.15 1.45431e-10 1.61598e-10 -1.30183e-10 1.57073e-11
19.175 1.33312e-10 1.48272e-10 -1.19482e-10 1.43952e-11
19.2 1.22156e-10 1.35992e-10 -1.09618e-10 1.31874e-11
19.225 1.11889e-10 1.24682e-10 -1.00529e-10 1.20762e-11
19.25 1.02445e-10 1.14268e-10 -9.2159e-11 1.10543e-11
19.275 9.37621e-11 1.04683e-10 -8.44535e-11 1.01149e-11
19.3 8.57815e-11 9.58662e-11 -7.73628e-11 9.25168e-12
19.325 7.84497e-11 8.77583e-11 -7.08405e-11 8.45886e-12
19.35 7.17168e-11 8.03055e-11 -6.48435e-11 7.73097e-12
19.375 6.55365e-11 7.34577e-11 -5.93318e-11 7.06297e-12
19.4 5.98657e-11 6.71684e-11 -5.4268e-11 6.4502e-12
19.425 5.46646e-11 6.13944e-11 -4.96178e-11 5.88832e-12
19.45 4.98963e-11 5.60956e-11 -4.5349e-11 5.37332e-12
19.475 4.55265e-11 5.12349e-11 -4.1432e-11 4.90147e-12
19.5 4.15235e-11 4.67778e-11 -3.78391e-11 4.46935e-12
19.525 3.78582e-11 4.26925e-11 -3.45449e-11 4.07377e-12
19.55 3.45033e-11 3.89494e-11 -3.15258e-11 3.71179e-12
19.575 3.14337e-11 3.55212e-11 -2.87599e-11 3.38068e-12
19.6 2.86265e-11 3.23828e-11 -2.62269e-11 3.07795e-12
19.625 2.60601e-11 2.95107e-11 -2.39082e-11 2.80126e-12
19.65 2.37149e-11 2.68834e-11 -2.17864e-11 2.54848e-12
19.675 2.15727e-11 2.44809e-11 -1.98457e-11 2.31764e-12
19.7 1.96166e-11 2.2285e-11 -1.80712e-11 2.10692e-12
19.725 1.78312e-11 2.02786e-11 -1.64493e-11 1.91464e-12
19.75 1.62023e-11 1.8446e-11 -1.49675e-11 1.73925e-12
19.775 1.47167e-11 1.6773e-11 -1.36143e-11 1.57935e-12
19.8 1.33624e-11 1.52461e-11 -1.23789e-11 1.43361e-12
19.825 1.21282e-11 1.38531e-11 -1.12515e-11 1.30083e-12
19.85 1.10039e-11 1.25829e-11 -1.02231e-11 1.17992e-12
19.875 9.98021e-12 1.1425e-11 -9.28529e-12 1.06985e-12
19.9 9.0484e-12 1.03699e-11 -8.4305e-12 9.69688e-13
19.925 8.20058e-12 9.40881e-12 -7.65164e-12 8.78581e-13
19.95 7.42947e-12 8.53373e-12 -6.94225e-12 7.95742e-13
19.975 6.72842e-12 7.73727e-12 -6.29637e-12 7.20449e-13
20 6.09129e-12 7.01262e-12 -5.70854e-12 6.52042e-13
