0 0.13997 0.149635 -0.045903 0.0518662
0.025 0.13997 0.149635 -0.045903 0.0518662
0.05 0.13997 0.149636 -0.0458669 0.0518845
0.075 0.139971 0.149637 -0.0458069 0.0519152
0.1 0.139972 0.149639 -0.045723 0.0519579
0.125 0.139974 0.149641 -0.0456156 0.0520128
0.15 0.139976 0.149644 -0.0454849 0.0520795
0.175 0.139978 0.149647 -0.0453313 0.0521581
0.2 0.139981 0.149652 -0.0451551 0.0522483
0.225 0.139985 0.149657 -0.0449569 0.0523499
0.25 0.13999 0.149663 -0.0447372 0.0524627
0.275 0.139996 0.14967 -0.0444965 0.0525865
0.3 0.140002 0.149678 -0.0442356 0.052721
0.325 0.14001 0.149687 -0.043955 0.0528659
0.35 0.140019 0.149697 -0.0436556 0.0530209
0.375 0.14003 0.149709 -0.0433381 0.0531856
0.4 0.140042 0.149723 -0.0430034 0.0533597
0.425 0.140056 0.149738 -0.0426523 0.0535428
0.45 0.140072 0.149755 -0.0422857 0.0537346
0.475 0.14009 0.149774 -0.0419047 0.0539345
0.5 0.14011 0.149795 -0.0415101 0.0541422
0.525 0.140132 0.149817 -0.041103 0.0543572
0.55 0.140157 0.149843 -0.0406845 0.0545791
0.575 0.140184 0.14987 -0.0402556 0.0548073
0.6 0.140214 0.1499 -0.0398174 0.0550413
0.625 0.140247 0.149932 -0.039371 0.0552807
0.65 0.140283 0.149967 -0.0389175 0.0555249
0.675 0.140321 0.150005 -0.0384581 0.0557733
0.7 0.140363 0.150045 -0.0379938 0.0560256
0.725 0.140407 0.150088 -0.0375259 0.056281
0.75 0.140455 0.150133 -0.0370554 0.056539
0.775 0.140506 0.150182 -0.0365834 0.0567991
0.8 0.14056 0.150233 -0.0361112 0.0570607
0.825 0.140617 0.150286 -0.0356398 0.0573233
0.85 0.140677 0.150343 -0.0351704 0.0575862
0.875 0.14074 0.150402 -0.0347039 0.0578489
0.9 0.140806 0.150463 -0.0342415 0.0581109
0.925 0.140876 0.150527 -0.0337841 0.0583715
0.95 0.140947 0.150593 -0.0333329 0.0586302
0.975 0.141022 0.150662 -0.0328888 0.0588865
1 0.141099 0.150732 -0.0324527 0.0591397
1.025 0.141178 0.150804 -0.0320256 0.0593895
1.05 0.14126 0.150879 -0.0316082 0.0596352
1.075 0.141343 0.150954 -0.0312016 0.0598763
1.1 0.141429 0.151031 -0.0308064 0.0601124
1.125 0.141515 0.151109 -0.0304234 0.0603429
1.15 0.141603 0.151188 -0.0300534 0.0605674
1.175 0.141692 0.151268 -0.0296969 0.0607854
1.2 0.141782 0.151348 -0.0293545 0.0609966
1.225 0.141872 0.151428 -0.029027 0.0612004
1.25 0.141962 0.151508 -0.0287146 0.0613966
1.275 0.142052 0.151587 -0.028418 0.0615847
1.3 0.142142 0.151666 -0.0281374 0.0617644
1.325 0.142231 0.151744 -0.0278733 0.0619355
1.35 0.142318 0.151821 -0.0276258 0.0620975
1.375 0.142404 0.151896 -0.0273954 0.0622503
1.4 0.142488 0.151969 -0.027182 0.0623936
1.425 0.14257 0.15204 -0.0269859 0.0625272
1.45 0.14265 0.152109 -0.0268071 0.062651
1.475 0.142726 0.152175 -0.0266457 0.0627647
1.5 0.1428 0.152238 -0.0265015 0.0628684
1.525 0.14287 0.152298 -0.0263745 0.0629619
1.55 0.142936 0.152355 -0.0262645 0.0630451
1.575 0.142998 0.152407 -0.0261713 0.0631181
1.6 0.143056 0.152456 -0.0260947 0.0631808
1.625 0.143109 0.152501 -0.0260344 0.0632334
1.65 0.143157 0.152542 -0.0259899 0.0632759
1.675 0.1432 0.152578 -0.025961 0.0633084
1.7 0.143238 0.152609 -0.0259471 0.063331
1.725 0.143271 0.152636 -0.0259478 0.063344
1.75 0.143298 0.152658 -0.0259625 0.0633476
1.775 0.143319 0.152675 -0.0259907 0.063342
1.8 0.143334 0.152687 -0.0260318 0.0633274
1.825 0.143344 0.152694 -0.0260852 0.0633042
1.85 0.143347 0.152696 -0.0261501 0.0632728
1.875 0.143345 0.152693 -0.0262258 0.0632333
1.9 0.143336 0.152685 -0.0263117 0.0631864
1.925 0.143322 0.152672 -0.0264071 0.0631323
1.95 0.143302 0.152654 -0.026511 0.0630715
1.975 0.143276 0.152632 -0.0266228 0.0630045
2 0.143244 0.152605 -0.0267416 0.0629317
2.025 0.143207 0.152574 -0.0268667 0.0628537
2.05 0.143165 0.152539 -0.0269972 0.0627709
2.075 0.143118 0.1525 -0.0271322 0.062684
2.1 0.143066 0.152458 -0.027271 0.0625934
2.125 0.143009 0.152412 -0.0274126 0.0624997
2.15 0.142949 0.152363 -0.0275564 0.0624035
2.175 0.142885 0.152312 -0.0277014 0.0623054
2.2 0.142817 0.152259 -0.0278468 0.062206
2.225 0.142747 0.152204 -0.0279918 0.0621059
2.25 0.142674 0.152147 -0.0281356 0.0620057
2.275 0.1426 0.152089 -0.0282775 0.061906
2.3 0.142523 0.152031 -0.0284166 0.0618074
2.325 0.142446 0.151973 -0.0285522 0.0617105
2.35 0.142369 0.151916 -0.0286836 0.061616
2.375 0.142292 0.151859 -0.0288102 0.0615243
2.4 0.142215 0.151804 -0.0289312 0.0614362
2.425 0.14214 0.15175 -0.029046 0.0613521
2.45 0.142067 0.151699 -0.029154 0.0612727
2.475 0.141996 0.151652 -0.0292546 0.0611985
2.5 0.141929 0.151607 -0.0293473 0.06113
2.525 0.141865 0.151567 -0.0294316 0.0610677
2.55 0.141806 0.151531 -0.0295071 0.0610122
2.575 0.141752 0.151501 -0.0295732 0.0609639
2.6 0.141704 0.151476 -0.0296297 0.0609233
2.625 0.141662 0.151458 -0.0296761 0.0608907
2.65 0.141627 0.151446 -0.0297123 0.0608666
2.675 0.1416 0.151441 -0.0297378 0.0608514
2.7 0.141581 0.151443 -0.0297526 0.0608454
2.725 0.14157 0.151454 -0.0297564 0.0608489
2.75 0.141569 0.151473 -0.0297491 0.0608622
2.775 0.141578 0.151502 -0.0297307 0.0608855
2.8 0.141597 0.151539 -0.029701 0.060919
2.825 0.141628 0.151586 -0.0296601 0.0609629
2.85 0.141669 0.151643 -0.0296081 0.0610174
2.875 0.141722 0.15171 -0.0295449 0.0610825
2.9 0.141787 0.151788 -0.0294708 0.0611584
2.925 0.141865 0.151876 -0.0293859 0.0612449
2.95 0.141955 0.151975 -0.0292904 0.0613421
2.975 0.142058 0.152085 -0.0291844 0.06145
3 0.142174 0.152205 -0.0290684 0.0615685
3.025 0.142304 0.152337 -0.0289426 0.0616974
3.05 0.142447 0.15248 -0.0288074 0.0618365
3.075 0.142604 0.152634 -0.028663 0.0619857
3.1 0.142773 0.152799 -0.02851 0.0621446
3.125 0.142957 0.152975 -0.0283487 0.0623131
3.15 0.143153 0.153161 -0.0281795 0.0624907
3.175 0.143363 0.153357 -0.028003 0.0626771
3.2 0.143585 0.153563 -0.0278196 0.0628719
3.225 0.14382 0.153779 -0.0276298 0.0630746
3.25 0.144066 0.154004 -0.0274341 0.0632849
3.275 0.144325 0.154237 -0.0272332 0.0635021
3.3 0.144595 0.154479 -0.0270274 0.0637257
3.325 0.144875 0.154728 -0.0268173 0.0639551
3.35 0.145165 0.154983 -0.0266036 0.0641898
3.375 0.145464 0.155245 -0.0263868 0.0644291
3.4 0.145772 0.155512 -0.0261673 0.0646724
3.425 0.146087 0.155784 -0.0259458 0.0649189
3.45 0.146409 0.156059 -0.0257229 0.0651679
3.475 0.146737 0.156337 -0.025499 0.0654188
3.5 0.14707 0.156616 -0.0252747 0.0656707
3.525 0.147406 0.156896 -0.0250505 0.0659228
3.55 0.147745 0.157176 -0.0248269 0.0661744
3.575 0.148085 0.157454 -0.0246045 0.0664246
3.6 0.148425 0.157729 -0.0243836 0.0666727
3.625 0.148764 0.158 -0.0241648 0.0669177
3.65 0.1491 0.158266 -0.0239486 0.0671589
3.675 0.149433 0.158526 -0.0237352 0.0673953
3.7 0.14976 0.158777 -0.0235252 0.0676261
3.725 0.15008 0.15902 -0.0233188 0.0678504
3.75 0.150392 0.159251 -0.0231165 0.0680674
3.775 0.150693 0.159471 -0.0229186 0.0682761
3.8 0.150984 0.159677 -0.0227253 0.0684758
3.825 0.151261 0.159868 -0.0225369 0.0686655
3.85 0.151524 0.160042 -0.0223536 0.0688444
3.875 0.15177 0.160199 -0.0221757 0.0690116
3.9 0.151999 0.160336 -0.0220033 0.0691663
3.925 0.152208 0.160452 -0.0218366 0.0693077
3.95 0.152395 0.160545 -0.0216757 0.0694349
3.975 0.15256 0.160615 -0.0215207 0.0695471
4 0.1527 0.160659 -0.0213716 0.0696436
4.025 0.152815 0.160676 -0.0212285 0.0697236
4.05 0.152901 0.160664 -0.0210914 0.0697864
4.075 0.152959 0.160623 -0.0209602 0.0698313
4.1 0.152985 0.16055 -0.0208349 0.0698575
4.125 0.152979 0.160444 -0.0207153 0.0698645
4.15 0.152939 0.160305 -0.0206015 0.0698516
4.175 0.152864 0.160129 -0.0204932 0.0698181
4.2 0.152753 0.159918 -0.0203904 0.0697636
4.225 0.152603 0.159668 -0.0202927 0.0696875
4.25 0.152414 0.159379 -0.0202001 0.0695894
4.275 0.152185 0.15905 -0.0201124 0.0694687
4.3 0.151914 0.158679 -0.0200291 0.069325
4.325 0.1516 0.158266 -0.0199502 0.069158
4.35 0.151243 0.15781 -0.0198754 0.0689674
4.375 0.150841 0.15731 -0.0198043 0.0687528
4.4 0.150393 0.156765 -0.0197367 0.068514
4.425 0.149899 0.156174 -0.0196723 0.0682508
4.45 0.149357 0.155537 -0.0196107 0.0679631
4.475 0.148769 0.154853 -0.0195516 0.0676506
4.5 0.148132 0.154122 -0.0194947 0.0673134
4.525 0.147446 0.153343 -0.0194397 0.0669514
4.55 0.146711 0.152516 -0.0193862 0.0665647
4.575 0.145928 0.15164 -0.0193339 0.0661532
4.6 0.145095 0.150717 -0.0192825 0.0657172
4.625 0.144212 0.149745 -0.0192315 0.0652567
4.65 0.143281 0.148725 -0.0191807 0.0647721
4.675 0.1423 0.147657 -0.0191298 0.0642634
4.7 0.141271 0.146541 -0.0190784 0.0637311
4.725 0.140193 0.145377 -0.0190262 0.0631754
4.75 0.139066 0.144166 -0.0189729 0.0625967
4.775 0.137893 0.142909 -0.0189181 0.0619956
4.8 0.136673 0.141606 -0.0188617 0.0613723
4.825 0.135406 0.140258 -0.0188033 0.0607275
4.85 0.134095 0.138866 -0.0187427 0.0600617
4.875 0.132739 0.13743 -0.0186795 0.0593755
4.9 0.13134 0.135952 -0.0186136 0.0586694
4.925 0.129899 0.134433 -0.0185447 0.0579442
4.95 0.128416 0.132874 -0.0184726 0.0572005
4.975 0.126895 0.131275 -0.0183971 0.0564391
5 0.125334 0.129639 -0.018318 0.0556607
5.025 0.123737 0.127967 -0.0182351 0.0548661
5.05 0.122105 0.126261 -0.0181484 0.0540562
5.075 0.120439 0.124521 -0.0180576 0.0532316
5.1 0.11874 0.122749 -0.0179626 0.0523934
5.125 0.117011 0.120948 -0.0178634 0.0515423
5.15 0.115253 0.119118 -0.0177598 0.0506793
5.175 0.113468 0.117262 -0.0176518 0.0498052
5.2 0.111658 0.115381 -0.0175393 0.0489211
5.225 0.109824 0.113478 -0.0174222 0.0480278
5.25 0.107969 0.111553 -0.0173005 0.0471263
5.275 0.106094 0.109609 -0.0171743 0.0462175
5.3 0.104202 0.107648 -0.0170435 0.0453024
5.325 0.102294 0.105672 -0.0169081 0.0443819
5.35 0.100372 0.103682 -0.0167682 0.0434571
5.375 0.0984379 0.101681 -0.0166238 0.0425288
5.4 0.0964944 0.0996711 -0.016475 0.0415981
5.425 0.094543 0.0976534 -0.0163218 0.0406658
5.45 0.0925856 0.0956302 -0.0161643 0.0397329
5.475 0.0906244 0.0936034 -0.0160026 0.0388004
5.5 0.0886611 0.091575 -0.0158367 0.0378691
5.525 0.0866976 0.089547 -0.0156669 0.03694
5.55 0.084736 0.0875211 -0.0154933 0.0360139
5.575 0.0827779 0.0854993 -0.0153158 0.0350918
5.6 0.0808253 0.0834834 -0.0151348 0.0341743
5.625 0.0788798 0.0814752 -0.0149503 0.0332625
5.65 0.0769433 0.0794764 -0.0147624 0.032357
5.675 0.0750174 0.0774887 -0.0145714 0.0314587
5.7 0.0731037 0.0755139 -0.0143774 0.0305682
5.725 0.071204 0.0735534 -0.0141806 0.0296864
5.75 0.0693195 0.0716088 -0.013981 0.0288139
5.775 0.067452 0.0696818 -0.013779 0.0279514
5.8 0.0656027 0.0677736 -0.0135747 0.0270995
5.825 0.0637731 0.0658856 -0.0133682 0.0262587
5.85 0.0619644 0.0640193 -0.0131597 0.0254298
5.875 0.0601779 0.0621758 -0.0129494 0.0246132
5.9 0.0584147 0.0603563 -0.0127376 0.0238094
5.925 0.0566759 0.058562 -0.0125243 0.0230188
5.95 0.0549626 0.0567939 -0.0123098 0.022242
5.975 0.0532757 0.0550529 -0.0120943 0.0214793
6 0.051616 0.0533401 -0.0118779 0.0207311
6.025 0.0499845 0.0516562 -0.0116607 0.0199977
6.05 0.0483819 0.0500019 -0.0114431 0.0192794
6.075 0.0468088 0.0483781 -0.0112252 0.0185765
6.1 0.0452659 0.0467854 -0.0110071 0.0178892
6.125 0.0437537 0.0452242 -0.010789 0.0172176
6.15 0.0422728 0.0436952 -0.0105711 0.016562
6.175 0.0408234 0.0421986 -0.0103535 0.0159226
6.2 0.039406 0.040735 -0.0101365 0.0152993
6.225 0.0380208 0.0393046 -0.00992014 0.0146922
6.25 0.0366681 0.0379076 -0.00970462 0.0141015
6.275 0.0353481 0.0365442 -0.00949009 0.0135271
6.3 0.0340608 0.0352146 -0.00927668 0.012969
6.325 0.0328063 0.0339187 -0.00906456 0.0124271
6.35 0.0315846 0.0326566 -0.00885384 0.0119014
6.375 0.0303956 0.0314282 -0.00864468 0.0113918
6.4 0.0292392 0.0302335 -0.0084372 0.0108981
6.425 0.0281153 0.0290722 -0.00823152 0.0104203
6.45 0.0270237 0.0279442 -0.00802777 0.0099582
6.475 0.0259641 0.0268492 -0.00782605 0.00951155
6.5 0.0249363 0.0257869 -0.00762648 0.0090802
6.525 0.0239398 0.024757 -0.00742916 0.00866391
6.55 0.0229744 0.0237591 -0.0072342 0.00826247
6.575 0.0220397 0.0227929 -0.00704168 0.00787562
6.6 0.0211352 0.0218579 -0.00685169 0.00750309
6.625 0.0202605 0.0209536 -0.00666431 0.00714463
6.65 0.019415 0.0200795 -0.00647964 0.00679993
6.675 0.0185984 0.0192352 -0.00629772 0.00646871
6.7 0.01781 0.01842 -0.00611865 0.00615066
6.725 0.0170493 0.0176334 -0.00594246 0.00584547
6.75 0.0163158 0.0168749 -0.00576923 0.00555282
6.775 0.0156088 0.0161438 -0.00559901 0.00527239
6.8 0.0149278 0.0154395 -0.00543183 0.00500384
6.825 0.0142722 0.0147614 -0.00526775 0.00474684
6.85 0.0136413 0.0141089 -0.00510679 0.00450107
6.875 0.0130345 0.0134813 -0.00494899 0.00426618
6.9 0.0124512 0.012878 -0.00479438 0.00404184
6.925 0.0118908 0.0122984 -0.00464297 0.0038277
6.95 0.0113526 0.0117417 -0.00449479 0.00362344
6.975 0.010836 0.0112073 -0.00434984 0.00342872
7 0.0103404 0.0106946 -0.00420814 0.00324321
7.025 0.00986506 0.0102029 -0.00406969 0.00306658
7.05 0.00940943 0.0097315 -0.00393449 0.0028985
7.075 0.00897286 0.00927986 -0.00380253 0.00273866
7.1 0.00855474 0.00884729 -0.0036738 0.00258674
7.125 0.00815446 0.00843316 -0.0035483 0.00244243
7.15 0.0077714 0.00803685 -0.00342601 0.00230542
7.175 0.00740496 0.00765774 -0.0033069 0.00217542
7.2 0.00705458 0.00729522 -0.00319096 0.00205213
7.225 0.00671965 0.00694869 -0.00307815 0.00193527
7.25 0.00639962 0.00661758 -0.00296846 0.00182456
7.275 0.00609394 0.0063013 -0.00286184 0.00171973
7.3 0.00580205 0.0059993 -0.00275827 0.00162052
7.325 0.00552344 0.00571102 -0.0026577 0.00152666
7.35 0.00525757 0.00543593 -0.0025601 0.00143792
7.375 0.00500394 0.00517351 -0.00246542 0.00135405
7.4 0.00476207 0.00492325 -0.00237362 0.00127481
7.425 0.00453147 0.00468465 -0.00228466 0.00119999
7.45 0.00431167 0.00445723 -0.00219848 0.00112937
7.475 0.00410223 0.00424052 -0.00211505 0.00106274
7.5 0.00390271 0.00403408 -0.0020343 0.00099989
7.525 0.00371267 0.00383745 -0.00195618 0.000940636
7.55 0.00353172 0.00365022 -0.00188065 0.000884789
7.575 0.00335945 0.00347198 -0.00180764 0.000832171
7.6 0.00319549 0.00330233 -0.00173711 0.000782611
7.625 0.00303945 0.00314089 -0.001669 0.000735946
7.65 0.00289099 0.00298728 -0.00160324 0.000692019
7.675 0.00274976 0.00284115 -0.00153979 0.00065068
7.7 0.00261543 0.00270217 -0.00147859 0.000611788
7.725 0.00248768 0.00256999 -0.00141958 0.000575205
7.75 0.0023662 0.0024443 -0.0013627 0.000540802
7.775 0.0022507 0.00232481 -0.00130789 0.000508456
7.8 0.0021409 0.00221121 -0.00125511 0.000478049
7.825 0.00203653 0.00210322 -0.00120429 0.000449469
7.85 0.00193733 0.00200059 -0.00115537 0.000422611
7.875 0.00184305 0.00190305 -0.0011083 0.000397374
7.9 0.00175345 0.00181035 -0.00106302 0.000373663
7.925 0.0016683 0.00172226 -0.00101948 0.000351388
7.95 0.00158739 0.00163855 -0.000977628 0.000330463
7.975 0.00151051 0.00155902 -0.000937404 0.000310808
8 0.00143745 0.00148345 -0.000898757 0.000292345
8.025 0.00136804 0.00141164 -0.000861636 0.000275004
8.05 0.00130209 0.00134342 -0.000825989 0.000258716
8.075 0.00123942 0.0012786 -0.000791765 0.000243417
8.1 0.00117988 0.00121701 -0.000758917 0.000229047
8.125 0.0011233 0.00115849 -0.000727395 0.000215548
8.15 0.00106954 0.00110289 -0.000697153 0.000202867
8.175 0.00101845 0.00105005 -0.000668143 0.000190953
8.2 0.000969902 0.000999841 -0.000640323 0.000179759
8.225 0.000923763 0.000952128 -0.000613647 0.00016924
8.25 0.000879913 0.000906783 -0.000588072 0.000159355
8.275 0.000838234 0.000863687 -0.000563558 0.000150064
8.3 0.000798616 0.000822724 -0.000540063 0.00014133
8.325 0.000760954 0.000783787 -0.000517549 0.000133119
8.35 0.000725149 0.000746772 -0.000495977 0.000125397
8.375 0.000691105 0.000711581 -0.00047531 0.000118135
8.4 0.000658733 0.00067812 -0.000455512 0.000111304
8.425 0.000627947 0.000646303 -0.000436549 0.000104877
8.45 0.000598667 0.000616045 -0.000418386 9.88293e-05
8.475 0.000570815 0.000587266 -0.000400992 9.3137e-05
8.5 0.000544319 0.000559891 -0.000384334 8.77785e-05
8.525 0.000519109 0.000533848 -0.000368382 8.2733e-05
8.55 0.000495121 0.00050907 -0.000353108 7.79814e-05
8.575 0.000472291 0.000485493 -0.000338482 7.35056e-05
8.6 0.000450562 0.000463055 -0.000324478 6.92888e-05
8.625 0.000429877 0.000441699 -0.000311068 6.53153e-05
8.65 0.000410184 0.000421369 -0.000298229 6.15703e-05
8.675 0.000391431 0.000402015 -0.000285935 5.804e-05
8.7 0.000373573 0.000383586 -0.000274163 5.47115e-05
8.725 0.000356563 0.000366037 -0.000262891 5.15727e-05
8.75 0.00034036 0.000349322 -0.000252097 4.86125e-05
8.775 0.000324922 0.0003334 -0.00024176 4.58201e-05
8.8 0.000310211 0.000318232 -0.000231861 4.31857e-05
8.825 0.000296192 0.00030378 -0.00022238 4.07e-05
8.85 0.000282829 0.000290007 -0.000213298 3.83545e-05
8.875 0.000270091 0.000276881 -0.000204599 3.61409e-05
8.9 0.000257946 0.000264369 -0.000196266 3.40517e-05
8.925 0.000246364 0.000252442 -0.000188282 3.20797e-05
8.95 0.00023532 0.000241069 -0.000180632 3.02183e-05
8.975 0.000224785 0.000230224 -0.000173302 2.84613e-05
9 0.000214735 0.000219882 -0.000166276 2.68026e-05
9.025 0.000205147 0.000210017 -0.000159543 2.52369e-05
9.05 0.000195998 0.000200606 -0.000153088 2.37589e-05
9.075 0.000187267 0.000191628 -0.0001469 2.23639e-05
9.1 0.000178933 0.000183061 -0.000140967 2.10471e-05
9.125 0.000170978 0.000174886 -0.000135277 1.98043e-05
9.15 0.000163384 0.000167083 -0.00012982 1.86315e-05
9.175 0.000156133 0.000159636 -0.000124586 1.75248e-05
9.2 0.000149209 0.000152526 -0.000119565 1.64806e-05
9.225 0.000142597 0.000145738 -0.000114747 1.54956e-05
9.25 0.000136282 0.000139258 -0.000110124 1.45666e-05
9.275 0.000130249 0.000133069 -0.000105688 1.36905e-05
9.3 0.000124486 0.000127159 -0.00010143 1.28645e-05
9.325 0.000118981 0.000121514 -9.73421e-05 1.20859e-05
9.35 0.00011372 0.000116122 -9.34178e-05 1.13522e-05
9.375 0.000108693 0.000110972 -8.96499e-05 1.06609e-05
9.4 0.00010389 0.000106051 -8.60317e-05 1.00098e-05
9.425 9.92986e-05 0.00010135 -8.25569e-05 9.39661e-06
9.45 9.49108e-05 9.68584e-05 -7.92195e-05 8.81942e-06
9.475 9.07167e-05 9.25662e-05 -7.60138e-05 8.27624e-06
9.5 8.67076e-05 8.84647e-05 -7.29342e-05 7.76523e-06
9.525 8.28751e-05 8.45449e-05 -6.99756e-05 7.28464e-06
9.55 7.92112e-05 8.07988e-05 -6.71331e-05 6.83282e-06
9.575 7.57084e-05 7.72183e-05 -6.44019e-05 6.40818e-06
9.6 7.23594e-05 7.3796e-05 -6.17775e-05 6.00925e-06
9.625 6.91573e-05 7.05249e-05 -5.92557e-05 5.63459e-06
9.65 6.60957e-05 6.7398e-05 -5.68323e-05 5.28286e-06
9.675 6.31682e-05 6.4409e-05 -5.45034e-05 4.95278e-06
9.7 6.0369e-05 6.15516e-05 -5.22654e-05 4.64313e-06
9.725 5.76923e-05 5.88201e-05 -5.01146e-05 4.35277e-06
9.75 5.51328e-05 5.62089e-05 -4.80477e-05 4.08058e-06
9.775 5.26854e-05 5.37125e-05 -4.60614e-05 3.82553e-06
9.8 5.03452e-05 5.1326e-05 -4.41527e-05 3.58663e-06
9.825 4.81074e-05 4.90445e-05 -4.23186e-05 3.36294e-06
9.85 4.59677e-05 4.68634e-05 -4.05563e-05 3.15356e-06
9.875 4.39217e-05 4.47783e-05 -3.8863e-05 2.95765e-06
9.9 4.19654e-05 4.2785e-05 -3.72362e-05 2.77441e-06
9.925 4.0095e-05 4.08795e-05 -3.56733e-05 2.60307e-06
9.95 3.83067e-05 3.90579e-05 -3.41721e-05 2.44292e-06
9.975 3.6597e-05 3.73167e-05 -3.27302e-05 2.29326e-06
10 3.49625e-05 3.56523e-05 -3.13454e-05 2.15345e-06
10.025 3.34e-05 3.40614e-05 -3.00157e-05 2.02287e-06
10.05 3.19065e-05 3.25409e-05 -2.8739e-05 1.90096e-06
10.075 3.04789e-05 3.10876e-05 -2.75133e-05 1.78714e-06
10.1 2.91144e-05 2.96987e-05 -2.63369e-05 1.68092e-06
10.125 2.78104e-05 2.83715e-05 -2.52079e-05 1.58179e-06
10.15 2.65643e-05 2.71032e-05 -2.41246e-05 1.4893e-06
10.175 2.53735e-05 2.58913e-05 -2.30853e-05 1.403e-06
10.2 2.42359e-05 2.47334e-05 -2.20884e-05 1.32249e-06
10.225 2.31489e-05 2.36271e-05 -2.11323e-05 1.24739e-06
10.25 2.21106e-05 2.25703e-05 -2.02157e-05 1.17731e-06
10.275 2.11189e-05 2.15609e-05 -1.9337e-05 1.11193e-06
10.3 2.01717e-05 2.05967e-05 -1.84948e-05 1.05092e-06
10.325 1.92671e-05 1.96758e-05 -1.76879e-05 9.93982e-07
10.35 1.84033e-05 1.87965e-05 -1.69148e-05 9.40823e-07
10.375 1.75787e-05 1.79568e-05 -1.61744e-05 8.91182e-07
10.4 1.67914e-05 1.7155e-05 -1.54654e-05 8.44809e-07
10.425 1.60399e-05 1.63896e-05 -1.47867e-05 8.01471e-07
10.45 1.53226e-05 1.5659e-05 -1.41371e-05 7.6095e-07
10.475 1.46381e-05 1.49616e-05 -1.35155e-05 7.23042e-07
10.5 1.3985e-05 1.42961e-05 -1.29209e-05 6.87557e-07
10.525 1.33618e-05 1.36609e-05 -1.23523e-05 6.54316e-07
10.55 1.27673e-05 1.30549e-05 -1.18085e-05 6.23156e-07
10.575 1.22003e-05 1.24766e-05 -1.12888e-05 5.93922e-07
10.6 1.16594e-05 1.1925e-05 -1.07921e-05 5.66471e-07
10.625 1.11437e-05 1.13988e-05 -1.03175e-05 5.40671e-07
10.65 1.06518e-05 1.0897e-05 -9.86418e-06 5.16397e-07
10.675 1.01829e-05 1.04184e-05 -9.43128e-06 4.93536e-07
10.7 9.7359e-06 9.96194e-06 -9.01798e-06 4.71981e-07
10.725 9.30977e-06 9.52675e-06 -8.62348e-06 4.51635e-07
10.75 8.90361e-06 9.11183e-06 -8.24701e-06 4.32407e-07
10.775 8.5165e-06 8.71626e-06 -7.88784e-06 4.14213e-07
10.8 8.14759e-06 8.33919e-06 -7.54523e-06 3.96976e-07
10.825 7.79606e-06 7.97976e-06 -7.21851e-06 3.80625e-07
10.85 7.46109e-06 7.63718e-06 -6.90699e-06 3.65095e-07
10.875 7.14193e-06 7.31067e-06 -6.61002e-06 3.50326e-07
10.9 6.83786e-06 6.9995e-06 -6.32698e-06 3.36261e-07
10.925 6.54816e-06 6.70297e-06 -6.05726e-06 3.22851e-07
10.95 6.27216e-06 6.42038e-06 -5.80028e-06 3.10049e-07
10.975 6.00922e-06 6.15108e-06 -5.55546e-06 2.97812e-07
11 5.75873e-06 5.89447e-06 -5.32226e-06 2.86102e-07
11.025 5.52009e-06 5.64993e-06 -5.10017e-06 2.74882e-07
11.05 5.29274e-06 5.4169e-06 -4.88865e-06 2.64121e-07
11.075 5.07612e-06 5.19482e-06 -4.68724e-06 2.53788e-07
11.1 4.86973e-06 4.98317e-06 -4.49546e-06 2.43857e-07
11.125 4.67307e-06 4.78145e-06 -4.31285e-06 2.34303e-07
11.15 4.48565e-06 4.58918e-06 -4.13897e-06 2.25103e-07
11.175 4.30704e-06 4.4059e-06 -3.97342e-06 2.16238e-07
11.2 4.13678e-06 4.23116e-06 -3.81578e-06 2.07688e-07
11.225 3.97447e-06 4.06454e-06 -3.66567e-06 1.99437e-07
11.25 3.81972e-06 3.90565e-06 -3.52272e-06 1.91469e-07
11.275 3.67214e-06 3.7541e-06 -3.38656e-06 1.8377e-07
11.3 3.53137e-06 3.60953e-06 -3.25687e-06 1.76329e-07
11.325 3.39706e-06 3.47157e-06 -3.13331e-06 1.69132e-07
11.35 3.2689e-06 3.33991e-06 -3.01557e-06 1.6217e-07
11.375 3.14656e-06 3.21421e-06 -2.90335e-06 1.55433e-07
11.4 3.02976e-06 3.09419e-06 -2.79636e-06 1.48913e-07
11.425 2.91819e-06 2.97954e-06 -2.69433e-06 1.42601e-07
11.45 2.81161e-06 2.86999e-06 -2.59701e-06 1.36491e-07
11.475 2.70974e-06 2.76529e-06 -2.50414e-06 1.30574e-07
11.5 2.61235e-06 2.66518e-06 -2.41549e-06 1.24847e-07
11.525 2.5192e-06 2.56943e-06 -2.33083e-06 1.19302e-07
11.55 2.43008e-06 2.47781e-06 -2.24995e-06 1.13934e-07
11.575 2.34477e-06 2.39012e-06 -2.17264e-06 1.08739e-07
11.6 2.26308e-06 2.30614e-06 -2.09872e-06 1.03712e-07
11.625 2.18482e-06 2.22569e-06 -2.02799e-06 9.88493e-08
11.65 2.10981e-06 2.14859e-06 -1.96029e-06 9.41464e-08
11.675 2.03789e-06 2.07466e-06 -1.89546e-06 8.95998e-08
11.7 1.96889e-06 2.00374e-06 -1.83333e-06 8.5206e-08
11.725 1.90267e-06 1.93568e-06 -1.77376e-06 8.09616e-08
11.75 1.83907e-06 1.87033e-06 -1.7166e-06 7.68636e-08
11.775 1.77798e-06 1.80756e-06 -1.66174e-06 7.29089e-08
11.8 1.71925e-06 1.74723e-06 -1.60904e-06 6.90946e-08
11.825 1.66277e-06 1.68922e-06 -1.55839e-06 6.5418e-08
11.85 1.60843e-06 1.63342e-06 -1.50967e-06 6.18762e-08
11.875 1.55612e-06 1.57972e-06 -1.46279e-06 5.84669e-08
11.9 1.50573e-06 1.52801e-06 -1.41764e-06 5.51873e-08
11.925 1.45717e-06 1.4782e-06 -1.37413e-06 5.20351e-08
11.95 1.41035e-06 1.43018e-06 -1.33217e-06 4.90077e-08
11.975 1.36519e-06 1.38389e-06 -1.29168e-06 4.61029e-08
12 1.3216e-06 1.33923e-06 -1.25259e-06 4.33183e-08
12.025 1.27951e-06 1.29612e-06 -1.21482e-06 4.06515e-08
12.05 1.23884e-06 1.2545e-06 -1.1783e-06 3.81003e-08
12.075 1.19953e-06 1.21429e-06 -1.14297e-06 3.56624e-08
12.1 1.16152e-06 1.17543e-06 -1.10876e-06 3.33355e-08
12.125 1.12474e-06 1.13785e-06 -1.07562e-06 3.11174e-08
12.15 1.08913e-06 1.1015e-06 -1.04349e-06 2.90058e-08
12.175 1.05464e-06 1.06632e-06 -1.01233e-06 2.69985e-08
12.2 1.02122e-06 1.03226e-06 -9.82075e-07 2.50931e-08
12.225 9.88825e-07 9.99265e-07 -9.5269e-07 2.32875e-08
12.25 9.57401e-07 9.67288e-07 -9.2413e-07 2.15793e-08
12.275 9.26906e-07 9.36285e-07 -8.96352e-07 1.99662e-08
12.3 8.973e-07 9.06212e-07 -8.6932e-07 1.84459e-08
12.325 8.68542e-07 8.77029e-07 -8.42997e-07 1.7016e-08
12.35 8.40597e-07 8.48696e-07 -8.17348e-07 1.5674e-08
12.375 8.13427e-07 8.21177e-07 -7.92341e-07 1.44177e-08
12.4 7.87e-07 7.94435e-07 -7.67946e-07 1.32444e-08
12.425 7.61284e-07 7.68438e-07 -7.44134e-07 1.21518e-08
12.45 7.36248e-07 7.43153e-07 -7.20879e-07 1.11373e-08
12.475 7.11865e-07 7.1855e-07 -6.98154e-07 1.01982e-08
12.5 6.88107e-07 6.94601e-07 -6.75937e-07 9.33214e-09
12.525 6.64949e-07 6.71278e-07 -6.54205e-07 8.53633e-09
12.55 6.42367e-07 6.48554e-07 -6.32938e-07 7.80813e-09
12.575 6.20338e-07 6.26407e-07 -6.12117e-07 7.14484e-09
12.6 5.98842e-07 6.04812e-07 -5.91724e-07 6.54373e-09
12.625 5.77858e-07 5.83748e-07 -5.71744e-07 6.00205e-09
12.65 5.57369e-07 5.63195e-07 -5.52161e-07 5.51701e-09
12.675 5.37357e-07 5.43134e-07 -5.32962e-07 5.08581e-09
12.7 5.17807e-07 5.23547e-07 -5.14136e-07 4.70565e-09
12.725 4.98704e-07 5.04419e-07 -4.95671e-07 4.37371e-09
12.75 4.80035e-07 4.85734e-07 -4.77559e-07 4.08716e-09
12.775 4.61788e-07 4.67479e-07 -4.59792e-07 3.8432e-09
12.8 4.43952e-07 4.49641e-07 -4.42363e-07 3.63901e-09
12.825 4.26519e-07 4.3221e-07 -4.25267e-07 3.47181e-09
12.85 4.09479e-07 4.15177e-07 -4.08499e-07 3.33884e-09
12.875 3.92826e-07 3.98531e-07 -3.92057e-07 3.23738e-09
12.9 3.76554e-07 3.82268e-07 -3.75938e-07 3.16473e-09
12.925 3.60657e-07 3.6638e-07 -3.60143e-07 3.11826e-09
12.95 3.45133e-07 3.50862e-07 -3.44672e-07 3.0954e-09
12.975 3.29979e-07 3.35713e-07 -3.29525e-07 3.09361e-09
13 3.15192e-07 3.20927e-07 -3.14707e-07 3.11047e-09
13.025 3.00772e-07 3.06506e-07 -3.00219e-07 3.14362e-09
13.05 2.8672e-07 2.92448e-07 -2.86066e-07 3.19076e-09
13.075 2.73037e-07 2.78753e-07 -2.72254e-07 3.24974e-09
13.1 2.59724e-07 2.65424e-07 -2.58787e-07 3.31846e-09
13.125 2.46784e-07 2.52463e-07 -2.45673e-07 3.39495e-09
13.15 2.34221e-07 2.39874e-07 -2.32919e-07 3.47737e-09
13.175 2.22039e-07 2.27659e-07 -2.20531e-07 3.56397e-09
13.2 2.10243e-07 2.15825e-07 -2.08519e-07 3.65313e-09
13.225 1.98836e-07 2.04376e-07 -1.96889e-07 3.74336e-09
13.25 1.87826e-07 1.93318e-07 -1.85652e-07 3.83331e-09
13.275 1.77218e-07 1.82658e-07 -1.74814e-07 3.92175e-09
13.3 1.67018e-07 1.72401e-07 -1.64386e-07 4.00759e-09
13.325 1.57233e-07 1.62555e-07 -1.54375e-07 4.08987e-09
13.35 1.47868e-07 1.53126e-07 -1.44791e-07 4.16777e-09
13.375 1.3893e-07 1.44122e-07 -1.35641e-07 4.24061e-09
13.4 1.30427e-07 1.3555e-07 -1.26934e-07 4.30783e-09
13.425 1.22363e-07 1.27416e-07 -1.18678e-07 4.36903e-09
13.45 1.14745e-07 1.19727e-07 -1.10879e-07 4.42389e-09
13.475 1.07579e-07 1.1249e-07 -1.03545e-07 4.47227e-09
13.5 1.00869e-07 1.0571e-07 -9.6682e-08 4.51411e-09
13.525 9.46218e-08 9.93937e-08 -9.02947e-08 4.5495e-09
13.55 8.88401e-08 9.35453e-08 -8.43881e-08 4.57861e-09
13.575 8.35282e-08 8.81694e-08 -7.89659e-08 4.60173e-09
13.6 7.86888e-08 8.32696e-08 -7.40311e-08 4.61924e-09
13.625 7.43244e-08 7.88489e-08 -6.95857e-08 4.63163e-09
13.65 7.04363e-08 7.49095e-08 -6.56305e-08 4.63946e-09
13.675 6.70251e-08 7.14524e-08 -6.21657e-08 4.64335e-09
13.7 6.40904e-08 6.8478e-08 -5.91899e-08 4.64401e-09
13.725 6.16311e-08 6.59855e-08 -5.67011e-08 4.6422e-09
13.75 5.96449e-08 6.39732e-08 -5.46958e-08 4.63872e-09
13.775 5.81285e-08 6.24384e-08 -5.31695e-08 4.63444e-09
13.8 5.70775e-08 6.1377e-08 -5.21166e-08 4.63022e-09
13.825 5.64868e-08 6.07842e-08 -5.15302e-08 4.62698e-09
13.85 5.63497e-08 6.06537e-08 -5.14024e-08 4.62563e-09
13.875 5.66588e-08 6.09783e-08 -5.17241e-08 4.6271e-09
13.9 5.74056e-08 6.17497e-08 -5.24851e-08 4.63231e-09
13.925 5.85804e-08 6.29582e-08 -5.36739e-08 4.64216e-09
13.95 6.01725e-08 6.45934e-08 -5.52782e-08 4.65756e-09
13.975 6.21702e-08 6.66433e-08 -5.72846e-08 4.67935e-09
14 6.45607e-08 6.90954e-08 -5.96786e-08 4.70837e-09
14.025 6.73303e-08 7.19357e-08 -6.24449e-08 4.74541e-09
14.05 7.04644e-08 7.51494e-08 -6.5567e-08 4.7912e-09
14.075 7.39474e-08 7.87209e-08 -6.9028e-08 4.84643e-09
14.1 7.77629e-08 8.26333e-08 -7.28099e-08 4.91174e-09
14.125 8.18936e-08 8.68693e-08 -7.6894e-08 4.98767e-09
14.15 8.63218e-08 9.14105e-08 -8.12611e-08 5.07474e-09
14.175 9.10286e-08 9.62379e-08 -8.58912e-08 5.17336e-09
14.2 9.59949e-08 1.01332e-07 -9.07641e-08 5.28388e-09
14.225 1.01201e-07 1.06672e-07 -9.58589e-08 5.40659e-09
14.25 1.06626e-07 1.12238e-07 -1.01154e-07 5.54166e-09
14.275 1.1225e-07 1.18008e-07 -1.06629e-07 5.68923e-09
14.3 1.18052e-07 1.2396e-07 -1.12262e-07 5.84932e-09
14.325 1.2401e-07 1.30073e-07 -1.1803e-07 6.02189e-09
14.35 1.30102e-07 1.36325e-07 -1.23912e-07 6.20681e-09
14.375 1.36308e-07 1.42694e-07 -1.29886e-07 6.40388e-09
14.4 1.42605e-07 1.49156e-07 -1.35931e-07 6.61282e-09
14.425 1.48972e-07 1.55691e-07 -1.42024e-07 6.83328e-09
14.45 1.55387e-07 1.62275e-07 -1.48146e-07 7.06481e-09
14.475 1.61829e-07 1.68887e-07 -1.54273e-07 7.30693e-09
14.5 1.68277e-07 1.75505e-07 -1.60387e-07 7.55907e-09
14.525 1.7471e-07 1.82108e-07 -1.66467e-07 7.8206e-09
14.55 1.81107e-07 1.88675e-07 -1.72493e-07 8.09084e-09
14.575 1.87449e-07 1.95185e-07 -1.78447e-07 8.36905e-09
14.6 1.93717e-07 2.01618e-07 -1.84309e-07 8.65444e-09
14.625 1.99891e-07 2.07955e-07 -1.90063e-07 8.94617e-09
14.65 2.05953e-07 2.14177e-07 -1.95691e-07 9.24338e-09
14.675 2.11886e-07 2.20267e-07 -2.01176e-07 9.54516e-09
14.7 2.17672e-07 2.26206e-07 -2.06505e-07 9.85058e-09
14.725 2.23297e-07 2.31978e-07 -2.11661e-07 1.01587e-08
14.75 2.28744e-07 2.37568e-07 -2.16632e-07 1.04685e-08
14.775 2.33999e-07 2.42962e-07 -2.21404e-07 1.0779e-08
14.8 2.3905e-07 2.48144e-07 -2.25965e-07 1.10892e-08
14.825 2.43882e-07 2.53102e-07 -2.30306e-07 1.13981e-08
14.85 2.48485e-07 2.57824e-07 -2.34415e-07 1.17048e-08
14.875 2.52848e-07 2.623e-07 -2.38284e-07 1.20082e-08
14.9 2.56962e-07 2.66519e-07 -2.41905e-07 1.23073e-08
14.925 2.60816e-07 2.70472e-07 -2.4527e-07 1.26012e-08
14.95 2.64405e-07 2.74152e-07 -2.48374e-07 1.28891e-08
14.975 2.6772e-07 2.77551e-07 -2.51211e-07 1.31698e-08
15 2.70757e-07 2.80663e-07 -2.53778e-07 1.34427e-08
15.025 2.7351e-07 2.83484e-07 -2.56071e-07 1.37067e-08
15.05 2.75975e-07 2.8601e-07 -2.58087e-07 1.39612e-08
15.075 2.7815e-07 2.88237e-07 -2.59826e-07 1.42054e-08
15.1 2.80033e-07 2.90163e-07 -2.61286e-07 1.44385e-08
15.125 2.81622e-07 2.91788e-07 -2.62469e-07 1.46598e-08
15.15 2.82917e-07 2.93112e-07 -2.63374e-07 1.48688e-08
15.175 2.8392e-07 2.94134e-07 -2.64005e-07 1.50648e-08
15.2 2.84632e-07 2.94858e-07 -2.64363e-07 1.52473e-08
15.225 2.85054e-07 2.95284e-07 -2.64452e-07 1.54159e-08
15.25 2.85191e-07 2.95417e-07 -2.64277e-07 1.557e-08
15.275 2.85046e-07 2.9526e-07 -2.63841e-07 1.57094e-08
15.3 2.84623e-07 2.94818e-07 -2.63151e-07 1.58338e-08
15.325 2.83928e-07 2.94097e-07 -2.62211e-07 1.59428e-08
15.35 2.82967e-07 2.93102e-07 -2.6103e-07 1.60362e-08
15.375 2.81746e-07 2.9184e-07 -2.59612e-07 1.6114e-08
15.4 2.80273e-07 2.90319e-07 -2.57967e-07 1.61759e-08
15.425 2.78554e-07 2.88545e-07 -2.56101e-07 1.62221e-08
15.45 2.76597e-07 2.86527e-07 -2.54023e-07 1.62524e-08
15.475 2.74412e-07 2.84275e-07 -2.51741e-07 1.62669e-08
15.5 2.72006e-07 2.81795e-07 -2.49264e-07 1.62658e-08
15.525 2.6939e-07 2.79099e-07 -2.46601e-07 1.62491e-08
15.55 2.66571e-07 2.76195e-07 -2.43761e-07 1.62171e-08
15.575 2.6356e-07 2.73094e-07 -2.40754e-07 1.617e-08
15.6 2.60367e-07 2.69805e-07 -2.37589e-07 1.61081e-08
15.625 2.57001e-07 2.66339e-07 -2.34276e-07 1.60317e-08
15.65 2.53473e-07 2.62706e-07 -2.30824e-07 1.59411e-08
15.675 2.49793e-07 2.58917e-07 -2.27243e-07 1.58368e-08
15.7 2.45971e-07 2.54981e-07 -2.23543e-07 1.57192e-08
15.725 2.42018e-07 2.5091e-07 -2.19733e-07 1.55886e-08
15.75 2.37944e-07 2.46715e-07 -2.15824e-07 1.54456e-08
15.775 2.33758e-07 2.42405e-07 -2.11823e-07 1.52907e-08
15.8 2.29472e-07 2.37991e-07 -2.07742e-07 1.51243e-08
15.825 2.25095e-07 2.33483e-07 -2.03589e-07 1.49471e-08
15.85 2.20637e-07 2.28892e-07 -1.99373e-07 1.47595e-08
15.875 2.16108e-07 2.24228e-07 -1.95103e-07 1.45622e-08
15.9 2.11518e-07 2.195e-07 -1.90788e-07 1.43556e-08
15.925 2.06876e-07 2.14717e-07 -1.86437e-07 1.41404e-08
15.95 2.0219e-07 2.09891e-07 -1.82056e-07 1.39172e-08
15.975 1.97471e-07 2.05028e-07 -1.77655e-07 1.36865e-08
16 1.92727e-07 2.00139e-07 -1.73241e-07 1.3449e-08
16.025 1.87965e-07 1.95232e-07 -1.68822e-07 1.32052e-08
16.05 1.83195e-07 1.90316e-07 -1.64404e-07 1.29557e-08
16.075 1.78423e-07 1.85397e-07 -1.59995e-07 1.2701e-08
16.1 1.73658e-07 1.80485e-07 -1.55601e-07 1.24419e-08
16.125 1.68907e-07 1.75586e-07 -1.51228e-07 1.21788e-08
16.15 1.64176e-07 1.70707e-07 -1.46882e-07 1.19123e-08
16.175 1.59472e-07 1.65856e-07 -1.4257e-07 1.1643e-08
16.2 1.54802e-07 1.61037e-07 -1.38295e-07 1.13714e-08
16.225 1.5017e-07 1.56259e-07 -1.34063e-07 1.10979e-08
16.25 1.45583e-07 1.51525e-07 -1.29879e-07 1.08232e-08
16.275 1.41046e-07 1.46842e-07 -1.25746e-07 1.05476e-08
16.3 1.36564e-07 1.42214e-07 -1.2167e-07 1.02718e-08
16.325 1.3214e-07 1.37646e-07 -1.17654e-07 9.99606e-09
16.35 1.2778e-07 1.33143e-07 -1.13701e-07 9.7209e-09
16.375 1.23487e-07 1.28707e-07 -1.09814e-07 9.44673e-09
16.4 1.19264e-07 1.24344e-07 -1.05996e-07 9.17396e-09
16.425 1.15116e-07 1.20056e-07 -1.0225e-07 8.90295e-09
16.45 1.11044e-07 1.15847e-07 -9.85786e-08 8.63407e-09
16.475 1.07051e-07 1.11718e-07 -9.49828e-08 8.36767e-09
16.5 1.03141e-07 1.07673e-07 -9.14648e-08 8.10405e-09
16.525 9.93135e-08 1.03713e-07 -8.80261e-08 7.84352e-09
16.55 9.55718e-08 9.98408e-08 -8.4668e-08 7.58636e-09
16.575 9.19171e-08 9.60572e-08 -8.13915e-08 7.33283e-09
16.6 8.83505e-08 9.23638e-08 -7.81975e-08 7.08316e-09
16.625 8.48731e-08 8.87616e-08 -7.50864e-08 6.83758e-09
16.65 8.14856e-08 8.52514e-08 -7.20588e-08 6.59629e-09
16.675 7.81885e-08 8.18338e-08 -6.91149e-08 6.35947e-09
16.7 7.49821e-08 7.85091e-08 -6.62546e-08 6.12728e-09
16.725 7.18665e-08 7.52775e-08 -6.34778e-08 5.89986e-09
16.75 6.88416e-08 7.2139e-08 -6.07843e-08 5.67735e-09
16.775 6.59073e-08 6.90932e-08 -5.81735e-08 5.45985e-09
16.8 6.30629e-08 6.61397e-08 -5.56448e-08 5.24746e-09
16.825 6.0308e-08 6.32781e-08 -5.31976e-08 5.04025e-09
16.85 5.76418e-08 6.05076e-08 -5.0831e-08 4.83829e-09
16.875 5.50633e-08 5.78272e-08 -4.85439e-08 4.64162e-09
16.9 5.25717e-08 5.5236e-08 -4.63354e-08 4.45029e-09
16.925 5.01657e-08 5.27329e-08 -4.42043e-08 4.2643e-09
16.95 4.78441e-08 5.03166e-08 -4.21492e-08 4.08368e-09
16.975 4.56056e-08 4.79857e-08 -4.01689e-08 3.9084e-09
17 4.34488e-08 4.5739e-08 -3.8262e-08 3.73847e-09
17.025 4.13721e-08 4.35747e-08 -3.6427e-08 3.57386e-09
17.05 3.93739e-08 4.14914e-08 -3.46624e-08 3.41452e-09
17.075 3.74527e-08 3.94874e-08 -3.29665e-08 3.26042e-09
17.1 3.56067e-08 3.75609e-08 -3.13379e-08 3.1115e-09
17.125 3.38341e-08 3.57103e-08 -2.97749e-08 2.9677e-09
17.15 3.21333e-08 3.39336e-08 -2.82757e-08 2.82895e-09
17.175 3.05023e-08 3.22291e-08 -2.68387e-08 2.69518e-09
17.2 2.89394e-08 3.05948e-08 -2.54622e-08 2.56631e-09
17.225 2.74426e-08 2.9029e-08 -2.41445e-08 2.44225e-09
17.25 2.60101e-08 2.75296e-08 -2.28838e-08 2.3229e-09
17.275 2.464e-08 2.60947e-08 -2.16784e-08 2.20818e-09
17.3 2.33304e-08 2.47225e-08 -2.05266e-08 2.09799e-09
17.325 2.20794e-08 2.3411e-08 -1.94266e-08 1.99221e-09
17.35 2.08852e-08 2.21583e-08 -1.83768e-08 1.89075e-09
17.375 1.97458e-08 2.09625e-08 -1.73755e-08 1.79349e-09
17.4 1.86594e-08 1.98216e-08 -1.64209e-08 1.70033e-09
17.425 1.76241e-08 1.87338e-08 -1.55115e-08 1.61115e-09
17.45 1.66382e-08 1.76972e-08 -1.46455e-08 1.52585e-09
17.475 1.56999e-08 1.67101e-08 -1.38215e-08 1.4443e-09
17.5 1.48073e-08 1.57705e-08 -1.30377e-08 1.3664e-09
17.525 1.39587e-08 1.48768e-08 -1.22927e-08 1.29203e-09
17.55 1.31525e-08 1.40271e-08 -1.1585e-08 1.22108e-09
17.575 1.2387e-08 1.32198e-08 -1.09129e-08 1.15343e-09
17.6 1.16605e-08 1.24531e-08 -1.02752e-08 1.08897e-09
17.625 1.09714e-08 1.17255e-08 -9.67029e-09 1.02758e-09
17.65 1.03182e-08 1.10352e-08 -9.0969e-09 9.69171e-10
17.675 9.69936e-09 1.03809e-08 -8.55365e-09 9.13617e-10
17.7 9.11336e-09 9.76085e-09 -8.03922e-09 8.60814e-10
17.725 8.55879e-09 9.17367e-09 -7.55235e-09 8.10658e-10
17.75 8.03425e-09 8.6179e-09 -7.09181e-09 7.63044e-10
17.775 7.53839e-09 8.09214e-09 -6.6564e-09 7.17871e-10
17.8 7.06988e-09 7.59503e-09 -6.24495e-09 6.7504e-10
17.825 6.62746e-09 7.12527e-09 -5.85636e-09 6.34452e-10
17.85 6.20989e-09 6.68157e-09 -5.48955e-09 5.96013e-10
17.875 5.816e-09 6.26272e-09 -5.14346e-09 5.5963e-10
17.9 5.44463e-09 5.86751e-09 -4.81709e-09 5.25214e-10
17.925 5.09467e-09 5.49482e-09 -4.50947e-09 4.92676e-10
17.95 4.76507e-09 5.14354e-09 -4.21968e-09 4.61932e-10
17.975 4.4548e-09 4.81261e-09 -3.94681e-09 4.32899e-10
18 4.16288e-09 4.501e-09 -3.69e-09 4.05497e-10
18.025 3.88836e-09 4.20773e-09 -3.44843e-09 3.7965e-10
18.05 3.63034e-09 3.93187e-09 -3.2213e-09 3.55282e-10
18.075 3.38795e-09 3.67251e-09 -3.00786e-09 3.32322e-10
18.1 3.16035e-09 3.42877e-09 -2.80737e-09 3.107e-10
18.125 2.94676e-09 3.19984e-09 -2.61915e-09 2.90349e-10
18.15 2.7464e-09 2.98492e-09 -2.44251e-09 2.71205e-10
18.175 2.55855e-09 2.78325e-09 -2.27684e-09 2.53205e-10
18.2 2.38252e-09 2.5941e-09 -2.12152e-09 2.36292e-10
18.225 2.21764e-09 2.41679e-09 -1.97598e-09 2.20406e-10
18.25 2.06328e-09 2.25064e-09 -1.83965e-09 2.05494e-10
18.275 1.91884e-09 2.09504e-09 -1.71203e-09 1.91504e-10
18.3 1.78376e-09 1.94938e-09 -1.59261e-09 1.78385e-10
18.325 1.65747e-09 1.81308e-09 -1.48091e-09 1.6609e-10
18.35 1.53948e-09 1.68562e-09 -1.37648e-09 1.54572e-10
18.375 1.42927e-09 1.56647e-09 -1.27889e-09 1.43788e-10
18.4 1.3264e-09 1.45513e-09 -1.18774e-09 1.33697e-10
18.425 1.23041e-09 1.35116e-09 -1.10264e-09 1.24258e-10
18.45 1.14089e-09 1.2541e-09 -1.02323e-09 1.15434e-10
18.475 1.05745e-09 1.16353e-09 -9.4915e-10 1.0719e-10
18.5 9.79693e-10 1.07906e-09 -8.80083e-10 9.94897e-11
18.525 9.0728e-10 1.00032e-09 -8.15716e-10 9.23024e-11
18.55 8.39872e-10 9.26949e-10 -7.55755e-10 8.55967e-11
18.575 7.7715e-10 8.58611e-10 -6.99924e-10 7.93434e-11
18.6 7.18817e-10 7.94991e-10 -6.47961e-10 7.35149e-11
18.625 6.64589e-10 7.35788e-10 -5.99618e-10 6.8085e-11
18.65 6.142e-10 6.80722e-10 -5.54664e-10 6.30288e-11
18.675 5.67401e-10 6.29525e-10 -5.12879e-10 5.8323e-11
18.7 5.23954e-10 5.81947e-10 -4.74056e-10 5.39452e-11
18.725 4.83637e-10 5.37751e-10 -4.38001e-10 4.98747e-11
18.75 4.46243e-10 4.96714e-10 -4.04531e-10 4.60916e-11
18.775 4.11573e-10 4.58628e-10 -3.73473e-10 4.25773e-11
18.8 3.79444e-10 4.23295e-10 -3.44667e-10 3.93142e-11
18.825 3.49683e-10 3.90531e-10 -3.17959e-10 3.62859e-11
18.85 3.22127e-10 3.60162e-10 -2.93208e-10 3.34767e-11
18.875 2.96625e-10 3.32025e-10 -2.70281e-10 3.0872e-11
18.9 2.73032e-10 3.05966e-10 -2.4905e-10 2.8458e-11
18.925 2.51217e-10 2.81843e-10 -2.294e-10 2.62217e-11
18.95 2.31053e-10 2.59522e-10 -2.1122e-10 2.41512e-11
18.975 2.12423e-10 2.38876e-10 -1.94406e-10 2.22349e-11
19 1.95219e-10 2.19788e-10 -1.78863e-10 2.04621e-11
19.025 1.79338e-10 2.02147e-10 -1.64501e-10 1.88229e-11
19.05 1.64684e-10 1.85851e-10 -1.51235e-10 1.73079e-11
19.075 1.51168e-10 1.70803e-10 -1.38987e-10 1.59083e-11
19.1 1.38708e-10 1.56914e-10 -1.27682e-10 1.46158e-11
19.125 1.27225e-10 1.44099e-10 -1.17254e-10 1.34229e-11
19.15 1.16648e-10 1.32281e-10 -1.07636e-10 1.23223e-11
19.175 1.06908e-10 1.21386e-10 -9.87713e-11 1.13074e-11
19.2 9.79444e-11 1.11346e-10 -9.06027e-11 1.03718e-11
19.225 8.96975e-11 1.02099e-10 -8.30789e-11 9.50986e-12
19.25 8.21135e-11 9.35837e-11 -7.61517e-11 8.716e-12
19.275 7.51419e-11 8.57468e-11 -6.97764e-11 7.98519e-12
19.3 6.8736e-11 7.85368e-11 -6.39113e-11 7.31273e-12
19.325 6.28522e-11 7.19062e-11 -5.85178e-11 6.69422e-12
19.35 5.74502e-11 6.5811e-11 -5.35598e-11 6.12559e-12
19.375 5.24927e-11 6.021e-11 -4.9004e-11 5.60302e-12
19.4 4.79447e-11 5.50654e-11 -4.48193e-11 5.123e-12
19.425 4.37743e-11 5.03417e-11 -4.09772e-11 4.68225e-12
19.45 3.99516e-11 4.60062e-11 -3.74508e-11 4.27773e-12
19.475 3.6449e-11 4.20287e-11 -3.42155e-11 3.90662e-12
19.5 3.32411e-11 3.8381e-11 -3.12484e-11 3.56631e-12
19.525 3.03041e-11 3.5037e-11 -2.85283e-11 3.25437e-12
19.55 2.76163e-11 3.19727e-11 -2.60356e-11 2.96855e-12
19.575 2.51576e-11 2.91658e-11 -2.37522e-11 2.70677e-12
19.6 2.29092e-11 2.65956e-11 -2.16614e-11 2.46713e-12
19.625 2.08541e-11 2.42431e-11 -1.97475e-11 2.24782e-12
19.65 1.89763e-11 2.20907e-11 -1.79963e-11 2.04722e-12
19.675 1.72612e-11 2.01222e-11 -1.63945e-11 1.8638e-12
19.7 1.56954e-11 1.83224e-11 -1.49301e-11 1.69617e-12
19.725 1.42663e-11 1.66776e-11 -1.35916e-11 1.54301e-12
19.75 1.29626e-11 1.5175e-11 -1.23688e-11 1.40315e-12
19.775 1.17738e-11 1.38029e-11 -1.1252e-11 1.27548e-12
19.8 1.06901e-11 1.25503e-11 -1.02324e-11 1.15898e-12
19.825 9.70255e-12 1.14074e-11 -9.30194e-12 1.05272e-12
19.85 8.80307e-12 1.03648e-11 -8.45313e-12 9.5584e-13
19.875 7.98408e-12 9.41419e-12 -7.67909e-12 8.67547e-13
19.9 7.23866e-12 8.54772e-12 -6.97349e-12 7.87113e-13
19.925 6.56047e-12 7.75825e-12 -6.33052e-12 7.13867e-13
19.95 5.94367e-12 7.03922e-12 -5.74483e-12 6.47193e-13
19.975 5.38293e-12 6.38457e-12 -5.21152e-12 5.86526e-13
20 4.87334e-12 5.78877e-12 -4.72608e-12 5.31346e-13
