0 9.47644e-05 -5.7873e-05
0.025 9.47644e-05 -5.7873e-05
0.05 0.000189303 -0.00011557
0.075 0.000283392 -0.000172915
0.1 0.000376807 -0.000229734
0.125 0.000469326 -0.000285856
0.15 0.000560732 -0.000341109
0.175 0.000650808 -0.000395328
0.2 0.000739342 -0.00044835
0.225 0.000826129 -0.000500017
0.25 0.000910965 -0.000550176
0.275 0.000993655 -0.000598678
0.3 0.00107401 -0.000645383
0.325 0.00115184 -0.000690155
0.35 0.00122698 -0.000732865
0.375 0.00129926 -0.000773393
0.4 0.00136852 -0.000811626
0.425 0.00143461 -0.000847459
0.45 0.00149738 -0.000880795
0.475 0.00155671 -0.000911547
0.5 0.00161247 -0.000939635
0.525 0.00166456 -0.00096499
0.55 0.00171287 -0.000987552
0.575 0.00175732 -0.00100727
0.6 0.00179782 -0.0010241
0.625 0.00183432 -0.00103801
0.65 0.00186675 -0.00104898
0.675 0.00189507 -0.001057
0.7 0.00191925 -0.00106205
0.725 0.00193927 -0.00106416
0.75 0.00195513 -0.00106332
0.775 0.00196683 -0.00105957
0.8 0.00197438 -0.00105293
0.825 0.00197781 -0.00104344
0.85 0.00197717 -0.00103115
0.875 0.0019725 -0.00101613
0.9 0.00196387 -0.000998414
0.925 0.00195136 -0.000978089
0.95 0.00193504 -0.000955227
0.975 0.00191502 -0.000929909
1 0.00189141 -0.000902222
1.025 0.00186431 -0.000872257
1.05 0.00183387 -0.000840112
1.075 0.00180021 -0.000805887
1.1 0.00176349 -0.000769687
1.125 0.00172386 -0.000731618
1.15 0.00168148 -0.000691792
1.175 0.00163653 -0.000650319
1.2 0.00158918 -0.000607315
1.225 0.00153962 -0.000562893
1.25 0.00148806 -0.00051717
1.275 0.00143468 -0.000470261
1.3 0.00137969 -0.000422282
1.325 0.0013233 -0.000373347
1.35 0.00126574 -0.00032357
1.375 0.00120721 -0.000273063
1.4 0.00114794 -0.000221935
1.425 0.00108815 -0.000170295
1.45 0.00102807 -0.000118246
1.475 0.000967937 -6.58904e-05
1.5 0.000907972 -1.33267e-05
1.525 0.000848407 3.93508e-05
1.55 0.000789472 9.20516e-05
1.575 0.000731395 0.000144689
1.6 0.000674404 0.000197182
1.625 0.000618722 0.000249452
1.65 0.000564573 0.000301426
1.675 0.000512173 0.000353038
1.7 0.000461736 0.000404223
1.725 0.000413472 0.000454924
1.75 0.000367584 0.000505087
1.775 0.000324267 0.000554665
1.8 0.000283713 0.000603615
1.825 0.000246104 0.000651897
1.85 0.000211613 0.00069948
1.875 0.000180406 0.000746332
1.9 0.000152638 0.000792431
1.925 0.000128455 0.000837755
1.95 0.000107992 0.000882289
1.975 9.13714e-05 0.00092602
2 7.87058e-05 0.000968939
2.025 7.00939e-05 0.00101104
2.05 6.56219e-05 0.00105232
2.075 6.53625e-05 0.00109278
2.1 6.93745e-05 0.00113243
2.125 7.7702e-05 0.00117125
2.15 9.03747e-05 0.00120927
2.175 0.000107407 0.00124649
2.2 0.000128797 0.0012829
2.225 0.000154529 0.00131853
2.25 0.000184568 0.00135337
2.275 0.000218865 0.00138744
2.3 0.000257355 0.00142073
2.325 0.000299954 0.00145325
2.35 0.000346562 0.001485
2.375 0.000397063 0.00151598
2.4 0.000451325 0.00154618
2.425 0.000509196 0.00157559
2.45 0.000570511 0.0016042
2.475 0.000635086 0.001632
2.5 0.000702722 0.00165896
2.525 0.000773205 0.00168505
2.55 0.000846304 0.00171024
2.575 0.000921774 0.0017345
2.6 0.000999354 0.00175778
2.625 0.00107877 0.00178003
2.65 0.00115974 0.0018012
2.675 0.00124195 0.00182121
2.7 0.00132511 0.00184001
2.725 0.00140888 0.00185751
2.75 0.00149293 0.00187363
2.775 0.00157692 0.00188827
2.8 0.0016605 0.00190135
2.825 0.00174331 0.00191276
2.85 0.00182499 0.00192238
2.875 0.00190516 0.0019301
2.9 0.00198346 0.00193579
2.925 0.00205951 0.00193934
2.95 0.00213293 0.00194059
2.975 0.00220335 0.00193942
3 0.00227038 0.00193568
3.025 0.00233366 0.00192922
3.05 0.00239282 0.00191989
3.075 0.0024475 0.00190754
3.1 0.00249733 0.00189201
3.125 0.00254196 0.00187315
3.15 0.00258107 0.00185079
3.175 0.00261432 0.00182477
3.2 0.00264139 0.00179495
3.225 0.00266198 0.00176116
3.25 0.0026758 0.00172326
3.275 0.00268259 0.00168108
3.3 0.00268209 0.0016345
3.325 0.00267406 0.00158337
3.35 0.00265829 0.00152755
3.375 0.00263457 0.00146692
3.4 0.00260275 0.00140136
3.425 0.00256267 0.00133076
3.45 0.0025142 0.00125503
3.475 0.00245723 0.00117407
3.5 0.0023917 0.0010878
3.525 0.00231755 0.00099617
3.55 0.00223475 0.000899114
3.575 0.00214331 0.000796598
3.6 0.00204325 0.000688597
3.625 0.00193463 0.000575103
3.65 0.00181752 0.000456121
3.675 0.00169205 0.000331674
3.7 0.00155834 0.0002018
3.725 0.00141657 6.65544e-05
3.75 0.00126691 -7.39895e-05
3.775 0.00110958 -0.000219742
3.8 0.000944831 -0.000370597
3.825 0.000772925 -0.000526428
3.85 0.000594152 -0.000687094
3.875 0.000408827 -0.000852435
3.9 0.000217285 -0.00102228
3.925 1.98855e-05 -0.00119642
3.95 -0.000182995 -0.00137466
3.975 -0.000390958 -0.00155677
4 -0.00060359 -0.00174251
4.025 -0.000820459 -0.00193161
4.05 -0.00104112 -0.00212382
4.075 -0.00126511 -0.00231884
4.1 -0.00149197 -0.00251638
4.125 -0.0017212 -0.00271613
4.15 -0.00195232 -0.00291776
4.175 -0.00218483 -0.00312095
4.2 -0.00241823 -0.00332536
4.225 -0.00265202 -0.00353064
4.25 -0.00288568 -0.00373643
4.275 -0.0031187 -0.00394239
4.3 -0.00335059 -0.00414813
4.325 -0.00358084 -0.0043533
4.35 -0.00380895 -0.00455752
4.375 -0.00403442 -0.00476042
4.4 -0.00425679 -0.00496165
4.425 -0.00447557 -0.00516081
4.45 -0.0046903 -0.00535756
4.475 -0.00490054 -0.00555153
4.5 -0.00510585 -0.00574237
4.525 -0.00530582 -0.00592972
4.55 -0.00550004 -0.00611325
4.575 -0.00568813 -0.00629262
4.6 -0.00586973 -0.0064675
4.625 -0.0060445 -0.0066376
4.65 -0.00621211 -0.0068026
4.675 -0.00637227 -0.00696223
4.7 -0.0065247 -0.0071162
4.725 -0.00666915 -0.00726426
4.75 -0.00680539 -0.00740617
4.775 -0.00693321 -0.0075417
4.8 -0.00705245 -0.00767063
4.825 -0.00716294 -0.00779278
4.85 -0.00726456 -0.00790796
4.875 -0.00735721 -0.00801603
4.9 -0.0074408 -0.00811683
4.925 -0.0075153 -0.00821024
4.95 -0.00758066 -0.00829617
4.975 -0.00763689 -0.00837453
5 -0.00768402 -0.00844525
5.025 -0.00772207 -0.00850829
5.05 -0.00775114 -0.00856361
5.075 -0.0077713 -0.00861121
5.1 -0.00778267 -0.0086511
5.125 -0.00778538 -0.00868329
5.15 -0.00777958 -0.00870783
5.175 -0.00776545 -0.00872479
5.2 -0.00774318 -0.00873423
5.225 -0.00771297 -0.00873625
5.25 -0.00767504 -0.00873096
5.275 -0.00762964 -0.00871847
5.3 -0.00757701 -0.00869893
5.325 -0.00751741 -0.00867248
5.35 -0.00745113 -0.00863928
5.375 -0.00737843 -0.0085995
5.4 -0.00729963 -0.00855334
5.425 -0.00721501 -0.00850098
5.45 -0.00712489 -0.00844263
5.475 -0.00702957 -0.00837849
5.5 -0.00692937 -0.00830879
5.525 -0.00682461 -0.00823375
5.55 -0.00671561 -0.00815361
5.575 -0.00660269 -0.00806859
5.6 -0.00648618 -0.00797895
5.625 -0.00636638 -0.00788493
5.65 -0.00624363 -0.00778677
5.675 -0.00611822 -0.00768472
5.7 -0.00599048 -0.00757903
5.725 -0.0058607 -0.00746995
5.75 -0.00572918 -0.00735774
5.775 -0.00559622 -0.00724263
5.8 -0.00546209 -0.00712488
5.825 -0.00532709 -0.00700474
5.85 -0.00519146 -0.00688243
5.875 -0.00505548 -0.00675821
5.9 -0.00491939 -0.0066323
5.925 -0.00478344 -0.00650493
5.95 -0.00464784 -0.00637633
5.975 -0.00451283 -0.00624672
6 -0.0043786 -0.0061163
6.025 -0.00424537 -0.0059853
6.05 -0.0041133 -0.00585389
6.075 -0.00398259 -0.00572229
6.1 -0.00385339 -0.00559067
6.125 -0.00372585 -0.00545921
6.15 -0.00360012 -0.00532809
6.175 -0.00347633 -0.00519747
6.2 -0.00335459 -0.0050675
6.225 -0.00323503 -0.00493834
6.25 -0.00311773 -0.00481012
6.275 -0.00300278 -0.00468298
6.3 -0.00289026 -0.00455704
6.325 -0.00278024 -0.00443242
6.35 -0.00267278 -0.00430923
6.375 -0.00256793 -0.00418757
6.4 -0.00246573 -0.00406754
6.425 -0.00236621 -0.00394922
6.45 -0.00226939 -0.00383268
6.475 -0.00217529 -0.00371801
6.5 -0.00208393 -0.00360527
6.525 -0.00199529 -0.00349452
6.55 -0.00190939 -0.0033858
6.575 -0.0018262 -0.00327917
6.6 -0.00174571 -0.00317467
6.625 -0.0016679 -0.00307232
6.65 -0.00159275 -0.00297215
6.675 -0.00152021 -0.0028742
6.7 -0.00145026 -0.00277846
6.725 -0.00138286 -0.00268497
6.75 -0.00131795 -0.00259371
6.775 -0.00125551 -0.00250471
6.8 -0.00119547 -0.00241794
6.825 -0.00113779 -0.00233342
6.85 -0.00108242 -0.00225113
6.875 -0.00102929 -0.00217105
6.9 -0.000978353 -0.00209318
6.925 -0.000929551 -0.00201749
6.95 -0.000882823 -0.00194396
6.975 -0.00083811 -0.00187256
7 -0.000795353 -0.00180328
7.025 -0.000754489 -0.00173607
7.05 -0.000715458 -0.00167092
7.075 -0.000678201 -0.00160778
7.1 -0.000642655 -0.00154662
7.125 -0.000608763 -0.00148741
7.15 -0.000576463 -0.0014301
7.175 -0.000545698 -0.00137467
7.2 -0.00051641 -0.00132107
7.225 -0.000488541 -0.00126927
7.25 -0.000462036 -0.00121921
7.275 -0.00043684 -0.00117087
7.3 -0.0004129 -0.0011242
7.325 -0.000390163 -0.00107915
7.35 -0.000368578 -0.0010357
7.375 -0.000348095 -0.000993788
7.4 -0.000328667 -0.000953383
7.425 -0.000310246 -0.000914441
7.45 -0.000292786 -0.000876921
7.475 -0.000276245 -0.000840782
7.5 -0.000260578 -0.000805985
7.525 -0.000245746 -0.000772488
7.55 -0.000231708 -0.000740254
7.575 -0.000218427 -0.000709242
7.6 -0.000205865 -0.000679415
7.625 -0.000193988 -0.000650735
7.65 -0.000182761 -0.000623164
7.675 -0.000172151 -0.000596668
7.7 -0.000162128 -0.000571209
7.725 -0.000152662 -0.000546754
7.75 -0.000143724 -0.000523269
7.775 -0.000135286 -0.000500719
7.8 -0.000127324 -0.000479073
7.825 -0.00011981 -0.000458298
7.85 -0.000112723 -0.000438365
7.875 -0.000106038 -0.000419243
7.9 -9.97355e-05 -0.000400902
7.925 -9.37935e-05 -0.000383315
7.95 -8.81928e-05 -0.000366453
7.975 -8.29149e-05 -0.00035029
8 -7.7942e-05 -0.0003348
8.025 -7.32573e-05 -0.000319957
8.05 -6.88449e-05 -0.000305737
8.075 -6.46896e-05 -0.000292116
8.1 -6.07771e-05 -0.000279072
8.125 -5.70939e-05 -0.000266581
8.15 -5.36269e-05 -0.000254623
8.175 -5.0364e-05 -0.000243176
8.2 -4.72937e-05 -0.00023222
8.225 -4.4405e-05 -0.000221737
8.25 -4.16875e-05 -0.000211707
8.275 -3.91316e-05 -0.000202112
8.3 -3.67278e-05 -0.000192935
8.325 -3.44676e-05 -0.000184158
8.35 -3.23426e-05 -0.000175766
8.375 -3.0345e-05 -0.000167743
8.4 -2.84675e-05 -0.000160073
8.425 -2.6703e-05 -0.000152742
8.45 -2.50451e-05 -0.000145737
8.475 -2.34876e-05 -0.000139043
8.5 -2.20245e-05 -0.000132648
8.525 -2.06504e-05 -0.000126539
8.55 -1.936e-05 -0.000120704
8.575 -1.81485e-05 -0.000115131
8.6 -1.70112e-05 -0.00010981
8.625 -1.59437e-05 -0.00010473
8.65 -1.49419e-05 -9.98796e-05
8.675 -1.4002e-05 -9.52503e-05
8.7 -1.31202e-05 -9.08322e-05
8.725 -1.22931e-05 -8.66161e-05
8.75 -1.15174e-05 -8.25933e-05
8.775 -1.07902e-05 -7.87554e-05
8.8 -1.01084e-05 -7.50944e-05
8.825 -9.46935e-06 -7.16025e-05
8.85 -8.8705e-06 -6.82724e-05
8.875 -8.3094e-06 -6.50969e-05
8.9 -7.78377e-06 -6.20692e-05
8.925 -7.29146e-06 -5.91827e-05
8.95 -6.83043e-06 -5.64313e-05
8.975 -6.39878e-06 -5.38088e-05
9 -5.9947e-06 -5.13094e-05
9.025 -5.6165e-06 -4.89278e-05
9.05 -5.26257e-06 -4.66585e-05
9.075 -4.93141e-06 -4.44965e-05
9.1 -4.6216e-06 -4.2437e-05
9.125 -4.33181e-06 -4.04751e-05
9.15 -4.06078e-06 -3.86066e-05
9.175 -3.80732e-06 -3.6827e-05
9.2 -3.57032e-06 -3.51323e-05
9.225 -3.34873e-06 -3.35186e-05
9.25 -3.14156e-06 -3.19821e-05
9.275 -2.9479e-06 -3.05191e-05
9.3 -2.76686e-06 -2.91263e-05
9.325 -2.59763e-06 -2.78003e-05
9.35 -2.43943e-06 -2.6538e-05
9.375 -2.29155e-06 -2.53364e-05
9.4 -2.15331e-06 -2.41925e-05
9.425 -2.02407e-06 -2.31036e-05
9.45 -1.90323e-06 -2.2067e-05
9.475 -1.79023e-06 -2.10803e-05
9.5 -1.68455e-06 -2.01409e-05
9.525 -1.58569e-06 -1.92466e-05
9.55 -1.4932e-06 -1.83952e-05
9.575 -1.40665e-06 -1.75845e-05
9.6 -1.32562e-06 -1.68126e-05
9.625 -1.24976e-06 -1.60775e-05
9.65 -1.17869e-06 -1.53775e-05
9.675 -1.11211e-06 -1.47106e-05
9.7 -1.04969e-06 -1.40754e-05
9.725 -9.91155e-07 -1.34702e-05
9.75 -9.36238e-07 -1.28935e-05
9.775 -8.8469e-07 -1.23438e-05
9.8 -8.3628e-07 -1.18199e-05
9.825 -7.90794e-07 -1.13203e-05
9.85 -7.48031e-07 -1.08439e-05
9.875 -7.07805e-07 -1.03895e-05
9.9 -6.69944e-07 -9.95592e-06
9.925 -6.34288e-07 -9.54217e-06
9.95 -6.00689e-07 -9.14722e-06
9.975 -5.69007e-07 -8.77013e-06
10 -5.39115e-07 -8.40998e-06
10.025 -5.10895e-07 -8.06592e-06
10.05 -4.84237e-07 -7.73714e-06
10.075 -4.59038e-07 -7.42287e-06
10.1 -4.35205e-07 -7.12238e-06
10.125 -4.12649e-07 -6.83498e-06
10.15 -3.91291e-07 -6.56003e-06
10.175 -3.71055e-07 -6.29691e-06
10.2 -3.51871e-07 -6.04502e-06
10.225 -3.33676e-07 -5.80383e-06
10.25 -3.16409e-07 -5.57281e-06
10.275 -3.00017e-07 -5.35147e-06
10.3 -2.84446e-07 -5.13933e-06
10.325 -2.6965e-07 -4.93597e-06
10.35 -2.55585e-07 -4.74096e-06
10.375 -2.4221e-07 -4.55391e-06
10.4 -2.29487e-07 -4.37445e-06
10.425 -2.1738e-07 -4.20222e-06
10.45 -2.05856e-07 -4.03689e-06
10.475 -1.94885e-07 -3.87815e-06
10.5 -1.84439e-07 -3.7257e-06
10.525 -1.74489e-07 -3.57925e-06
10.55 -1.65012e-07 -3.43854e-06
10.575 -1.55984e-07 -3.30331e-06
10.6 -1.47384e-07 -3.17332e-06
10.625 -1.3919e-07 -3.04835e-06
10.65 -1.31383e-07 -2.92817e-06
10.675 -1.23945e-07 -2.81259e-06
10.7 -1.1686e-07 -2.70141e-06
10.725 -1.10111e-07 -2.59445e-06
10.75 -1.03683e-07 -2.49152e-06
10.775 -9.75613e-08 -2.39246e-06
10.8 -9.17329e-08 -2.29712e-06
10.825 -8.61848e-08 -2.20534e-06
10.85 -8.0905e-08 -2.11698e-06
10.875 -7.58818e-08 -2.0319e-06
10.9 -7.11044e-08 -1.94998e-06
10.925 -6.65623e-08 -1.87109e-06
10.95 -6.22457e-08 -1.79511e-06
10.975 -5.81452e-08 -1.72194e-06
11 -5.42519e-08 -1.65146e-06
11.025 -5.05571e-08 -1.58358e-06
11.05 -4.70527e-08 -1.5182e-06
11.075 -4.37309e-08 -1.45523e-06
11.1 -4.05843e-08 -1.39458e-06
11.125 -3.76056e-08 -1.33617e-06
11.15 -3.47881e-08 -1.27992e-06
11.175 -3.21252e-08 -1.22576e-06
11.2 -2.96106e-08 -1.1736e-06
11.225 -2.72383e-08 -1.12339e-06
11.25 -2.50024e-08 -1.07507e-06
11.275 -2.28972e-08 -1.02855e-06
11.3 -2.09175e-08 -9.838e-07
11.325 -1.9058e-08 -9.40747e-07
11.35 -1.73136e-08 -8.99339e-07
11.375 -1.56796e-08 -8.59524e-07
11.4 -1.41511e-08 -8.21253e-07
11.425 -1.27236e-08 -7.84476e-07
11.45 -1.13928e-08 -7.49148e-07
11.475 -1.01542e-08 -7.15222e-07
11.5 -9.00381e-09 -6.82657e-07
11.525 -7.93749e-09 -6.51409e-07
11.55 -6.95131e-09 -6.21438e-07
11.575 -6.04143e-09 -5.92704e-07
11.6 -5.20412e-09 -5.65169e-07
11.625 -4.43572e-09 -5.38794e-07
11.65 -3.73268e-09 -5.13544e-07
11.675 -3.09154e-09 -4.89382e-07
11.7 -2.50892e-09 -4.66273e-07
11.725 -1.98152e-09 -4.44182e-07
11.75 -1.50613e-09 -4.23076e-07
11.775 -1.07963e-09 -4.0292e-07
11.8 -6.98947e-10 -3.83683e-07
11.825 -3.61127e-10 -3.6533e-07
11.85 -6.32773e-11 -3.47832e-07
11.875 1.97408e-10 -3.31155e-07
11.9 4.23655e-10 -3.1527e-07
11.925 6.18103e-10 -3.00145e-07
11.95 7.83307e-10 -2.85751e-07
11.975 9.21738e-10 -2.72057e-07
12 1.03578e-09 -2.59035e-07
12.025 1.12771e-09 -2.46656e-07
12.05 1.19974e-09 -2.34892e-07
12.075 1.25398e-09 -2.23716e-07
12.1 1.29243e-09 -2.131e-07
12.125 1.31701e-09 -2.03018e-07
12.15 1.32953e-09 -1.93445e-07
12.175 1.33172e-09 -1.84356e-07
12.2 1.32518e-09 -1.75727e-07
12.225 1.31143e-09 -1.67533e-07
12.25 1.29189e-09 -1.59753e-07
12.275 1.26787e-09 -1.52364e-07
12.3 1.24057e-09 -1.45346e-07
12.325 1.2111e-09 -1.38678e-07
12.35 1.18047e-09 -1.3234e-07
12.375 1.14958e-09 -1.26315e-07
12.4 1.11925e-09 -1.20585e-07
12.425 1.09018e-09 -1.15133e-07
12.45 1.063e-09 -1.09944e-07
12.475 1.03822e-09 -1.05002e-07
12.5 1.01628e-09 -1.00293e-07
12.525 9.97548e-10 -9.58047e-08
12.55 9.82278e-10 -9.15244e-08
12.575 9.7067e-10 -8.74407e-08
12.6 9.62842e-10 -8.3543e-08
12.625 9.58846e-10 -7.98215e-08
12.65 9.58671e-10 -7.62669e-08
12.675 9.62245e-10 -7.28711e-08
12.7 9.69444e-10 -6.96261e-08
12.725 9.80097e-10 -6.6525e-08
12.75 9.93989e-10 -6.35613e-08
12.775 1.01087e-09 -6.07289e-08
12.8 1.03046e-09 -5.80224e-08
12.825 1.05245e-09 -5.54369e-08
12.85 1.07651e-09 -5.29676e-08
12.875 1.1023e-09 -5.06103e-08
12.9 1.12947e-09 -4.83611e-08
12.925 1.15768e-09 -4.62162e-08
12.95 1.18657e-09 -4.4172e-08
12.975 1.21579e-09 -4.22254e-08
13 1.24502e-09 -4.03729e-08
13.025 1.27393e-09 -3.86115e-08
13.05 1.30224e-09 -3.69381e-08
13.075 1.32967e-09 -3.53495e-08
13.1 1.35598e-09 -3.38426e-08
13.125 1.38095e-09 -3.24143e-08
13.15 1.40441e-09 -3.10612e-08
13.175 1.42621e-09 -2.978e-08
13.2 1.44625e-09 -2.85673e-08
13.225 1.46445e-09 -2.74192e-08
13.25 1.48079e-09 -2.63322e-08
13.275 1.49528e-09 -2.53023e-08
13.3 1.50799e-09 -2.43254e-08
13.325 1.519e-09 -2.33972e-08
13.35 1.52845e-09 -2.25135e-08
13.375 1.53651e-09 -2.16696e-08
13.4 1.54342e-09 -2.0861e-08
13.425 1.5494e-09 -2.00828e-08
13.45 1.55475e-09 -1.93302e-08
13.475 1.55979e-09 -1.85982e-08
13.5 1.56486e-09 -1.78818e-08
13.525 1.57035e-09 -1.7176e-08
13.55 1.57664e-09 -1.64757e-08
13.575 1.58415e-09 -1.57757e-08
13.6 1.59333e-09 -1.50712e-08
13.625 1.60461e-09 -1.43571e-08
13.65 1.61847e-09 -1.36285e-08
13.675 1.63536e-09 -1.28808e-08
13.7 1.65576e-09 -1.21092e-08
13.725 1.68012e-09 -1.13095e-08
13.75 1.70891e-09 -1.04774e-08
13.775 1.74257e-09 -9.6089e-09
13.8 1.78156e-09 -8.70028e-09
13.825 1.82628e-09 -7.7481e-09
13.85 1.87713e-09 -6.7492e-09
13.875 1.9345e-09 -5.70076e-09
13.9 1.99874e-09 -4.60029e-09
13.925 2.07017e-09 -3.44564e-09
13.95 2.14907e-09 -2.23505e-09
13.975 2.23571e-09 -9.67126e-10
14 2.33029e-09 3.59139e-10
14.025 2.433e-09 1.74436e-09
14.05 2.54398e-09 3.18875e-09
14.075 2.66332e-09 4.69212e-09
14.1 2.79107e-09 6.25391e-09
14.125 2.92725e-09 7.87313e-09
14.15 3.07182e-09 9.54843e-09
14.175 3.22469e-09 1.12781e-08
14.2 3.38575e-09 1.30599e-08
14.225 3.55482e-09 1.48916e-08
14.25 3.7317e-09 1.67702e-08
14.275 3.91612e-09 1.86927e-08
14.3 4.10778e-09 2.06555e-08
14.325 4.30636e-09 2.26551e-08
14.35 4.51147e-09 2.46875e-08
14.375 4.7227e-09 2.67483e-08
14.4 4.93961e-09 2.88333e-08
14.425 5.16171e-09 3.09377e-08
14.45 5.38849e-09 3.30569e-08
14.475 5.61941e-09 3.51857e-08
14.5 5.85392e-09 3.73193e-08
14.525 6.09143e-09 3.94525e-08
14.55 6.33133e-09 4.15802e-08
14.575 6.573e-09 4.3697e-08
14.6 6.81582e-09 4.57978e-08
14.625 7.05914e-09 4.78774e-08
14.65 7.30231e-09 4.99307e-08
14.675 7.54467e-09 5.19524e-08
14.7 7.78557e-09 5.39378e-08
14.725 8.02437e-09 5.58818e-08
14.75 8.26041e-09 5.77797e-08
14.775 8.49305e-09 5.9627e-08
14.8 8.72166e-09 6.14193e-08
14.825 8.94564e-09 6.31523e-08
14.85 9.16438e-09 6.48221e-08
14.875 9.37729e-09 6.64248e-08
14.9 9.58383e-09 6.7957e-08
14.925 9.78345e-09 6.94153e-08
14.95 9.97564e-09 7.07968e-08
14.975 1.01599e-08 7.20987e-08
15 1.03358e-08 7.33184e-08
15.025 1.05029e-08 7.44539e-08
15.05 1.06608e-08 7.55032e-08
15.075 1.08092e-08 7.64647e-08
15.1 1.09476e-08 7.73371e-08
15.125 1.10758e-08 7.81192e-08
15.15 1.11936e-08 7.88105e-08
15.175 1.13007e-08 7.94103e-08
15.2 1.1397e-08 7.99185e-08
15.225 1.14822e-08 8.03351e-08
15.25 1.15562e-08 8.06606e-08
15.275 1.1619e-08 8.08956e-08
15.3 1.16704e-08 8.10407e-08
15.325 1.17106e-08 8.10973e-08
15.35 1.17394e-08 8.10665e-08
15.375 1.1757e-08 8.095e-08
15.4 1.17633e-08 8.07495e-08
15.425 1.17586e-08 8.04669e-08
15.45 1.17429e-08 8.01043e-08
15.475 1.17165e-08 7.96641e-08
15.5 1.16794e-08 7.91487e-08
15.525 1.1632e-08 7.85607e-08
15.55 1.15744e-08 7.79028e-08
15.575 1.15069e-08 7.71779e-08
15.6 1.14299e-08 7.63888e-08
15.625 1.13435e-08 7.55387e-08
15.65 1.12482e-08 7.46305e-08
15.675 1.11442e-08 7.36676e-08
15.7 1.10319e-08 7.2653e-08
15.725 1.09117e-08 7.159e-08
15.75 1.0784e-08 7.04819e-08
15.775 1.0649e-08 6.93319e-08
15.8 1.05073e-08 6.81434e-08
15.825 1.03592e-08 6.69196e-08
15.85 1.02051e-08 6.56637e-08
15.875 1.00454e-08 6.4379e-08
15.9 9.88057e-09 6.30686e-08
15.925 9.71096e-09 6.17356e-08
15.95 9.53698e-09 6.03831e-08
15.975 9.35905e-09 5.90142e-08
16 9.17757e-09 5.76316e-08
16.025 8.99293e-09 5.62383e-08
16.05 8.80552e-09 5.48371e-08
16.075 8.61573e-09 5.34305e-08
16.1 8.42393e-09 5.20213e-08
16.125 8.2305e-09 5.06117e-08
16.15 8.03579e-09 4.92043e-08
16.175 7.84014e-09 4.78014e-08
16.2 7.64391e-09 4.64049e-08
16.225 7.44742e-09 4.50172e-08
16.25 7.25097e-09 4.36399e-08
16.275 7.05489e-09 4.22751e-08
16.3 6.85944e-09 4.09245e-08
16.325 6.66493e-09 3.95895e-08
16.35 6.4716e-09 3.82719e-08
16.375 6.27971e-09 3.69729e-08
16.4 6.08949e-09 3.56938e-08
16.425 5.90118e-09 3.44358e-08
16.45 5.71498e-09 3.32e-08
16.475 5.53108e-09 3.19874e-08
16.5 5.34968e-09 3.07987e-08
16.525 5.17094e-09 2.96349e-08
16.55 4.99501e-09 2.84966e-08
16.575 4.82204e-09 2.73843e-08
16.6 4.65216e-09 2.62986e-08
16.625 4.48549e-09 2.52399e-08
16.65 4.32213e-09 2.42084e-08
16.675 4.16217e-09 2.32045e-08
16.7 4.0057e-09 2.22284e-08
16.725 3.85278e-09 2.12801e-08
16.75 3.70348e-09 2.03596e-08
16.775 3.55785e-09 1.9467e-08
16.8 3.41591e-09 1.86022e-08
16.825 3.27771e-09 1.7765e-08
16.85 3.14326e-09 1.69553e-08
16.875 3.01257e-09 1.61727e-08
16.9 2.88564e-09 1.5417e-08
16.925 2.76247e-09 1.46879e-08
16.95 2.64304e-09 1.3985e-08
16.975 2.52734e-09 1.33079e-08
17 2.41534e-09 1.26562e-08
17.025 2.307e-09 1.20294e-08
17.05 2.20229e-09 1.1427e-08
17.075 2.10116e-09 1.08485e-08
17.1 2.00356e-09 1.02934e-08
17.125 1.90945e-09 9.76105e-09
17.15 1.81875e-09 9.25099e-09
17.175 1.73143e-09 8.76262e-09
17.2 1.6474e-09 8.29534e-09
17.225 1.5666e-09 7.84856e-09
17.25 1.48897e-09 7.42169e-09
17.275 1.41443e-09 7.01412e-09
17.3 1.3429e-09 6.62526e-09
17.325 1.27432e-09 6.25449e-09
17.35 1.2086e-09 5.90121e-09
17.375 1.14567e-09 5.56483e-09
17.4 1.08545e-09 5.24476e-09
17.425 1.02787e-09 4.9404e-09
17.45 9.7283e-10 4.65117e-09
17.475 9.20268e-10 4.37651e-09
17.5 8.701e-10 4.11584e-09
17.525 8.22247e-10 3.86862e-09
17.55 7.76631e-10 3.63429e-09
17.575 7.33175e-10 3.41234e-09
17.6 6.91803e-10 3.20224e-09
17.625 6.52437e-10 3.00347e-09
17.65 6.15005e-10 2.81555e-09
17.675 5.79432e-10 2.638e-09
17.7 5.45647e-10 2.47034e-09
17.725 5.13578e-10 2.31212e-09
17.75 4.83157e-10 2.1629e-09
17.775 4.54315e-10 2.02225e-09
17.8 4.26987e-10 1.88977e-09
17.825 4.01109e-10 1.76505e-09
17.85 3.76616e-10 1.6477e-09
17.875 3.53449e-10 1.53736e-09
17.9 3.31548e-10 1.43366e-09
17.925 3.10856e-10 1.33628e-09
17.95 2.91316e-10 1.24486e-09
17.975 2.72876e-10 1.15911e-09
18 2.55481e-10 1.07871e-09
18.025 2.39083e-10 1.00337e-09
18.05 2.23633e-10 9.32822e-10
18.075 2.09083e-10 8.66789e-10
18.1 1.95389e-10 8.05021e-10
18.125 1.82507e-10 7.47275e-10
18.15 1.70396e-10 6.9332e-10
18.175 1.59015e-10 6.42934e-10
18.2 1.48326e-10 5.95908e-10
18.225 1.38293e-10 5.52043e-10
18.25 1.28879e-10 5.11148e-10
18.275 1.20051e-10 4.73044e-10
18.3 1.11778e-10 4.3756e-10
18.325 1.04027e-10 4.04534e-10
18.35 9.6771e-11 3.73813e-10
18.375 8.99803e-11 3.45251e-10
18.4 8.36287e-11 3.18711e-10
18.425 7.76908e-11 2.94063e-10
18.45 7.21425e-11 2.71186e-10
18.475 6.69607e-11 2.49962e-10
18.5 6.21237e-11 2.30284e-10
18.525 5.76108e-11 2.12049e-10
18.55 5.34022e-11 1.9516e-10
18.575 4.94794e-11 1.79525e-10
18.6 4.58248e-11 1.65061e-10
18.625 4.24216e-11 1.51685e-10
18.65 3.92542e-11 1.39323e-10
18.675 3.63075e-11 1.27905e-10
18.7 3.35676e-11 1.17363e-10
18.725 3.10211e-11 1.07636e-10
18.75 2.86555e-11 9.86652e-11
18.775 2.64589e-11 9.03965e-11
18.8 2.44203e-11 8.27789e-11
18.825 2.25292e-11 7.57649e-11
18.85 2.07758e-11 6.93101e-11
18.875 1.91507e-11 6.3373e-11
18.9 1.76453e-11 5.79151e-11
18.925 1.62514e-11 5.29002e-11
18.95 1.49613e-11 4.8295e-11
18.975 1.37678e-11 4.40681e-11
19 1.26643e-11 4.01906e-11
19.025 1.16444e-11 3.66354e-11
19.05 1.07022e-11 3.33775e-11
19.075 9.83212e-12 3.03936e-11
19.1 9.02906e-12 2.76621e-11
19.125 8.28818e-12 2.5163e-11
19.15 7.60497e-12 2.28778e-11
19.175 6.97521e-12 2.07892e-11
19.2 6.39499e-12 1.88813e-11
19.225 5.86064e-12 1.71395e-11
19.25 5.36875e-12 1.55502e-11
19.275 4.91615e-12 1.41007e-11
19.3 4.49988e-12 1.27795e-11
19.325 4.11719e-12 1.15759e-11
19.35 3.76553e-12 1.048e-11
19.375 3.44252e-12 9.48263e-12
19.4 3.14596e-12 8.57554e-12
19.425 2.87379e-12 7.75097e-12
19.45 2.62412e-12 7.00181e-12
19.475 2.39518e-12 6.32155e-12
19.5 2.18535e-12 5.70418e-12
19.525 1.99311e-12 5.14421e-12
19.55 1.81706e-12 4.63657e-12
19.575 1.6559e-12 4.17664e-12
19.6 1.50845e-12 3.76017e-12
19.625 1.37358e-12 3.38325e-12
19.65 1.25028e-12 3.04233e-12
19.675 1.1376e-12 2.73415e-12
19.7 1.03467e-12 2.45571e-12
19.725 9.40692e-13 2.2043e-12
19.75 8.54913e-13 1.97743e-12
19.775 7.76654e-13 1.77281e-12
19.8 7.05285e-13 1.58837e-12
19.825 6.40226e-13 1.42222e-12
19.85 5.80944e-13 1.27264e-12
19.875 5.26948e-13 1.13806e-12
19.9 4.77786e-13 1.01704e-12
19.925 4.33045e-13 9.08285e-13
19.95 3.92343e-13 8.10613e-13
19.975 3.5533e-13 7.22949e-13
20 3.21686e-13 6.44317e-13
