0 -0.000880007 -0.0009048
0.025 -0.000880007 -0.0009048
0.05 -0.0017588 -0.00180836
0.075 -0.00263516 -0.00270944
0.1 -0.00350788 -0.00360681
0.125 -0.00437575 -0.00449923
0.15 -0.00523759 -0.0053855
0.175 -0.0060922 -0.00626441
0.2 -0.00693843 -0.00713476
0.225 -0.00777512 -0.00799537
0.25 -0.00860114 -0.00884509
0.275 -0.00941537 -0.00968277
0.3 -0.0102167 -0.0105073
0.325 -0.0110041 -0.0113176
0.35 -0.0117766 -0.0121126
0.375 -0.012533 -0.0128912
0.4 -0.0132725 -0.0136525
0.425 -0.0139941 -0.0143955
0.45 -0.0146969 -0.0151192
0.475 -0.01538 -0.0158228
0.5 -0.0160425 -0.0165054
0.525 -0.0166838 -0.0171661
0.55 -0.017303 -0.0178042
0.575 -0.0178995 -0.018419
0.6 -0.0184725 -0.0190097
0.625 -0.0190215 -0.0195758
0.65 -0.0195459 -0.0201166
0.675 -0.0200453 -0.0206316
0.7 -0.020519 -0.0211203
0.725 -0.0209668 -0.0215824
0.75 -0.0213883 -0.0220173
0.775 -0.0217832 -0.0224248
0.8 -0.0221511 -0.0228046
0.825 -0.022492 -0.0231565
0.85 -0.0228057 -0.0234803
0.875 -0.0230921 -0.0237759
0.9 -0.0233511 -0.0240434
0.925 -0.0235829 -0.0242826
0.95 -0.0237874 -0.0244937
0.975 -0.0239648 -0.0246767
1 -0.0241153 -0.0248319
1.025 -0.0242391 -0.0249595
1.05 -0.0243365 -0.0250598
1.075 -0.0244079 -0.0251331
1.1 -0.0244535 -0.0251797
1.125 -0.0244739 -0.0252002
1.15 -0.0244696 -0.025195
1.175 -0.0244409 -0.0251647
1.2 -0.0243886 -0.0251097
1.225 -0.0243132 -0.0250307
1.25 -0.0242153 -0.0249285
1.275 -0.0240956 -0.0248036
1.3 -0.0239548 -0.0246567
1.325 -0.0237936 -0.0244888
1.35 -0.0236128 -0.0243004
1.375 -0.0234132 -0.0240925
1.4 -0.0231956 -0.0238658
1.425 -0.0229608 -0.0236213
1.45 -0.0227097 -0.0233598
1.475 -0.022443 -0.0230822
1.5 -0.0221617 -0.0227894
1.525 -0.0218667 -0.0224823
1.55 -0.0215588 -0.0221618
1.575 -0.0212389 -0.0218289
1.6 -0.0209078 -0.0214844
1.625 -0.0205666 -0.0211293
1.65 -0.020216 -0.0207645
1.675 -0.0198569 -0.020391
1.7 -0.0194902 -0.0200095
1.725 -0.0191167 -0.019621
1.75 -0.0187372 -0.0192264
1.775 -0.0183527 -0.0188266
1.8 -0.0179638 -0.0184222
1.825 -0.0175713 -0.0180143
1.85 -0.0171761 -0.0176035
1.875 -0.0167788 -0.0171907
1.9 -0.0163801 -0.0167766
1.925 -0.0159808 -0.0163618
1.95 -0.0155815 -0.0159471
1.975 -0.0151828 -0.0155332
2 -0.0147853 -0.0151207
2.025 -0.0143896 -0.0147102
2.05 -0.0139963 -0.0143021
2.075 -0.0136059 -0.0138972
2.1 -0.0132187 -0.0134959
2.125 -0.0128354 -0.0130986
2.15 -0.0124563 -0.0127059
2.175 -0.0120818 -0.012318
2.2 -0.0117123 -0.0119355
2.225 -0.0113481 -0.0115586
2.25 -0.0109895 -0.0111876
2.275 -0.0106369 -0.0108229
2.3 -0.0102903 -0.0104647
2.325 -0.00995016 -0.0101133
2.35 -0.00961655 -0.00976875
2.375 -0.00928967 -0.00943133
2.4 -0.00896967 -0.00910117
2.425 -0.00865668 -0.00877839
2.45 -0.00835079 -0.00846309
2.475 -0.00805207 -0.00815535
2.5 -0.0077606 -0.00785523
2.525 -0.00747641 -0.00756276
2.55 -0.00719953 -0.00727796
2.575 -0.00692994 -0.00700084
2.6 -0.00666766 -0.00673137
2.625 -0.00641264 -0.00646952
2.65 -0.00616485 -0.00621524
2.675 -0.00592423 -0.00596848
2.7 -0.00569073 -0.00572916
2.725 -0.00546427 -0.0054972
2.75 -0.00524475 -0.00527251
2.775 -0.0050321 -0.00505497
2.8 -0.00482621 -0.0048445
2.825 -0.00462696 -0.00464095
2.85 -0.00443426 -0.00444422
2.875 -0.00424797 -0.00425417
2.9 -0.00406797 -0.00407068
2.925 -0.00389414 -0.00389359
2.95 -0.00372635 -0.00372277
2.975 -0.00356446 -0.00355808
3 -0.00340834 -0.00339938
3.025 -0.00325784 -0.00324651
3.05 -0.00311284 -0.00309933
3.075 -0.00297319 -0.00295769
3.1 -0.00283875 -0.00282145
3.125 -0.0027094 -0.00269045
3.15 -0.00258497 -0.00256455
3.175 -0.00246535 -0.0024436
3.2 -0.0023504 -0.00232746
3.225 -0.00223997 -0.00221599
3.25 -0.00213394 -0.00210905
3.275 -0.00203218 -0.00200649
3.3 -0.00193455 -0.00190818
3.325 -0.00184092 -0.00181398
3.35 -0.00175118 -0.00172377
3.375 -0.00166519 -0.0016374
3.4 -0.00158284 -0.00155477
3.425 -0.00150401 -0.00147573
3.45 -0.00142857 -0.00140016
3.475 -0.00135642 -0.00132795
3.5 -0.00128745 -0.00125899
3.525 -0.00122153 -0.00119314
3.55 -0.00115857 -0.00113031
3.575 -0.00109846 -0.00107038
3.6 -0.0010411 -0.00101324
3.625 -0.000986393 -0.000958801
3.65 -0.000934231 -0.000906948
3.675 -0.000884524 -0.000857586
3.7 -0.000837179 -0.000810619
3.725 -0.000792105 -0.000765952
3.75 -0.000749215 -0.000723494
3.775 -0.000708421 -0.000683156
3.8 -0.000669641 -0.000644851
3.825 -0.000632793 -0.000608496
3.85 -0.000597798 -0.000574009
3.875 -0.000564578 -0.000541311
3.9 -0.00053306 -0.000510323
3.925 -0.000503171 -0.000480973
3.95 -0.00047484 -0.000453188
3.975 -0.000447999 -0.000426896
4 -0.000422582 -0.000402032
4.025 -0.000398525 -0.000378528
4.05 -0.000375765 -0.000356322
4.075 -0.000354244 -0.000335353
4.1 -0.000333903 -0.00031556
4.125 -0.000314685 -0.000296887
4.15 -0.000296538 -0.000279279
4.175 -0.000279408 -0.000262683
4.2 -0.000263246 -0.000247047
4.225 -0.000248004 -0.000232323
4.25 -0.000233634 -0.000218463
4.275 -0.000220092 -0.000205422
4.3 -0.000207335 -0.000193156
4.325 -0.000195322 -0.000181624
4.35 -0.000184013 -0.000170786
4.375 -0.00017337 -0.000160603
4.4 -0.000163357 -0.000151039
4.425 -0.000153939 -0.000142059
4.45 -0.000145084 -0.000133629
4.475 -0.000136758 -0.000125718
4.5 -0.000128932 -0.000118295
4.525 -0.000121578 -0.000111331
4.55 -0.000114667 -0.0001048
4.575 -0.000108173 -9.86737e-05
4.6 -0.000102072 -9.29289e-05
4.625 -9.63401e-05 -8.75416e-05
4.65 -9.09546e-05 -8.24895e-05
4.675 -8.58943e-05 -7.77516e-05
4.7 -8.11393e-05 -7.3308e-05
4.725 -7.66704e-05 -6.91398e-05
4.75 -7.24698e-05 -6.52293e-05
4.775 -6.85203e-05 -6.15598e-05
4.8 -6.48061e-05 -5.81155e-05
4.825 -6.1312e-05 -5.48815e-05
4.85 -5.80239e-05 -5.18441e-05
4.875 -5.49284e-05 -4.899e-05
4.9 -5.2013e-05 -4.63072e-05
4.925 -4.9266e-05 -4.3784e-05
4.95 -4.66764e-05 -4.14098e-05
4.975 -4.42338e-05 -3.91745e-05
5 -4.19286e-05 -3.70689e-05
5.025 -3.9752e-05 -3.50842e-05
5.05 -3.76954e-05 -3.32123e-05
5.075 -3.57511e-05 -3.14457e-05
5.1 -3.39118e-05 -2.97774e-05
5.125 -3.21707e-05 -2.82008e-05
5.15 -3.05217e-05 -2.671e-05
5.175 -2.89588e-05 -2.52993e-05
5.2 -2.74768e-05 -2.39637e-05
5.225 -2.60705e-05 -2.26984e-05
5.25 -2.47353e-05 -2.14989e-05
5.275 -2.34671e-05 -2.03611e-05
5.3 -2.22618e-05 -1.92814e-05
5.325 -2.11157e-05 -1.82563e-05
5.35 -2.00256e-05 -1.72826e-05
5.375 -1.89883e-05 -1.63573e-05
5.4 -1.80008e-05 -1.54778e-05
5.425 -1.70606e-05 -1.46415e-05
5.45 -1.61652e-05 -1.38462e-05
5.475 -1.53123e-05 -1.30896e-05
5.5 -1.44998e-05 -1.23699e-05
5.525 -1.37257e-05 -1.16853e-05
5.55 -1.29883e-05 -1.10339e-05
5.575 -1.22858e-05 -1.04143e-05
5.6 -1.16167e-05 -9.82505e-06
5.625 -1.09795e-05 -9.26471e-06
5.65 -1.03728e-05 -8.73203e-06
5.675 -9.79532e-06 -8.22581e-06
5.7 -9.24588e-06 -7.74493e-06
5.725 -8.7233e-06 -7.28832e-06
5.75 -8.2265e-06 -6.85498e-06
5.775 -7.75443e-06 -6.44395e-06
5.8 -7.30613e-06 -6.05431e-06
5.825 -6.88063e-06 -5.6852e-06
5.85 -6.47704e-06 -5.33578e-06
5.875 -6.09449e-06 -5.00524e-06
5.9 -5.73214e-06 -4.69281e-06
5.925 -5.38919e-06 -4.39775e-06
5.95 -5.06486e-06 -4.11932e-06
5.975 -4.75838e-06 -3.85684e-06
6 -4.46901e-06 -3.60961e-06
6.025 -4.19606e-06 -3.37699e-06
6.05 -3.93881e-06 -3.15832e-06
6.075 -3.69659e-06 -2.95298e-06
6.1 -3.46875e-06 -2.76036e-06
6.125 -3.25463e-06 -2.57987e-06
6.15 -3.05361e-06 -2.41094e-06
6.175 -2.86508e-06 -2.25299e-06
6.2 -2.68844e-06 -2.10549e-06
6.225 -2.52311e-06 -1.9679e-06
6.25 -2.36853e-06 -1.83971e-06
6.275 -2.22414e-06 -1.72041e-06
6.3 -2.0894e-06 -1.60951e-06
6.325 -1.96381e-06 -1.50655e-06
6.35 -1.84685e-06 -1.41106e-06
6.375 -1.73803e-06 -1.32261e-06
6.4 -1.63687e-06 -1.24076e-06
6.425 -1.54293e-06 -1.1651e-06
6.45 -1.45575e-06 -1.09523e-06
6.475 -1.3749e-06 -1.03077e-06
6.5 -1.29997e-06 -9.71354e-07
6.525 -1.23056e-06 -9.16618e-07
6.55 -1.1663e-06 -8.66226e-07
6.575 -1.10681e-06 -8.19855e-07
6.6 -1.05174e-06 -7.77193e-07
6.625 -1.00077e-06 -7.37945e-07
6.65 -9.53556e-07 -7.01829e-07
6.675 -9.09812e-07 -6.6858e-07
6.7 -8.69244e-07 -6.37944e-07
6.725 -8.3158e-07 -6.09682e-07
6.75 -7.96561e-07 -5.83571e-07
6.775 -7.63946e-07 -5.594e-07
6.8 -7.33506e-07 -5.36972e-07
6.825 -7.05028e-07 -5.16102e-07
6.85 -6.78315e-07 -4.9662e-07
6.875 -6.53181e-07 -4.78369e-07
6.9 -6.29459e-07 -4.61203e-07
6.925 -6.06989e-07 -4.44989e-07
6.95 -5.85631e-07 -4.29606e-07
6.975 -5.65252e-07 -4.14945e-07
7 -5.45736e-07 -4.00906e-07
7.025 -5.26977e-07 -3.87402e-07
7.05 -5.0888e-07 -3.74356e-07
7.075 -4.91361e-07 -3.61699e-07
7.1 -4.74348e-07 -3.49372e-07
7.125 -4.57778e-07 -3.37325e-07
7.15 -4.41597e-07 -3.25516e-07
7.175 -4.25758e-07 -3.13911e-07
7.2 -4.10226e-07 -3.02483e-07
7.225 -3.94971e-07 -2.9121e-07
7.25 -3.79968e-07 -2.80077e-07
7.275 -3.65202e-07 -2.69074e-07
7.3 -3.5066e-07 -2.58196e-07
7.325 -3.36337e-07 -2.47442e-07
7.35 -3.22229e-07 -2.36814e-07
7.375 -3.08339e-07 -2.26318e-07
7.4 -2.94671e-07 -2.15961e-07
7.425 -2.81233e-07 -2.05754e-07
7.45 -2.68032e-07 -1.95708e-07
7.475 -2.5508e-07 -1.85836e-07
7.5 -2.42389e-07 -1.7615e-07
7.525 -2.29972e-07 -1.66665e-07
7.55 -2.17841e-07 -1.57395e-07
7.575 -2.0601e-07 -1.48351e-07
7.6 -1.9449e-07 -1.39548e-07
7.625 -1.83295e-07 -1.30996e-07
7.65 -1.72435e-07 -1.22708e-07
7.675 -1.6192e-07 -1.14693e-07
7.7 -1.5176e-07 -1.06959e-07
7.725 -1.41963e-07 -9.95137e-08
7.75 -1.32536e-07 -9.23631e-08
7.775 -1.23482e-07 -8.55118e-08
7.8 -1.14807e-07 -7.89628e-08
7.825 -1.06513e-07 -7.27179e-08
7.85 -9.86003e-08 -6.67775e-08
7.875 -9.10689e-08 -6.11408e-08
7.9 -8.39172e-08 -5.58059e-08
7.925 -7.71422e-08 -5.07697e-08
7.95 -7.07399e-08 -4.60281e-08
7.975 -6.47053e-08 -4.15762e-08
8 -5.90323e-08 -3.74081e-08
8.025 -5.3714e-08 -3.35174e-08
8.05 -4.87426e-08 -2.9897e-08
8.075 -4.41096e-08 -2.65394e-08
8.1 -3.98061e-08 -2.34366e-08
8.125 -3.58225e-08 -2.05802e-08
8.15 -3.21487e-08 -1.79617e-08
8.175 -2.87743e-08 -1.55722e-08
8.2 -2.56886e-08 -1.34029e-08
8.225 -2.28806e-08 -1.14447e-08
8.25 -2.03391e-08 -9.68861e-09
8.275 -1.80526e-08 -8.12541e-09
8.3 -1.60097e-08 -6.74604e-09
8.325 -1.41987e-08 -5.54141e-09
8.35 -1.26079e-08 -4.50245e-09
8.375 -1.12256e-08 -3.62011e-09
8.4 -1.00399e-08 -2.88538e-09
8.425 -9.03895e-09 -2.28929e-09
8.45 -8.21103e-09 -1.82287e-09
8.475 -7.54429e-09 -1.47721e-09
8.5 -7.02694e-09 -1.24341e-09
8.525 -6.64726e-09 -1.11261e-09
8.55 -6.39358e-09 -1.076e-09
8.575 -6.25434e-09 -1.12477e-09
8.6 -6.2181e-09 -1.2502e-09
8.625 -6.27354e-09 -1.44364e-09
8.65 -6.40956e-09 -1.6965e-09
8.675 -6.61523e-09 -2.00035e-09
8.7 -6.8799e-09 -2.34685e-09
8.725 -7.1932e-09 -2.72789e-09
8.75 -7.54509e-09 -3.13551e-09
8.775 -7.9259e-09 -3.56205e-09
8.8 -8.32639e-09 -4.0001e-09
8.825 -8.73776e-09 -4.44259e-09
8.85 -9.15172e-09 -4.88281e-09
8.875 -9.56052e-09 -5.31448e-09
8.9 -9.95698e-09 -5.73173e-09
8.925 -1.03345e-08 -6.1292e-09
8.95 -1.06872e-08 -6.50203e-09
8.975 -1.10098e-08 -6.84589e-09
9 -1.12977e-08 -7.15703e-09
9.025 -1.1547e-08 -7.43228e-09
9.05 -1.17544e-08 -7.66905e-09
9.075 -1.19175e-08 -7.86535e-09
9.1 -1.20345e-08 -8.0198e-09
9.125 -1.21042e-08 -8.13159e-09
9.15 -1.21261e-08 -8.20047e-09
9.175 -1.21004e-08 -8.22677e-09
9.2 -1.20277e-08 -8.2113e-09
9.225 -1.19092e-08 -8.15538e-09
9.25 -1.17468e-08 -8.06077e-09
9.275 -1.15427e-08 -7.92961e-09
9.3 -1.12994e-08 -7.76441e-09
9.325 -1.10198e-08 -7.56797e-09
9.35 -1.07073e-08 -7.34332e-09
9.375 -1.03652e-08 -7.0937e-09
9.4 -9.99718e-09 -6.82247e-09
9.425 -9.60688e-09 -6.53305e-09
9.45 -9.19808e-09 -6.2289e-09
9.475 -8.77451e-09 -5.91344e-09
9.5 -8.33986e-09 -5.59001e-09
9.525 -7.89768e-09 -5.26182e-09
9.55 -7.4514e-09 -4.93193e-09
9.575 -7.00424e-09 -4.60316e-09
9.6 -6.55921e-09 -4.27814e-09
9.625 -6.11906e-09 -3.95921e-09
9.65 -5.68628e-09 -3.64844e-09
9.675 -5.26306e-09 -3.34761e-09
9.7 -4.8513e-09 -3.05821e-09
9.725 -4.45261e-09 -2.78143e-09
9.75 -4.06831e-09 -2.51815e-09
9.775 -3.69941e-09 -2.26897e-09
9.8 -3.34665e-09 -2.03425e-09
9.825 -3.01053e-09 -1.81406e-09
9.85 -2.69128e-09 -1.60826e-09
9.875 -2.38895e-09 -1.41651e-09
9.9 -2.10337e-09 -1.23829e-09
9.925 -1.83421e-09 -1.07294e-09
9.95 -1.58101e-09 -9.19672e-10
9.975 -1.3432e-09 -7.77631e-10
10 -1.12015e-09 -6.45901e-10
10.025 -9.11145e-10 -5.23547e-10
10.05 -7.15471e-10 -4.09636e-10
10.075 -5.32403e-10 -3.03266e-10
10.1 -3.61239e-10 -2.0359e-10
10.125 -2.01318e-10 -1.09835e-10
10.15 -5.20358e-11 -2.13178e-11
10.175 8.71442e-11 6.25396e-11
10.2 2.16678e-10 1.42201e-10
10.225 3.36936e-10 2.18012e-10
10.25 4.482e-10 2.90193e-10
10.275 5.50666e-10 3.58847e-10
10.3 6.44442e-10 4.23958e-10
10.325 7.2956e-10 4.85404e-10
10.35 8.05981e-10 5.42964e-10
10.375 8.73607e-10 5.96335e-10
10.4 9.32295e-10 6.45142e-10
10.425 9.8187e-10 6.8896e-10
10.45 1.02214e-09 7.27329e-10
10.475 1.05291e-09 7.59776e-10
10.5 1.07399e-09 7.85827e-10
10.525 1.08526e-09 8.05034e-10
10.55 1.08658e-09 8.16986e-10
10.575 1.07793e-09 8.21331e-10
10.6 1.05933e-09 8.17788e-10
10.625 1.03088e-09 8.0616e-10
10.65 9.92776e-10 7.86349e-10
10.675 9.4531e-10 7.58359e-10
10.7 8.88874e-10 7.22307e-10
10.725 8.23959e-10 6.78427e-10
10.75 7.5116e-10 6.27066e-10
10.775 6.71168e-10 5.68688e-10
10.8 5.84763e-10 5.03864e-10
10.825 4.92814e-10 4.33272e-10
10.85 3.96262e-10 3.5768e-10
10.875 2.96109e-10 2.77941e-10
10.9 1.9341e-10 1.94978e-10
10.925 8.92528e-11 1.09766e-10
10.95 -1.5254e-11 2.3322e-11
10.975 -1.18998e-10 -6.33168e-11
11 -2.2088e-10 -1.49107e-10
11.025 -3.19828e-10 -2.33019e-10
11.05 -4.14816e-10 -3.14052e-10
11.075 -5.04877e-10 -3.9125e-10
11.1 -5.89119e-10 -4.63722e-10
11.125 -6.66736e-10 -5.30651e-10
11.15 -7.3702e-10 -5.91311e-10
11.175 -7.99374e-10 -6.45076e-10
11.2 -8.53314e-10 -6.91431e-10
11.225 -8.9848e-10 -7.29978e-10
11.25 -9.34638e-10 -7.60442e-10
11.275 -9.61681e-10 -7.82675e-10
11.3 -9.79629e-10 -7.96655e-10
11.325 -9.88626e-10 -8.02483e-10
11.35 -9.88936e-10 -8.00383e-10
11.375 -9.80937e-10 -7.90694e-10
11.4 -9.65111e-10 -7.73862e-10
11.425 -9.42032e-10 -7.50429e-10
11.45 -9.1236e-10 -7.21025e-10
11.475 -8.76826e-10 -6.86355e-10
11.5 -8.36214e-10 -6.47181e-10
11.525 -7.91355e-10 -6.04313e-10
11.55 -7.43104e-10 -5.58592e-10
11.575 -6.92334e-10 -5.10875e-10
11.6 -6.39912e-10 -4.62019e-10
11.625 -5.86693e-10 -4.12866e-10
11.65 -5.335e-10 -3.64233e-10
11.675 -4.81118e-10 -3.16894e-10
11.7 -4.30274e-10 -2.71568e-10
11.725 -3.81636e-10 -2.28911e-10
11.75 -3.35797e-10 -1.89504e-10
11.775 -2.93268e-10 -1.53846e-10
11.8 -2.54479e-10 -1.22349e-10
11.825 -2.19765e-10 -9.53281e-11
11.85 -1.89372e-10 -7.30067e-11
11.875 -1.63452e-10 -5.55091e-11
11.9 -1.42064e-10 -4.28643e-11
11.925 -1.2518e-10 -3.5008e-11
11.95 -1.12684e-10 -3.17865e-11
11.975 -1.04382e-10 -3.29625e-11
12 -1.00007e-10 -3.82225e-11
12.025 -9.92273e-11 -4.71845e-11
12.05 -1.01654e-10 -5.94076e-11
12.075 -1.06852e-10 -7.44022e-11
12.1 -1.14351e-10 -9.16403e-11
12.125 -1.23655e-10 -1.10567e-10
12.15 -1.34252e-10 -1.30612e-10
12.175 -1.45624e-10 -1.512e-10
12.2 -1.57263e-10 -1.71763e-10
12.225 -1.68674e-10 -1.91751e-10
12.25 -1.79386e-10 -2.10639e-10
12.275 -1.88965e-10 -2.27942e-10
12.3 -1.97016e-10 -2.43218e-10
12.325 -2.03193e-10 -2.56079e-10
12.35 -2.07205e-10 -2.66194e-10
12.375 -2.08817e-10 -2.73298e-10
12.4 -2.07858e-10 -2.77191e-10
12.425 -2.04218e-10 -2.77745e-10
12.45 -1.97853e-10 -2.74901e-10
12.475 -1.88782e-10 -2.6867e-10
12.5 -1.77086e-10 -2.59135e-10
12.525 -1.62907e-10 -2.4644e-10
12.55 -1.4644e-10 -2.30797e-10
12.575 -1.27931e-10 -2.12469e-10
12.6 -1.07673e-10 -1.91774e-10
12.625 -8.59956e-11 -1.69074e-10
12.65 -6.32608e-11 -1.44765e-10
12.675 -3.98551e-11 -1.19276e-10
12.7 -1.61813e-11 -9.30532e-11
12.725 7.34906e-12 -6.65578e-11
12.75 3.03233e-11 -4.0253e-11
12.775 5.23358e-11 -1.45978e-11
12.8 7.29952e-11 9.96176e-12
12.825 9.19315e-11 3.30005e-11
12.85 1.08803e-10 5.41212e-11
12.875 1.23301e-10 7.29614e-11
12.9 1.35157e-10 8.91993e-11
12.925 1.44147e-10 1.02559e-10
12.95 1.50092e-10 1.12815e-10
12.975 1.52865e-10 1.19794e-10
13 1.52391e-10 1.2338e-10
13.025 1.48647e-10 1.23512e-10
13.05 1.41664e-10 1.20189e-10
13.075 1.31524e-10 1.13466e-10
13.1 1.18361e-10 1.03451e-10
13.125 1.02353e-10 9.03065e-11
13.15 8.37276e-11 7.42452e-11
13.175 6.27486e-11 5.55237e-11
13.2 3.9717e-11 3.44397e-11
13.225 1.49641e-11 1.1326e-11
13.25 -1.11538e-11 -1.34552e-11
13.275 -3.82619e-11 -3.95185e-11
13.3 -6.5972e-11 -6.64619e-11
13.325 -9.38898e-11 -9.38735e-11
13.35 -1.21621e-10 -1.21338e-10
13.375 -1.48775e-10 -1.48443e-10
13.4 -1.74977e-10 -1.74786e-10
13.425 -1.99865e-10 -1.99981e-10
13.45 -2.23105e-10 -2.23664e-10
13.475 -2.44385e-10 -2.45496e-10
13.5 -2.6343e-10 -2.65174e-10
13.525 -2.79998e-10 -2.82426e-10
13.55 -2.93888e-10 -2.97024e-10
13.575 -3.04937e-10 -3.08781e-10
13.6 -3.13031e-10 -3.17557e-10
13.625 -3.18094e-10 -3.23255e-10
13.65 -3.201e-10 -3.25827e-10
13.675 -3.19065e-10 -3.25274e-10
13.7 -3.1505e-10 -3.2164e-10
13.725 -3.08157e-10 -3.15017e-10
13.75 -2.98528e-10 -3.05538e-10
13.775 -2.86344e-10 -2.93377e-10
13.8 -2.71817e-10 -2.78745e-10
13.825 -2.55192e-10 -2.61886e-10
13.85 -2.36739e-10 -2.43073e-10
13.875 -2.16748e-10 -2.22603e-10
13.9 -1.9553e-10 -2.00795e-10
13.925 -1.73406e-10 -1.77981e-10
13.95 -1.50704e-10 -1.54501e-10
13.975 -1.27757e-10 -1.30703e-10
14 -1.04893e-10 -1.06932e-10
14.025 -8.24343e-11 -8.35279e-11
14.05 -6.06933e-11 -6.08198e-11
14.075 -3.99653e-11 -3.91224e-11
14.1 -2.05263e-11 -1.87307e-11
14.125 -2.62949e-12 8.34408e-14
14.15 1.34982e-11 1.70747e-11
14.175 2.76587e-11 3.20276e-11
14.2 3.96853e-11 4.47587e-11
14.225 4.94439e-11 5.5119e-11
14.25 5.68349e-11 6.2995e-11
14.275 6.17932e-11 6.83099e-11
14.3 6.42892e-11 7.10241e-11
14.325 6.43279e-11 7.11348e-11
14.35 6.19487e-11 6.86755e-11
14.375 5.72235e-11 6.37149e-11
14.4 5.02559e-11 5.63553e-11
14.425 4.11784e-11 4.67304e-11
14.45 3.01504e-11 3.50031e-11
14.475 1.73557e-11 2.13626e-11
14.5 2.99882e-12 6.0214e-12
14.525 -1.26975e-11 -1.07882e-11
14.55 -2.94961e-11 -2.88174e-11
14.575 -4.71487e-11 -4.78049e-11
14.6 -6.53997e-11 -6.74801e-11
14.625 -8.39894e-11 -8.75677e-11
14.65 -1.02658e-10 -1.07791e-10
14.675 -1.21149e-10 -1.27875e-10
14.7 -1.39211e-10 -1.47551e-10
14.725 -1.56606e-10 -1.66562e-10
14.75 -1.73104e-10 -1.84659e-10
14.775 -1.88493e-10 -2.01614e-10
14.8 -2.02581e-10 -2.17213e-10
14.825 -2.15192e-10 -2.31265e-10
14.85 -2.26174e-10 -2.43603e-10
14.875 -2.35401e-10 -2.54082e-10
14.9 -2.42767e-10 -2.62586e-10
14.925 -2.48196e-10 -2.69023e-10
14.95 -2.51636e-10 -2.73333e-10
14.975 -2.53062e-10 -2.75479e-10
15 -2.52476e-10 -2.75456e-10
15.025 -2.49903e-10 -2.73285e-10
15.05 -2.45396e-10 -2.69013e-10
15.075 -2.3903e-10 -2.62716e-10
15.1 -2.30902e-10 -2.54489e-10
15.125 -2.21131e-10 -2.44453e-10
15.15 -2.09854e-10 -2.3275e-10
15.175 -1.97224e-10 -2.19539e-10
15.2 -1.8341e-10 -2.04996e-10
15.225 -1.68591e-10 -1.89309e-10
15.25 -1.52958e-10 -1.7268e-10
15.275 -1.36708e-10 -1.55317e-10
15.3 -1.20042e-10 -1.37436e-10
15.325 -1.03165e-10 -1.19254e-10
15.35 -8.62782e-11 -1.00989e-10
15.375 -6.95834e-11 -8.2857e-11
15.4 -5.32751e-11 -6.50702e-11
15.425 -3.7541e-11 -4.78322e-11
15.45 -2.25591e-11 -3.13376e-11
15.475 -8.49581e-12 -1.57695e-11
15.5 4.49575e-12 -1.29755e-12
15.525 1.62772e-11 1.19241e-11
15.55 2.67265e-11 2.37578e-11
15.575 3.57387e-11 3.4084e-11
15.6 4.32272e-11 4.28024e-11
15.625 4.91243e-11 4.98322e-11
15.65 5.33814e-11 5.51134e-11
15.675 5.59698e-11 5.86066e-11
15.7 5.68799e-11 6.0293e-11
15.725 5.61216e-11 6.01747e-11
15.75 5.37235e-11 5.82739e-11
15.775 4.97323e-11 5.46323e-11
15.8 4.42122e-11 4.93107e-11
15.825 3.72433e-11 4.23873e-11
15.85 2.89213e-11 3.39573e-11
15.875 1.93554e-11 2.41307e-11
15.9 8.66714e-12 1.30318e-11
15.925 -3.01089e-12 7.96667e-13
15.95 -1.5537e-11 -1.24277e-11
15.975 -2.87619e-11 -2.64858e-11
16 -4.25304e-11 -4.12149e-11
16.025 -5.66834e-11 -5.64473e-11
16.05 -7.10591e-11 -7.2012e-11
16.075 -8.54955e-11 -8.77362e-11
16.1 -9.98311e-11 -1.03448e-10
16.125 -1.13908e-10 -1.18976e-10
16.15 -1.27571e-10 -1.34156e-10
16.175 -1.40672e-10 -1.48825e-10
16.2 -1.5307e-10 -1.62829e-10
16.225 -1.64632e-10 -1.76024e-10
16.25 -1.75234e-10 -1.88271e-10
16.275 -1.84765e-10 -1.99447e-10
16.3 -1.93122e-10 -2.09438e-10
16.325 -2.00218e-10 -2.18141e-10
16.35 -2.05977e-10 -2.25471e-10
16.375 -2.10337e-10 -2.31354e-10
16.4 -2.13249e-10 -2.35731e-10
16.425 -2.1468e-10 -2.38557e-10
16.45 -2.1461e-10 -2.39804e-10
16.475 -2.13033e-10 -2.39457e-10
16.5 -2.09958e-10 -2.37518e-10
16.525 -2.05406e-10 -2.34e-10
16.55 -1.99413e-10 -2.28934e-10
16.575 -1.92026e-10 -2.22362e-10
16.6 -1.83306e-10 -2.1434e-10
16.625 -1.73324e-10 -2.04937e-10
16.65 -1.6216e-10 -1.94231e-10
16.675 -1.49908e-10 -1.82314e-10
16.7 -1.36665e-10 -1.69284e-10
16.725 -1.22541e-10 -1.55251e-10
16.75 -1.07649e-10 -1.40329e-10
16.775 -9.21079e-11 -1.24642e-10
16.8 -7.60429e-11 -1.08315e-10
16.825 -5.95811e-11 -9.1481e-11
16.85 -4.2852e-11 -7.42738e-11
16.875 -2.59865e-11 -5.68294e-11
16.9 -9.11543e-12 -3.92847e-11
16.925 7.6313e-12 -2.17758e-11
16.95 2.41257e-11 -4.43761e-12
16.975 4.02427e-11 1.25977e-11
17 5.5861e-11 2.92013e-11
17.025 7.08641e-11 4.5249e-11
17.05 8.51406e-11 6.06216e-11
17.075 9.85856e-11 7.52061e-11
17.1 1.11101e-10 8.88962e-11
17.125 1.22595e-10 1.01593e-10
17.15 1.32986e-10 1.13205e-10
17.175 1.42199e-10 1.23651e-10
17.2 1.50167e-10 1.32856e-10
17.225 1.56834e-10 1.40756e-10
17.25 1.62151e-10 1.47295e-10
17.275 1.6608e-10 1.52429e-10
17.3 1.68591e-10 1.5612e-10
17.325 1.69664e-10 1.58343e-10
17.35 1.69287e-10 1.59081e-10
17.375 1.6746e-10 1.58325e-10
17.4 1.64187e-10 1.56079e-10
17.425 1.59486e-10 1.52353e-10
17.45 1.53378e-10 1.47167e-10
17.475 1.45896e-10 1.40547e-10
17.5 1.37078e-10 1.32531e-10
17.525 1.2697e-10 1.23162e-10
17.55 1.15624e-10 1.12489e-10
17.575 1.03099e-10 1.0057e-10
17.6 8.94576e-11 8.74664e-11
17.625 7.4769e-11 7.32475e-11
17.65 5.91062e-11 5.79857e-11
17.675 4.25459e-11 4.1758e-11
17.7 2.51681e-11 2.46452e-11
17.725 7.0555e-12 6.73097e-12
17.75 -1.17072e-11 -1.18985e-11
17.775 -3.10336e-11 -3.11551e-11
17.8 -5.08367e-11 -5.09497e-11
17.825 -7.10287e-11 -7.11921e-11
17.85 -9.1522e-11 -9.17923e-11
17.875 -1.1223e-10 -1.1266e-10
17.9 -1.33065e-10 -1.33707e-10
17.925 -1.53945e-10 -1.54845e-10
17.95 -1.74786e-10 -1.75988e-10
17.975 -1.95508e-10 -1.97053e-10
18 -2.16032e-10 -2.17958e-10
18.025 -2.36285e-10 -2.38624e-10
18.05 -2.56196e-10 -2.58978e-10
18.075 -2.75695e-10 -2.78946e-10
18.1 -2.94718e-10 -2.98462e-10
18.125 -3.13207e-10 -3.17461e-10
18.15 -3.31103e-10 -3.35884e-10
18.175 -3.48356e-10 -3.53675e-10
18.2 -3.64919e-10 -3.70784e-10
18.225 -3.80746e-10 -3.87164e-10
18.25 -3.95801e-10 -4.02772e-10
18.275 -4.10049e-10 -4.17573e-10
18.3 -4.2346e-10 -4.31533e-10
18.325 -4.36009e-10 -4.44624e-10
18.35 -4.47675e-10 -4.56822e-10
18.375 -4.58442e-10 -4.68109e-10
18.4 -4.68296e-10 -4.7847e-10
18.425 -4.7723e-10 -4.87894e-10
18.45 -4.85239e-10 -4.96375e-10
18.475 -4.92323e-10 -5.03912e-10
18.5 -4.98485e-10 -5.10504e-10
18.525 -5.03731e-10 -5.16158e-10
18.55 -5.08071e-10 -5.20881e-10
18.575 -5.11517e-10 -5.24686e-10
18.6 -5.14087e-10 -5.27588e-10
18.625 -5.15797e-10 -5.29603e-10
18.65 -5.16669e-10 -5.30754e-10
18.675 -5.16726e-10 -5.31061e-10
18.7 -5.15993e-10 -5.30551e-10
18.725 -5.14497e-10 -5.29249e-10
18.75 -5.12267e-10 -5.27186e-10
18.775 -5.09332e-10 -5.2439e-10
18.8 -5.05725e-10 -5.20894e-10
18.825 -5.01478e-10 -5.16731e-10
18.85 -4.96623e-10 -5.11933e-10
18.875 -4.91195e-10 -5.06535e-10
18.9 -4.85227e-10 -5.00573e-10
18.925 -4.78755e-10 -4.94082e-10
18.95 -4.71813e-10 -4.87097e-10
18.975 -4.64436e-10 -4.79654e-10
19 -4.56659e-10 -4.71789e-10
19.025 -4.48516e-10 -4.63536e-10
19.05 -4.4004e-10 -4.54931e-10
19.075 -4.31266e-10 -4.46008e-10
19.1 -4.22225e-10 -4.36802e-10
19.125 -4.1295e-10 -4.27344e-10
19.15 -4.03473e-10 -4.17668e-10
19.175 -3.93823e-10 -4.07804e-10
19.2 -3.8403e-10 -3.97784e-10
19.225 -3.74122e-10 -3.87637e-10
19.25 -3.64126e-10 -3.7739e-10
19.275 -3.54068e-10 -3.67072e-10
19.3 -3.43974e-10 -3.56708e-10
19.325 -3.33867e-10 -3.46323e-10
19.35 -3.23769e-10 -3.3594e-10
19.375 -3.13702e-10 -3.25582e-10
19.4 -3.03685e-10 -3.1527e-10
19.425 -2.93738e-10 -3.05023e-10
19.45 -2.83878e-10 -2.9486e-10
19.475 -2.74122e-10 -2.84798e-10
19.5 -2.64484e-10 -2.74853e-10
19.525 -2.54979e-10 -2.65039e-10
19.55 -2.45618e-10 -2.55371e-10
19.575 -2.36415e-10 -2.4586e-10
19.6 -2.27378e-10 -2.36518e-10
19.625 -2.18519e-10 -2.27355e-10
19.65 -2.09844e-10 -2.18378e-10
19.675 -2.01361e-10 -2.09598e-10
19.7 -1.93077e-10 -2.01019e-10
19.725 -1.84997e-10 -1.92648e-10
19.75 -1.77125e-10 -1.8449e-10
19.775 -1.69466e-10 -1.7655e-10
19.8 -1.62021e-10 -1.68829e-10
19.825 -1.54794e-10 -1.61331e-10
19.85 -1.47784e-10 -1.54057e-10
19.875 -1.40994e-10 -1.47008e-10
19.9 -1.34423e-10 -1.40184e-10
19.925 -1.28071e-10 -1.33585e-10
19.95 -1.21936e-10 -1.27211e-10
19.975 -1.16017e-10 -1.21058e-10
20 -1.10311e-10 -1.15127e-10
