0 0.276852 0.276858 -0.00242604 0.137216
0.025 0.276852 0.276858 -0.00242604 0.137216
0.05 0.276773 0.276799 -0.0024266 0.137186
0.075 0.276641 0.2767 -0.00242753 0.137136
0.1 0.276457 0.276562 -0.00242881 0.137066
0.125 0.276219 0.276382 -0.00243042 0.136976
0.15 0.275928 0.276162 -0.00243232 0.136865
0.175 0.275584 0.275901 -0.0024345 0.136733
0.2 0.275186 0.275597 -0.00243691 0.13658
0.225 0.274733 0.27525 -0.0024395 0.136405
0.25 0.274225 0.274859 -0.00244223 0.136208
0.275 0.273662 0.274423 -0.00244505 0.135989
0.3 0.273043 0.273941 -0.00244789 0.135746
0.325 0.272368 0.273411 -0.0024507 0.13548
0.35 0.271636 0.272834 -0.00245341 0.13519
0.375 0.270846 0.272206 -0.00245596 0.134875
0.4 0.269998 0.271527 -0.00245827 0.134535
0.425 0.269092 0.270796 -0.00246027 0.134168
0.45 0.268126 0.270011 -0.00246189 0.133775
0.475 0.2671 0.269171 -0.00246305 0.133354
0.5 0.266013 0.268274 -0.00246367 0.132905
0.525 0.264865 0.26732 -0.00246368 0.132428
0.55 0.263656 0.266306 -0.002463 0.131921
0.575 0.262384 0.265231 -0.00246155 0.131385
0.6 0.261049 0.264095 -0.00245926 0.130818
0.625 0.259651 0.262895 -0.00245605 0.13022
0.65 0.25819 0.261631 -0.00245186 0.12959
0.675 0.256664 0.260302 -0.00244662 0.128928
0.7 0.255075 0.258906 -0.00244025 0.128233
0.725 0.253421 0.257443 -0.0024327 0.127505
0.75 0.251702 0.255911 -0.00242391 0.126744
0.775 0.249919 0.25431 -0.00241382 0.125948
0.8 0.248071 0.25264 -0.00240239 0.125119
0.825 0.246158 0.2509 -0.00238956 0.124255
0.85 0.244181 0.24909 -0.0023753 0.123357
0.875 0.242141 0.247208 -0.00235956 0.122424
0.9 0.240036 0.245256 -0.00234233 0.121457
0.925 0.237869 0.243234 -0.00232358 0.120455
0.95 0.235639 0.241141 -0.00230328 0.119419
0.975 0.233347 0.238977 -0.00228143 0.118348
1 0.230994 0.236744 -0.00225802 0.117243
1.025 0.228582 0.234443 -0.00223304 0.116105
1.05 0.22611 0.232073 -0.00220651 0.114933
1.075 0.223581 0.229636 -0.00217844 0.113729
1.1 0.220995 0.227133 -0.00214884 0.112492
1.125 0.218354 0.224565 -0.00211773 0.111224
1.15 0.21566 0.221934 -0.00208515 0.109925
1.175 0.212914 0.219242 -0.00205113 0.108595
1.2 0.210117 0.21649 -0.00201571 0.107237
1.225 0.207272 0.213679 -0.00197894 0.10585
1.25 0.20438 0.210813 -0.00194086 0.104436
1.275 0.201444 0.207893 -0.00190153 0.102996
1.3 0.198466 0.204921 -0.00186101 0.10153
1.325 0.195447 0.201901 -0.00181936 0.100041
1.35 0.192391 0.198833 -0.00177666 0.0985283
1.375 0.189299 0.195722 -0.00173297 0.0969945
1.4 0.186173 0.192569 -0.00168836 0.0954405
1.425 0.183018 0.189378 -0.00164292 0.0938677
1.45 0.179834 0.186152 -0.00159672 0.0922775
1.475 0.176625 0.182893 -0.00154984 0.0906714
1.5 0.173393 0.179604 -0.00150237 0.0890507
1.525 0.170141 0.176289 -0.00145439 0.0874171
1.55 0.166872 0.17295 -0.00140599 0.085772
1.575 0.163589 0.169591 -0.00135725 0.084117
1.6 0.160293 0.166215 -0.00130825 0.0824536
1.625 0.156989 0.162826 -0.0012591 0.0807834
1.65 0.153679 0.159426 -0.00120986 0.0791079
1.675 0.150366 0.156018 -0.00116063 0.0774287
1.7 0.147052 0.152606 -0.00111148 0.0757475
1.725 0.143741 0.149194 -0.00106251 0.0740656
1.75 0.140435 0.145783 -0.00101379 0.0723848
1.775 0.137137 0.142378 -0.000965405 0.0707064
1.8 0.13385 0.138982 -0.000917423 0.0690321
1.825 0.130576 0.135596 -0.000869921 0.0673632
1.85 0.127318 0.132226 -0.000822971 0.0657013
1.875 0.124079 0.128872 -0.00077664 0.0640477
1.9 0.120861 0.125539 -0.000730994 0.062404
1.925 0.117667 0.122229 -0.000686094 0.0607713
1.95 0.114499 0.118944 -0.000641998 0.0591511
1.975 0.111359 0.115688 -0.000598763 0.0575446
2 0.10825 0.112462 -0.000556437 0.055953
2.025 0.105173 0.10927 -0.000515069 0.0543775
2.05 0.102132 0.106113 -0.000474703 0.0528192
2.075 0.099127 0.102994 -0.000435377 0.0512793
2.1 0.0961611 0.0999146 -0.000397129 0.0497588
2.125 0.0932358 0.096877 -0.000359989 0.0482585
2.15 0.0903527 0.093883 -0.000323987 0.0467795
2.175 0.0875135 0.0909344 -0.000289146 0.0453226
2.2 0.0847197 0.0880329 -0.000255486 0.0438887
2.225 0.0819727 0.0851798 -0.000223026 0.0424784
2.25 0.0792738 0.0823767 -0.000191777 0.0410925
2.275 0.0766241 0.0796248 -0.00016175 0.0397315
2.3 0.0740248 0.0769253 -0.000132951 0.0383962
2.325 0.0714768 0.0742792 -0.000105382 0.0370869
2.35 0.068981 0.0716875 -7.90433e-05 0.0358042
2.375 0.0665381 0.069151 -5.39311e-05 0.0345485
2.4 0.0641489 0.0666703 -3.00389e-05 0.0333201
2.425 0.0618139 0.0642461 -7.35759e-06 0.0321193
2.45 0.0595335 0.0618788 1.41249e-05 0.0309464
2.475 0.0573081 0.0595688 3.44231e-05 0.0298016
2.5 0.055138 0.0573164 5.35539e-05 0.028685
2.525 0.0530234 0.0551217 7.15362e-05 0.0275966
2.55 0.0509642 0.0529849 8.83912e-05 0.0265366
2.575 0.0489606 0.0509058 0.000104142 0.025505
2.6 0.0470124 0.0488844 0.000118813 0.0245016
2.625 0.0451194 0.0469204 0.000132431 0.0235264
2.65 0.0432814 0.0450136 0.000145022 0.0225793
2.675 0.041498 0.0431636 0.000156617 0.0216601
2.7 0.0397689 0.0413699 0.000167246 0.0207686
2.725 0.0380934 0.039632 0.000176938 0.0199045
2.75 0.0364712 0.0379494 0.000185726 0.0190676
2.775 0.0349016 0.0363213 0.000193642 0.0182575
2.8 0.0333839 0.0347471 0.000200719 0.0174739
2.825 0.0319173 0.0332259 0.00020699 0.0167165
2.85 0.0305012 0.0317571 0.000212489 0.0159848
2.875 0.0291347 0.0303396 0.000217249 0.0152784
2.9 0.027817 0.0289726 0.000221304 0.014597
2.925 0.026547 0.0276552 0.000224688 0.0139399
2.95 0.025324 0.0263863 0.000227433 0.0133069
2.975 0.0241469 0.0251649 0.000229574 0.0126972
3 0.0230148 0.02399 0.000231142 0.0121106
3.025 0.0219265 0.0228606 0.000232169 0.0115464
3.05 0.0208811 0.0217754 0.000232688 0.0110041
3.075 0.0198775 0.0207335 0.00023273 0.0104831
3.1 0.0189147 0.0197336 0.000232325 0.00998298
3.125 0.0179915 0.0187748 0.000231502 0.00950313
3.15 0.0171068 0.0178557 0.000230292 0.00904299
3.175 0.0162595 0.0169753 0.00022872 0.00860201
3.2 0.0154486 0.0161324 0.000226816 0.00817963
3.225 0.0146728 0.015326 0.000224606 0.00777528
3.25 0.0139312 0.0145547 0.000222114 0.00738842
3.275 0.0132226 0.0138176 0.000219366 0.00701848
3.3 0.0125459 0.0131134 0.000216385 0.00666491
3.325 0.0119001 0.0124411 0.000213194 0.00632717
3.35 0.011284 0.0117996 0.000209814 0.00600471
3.375 0.0106966 0.0111877 0.000206266 0.005697
3.4 0.0101368 0.0106044 0.00020257 0.0054035
3.425 0.00960366 0.0100487 0.000198744 0.00512371
3.45 0.00909612 0.0095194 0.000194807 0.0048571
3.475 0.00861319 0.00901558 0.000190775 0.00460318
3.5 0.0081539 0.00853624 0.000186664 0.00436145
3.525 0.00771728 0.00808038 0.000182489 0.00413143
3.55 0.00730241 0.00764705 0.000178264 0.00391266
3.575 0.00690838 0.00723531 0.000174003 0.00370466
3.6 0.0065343 0.00684427 0.000169717 0.00350699
3.625 0.0061793 0.00647302 0.000165418 0.00331922
3.65 0.00584255 0.00612072 0.000161117 0.00314092
3.675 0.00552323 0.00578653 0.000156823 0.00297168
3.7 0.00522056 0.00546964 0.000152547 0.00281109
3.725 0.00493376 0.00516926 0.000148295 0.00265878
3.75 0.0046621 0.00488464 0.000144077 0.00251436
3.775 0.00440488 0.00461503 0.000139898 0.00237747
3.8 0.00416138 0.00435975 0.000135765 0.00224776
3.825 0.00393096 0.00411809 0.000131685 0.00212489
3.85 0.00371298 0.00388941 0.000127661 0.00200854
3.875 0.00350681 0.00367308 0.000123699 0.00189839
3.9 0.00331187 0.00346847 0.000119803 0.00179414
3.925 0.00312759 0.00327501 0.000115977 0.00169549
3.95 0.00295342 0.00309214 0.000112223 0.00160218
3.975 0.00278885 0.00291931 0.000108544 0.00151393
4 0.00263338 0.00275602 0.000104943 0.00143048
4.025 0.00248653 0.00260177 0.000101421 0.0013516
4.05 0.00234784 0.00245609 9.79794e-05 0.00127703
4.075 0.00221688 0.00231852 9.46202e-05 0.00120657
4.1 0.00209324 0.00218863 9.13438e-05 0.00113999
4.125 0.00197651 0.00206602 8.81508e-05 0.00107709
4.15 0.00186633 0.00195029 8.50414e-05 0.00101767
4.175 0.00176234 0.00184107 8.20159e-05 0.000961545
4.2 0.00166419 0.00173801 7.90739e-05 0.000908542
4.225 0.00157156 0.00164076 7.62151e-05 0.000858488
4.25 0.00148414 0.00154901 7.34389e-05 0.000811223
4.275 0.00140165 0.00146244 7.07447e-05 0.000766594
4.3 0.00132381 0.00138078 6.81315e-05 0.000724455
4.325 0.00125035 0.00130374 6.55983e-05 0.000684668
4.35 0.00118102 0.00123106 6.31439e-05 0.000647104
4.375 0.0011156 0.00116251 6.07672e-05 0.000611637
4.4 0.00105387 0.00109783 5.84667e-05 0.00057815
4.425 0.000995599 0.00103682 5.62412e-05 0.000546531
4.45 0.000940605 0.000979265 5.40889e-05 0.000516677
4.475 0.000888697 0.000924963 5.20086e-05 0.000488486
4.5 0.000839699 0.000873731 4.99984e-05 0.000461865
4.525 0.000793443 0.000825391 4.80569e-05 0.000436724
4.55 0.000749772 0.000779776 4.61824e-05 0.000412979
4.575 0.000708539 0.00073673 4.43731e-05 0.000390552
4.6 0.000669603 0.000696105 4.26274e-05 0.000369366
4.625 0.000632832 0.00065776 4.09436e-05 0.000349352
4.65 0.000598103 0.000621564 3.93199e-05 0.000330442
4.675 0.000565298 0.000587392 3.77548e-05 0.000312573
4.7 0.000534308 0.000555128 3.62464e-05 0.000295687
4.725 0.00050503 0.000524662 3.47931e-05 0.000279728
4.75 0.000477365 0.000495891 3.33932e-05 0.000264642
4.775 0.000451222 0.000468715 3.20452e-05 0.00025038
4.8 0.000426515 0.000443045 3.07473e-05 0.000236896
4.825 0.000403163 0.000418794 2.9498e-05 0.000224146
4.85 0.000381089 0.00039588 2.82958e-05 0.000212088
4.875 0.000360222 0.000374228 2.7139e-05 0.000200684
4.9 0.000340493 0.000353765 2.60262e-05 0.000189896
4.925 0.00032184 0.000334425 2.4956e-05 0.00017969
4.95 0.000304203 0.000316142 2.39268e-05 0.000170035
4.975 0.000287525 0.000298859 2.29373e-05 0.000160898
5 0.000271753 0.000282519 2.19861e-05 0.000152253
5.025 0.000256838 0.000267069 2.10719e-05 0.00014407
5.05 0.000242733 0.000252459 2.01935e-05 0.000136326
5.075 0.000229393 0.000238644 1.93494e-05 0.000128996
5.1 0.000216777 0.000225578 1.85386e-05 0.000122058
5.125 0.000204845 0.00021322 1.77598e-05 0.00011549
5.15 0.000193561 0.000201533 1.70119e-05 0.000109272
5.175 0.00018289 0.000190479 1.62938e-05 0.000103386
5.2 0.000172798 0.000180023 1.56044e-05 9.78137e-05
5.225 0.000163256 0.000170133 1.49426e-05 9.2538e-05
5.25 0.000154233 0.000160779 1.43075e-05 8.75434e-05
5.275 0.000145702 0.000151932 1.3698e-05 8.2815e-05
5.3 0.000137636 0.000143564 1.31132e-05 7.83388e-05
5.325 0.000130011 0.00013565 1.25523e-05 7.41013e-05
5.35 0.000122804 0.000128166 1.20142e-05 7.00901e-05
5.375 0.000115993 0.000121088 1.14982e-05 6.62933e-05
5.4 0.000109555 0.000114396 1.10034e-05 6.26996e-05
5.425 0.000103473 0.000108068 1.05291e-05 5.92986e-05
5.45 9.77261e-05 0.000102086 1.00744e-05 5.608e-05
5.475 9.22974e-05 9.64304e-05 9.63855e-06 5.30345e-05
5.5 8.71698e-05 9.1085e-05 9.22092e-06 5.0153e-05
5.525 8.23273e-05 8.60331e-05 8.82078e-06 4.7427e-05
5.55 7.77547e-05 8.12592e-05 8.43745e-06 4.48483e-05
5.575 7.34376e-05 7.67487e-05 8.07028e-06 4.24095e-05
5.6 6.93622e-05 7.24876e-05 7.71864e-06 4.01031e-05
5.625 6.55156e-05 6.84627e-05 7.38193e-06 3.79223e-05
5.65 6.18855e-05 6.46615e-05 7.05956e-06 3.58605e-05
5.675 5.846e-05 6.10721e-05 6.75096e-06 3.39115e-05
5.7 5.52281e-05 5.76833e-05 6.45559e-06 3.20694e-05
5.725 5.21793e-05 5.44843e-05 6.17293e-06 3.03286e-05
5.75 4.93034e-05 5.1465e-05 5.90246e-06 2.86837e-05
5.775 4.65909e-05 4.86158e-05 5.6437e-06 2.71297e-05
5.8 4.40328e-05 4.59274e-05 5.39617e-06 2.56618e-05
5.825 4.16205e-05 4.33911e-05 5.15941e-06 2.42753e-05
5.85 3.93458e-05 4.09987e-05 4.93298e-06 2.29659e-05
5.875 3.72011e-05 3.87424e-05 4.71646e-06 2.17294e-05
5.9 3.51789e-05 3.66145e-05 4.50944e-06 2.0562e-05
5.925 3.32724e-05 3.46081e-05 4.31152e-06 1.94598e-05
5.95 3.14749e-05 3.27163e-05 4.12233e-06 1.84193e-05
5.975 2.97802e-05 3.09328e-05 3.94149e-06 1.74371e-05
6 2.81823e-05 2.92515e-05 3.76865e-06 1.65101e-05
6.025 2.66757e-05 2.76665e-05 3.60346e-06 1.5635e-05
6.05 2.5255e-05 2.61725e-05 3.44561e-06 1.48091e-05
6.075 2.39153e-05 2.47642e-05 3.29478e-06 1.40295e-05
6.1 2.26517e-05 2.34367e-05 3.15065e-06 1.32937e-05
6.125 2.14599e-05 2.21853e-05 3.01294e-06 1.25991e-05
6.15 2.03355e-05 2.10055e-05 2.88137e-06 1.19435e-05
6.175 1.92745e-05 1.98933e-05 2.75566e-06 1.13245e-05
6.2 1.82733e-05 1.88445e-05 2.63555e-06 1.074e-05
6.225 1.73282e-05 1.78554e-05 2.5208e-06 1.01881e-05
6.25 1.64358e-05 1.69225e-05 2.41116e-06 9.66684e-06
6.275 1.5593e-05 1.60425e-05 2.3064e-06 9.17443e-06
6.3 1.47968e-05 1.5212e-05 2.20631e-06 8.70917e-06
6.325 1.40443e-05 1.44283e-05 2.11066e-06 8.26947e-06
6.35 1.3333e-05 1.36884e-05 2.01925e-06 7.8538e-06
6.375 1.26604e-05 1.29896e-05 1.9319e-06 7.46075e-06
6.4 1.20241e-05 1.23295e-05 1.84841e-06 7.08895e-06
6.425 1.14219e-05 1.17057e-05 1.76861e-06 6.73716e-06
6.45 1.08517e-05 1.1116e-05 1.69231e-06 6.40417e-06
6.475 1.03117e-05 1.05583e-05 1.61937e-06 6.08885e-06
6.5 9.79992e-06 1.00307e-05 1.54963e-06 5.79017e-06
6.525 9.31476e-06 9.5313e-06 1.48292e-06 5.50711e-06
6.55 8.85459e-06 9.05838e-06 1.41912e-06 5.23875e-06
6.575 8.41792e-06 8.61036e-06 1.35809e-06 4.98422e-06
6.6 8.00335e-06 8.1857e-06 1.2997e-06 4.7427e-06
6.625 7.60959e-06 7.78302e-06 1.24382e-06 4.51342e-06
6.65 7.23541e-06 7.40097e-06 1.19034e-06 4.29566e-06
6.675 6.87967e-06 7.03833e-06 1.13915e-06 4.08874e-06
6.7 6.54131e-06 6.69395e-06 1.09014e-06 3.89204e-06
6.725 6.21934e-06 6.36675e-06 1.04321e-06 3.70498e-06
6.75 5.91285e-06 6.05571e-06 9.98261e-07 3.52699e-06
6.775 5.62096e-06 5.75992e-06 9.55209e-07 3.35756e-06
6.8 5.34289e-06 5.47849e-06 9.13966e-07 3.19623e-06
6.825 5.07789e-06 5.2106e-06 8.7445e-07 3.04253e-06
6.85 4.82526e-06 4.95551e-06 8.36583e-07 2.89605e-06
6.875 4.58438e-06 4.7125e-06 8.00293e-07 2.7564e-06
6.9 4.35464e-06 4.48092e-06 7.65509e-07 2.62322e-06
6.925 4.13549e-06 4.26016e-06 7.32166e-07 2.49616e-06
6.95 3.92641e-06 4.04964e-06 7.00202e-07 2.37492e-06
6.975 3.72692e-06 3.84884e-06 6.69558e-07 2.2592e-06
7 3.53658e-06 3.65726e-06 6.40177e-07 2.14872e-06
7.025 3.35497e-06 3.47445e-06 6.12007e-07 2.04323e-06
7.05 3.1817e-06 3.29996e-06 5.84997e-07 1.94248e-06
7.075 3.01641e-06 3.13342e-06 5.591e-07 1.84626e-06
7.1 2.85876e-06 2.97443e-06 5.34271e-07 1.75435e-06
7.125 2.70843e-06 2.82266e-06 5.10466e-07 1.66656e-06
7.15 2.56512e-06 2.67778e-06 4.87644e-07 1.58271e-06
7.175 2.42854e-06 2.53949e-06 4.65768e-07 1.50263e-06
7.2 2.29844e-06 2.40751e-06 4.448e-07 1.42615e-06
7.225 2.17454e-06 2.28156e-06 4.24704e-07 1.35313e-06
7.25 2.05662e-06 2.16139e-06 4.05448e-07 1.28342e-06
7.275 1.94443e-06 2.04678e-06 3.87e-07 1.21689e-06
7.3 1.83776e-06 1.93749e-06 3.69328e-07 1.15341e-06
7.325 1.73639e-06 1.83333e-06 3.52404e-07 1.09286e-06
7.35 1.64011e-06 1.73408e-06 3.36199e-07 1.03514e-06
7.375 1.54873e-06 1.63956e-06 3.20687e-07 9.80124e-07
7.4 1.46205e-06 1.54959e-06 3.05843e-07 9.27718e-07
7.425 1.37988e-06 1.464e-06 2.9164e-07 8.77822e-07
7.45 1.30204e-06 1.38263e-06 2.78057e-07 8.30342e-07
7.475 1.22835e-06 1.3053e-06 2.65068e-07 7.85187e-07
7.5 1.15864e-06 1.23188e-06 2.52653e-07 7.42268e-07
7.525 1.09273e-06 1.16222e-06 2.4079e-07 7.01503e-07
7.55 1.03046e-06 1.09616e-06 2.29459e-07 6.62809e-07
7.575 9.71673e-07 1.03358e-06 2.18639e-07 6.26107e-07
7.6 9.16205e-07 9.74329e-07 2.08311e-07 5.9132e-07
7.625 8.63904e-07 9.18287e-07 1.98457e-07 5.58372e-07
7.65 8.1462e-07 8.65322e-07 1.89058e-07 5.2719e-07
7.675 7.68207e-07 8.15308e-07 1.80097e-07 4.97703e-07
7.7 7.24523e-07 7.68123e-07 1.71557e-07 4.6984e-07
7.725 6.83431e-07 7.23644e-07 1.63421e-07 4.43532e-07
7.75 6.44799e-07 6.81755e-07 1.55673e-07 4.18714e-07
7.775 6.08497e-07 6.42339e-07 1.48297e-07 3.95318e-07
7.8 5.74403e-07 6.05283e-07 1.4128e-07 3.73281e-07
7.825 5.42396e-07 5.70476e-07 1.34604e-07 3.5254e-07
7.85 5.12363e-07 5.37809e-07 1.28257e-07 3.33033e-07
7.875 4.84192e-07 5.07174e-07 1.22225e-07 3.147e-07
7.9 4.57779e-07 4.78469e-07 1.16494e-07 2.97481e-07
7.925 4.33024e-07 4.51592e-07 1.1105e-07 2.81321e-07
7.95 4.09829e-07 4.26443e-07 1.05882e-07 2.66162e-07
7.975 3.88104e-07 4.02927e-07 1.00976e-07 2.51952e-07
8 3.6776e-07 3.80951e-07 9.63207e-08 2.38636e-07
8.025 3.48715e-07 3.60424e-07 9.19046e-08 2.26164e-07
8.05 3.30889e-07 3.41259e-07 8.77162e-08 2.14488e-07
8.075 3.14209e-07 3.23372e-07 8.37446e-08 2.03558e-07
8.1 2.98601e-07 3.06681e-07 7.99789e-08 1.9333e-07
8.125 2.83999e-07 2.91109e-07 7.64091e-08 1.83759e-07
8.15 2.70338e-07 2.76583e-07 7.30251e-08 1.74804e-07
8.175 2.57558e-07 2.63029e-07 6.98172e-08 1.66423e-07
8.2 2.456e-07 2.50382e-07 6.67761e-08 1.58579e-07
8.225 2.34408e-07 2.38576e-07 6.38929e-08 1.51234e-07
8.25 2.23932e-07 2.2755e-07 6.11589e-08 1.44355e-07
8.275 2.1412e-07 2.17248e-07 5.85657e-08 1.37907e-07
8.3 2.04926e-07 2.07614e-07 5.61054e-08 1.3186e-07
8.325 1.96304e-07 1.98598e-07 5.37701e-08 1.26184e-07
8.35 1.88211e-07 1.90152e-07 5.15526e-08 1.20852e-07
8.375 1.80607e-07 1.82229e-07 4.94458e-08 1.15837e-07
8.4 1.73452e-07 1.74789e-07 4.74428e-08 1.11116e-07
8.425 1.6671e-07 1.67793e-07 4.55373e-08 1.06665e-07
8.45 1.60346e-07 1.61203e-07 4.37231e-08 1.02463e-07
8.475 1.54325e-07 1.54986e-07 4.19945e-08 9.84904e-08
8.5 1.48618e-07 1.49111e-07 4.03458e-08 9.47284e-08
8.525 1.43194e-07 1.43548e-07 3.8772e-08 9.116e-08
8.55 1.38025e-07 1.38271e-07 3.7268e-08 8.77693e-08
8.575 1.33085e-07 1.33254e-07 3.58292e-08 8.45415e-08
8.6 1.28351e-07 1.28475e-07 3.44514e-08 8.14631e-08
8.625 1.23799e-07 1.23912e-07 3.31305e-08 7.85215e-08
8.65 1.19409e-07 1.19547e-07 3.18627e-08 7.5705e-08
8.675 1.15163e-07 1.15362e-07 3.06444e-08 7.30032e-08
8.7 1.11043e-07 1.1134e-07 2.94726e-08 7.04061e-08
8.725 1.07035e-07 1.07466e-07 2.83441e-08 6.79049e-08
8.75 1.03125e-07 1.03726e-07 2.72563e-08 6.54913e-08
8.775 9.93015e-08 1.00109e-07 2.62065e-08 6.31579e-08
8.8 9.55549e-08 9.66032e-08 2.51927e-08 6.0898e-08
8.825 9.18771e-08 9.3198e-08 2.42126e-08 5.87053e-08
8.85 8.82617e-08 8.98843e-08 2.32643e-08 5.65743e-08
8.875 8.47038e-08 8.6654e-08 2.23463e-08 5.45002e-08
8.9 8.12001e-08 8.34998e-08 2.14569e-08 5.24784e-08
8.925 7.77485e-08 8.04153e-08 2.05949e-08 5.05051e-08
8.95 7.43484e-08 7.73949e-08 1.9759e-08 4.85769e-08
8.975 7.10001e-08 7.44337e-08 1.89482e-08 4.6691e-08
9 6.77051e-08 7.15278e-08 1.81616e-08 4.48447e-08
9.025 6.44657e-08 6.86739e-08 1.73983e-08 4.30361e-08
9.05 6.1285e-08 6.58694e-08 1.66576e-08 4.12635e-08
9.075 5.81667e-08 6.31124e-08 1.59388e-08 3.95256e-08
9.1 5.51149e-08 6.04017e-08 1.52416e-08 3.78216e-08
9.125 5.21339e-08 5.77365e-08 1.45653e-08 3.61509e-08
9.15 4.92286e-08 5.51168e-08 1.39096e-08 3.45132e-08
9.175 4.64034e-08 5.25429e-08 1.3274e-08 3.29085e-08
9.2 4.36631e-08 5.00159e-08 1.26584e-08 3.13371e-08
9.225 4.10119e-08 4.75369e-08 1.20623e-08 2.97996e-08
9.25 3.84539e-08 4.51078e-08 1.14855e-08 2.82967e-08
9.275 3.59928e-08 4.27305e-08 1.09278e-08 2.68292e-08
9.3 3.36318e-08 4.04074e-08 1.03889e-08 2.53982e-08
9.325 3.13733e-08 3.8141e-08 9.86865e-09 2.40048e-08
9.35 2.92194e-08 3.59338e-08 9.36675e-09 2.26503e-08
9.375 2.71714e-08 3.37888e-08 8.883e-09 2.13359e-08
9.4 2.52299e-08 3.17086e-08 8.41718e-09 2.00629e-08
9.425 2.33949e-08 2.9696e-08 7.96905e-09 1.88325e-08
9.45 2.16657e-08 2.77537e-08 7.53837e-09 1.7646e-08
9.475 2.00408e-08 2.58842e-08 7.12489e-09 1.65045e-08
9.5 1.85183e-08 2.40898e-08 6.72834e-09 1.54091e-08
9.525 1.70954e-08 2.23726e-08 6.34846e-09 1.43605e-08
9.55 1.5769e-08 2.07343e-08 5.98496e-09 1.33596e-08
9.575 1.45355e-08 1.91765e-08 5.63754e-09 1.2407e-08
9.6 1.33908e-08 1.77002e-08 5.30591e-09 1.15031e-08
9.625 1.23306e-08 1.63061e-08 4.98974e-09 1.06479e-08
9.65 1.13501e-08 1.49945e-08 4.68871e-09 9.84161e-09
9.675 1.04445e-08 1.37653e-08 4.40248e-09 9.08387e-09
9.7 9.60888e-09 1.26178e-08 4.13073e-09 8.37427e-09
9.725 8.83829e-09 1.15512e-08 3.8731e-09 7.71213e-09
9.75 8.12779e-09 1.05639e-08 3.62923e-09 7.09657e-09
9.775 7.47257e-09 9.65426e-09 3.39877e-09 6.52651e-09
9.8 6.86799e-09 8.82e-09 3.18135e-09 6.00067e-09
9.825 6.30965e-09 8.05858e-09 2.97661e-09 5.51759e-09
9.85 5.79343e-09 7.36714e-09 2.78417e-09 5.07565e-09
9.875 5.31554e-09 6.74252e-09 2.60365e-09 4.67309e-09
9.9 4.87251e-09 6.18131e-09 2.43469e-09 4.308e-09
9.925 4.46129e-09 5.67991e-09 2.2769e-09 3.9784e-09
9.95 4.07917e-09 5.23455e-09 2.12989e-09 3.68222e-09
9.975 3.72384e-09 4.84137e-09 1.99328e-09 3.41732e-09
10 3.3934e-09 4.49642e-09 1.86667e-09 3.18155e-09
10.025 3.08627e-09 4.19575e-09 1.74968e-09 2.97272e-09
10.05 2.80126e-09 3.93543e-09 1.64192e-09 2.78867e-09
10.075 2.53745e-09 3.71159e-09 1.54298e-09 2.62728e-09
10.1 2.29425e-09 3.5205e-09 1.45246e-09 2.48648e-09
10.125 2.07127e-09 3.35854e-09 1.36995e-09 2.36425e-09
10.15 1.86835e-09 3.2223e-09 1.29507e-09 2.25868e-09
10.175 1.68548e-09 3.10854e-09 1.22739e-09 2.16797e-09
10.2 1.52273e-09 3.01429e-09 1.16651e-09 2.0904e-09
10.225 1.38027e-09 2.93678e-09 1.11201e-09 2.0244e-09
10.25 1.25827e-09 2.87355e-09 1.06349e-09 1.96852e-09
10.275 1.15685e-09 2.82236e-09 1.02053e-09 1.92144e-09
10.3 1.0761e-09 2.78126e-09 9.8272e-10 1.88199e-09
10.325 1.01596e-09 2.74857e-09 9.49658e-10 1.84911e-09
10.35 9.76264e-10 2.72286e-09 9.20937e-10 1.8219e-09
10.375 9.56659e-10 2.70294e-09 8.96155e-10 1.79955e-09
10.4 9.56609e-10 2.68786e-09 8.74919e-10 1.78139e-09
10.425 9.75375e-10 2.67688e-09 8.56842e-10 1.76686e-09
10.45 1.012e-09 2.66945e-09 8.41546e-10 1.7555e-09
10.475 1.06532e-09 2.66518e-09 8.28663e-10 1.74692e-09
10.5 1.13394e-09 2.66383e-09 8.17839e-10 1.74083e-09
10.525 1.21628e-09 2.66525e-09 8.0873e-10 1.73699e-09
10.55 1.31057e-09 2.6694e-09 8.01011e-10 1.73521e-09
10.575 1.41486e-09 2.6763e-09 7.94371e-10 1.73533e-09
10.6 1.52706e-09 2.68597e-09 7.88518e-10 1.73724e-09
10.625 1.64498e-09 2.69848e-09 7.83178e-10 1.74083e-09
10.65 1.76633e-09 2.71387e-09 7.78099e-10 1.74599e-09
10.675 1.8888e-09 2.73215e-09 7.73049e-10 1.7526e-09
10.7 2.01005e-09 2.75326e-09 7.67817e-10 1.76054e-09
10.725 2.12777e-09 2.77709e-09 7.62216e-10 1.76965e-09
10.75 2.23973e-09 2.80347e-09 7.56082e-10 1.77978e-09
10.775 2.34379e-09 2.83212e-09 7.49271e-10 1.7907e-09
10.8 2.43794e-09 2.86268e-09 7.41666e-10 1.80217e-09
10.825 2.52038e-09 2.8947e-09 7.3317e-10 1.81394e-09
10.85 2.58946e-09 2.92765e-09 7.23709e-10 1.82568e-09
10.875 2.64378e-09 2.9609e-09 7.1323e-10 1.83707e-09
10.9 2.6822e-09 2.99377e-09 7.01702e-10 1.84774e-09
10.925 2.70382e-09 3.0255e-09 6.8911e-10 1.8573e-09
10.95 2.70803e-09 3.05528e-09 6.75461e-10 1.86537e-09
10.975 2.69451e-09 3.08229e-09 6.60777e-10 1.87153e-09
11 2.66322e-09 3.10566e-09 6.45095e-10 1.87538e-09
11.025 2.6144e-09 3.12454e-09 6.28467e-10 1.8765e-09
11.05 2.54857e-09 3.13809e-09 6.10955e-10 1.87452e-09
11.075 2.46652e-09 3.1455e-09 5.92634e-10 1.86907e-09
11.1 2.36928e-09 3.14604e-09 5.73584e-10 1.85981e-09
11.125 2.2581e-09 3.13903e-09 5.53895e-10 1.84646e-09
11.15 2.13444e-09 3.12386e-09 5.3366e-10 1.82876e-09
11.175 1.99992e-09 3.10007e-09 5.12974e-10 1.80652e-09
11.2 1.8563e-09 3.06727e-09 4.91937e-10 1.7796e-09
11.225 1.70546e-09 3.02521e-09 4.70646e-10 1.74793e-09
11.25 1.54935e-09 2.97377e-09 4.49197e-10 1.71148e-09
11.275 1.38995e-09 2.91298e-09 4.27684e-10 1.67033e-09
11.3 1.22925e-09 2.84299e-09 4.06198e-10 1.62459e-09
11.325 1.0692e-09 2.7641e-09 3.84821e-10 1.57446e-09
11.35 9.11711e-10 2.67674e-09 3.63634e-10 1.52019e-09
11.375 7.58582e-10 2.5815e-09 3.42709e-10 1.4621e-09
11.4 6.11496e-10 2.47905e-09 3.2211e-10 1.40058e-09
11.425 4.71991e-10 2.3702e-09 3.01896e-10 1.33605e-09
11.45 3.41431e-10 2.25587e-09 2.82117e-10 1.26899e-09
11.475 2.20996e-10 2.13704e-09 2.62816e-10 1.19993e-09
11.5 1.11663e-10 2.01478e-09 2.44026e-10 1.1294e-09
11.525 1.41914e-11 1.8902e-09 2.25776e-10 1.05799e-09
11.55 -7.08757e-11 1.76446e-09 2.08087e-10 9.86274e-10
11.575 -1.43221e-10 1.63873e-09 1.90972e-10 9.14849e-10
11.6 -2.02748e-10 1.51416e-09 1.7444e-10 8.44302e-10
11.625 -2.49576e-10 1.39192e-09 1.58493e-10 7.75206e-10
11.65 -2.84034e-10 1.2731e-09 1.43131e-10 7.08113e-10
11.675 -3.06643e-10 1.15874e-09 1.28347e-10 6.43544e-10
11.7 -3.18105e-10 1.04983e-09 1.14132e-10 5.8198e-10
11.725 -3.19279e-10 9.47244e-10 1.00476e-10 5.2386e-10
11.75 -3.11167e-10 8.51771e-10 8.73669e-11 4.69569e-10
11.775 -2.94885e-10 7.6408e-10 7.47901e-11 4.19435e-10
11.8 -2.71643e-10 6.84721e-10 6.27325e-11 3.73727e-10
11.825 -2.42716e-10 6.14113e-10 5.11806e-11 3.32647e-10
11.85 -2.0942e-10 5.52544e-10 4.01222e-11 2.96333e-10
11.875 -1.73089e-10 5.00166e-10 2.95465e-11 2.64856e-10
11.9 -1.35044e-10 4.56996e-10 1.94443e-11 2.3822e-10
11.925 -9.65728e-11 4.22917e-10 9.80858e-12 2.16363e-10
11.95 -5.89063e-11 3.97689e-10 6.34757e-13 1.99162e-10
11.975 -2.31962e-11 3.80947e-10 -8.07948e-12 1.86434e-10
12 9.50314e-12 3.72217e-10 -1.6334e-11 1.77941e-10
12.025 3.82522e-11 3.70924e-10 -2.41262e-11 1.73399e-10
12.05 6.22404e-11 3.76406e-10 -3.14514e-11 1.72477e-10
12.075 8.0797e-11 3.87924e-10 -3.8303e-11 1.7481e-10
12.1 9.34004e-11 4.04679e-10 -4.46726e-11 1.80003e-10
12.125 9.96832e-11 4.25829e-10 -5.05506e-11 1.87639e-10
12.15 9.94344e-11 4.50501e-10 -5.59265e-11 1.97287e-10
12.175 9.25995e-11 4.77809e-10 -6.07894e-11 2.0851e-10
12.2 7.92768e-11 5.0687e-10 -6.51285e-11 2.20871e-10
12.225 5.97112e-11 5.36816e-10 -6.89336e-11 2.33941e-10
12.25 3.42854e-11 5.66815e-10 -7.21955e-11 2.4731e-10
12.275 3.50934e-12 5.96076e-10 -7.49065e-11 2.60585e-10
12.3 -3.19936e-11 6.2387e-10 -7.70613e-11 2.73404e-10
12.325 -7.1501e-11 6.49535e-10 -7.86567e-11 2.85439e-10
12.35 -1.14208e-10 6.72488e-10 -7.96927e-11 2.96398e-10
12.375 -1.59245e-10 6.92232e-10 -8.01723e-11 3.0603e-10
12.4 -2.05694e-10 7.08364e-10 -8.01023e-11 3.14131e-10
12.425 -2.52612e-10 7.20577e-10 -7.94932e-11 3.20542e-10
12.45 -2.99044e-10 7.28662e-10 -7.83594e-11 3.25151e-10
12.475 -3.44046e-10 7.32512e-10 -7.67195e-11 3.27896e-10
12.5 -3.86701e-10 7.32116e-10 -7.45961e-11 3.2876e-10
12.525 -4.26135e-10 7.27561e-10 -7.20158e-11 3.27773e-10
12.55 -4.61536e-10 7.19023e-10 -6.90091e-11 3.25007e-10
12.575 -4.92165e-10 7.06762e-10 -6.56101e-11 3.20576e-10
12.6 -5.17372e-10 6.91116e-10 -6.18565e-11 3.1463e-10
12.625 -5.36605e-10 6.7249e-10 -5.77889e-11 3.07351e-10
12.65 -5.49419e-10 6.51348e-10 -5.34507e-11 2.98948e-10
12.675 -5.55485e-10 6.28199e-10 -4.88873e-11 2.89656e-10
12.7 -5.54591e-10 6.03591e-10 -4.41461e-11 2.79723e-10
12.725 -5.46647e-10 5.78095e-10 -3.92756e-11 2.6941e-10
12.75 -5.31688e-10 5.52294e-10 -3.43248e-11 2.58984e-10
12.775 -5.09865e-10 5.26771e-10 -2.93429e-11 2.48714e-10
12.8 -4.81448e-10 5.021e-10 -2.43787e-11 2.38861e-10
12.825 -4.46817e-10 4.78833e-10 -1.94798e-11 2.29677e-10
12.85 -4.06454e-10 4.57488e-10 -1.46923e-11 2.21398e-10
12.875 -3.60936e-10 4.38541e-10 -1.00598e-11 2.14241e-10
12.9 -3.10923e-10 4.2242e-10 -5.62378e-12 2.08398e-10
12.925 -2.57142e-10 4.09493e-10 -1.42209e-12 2.04035e-10
12.95 -2.00384e-10 4.00063e-10 2.51074e-12 2.01287e-10
12.975 -1.41481e-10 3.94365e-10 6.14419e-12 2.00254e-10
13 -8.12936e-11 3.9256e-10 9.45196e-12 2.01006e-10
13.025 -2.07012e-11 3.94736e-10 1.24123e-11 2.03574e-10
13.05 3.94176e-11 4.00901e-10 1.5008e-11 2.07955e-10
13.075 9.81969e-11 4.10993e-10 1.72268e-11 2.1411e-10
13.1 1.54798e-10 4.2487e-10 1.90613e-11 2.21966e-10
13.125 2.08421e-10 4.42326e-10 2.05088e-11 2.31418e-10
13.15 2.58321e-10 4.63085e-10 2.15714e-11 2.42328e-10
13.175 3.03814e-10 4.86813e-10 2.2256e-11 2.54534e-10
13.2 3.44291e-10 5.13119e-10 2.25735e-11 2.67846e-10
13.225 3.79223e-10 5.4157e-10 2.25393e-11 2.82055e-10
13.25 4.08174e-10 5.71691e-10 2.21723e-11 2.96931e-10
13.275 4.30799e-10 6.02977e-10 2.1495e-11 3.12236e-10
13.3 4.46854e-10 6.34906e-10 2.05328e-11 3.27719e-10
13.325 4.56195e-10 6.66939e-10 1.93139e-11 3.43127e-10
13.35 4.58781e-10 6.9854e-10 1.78683e-11 3.58204e-10
13.375 4.54672e-10 7.29175e-10 1.62278e-11 3.72701e-10
13.4 4.44025e-10 7.5833e-10 1.44254e-11 3.86377e-10
13.425 4.27094e-10 7.85511e-10 1.24946e-11 3.99003e-10
13.45 4.0422e-10 8.10261e-10 1.04691e-11 4.10365e-10
13.475 3.75829e-10 8.32159e-10 8.38216e-12 4.20271e-10
13.5 3.42421e-10 8.50833e-10 6.26643e-12 4.2855e-10
13.525 3.04563e-10 8.6596e-10 4.15314e-12 4.35057e-10
13.55 2.62877e-10 8.77278e-10 2.07193e-12 4.39675e-10
13.575 2.18034e-10 8.84582e-10 5.04247e-14 4.42316e-10
13.6 1.7074e-10 8.87732e-10 -1.88613e-12 4.42923e-10
13.625 1.21724e-10 8.86653e-10 -3.7151e-12 4.41469e-10
13.65 7.17316e-11 8.81336e-10 -5.41673e-12 4.3796e-10
13.675 2.15087e-11 8.71837e-10 -6.97434e-12 4.32431e-10
13.7 -2.82071e-11 8.58275e-10 -8.37442e-12 4.2495e-10
13.725 -7.66973e-11 8.40832e-10 -9.60674e-12 4.15612e-10
13.75 -1.23273e-10 8.19745e-10 -1.06644e-11 4.0454e-10
13.775 -1.67284e-10 7.95308e-10 -1.15437e-11 3.91882e-10
13.8 -2.08128e-10 7.67861e-10 -1.22444e-11 3.77808e-10
13.825 -2.45259e-10 7.37787e-10 -1.27689e-11 3.62509e-10
13.85 -2.78192e-10 7.05506e-10 -1.31231e-11 3.46192e-10
13.875 -3.06511e-10 6.71468e-10 -1.33152e-11 3.29076e-10
13.9 -3.29872e-10 6.36144e-10 -1.3356e-11 3.11394e-10
13.925 -3.4801e-10 6.0002e-10 -1.32588e-11 2.9338e-10
13.95 -3.60736e-10 5.6359e-10 -1.30384e-11 2.75276e-10
13.975 -3.67942e-10 5.27349e-10 -1.27116e-11 2.57319e-10
14 -3.69601e-10 4.91782e-10 -1.22964e-11 2.39743e-10
14.025 -3.65764e-10 4.57363e-10 -1.18115e-11 2.22776e-10
14.05 -3.56558e-10 4.24541e-10 -1.12766e-11 2.06632e-10
14.075 -3.42185e-10 3.93739e-10 -1.07115e-11 1.91514e-10
14.1 -3.22915e-10 3.65346e-10 -1.01358e-11 1.77605e-10
14.125 -2.99082e-10 3.39713e-10 -9.56888e-12 1.65072e-10
14.15 -2.71079e-10 3.17145e-10 -9.02932e-12 1.54058e-10
14.175 -2.3935e-10 2.97902e-10 -8.53475e-12 1.44684e-10
14.2 -2.04382e-10 2.82194e-10 -8.10147e-12 1.37046e-10
14.225 -1.66701e-10 2.70174e-10 -7.7443e-12 1.31215e-10
14.25 -1.26859e-10 2.61946e-10 -7.47634e-12 1.27235e-10
14.275 -8.54319e-11 2.57556e-10 -7.30875e-12 1.25124e-10
14.3 -4.30047e-11 2.56995e-10 -7.25068e-12 1.24872e-10
14.325 -1.67945e-13 2.60202e-10 -7.30909e-12 1.26446e-10
14.35 4.24925e-11 2.67061e-10 -7.48872e-12 1.29786e-10
14.375 8.44027e-11 2.77409e-10 -7.79205e-12 1.34808e-10
14.4 1.25009e-10 2.91034e-10 -8.21926e-12 1.41407e-10
14.425 1.63783e-10 3.07683e-10 -8.76832e-12 1.49457e-10
14.45 2.00231e-10 3.27061e-10 -9.43502e-12 1.58813e-10
14.475 2.33898e-10 3.48844e-10 -1.02131e-11 1.69315e-10
14.5 2.64375e-10 3.72673e-10 -1.10943e-11 1.80789e-10
14.525 2.91301e-10 3.98171e-10 -1.20686e-11 1.93051e-10
14.55 3.14367e-10 4.24939e-10 -1.31244e-11 2.05907e-10
14.575 3.33324e-10 4.52567e-10 -1.42487e-11 2.19159e-10
14.6 3.47976e-10 4.80641e-10 -1.54273e-11 2.32607e-10
14.625 3.58193e-10 5.08744e-10 -1.6645e-11 2.4605e-10
14.65 3.63899e-10 5.36465e-10 -1.78859e-11 2.5929e-10
14.675 3.65084e-10 5.63404e-10 -1.91337e-11 2.72135e-10
14.7 3.61793e-10 5.89177e-10 -2.03718e-11 2.84403e-10
14.725 3.5413e-10 6.13422e-10 -2.15837e-11 2.95919e-10
14.75 3.42254e-10 6.358e-10 -2.27531e-11 3.06524e-10
14.775 3.26376e-10 6.56006e-10 -2.38644e-11 3.16071e-10
14.8 3.06755e-10 6.73765e-10 -2.49024e-11 3.24431e-10
14.825 2.83692e-10 6.8884e-10 -2.58533e-11 3.31493e-10
14.85 2.57531e-10 7.01032e-10 -2.6704e-11 3.37164e-10
14.875 2.28646e-10 7.10185e-10 -2.7443e-11 3.41371e-10
14.9 1.97443e-10 7.16184e-10 -2.80603e-11 3.44062e-10
14.925 1.64349e-10 7.18959e-10 -2.85475e-11 3.45206e-10
14.95 1.29808e-10 7.1848e-10 -2.88976e-11 3.44791e-10
14.975 9.42762e-11 7.14765e-10 -2.91059e-11 3.4283e-10
15 5.82153e-11 7.0787e-10 -2.91694e-11 3.3935e-10
15.025 2.20859e-11 6.97894e-10 -2.90867e-11 3.34404e-10
15.05 -1.36575e-11 6.84975e-10 -2.88587e-11 3.28058e-10
15.075 -4.8572e-11 6.69285e-10 -2.8488e-11 3.20398e-10
15.1 -8.22315e-11 6.51031e-10 -2.7979e-11 3.11526e-10
15.125 -1.14232e-10 6.30451e-10 -2.73381e-11 3.01556e-10
15.15 -1.44195e-10 6.07807e-10 -2.65731e-11 2.90617e-10
15.175 -1.71773e-10 5.83387e-10 -2.56935e-11 2.78847e-10
15.2 -1.96654e-10 5.57496e-10 -2.47103e-11 2.66393e-10
15.225 -2.1856e-10 5.30452e-10 -2.36357e-11 2.53408e-10
15.25 -2.37255e-10 5.02586e-10 -2.24832e-11 2.40051e-10
15.275 -2.52545e-10 4.74233e-10 -2.12669e-11 2.26483e-10
15.3 -2.64279e-10 4.4573e-10 -2.00021e-11 2.12864e-10
15.325 -2.72349e-10 4.17412e-10 -1.87045e-11 1.99354e-10
15.35 -2.76695e-10 3.89605e-10 -1.73901e-11 1.86107e-10
15.375 -2.77299e-10 3.62626e-10 -1.60753e-11 1.73275e-10
15.4 -2.74188e-10 3.36778e-10 -1.47764e-11 1.61001e-10
15.425 -2.67434e-10 3.12343e-10 -1.35095e-11 1.49417e-10
15.45 -2.57147e-10 2.89584e-10 -1.22902e-11 1.38647e-10
15.475 -2.4348e-10 2.68741e-10 -1.11338e-11 1.28803e-10
15.5 -2.2662e-10 2.50024e-10 -1.00547e-11 1.19985e-10
15.525 -2.06791e-10 2.33617e-10 -9.06634e-12 1.12275e-10
15.55 -1.84246e-10 2.19672e-10 -8.18118e-12 1.05745e-10
15.575 -1.59268e-10 2.08311e-10 -7.41048e-12 1.0045e-10
15.6 -1.32161e-10 1.99621e-10 -6.76417e-12 9.64284e-11
15.625 -1.03252e-10 1.93658e-10 -6.25077e-12 9.37037e-11
15.65 -7.28829e-11 1.90444e-10 -5.87728e-12 9.22836e-11
15.675 -4.14085e-11 1.89969e-10 -5.64914e-12 9.21598e-11
15.7 -9.19134e-12 1.92188e-10 -5.57013e-12 9.3309e-11
15.725 2.34019e-11 1.97029e-10 -5.64241e-12 9.56931e-11
15.75 5.60045e-11 2.04387e-10 -5.86643e-12 9.92601e-11
15.775 8.8254e-11 2.14131e-10 -6.24099e-12 1.03945e-10
15.8 1.19796e-10 2.26103e-10 -6.76322e-12 1.0967e-10
15.825 1.50286e-10 2.40124e-10 -7.42866e-12 1.16348e-10
15.85 1.79397e-10 2.5599e-10 -8.23128e-12 1.23879e-10
15.875 2.06819e-10 2.73483e-10 -9.16358e-12 1.3216e-10
15.9 2.32263e-10 2.92366e-10 -1.02167e-11 1.41075e-10
15.925 2.55465e-10 3.12392e-10 -1.13803e-11 1.50506e-10
15.95 2.76185e-10 3.33303e-10 -1.26431e-11 1.6033e-10
15.975 2.94215e-10 3.54838e-10 -1.39926e-11 1.70423e-10
16 3.09373e-10 3.76729e-10 -1.54155e-11 1.80657e-10
16.025 3.21513e-10 3.9871e-10 -1.68974e-11 1.90906e-10
16.05 3.30518e-10 4.20519e-10 -1.84235e-11 2.01048e-10
16.075 3.36306e-10 4.41899e-10 -1.99785e-11 2.1096e-10
16.1 3.38828e-10 4.62602e-10 -2.15466e-11 2.20528e-10
16.125 3.38069e-10 4.82392e-10 -2.31118e-11 2.2964e-10
16.15 3.34048e-10 5.01046e-10 -2.46582e-11 2.38194e-10
16.175 3.26817e-10 5.1836e-10 -2.61697e-11 2.46095e-10
16.2 3.16457e-10 5.34146e-10 -2.76306e-11 2.53258e-10
16.225 3.03084e-10 5.48237e-10 -2.90256e-11 2.59606e-10
16.25 2.8684e-10 5.60489e-10 -3.03398e-11 2.65074e-10
16.275 2.67896e-10 5.70779e-10 -3.15591e-11 2.6961e-10
16.3 2.46447e-10 5.79012e-10 -3.26698e-11 2.73171e-10
16.325 2.22715e-10 5.85114e-10 -3.36594e-11 2.75727e-10
16.35 1.96939e-10 5.89039e-10 -3.45161e-11 2.77262e-10
16.375 1.69379e-10 5.90767e-10 -3.52294e-11 2.77769e-10
16.4 1.40311e-10 5.90303e-10 -3.57897e-11 2.77257e-10
16.425 1.10025e-10 5.87677e-10 -3.61886e-11 2.75744e-10
16.45 7.88209e-11 5.82945e-10 -3.6419e-11 2.73263e-10
16.475 4.70081e-11 5.76188e-10 -3.64751e-11 2.69856e-10
16.5 1.49007e-11 5.67508e-10 -3.63524e-11 2.65578e-10
16.525 -1.71842e-11 5.5703e-10 -3.60477e-11 2.60491e-10
16.55 -4.89293e-11 5.449e-10 -3.55592e-11 2.5467e-10
16.575 -8.00197e-11 5.31282e-10 -3.48862e-11 2.48198e-10
16.6 -1.10146e-10 5.16359e-10 -3.40297e-11 2.41165e-10
16.625 -1.39005e-10 5.00327e-10 -3.29917e-11 2.33668e-10
16.65 -1.66304e-10 4.83397e-10 -3.17756e-11 2.25811e-10
16.675 -1.91762e-10 4.65791e-10 -3.03859e-11 2.17702e-10
16.7 -2.15112e-10 4.47739e-10 -2.88283e-11 2.09455e-10
16.725 -2.36104e-10 4.29479e-10 -2.71096e-11 2.01185e-10
16.75 -2.54501e-10 4.11255e-10 -2.52377e-11 1.93009e-10
16.775 -2.7009e-10 3.93311e-10 -2.32215e-11 1.85045e-10
16.8 -2.82676e-10 3.75892e-10 -2.10704e-11 1.77411e-10
16.825 -2.92084e-10 3.59243e-10 -1.8795e-11 1.70224e-10
16.85 -2.98163e-10 3.43603e-10 -1.64065e-11 1.63598e-10
16.875 -3.00785e-10 3.29207e-10 -1.39165e-11 1.57645e-10
16.9 -2.99843e-10 3.16279e-10 -1.13373e-11 1.52471e-10
16.925 -2.95258e-10 3.05037e-10 -8.68169e-12 1.48178e-10
16.95 -2.86971e-10 2.95686e-10 -5.96253e-12 1.44862e-10
16.975 -2.74948e-10 2.88417e-10 -3.19308e-12 1.42612e-10
17 -2.59181e-10 2.83409e-10 -3.8668e-13 1.41511e-10
17.025 -2.39682e-10 2.80823e-10 2.44327e-12 1.41633e-10
17.05 -2.16487e-10 2.80804e-10 5.28345e-12 1.43044e-10
17.075 -1.89656e-10 2.8348e-10 8.12064e-12 1.458e-10
17.1 -1.59266e-10 2.8896e-10 1.09419e-11 1.49951e-10
17.125 -1.25419e-10 2.97333e-10 1.37345e-11 1.55534e-10
17.15 -8.82334e-11 3.08669e-10 1.64861e-11 1.62578e-10
17.175 -4.78465e-11 3.23018e-10 1.91849e-11 1.71102e-10
17.2 -4.41248e-12 3.4041e-10 2.18196e-11 1.81115e-10
17.225 4.18991e-11 3.60853e-10 2.43792e-11 1.92616e-10
17.25 9.09044e-11 3.84338e-10 2.68537e-11 2.05596e-10
17.275 1.42407e-10 4.10834e-10 2.92335e-11 2.20034e-10
17.3 1.96199e-10 4.40292e-10 3.15097e-11 2.35901e-10
17.325 2.52064e-10 4.72643e-10 3.36743e-11 2.53159e-10
17.35 3.09776e-10 5.07802e-10 3.57199e-11 2.71761e-10
17.375 3.69102e-10 5.45665e-10 3.76399e-11 2.91653e-10
17.4 4.29806e-10 5.86113e-10 3.94286e-11 3.12771e-10
17.425 4.91646e-10 6.29011e-10 4.1081e-11 3.35046e-10
17.45 5.5438e-10 6.7421e-10 4.2593e-11 3.58401e-10
17.475 6.17764e-10 7.21548e-10 4.39611e-11 3.82755e-10
17.5 6.81554e-10 7.70853e-10 4.5183e-11 4.08018e-10
17.525 7.45511e-10 8.21939e-10 4.62567e-11 4.34098e-10
17.55 8.09395e-10 8.74614e-10 4.71813e-11 4.60897e-10
17.575 8.72973e-10 9.28676e-10 4.79565e-11 4.88316e-10
17.6 9.36019e-10 9.83919e-10 4.85829e-11 5.16251e-10
17.625 9.9831e-10 1.04013e-09 4.90616e-11 5.44596e-10
17.65 1.05963e-09 1.09709e-09 4.93944e-11 5.73244e-10
17.675 1.11978e-09 1.15459e-09 4.95838e-11 6.02086e-10
17.7 1.17857e-09 1.2124e-09 4.96329e-11 6.31015e-10
17.725 1.23579e-09 1.2703e-09 4.95453e-11 6.59923e-10
17.75 1.29129e-09 1.32808e-09 4.93251e-11 6.88702e-10
17.775 1.3449e-09 1.38552e-09 4.89768e-11 7.17246e-10
17.8 1.39647e-09 1.4424e-09 4.85057e-11 7.45454e-10
17.825 1.44585e-09 1.49853e-09 4.7917e-11 7.73222e-10
17.85 1.49292e-09 1.55369e-09 4.72164e-11 8.00455e-10
17.875 1.53756e-09 1.6077e-09 4.64101e-11 8.27057e-10
17.9 1.57968e-09 1.66037e-09 4.55044e-11 8.52939e-10
17.925 1.61918e-09 1.71152e-09 4.45056e-11 8.78014e-10
17.95 1.65598e-09 1.76098e-09 4.34206e-11 9.02201e-10
17.975 1.69003e-09 1.80859e-09 4.2256e-11 9.25424e-10
18 1.72127e-09 1.85421e-09 4.10188e-11 9.47612e-10
18.025 1.74966e-09 1.89768e-09 3.97158e-11 9.68699e-10
18.05 1.77517e-09 1.9389e-09 3.8354e-11 9.88625e-10
18.075 1.7978e-09 1.97773e-09 3.69404e-11 1.00734e-09
18.1 1.81752e-09 2.01408e-09 3.54816e-11 1.02478e-09
18.125 1.83436e-09 2.04786e-09 3.39844e-11 1.04092e-09
18.15 1.84833e-09 2.07899e-09 3.24555e-11 1.05572e-09
18.175 1.85945e-09 2.10739e-09 3.09013e-11 1.06915e-09
18.2 1.86777e-09 2.13302e-09 2.93281e-11 1.08117e-09
18.225 1.87331e-09 2.15582e-09 2.7742e-11 1.09178e-09
18.25 1.87615e-09 2.17578e-09 2.61489e-11 1.10096e-09
18.275 1.87634e-09 2.19286e-09 2.45543e-11 1.1087e-09
18.3 1.87395e-09 2.20705e-09 2.29637e-11 1.11501e-09
18.325 1.86906e-09 2.21837e-09 2.13822e-11 1.11988e-09
18.35 1.86174e-09 2.22682e-09 1.98145e-11 1.12332e-09
18.375 1.85208e-09 2.23242e-09 1.82654e-11 1.12534e-09
18.4 1.84017e-09 2.23521e-09 1.67389e-11 1.12597e-09
18.425 1.82611e-09 2.23522e-09 1.52391e-11 1.12523e-09
18.45 1.80999e-09 2.23251e-09 1.37697e-11 1.12314e-09
18.475 1.79193e-09 2.22714e-09 1.23339e-11 1.11974e-09
18.5 1.77201e-09 2.21916e-09 1.09349e-11 1.11505e-09
18.525 1.75035e-09 2.20865e-09 9.57538e-12 1.10911e-09
18.55 1.72705e-09 2.19569e-09 8.25778e-12 1.10198e-09
18.575 1.70222e-09 2.18037e-09 6.98427e-12 1.09368e-09
18.6 1.67597e-09 2.16277e-09 5.75674e-12 1.08426e-09
18.625 1.64841e-09 2.14298e-09 4.57677e-12 1.07378e-09
18.65 1.61965e-09 2.12111e-09 3.44568e-12 1.06228e-09
18.675 1.58979e-09 2.09726e-09 2.36455e-12 1.04981e-09
18.7 1.55894e-09 2.07153e-09 1.33418e-12 1.03643e-09
18.725 1.5272e-09 2.04403e-09 3.55138e-13 1.02219e-09
18.75 1.49467e-09 2.01487e-09 -5.72231e-13 1.00715e-09
18.775 1.46146e-09 1.98416e-09 -1.44781e-12 9.91355e-10
18.8 1.42767e-09 1.952e-09 -2.27167e-12 9.74865e-10
18.825 1.39338e-09 1.91852e-09 -3.04409e-12 9.57737e-10
18.85 1.35868e-09 1.88381e-09 -3.76552e-12 9.40024e-10
18.875 1.32368e-09 1.848e-09 -4.4366e-12 9.21783e-10
18.9 1.28844e-09 1.81119e-09 -5.05808e-12 9.03067e-10
18.925 1.25307e-09 1.77349e-09 -5.63089e-12 8.83931e-10
18.95 1.21762e-09 1.73501e-09 -6.15608e-12 8.64427e-10
18.975 1.18218e-09 1.69585e-09 -6.6348e-12 8.44606e-10
19 1.14682e-09 1.65611e-09 -7.06831e-12 8.2452e-10
19.025 1.1116e-09 1.61589e-09 -7.45798e-12 8.04218e-10
19.05 1.07659e-09 1.5753e-09 -7.80524e-12 7.83746e-10
19.075 1.04185e-09 1.53442e-09 -8.11159e-12 7.63152e-10
19.1 1.00743e-09 1.49334e-09 -8.3786e-12 7.4248e-10
19.125 9.73387e-10 1.45215e-09 -8.60787e-12 7.21772e-10
19.15 9.39766e-10 1.41094e-09 -8.80105e-12 7.01069e-10
19.175 9.06613e-10 1.36978e-09 -8.95981e-12 6.80411e-10
19.2 8.73967e-10 1.32875e-09 -9.08584e-12 6.59834e-10
19.225 8.41865e-10 1.28793e-09 -9.18085e-12 6.39374e-10
19.25 8.10343e-10 1.24737e-09 -9.24653e-12 6.19063e-10
19.275 7.79428e-10 1.20715e-09 -9.28459e-12 5.98933e-10
19.3 7.49149e-10 1.16732e-09 -9.29671e-12 5.79014e-10
19.325 7.19529e-10 1.12795e-09 -9.28457e-12 5.59332e-10
19.35 6.90588e-10 1.08907e-09 -9.2498e-12 5.39912e-10
19.375 6.62345e-10 1.05075e-09 -9.19401e-12 5.20778e-10
19.4 6.34813e-10 1.01302e-09 -9.1188e-12 5.01951e-10
19.425 6.08004e-10 9.75928e-10 -9.02569e-12 4.83451e-10
19.45 5.81929e-10 9.39506e-10 -8.9162e-12 4.65295e-10
19.475 5.56594e-10 9.0379e-10 -8.79177e-12 4.47499e-10
19.5 5.32003e-10 8.68807e-10 -8.6538e-12 4.30077e-10
19.525 5.0816e-10 8.34586e-10 -8.50367e-12 4.13041e-10
19.55 4.85064e-10 8.01147e-10 -8.34266e-12 3.96402e-10
19.575 4.62714e-10 7.6851e-10 -8.17203e-12 3.80169e-10
19.6 4.41107e-10 7.36693e-10 -7.99297e-12 3.6435e-10
19.625 4.20238e-10 7.05707e-10 -7.80662e-12 3.4895e-10
19.65 4.00099e-10 6.75564e-10 -7.61405e-12 3.33975e-10
19.675 3.80684e-10 6.46271e-10 -7.4163e-12 3.19427e-10
19.7 3.61983e-10 6.17833e-10 -7.21433e-12 3.05309e-10
19.725 3.43986e-10 5.90253e-10 -7.00905e-12 2.91622e-10
19.75 3.2668e-10 5.63532e-10 -6.80132e-12 2.78366e-10
19.775 3.10054e-10 5.37668e-10 -6.59193e-12 2.65538e-10
19.8 2.94095e-10 5.12658e-10 -6.38163e-12 2.53138e-10
19.825 2.78788e-10 4.88494e-10 -6.17111e-12 2.41162e-10
19.85 2.64118e-10 4.65172e-10 -5.96101e-12 2.29605e-10
19.875 2.5007e-10 4.42681e-10 -5.75193e-12 2.18464e-10
19.9 2.36629e-10 4.21011e-10 -5.54441e-12 2.07733e-10
19.925 2.23779e-10 4.0015e-10 -5.33893e-12 1.97405e-10
19.95 2.11502e-10 3.80086e-10 -5.13595e-12 1.87475e-10
19.975 1.99783e-10 3.60804e-10 -4.93588e-12 1.77934e-10
20 1.88603e-10 3.4229e-10 -4.73907e-12 1.68776e-10
