0 9.49219e-05 -6.71756e-05
0.025 9.49219e-05 -6.71756e-05
0.05 0.000189631 -0.000134136
0.075 0.000283913 -0.000200665
0.1 0.000377559 -0.000266551
0.125 0.000470357 -0.000331583
0.15 0.0005621 -0.000395554
0.175 0.000652584 -0.000458259
0.2 0.000741608 -0.000519501
0.225 0.000828974 -0.000579087
0.25 0.00091449 -0.00063683
0.275 0.000997968 -0.00069255
0.3 0.00107923 -0.000746075
0.325 0.00115809 -0.000797242
0.35 0.00123438 -0.000845895
0.375 0.00130795 -0.00089189
0.4 0.00137864 -0.00093509
0.425 0.00144629 -0.00097537
0.45 0.00151078 -0.00101262
0.475 0.00157196 -0.00104672
0.5 0.00162972 -0.0010776
0.525 0.00168395 -0.00110517
0.55 0.00173454 -0.00112935
0.575 0.0017814 -0.00115011
0.6 0.00182444 -0.00116738
0.625 0.0018636 -0.00118113
0.65 0.00189882 -0.00119136
0.675 0.00193003 -0.00119805
0.7 0.0019572 -0.00120119
0.725 0.00198029 -0.00120082
0.75 0.0019993 -0.00119695
0.775 0.00201421 -0.00118963
0.8 0.00202502 -0.00117891
0.825 0.00203175 -0.00116483
0.85 0.00203443 -0.00114749
0.875 0.00203308 -0.00112695
0.9 0.00202775 -0.00110332
0.925 0.0020185 -0.00107667
0.95 0.0020054 -0.00104714
0.975 0.00198853 -0.00101483
1 0.00196797 -0.000979858
1.025 0.00194382 -0.000942365
1.05 0.00191619 -0.000902485
1.075 0.00188519 -0.000860359
1.1 0.00185095 -0.000816134
1.125 0.00181361 -0.000769962
1.15 0.0017733 -0.000721998
1.175 0.00173018 -0.0006724
1.2 0.0016844 -0.000621328
1.225 0.00163614 -0.000568945
1.25 0.00158555 -0.000515413
1.275 0.00153283 -0.000460898
1.3 0.00147815 -0.000405561
1.325 0.00142171 -0.000349566
1.35 0.0013637 -0.000293074
1.375 0.00130431 -0.000236244
1.4 0.00124376 -0.000179233
1.425 0.00118224 -0.000122194
1.45 0.00111997 -6.52764e-05
1.475 0.00105716 -8.62666e-06
1.5 0.000994022 4.76146e-05
1.525 0.000930766 0.000103311
1.55 0.00086761 0.000158333
1.575 0.000804768 0.000212556
1.6 0.000742453 0.00026586
1.625 0.00068088 0.000318135
1.65 0.000620258 0.000369275
1.675 0.000560795 0.000419183
1.7 0.000502698 0.000467767
1.725 0.000446168 0.000514945
1.75 0.000391401 0.00056064
1.775 0.000338591 0.000604786
1.8 0.000287925 0.000647321
1.825 0.000239584 0.000688193
1.85 0.000193742 0.000727359
1.875 0.000150566 0.00076478
1.9 0.000110215 0.000800427
1.925 7.28413e-05 0.00083428
1.95 3.85862e-05 0.000866323
1.975 7.58265e-06 0.00089655
2 -2.00466e-05 0.00092496
2.025 -4.41892e-05 0.000951559
2.05 -6.47438e-05 0.000976362
2.075 -8.16201e-05 0.000999387
2.1 -9.47399e-05 0.00102066
2.125 -0.000104037 0.00104021
2.15 -0.000109458 0.00105807
2.175 -0.000110963 0.00107429
2.2 -0.000108524 0.0010889
2.225 -0.000102127 0.00110196
2.25 -9.17726e-05 0.00111351
2.275 -7.7475e-05 0.00112361
2.3 -5.92626e-05 0.00113232
2.325 -3.71781e-05 0.00113969
2.35 -1.12788e-05 0.00114578
2.375 1.83633e-05 0.00115066
2.4 5.16618e-05 0.00115438
2.425 8.85156e-05 0.00115699
2.45 0.000128809 0.00115856
2.475 0.000172413 0.00115915
2.5 0.000219182 0.00115881
2.525 0.000268959 0.00115758
2.55 0.000321571 0.00115552
2.575 0.000376833 0.00115268
2.6 0.000434547 0.00114909
2.625 0.000494501 0.00114478
2.65 0.000556471 0.0011398
2.675 0.000620223 0.00113415
2.7 0.00068551 0.00112788
2.725 0.000752075 0.00112097
2.75 0.000819652 0.00111345
2.775 0.000887963 0.00110531
2.8 0.000956724 0.00109655
2.825 0.00102564 0.00108714
2.85 0.00109442 0.00107707
2.875 0.00116275 0.00106631
2.9 0.00123033 0.00105481
2.925 0.00129684 0.00104254
2.95 0.00136195 0.00102944
2.975 0.00142536 0.00101544
3 0.00148674 0.00100048
3.025 0.00154577 0.000984484
3.05 0.00160213 0.000967367
3.075 0.0016555 0.00094904
3.1 0.00170558 0.000929404
3.125 0.00175204 0.000908358
3.15 0.00179458 0.000885793
3.175 0.00183291 0.000861594
3.2 0.00186673 0.000835643
3.225 0.00189577 0.000807816
3.25 0.00191975 0.000777986
3.275 0.0019384 0.000746024
3.3 0.00195149 0.000711797
3.325 0.00195878 0.000675171
3.35 0.00196004 0.000636012
3.375 0.00195507 0.000594184
3.4 0.00194367 0.000549552
3.425 0.00192568 0.000501985
3.45 0.00190093 0.000451352
3.475 0.00186929 0.000397524
3.5 0.00183064 0.000340378
3.525 0.00178487 0.000279796
3.55 0.00173192 0.000215663
3.575 0.00167171 0.000147874
3.6 0.00160422 7.63285e-05
3.625 0.00152943 9.35252e-07
3.65 0.00144734 -7.83884e-05
3.675 0.00135799 -0.000161715
3.7 0.00126142 -0.000249109
3.725 0.00115771 -0.000340619
3.75 0.00104696 -0.000436288
3.775 0.000929272 -0.000536142
3.8 0.000804801 -0.000640196
3.825 0.000673704 -0.000748451
3.85 0.000536165 -0.000860896
3.875 0.000392389 -0.000977504
3.9 0.0002426 -0.00109823
3.925 8.70433e-05 -0.00122303
3.95 -7.40169e-05 -0.00135182
3.975 -0.000240298 -0.00148452
4 -0.000411499 -0.00162103
4.025 -0.000587303 -0.00176123
4.05 -0.000767377 -0.00190498
4.075 -0.000951374 -0.00205216
4.1 -0.00113893 -0.00220258
4.125 -0.00132967 -0.00235608
4.15 -0.00152322 -0.00251246
4.175 -0.00171917 -0.00267153
4.2 -0.00191712 -0.00283306
4.225 -0.00211666 -0.00299683
4.25 -0.00231737 -0.00316259
4.275 -0.00251883 -0.00333009
4.3 -0.0027206 -0.00349907
4.325 -0.00292227 -0.00366926
4.35 -0.0031234 -0.00384036
4.375 -0.00332356 -0.0040121
4.4 -0.00352233 -0.00418417
4.425 -0.00371928 -0.00435628
4.45 -0.00391399 -0.0045281
4.475 -0.00410606 -0.00469934
4.5 -0.00429508 -0.00486966
4.525 -0.00448064 -0.00503877
4.55 -0.00466238 -0.00520633
4.575 -0.00483991 -0.00537203
4.6 -0.00501287 -0.00553556
4.625 -0.00518091 -0.00569659
4.65 -0.0053437 -0.00585482
4.675 -0.00550093 -0.00600994
4.7 -0.00565228 -0.00616165
4.725 -0.00579748 -0.00630965
4.75 -0.00593626 -0.00645367
4.775 -0.00606838 -0.00659342
4.8 -0.0061936 -0.00672863
4.825 -0.00631173 -0.00685906
4.85 -0.00642256 -0.00698444
4.875 -0.00652595 -0.00710455
4.9 -0.00662173 -0.00721916
4.925 -0.00670979 -0.00732808
4.95 -0.00679004 -0.0074311
4.975 -0.00686237 -0.00752805
5 -0.00692675 -0.00761877
5.025 -0.00698313 -0.0077031
5.05 -0.00703149 -0.00778092
5.075 -0.00707185 -0.00785211
5.1 -0.00710422 -0.00791657
5.125 -0.00712865 -0.00797423
5.15 -0.0071452 -0.00802501
5.175 -0.00715397 -0.00806888
5.2 -0.00715505 -0.00810579
5.225 -0.00714857 -0.00813574
5.25 -0.00713466 -0.00815873
5.275 -0.00711347 -0.00817478
5.3 -0.00708518 -0.00818393
5.325 -0.00704998 -0.00818622
5.35 -0.00700805 -0.00818172
5.375 -0.00695961 -0.00817053
5.4 -0.00690488 -0.00815272
5.425 -0.0068441 -0.00812842
5.45 -0.00677751 -0.00809774
5.475 -0.00670536 -0.00806082
5.5 -0.0066279 -0.00801782
5.525 -0.00654542 -0.00796889
5.55 -0.00645817 -0.00791421
5.575 -0.00636644 -0.00785395
5.6 -0.0062705 -0.0077883
5.625 -0.00617064 -0.00771747
5.65 -0.00606714 -0.00764165
5.675 -0.0059603 -0.00756107
5.7 -0.00585038 -0.00747593
5.725 -0.00573768 -0.00738647
5.75 -0.00562249 -0.00729292
5.775 -0.00550507 -0.00719549
5.8 -0.00538571 -0.00709444
5.825 -0.00526467 -0.00699
5.85 -0.00514223 -0.0068824
5.875 -0.00501863 -0.00677189
5.9 -0.00489415 -0.00665869
5.925 -0.00476902 -0.00654306
5.95 -0.00464349 -0.00642523
5.975 -0.00451778 -0.00630542
6 -0.00439212 -0.00618388
6.025 -0.00426672 -0.00606083
6.05 -0.0041418 -0.00593649
6.075 -0.00401754 -0.00581109
6.1 -0.00389413 -0.00568483
6.125 -0.00377176 -0.00555793
6.15 -0.00365058 -0.0054306
6.175 -0.00353075 -0.00530301
6.2 -0.00341243 -0.00517538
6.225 -0.00329574 -0.00504788
6.25 -0.00318082 -0.00492069
6.275 -0.00306778 -0.00479398
6.3 -0.00295672 -0.0046679
6.325 -0.00284775 -0.00454263
6.35 -0.00274095 -0.00441829
6.375 -0.0026364 -0.00429504
6.4 -0.00253417 -0.00417299
6.425 -0.00243431 -0.00405229
6.45 -0.00233688 -0.00393303
6.475 -0.00224192 -0.00381532
6.5 -0.00214947 -0.00369928
6.525 -0.00205955 -0.00358498
6.55 -0.00197217 -0.00347251
6.575 -0.00188736 -0.00336195
6.6 -0.00180512 -0.00325336
6.625 -0.00172544 -0.00314681
6.65 -0.00164832 -0.00304236
6.675 -0.00157374 -0.00294004
6.7 -0.00150169 -0.00283991
6.725 -0.00143214 -0.00274199
6.75 -0.00136507 -0.00264631
6.775 -0.00130044 -0.0025529
6.8 -0.00123821 -0.00246177
6.825 -0.00117835 -0.00237294
6.85 -0.00112082 -0.00228641
6.875 -0.00106556 -0.00220219
6.9 -0.00101253 -0.00212026
6.925 -0.000961678 -0.00204062
6.95 -0.000912955 -0.00196326
6.975 -0.000866303 -0.00188816
7 -0.000821669 -0.00181531
7.025 -0.000778995 -0.00174468
7.05 -0.000738224 -0.00167625
7.075 -0.000699297 -0.00160998
7.1 -0.000662157 -0.00154585
7.125 -0.000626745 -0.00148382
7.15 -0.000593003 -0.00142386
7.175 -0.000560871 -0.00136593
7.2 -0.000530291 -0.00130999
7.225 -0.000501208 -0.00125601
7.25 -0.000473562 -0.00120393
7.275 -0.000447299 -0.00115371
7.3 -0.000422362 -0.00110532
7.325 -0.000398698 -0.00105871
7.35 -0.000376254 -0.00101382
7.375 -0.000354978 -0.000970627
7.4 -0.000334818 -0.000929073
7.425 -0.000315725 -0.000889113
7.45 -0.000297651 -0.000850703
7.475 -0.00028055 -0.000813796
7.5 -0.000264376 -0.000778346
7.525 -0.000249084 -0.00074431
7.55 -0.000234634 -0.000711641
7.575 -0.000220982 -0.000680295
7.6 -0.000208091 -0.000650228
7.625 -0.000195922 -0.000621398
7.65 -0.000184438 -0.000593762
7.675 -0.000173604 -0.000567277
7.7 -0.000163386 -0.000541904
7.725 -0.000153753 -0.000517602
7.75 -0.000144672 -0.000494331
7.775 -0.000136115 -0.000472054
7.8 -0.000128053 -0.000450733
7.825 -0.000120459 -0.000430331
7.85 -0.000113308 -0.000410814
7.875 -0.000106574 -0.000392146
7.9 -0.000100235 -0.000374294
7.925 -9.42683e-05 -0.000357226
7.95 -8.8653e-05 -0.00034091
7.975 -8.33689e-05 -0.000325316
8 -7.83972e-05 -0.000310414
8.025 -7.37199e-05 -0.000296175
8.05 -6.93198e-05 -0.000282572
8.075 -6.51809e-05 -0.000269578
8.1 -6.1288e-05 -0.000257168
8.125 -5.76265e-05 -0.000245317
8.15 -5.4183e-05 -0.000234
8.175 -5.09445e-05 -0.000223195
8.2 -4.78989e-05 -0.00021288
8.225 -4.50348e-05 -0.000203033
8.25 -4.23413e-05 -0.000193634
8.275 -3.98084e-05 -0.000184664
8.3 -3.74264e-05 -0.000176103
8.325 -3.51864e-05 -0.000167933
8.35 -3.30797e-05 -0.000160137
8.375 -3.10986e-05 -0.000152699
8.4 -2.92353e-05 -0.000145602
8.425 -2.7483e-05 -0.000138831
8.45 -2.58349e-05 -0.000132372
8.475 -2.42848e-05 -0.00012621
8.5 -2.28268e-05 -0.000120332
8.525 -2.14555e-05 -0.000114726
8.55 -2.01657e-05 -0.000109378
8.575 -1.89524e-05 -0.000104278
8.6 -1.78112e-05 -9.94132e-05
8.625 -1.67378e-05 -9.47741e-05
8.65 -1.5728e-05 -9.03499e-05
8.675 -1.47782e-05 -8.6131e-05
8.7 -1.38848e-05 -8.2108e-05
8.725 -1.30445e-05 -7.82719e-05
8.75 -1.2254e-05 -7.46142e-05
8.775 -1.15105e-05 -7.11267e-05
8.8 -1.08112e-05 -6.78017e-05
8.825 -1.01536e-05 -6.46317e-05
8.85 -9.53503e-06 -6.16096e-05
8.875 -8.95337e-06 -5.87286e-05
8.9 -8.40641e-06 -5.59824e-05
8.925 -7.89212e-06 -5.33646e-05
8.95 -7.40859e-06 -5.08694e-05
8.975 -6.95402e-06 -4.84912e-05
9 -6.52673e-06 -4.62245e-05
9.025 -6.12512e-06 -4.40644e-05
9.05 -5.74769e-06 -4.20058e-05
9.075 -5.39304e-06 -4.00441e-05
9.1 -5.05983e-06 -3.81748e-05
9.125 -4.74681e-06 -3.63936e-05
9.15 -4.45281e-06 -3.46966e-05
9.175 -4.1767e-06 -3.30797e-05
9.2 -3.91746e-06 -3.15393e-05
9.225 -3.67408e-06 -3.00718e-05
9.25 -3.44563e-06 -2.86739e-05
9.275 -3.23125e-06 -2.73423e-05
9.3 -3.03009e-06 -2.6074e-05
9.325 -2.84139e-06 -2.48658e-05
9.35 -2.66439e-06 -2.37152e-05
9.375 -2.49841e-06 -2.26193e-05
9.4 -2.34279e-06 -2.15756e-05
9.425 -2.19691e-06 -2.05817e-05
9.45 -2.06019e-06 -1.96351e-05
9.475 -1.93207e-06 -1.87338e-05
9.5 -1.81204e-06 -1.78754e-05
9.525 -1.69961e-06 -1.7058e-05
9.55 -1.59431e-06 -1.62796e-05
9.575 -1.49571e-06 -1.55384e-05
9.6 -1.40339e-06 -1.48326e-05
9.625 -1.31697e-06 -1.41605e-05
9.65 -1.23609e-06 -1.35205e-05
9.675 -1.16039e-06 -1.2911e-05
9.7 -1.08955e-06 -1.23305e-05
9.725 -1.02328e-06 -1.17777e-05
9.75 -9.61272e-07 -1.12513e-05
9.775 -9.03265e-07 -1.07498e-05
9.8 -8.49001e-07 -1.02722e-05
9.825 -7.9824e-07 -9.81719e-06
9.85 -7.50757e-07 -9.38375e-06
9.875 -7.0634e-07 -8.97079e-06
9.9 -6.64788e-07 -8.57732e-06
9.925 -6.25915e-07 -8.20237e-06
9.95 -5.89543e-07 -7.84502e-06
9.975 -5.55509e-07 -7.50442e-06
10 -5.23658e-07 -7.17973e-06
10.025 -4.93842e-07 -6.87017e-06
10.05 -4.65928e-07 -6.57498e-06
10.075 -4.39786e-07 -6.29347e-06
10.1 -4.15297e-07 -6.02494e-06
10.125 -3.9235e-07 -5.76875e-06
10.15 -3.70839e-07 -5.5243e-06
10.175 -3.50666e-07 -5.29101e-06
10.2 -3.31741e-07 -5.06831e-06
10.225 -3.13978e-07 -4.85568e-06
10.25 -2.97296e-07 -4.65264e-06
10.275 -2.81623e-07 -4.45869e-06
10.3 -2.66887e-07 -4.2734e-06
10.325 -2.53025e-07 -4.09634e-06
10.35 -2.39977e-07 -3.9271e-06
10.375 -2.27686e-07 -3.7653e-06
10.4 -2.161e-07 -3.61058e-06
10.425 -2.05172e-07 -3.46259e-06
10.45 -1.94855e-07 -3.321e-06
10.475 -1.8511e-07 -3.1855e-06
10.5 -1.75896e-07 -3.05581e-06
10.525 -1.67178e-07 -2.93163e-06
10.55 -1.58924e-07 -2.8127e-06
10.575 -1.51102e-07 -2.69878e-06
10.6 -1.43683e-07 -2.58963e-06
10.625 -1.36643e-07 -2.48502e-06
10.65 -1.29956e-07 -2.38474e-06
10.675 -1.236e-07 -2.28859e-06
10.7 -1.17555e-07 -2.19637e-06
10.725 -1.11802e-07 -2.10791e-06
10.75 -1.06322e-07 -2.02302e-06
10.775 -1.01101e-07 -1.94156e-06
10.8 -9.61236e-08 -1.86337e-06
10.825 -9.13754e-08 -1.78829e-06
10.85 -8.68442e-08 -1.7162e-06
10.875 -8.25183e-08 -1.64695e-06
10.9 -7.83871e-08 -1.58043e-06
10.925 -7.44408e-08 -1.51652e-06
10.95 -7.06701e-08 -1.45511e-06
10.975 -6.70667e-08 -1.39608e-06
11 -6.36229e-08 -1.33935e-06
11.025 -6.03313e-08 -1.28481e-06
11.05 -5.71852e-08 -1.23238e-06
11.075 -5.41785e-08 -1.18197e-06
11.1 -5.13053e-08 -1.13349e-06
11.125 -4.856e-08 -1.08688e-06
11.15 -4.59377e-08 -1.04206e-06
11.175 -4.34333e-08 -9.98951e-07
11.2 -4.10425e-08 -9.57496e-07
11.225 -3.87608e-08 -9.17631e-07
11.25 -3.65842e-08 -8.79294e-07
11.275 -3.45086e-08 -8.4243e-07
11.3 -3.25304e-08 -8.06983e-07
11.325 -3.06458e-08 -7.72902e-07
11.35 -2.88514e-08 -7.40136e-07
11.375 -2.71439e-08 -7.08638e-07
11.4 -2.55199e-08 -6.78364e-07
11.425 -2.39763e-08 -6.49269e-07
11.45 -2.251e-08 -6.21311e-07
11.475 -2.1118e-08 -5.94452e-07
11.5 -1.97973e-08 -5.68651e-07
11.525 -1.85452e-08 -5.43874e-07
11.55 -1.73587e-08 -5.20083e-07
11.575 -1.62352e-08 -4.97244e-07
11.6 -1.5172e-08 -4.75325e-07
11.625 -1.41666e-08 -4.54293e-07
11.65 -1.32163e-08 -4.34118e-07
11.675 -1.23188e-08 -4.1477e-07
11.7 -1.14717e-08 -3.9622e-07
11.725 -1.06725e-08 -3.78439e-07
11.75 -9.91917e-09 -3.61401e-07
11.775 -9.20939e-09 -3.45079e-07
11.8 -8.5411e-09 -3.29447e-07
11.825 -7.91224e-09 -3.14481e-07
11.85 -7.32086e-09 -3.00156e-07
11.875 -6.76506e-09 -2.86449e-07
11.9 -6.24305e-09 -2.73336e-07
11.925 -5.75307e-09 -2.60796e-07
11.95 -5.29348e-09 -2.48806e-07
11.975 -4.86269e-09 -2.37346e-07
12 -4.45918e-09 -2.26396e-07
12.025 -4.08153e-09 -2.15934e-07
12.05 -3.72837e-09 -2.05942e-07
12.075 -3.39842e-09 -1.96401e-07
12.1 -3.09044e-09 -1.87292e-07
12.125 -2.80328e-09 -1.78598e-07
12.15 -2.53586e-09 -1.70301e-07
12.175 -2.28714e-09 -1.62386e-07
12.2 -2.05615e-09 -1.54835e-07
12.225 -1.84197e-09 -1.47633e-07
12.25 -1.64373e-09 -1.40765e-07
12.275 -1.46063e-09 -1.34217e-07
12.3 -1.2919e-09 -1.27974e-07
12.325 -1.13679e-09 -1.22023e-07
12.35 -9.94634e-10 -1.16351e-07
12.375 -8.64764e-10 -1.10946e-07
12.4 -7.4656e-10 -1.05794e-07
12.425 -6.39431e-10 -1.00886e-07
12.45 -5.42807e-10 -9.62094e-08
12.475 -4.56144e-10 -9.17542e-08
12.5 -3.78919e-10 -8.75103e-08
12.525 -3.10626e-10 -8.34679e-08
12.55 -2.50773e-10 -7.96179e-08
12.575 -1.98885e-10 -7.59516e-08
12.6 -1.54497e-10 -7.24606e-08
12.625 -1.17154e-10 -6.91369e-08
12.65 -8.64131e-11 -6.5973e-08
12.675 -6.18361e-11 -6.29616e-08
12.7 -4.29937e-11 -6.00959e-08
12.725 -2.94631e-11 -5.73694e-08
12.75 -2.08278e-11 -5.47759e-08
12.775 -1.66773e-11 -5.23094e-08
12.8 -1.66073e-11 -4.99643e-08
12.825 -2.02198e-11 -4.77353e-08
12.85 -2.71236e-11 -4.56171e-08
12.875 -3.69343e-11 -4.36048e-08
12.9 -4.92757e-11 -4.16938e-08
12.925 -6.37798e-11 -3.98794e-08
12.95 -8.00877e-11 -3.81575e-08
12.975 -9.78509e-11 -3.65236e-08
13 -1.16732e-10 -3.49738e-08
13.025 -1.36404e-10 -3.35042e-08
13.05 -1.56555e-10 -3.21108e-08
13.075 -1.76885e-10 -3.07901e-08
13.1 -1.97109e-10 -2.95383e-08
13.125 -2.16957e-10 -2.83518e-08
13.15 -2.36176e-10 -2.72272e-08
13.175 -2.54529e-10 -2.61611e-08
13.2 -2.71795e-10 -2.51501e-08
13.225 -2.87774e-10 -2.41908e-08
13.25 -3.0228e-10 -2.328e-08
13.275 -3.1515e-10 -2.24144e-08
13.3 -3.26235e-10 -2.15908e-08
13.325 -3.35407e-10 -2.0806e-08
13.35 -3.42558e-10 -2.00569e-08
13.375 -3.47595e-10 -1.93405e-08
13.4 -3.50445e-10 -1.86536e-08
13.425 -3.51053e-10 -1.79932e-08
13.45 -3.4938e-10 -1.73564e-08
13.475 -3.45405e-10 -1.67403e-08
13.5 -3.39121e-10 -1.61419e-08
13.525 -3.30537e-10 -1.55586e-08
13.55 -3.19677e-10 -1.49875e-08
13.575 -3.06577e-10 -1.4426e-08
13.6 -2.91285e-10 -1.38715e-08
13.625 -2.73863e-10 -1.33216e-08
13.65 -2.54379e-10 -1.27738e-08
13.675 -2.32914e-10 -1.22258e-08
13.7 -2.09555e-10 -1.16754e-08
13.725 -1.84397e-10 -1.11206e-08
13.75 -1.57539e-10 -1.05594e-08
13.775 -1.29086e-10 -9.98997e-09
13.8 -9.91485e-11 -9.41063e-09
13.825 -6.78362e-11 -8.81981e-09
13.85 -3.52625e-11 -8.21609e-09
13.875 -1.5413e-12 -7.59822e-09
13.9 3.32139e-11 -6.96509e-09
13.925 6.88905e-11 -6.31572e-09
13.95 1.05378e-10 -5.64933e-09
13.975 1.42567e-10 -4.96527e-09
14 1.80353e-10 -4.26306e-09
14.025 2.18634e-10 -3.54237e-09
14.05 2.57313e-10 -2.80305e-09
14.075 2.96297e-10 -2.04508e-09
14.1 3.35497e-10 -1.26862e-09
14.125 3.74831e-10 -4.7398e-10
14.15 4.1422e-10 3.38392e-10
14.175 4.53594e-10 1.16789e-09
14.2 4.92885e-10 2.01378e-09
14.225 5.32032e-10 2.87519e-09
14.25 5.70981e-10 3.7511e-09
14.275 6.09679e-10 4.6404e-09
14.3 6.48084e-10 5.54184e-09
14.325 6.86154e-10 6.45408e-09
14.35 7.23854e-10 7.37567e-09
14.375 7.61154e-10 8.30507e-09
14.4 7.98028e-10 9.24067e-09
14.425 8.34451e-10 1.01808e-08
14.45 8.70406e-10 1.11237e-08
14.475 9.05875e-10 1.20675e-08
14.5 9.40846e-10 1.30105e-08
14.525 9.75306e-10 1.39506e-08
14.55 1.00925e-09 1.48862e-08
14.575 1.04266e-09 1.58151e-08
14.6 1.07554e-09 1.67355e-08
14.625 1.10789e-09 1.76456e-08
14.65 1.13968e-09 1.85433e-08
14.675 1.17093e-09 1.94268e-08
14.7 1.20163e-09 2.02943e-08
14.725 1.23176e-09 2.11439e-08
14.75 1.26133e-09 2.19739e-08
14.775 1.29033e-09 2.27826e-08
14.8 1.31875e-09 2.35684e-08
14.825 1.34658e-09 2.43297e-08
14.85 1.37381e-09 2.50649e-08
14.875 1.40042e-09 2.57727e-08
14.9 1.42642e-09 2.64517e-08
14.925 1.45177e-09 2.71008e-08
14.95 1.47647e-09 2.77187e-08
14.975 1.50049e-09 2.83043e-08
15 1.52382e-09 2.88569e-08
15.025 1.54643e-09 2.93754e-08
15.05 1.56831e-09 2.98591e-08
15.075 1.58943e-09 3.03075e-08
15.1 1.60977e-09 3.072e-08
15.125 1.62929e-09 3.1096e-08
15.15 1.64799e-09 3.14355e-08
15.175 1.66582e-09 3.1738e-08
15.2 1.68276e-09 3.20035e-08
15.225 1.69878e-09 3.2232e-08
15.25 1.71387e-09 3.24235e-08
15.275 1.72798e-09 3.25783e-08
15.3 1.7411e-09 3.26966e-08
15.325 1.7532e-09 3.27788e-08
15.35 1.76425e-09 3.28254e-08
15.375 1.77424e-09 3.28369e-08
15.4 1.78313e-09 3.28138e-08
15.425 1.79091e-09 3.2757e-08
15.45 1.79755e-09 3.26672e-08
15.475 1.80305e-09 3.25452e-08
15.5 1.80738e-09 3.23919e-08
15.525 1.81054e-09 3.22083e-08
15.55 1.81251e-09 3.19953e-08
15.575 1.81327e-09 3.17541e-08
15.6 1.81284e-09 3.14858e-08
15.625 1.81119e-09 3.11914e-08
15.65 1.80834e-09 3.08721e-08
15.675 1.80428e-09 3.05292e-08
15.7 1.79902e-09 3.01638e-08
15.725 1.79256e-09 2.97772e-08
15.75 1.78491e-09 2.93707e-08
15.775 1.7761e-09 2.89455e-08
15.8 1.76612e-09 2.85028e-08
15.825 1.755e-09 2.80441e-08
15.85 1.74277e-09 2.75704e-08
15.875 1.72943e-09 2.70831e-08
15.9 1.71503e-09 2.65834e-08
15.925 1.69958e-09 2.60726e-08
15.95 1.68312e-09 2.55519e-08
15.975 1.66567e-09 2.50224e-08
16 1.64728e-09 2.44854e-08
16.025 1.62797e-09 2.3942e-08
16.05 1.60779e-09 2.33933e-08
16.075 1.58677e-09 2.28404e-08
16.1 1.56496e-09 2.22844e-08
16.125 1.54239e-09 2.17262e-08
16.15 1.51912e-09 2.11669e-08
16.175 1.49517e-09 2.06074e-08
16.2 1.47061e-09 2.00487e-08
16.225 1.44547e-09 1.94916e-08
16.25 1.41979e-09 1.89369e-08
16.275 1.39364e-09 1.83854e-08
16.3 1.36704e-09 1.78379e-08
16.325 1.34005e-09 1.7295e-08
16.35 1.31272e-09 1.67576e-08
16.375 1.28508e-09 1.6226e-08
16.4 1.25719e-09 1.57011e-08
16.425 1.22909e-09 1.51832e-08
16.45 1.20082e-09 1.46729e-08
16.475 1.17243e-09 1.41707e-08
16.5 1.14396e-09 1.36769e-08
16.525 1.11545e-09 1.3192e-08
16.55 1.08694e-09 1.27164e-08
16.575 1.05847e-09 1.22502e-08
16.6 1.03008e-09 1.17938e-08
16.625 1.00181e-09 1.13474e-08
16.65 9.73683e-10 1.09113e-08
16.675 9.45745e-10 1.04855e-08
16.7 9.18024e-10 1.00703e-08
16.725 8.9055e-10 9.6657e-09
16.75 8.63353e-10 9.27185e-09
16.775 8.36461e-10 8.88878e-09
16.8 8.09899e-10 8.51653e-09
16.825 7.83692e-10 8.1551e-09
16.85 7.57862e-10 7.80446e-09
16.875 7.32432e-10 7.46458e-09
16.9 7.07419e-10 7.1354e-09
16.925 6.82842e-10 6.81684e-09
16.95 6.58717e-10 6.5088e-09
16.975 6.35059e-10 6.21117e-09
17 6.11881e-10 5.92381e-09
17.025 5.89195e-10 5.64659e-09
17.05 5.6701e-10 5.37935e-09
17.075 5.45335e-10 5.12192e-09
17.1 5.24178e-10 4.87413e-09
17.125 5.03544e-10 4.63579e-09
17.15 4.83439e-10 4.40669e-09
17.175 4.63864e-10 4.18665e-09
17.2 4.44823e-10 3.97545e-09
17.225 4.26316e-10 3.77287e-09
17.25 4.08344e-10 3.57871e-09
17.275 3.90905e-10 3.39273e-09
17.3 3.73996e-10 3.21471e-09
17.325 3.57616e-10 3.04442e-09
17.35 3.41759e-10 2.88165e-09
17.375 3.26421e-10 2.72615e-09
17.4 3.11596e-10 2.5777e-09
17.425 2.97279e-10 2.43608e-09
17.45 2.83461e-10 2.30104e-09
17.475 2.70136e-10 2.17238e-09
17.5 2.57296e-10 2.04986e-09
17.525 2.44931e-10 1.93327e-09
17.55 2.33034e-10 1.82238e-09
17.575 2.21593e-10 1.71698e-09
17.6 2.106e-10 1.61687e-09
17.625 2.00045e-10 1.52183e-09
17.65 1.89916e-10 1.43166e-09
17.675 1.80205e-10 1.34617e-09
17.7 1.70898e-10 1.26515e-09
17.725 1.61987e-10 1.18842e-09
17.75 1.53459e-10 1.1158e-09
17.775 1.45304e-10 1.0471e-09
17.8 1.3751e-10 9.82152e-10
17.825 1.30066e-10 9.20783e-10
17.85 1.22962e-10 8.6283e-10
17.875 1.16185e-10 8.08134e-10
17.9 1.09726e-10 7.5654e-10
17.925 1.03573e-10 7.07901e-10
17.95 9.77146e-11 6.62071e-10
17.975 9.2141e-11 6.18914e-10
18 8.68413e-11 5.78294e-10
18.025 8.18053e-11 5.40085e-10
18.05 7.70226e-11 5.04162e-10
18.075 7.24833e-11 4.70406e-10
18.1 6.81775e-11 4.38705e-10
18.125 6.40958e-11 4.08949e-10
18.15 6.02286e-11 3.81033e-10
18.175 5.6567e-11 3.54857e-10
18.2 5.31019e-11 3.30326e-10
18.225 4.98248e-11 3.07349e-10
18.25 4.67272e-11 2.85839e-10
18.275 4.38009e-11 2.65711e-10
18.3 4.10381e-11 2.46887e-10
18.325 3.84311e-11 2.29292e-10
18.35 3.59724e-11 2.12854e-10
18.375 3.3655e-11 1.97505e-10
18.4 3.14719e-11 1.83179e-10
18.425 2.94165e-11 1.69815e-10
18.45 2.74824e-11 1.57355e-10
18.475 2.56633e-11 1.45744e-10
18.5 2.39534e-11 1.34929e-10
18.525 2.23471e-11 1.2486e-10
18.55 2.08387e-11 1.15491e-10
18.575 1.94232e-11 1.06778e-10
18.6 1.80954e-11 9.86775e-11
18.625 1.68507e-11 9.11514e-11
18.65 1.56844e-11 8.41619e-11
18.675 1.45921e-11 7.76741e-11
18.7 1.35697e-11 7.16548e-11
18.725 1.26133e-11 6.60728e-11
18.75 1.17189e-11 6.08989e-11
18.775 1.08831e-11 5.61056e-11
18.8 1.01023e-11 5.16669e-11
18.825 9.37332e-12 4.75586e-11
18.85 8.69308e-12 4.37579e-11
18.875 8.05862e-12 4.02434e-11
18.9 7.46715e-12 3.69952e-11
18.925 6.91604e-12 3.39943e-11
18.95 6.40278e-12 3.12234e-11
18.975 5.925e-12 2.8666e-11
19 5.48048e-12 2.63066e-11
19.025 5.06709e-12 2.41311e-11
19.05 4.68285e-12 2.2126e-11
19.075 4.32587e-12 2.02788e-11
19.1 3.99437e-12 1.85778e-11
19.125 3.68669e-12 1.70123e-11
19.15 3.40124e-12 1.5572e-11
19.175 3.13656e-12 1.42476e-11
19.2 2.89123e-12 1.30303e-11
19.225 2.66396e-12 1.19119e-11
19.25 2.45351e-12 1.08849e-11
19.275 2.25873e-12 9.94224e-12
19.3 2.07853e-12 9.07736e-12
19.325 1.9119e-12 8.28421e-12
19.35 1.7579e-12 7.55718e-12
19.375 1.61562e-12 6.89104e-12
19.4 1.48424e-12 6.28098e-12
19.425 1.36297e-12 5.72251e-12
19.45 1.2511e-12 5.21151e-12
19.475 1.14793e-12 4.74415e-12
19.5 1.05283e-12 4.31689e-12
19.525 9.65216e-13 3.92647e-12
19.55 8.84528e-13 3.56986e-12
19.575 8.10254e-13 3.24428e-12
19.6 7.41913e-13 2.94716e-12
19.625 6.7906e-13 2.67614e-12
19.65 6.2128e-13 2.42902e-12
19.675 5.68185e-13 2.20381e-12
19.7 5.19418e-13 1.99864e-12
19.725 4.74646e-13 1.81182e-12
19.75 4.33558e-13 1.64178e-12
19.775 3.95868e-13 1.48708e-12
19.8 3.61311e-13 1.3464e-12
19.825 3.29638e-13 1.21852e-12
19.85 3.00622e-13 1.10233e-12
19.875 2.74052e-13 9.96804e-13
19.9 2.49731e-13 9.01006e-13
19.925 2.27478e-13 8.14077e-13
19.95 2.07127e-13 7.3523e-13
19.975 1.88522e-13 6.63745e-13
20 1.71521e-13 5.98962e-13
