0 0.13251 0.141856 -0.0369659 0.0524448
0.025 0.13251 0.141856 -0.0369659 0.0524448
0.05 0.132517 0.141862 -0.0369342 0.0524639
0.075 0.132528 0.141873 -0.0368816 0.0524955
0.1 0.132544 0.141887 -0.036808 0.0525397
0.125 0.132565 0.141906 -0.0367138 0.0525963
0.15 0.13259 0.14193 -0.0365991 0.0526653
0.175 0.13262 0.141957 -0.0364643 0.0527464
0.2 0.132654 0.141989 -0.0363097 0.0528396
0.225 0.132692 0.142025 -0.0361357 0.0529444
0.25 0.132735 0.142064 -0.0359428 0.0530608
0.275 0.132783 0.142108 -0.0357313 0.0531885
0.3 0.132835 0.142156 -0.035502 0.0533271
0.325 0.132891 0.142208 -0.0352553 0.0534764
0.35 0.132951 0.142264 -0.034992 0.053636
0.375 0.133016 0.142324 -0.0347125 0.0538055
0.4 0.133084 0.142387 -0.0344178 0.0539846
0.425 0.133157 0.142454 -0.0341085 0.0541728
0.45 0.133234 0.142525 -0.0337853 0.0543698
0.475 0.133315 0.142599 -0.0334492 0.054575
0.5 0.133399 0.142677 -0.0331009 0.054788
0.525 0.133487 0.142758 -0.0327414 0.0550083
0.55 0.133579 0.142842 -0.0323714 0.0552354
0.575 0.133674 0.14293 -0.031992 0.0554688
0.6 0.133773 0.14302 -0.031604 0.055708
0.625 0.133874 0.143113 -0.0312084 0.0559523
0.65 0.133979 0.143209 -0.0308062 0.0562014
0.675 0.134087 0.143307 -0.0303983 0.0564545
0.7 0.134197 0.143408 -0.0299857 0.0567111
0.725 0.13431 0.143511 -0.0295695 0.0569707
0.75 0.134425 0.143616 -0.0291505 0.0572327
0.775 0.134542 0.143723 -0.0287298 0.0574964
0.8 0.134661 0.143831 -0.0283083 0.0577613
0.825 0.134782 0.143941 -0.0278871 0.0580267
0.85 0.134904 0.144051 -0.0274671 0.0582922
0.875 0.135028 0.144163 -0.0270492 0.058557
0.9 0.135152 0.144276 -0.0266344 0.0588207
0.925 0.135277 0.144389 -0.0262236 0.0590826
0.95 0.135403 0.144502 -0.0258177 0.0593422
0.975 0.135529 0.144615 -0.0254176 0.0595989
1 0.135654 0.144728 -0.0250241 0.0598521
1.025 0.135779 0.144841 -0.024638 0.0601013
1.05 0.135904 0.144952 -0.0242602 0.0603459
1.075 0.136027 0.145063 -0.0238914 0.0605856
1.1 0.136149 0.145172 -0.0235324 0.0608197
1.125 0.136269 0.145279 -0.0231837 0.0610477
1.15 0.136388 0.145385 -0.0228462 0.0612693
1.175 0.136504 0.145488 -0.0225203 0.0614839
1.2 0.136618 0.145589 -0.0222068 0.0616912
1.225 0.136729 0.145687 -0.021906 0.0618907
1.25 0.136836 0.145783 -0.0216185 0.0620821
1.275 0.13694 0.145875 -0.0213447 0.0622651
1.3 0.137041 0.145963 -0.0210851 0.0624392
1.325 0.137137 0.146048 -0.02084 0.0626042
1.35 0.137229 0.146129 -0.0206096 0.0627598
1.375 0.137317 0.146206 -0.0203943 0.0629059
1.4 0.1374 0.146279 -0.0201943 0.0630421
1.425 0.137477 0.146346 -0.0200097 0.0631684
1.45 0.13755 0.14641 -0.0198406 0.0632844
1.475 0.137616 0.146468 -0.0196872 0.0633903
1.5 0.137678 0.146521 -0.0195493 0.0634858
1.525 0.137733 0.146569 -0.0194271 0.0635709
1.55 0.137782 0.146611 -0.0193204 0.0636455
1.575 0.137825 0.146649 -0.0192291 0.0637098
1.6 0.137862 0.14668 -0.019153 0.0637637
1.625 0.137892 0.146707 -0.0190919 0.0638074
1.65 0.137916 0.146727 -0.0190456 0.0638409
1.675 0.137933 0.146742 -0.0190137 0.0638644
1.7 0.137944 0.146752 -0.018996 0.063878
1.725 0.137948 0.146756 -0.018992 0.063882
1.75 0.137946 0.146755 -0.0190014 0.0638766
1.775 0.137937 0.146748 -0.0190236 0.0638621
1.8 0.137922 0.146736 -0.0190582 0.0638388
1.825 0.1379 0.146719 -0.0191047 0.0638071
1.85 0.137873 0.146697 -0.0191626 0.0637671
1.875 0.13784 0.14667 -0.0192311 0.0637195
1.9 0.1378 0.146639 -0.0193098 0.0636645
1.925 0.137756 0.146603 -0.019398 0.0636027
1.95 0.137706 0.146564 -0.0194951 0.0635344
1.975 0.137651 0.146521 -0.0196003 0.0634602
2 0.137592 0.146474 -0.0197131 0.0633806
2.025 0.137528 0.146425 -0.0198326 0.063296
2.05 0.13746 0.146372 -0.0199582 0.0632071
2.075 0.137389 0.146318 -0.0200891 0.0631144
2.1 0.137315 0.146262 -0.0202247 0.0630185
2.125 0.137238 0.146204 -0.020364 0.0629199
2.15 0.137159 0.146145 -0.0205066 0.0628192
2.175 0.137079 0.146086 -0.0206514 0.0627172
2.2 0.136997 0.146027 -0.0207979 0.0626143
2.225 0.136915 0.145968 -0.0209453 0.0625112
2.25 0.136833 0.14591 -0.0210929 0.0624085
2.275 0.136751 0.145854 -0.0212399 0.0623068
2.3 0.136671 0.145799 -0.0213856 0.0622068
2.325 0.136592 0.145748 -0.0215293 0.0621091
2.35 0.136516 0.145699 -0.0216704 0.0620143
2.375 0.136443 0.145654 -0.0218081 0.061923
2.4 0.136373 0.145613 -0.0219418 0.0618358
2.425 0.136308 0.145578 -0.022071 0.0617533
2.45 0.136248 0.145547 -0.0221949 0.061676
2.475 0.136193 0.145522 -0.0223131 0.0616046
2.5 0.136145 0.145504 -0.022425 0.0615396
2.525 0.136103 0.145493 -0.02253 0.0614814
2.55 0.136069 0.145489 -0.0226277 0.0614306
2.575 0.136043 0.145493 -0.0227175 0.0613877
2.6 0.136026 0.145505 -0.0227992 0.0613531
2.625 0.136018 0.145527 -0.0228723 0.0613273
2.65 0.13602 0.145558 -0.0229364 0.0613107
2.675 0.136033 0.145598 -0.0229912 0.0613035
2.7 0.136056 0.145649 -0.0230364 0.0613063
2.725 0.136091 0.14571 -0.0230718 0.0613192
2.75 0.136137 0.145782 -0.0230972 0.0613426
2.775 0.136197 0.145866 -0.0231123 0.0613767
2.8 0.136268 0.145961 -0.0231171 0.0614217
2.825 0.136353 0.146067 -0.0231115 0.0614778
2.85 0.136452 0.146186 -0.0230954 0.0615451
2.875 0.136564 0.146316 -0.0230687 0.0616237
2.9 0.13669 0.146459 -0.0230316 0.0617136
2.925 0.13683 0.146614 -0.0229839 0.0618149
2.95 0.136985 0.146781 -0.0229259 0.0619276
2.975 0.137154 0.146961 -0.0228577 0.0620515
3 0.137338 0.147152 -0.0227793 0.0621865
3.025 0.137536 0.147356 -0.0226911 0.0623325
3.05 0.137748 0.147572 -0.0225931 0.0624894
3.075 0.137975 0.147799 -0.0224858 0.0626568
3.1 0.138215 0.148038 -0.0223693 0.0628345
3.125 0.13847 0.148288 -0.022244 0.0630221
3.15 0.138738 0.148549 -0.0221102 0.0632194
3.175 0.139019 0.14882 -0.0219684 0.0634259
3.2 0.139313 0.149101 -0.0218188 0.0636411
3.225 0.13962 0.149391 -0.0216619 0.0638647
3.25 0.139938 0.14969 -0.0214982 0.064096
3.275 0.140267 0.149997 -0.0213281 0.0643346
3.3 0.140607 0.150312 -0.0211521 0.0645798
3.325 0.140956 0.150633 -0.0209707 0.064831
3.35 0.141314 0.15096 -0.0207844 0.0650876
3.375 0.141681 0.151291 -0.0205937 0.0653488
3.4 0.142054 0.151627 -0.0203992 0.0656141
3.425 0.142434 0.151966 -0.0202013 0.0658825
3.45 0.142819 0.152307 -0.0200007 0.0661533
3.475 0.143208 0.15265 -0.0197979 0.0664258
3.5 0.1436 0.152992 -0.0195934 0.0666992
3.525 0.143994 0.153333 -0.0193878 0.0669724
3.55 0.144388 0.153671 -0.0191817 0.0672448
3.575 0.144782 0.154006 -0.0189756 0.0675154
3.6 0.145173 0.154337 -0.01877 0.0677834
3.625 0.145562 0.154661 -0.0185655 0.0680478
3.65 0.145945 0.154978 -0.0183626 0.0683076
3.675 0.146322 0.155286 -0.0181619 0.0685621
3.7 0.146692 0.155584 -0.0179639 0.0688101
3.725 0.147052 0.155871 -0.017769 0.0690509
3.75 0.147402 0.156144 -0.0175777 0.0692834
3.775 0.147739 0.156404 -0.0173906 0.0695067
3.8 0.148063 0.156648 -0.017208 0.0697199
3.825 0.148371 0.156874 -0.0170303 0.069922
3.85 0.148663 0.157082 -0.0168581 0.0701121
3.875 0.148936 0.15727 -0.0166916 0.0702893
3.9 0.149189 0.157437 -0.0165312 0.0704527
3.925 0.149421 0.15758 -0.0163773 0.0706015
3.95 0.149629 0.157699 -0.0162303 0.0707346
3.975 0.149813 0.157793 -0.0160902 0.0708513
4 0.149971 0.157859 -0.0159576 0.0709508
4.025 0.150101 0.157897 -0.0158325 0.0710323
4.05 0.150202 0.157905 -0.0157151 0.0710949
4.075 0.150272 0.157882 -0.0156058 0.0711379
4.1 0.15031 0.157826 -0.0155046 0.0711606
4.125 0.150315 0.157736 -0.0154116 0.0711624
4.15 0.150286 0.157612 -0.0153269 0.0711425
4.175 0.15022 0.157451 -0.0152506 0.0711003
4.2 0.150118 0.157254 -0.0151828 0.0710354
4.225 0.149977 0.157017 -0.0151234 0.070947
4.25 0.149796 0.156742 -0.0150724 0.0708348
4.275 0.149576 0.156426 -0.0150298 0.0706983
4.3 0.149313 0.15607 -0.0149955 0.0705371
4.325 0.149009 0.155671 -0.0149694 0.0703508
4.35 0.148661 0.155229 -0.0149513 0.070139
4.375 0.148269 0.154744 -0.0149412 0.0699016
4.4 0.147833 0.154215 -0.0149387 0.0696383
4.425 0.147352 0.153642 -0.0149438 0.069349
4.45 0.146825 0.153023 -0.0149561 0.0690334
4.475 0.146251 0.152359 -0.0149755 0.0686916
4.5 0.145631 0.151649 -0.0150016 0.0683235
4.525 0.144965 0.150892 -0.0150341 0.0679291
4.55 0.144251 0.15009 -0.0150728 0.0675086
4.575 0.14349 0.149241 -0.0151172 0.067062
4.6 0.142682 0.148346 -0.015167 0.0665896
4.625 0.141827 0.147405 -0.015222 0.0660915
4.65 0.140926 0.146418 -0.0152815 0.0655682
4.675 0.139977 0.145385 -0.0153454 0.0650198
4.7 0.138983 0.144307 -0.0154131 0.0644467
4.725 0.137943 0.143183 -0.0154842 0.0638495
4.75 0.136857 0.142015 -0.0155583 0.0632285
4.775 0.135727 0.140804 -0.015635 0.0625844
4.8 0.134553 0.139549 -0.0157137 0.0619176
4.825 0.133336 0.138252 -0.0157942 0.0612287
4.85 0.132076 0.136913 -0.0158758 0.0605185
4.875 0.130775 0.135533 -0.0159581 0.0597875
4.9 0.129434 0.134114 -0.0160407 0.0590366
4.925 0.128053 0.132656 -0.0161232 0.0582664
4.95 0.126634 0.131161 -0.0162049 0.0574779
4.975 0.125178 0.129629 -0.0162856 0.0566717
5 0.123687 0.128062 -0.0163648 0.0558487
5.025 0.122161 0.126462 -0.0164419 0.0550099
5.05 0.120602 0.124829 -0.0165166 0.0541562
5.075 0.119012 0.123165 -0.0165885 0.0532883
5.1 0.117392 0.121472 -0.0166571 0.0524075
5.125 0.115743 0.119751 -0.016722 0.0515144
5.15 0.114068 0.118003 -0.0167829 0.0506103
5.175 0.112368 0.116231 -0.0168393 0.049696
5.2 0.110644 0.114436 -0.0168909 0.0487725
5.225 0.108898 0.112619 -0.0169374 0.047841
5.25 0.107132 0.110783 -0.0169784 0.0469023
5.275 0.105347 0.108929 -0.0170135 0.0459575
5.3 0.103546 0.107058 -0.0170426 0.0450077
5.325 0.10173 0.105173 -0.0170653 0.0440538
5.35 0.0999014 0.103275 -0.0170814 0.0430969
5.375 0.0980611 0.101366 -0.0170906 0.0421379
5.4 0.0962112 0.0994486 -0.0170927 0.0411779
5.425 0.0943535 0.0975234 -0.0170876 0.0402179
5.45 0.0924899 0.0955925 -0.0170749 0.0392588
5.475 0.090622 0.0936579 -0.0170547 0.0383016
5.5 0.0887515 0.0917211 -0.0170268 0.0373472
5.525 0.0868803 0.0897839 -0.0169909 0.0363965
5.55 0.0850099 0.0878481 -0.0169472 0.0354504
5.575 0.083142 0.0859153 -0.0168955 0.0345099
5.6 0.0812784 0.0839871 -0.0168357 0.0335757
5.625 0.0794205 0.0820652 -0.0167679 0.0326487
5.65 0.0775699 0.0801512 -0.016692 0.0317296
5.675 0.0757283 0.0782466 -0.016608 0.0308193
5.7 0.0738969 0.0763529 -0.0165161 0.0299184
5.725 0.0720774 0.0744715 -0.0164162 0.0290277
5.75 0.0702711 0.072604 -0.0163085 0.0281477
5.775 0.0684792 0.0707516 -0.0161931 0.0272793
5.8 0.0667032 0.0689157 -0.01607 0.0264228
5.825 0.0649442 0.0670975 -0.0159394 0.025579
5.85 0.0632035 0.0652983 -0.0158016 0.0247484
5.875 0.0614822 0.0635191 -0.0156565 0.0239313
5.9 0.0597813 0.0617612 -0.0155045 0.0231283
5.925 0.0581019 0.0600255 -0.0153457 0.0223399
5.95 0.0564449 0.058313 -0.0151804 0.0215663
5.975 0.0548112 0.0566246 -0.0150087 0.0208079
6 0.0532017 0.0549613 -0.014831 0.0200651
6.025 0.0516171 0.0533238 -0.0146475 0.0193381
6.05 0.0500582 0.0517128 -0.0144584 0.0186272
6.075 0.0485257 0.050129 -0.014264 0.0179325
6.1 0.04702 0.0485731 -0.0140646 0.0172543
6.125 0.0455419 0.0470456 -0.0138605 0.0165926
6.15 0.0440918 0.045547 -0.013652 0.0159475
6.175 0.04267 0.0440778 -0.0134393 0.0153193
6.2 0.041277 0.0426384 -0.0132228 0.0147078
6.225 0.0399132 0.041229 -0.0130029 0.0141131
6.25 0.0385787 0.03985 -0.0127797 0.0135351
6.275 0.0372738 0.0385015 -0.0125536 0.0129739
6.3 0.0359986 0.0371838 -0.012325 0.0124294
6.325 0.0347533 0.0358969 -0.0120941 0.0119014
6.35 0.0335379 0.034641 -0.0118612 0.0113899
6.375 0.0323525 0.033416 -0.0116267 0.0108947
6.4 0.031197 0.032222 -0.0113908 0.0104156
6.425 0.0300713 0.0310588 -0.0111539 0.00995244
6.45 0.0289754 0.0299263 -0.0109162 0.00950504
6.475 0.027909 0.0288244 -0.0106781 0.00907315
6.5 0.026872 0.0277529 -0.0104398 0.00865653
6.525 0.0258642 0.0267115 -0.0102016 0.00825494
6.55 0.0248853 0.0257 -0.00996381 0.00786811
6.575 0.0239351 0.0247181 -0.00972664 0.00749575
6.6 0.0230131 0.0237655 -0.00949037 0.00713756
6.625 0.0221191 0.0228418 -0.00925524 0.00679326
6.65 0.0212526 0.0219465 -0.0090215 0.00646252
6.675 0.0204134 0.0210794 -0.00878936 0.00614502
6.7 0.0196009 0.0202399 -0.00855906 0.00584044
6.725 0.0188147 0.0194277 -0.00833079 0.00554845
6.75 0.0180544 0.0186422 -0.00810476 0.0052687
6.775 0.0173194 0.0178829 -0.00788116 0.00500087
6.8 0.0166094 0.0171494 -0.00766016 0.0047446
6.825 0.0159238 0.016441 -0.00744194 0.00449955
6.85 0.015262 0.0157574 -0.00722665 0.00426538
6.875 0.0146236 0.0150979 -0.00701443 0.00404175
6.9 0.014008 0.014462 -0.00680542 0.00382831
6.925 0.0134147 0.0138492 -0.00659975 0.00362472
6.95 0.0128432 0.0132588 -0.00639753 0.00343064
6.975 0.0122928 0.0126903 -0.00619887 0.00324573
7 0.0117631 0.0121432 -0.00600385 0.00306967
7.025 0.0112535 0.0116168 -0.00581257 0.00290212
7.05 0.0107634 0.0111106 -0.00562509 0.00274277
7.075 0.0102923 0.0106241 -0.00544148 0.00259129
7.1 0.00983968 0.0101566 -0.0052618 0.00244738
7.125 0.00940491 0.00970754 -0.00508608 0.00231073
7.15 0.00898749 0.00927645 -0.00491437 0.00218104
7.175 0.00858689 0.00886274 -0.00474669 0.00205803
7.2 0.00820257 0.00846584 -0.00458306 0.00194139
7.225 0.00783401 0.00808523 -0.00442349 0.00183087
7.25 0.00748068 0.00772036 -0.00426799 0.00172619
7.275 0.00714208 0.00737071 -0.00411655 0.00162708
7.3 0.00681771 0.00703575 -0.00396916 0.00153329
7.325 0.00650707 0.00671498 -0.00382581 0.00144458
7.35 0.00620968 0.00640789 -0.00368647 0.00136071
7.375 0.00592507 0.006114 -0.00355111 0.00128145
7.4 0.00565277 0.00583282 -0.00341969 0.00120657
7.425 0.00539232 0.00556389 -0.00329218 0.00113586
7.45 0.00514329 0.00530675 -0.00316853 0.00106911
7.475 0.00490523 0.00506095 -0.00304869 0.00100613
7.5 0.00467774 0.00482605 -0.0029326 0.000946721
7.525 0.00446039 0.00460163 -0.00282022 0.000890702
7.55 0.00425279 0.00438727 -0.00271148 0.000837896
7.575 0.00405455 0.00418258 -0.00260631 0.000788135
7.6 0.0038653 0.00398716 -0.00250465 0.000741257
7.625 0.00368465 0.00380064 -0.00240643 0.000697107
7.65 0.00351227 0.00362265 -0.00231158 0.000655537
7.675 0.00334781 0.00345284 -0.00222002 0.000616408
7.7 0.00319093 0.00329085 -0.00213169 0.000579584
7.725 0.00304132 0.00313637 -0.0020465 0.000544936
7.75 0.00289866 0.00298906 -0.00196438 0.000512344
7.775 0.00276265 0.00284863 -0.00188524 0.000481691
7.8 0.00263301 0.00271476 -0.00180902 0.000452867
7.825 0.00250945 0.00258717 -0.00173564 0.000425767
7.85 0.0023917 0.00246559 -0.00166501 0.000400291
7.875 0.00227951 0.00234974 -0.00159705 0.000376346
7.9 0.00217262 0.00223937 -0.00153169 0.000353841
7.925 0.00207081 0.00213423 -0.00146885 0.000332692
7.95 0.00197382 0.00203409 -0.00140845 0.00031282
7.975 0.00188146 0.00193871 -0.00135042 0.000294148
8 0.00179349 0.00184788 -0.00129467 0.000276604
8.025 0.00170973 0.00176138 -0.00124114 0.000260121
8.05 0.00162996 0.00167902 -0.00118975 0.000244636
8.075 0.00155402 0.0016006 -0.00114042 0.000230088
8.1 0.00148171 0.00152593 -0.00109309 0.00021642
8.125 0.00141286 0.00145484 -0.00104768 0.000203579
8.15 0.00134731 0.00138716 -0.00100413 0.000191514
8.175 0.00128491 0.00132273 -0.000962373 0.000180178
8.2 0.0012255 0.00126139 -0.000922335 0.000169526
8.225 0.00116894 0.00120299 -0.000883955 0.000159516
8.25 0.00111508 0.00114739 -0.000847171 0.000150109
8.275 0.00106381 0.00109446 -0.000811922 0.000141268
8.3 0.001015 0.00104406 -0.000778148 0.000132958
8.325 0.000968517 0.000996085 -0.000745792 0.000125146
8.35 0.000924259 0.000950401 -0.000714797 0.000117802
8.375 0.000882114 0.000906903 -0.00068511 0.000110896
8.4 0.00084198 0.000865482 -0.000656677 0.000104402
8.425 0.000803757 0.000826037 -0.000629448 9.82944e-05
8.45 0.000767352 0.000788471 -0.000603373 9.25492e-05
8.475 0.000732675 0.000752693 -0.000578404 8.71443e-05
8.5 0.000699641 0.000718613 -0.000554496 8.20587e-05
8.525 0.00066817 0.00068615 -0.000531603 7.72731e-05
8.55 0.000638184 0.000655222 -0.000509684 7.27689e-05
8.575 0.00060961 0.000625754 -0.000488696 6.85291e-05
8.6 0.000582379 0.000597676 -0.0004686 6.45375e-05
8.625 0.000556424 0.000570917 -0.000449358 6.07792e-05
8.65 0.000531682 0.000545413 -0.000430933 5.724e-05
8.675 0.000508093 0.000521102 -0.000413289 5.39066e-05
8.7 0.000485602 0.000497925 -0.000396392 5.07667e-05
8.725 0.000464153 0.000475827 -0.00038021 4.78088e-05
8.75 0.000443695 0.000454755 -0.000364711 4.50219e-05
8.775 0.00042418 0.000434658 -0.000349866 4.23958e-05
8.8 0.000405562 0.000415488 -0.000335646 3.99211e-05
8.825 0.000387797 0.0003972 -0.000322023 3.75889e-05
8.85 0.000370842 0.000379752 -0.00030897 3.53906e-05
8.875 0.00035466 0.000363101 -0.000296464 3.33185e-05
8.9 0.000339211 0.000347209 -0.000284478 3.13653e-05
8.925 0.00032446 0.000332039 -0.000272991 2.95239e-05
8.95 0.000310375 0.000317556 -0.00026198 2.7788e-05
8.975 0.000296921 0.000303727 -0.000251424 2.61515e-05
9 0.00028407 0.000290521 -0.000241304 2.46086e-05
9.025 0.000271792 0.000277907 -0.000231599 2.3154e-05
9.05 0.00026006 0.000265858 -0.000222292 2.17826e-05
9.075 0.000248848 0.000254345 -0.000213365 2.04898e-05
9.1 0.000238131 0.000243344 -0.000204802 1.92711e-05
9.125 0.000227886 0.00023283 -0.000196586 1.81223e-05
9.15 0.000218091 0.000222781 -0.000188702 1.70394e-05
9.175 0.000208724 0.000213174 -0.000181136 1.60188e-05
9.2 0.000199765 0.000203989 -0.000173875 1.5057e-05
9.225 0.000191197 0.000195206 -0.000166904 1.41507e-05
9.25 0.000183 0.000186806 -0.000160212 1.32968e-05
9.275 0.000175157 0.000178772 -0.000153787 1.24923e-05
9.3 0.000167653 0.000171086 -0.000147617 1.17346e-05
9.325 0.000160471 0.000163734 -0.000141692 1.1021e-05
9.35 0.000153598 0.000156699 -0.000136001 1.03492e-05
9.375 0.000147019 0.000149967 -0.000130534 9.71663e-06
9.4 0.000140721 0.000143525 -0.000125282 9.1213e-06
9.425 0.000134692 0.000137359 -0.000120237 8.56109e-06
9.45 0.00012892 0.000131457 -0.000115389 8.03406e-06
9.475 0.000123392 0.000125808 -0.000110731 7.53835e-06
9.5 0.0001181 0.0001204 -0.000106256 7.07222e-06
9.525 0.000113031 0.000115223 -0.000101955 6.63403e-06
9.55 0.000108177 0.000110266 -9.78212e-05 6.22221e-06
9.575 0.000103529 0.000105519 -9.38489e-05 5.83528e-06
9.6 9.90765e-05 0.000100975 -9.00312e-05 5.47185e-06
9.625 9.48123e-05 9.66234e-05 -8.63623e-05 5.13059e-06
9.65 9.07281e-05 9.24566e-05 -8.28361e-05 4.81024e-06
9.675 8.68162e-05 8.84665e-05 -7.94473e-05 4.50962e-06
9.7 8.30695e-05 8.46457e-05 -7.61905e-05 4.2276e-06
9.725 7.94808e-05 8.09869e-05 -7.30607e-05 3.96312e-06
9.75 7.60437e-05 7.74833e-05 -7.0053e-05 3.71516e-06
9.775 7.27517e-05 7.41283e-05 -6.71628e-05 3.48277e-06
9.8 6.95989e-05 7.09157e-05 -6.43857e-05 3.26504e-06
9.825 6.65794e-05 6.78396e-05 -6.17174e-05 3.06111e-06
9.85 6.36878e-05 6.48942e-05 -5.91539e-05 2.87017e-06
9.875 6.09188e-05 6.20741e-05 -5.66912e-05 2.69145e-06
9.9 5.82673e-05 5.93742e-05 -5.43257e-05 2.52422e-06
9.925 5.57285e-05 5.67893e-05 -5.20537e-05 2.36778e-06
9.95 5.32979e-05 5.43148e-05 -4.98718e-05 2.22149e-06
9.975 5.09709e-05 5.19461e-05 -4.77767e-05 2.08473e-06
10 4.87434e-05 4.96789e-05 -4.57651e-05 1.9569e-06
10.025 4.66113e-05 4.75089e-05 -4.3834e-05 1.83746e-06
10.05 4.45707e-05 4.54322e-05 -4.19804e-05 1.72587e-06
10.075 4.26179e-05 4.34449e-05 -4.02016e-05 1.62166e-06
10.1 4.07493e-05 4.15434e-05 -3.84947e-05 1.52434e-06
10.125 3.89614e-05 3.9724e-05 -3.68571e-05 1.43348e-06
10.15 3.7251e-05 3.79836e-05 -3.52863e-05 1.34866e-06
10.175 3.56149e-05 3.63187e-05 -3.37797e-05 1.26948e-06
10.2 3.40501e-05 3.47263e-05 -3.23352e-05 1.19558e-06
10.225 3.25536e-05 3.32034e-05 -3.09502e-05 1.12661e-06
10.25 3.11227e-05 3.17471e-05 -2.96227e-05 1.06223e-06
10.275 2.97546e-05 3.03547e-05 -2.83504e-05 1.00214e-06
10.3 2.84468e-05 2.90235e-05 -2.71314e-05 9.46047e-07
10.325 2.71967e-05 2.7751e-05 -2.59636e-05 8.93675e-07
10.35 2.6002e-05 2.65347e-05 -2.48451e-05 8.4477e-07
10.375 2.48603e-05 2.53723e-05 -2.37741e-05 7.99088e-07
10.4 2.37696e-05 2.42615e-05 -2.27487e-05 7.56406e-07
10.425 2.27275e-05 2.32002e-05 -2.17671e-05 7.16511e-07
10.45 2.17321e-05 2.21862e-05 -2.08278e-05 6.79205e-07
10.475 2.07815e-05 2.12177e-05 -1.99291e-05 6.44305e-07
10.5 1.98737e-05 2.02926e-05 -1.90693e-05 6.11636e-07
10.525 1.90068e-05 1.94091e-05 -1.8247e-05 5.81038e-07
10.55 1.81793e-05 1.85655e-05 -1.74608e-05 5.52361e-07
10.575 1.73893e-05 1.776e-05 -1.67091e-05 5.25465e-07
10.6 1.66353e-05 1.6991e-05 -1.59906e-05 5.0022e-07
10.625 1.59156e-05 1.6257e-05 -1.5304e-05 4.76506e-07
10.65 1.52289e-05 1.55563e-05 -1.46479e-05 4.5421e-07
10.675 1.45737e-05 1.48877e-05 -1.40212e-05 4.3323e-07
10.7 1.39486e-05 1.42496e-05 -1.34226e-05 4.13468e-07
10.725 1.33522e-05 1.36407e-05 -1.2851e-05 3.94836e-07
10.75 1.27834e-05 1.30598e-05 -1.23053e-05 3.77252e-07
10.775 1.22408e-05 1.25056e-05 -1.17843e-05 3.6064e-07
10.8 1.17234e-05 1.19769e-05 -1.12871e-05 3.4493e-07
10.825 1.12299e-05 1.14727e-05 -1.08126e-05 3.30058e-07
10.85 1.07594e-05 1.09917e-05 -1.03598e-05 3.15965e-07
10.875 1.03107e-05 1.0533e-05 -9.92777e-06 3.02596e-07
10.9 9.88285e-06 1.00955e-05 -9.51567e-06 2.89901e-07
10.925 9.47493e-06 9.67826e-06 -9.12259e-06 2.77834e-07
10.95 9.086e-06 9.28039e-06 -8.74769e-06 2.66354e-07
10.975 8.71518e-06 8.90098e-06 -8.39014e-06 2.5542e-07
11 8.36163e-06 8.53917e-06 -8.04918e-06 2.44997e-07
11.025 8.02453e-06 8.19414e-06 -7.72403e-06 2.35054e-07
11.05 7.70311e-06 7.86511e-06 -7.41399e-06 2.25559e-07
11.075 7.39662e-06 7.55132e-06 -7.11835e-06 2.16485e-07
11.1 7.10436e-06 7.25206e-06 -6.83644e-06 2.07807e-07
11.125 6.82564e-06 6.96662e-06 -6.56761e-06 1.99502e-07
11.15 6.5598e-06 6.69434e-06 -6.31125e-06 1.91547e-07
11.175 6.30621e-06 6.43459e-06 -6.06674e-06 1.83924e-07
11.2 6.06428e-06 6.18676e-06 -5.83353e-06 1.76613e-07
11.225 5.83344e-06 5.95026e-06 -5.61107e-06 1.69598e-07
11.25 5.61312e-06 5.72454e-06 -5.39881e-06 1.62864e-07
11.275 5.40281e-06 5.50906e-06 -5.19627e-06 1.56394e-07
11.3 5.20201e-06 5.30331e-06 -5.00296e-06 1.50177e-07
11.325 5.01023e-06 5.1068e-06 -4.8184e-06 1.44198e-07
11.35 4.82701e-06 4.91906e-06 -4.64217e-06 1.38447e-07
11.375 4.65192e-06 4.73965e-06 -4.47383e-06 1.32912e-07
11.4 4.48454e-06 4.56814e-06 -4.31298e-06 1.27583e-07
11.425 4.32448e-06 4.40413e-06 -4.15923e-06 1.22449e-07
11.45 4.17134e-06 4.24722e-06 -4.01221e-06 1.17502e-07
11.475 4.02477e-06 4.09705e-06 -3.87158e-06 1.12733e-07
11.5 3.88443e-06 3.95326e-06 -3.73699e-06 1.08133e-07
11.525 3.74998e-06 3.81553e-06 -3.60814e-06 1.03696e-07
11.55 3.62113e-06 3.68353e-06 -3.4847e-06 9.94126e-08
11.575 3.49756e-06 3.55696e-06 -3.3664e-06 9.5277e-08
11.6 3.379e-06 3.43553e-06 -3.25297e-06 9.12824e-08
11.625 3.26519e-06 3.31898e-06 -3.14414e-06 8.74227e-08
11.65 3.15588e-06 3.20705e-06 -3.03966e-06 8.36922e-08
11.675 3.05082e-06 3.09948e-06 -2.93931e-06 8.00852e-08
11.7 2.94979e-06 2.99606e-06 -2.84287e-06 7.65968e-08
11.725 2.85257e-06 2.89657e-06 -2.75012e-06 7.32221e-08
11.75 2.75898e-06 2.80079e-06 -2.66088e-06 6.99567e-08
11.775 2.66881e-06 2.70854e-06 -2.57495e-06 6.67965e-08
11.8 2.58189e-06 2.61963e-06 -2.49216e-06 6.37376e-08
11.825 2.49806e-06 2.5339e-06 -2.41235e-06 6.07766e-08
11.85 2.41715e-06 2.45118e-06 -2.33536e-06 5.79101e-08
11.875 2.33902e-06 2.37133e-06 -2.26106e-06 5.51353e-08
11.9 2.26353e-06 2.29419e-06 -2.1893e-06 5.24495e-08
11.925 2.19054e-06 2.21965e-06 -2.11995e-06 4.98502e-08
11.95 2.11995e-06 2.14757e-06 -2.0529e-06 4.73353e-08
11.975 2.05163e-06 2.07783e-06 -1.98803e-06 4.49029e-08
12 1.98548e-06 2.01034e-06 -1.92524e-06 4.25513e-08
12.025 1.92141e-06 1.94499e-06 -1.86443e-06 4.02789e-08
12.05 1.85931e-06 1.88169e-06 -1.80552e-06 3.80844e-08
12.075 1.7991e-06 1.82034e-06 -1.7484e-06 3.59668e-08
12.1 1.7407e-06 1.76086e-06 -1.69301e-06 3.39249e-08
12.125 1.68404e-06 1.70319e-06 -1.63927e-06 3.1958e-08
12.15 1.62904e-06 1.64724e-06 -1.58711e-06 3.00654e-08
12.175 1.57565e-06 1.59295e-06 -1.53646e-06 2.82463e-08
12.2 1.5238e-06 1.54026e-06 -1.48726e-06 2.65001e-08
12.225 1.47343e-06 1.48911e-06 -1.43945e-06 2.48265e-08
12.25 1.4245e-06 1.43944e-06 -1.39299e-06 2.32248e-08
12.275 1.37694e-06 1.3912e-06 -1.34781e-06 2.16946e-08
12.3 1.33073e-06 1.34435e-06 -1.30388e-06 2.02354e-08
12.325 1.2858e-06 1.29884e-06 -1.26115e-06 1.88468e-08
12.35 1.24212e-06 1.25463e-06 -1.21957e-06 1.75281e-08
12.375 1.19966e-06 1.21167e-06 -1.17911e-06 1.62788e-08
12.4 1.15837e-06 1.16992e-06 -1.13973e-06 1.50983e-08
12.425 1.11822e-06 1.12936e-06 -1.10139e-06 1.39857e-08
12.45 1.07918e-06 1.08995e-06 -1.06407e-06 1.29402e-08
12.475 1.04122e-06 1.05165e-06 -1.02772e-06 1.19609e-08
12.5 1.00431e-06 1.01442e-06 -9.92331e-07 1.10467e-08
12.525 9.6841e-07 9.78253e-07 -9.5786e-07 1.01965e-08
12.55 9.33504e-07 9.43102e-07 -9.24284e-07 9.40892e-09
12.575 8.99563e-07 9.08943e-07 -8.91578e-07 8.68251e-09
12.6 8.66561e-07 8.75748e-07 -8.59717e-07 8.01574e-09
12.625 8.34474e-07 8.43492e-07 -8.28678e-07 7.4069e-09
12.65 8.03279e-07 8.12148e-07 -7.98439e-07 6.85419e-09
12.675 7.72951e-07 7.81691e-07 -7.68979e-07 6.35566e-09
12.7 7.4347e-07 7.52097e-07 -7.40278e-07 5.90926e-09
12.725 7.14813e-07 7.23342e-07 -7.12316e-07 5.51282e-09
12.75 6.8696e-07 6.95405e-07 -6.85076e-07 5.16408e-09
12.775 6.59891e-07 6.68262e-07 -6.58541e-07 4.86069e-09
12.8 6.33586e-07 6.41893e-07 -6.32693e-07 4.6002e-09
12.825 6.08027e-07 6.16277e-07 -6.07517e-07 4.38013e-09
12.85 5.83195e-07 5.91395e-07 -5.82999e-07 4.19793e-09
12.875 5.59073e-07 5.67227e-07 -5.59125e-07 4.05098e-09
12.9 5.35645e-07 5.43755e-07 -5.35882e-07 3.9367e-09
12.925 5.12894e-07 5.20963e-07 -5.13258e-07 3.85243e-09
12.95 4.90805e-07 4.98833e-07 -4.91242e-07 3.79557e-09
12.975 4.69363e-07 4.7735e-07 -4.69823e-07 3.76351e-09
13 4.48556e-07 4.565e-07 -4.48992e-07 3.75368e-09
13.025 4.2837e-07 4.36268e-07 -4.2874e-07 3.76358e-09
13.05 4.08792e-07 4.16641e-07 -4.0906e-07 3.79074e-09
13.075 3.89812e-07 3.97608e-07 -3.89943e-07 3.83279e-09
13.1 3.7142e-07 3.79158e-07 -3.71383e-07 3.88746e-09
13.125 3.53605e-07 3.61281e-07 -3.53376e-07 3.95256e-09
13.15 3.36359e-07 3.43967e-07 -3.35915e-07 4.02604e-09
13.175 3.19673e-07 3.27209e-07 -3.18997e-07 4.10596e-09
13.2 3.03542e-07 3.10999e-07 -3.02618e-07 4.19053e-09
13.225 2.87957e-07 2.95331e-07 -2.86775e-07 4.27808e-09
13.25 2.72914e-07 2.80199e-07 -2.71465e-07 4.36712e-09
13.275 2.58407e-07 2.65599e-07 -2.56686e-07 4.4563e-09
13.3 2.44433e-07 2.51526e-07 -2.42437e-07 4.54443e-09
13.325 2.30988e-07 2.37978e-07 -2.28717e-07 4.6305e-09
13.35 2.18069e-07 2.24952e-07 -2.15525e-07 4.71365e-09
13.375 2.05673e-07 2.12446e-07 -2.0286e-07 4.79319e-09
13.4 1.938e-07 2.0046e-07 -1.90722e-07 4.86861e-09
13.425 1.82446e-07 1.88991e-07 -1.79112e-07 4.93954e-09
13.45 1.71612e-07 1.7804e-07 -1.68029e-07 5.00578e-09
13.475 1.61296e-07 1.67607e-07 -1.57473e-07 5.06729e-09
13.5 1.51498e-07 1.57692e-07 -1.47444e-07 5.12417e-09
13.525 1.42218e-07 1.48296e-07 -1.37942e-07 5.17668e-09
13.55 1.33456e-07 1.39418e-07 -1.28967e-07 5.22519e-09
13.575 1.25211e-07 1.3106e-07 -1.20519e-07 5.2702e-09
13.6 1.17483e-07 1.23221e-07 -1.12597e-07 5.31234e-09
13.625 1.10271e-07 1.15904e-07 -1.05199e-07 5.35234e-09
13.65 1.03575e-07 1.09106e-07 -9.83241e-08 5.39102e-09
13.675 9.73949e-08 1.02829e-07 -9.19703e-08 5.42927e-09
13.7 9.17282e-08 9.70712e-08 -8.61351e-08 5.46807e-09
13.725 8.65737e-08 9.18322e-08 -8.08153e-08 5.50846e-09
13.75 8.19292e-08 8.71102e-08 -7.60072e-08 5.5515e-09
13.775 7.77919e-08 8.29029e-08 -7.17063e-08 5.59832e-09
13.8 7.41584e-08 7.92077e-08 -6.79076e-08 5.65004e-09
13.825 7.10249e-08 7.60209e-08 -6.46053e-08 5.7078e-09
13.85 6.83865e-08 7.33381e-08 -6.17926e-08 5.77275e-09
13.875 6.62377e-08 7.11542e-08 -5.94623e-08 5.84599e-09
13.9 6.45722e-08 6.94633e-08 -5.7606e-08 5.92863e-09
13.925 6.33829e-08 6.82583e-08 -5.62148e-08 6.02172e-09
13.95 6.26618e-08 6.75314e-08 -5.52789e-08 6.12626e-09
13.975 6.23999e-08 6.72739e-08 -5.47875e-08 6.24322e-09
14 6.25876e-08 6.74761e-08 -5.47291e-08 6.37348e-09
14.025 6.32141e-08 6.81273e-08 -5.50916e-08 6.51784e-09
14.05 6.42679e-08 6.92157e-08 -5.58617e-08 6.67702e-09
14.075 6.57365e-08 7.0729e-08 -5.70256e-08 6.85167e-09
14.1 6.76064e-08 7.26534e-08 -5.85687e-08 7.04233e-09
14.125 6.98636e-08 7.49746e-08 -6.04757e-08 7.24943e-09
14.15 7.24929e-08 7.76772e-08 -6.27306e-08 7.47332e-09
14.175 7.54785e-08 8.07451e-08 -6.53166e-08 7.71422e-09
14.2 7.88036e-08 8.41612e-08 -6.82167e-08 7.97225e-09
14.225 8.2451e-08 8.79077e-08 -7.14129e-08 8.24742e-09
14.25 8.64025e-08 9.19662e-08 -7.4887e-08 8.53962e-09
14.275 9.06395e-08 9.63175e-08 -7.86202e-08 8.84865e-09
14.3 9.51427e-08 1.00942e-07 -8.25934e-08 9.17416e-09
14.325 9.98923e-08 1.05819e-07 -8.67873e-08 9.51574e-09
14.35 1.04868e-07 1.10928e-07 -9.11819e-08 9.87283e-09
14.375 1.10049e-07 1.16247e-07 -9.57574e-08 1.02448e-08
14.4 1.15415e-07 1.21756e-07 -1.00494e-07 1.06309e-08
14.425 1.20944e-07 1.27431e-07 -1.05371e-07 1.10303e-08
14.45 1.26614e-07 1.33253e-07 -1.10368e-07 1.14421e-08
14.475 1.32406e-07 1.39197e-07 -1.15466e-07 1.18653e-08
14.5 1.38295e-07 1.45242e-07 -1.20644e-07 1.22987e-08
14.525 1.44262e-07 1.51366e-07 -1.25883e-07 1.27414e-08
14.55 1.50285e-07 1.57546e-07 -1.31163e-07 1.31919e-08
14.575 1.56343e-07 1.63762e-07 -1.36464e-07 1.36491e-08
14.6 1.62414e-07 1.69991e-07 -1.41767e-07 1.41117e-08
14.625 1.68478e-07 1.76211e-07 -1.47055e-07 1.45782e-08
14.65 1.74514e-07 1.82404e-07 -1.52309e-07 1.50474e-08
14.675 1.80503e-07 1.88546e-07 -1.57511e-07 1.55177e-08
14.7 1.86426e-07 1.9462e-07 -1.62644e-07 1.59878e-08
14.725 1.92263e-07 2.00605e-07 -1.67693e-07 1.64563e-08
14.75 1.97997e-07 2.06484e-07 -1.7264e-07 1.69216e-08
14.775 2.03609e-07 2.12237e-07 -1.77472e-07 1.73823e-08
14.8 2.09084e-07 2.17848e-07 -1.82174e-07 1.78371e-08
14.825 2.14406e-07 2.23301e-07 -1.86732e-07 1.82845e-08
14.85 2.19558e-07 2.2858e-07 -1.91133e-07 1.87232e-08
14.875 2.24527e-07 2.3367e-07 -1.95366e-07 1.91518e-08
14.9 2.293e-07 2.38557e-07 -1.99419e-07 1.9569e-08
14.925 2.33864e-07 2.4323e-07 -2.03283e-07 1.99735e-08
14.95 2.38208e-07 2.47675e-07 -2.06946e-07 2.03642e-08
14.975 2.4232e-07 2.51882e-07 -2.10402e-07 2.07399e-08
15 2.46191e-07 2.55842e-07 -2.13643e-07 2.10995e-08
15.025 2.49813e-07 2.59544e-07 -2.1666e-07 2.1442e-08
15.05 2.53177e-07 2.62983e-07 -2.1945e-07 2.17665e-08
15.075 2.56278e-07 2.66149e-07 -2.22005e-07 2.20719e-08
15.1 2.59109e-07 2.69039e-07 -2.24323e-07 2.23576e-08
15.125 2.61665e-07 2.71646e-07 -2.264e-07 2.26228e-08
15.15 2.63944e-07 2.73968e-07 -2.28234e-07 2.28669e-08
15.175 2.65941e-07 2.76e-07 -2.29822e-07 2.30892e-08
15.2 2.67655e-07 2.77742e-07 -2.31164e-07 2.32892e-08
15.225 2.69086e-07 2.79192e-07 -2.32259e-07 2.34666e-08
15.25 2.70233e-07 2.80351e-07 -2.33109e-07 2.3621e-08
15.275 2.71096e-07 2.81219e-07 -2.33714e-07 2.37521e-08
15.3 2.71678e-07 2.81797e-07 -2.34078e-07 2.38597e-08
15.325 2.71981e-07 2.82089e-07 -2.34201e-07 2.39438e-08
15.35 2.72008e-07 2.82097e-07 -2.34088e-07 2.40044e-08
15.375 2.71763e-07 2.81826e-07 -2.33743e-07 2.40413e-08
15.4 2.7125e-07 2.8128e-07 -2.3317e-07 2.40549e-08
15.425 2.70476e-07 2.80465e-07 -2.32375e-07 2.40452e-08
15.45 2.69445e-07 2.79387e-07 -2.31362e-07 2.40126e-08
15.475 2.68164e-07 2.78052e-07 -2.30138e-07 2.39573e-08
15.5 2.6664e-07 2.76469e-07 -2.28709e-07 2.38798e-08
15.525 2.64881e-07 2.74643e-07 -2.27082e-07 2.37804e-08
15.55 2.62895e-07 2.72584e-07 -2.25264e-07 2.36597e-08
15.575 2.6069e-07 2.703e-07 -2.23263e-07 2.35183e-08
15.6 2.58274e-07 2.678e-07 -2.21087e-07 2.33566e-08
15.625 2.55657e-07 2.65093e-07 -2.18743e-07 2.31754e-08
15.65 2.52848e-07 2.62189e-07 -2.16239e-07 2.29753e-08
15.675 2.49857e-07 2.59098e-07 -2.13584e-07 2.2757e-08
15.7 2.46693e-07 2.55829e-07 -2.10786e-07 2.25214e-08
15.725 2.43366e-07 2.52393e-07 -2.07855e-07 2.22691e-08
15.75 2.39886e-07 2.488e-07 -2.04798e-07 2.2001e-08
15.775 2.36263e-07 2.4506e-07 -2.01624e-07 2.17179e-08
15.8 2.32508e-07 2.41183e-07 -1.98342e-07 2.14206e-08
15.825 2.2863e-07 2.37181e-07 -1.94961e-07 2.11101e-08
15.85 2.24639e-07 2.33062e-07 -1.91488e-07 2.0787e-08
15.875 2.20546e-07 2.28839e-07 -1.87934e-07 2.04524e-08
15.9 2.16361e-07 2.2452e-07 -1.84306e-07 2.01072e-08
15.925 2.12093e-07 2.20116e-07 -1.80612e-07 1.97521e-08
15.95 2.07752e-07 2.15637e-07 -1.76861e-07 1.9388e-08
15.975 2.03348e-07 2.11092e-07 -1.7306e-07 1.90159e-08
16 1.9889e-07 2.06492e-07 -1.69219e-07 1.86365e-08
16.025 1.94387e-07 2.01845e-07 -1.65343e-07 1.82508e-08
16.05 1.89847e-07 1.9716e-07 -1.61441e-07 1.78596e-08
16.075 1.8528e-07 1.92447e-07 -1.57519e-07 1.74637e-08
16.1 1.80694e-07 1.87714e-07 -1.53586e-07 1.70638e-08
16.125 1.76097e-07 1.82968e-07 -1.49647e-07 1.66609e-08
16.15 1.71496e-07 1.7822e-07 -1.45708e-07 1.62556e-08
16.175 1.669e-07 1.73475e-07 -1.41777e-07 1.58487e-08
16.2 1.62316e-07 1.68741e-07 -1.37859e-07 1.54409e-08
16.225 1.57749e-07 1.64026e-07 -1.3396e-07 1.50329e-08
16.25 1.53207e-07 1.59335e-07 -1.30084e-07 1.46253e-08
16.275 1.48696e-07 1.54676e-07 -1.26238e-07 1.42188e-08
16.3 1.44222e-07 1.50054e-07 -1.22426e-07 1.38141e-08
16.325 1.3979e-07 1.45475e-07 -1.18652e-07 1.34116e-08
16.35 1.35406e-07 1.40944e-07 -1.1492e-07 1.3012e-08
16.375 1.31074e-07 1.36467e-07 -1.11236e-07 1.26157e-08
16.4 1.26798e-07 1.32048e-07 -1.07601e-07 1.22233e-08
16.425 1.22584e-07 1.2769e-07 -1.0402e-07 1.18352e-08
16.45 1.18434e-07 1.23399e-07 -1.00496e-07 1.14519e-08
16.475 1.14353e-07 1.19178e-07 -9.7031e-08 1.10736e-08
16.5 1.10344e-07 1.1503e-07 -9.36284e-08 1.07009e-08
16.525 1.06408e-07 1.10958e-07 -9.02902e-08 1.03341e-08
16.55 1.0255e-07 1.06965e-07 -8.70186e-08 9.9734e-09
16.575 9.87717e-08 1.03054e-07 -8.38153e-08 9.61917e-09
16.6 9.50744e-08 9.92252e-08 -8.06819e-08 9.27165e-09
16.625 9.14603e-08 9.5482e-08 -7.76199e-08 8.93107e-09
16.65 8.79308e-08 9.18255e-08 -7.46302e-08 8.59764e-09
16.675 8.44871e-08 8.8257e-08 -7.17139e-08 8.27152e-09
16.7 8.11303e-08 8.47775e-08 -6.88718e-08 7.95288e-09
16.725 7.7861e-08 8.13879e-08 -6.61043e-08 7.64184e-09
16.75 7.46799e-08 7.80887e-08 -6.34117e-08 7.3385e-09
16.775 7.15871e-08 7.48803e-08 -6.07944e-08 7.04296e-09
16.8 6.85829e-08 7.17627e-08 -5.82522e-08 6.75527e-09
16.825 6.56671e-08 6.8736e-08 -5.57851e-08 6.47547e-09
16.85 6.28394e-08 6.57999e-08 -5.33927e-08 6.2036e-09
16.875 6.00995e-08 6.2954e-08 -5.10747e-08 5.93964e-09
16.9 5.74466e-08 6.01976e-08 -4.88304e-08 5.6836e-09
16.925 5.48802e-08 5.75302e-08 -4.66593e-08 5.43544e-09
16.95 5.23993e-08 5.49507e-08 -4.45605e-08 5.19511e-09
16.975 5.00029e-08 5.24582e-08 -4.25331e-08 4.96257e-09
17 4.76898e-08 5.00516e-08 -4.05761e-08 4.73774e-09
17.025 4.54589e-08 4.77296e-08 -3.86885e-08 4.52052e-09
17.05 4.33088e-08 4.54909e-08 -3.68692e-08 4.31084e-09
17.075 4.12381e-08 4.3334e-08 -3.51168e-08 4.10859e-09
17.1 3.92453e-08 4.12575e-08 -3.34302e-08 3.91365e-09
17.125 3.73288e-08 3.92598e-08 -3.1808e-08 3.72589e-09
17.15 3.5487e-08 3.73391e-08 -3.02488e-08 3.54519e-09
17.175 3.37183e-08 3.54939e-08 -2.87511e-08 3.37141e-09
17.2 3.20208e-08 3.37224e-08 -2.73136e-08 3.2044e-09
17.225 3.03929e-08 3.20227e-08 -2.59347e-08 3.04402e-09
17.25 2.88327e-08 3.0393e-08 -2.46128e-08 2.89011e-09
17.275 2.73385e-08 2.88316e-08 -2.33465e-08 2.74251e-09
17.3 2.59083e-08 2.73364e-08 -2.21343e-08 2.60107e-09
17.325 2.45404e-08 2.59056e-08 -2.09744e-08 2.46561e-09
17.35 2.32328e-08 2.45374e-08 -1.98654e-08 2.33598e-09
17.375 2.19837e-08 2.32298e-08 -1.88058e-08 2.212e-09
17.4 2.07912e-08 2.19809e-08 -1.77938e-08 2.09351e-09
17.425 1.96536e-08 2.07888e-08 -1.68281e-08 1.98035e-09
17.45 1.85689e-08 1.96516e-08 -1.5907e-08 1.87233e-09
17.475 1.75353e-08 1.85675e-08 -1.5029e-08 1.76929e-09
17.5 1.6551e-08 1.75347e-08 -1.41925e-08 1.67107e-09
17.525 1.56142e-08 1.65512e-08 -1.33962e-08 1.5775e-09
17.55 1.47233e-08 1.56153e-08 -1.26385e-08 1.48842e-09
17.575 1.38764e-08 1.47252e-08 -1.19179e-08 1.40366e-09
17.6 1.30718e-08 1.38792e-08 -1.12331e-08 1.32306e-09
17.625 1.23079e-08 1.30755e-08 -1.05826e-08 1.24647e-09
17.65 1.1583e-08 1.23125e-08 -9.96505e-09 1.17373e-09
17.675 1.08956e-08 1.15885e-08 -9.37916e-09 1.10469e-09
17.7 1.02441e-08 1.0902e-08 -8.82358e-09 1.03919e-09
17.725 9.62693e-09 1.02513e-08 -8.29705e-09 9.77106e-10
17.75 9.04266e-09 9.63488e-09 -7.79833e-09 9.18279e-10
17.775 8.48983e-09 9.05134e-09 -7.32619e-09 8.62575e-10
17.8 7.96704e-09 8.4992e-09 -6.87948e-09 8.09859e-10
17.825 7.47294e-09 7.97704e-09 -6.45705e-09 7.59998e-10
17.85 7.00621e-09 7.48352e-09 -6.05779e-09 7.12865e-10
17.875 6.56557e-09 7.01731e-09 -5.68064e-09 6.68336e-10
17.9 6.14979e-09 6.57714e-09 -5.32456e-09 6.26291e-10
17.925 5.75769e-09 6.16178e-09 -4.98855e-09 5.86614e-10
17.95 5.3881e-09 5.77003e-09 -4.67165e-09 5.49191e-10
17.975 5.03993e-09 5.40075e-09 -4.37292e-09 5.13914e-10
18 4.7121e-09 5.05282e-09 -4.09147e-09 4.80679e-10
18.025 4.4036e-09 4.7252e-09 -3.82643e-09 4.49383e-10
18.05 4.11343e-09 4.41685e-09 -3.57698e-09 4.1993e-10
18.075 3.84064e-09 4.12678e-09 -3.34233e-09 3.92227e-10
18.1 3.58434e-09 3.85405e-09 -3.12169e-09 3.66183e-10
18.125 3.34363e-09 3.59776e-09 -2.91434e-09 3.41711e-10
18.15 3.1177e-09 3.35704e-09 -2.71958e-09 3.18729e-10
18.175 2.90575e-09 3.13105e-09 -2.53674e-09 2.97158e-10
18.2 2.707e-09 2.919e-09 -2.36516e-09 2.76921e-10
18.225 2.52073e-09 2.72013e-09 -2.20424e-09 2.57946e-10
18.25 2.34625e-09 2.53371e-09 -2.05338e-09 2.40163e-10
18.275 2.18289e-09 2.35904e-09 -1.91203e-09 2.23506e-10
18.3 2.03001e-09 2.19547e-09 -1.77965e-09 2.07911e-10
18.325 1.88702e-09 2.04237e-09 -1.65573e-09 1.93319e-10
18.35 1.75334e-09 1.89913e-09 -1.53979e-09 1.79671e-10
18.375 1.62842e-09 1.76518e-09 -1.43136e-09 1.66913e-10
18.4 1.51175e-09 1.63999e-09 -1.33001e-09 1.54992e-10
18.425 1.40284e-09 1.52303e-09 -1.23531e-09 1.4386e-10
18.45 1.30121e-09 1.41381e-09 -1.14688e-09 1.33469e-10
18.475 1.20643e-09 1.31188e-09 -1.06433e-09 1.23774e-10
18.5 1.11808e-09 1.21678e-09 -9.87314e-10 1.14734e-10
18.525 1.03576e-09 1.12811e-09 -9.15492e-10 1.06309e-10
18.55 9.59098e-10 1.04546e-09 -8.48544e-10 9.84592e-11
18.575 8.87732e-10 9.68468e-10 -7.86167e-10 9.11501e-11
18.6 8.21331e-10 8.96773e-10 -7.28078e-10 8.43475e-11
18.625 7.59579e-10 8.30043e-10 -6.74004e-10 7.80193e-11
18.65 7.02176e-10 7.67963e-10 -6.23692e-10 7.21352e-11
18.675 6.4884e-10 7.10234e-10 -5.76901e-10 6.66665e-11
18.7 5.99307e-10 6.56577e-10 -5.33404e-10 6.15865e-11
18.725 5.53326e-10 6.06726e-10 -4.92987e-10 5.68695e-11
18.75 5.10662e-10 5.60433e-10 -4.55449e-10 5.24918e-11
18.775 4.71093e-10 5.17462e-10 -4.206e-10 4.84308e-11
18.8 4.34412e-10 4.77593e-10 -3.88262e-10 4.46653e-11
18.825 4.00423e-10 4.40618e-10 -3.58267e-10 4.11754e-11
18.85 3.68943e-10 4.06343e-10 -3.30458e-10 3.79425e-11
18.875 3.398e-10 3.74584e-10 -3.04686e-10 3.49489e-11
18.9 3.12831e-10 3.45169e-10 -2.80813e-10 3.21783e-11
18.925 2.87886e-10 3.17938e-10 -2.58708e-10 2.96151e-11
18.95 2.64824e-10 2.92739e-10 -2.38249e-10 2.7245e-11
18.975 2.43511e-10 2.6943e-10 -2.19322e-10 2.50542e-11
19 2.23823e-10 2.4788e-10 -2.01819e-10 2.30303e-11
19.025 2.05645e-10 2.27963e-10 -1.85641e-10 2.11612e-11
19.05 1.88867e-10 2.09564e-10 -1.70692e-10 1.9436e-11
19.075 1.7339e-10 1.92575e-10 -1.56887e-10 1.78442e-11
19.1 1.59117e-10 1.76894e-10 -1.44142e-10 1.63761e-11
19.125 1.45962e-10 1.62427e-10 -1.32382e-10 1.50228e-11
19.15 1.33841e-10 1.49085e-10 -1.21534e-10 1.37758e-11
19.175 1.22679e-10 1.36786e-10 -1.11532e-10 1.26273e-11
19.2 1.12403e-10 1.25453e-10 -1.02313e-10 1.15699e-11
19.225 1.02948e-10 1.15015e-10 -9.38213e-11 1.05969e-11
19.25 9.42508e-11 1.05405e-10 -8.60011e-11 9.70182e-12
19.275 8.62549e-11 9.65605e-11 -7.88028e-11 8.87885e-12
19.3 7.89067e-11 8.84245e-11 -7.21795e-11 8.12248e-12
19.325 7.21565e-11 8.09432e-11 -6.60879e-11 7.42763e-12
19.35 6.59582e-11 7.40666e-11 -6.04875e-11 6.78956e-12
19.375 6.02691e-11 6.77485e-11 -5.53408e-11 6.20387e-12
19.4 5.50495e-11 6.1946e-11 -5.0613e-11 5.66649e-12
19.425 5.02626e-11 5.6619e-11 -4.62717e-11 5.17365e-12
19.45 4.58743e-11 5.17306e-11 -4.22869e-11 4.72184e-12
19.475 4.18532e-11 4.72465e-11 -3.86309e-11 4.30782e-12
19.5 3.81699e-11 4.3135e-11 -3.52778e-11 3.92858e-12
19.525 3.47976e-11 3.93665e-11 -3.22038e-11 3.58135e-12
19.55 3.17112e-11 3.59138e-11 -2.93867e-11 3.26355e-12
19.575 2.88875e-11 3.27518e-11 -2.68062e-11 2.97282e-12
19.6 2.63054e-11 2.98571e-11 -2.44432e-11 2.70695e-12
19.625 2.3945e-11 2.72081e-11 -2.22803e-11 2.46391e-12
19.65 2.17882e-11 2.4785e-11 -2.03013e-11 2.24184e-12
19.675 1.98183e-11 2.25694e-11 -1.84913e-11 2.03902e-12
19.7 1.80197e-11 2.05442e-11 -1.68366e-11 1.85384e-12
19.725 1.63782e-11 1.8694e-11 -1.53243e-11 1.68484e-12
19.75 1.48807e-11 1.70041e-11 -1.39427e-11 1.53067e-12
19.775 1.3515e-11 1.54613e-11 -1.26812e-11 1.39009e-12
19.8 1.22702e-11 1.40534e-11 -1.15295e-11 1.26194e-12
19.825 1.11359e-11 1.27691e-11 -1.04787e-11 1.14518e-12
19.85 1.01027e-11 1.15979e-11 -9.52021e-12 1.03883e-12
19.875 9.16196e-12 1.05303e-11 -8.64627e-12 9.42007e-13
19.9 8.30578e-12 9.55751e-12 -7.84973e-12 8.53891e-13
19.925 7.52685e-12 8.67148e-12 -7.12402e-12 7.7373e-13
19.95 6.81846e-12 7.86475e-12 -6.46308e-12 7.00835e-13
19.975 6.17449e-12 7.13051e-12 -5.86137e-12 6.34573e-13
20 5.5893e-12 6.4625e-12 -5.31378e-12 5.74365e-13
