0 0.132409 0.141817 -0.0366988 0.052559
0.025 0.132409 0.141817 -0.0366988 0.052559
0.05 0.132415 0.141823 -0.0366674 0.0525778
0.075 0.132426 0.141833 -0.036615 0.0526091
0.1 0.132442 0.141848 -0.0365419 0.0526528
0.125 0.132462 0.141866 -0.0364482 0.0527089
0.15 0.132486 0.141888 -0.0363342 0.0527771
0.175 0.132515 0.141915 -0.0362002 0.0528573
0.2 0.132548 0.141945 -0.0360465 0.0529494
0.225 0.132586 0.14198 -0.0358735 0.0530532
0.25 0.132627 0.142018 -0.0356816 0.0531683
0.275 0.132673 0.14206 -0.0354714 0.0532945
0.3 0.132723 0.142106 -0.0352433 0.0534316
0.325 0.132777 0.142156 -0.0349981 0.0535791
0.35 0.132836 0.14221 -0.0347362 0.0537369
0.375 0.132898 0.142267 -0.0344583 0.0539044
0.4 0.132964 0.142328 -0.0341652 0.0540814
0.425 0.133034 0.142392 -0.0338576 0.0542673
0.45 0.133108 0.14246 -0.0335362 0.0544619
0.475 0.133186 0.142531 -0.0332019 0.0546645
0.5 0.133267 0.142605 -0.0328555 0.0548748
0.525 0.133351 0.142682 -0.0324978 0.0550923
0.55 0.133439 0.142763 -0.0321298 0.0553164
0.575 0.13353 0.142846 -0.0317523 0.0555467
0.6 0.133625 0.142932 -0.0313664 0.0557826
0.625 0.133722 0.14302 -0.0309728 0.0560236
0.65 0.133821 0.143111 -0.0305726 0.0562692
0.675 0.133924 0.143204 -0.0301667 0.0565187
0.7 0.134029 0.143299 -0.0297562 0.0567715
0.725 0.134136 0.143396 -0.0293419 0.0570272
0.75 0.134245 0.143495 -0.0289249 0.0572852
0.775 0.134356 0.143596 -0.0285061 0.0575448
0.8 0.134469 0.143697 -0.0280866 0.0578054
0.825 0.134583 0.1438 -0.0276672 0.0580666
0.85 0.134698 0.143904 -0.027249 0.0583276
0.875 0.134814 0.144009 -0.0268329 0.0585879
0.9 0.134931 0.144114 -0.0264198 0.058847
0.925 0.135048 0.144219 -0.0260106 0.0591042
0.95 0.135165 0.144324 -0.0256062 0.0593591
0.975 0.135283 0.144429 -0.0252076 0.0596109
1 0.1354 0.144534 -0.0248154 0.0598593
1.025 0.135516 0.144638 -0.0244307 0.0601035
1.05 0.135631 0.144741 -0.0240541 0.0603433
1.075 0.135745 0.144842 -0.0236864 0.0605779
1.1 0.135858 0.144942 -0.0233283 0.060807
1.125 0.135969 0.145041 -0.0229806 0.0610301
1.15 0.136078 0.145137 -0.0226438 0.0612467
1.175 0.136184 0.145231 -0.0223186 0.0614564
1.2 0.136288 0.145323 -0.0220056 0.0616587
1.225 0.136388 0.145412 -0.0217052 0.0618533
1.25 0.136486 0.145498 -0.021418 0.0620399
1.275 0.13658 0.145581 -0.0211445 0.062218
1.3 0.13667 0.14566 -0.0208849 0.0623874
1.325 0.136757 0.145735 -0.0206398 0.0625478
1.35 0.136839 0.145807 -0.0204093 0.062699
1.375 0.136916 0.145875 -0.0201937 0.0628406
1.4 0.136989 0.145938 -0.0199933 0.0629726
1.425 0.137057 0.145998 -0.0198082 0.0630947
1.45 0.13712 0.146052 -0.0196385 0.0632068
1.475 0.137177 0.146102 -0.0194843 0.0633089
1.5 0.137229 0.146147 -0.0193456 0.0634007
1.525 0.137275 0.146187 -0.0192224 0.0634824
1.55 0.137315 0.146222 -0.0191147 0.0635538
1.575 0.13735 0.146252 -0.0190222 0.0636151
1.6 0.137378 0.146277 -0.0189449 0.0636662
1.625 0.137401 0.146297 -0.0188825 0.0637073
1.65 0.137417 0.146312 -0.0188348 0.0637385
1.675 0.137427 0.146321 -0.0188014 0.06376
1.7 0.137431 0.146326 -0.0187821 0.0637718
1.725 0.137429 0.146325 -0.0187766 0.0637743
1.75 0.137421 0.14632 -0.0187842 0.0637678
1.775 0.137407 0.146309 -0.0188047 0.0637524
1.8 0.137387 0.146295 -0.0188376 0.0637285
1.825 0.137361 0.146275 -0.0188822 0.0636964
1.85 0.13733 0.146251 -0.0189382 0.0636566
1.875 0.137294 0.146223 -0.0190049 0.0636093
1.9 0.137252 0.146192 -0.0190817 0.0635551
1.925 0.137206 0.146156 -0.0191679 0.0634943
1.95 0.137154 0.146118 -0.0192631 0.0634274
1.975 0.137099 0.146076 -0.0193664 0.0633549
2 0.13704 0.146032 -0.0194772 0.0632774
2.025 0.136977 0.145985 -0.0195947 0.0631953
2.05 0.136911 0.145937 -0.0197184 0.0631093
2.075 0.136842 0.145887 -0.0198474 0.0630198
2.1 0.136771 0.145836 -0.0199811 0.0629274
2.125 0.136698 0.145784 -0.0201187 0.0628327
2.15 0.136624 0.145732 -0.0202594 0.0627364
2.175 0.136548 0.14568 -0.0204025 0.062639
2.2 0.136473 0.145629 -0.0205473 0.0625411
2.225 0.136397 0.14558 -0.020693 0.0624434
2.25 0.136323 0.145532 -0.020839 0.0623464
2.275 0.13625 0.145486 -0.0209844 0.0622508
2.3 0.136178 0.145443 -0.0211287 0.0621573
2.325 0.13611 0.145404 -0.021271 0.0620663
2.35 0.136044 0.145368 -0.0214107 0.0619786
2.375 0.135983 0.145337 -0.0215472 0.0618948
2.4 0.135925 0.14531 -0.0216798 0.0618153
2.425 0.135873 0.14529 -0.0218079 0.0617409
2.45 0.135826 0.145275 -0.0219308 0.061672
2.475 0.135786 0.145267 -0.0220481 0.0616092
2.5 0.135753 0.145265 -0.0221591 0.0615531
2.525 0.135727 0.145272 -0.0222634 0.0615042
2.55 0.13571 0.145286 -0.0223604 0.0614628
2.575 0.135701 0.145309 -0.0224497 0.0614297
2.6 0.135701 0.145341 -0.0225309 0.061405
2.625 0.135712 0.145382 -0.0226035 0.0613894
2.65 0.135733 0.145433 -0.0226673 0.0613831
2.675 0.135765 0.145495 -0.0227219 0.0613865
2.7 0.135808 0.145567 -0.022767 0.0614
2.725 0.135863 0.14565 -0.0228024 0.0614238
2.75 0.135931 0.145744 -0.0228278 0.0614581
2.775 0.136011 0.14585 -0.022843 0.0615033
2.8 0.136105 0.145967 -0.022848 0.0615595
2.825 0.136211 0.146096 -0.0228427 0.0616269
2.85 0.136332 0.146238 -0.0228268 0.0617055
2.875 0.136467 0.146391 -0.0228006 0.0617954
2.9 0.136616 0.146557 -0.0227639 0.0618967
2.925 0.136779 0.146735 -0.0227168 0.0620093
2.95 0.136956 0.146926 -0.0226593 0.0621332
2.975 0.137148 0.147128 -0.0225917 0.0622683
3 0.137355 0.147343 -0.0225141 0.0624144
3.025 0.137576 0.147569 -0.0224266 0.0625714
3.05 0.137811 0.147808 -0.0223294 0.0627391
3.075 0.13806 0.148057 -0.0222229 0.0629172
3.1 0.138323 0.148318 -0.0221073 0.0631054
3.125 0.1386 0.14859 -0.0219829 0.0633034
3.15 0.13889 0.148871 -0.0218501 0.0635107
3.175 0.139192 0.149163 -0.0217092 0.0637269
3.2 0.139507 0.149464 -0.0215606 0.0639517
3.225 0.139834 0.149774 -0.0214048 0.0641844
3.25 0.140172 0.150091 -0.0212421 0.0644245
3.275 0.140521 0.150416 -0.0210731 0.0646715
3.3 0.140879 0.150748 -0.0208982 0.0649247
3.325 0.141246 0.151085 -0.0207179 0.0651836
3.35 0.141621 0.151427 -0.0205327 0.0654473
3.375 0.142004 0.151774 -0.0203432 0.0657153
3.4 0.142393 0.152123 -0.0201498 0.0659867
3.425 0.142787 0.152475 -0.0199531 0.0662608
3.45 0.143185 0.152827 -0.0197537 0.0665369
3.475 0.143586 0.15318 -0.019552 0.066814
3.5 0.143989 0.153531 -0.0193487 0.0670913
3.525 0.144393 0.15388 -0.0191444 0.067368
3.55 0.144796 0.154226 -0.0189395 0.0676433
3.575 0.145198 0.154567 -0.0187346 0.0679161
3.6 0.145596 0.154902 -0.0185303 0.0681856
3.625 0.145989 0.155229 -0.0183271 0.0684509
3.65 0.146376 0.155548 -0.0181256 0.068711
3.675 0.146756 0.155856 -0.0179262 0.068965
3.7 0.147127 0.156154 -0.0177295 0.069212
3.725 0.147487 0.156438 -0.017536 0.069451
3.75 0.147835 0.156708 -0.0173461 0.069681
3.775 0.14817 0.156963 -0.0171604 0.0699012
3.8 0.148489 0.1572 -0.0169793 0.0701105
3.825 0.148792 0.157419 -0.0168032 0.070308
3.85 0.149077 0.157618 -0.0166325 0.0704929
3.875 0.149342 0.157796 -0.0164677 0.0706642
3.9 0.149585 0.157951 -0.016309 0.070821
3.925 0.149806 0.158082 -0.0161568 0.0709625
3.95 0.150002 0.158187 -0.0160115 0.0710877
3.975 0.150172 0.158265 -0.0158734 0.0711959
4 0.150315 0.158315 -0.0157426 0.0712862
4.025 0.150429 0.158335 -0.0156195 0.0713578
4.05 0.150513 0.158324 -0.0155042 0.07141
4.075 0.150565 0.158281 -0.015397 0.0714421
4.1 0.150584 0.158205 -0.015298 0.0714533
4.125 0.150569 0.158093 -0.0152073 0.071443
4.15 0.150518 0.157946 -0.0151251 0.0714106
4.175 0.150431 0.157762 -0.0150513 0.0713555
4.2 0.150306 0.15754 -0.0149861 0.0712771
4.225 0.150141 0.157279 -0.0149294 0.0711749
4.25 0.149936 0.156978 -0.0148812 0.0710485
4.275 0.149691 0.156637 -0.0148415 0.0708975
4.3 0.149403 0.156253 -0.0148102 0.0707214
4.325 0.149073 0.155827 -0.0147872 0.07052
4.35 0.148699 0.155358 -0.0147724 0.0702929
4.375 0.148281 0.154846 -0.0147656 0.07004
4.4 0.147818 0.154289 -0.0147666 0.069761
4.425 0.14731 0.153687 -0.0147752 0.0694558
4.45 0.146756 0.15304 -0.0147912 0.0691244
4.475 0.146156 0.152348 -0.0148144 0.0687667
4.5 0.14551 0.15161 -0.0148443 0.0683827
4.525 0.144816 0.150826 -0.0148809 0.0679725
4.55 0.144077 0.149996 -0.0149236 0.0675362
4.575 0.14329 0.14912 -0.0149723 0.067074
4.6 0.142457 0.148199 -0.0150264 0.0665861
4.625 0.141577 0.147231 -0.0150858 0.0660728
4.65 0.140652 0.146219 -0.0151499 0.0655343
4.675 0.13968 0.145161 -0.0152183 0.0649712
4.7 0.138663 0.144058 -0.0152907 0.0643837
4.725 0.137601 0.142911 -0.0153666 0.0637724
4.75 0.136494 0.141721 -0.0154455 0.0631377
4.775 0.135344 0.140488 -0.0155271 0.0624803
4.8 0.13415 0.139212 -0.0156109 0.0618006
4.825 0.132915 0.137895 -0.0156964 0.0610994
4.85 0.131638 0.136538 -0.0157831 0.0603772
4.875 0.130321 0.13514 -0.0158706 0.0596349
4.9 0.128965 0.133705 -0.0159584 0.0588732
4.925 0.127571 0.132232 -0.0160461 0.0580928
4.95 0.12614 0.130722 -0.0161332 0.0572945
4.975 0.124673 0.129178 -0.0162192 0.0564793
5 0.123171 0.127599 -0.0163037 0.0556479
5.025 0.121637 0.125989 -0.0163861 0.0548012
5.05 0.120071 0.124347 -0.0164662 0.0539402
5.075 0.118475 0.122675 -0.0165434 0.0530659
5.1 0.11685 0.120975 -0.0166174 0.0521791
5.125 0.115198 0.119249 -0.0166876 0.0512808
5.15 0.113521 0.117498 -0.0167538 0.050372
5.175 0.11182 0.115723 -0.0168155 0.0494538
5.2 0.110096 0.113926 -0.0168723 0.048527
5.225 0.108352 0.11211 -0.0169239 0.0475928
5.25 0.106589 0.110274 -0.01697 0.0466521
5.275 0.104809 0.108422 -0.0170103 0.045706
5.3 0.103013 0.106555 -0.0170444 0.0447553
5.325 0.101203 0.104675 -0.017072 0.0438013
5.35 0.0993816 0.102782 -0.0170929 0.0428448
5.375 0.0975497 0.100881 -0.0171069 0.0418868
5.4 0.0957093 0.0989704 -0.0171137 0.0409283
5.425 0.093862 0.0970539 -0.0171132 0.0399704
5.45 0.0920096 0.0951327 -0.0171051 0.0390138
5.475 0.0901538 0.0932086 -0.0170892 0.0380597
5.5 0.0882962 0.0912831 -0.0170656 0.0371088
5.525 0.0864386 0.0893581 -0.0170339 0.0361621
5.55 0.0845825 0.0874351 -0.0169943 0.0352204
5.575 0.0827295 0.0855157 -0.0169465 0.0342846
5.6 0.0808813 0.0836017 -0.0168905 0.0333556
5.625 0.0790393 0.0816944 -0.0168264 0.032434
5.65 0.0772051 0.0797955 -0.0167541 0.0315207
5.675 0.0753802 0.0779064 -0.0166736 0.0306164
5.7 0.0735659 0.0760286 -0.016585 0.0297218
5.725 0.0717636 0.0741635 -0.0164883 0.0288376
5.75 0.0699748 0.0723125 -0.0163837 0.0279644
5.775 0.0682006 0.0704768 -0.0162711 0.0271028
5.8 0.0664423 0.0686577 -0.0161508 0.0262534
5.825 0.0647011 0.0668564 -0.0160229 0.0254168
5.85 0.0629781 0.0650741 -0.0158875 0.0245933
5.875 0.0612744 0.0633119 -0.0157448 0.0237836
5.9 0.059591 0.0615709 -0.015595 0.0229879
5.925 0.057929 0.059852 -0.0154383 0.0222068
5.95 0.0562891 0.0581561 -0.0152749 0.0214406
5.975 0.0546724 0.0564842 -0.0151051 0.0206895
6 0.0530795 0.054837 -0.014929 0.019954
6.025 0.0515112 0.0532153 -0.014747 0.0192342
6.05 0.0499682 0.0516199 -0.0145593 0.0185303
6.075 0.0484511 0.0500514 -0.0143662 0.0178426
6.1 0.0469606 0.0485103 -0.0141679 0.0171712
6.125 0.0454971 0.0469973 -0.0139648 0.0165162
6.15 0.0440611 0.0455127 -0.0137571 0.0158778
6.175 0.042653 0.044057 -0.0135452 0.0152559
6.2 0.0412731 0.0426305 -0.0133294 0.0146506
6.225 0.0399218 0.0412337 -0.0131099 0.0140619
6.25 0.0385994 0.0398666 -0.0128871 0.0134898
6.275 0.0373059 0.0385297 -0.0126613 0.0129342
6.3 0.0360416 0.0372229 -0.0124327 0.0123951
6.325 0.0348066 0.0359464 -0.0122019 0.0118723
6.35 0.0336009 0.0347003 -0.0119689 0.0113657
6.375 0.0324246 0.0334845 -0.0117342 0.0108752
6.4 0.0312776 0.0322991 -0.011498 0.0104005
6.425 0.0301599 0.031144 -0.0112607 0.00994163
6.45 0.0290713 0.030019 -0.0110226 0.00949823
6.475 0.0280117 0.0289241 -0.0107839 0.00907012
6.5 0.026981 0.027859 -0.0105449 0.00865705
6.525 0.0259788 0.0268235 -0.010306 0.00825877
6.55 0.0250051 0.0258173 -0.0100673 0.00787502
6.575 0.0240594 0.0248402 -0.00982921 0.00750551
6.6 0.0231414 0.0238919 -0.00959193 0.00714997
6.625 0.022251 0.0229719 -0.00935572 0.00680808
6.65 0.0213876 0.0220799 -0.00912083 0.00647955
6.675 0.0205509 0.0212156 -0.00888747 0.00616406
6.7 0.0197405 0.0203785 -0.00865589 0.00586129
6.725 0.018956 0.0195681 -0.00842628 0.00557092
6.75 0.018197 0.0187841 -0.00819886 0.00529261
6.775 0.0174629 0.0180259 -0.00797381 0.00502603
6.8 0.0167534 0.017293 -0.00775131 0.00477086
6.825 0.0160679 0.016585 -0.00753154 0.00452674
6.85 0.0154059 0.0159014 -0.00731466 0.00429335
6.875 0.014767 0.0152415 -0.00710082 0.00407035
6.9 0.0141505 0.014605 -0.00689015 0.00385741
6.925 0.0135561 0.0139912 -0.00668279 0.00365418
6.95 0.0129832 0.0133995 -0.00647885 0.00346035
6.975 0.0124312 0.0128296 -0.00627844 0.00327558
7 0.0118997 0.0122807 -0.00608166 0.00309954
7.025 0.011388 0.0117524 -0.00588859 0.00293193
7.05 0.0108957 0.0112442 -0.00569931 0.00277242
7.075 0.0104222 0.0107553 -0.00551388 0.00262071
7.1 0.009967 0.0102853 -0.00533238 0.00247648
7.125 0.00952956 0.00983374 -0.00515483 0.00233945
7.15 0.00910934 0.00939994 -0.00498129 0.00220932
7.175 0.00870585 0.0089834 -0.00481177 0.00208581
7.2 0.00831855 0.00858359 -0.00464632 0.00196864
7.225 0.00794693 0.00819997 -0.00448492 0.00185753
7.25 0.0075905 0.00783204 -0.00432761 0.00175222
7.275 0.00724875 0.00747927 -0.00417436 0.00165246
7.3 0.00692119 0.00714116 -0.00402518 0.00155799
7.325 0.00660735 0.00681721 -0.00388005 0.00146858
7.35 0.00630674 0.00650692 -0.00373895 0.00138399
7.375 0.00601891 0.00620983 -0.00360184 0.00130399
7.4 0.0057434 0.00592545 -0.00346871 0.00122837
7.425 0.00547977 0.00565333 -0.0033395 0.00115692
7.45 0.00522757 0.00539302 -0.00321417 0.00108942
7.475 0.00498639 0.00514407 -0.00309269 0.00102569
7.5 0.00475581 0.00490607 -0.00297498 0.000965542
7.525 0.00453542 0.00467858 -0.00286101 0.000908786
7.55 0.00432483 0.00446121 -0.00275071 0.000855251
7.575 0.00412366 0.00425356 -0.00264401 0.000804772
7.6 0.00393152 0.00405523 -0.00254086 0.000757189
7.625 0.00374807 0.00386587 -0.00244117 0.000712347
7.65 0.00357295 0.0036851 -0.0023449 0.000670102
7.675 0.00340582 0.00351257 -0.00225195 0.000630313
7.7 0.00324635 0.00334795 -0.00216225 0.000592847
7.725 0.00309421 0.0031909 -0.00207574 0.000557577
7.75 0.0029491 0.0030411 -0.00199234 0.00052438
7.775 0.00281072 0.00289824 -0.00191196 0.000493143
7.8 0.00267879 0.00276203 -0.00183452 0.000463754
7.825 0.00255301 0.00263218 -0.00175996 0.00043611
7.85 0.00243313 0.00250842 -0.00168819 0.00041011
7.875 0.00231888 0.00239046 -0.00161914 0.000385662
7.9 0.00221002 0.00227806 -0.00155272 0.000362674
7.925 0.0021063 0.00217097 -0.00148885 0.000341063
7.95 0.0020075 0.00206896 -0.00142746 0.000320748
7.975 0.00191338 0.00197178 -0.00136847 0.000301654
8 0.00182374 0.00187922 -0.0013118 0.000283707
8.025 0.00173837 0.00179107 -0.00125739 0.000266841
8.05 0.00165707 0.00170713 -0.00120515 0.00025099
8.075 0.00157966 0.00162719 -0.001155 0.000236095
8.1 0.00150596 0.00155109 -0.00110689 0.000222097
8.125 0.00143578 0.00147862 -0.00106073 0.000208944
8.15 0.00136897 0.00140963 -0.00101647 0.000196583
8.175 0.00130536 0.00134395 -0.000974018 0.000184967
8.2 0.0012448 0.00128143 -0.000933323 0.000174051
8.225 0.00118715 0.0012219 -0.000894316 0.000163792
8.25 0.00113227 0.00116523 -0.000856934 0.00015415
8.275 0.00108002 0.00111129 -0.000821114 0.000145087
8.3 0.00103028 0.00105993 -0.000786797 0.000136567
8.325 0.000982924 0.00101104 -0.000753924 0.000128559
8.35 0.000937837 0.000964497 -0.000722438 0.00012103
8.375 0.00089491 0.000920184 -0.000692284 0.00011395
8.4 0.000854036 0.000877993 -0.000663408 0.000107293
8.425 0.000815114 0.000837822 -0.000635759 0.000101032
8.45 0.000778051 0.000799571 -0.000609285 9.51427e-05
8.475 0.000742753 0.000763146 -0.00058394 8.96029e-05
8.5 0.000709135 0.000728457 -0.000559675 8.43909e-05
8.525 0.000677113 0.000695419 -0.000536446 7.94867e-05
8.55 0.000646608 0.000663951 -0.000514208 7.48715e-05
8.575 0.000617547 0.000633975 -0.00049292 7.05275e-05
8.6 0.000589856 0.000605418 -0.000472542 6.64383e-05
8.625 0.00056347 0.00057821 -0.000453033 6.25885e-05
8.65 0.000538323 0.000552283 -0.000434357 5.89634e-05
8.675 0.000514353 0.000527576 -0.000416477 5.55495e-05
8.7 0.000491504 0.000504026 -0.000399358 5.2334e-05
8.725 0.000469719 0.000481578 -0.000382968 4.9305e-05
8.75 0.000448946 0.000460177 -0.000367275 4.64513e-05
8.775 0.000429135 0.000439771 -0.000352247 4.37624e-05
8.8 0.000410238 0.000420312 -0.000337855 4.12285e-05
8.825 0.000392212 0.000401752 -0.000324071 3.88404e-05
8.85 0.000375012 0.000384048 -0.000310869 3.65894e-05
8.875 0.000358598 0.000367157 -0.000298222 3.44674e-05
8.9 0.000342933 0.00035104 -0.000286106 3.24669e-05
8.925 0.000327978 0.000335658 -0.000274497 3.05808e-05
8.95 0.000313701 0.000320977 -0.000263372 2.88024e-05
8.975 0.000300067 0.000306961 -0.00025271 2.71253e-05
9 0.000287046 0.000293578 -0.000242491 2.55439e-05
9.025 0.000274608 0.000280799 -0.000232694 2.40524e-05
9.05 0.000262725 0.000268593 -0.000223302 2.26459e-05
9.075 0.000251371 0.000256934 -0.000214295 2.13193e-05
9.1 0.00024052 0.000245794 -0.000205658 2.00682e-05
9.125 0.000230147 0.000235149 -0.000197373 1.88882e-05
9.15 0.000220232 0.000224976 -0.000189425 1.77754e-05
9.175 0.000210751 0.000215252 -0.000181801 1.67259e-05
9.2 0.000201686 0.000205957 -0.000174484 1.57362e-05
9.225 0.000193015 0.000197069 -0.000167463 1.4803e-05
9.25 0.000184721 0.000188569 -0.000160723 1.3923e-05
9.275 0.000176786 0.000180441 -0.000154254 1.30933e-05
9.3 0.000169194 0.000172666 -0.000148044 1.23111e-05
9.325 0.000161929 0.000165228 -0.00014208 1.15739e-05
9.35 0.000154977 0.000158112 -0.000136354 1.0879e-05
9.375 0.000148322 0.000151303 -0.000130855 1.02241e-05
9.4 0.000141952 0.000144787 -0.000125573 9.60708e-06
9.425 0.000135854 0.000138551 -0.000120499 9.02581e-06
9.45 0.000130015 0.000132582 -0.000115626 8.47832e-06
9.475 0.000124425 0.000126869 -0.000110943 7.96275e-06
9.5 0.000119072 0.000121399 -0.000106445 7.47734e-06
9.525 0.000113946 0.000116163 -0.000102122 7.02044e-06
9.55 0.000109037 0.00011115 -9.79692e-05 6.59047e-06
9.575 0.000104335 0.00010635 -9.39783e-05 6.18594e-06
9.6 9.98318e-05 0.000101754 -9.01433e-05 5.80545e-06
9.625 9.55189e-05 9.73534e-05 -8.6458e-05 5.44767e-06
9.65 9.13879e-05 9.31392e-05 -8.29165e-05 5.11133e-06
9.675 8.74312e-05 8.91038e-05 -7.95133e-05 4.79525e-06
9.7 8.36415e-05 8.52395e-05 -7.62429e-05 4.4983e-06
9.725 8.00116e-05 8.1539e-05 -7.31002e-05 4.2194e-06
9.75 7.6535e-05 7.79954e-05 -7.00804e-05 3.95754e-06
9.775 7.32051e-05 7.46022e-05 -6.71787e-05 3.71176e-06
9.8 7.0016e-05 7.1353e-05 -6.43907e-05 3.48114e-06
9.825 6.69618e-05 6.82417e-05 -6.17121e-05 3.26482e-06
9.85 6.4037e-05 6.52627e-05 -5.91388e-05 3.06198e-06
9.875 6.12362e-05 6.24105e-05 -5.66668e-05 2.87184e-06
9.9 5.85543e-05 5.96797e-05 -5.42924e-05 2.69367e-06
9.925 5.59865e-05 5.70655e-05 -5.2012e-05 2.52677e-06
9.95 5.35282e-05 5.45629e-05 -4.9822e-05 2.37047e-06
9.975 5.11749e-05 5.21675e-05 -4.77192e-05 2.22415e-06
10 4.89222e-05 4.98747e-05 -4.57003e-05 2.08721e-06
10.025 4.67662e-05 4.76805e-05 -4.37623e-05 1.95909e-06
10.05 4.47029e-05 4.55806e-05 -4.19021e-05 1.83925e-06
10.075 4.27285e-05 4.35714e-05 -4.0117e-05 1.72719e-06
10.1 4.08394e-05 4.1649e-05 -3.84042e-05 1.62242e-06
10.125 3.90322e-05 3.981e-05 -3.6761e-05 1.5245e-06
10.15 3.73035e-05 3.80508e-05 -3.51848e-05 1.433e-06
10.175 3.56502e-05 3.63682e-05 -3.36732e-05 1.34751e-06
10.2 3.40691e-05 3.47592e-05 -3.22239e-05 1.26764e-06
10.225 3.25574e-05 3.32205e-05 -3.08345e-05 1.19304e-06
10.25 3.11121e-05 3.17495e-05 -2.95027e-05 1.12337e-06
10.275 2.97306e-05 3.03432e-05 -2.82266e-05 1.0583e-06
10.3 2.84102e-05 2.8999e-05 -2.70039e-05 9.97529e-07
10.325 2.71484e-05 2.77143e-05 -2.58328e-05 9.40774e-07
10.35 2.59429e-05 2.64867e-05 -2.47112e-05 8.87764e-07
10.375 2.47912e-05 2.53138e-05 -2.36373e-05 8.38249e-07
10.4 2.36911e-05 2.41932e-05 -2.26093e-05 7.9199e-07
10.425 2.26405e-05 2.31229e-05 -2.16254e-05 7.48764e-07
10.45 2.16373e-05 2.21007e-05 -2.0684e-05 7.08363e-07
10.475 2.06795e-05 2.11245e-05 -1.97834e-05 6.70592e-07
10.5 1.97652e-05 2.01925e-05 -1.8922e-05 6.35268e-07
10.525 1.88926e-05 1.93028e-05 -1.80983e-05 6.02219e-07
10.55 1.80598e-05 1.84535e-05 -1.73109e-05 5.71286e-07
10.575 1.72651e-05 1.76429e-05 -1.65583e-05 5.4232e-07
10.6 1.6507e-05 1.68694e-05 -1.5839e-05 5.15181e-07
10.625 1.57838e-05 1.61314e-05 -1.51519e-05 4.89741e-07
10.65 1.50941e-05 1.54273e-05 -1.44955e-05 4.6588e-07
10.675 1.44363e-05 1.47557e-05 -1.38687e-05 4.43484e-07
10.7 1.38091e-05 1.41151e-05 -1.32702e-05 4.22451e-07
10.725 1.32111e-05 1.35042e-05 -1.26988e-05 4.02684e-07
10.75 1.2641e-05 1.29217e-05 -1.21535e-05 3.84093e-07
10.775 1.20976e-05 1.23663e-05 -1.16331e-05 3.66596e-07
10.8 1.15797e-05 1.18369e-05 -1.11366e-05 3.50116e-07
10.825 1.10861e-05 1.13322e-05 -1.0663e-05 3.34581e-07
10.85 1.06158e-05 1.08511e-05 -1.02112e-05 3.19926e-07
10.875 1.01676e-05 1.03926e-05 -9.78043e-06 3.06091e-07
10.9 9.7406e-06 9.95567e-06 -9.36964e-06 2.93019e-07
10.925 9.33377e-06 9.5393e-06 -8.97798e-06 2.80657e-07
10.95 8.94618e-06 9.14254e-06 -8.60462e-06 2.68958e-07
10.975 8.57693e-06 8.76448e-06 -8.24872e-06 2.57878e-07
11 8.22517e-06 8.40426e-06 -7.90951e-06 2.47374e-07
11.025 7.89007e-06 8.06103e-06 -7.58621e-06 2.3741e-07
11.05 7.57083e-06 7.734e-06 -7.2781e-06 2.27948e-07
11.075 7.26668e-06 7.42239e-06 -6.98447e-06 2.18958e-07
11.1 6.97691e-06 7.12546e-06 -6.70465e-06 2.10407e-07
11.125 6.70081e-06 6.84251e-06 -6.43797e-06 2.02268e-07
11.15 6.43771e-06 6.57285e-06 -6.18382e-06 1.94515e-07
11.175 6.18697e-06 6.31583e-06 -5.94159e-06 1.87122e-07
11.2 5.94798e-06 6.07083e-06 -5.7107e-06 1.80067e-07
11.225 5.72015e-06 5.83725e-06 -5.4906e-06 1.73329e-07
11.25 5.5029e-06 5.61452e-06 -5.28075e-06 1.66886e-07
11.275 5.29572e-06 5.40209e-06 -5.08065e-06 1.60722e-07
11.3 5.09808e-06 5.19943e-06 -4.8898e-06 1.54817e-07
11.325 4.90948e-06 5.00605e-06 -4.70774e-06 1.49156e-07
11.35 4.72947e-06 4.82146e-06 -4.53401e-06 1.43723e-07
11.375 4.55758e-06 4.64521e-06 -4.3682e-06 1.38503e-07
11.4 4.3934e-06 4.47686e-06 -4.20989e-06 1.33483e-07
11.425 4.23652e-06 4.31599e-06 -4.05869e-06 1.2865e-07
11.45 4.08654e-06 4.16221e-06 -3.91422e-06 1.23992e-07
11.475 3.9431e-06 4.01514e-06 -3.77614e-06 1.19499e-07
11.5 3.80585e-06 3.87442e-06 -3.6441e-06 1.15158e-07
11.525 3.67445e-06 3.7397e-06 -3.51778e-06 1.10961e-07
11.55 3.54858e-06 3.61067e-06 -3.39687e-06 1.06899e-07
11.575 3.42794e-06 3.48702e-06 -3.28109e-06 1.02962e-07
11.6 3.31225e-06 3.36844e-06 -3.17015e-06 9.91438e-08
11.625 3.20123e-06 3.25467e-06 -3.0638e-06 9.54366e-08
11.65 3.09464e-06 3.14545e-06 -2.96178e-06 9.18338e-08
11.675 2.99222e-06 3.04052e-06 -2.86386e-06 8.83295e-08
11.7 2.89376e-06 2.93966e-06 -2.76982e-06 8.49182e-08
11.725 2.79903e-06 2.84264e-06 -2.67945e-06 8.15952e-08
11.75 2.70784e-06 2.74926e-06 -2.59254e-06 7.83561e-08
11.775 2.61998e-06 2.65932e-06 -2.50892e-06 7.51971e-08
11.8 2.5353e-06 2.57264e-06 -2.42841e-06 7.21149e-08
11.825 2.4536e-06 2.48904e-06 -2.35083e-06 6.91068e-08
11.85 2.37475e-06 2.40838e-06 -2.27604e-06 6.61704e-08
11.875 2.29859e-06 2.33049e-06 -2.20388e-06 6.33038e-08
11.9 2.22498e-06 2.25524e-06 -2.13423e-06 6.05056e-08
11.925 2.1538e-06 2.1825e-06 -2.06695e-06 5.77746e-08
11.95 2.08493e-06 2.11214e-06 -2.00192e-06 5.511e-08
11.975 2.01825e-06 2.04404e-06 -1.93902e-06 5.25115e-08
12 1.95366e-06 1.97812e-06 -1.87816e-06 4.99789e-08
12.025 1.89107e-06 1.91425e-06 -1.81923e-06 4.75124e-08
12.05 1.83037e-06 1.85236e-06 -1.76214e-06 4.51122e-08
12.075 1.7715e-06 1.79236e-06 -1.7068e-06 4.2779e-08
12.1 1.71438e-06 1.73416e-06 -1.65313e-06 4.05134e-08
12.125 1.65892e-06 1.6777e-06 -1.60107e-06 3.83162e-08
12.15 1.60507e-06 1.62291e-06 -1.55053e-06 3.61884e-08
12.175 1.55276e-06 1.56971e-06 -1.50145e-06 3.41309e-08
12.2 1.50193e-06 1.51806e-06 -1.45377e-06 3.21446e-08
12.225 1.45254e-06 1.4679e-06 -1.40744e-06 3.02306e-08
12.25 1.40453e-06 1.41917e-06 -1.36239e-06 2.83899e-08
12.275 1.35785e-06 1.37183e-06 -1.31859e-06 2.66231e-08
12.3 1.31247e-06 1.32584e-06 -1.27597e-06 2.49311e-08
12.325 1.26833e-06 1.28114e-06 -1.23451e-06 2.33146e-08
12.35 1.22541e-06 1.2377e-06 -1.19415e-06 2.17739e-08
12.375 1.18366e-06 1.19548e-06 -1.15486e-06 2.03095e-08
12.4 1.14305e-06 1.15445e-06 -1.11661e-06 1.89214e-08
12.425 1.10356e-06 1.11457e-06 -1.07935e-06 1.76096e-08
12.45 1.06514e-06 1.0758e-06 -1.04305e-06 1.63739e-08
12.475 1.02777e-06 1.03812e-06 -1.0077e-06 1.52136e-08
12.5 9.91429e-07 1.0015e-06 -9.73244e-07 1.41282e-08
12.525 9.5608e-07 9.65906e-07 -9.39673e-07 1.31165e-08
12.55 9.21699e-07 9.3131e-07 -9.06955e-07 1.21775e-08
12.575 8.88263e-07 8.97686e-07 -8.75066e-07 1.13097e-08
12.6 8.55748e-07 8.65007e-07 -8.43984e-07 1.05114e-08
12.625 8.24128e-07 8.33247e-07 -8.13685e-07 9.78087e-09
12.65 7.93383e-07 8.02382e-07 -7.84151e-07 9.11589e-09
12.675 7.63489e-07 7.72388e-07 -7.55359e-07 8.51423e-09
12.7 7.34426e-07 7.4324e-07 -7.27293e-07 7.97343e-09
12.725 7.06172e-07 7.14915e-07 -6.99933e-07 7.49085e-09
12.75 6.78707e-07 6.87391e-07 -6.73264e-07 7.0637e-09
12.775 6.5201e-07 6.60647e-07 -6.47269e-07 6.68908e-09
12.8 6.26064e-07 6.34661e-07 -6.21933e-07 6.36396e-09
12.825 6.00849e-07 6.09412e-07 -5.97241e-07 6.08522e-09
12.85 5.76348e-07 5.84881e-07 -5.73182e-07 5.84967e-09
12.875 5.52542e-07 5.61049e-07 -5.49741e-07 5.65408e-09
12.9 5.29416e-07 5.37898e-07 -5.26908e-07 5.49521e-09
12.925 5.06953e-07 5.1541e-07 -5.04671e-07 5.3698e-09
12.95 4.85138e-07 4.9357e-07 -4.8302e-07 5.27461e-09
12.975 4.63957e-07 4.7236e-07 -4.61947e-07 5.20646e-09
13 4.43396e-07 4.51767e-07 -4.41443e-07 5.16224e-09
13.025 4.23441e-07 4.31777e-07 -4.21499e-07 5.13891e-09
13.05 4.04082e-07 4.12377e-07 -4.0211e-07 5.13356e-09
13.075 3.85307e-07 3.93556e-07 -3.83269e-07 5.14338e-09
13.1 3.67106e-07 3.75302e-07 -3.6497e-07 5.16572e-09
13.125 3.49469e-07 3.57606e-07 -3.4721e-07 5.19809e-09
13.15 3.32388e-07 3.40459e-07 -3.29983e-07 5.23817e-09
13.175 3.15856e-07 3.23854e-07 -3.13286e-07 5.28382e-09
13.2 2.99865e-07 3.07783e-07 -2.97117e-07 5.33311e-09
13.225 2.8441e-07 2.92242e-07 -2.81474e-07 5.38429e-09
13.25 2.69486e-07 2.77225e-07 -2.66354e-07 5.43585e-09
13.275 2.55089e-07 2.62729e-07 -2.51756e-07 5.48647e-09
13.3 2.41215e-07 2.48751e-07 -2.3768e-07 5.53509e-09
13.325 2.27861e-07 2.35287e-07 -2.24126e-07 5.58081e-09
13.35 2.15027e-07 2.22338e-07 -2.11092e-07 5.62301e-09
13.375 2.0271e-07 2.09903e-07 -1.9858e-07 5.66124e-09
13.4 1.9091e-07 1.97981e-07 -1.8659e-07 5.6953e-09
13.425 1.79627e-07 1.86572e-07 -1.75122e-07 5.72516e-09
13.45 1.6886e-07 1.75679e-07 -1.64177e-07 5.75101e-09
13.475 1.58611e-07 1.65302e-07 -1.53756e-07 5.77323e-09
13.5 1.48879e-07 1.55443e-07 -1.43859e-07 5.79237e-09
13.525 1.39667e-07 1.46104e-07 -1.34486e-07 5.80913e-09
13.55 1.30975e-07 1.37287e-07 -1.25638e-07 5.8244e-09
13.575 1.22805e-07 1.28994e-07 -1.17316e-07 5.83917e-09
13.6 1.15158e-07 1.21227e-07 -1.09518e-07 5.85459e-09
13.625 1.08034e-07 1.13988e-07 -1.02244e-07 5.87187e-09
13.65 1.01434e-07 1.07278e-07 -9.5493e-08 5.89237e-09
13.675 9.53597e-08 1.01098e-07 -8.92635e-08 5.91747e-09
13.7 8.98101e-08 9.54507e-08 -8.35534e-08 5.94864e-09
13.725 8.4785e-08 9.03347e-08 -7.83599e-08 5.98738e-09
13.75 8.02834e-08 8.57501e-08 -7.36797e-08 6.03522e-09
13.775 7.63039e-08 8.16961e-08 -6.95087e-08 6.09369e-09
13.8 7.2844e-08 7.81708e-08 -6.58422e-08 6.16431e-09
13.825 6.99008e-08 7.51718e-08 -6.26746e-08 6.24858e-09
13.85 6.74704e-08 7.26956e-08 -5.99997e-08 6.34796e-09
13.875 6.55482e-08 7.0738e-08 -5.78103e-08 6.46385e-09
13.9 6.41286e-08 6.92937e-08 -5.60985e-08 6.59758e-09
13.925 6.3205e-08 6.83563e-08 -5.48555e-08 6.7504e-09
13.95 6.27699e-08 6.79186e-08 -5.40717e-08 6.92347e-09
13.975 6.28149e-08 6.79722e-08 -5.37366e-08 7.11784e-09
14 6.33303e-08 6.85077e-08 -5.38388e-08 7.33443e-09
14.025 6.43058e-08 6.95144e-08 -5.43663e-08 7.57406e-09
14.05 6.57298e-08 7.09807e-08 -5.53059e-08 7.8374e-09
14.075 6.75896e-08 7.28941e-08 -5.66441e-08 8.125e-09
14.1 6.98718e-08 7.52405e-08 -5.83661e-08 8.43723e-09
14.125 7.25617e-08 7.80054e-08 -6.04567e-08 8.77436e-09
14.15 7.56438e-08 8.11728e-08 -6.28999e-08 9.13646e-09
14.175 7.91018e-08 8.4726e-08 -6.5679e-08 9.52349e-09
14.2 8.29182e-08 8.86471e-08 -6.87767e-08 9.93523e-09
14.225 8.7075e-08 9.29177e-08 -7.21751e-08 1.03713e-08
14.25 9.15531e-08 9.75182e-08 -7.58558e-08 1.08312e-08
14.275 9.63329e-08 1.02428e-07 -7.97999e-08 1.13143e-08
14.3 1.01394e-07 1.07628e-07 -8.39881e-08 1.18197e-08
14.325 1.06715e-07 1.13094e-07 -8.84008e-08 1.23466e-08
14.35 1.12276e-07 1.18805e-07 -9.30179e-08 1.28937e-08
14.375 1.18053e-07 1.24739e-07 -9.78194e-08 1.346e-08
14.4 1.24025e-07 1.30873e-07 -1.02785e-07 1.40441e-08
14.425 1.30168e-07 1.37183e-07 -1.07894e-07 1.46445e-08
14.45 1.36461e-07 1.43645e-07 -1.13125e-07 1.52598e-08
14.475 1.42879e-07 1.50236e-07 -1.1846e-07 1.58882e-08
14.5 1.494e-07 1.56932e-07 -1.23876e-07 1.65282e-08
14.525 1.56001e-07 1.63709e-07 -1.29354e-07 1.71778e-08
14.55 1.62658e-07 1.70544e-07 -1.34874e-07 1.78352e-08
14.575 1.69349e-07 1.77413e-07 -1.40416e-07 1.84985e-08
14.6 1.76051e-07 1.84292e-07 -1.45961e-07 1.91658e-08
14.625 1.82741e-07 1.91159e-07 -1.51489e-07 1.98351e-08
14.65 1.89399e-07 1.97992e-07 -1.56983e-07 2.05044e-08
14.675 1.96001e-07 2.04767e-07 -1.62423e-07 2.11717e-08
14.7 2.02528e-07 2.11464e-07 -1.67794e-07 2.18349e-08
14.725 2.08959e-07 2.18061e-07 -1.73077e-07 2.24921e-08
14.75 2.15275e-07 2.24539e-07 -1.78257e-07 2.31413e-08
14.775 2.21456e-07 2.30878e-07 -1.83317e-07 2.37805e-08
14.8 2.27485e-07 2.3706e-07 -1.88244e-07 2.44078e-08
14.825 2.33344e-07 2.43066e-07 -1.93024e-07 2.50214e-08
14.85 2.39016e-07 2.48881e-07 -1.97642e-07 2.56194e-08
14.875 2.44487e-07 2.54487e-07 -2.02086e-07 2.62001e-08
14.9 2.49741e-07 2.5987e-07 -2.06346e-07 2.67618e-08
14.925 2.54766e-07 2.65016e-07 -2.1041e-07 2.7303e-08
14.95 2.59548e-07 2.69913e-07 -2.14268e-07 2.78221e-08
14.975 2.64075e-07 2.74547e-07 -2.17912e-07 2.83176e-08
15 2.68339e-07 2.7891e-07 -2.21333e-07 2.87884e-08
15.025 2.72328e-07 2.82991e-07 -2.24525e-07 2.9233e-08
15.05 2.76035e-07 2.86781e-07 -2.2748e-07 2.96505e-08
15.075 2.79453e-07 2.90273e-07 -2.30194e-07 3.00397e-08
15.1 2.82574e-07 2.93461e-07 -2.32662e-07 3.03997e-08
15.125 2.85395e-07 2.9634e-07 -2.3488e-07 3.07298e-08
15.15 2.87911e-07 2.98905e-07 -2.36846e-07 3.10293e-08
15.175 2.90119e-07 3.01153e-07 -2.38558e-07 3.12975e-08
15.2 2.92016e-07 3.03082e-07 -2.40015e-07 3.15339e-08
15.225 2.93603e-07 3.04692e-07 -2.41215e-07 3.17383e-08
15.25 2.94878e-07 3.05982e-07 -2.42161e-07 3.19103e-08
15.275 2.95843e-07 3.06953e-07 -2.42853e-07 3.20498e-08
15.3 2.96499e-07 3.07606e-07 -2.43293e-07 3.21567e-08
15.325 2.9685e-07 3.07946e-07 -2.43484e-07 3.22311e-08
15.35 2.96898e-07 3.07975e-07 -2.43429e-07 3.22731e-08
15.375 2.96648e-07 3.07697e-07 -2.43131e-07 3.2283e-08
15.4 2.96105e-07 3.07119e-07 -2.42597e-07 3.22612e-08
15.425 2.95274e-07 3.06246e-07 -2.4183e-07 3.2208e-08
15.45 2.94163e-07 3.05084e-07 -2.40836e-07 3.2124e-08
15.475 2.92779e-07 3.03641e-07 -2.39621e-07 3.20097e-08
15.5 2.91128e-07 3.01925e-07 -2.38193e-07 3.18659e-08
15.525 2.8922e-07 2.99944e-07 -2.36557e-07 3.16933e-08
15.55 2.87062e-07 2.97707e-07 -2.34722e-07 3.14926e-08
15.575 2.84664e-07 2.95223e-07 -2.32694e-07 3.12648e-08
15.6 2.82036e-07 2.92503e-07 -2.30482e-07 3.10108e-08
15.625 2.79188e-07 2.89557e-07 -2.28093e-07 3.07315e-08
15.65 2.76129e-07 2.86394e-07 -2.25538e-07 3.0428e-08
15.675 2.7287e-07 2.83025e-07 -2.22823e-07 3.01013e-08
15.7 2.69422e-07 2.79462e-07 -2.19957e-07 2.97525e-08
15.725 2.65795e-07 2.75716e-07 -2.1695e-07 2.93828e-08
15.75 2.62001e-07 2.71797e-07 -2.13811e-07 2.89932e-08
15.775 2.5805e-07 2.67718e-07 -2.10548e-07 2.8585e-08
15.8 2.53954e-07 2.63489e-07 -2.0717e-07 2.81593e-08
15.825 2.49723e-07 2.59122e-07 -2.03687e-07 2.77173e-08
15.85 2.45369e-07 2.54627e-07 -2.00107e-07 2.72603e-08
15.875 2.40903e-07 2.50018e-07 -1.96439e-07 2.67893e-08
15.9 2.36336e-07 2.45303e-07 -1.92692e-07 2.63057e-08
15.925 2.31678e-07 2.40496e-07 -1.88875e-07 2.58106e-08
15.95 2.2694e-07 2.35605e-07 -1.84995e-07 2.53051e-08
15.975 2.22132e-07 2.30643e-07 -1.81062e-07 2.47905e-08
16 2.17265e-07 2.2562e-07 -1.77084e-07 2.42678e-08
16.025 2.12348e-07 2.20545e-07 -1.73068e-07 2.37383e-08
16.05 2.07392e-07 2.15429e-07 -1.69023e-07 2.3203e-08
16.075 2.02405e-07 2.10281e-07 -1.64955e-07 2.2663e-08
16.1 1.97397e-07 2.05112e-07 -1.60873e-07 2.21193e-08
16.125 1.92377e-07 1.99929e-07 -1.56783e-07 2.15729e-08
16.15 1.87354e-07 1.94742e-07 -1.52692e-07 2.1025e-08
16.175 1.82334e-07 1.89558e-07 -1.48606e-07 2.04763e-08
16.2 1.77327e-07 1.84387e-07 -1.44532e-07 1.99278e-08
16.225 1.7234e-07 1.79236e-07 -1.40475e-07 1.93804e-08
16.25 1.67379e-07 1.74112e-07 -1.36442e-07 1.88349e-08
16.275 1.62452e-07 1.69021e-07 -1.32437e-07 1.82922e-08
16.3 1.57565e-07 1.63972e-07 -1.28466e-07 1.77529e-08
16.325 1.52724e-07 1.58969e-07 -1.24533e-07 1.72179e-08
16.35 1.47935e-07 1.54019e-07 -1.20644e-07 1.66877e-08
16.375 1.43203e-07 1.49127e-07 -1.16801e-07 1.61631e-08
16.4 1.38533e-07 1.44298e-07 -1.13009e-07 1.56445e-08
16.425 1.3393e-07 1.39538e-07 -1.09272e-07 1.51327e-08
16.45 1.29397e-07 1.34849e-07 -1.05593e-07 1.46281e-08
16.475 1.24939e-07 1.30237e-07 -1.01974e-07 1.41311e-08
16.5 1.20559e-07 1.25704e-07 -9.84195e-08 1.36423e-08
16.525 1.1626e-07 1.21255e-07 -9.49308e-08 1.3162e-08
16.55 1.12046e-07 1.16892e-07 -9.15105e-08 1.26905e-08
16.575 1.07918e-07 1.12617e-07 -8.81605e-08 1.22283e-08
16.6 1.03879e-07 1.08434e-07 -8.48826e-08 1.17755e-08
16.625 9.99303e-08 1.04343e-07 -8.16782e-08 1.13325e-08
16.65 9.60745e-08 1.00348e-07 -7.85486e-08 1.08995e-08
16.675 9.23124e-08 9.64481e-08 -7.54949e-08 1.04766e-08
16.7 8.86452e-08 9.26458e-08 -7.25179e-08 1.0064e-08
16.725 8.50736e-08 8.89417e-08 -6.96181e-08 9.66181e-09
16.75 8.15982e-08 8.53364e-08 -6.67961e-08 9.27017e-09
16.775 7.82194e-08 8.18303e-08 -6.40521e-08 8.88911e-09
16.8 7.49373e-08 7.84235e-08 -6.13861e-08 8.51869e-09
16.825 7.17518e-08 7.51159e-08 -5.8798e-08 8.15891e-09
16.85 6.86625e-08 7.19073e-08 -5.62877e-08 7.80978e-09
16.875 6.56691e-08 6.87972e-08 -5.38547e-08 7.47126e-09
16.9 6.27709e-08 6.57851e-08 -5.14985e-08 7.1433e-09
16.925 5.9967e-08 6.28701e-08 -4.92184e-08 6.82583e-09
16.95 5.72565e-08 6.00512e-08 -4.70137e-08 6.51877e-09
16.975 5.46383e-08 5.73274e-08 -4.48834e-08 6.222e-09
17 5.21112e-08 5.46974e-08 -4.28266e-08 5.93541e-09
17.025 4.96739e-08 5.21598e-08 -4.08421e-08 5.65886e-09
17.05 4.73248e-08 4.97133e-08 -3.89289e-08 5.3922e-09
17.075 4.50624e-08 4.73563e-08 -3.70857e-08 5.13528e-09
17.1 4.28851e-08 4.5087e-08 -3.53112e-08 4.88791e-09
17.125 4.07912e-08 4.29039e-08 -3.3604e-08 4.64992e-09
17.15 3.8779e-08 4.0805e-08 -3.19627e-08 4.42113e-09
17.175 3.68465e-08 3.87885e-08 -3.03858e-08 4.20132e-09
17.2 3.49919e-08 3.68525e-08 -2.88719e-08 3.99031e-09
17.225 3.32133e-08 3.4995e-08 -2.74193e-08 3.78787e-09
17.25 3.15086e-08 3.32141e-08 -2.60265e-08 3.59379e-09
17.275 2.9876e-08 3.15077e-08 -2.4692e-08 3.40786e-09
17.3 2.83134e-08 2.98737e-08 -2.3414e-08 3.22985e-09
17.325 2.68187e-08 2.83102e-08 -2.21911e-08 3.05955e-09
17.35 2.539e-08 2.68149e-08 -2.10215e-08 2.89672e-09
17.375 2.40252e-08 2.53859e-08 -1.99037e-08 2.74113e-09
17.4 2.27223e-08 2.40211e-08 -1.8836e-08 2.59257e-09
17.425 2.14792e-08 2.27184e-08 -1.78167e-08 2.45081e-09
17.45 2.0294e-08 2.14757e-08 -1.68444e-08 2.31562e-09
17.475 1.91646e-08 2.0291e-08 -1.59174e-08 2.18679e-09
17.5 1.80891e-08 1.91622e-08 -1.50341e-08 2.06407e-09
17.525 1.70656e-08 1.80875e-08 -1.41929e-08 1.94727e-09
17.55 1.6092e-08 1.70647e-08 -1.33924e-08 1.83616e-09
17.575 1.51666e-08 1.6092e-08 -1.26309e-08 1.73053e-09
17.6 1.42874e-08 1.51674e-08 -1.19071e-08 1.63018e-09
17.625 1.34527e-08 1.42892e-08 -1.12194e-08 1.53488e-09
17.65 1.26606e-08 1.34554e-08 -1.05665e-08 1.44445e-09
17.675 1.19094e-08 1.26642e-08 -9.94681e-09 1.35868e-09
17.7 1.11975e-08 1.19139e-08 -9.35911e-09 1.27739e-09
17.725 1.05231e-08 1.12028e-08 -8.80203e-09 1.20038e-09
17.75 9.88456e-09 1.05292e-08 -8.27426e-09 1.12747e-09
17.775 9.28043e-09 9.8915e-09 -7.77454e-09 1.05848e-09
17.8 8.70912e-09 9.28811e-09 -7.30163e-09 9.93241e-10
17.825 8.16915e-09 8.71749e-09 -6.85433e-09 9.31579e-10
17.85 7.65908e-09 8.17816e-09 -6.4315e-09 8.73332e-10
17.875 7.17752e-09 7.66868e-09 -6.032e-09 8.18341e-10
17.9 6.72312e-09 7.18766e-09 -5.65475e-09 7.66453e-10
17.925 6.29459e-09 6.73374e-09 -5.2987e-09 7.17521e-10
17.95 5.89066e-09 6.30563e-09 -4.96283e-09 6.714e-10
17.975 5.51013e-09 5.90207e-09 -4.64617e-09 6.27952e-10
18 5.15183e-09 5.52186e-09 -4.34777e-09 5.87046e-10
18.025 4.81465e-09 5.16383e-09 -4.06672e-09 5.48552e-10
18.05 4.49749e-09 4.82685e-09 -3.80216e-09 5.12348e-10
18.075 4.19933e-09 4.50986e-09 -3.55323e-09 4.78315e-10
18.1 3.91918e-09 4.21182e-09 -3.31915e-09 4.4634e-10
18.125 3.65608e-09 3.93175e-09 -3.09912e-09 4.16314e-10
18.15 3.40913e-09 3.66868e-09 -2.89241e-09 3.88133e-10
18.175 3.17744e-09 3.42172e-09 -2.69832e-09 3.61697e-10
18.2 2.96018e-09 3.18998e-09 -2.51616e-09 3.36912e-10
18.225 2.75657e-09 2.97265e-09 -2.34528e-09 3.13684e-10
18.25 2.56583e-09 2.76892e-09 -2.18507e-09 2.91929e-10
18.275 2.38724e-09 2.57805e-09 -2.03492e-09 2.71562e-10
18.3 2.22011e-09 2.39929e-09 -1.89428e-09 2.52505e-10
18.325 2.06379e-09 2.23198e-09 -1.76261e-09 2.34682e-10
18.35 1.91764e-09 2.07544e-09 -1.6394e-09 2.18022e-10
18.375 1.78107e-09 1.92906e-09 -1.52415e-09 2.02456e-10
18.4 1.65351e-09 1.79225e-09 -1.41641e-09 1.8792e-10
18.425 1.53443e-09 1.66443e-09 -1.31573e-09 1.74352e-10
18.45 1.42332e-09 1.54508e-09 -1.22169e-09 1.61694e-10
18.475 1.31968e-09 1.43368e-09 -1.1339e-09 1.49891e-10
18.5 1.22308e-09 1.32976e-09 -1.05198e-09 1.38889e-10
18.525 1.13306e-09 1.23285e-09 -9.7557e-10 1.2864e-10
18.55 1.04923e-09 1.14253e-09 -9.04337e-10 1.19097e-10
18.575 9.71191e-10 1.05839e-09 -8.3796e-10 1.10215e-10
18.6 8.98578e-10 9.80038e-10 -7.76135e-10 1.01952e-10
18.625 8.31046e-10 9.07113e-10 -7.18576e-10 9.42687e-11
18.65 7.68268e-10 8.3927e-10 -6.65014e-10 8.7128e-11
18.675 7.09938e-10 7.76182e-10 -6.15193e-10 8.04944e-11
18.7 6.55763e-10 7.17543e-10 -5.68873e-10 7.43349e-11
18.725 6.05473e-10 6.63064e-10 -5.25828e-10 6.86181e-11
18.75 5.58808e-10 6.12472e-10 -4.85843e-10 6.33147e-11
18.775 5.15528e-10 5.65512e-10 -4.48718e-10 5.8397e-11
18.8 4.75405e-10 5.21941e-10 -4.14263e-10 5.38391e-11
18.825 4.38226e-10 4.81534e-10 -3.823e-10 4.96166e-11
18.85 4.0379e-10 4.44076e-10 -3.52663e-10 4.57064e-11
18.875 3.71908e-10 4.09368e-10 -3.25194e-10 4.20872e-11
18.9 3.42405e-10 3.77222e-10 -2.99745e-10 3.87388e-11
18.925 3.15115e-10 3.47462e-10 -2.76178e-10 3.56424e-11
18.95 2.89883e-10 3.19923e-10 -2.54363e-10 3.27801e-11
18.975 2.66564e-10 2.9445e-10 -2.34179e-10 3.01355e-11
19 2.45023e-10 2.70899e-10 -2.15512e-10 2.76932e-11
19.025 2.25132e-10 2.49133e-10 -1.98256e-10 2.54385e-11
19.05 2.06774e-10 2.29026e-10 -1.8231e-10 2.33581e-11
19.075 1.89837e-10 2.10459e-10 -1.67581e-10 2.14392e-11
19.1 1.74219e-10 1.93322e-10 -1.53982e-10 1.96702e-11
19.125 1.59822e-10 1.77511e-10 -1.41431e-10 1.80399e-11
19.15 1.46557e-10 1.6293e-10 -1.29854e-10 1.65382e-11
19.175 1.3434e-10 1.49489e-10 -1.19178e-10 1.51556e-11
19.2 1.23093e-10 1.37104e-10 -1.09338e-10 1.3883e-11
19.225 1.12744e-10 1.25696e-10 -1.00271e-10 1.27123e-11
19.25 1.03224e-10 1.15193e-10 -9.19218e-11 1.16358e-11
19.275 9.44716e-11 1.05528e-10 -8.42352e-11 1.06463e-11
19.3 8.64276e-11 9.66362e-11 -7.71619e-11 9.73713e-12
19.325 7.90379e-11 8.84601e-11 -7.06558e-11 8.90215e-12
19.35 7.22521e-11 8.09449e-11 -6.46737e-11 8.13561e-12
19.375 6.60234e-11 7.40401e-11 -5.91757e-11 7.4322e-12
19.4 6.03084e-11 6.76986e-11 -5.41246e-11 6.78699e-12
19.425 5.5067e-11 6.18769e-11 -4.94861e-11 6.19541e-12
19.45 5.02619e-11 5.65345e-11 -4.52281e-11 5.65322e-12
19.475 4.58586e-11 5.1634e-11 -4.1321e-11 5.15651e-12
19.5 4.18251e-11 4.71406e-11 -3.77373e-11 4.70165e-12
19.525 3.81318e-11 4.30221e-11 -3.44515e-11 4.28528e-12
19.55 3.47515e-11 3.92487e-11 -3.14402e-11 3.90429e-12
19.575 3.16589e-11 3.5793e-11 -2.86814e-11 3.55583e-12
19.6 2.88306e-11 3.26295e-11 -2.6155e-11 3.23725e-12
19.625 2.62451e-11 2.97345e-11 -2.38423e-11 2.9461e-12
19.65 2.38825e-11 2.70864e-11 -2.17261e-11 2.68012e-12
19.675 2.17244e-11 2.4665e-11 -1.97905e-11 2.43724e-12
19.7 1.97539e-11 2.24517e-11 -1.80207e-11 2.21555e-12
19.725 1.79555e-11 2.04296e-11 -1.64031e-11 2.01326e-12
19.75 1.63147e-11 1.85828e-11 -1.49253e-11 1.82877e-12
19.775 1.48183e-11 1.68968e-11 -1.35757e-11 1.66056e-12
19.8 1.34542e-11 1.53581e-11 -1.23436e-11 1.50726e-12
19.825 1.22112e-11 1.39545e-11 -1.12193e-11 1.36761e-12
19.85 1.10789e-11 1.26745e-11 -1.01936e-11 1.24044e-12
19.875 1.00479e-11 1.15078e-11 -9.25844e-12 1.12468e-12
19.9 9.10947e-12 1.04447e-11 -8.406e-12 1.01935e-12
19.925 8.25567e-12 9.47639e-12 -7.6293e-12 9.23546e-13
19.95 7.47916e-12 8.59475e-12 -6.92187e-12 8.36438e-13
19.975 6.77321e-12 7.79233e-12 -6.27779e-12 7.5727e-13
20 6.13166e-12 7.0623e-12 -5.69161e-12 6.85344e-13
