0 0.131963 0.141341 -0.0366484 0.0523463
0.025 0.131963 0.141341 -0.0366484 0.0523463
0.05 0.13197 0.141347 -0.0366169 0.0523653
0.075 0.131982 0.141358 -0.0365646 0.0523969
0.1 0.131998 0.141374 -0.0364915 0.0524411
0.125 0.13202 0.141393 -0.0363978 0.0524977
0.15 0.132046 0.141417 -0.0362839 0.0525667
0.175 0.132076 0.141445 -0.0361499 0.0526478
0.2 0.132111 0.141478 -0.0359962 0.0527409
0.225 0.132151 0.141515 -0.0358233 0.0528457
0.25 0.132196 0.141556 -0.0356315 0.0529621
0.275 0.132245 0.141601 -0.0354213 0.0530897
0.3 0.132298 0.14165 -0.0351934 0.0532282
0.325 0.132356 0.141703 -0.0349482 0.0533774
0.35 0.132418 0.14176 -0.0346863 0.0535369
0.375 0.132485 0.141821 -0.0344086 0.0537063
0.4 0.132555 0.141886 -0.0341156 0.0538852
0.425 0.13263 0.141955 -0.033808 0.0540732
0.45 0.132709 0.142027 -0.0334868 0.05427
0.475 0.132792 0.142102 -0.0331526 0.0544749
0.5 0.132878 0.142182 -0.0328063 0.0546876
0.525 0.132968 0.142264 -0.0324488 0.0549076
0.55 0.133062 0.14235 -0.0320809 0.0551344
0.575 0.133159 0.142438 -0.0317036 0.0553674
0.6 0.13326 0.14253 -0.0313178 0.0556061
0.625 0.133363 0.142624 -0.0309244 0.05585
0.65 0.13347 0.142721 -0.0305244 0.0560985
0.675 0.133579 0.142821 -0.0301187 0.056351
0.7 0.133691 0.142922 -0.0297083 0.056607
0.725 0.133806 0.143026 -0.0292942 0.0568659
0.75 0.133922 0.143132 -0.0288774 0.0571271
0.775 0.134041 0.143239 -0.0284588 0.05739
0.8 0.134161 0.143348 -0.0280395 0.057654
0.825 0.134283 0.143457 -0.0276203 0.0579185
0.85 0.134406 0.143568 -0.0272023 0.058183
0.875 0.13453 0.14368 -0.0267864 0.0584468
0.9 0.134655 0.143792 -0.0263736 0.0587094
0.925 0.13478 0.143905 -0.0259646 0.0589701
0.95 0.134906 0.144017 -0.0255605 0.0592284
0.975 0.135031 0.14413 -0.0251621 0.0594838
1 0.135157 0.144242 -0.0247703 0.0597356
1.025 0.135281 0.144353 -0.0243858 0.0599834
1.05 0.135405 0.144463 -0.0240095 0.0602266
1.075 0.135527 0.144571 -0.0236421 0.0604647
1.1 0.135648 0.144679 -0.0232843 0.0606971
1.125 0.135767 0.144784 -0.0229369 0.0609235
1.15 0.135884 0.144887 -0.0226004 0.0611434
1.175 0.135998 0.144988 -0.0222756 0.0613562
1.2 0.136109 0.145086 -0.0219629 0.0615617
1.225 0.136218 0.145182 -0.0216629 0.0617593
1.25 0.136323 0.145274 -0.0213761 0.0619488
1.275 0.136424 0.145362 -0.021103 0.0621297
1.3 0.136521 0.145448 -0.0208438 0.0623018
1.325 0.136615 0.145529 -0.0205991 0.0624648
1.35 0.136703 0.145606 -0.020369 0.0626183
1.375 0.136787 0.145678 -0.0201539 0.0627623
1.4 0.136866 0.145747 -0.019954 0.0628963
1.425 0.13694 0.14581 -0.0197694 0.0630204
1.45 0.137008 0.145869 -0.0196002 0.0631342
1.475 0.13707 0.145922 -0.0194466 0.0632378
1.5 0.137127 0.145971 -0.0193085 0.0633311
1.525 0.137177 0.146014 -0.0191859 0.0634139
1.55 0.137222 0.146051 -0.0190788 0.0634863
1.575 0.13726 0.146083 -0.0189869 0.0635482
1.6 0.137291 0.14611 -0.0189103 0.0635999
1.625 0.137316 0.146131 -0.0188486 0.0636412
1.65 0.137335 0.146146 -0.0188016 0.0636724
1.675 0.137347 0.146156 -0.018769 0.0636936
1.7 0.137352 0.14616 -0.0187505 0.0637049
1.725 0.137351 0.146159 -0.0187457 0.0637067
1.75 0.137343 0.146152 -0.0187542 0.063699
1.775 0.137329 0.14614 -0.0187756 0.0636823
1.8 0.137308 0.146123 -0.0188093 0.0636567
1.825 0.137281 0.1461 -0.0188549 0.0636228
1.85 0.137248 0.146073 -0.0189118 0.0635807
1.875 0.137209 0.146041 -0.0189795 0.0635309
1.9 0.137165 0.146005 -0.0190572 0.0634739
1.925 0.137114 0.145964 -0.0191445 0.06341
1.95 0.137059 0.14592 -0.0192407 0.0633397
1.975 0.136999 0.145872 -0.0193451 0.0632635
2 0.136935 0.145821 -0.019457 0.063182
2.025 0.136866 0.145767 -0.0195757 0.0630956
2.05 0.136793 0.14571 -0.0197006 0.0630049
2.075 0.136717 0.145652 -0.0198308 0.0629105
2.1 0.136639 0.145591 -0.0199656 0.0628129
2.125 0.136557 0.14553 -0.0201044 0.0627128
2.15 0.136474 0.145468 -0.0202464 0.0626107
2.175 0.136389 0.145405 -0.0203908 0.0625072
2.2 0.136304 0.145343 -0.0205368 0.062403
2.225 0.136218 0.145281 -0.0206838 0.0622987
2.25 0.136132 0.145221 -0.0208311 0.0621949
2.275 0.136048 0.145162 -0.0209778 0.0620923
2.3 0.135964 0.145106 -0.0211234 0.0619914
2.325 0.135883 0.145053 -0.021267 0.0618929
2.35 0.135804 0.145003 -0.021408 0.0617975
2.375 0.135729 0.144957 -0.0215458 0.0617057
2.4 0.135658 0.144916 -0.0216796 0.0616181
2.425 0.135591 0.14488 -0.021809 0.0615353
2.45 0.13553 0.144849 -0.0219332 0.061458
2.475 0.135474 0.144825 -0.0220517 0.0613866
2.5 0.135425 0.144807 -0.0221639 0.0613218
2.525 0.135384 0.144797 -0.0222693 0.061264
2.55 0.13535 0.144795 -0.0223675 0.0612137
2.575 0.135325 0.144801 -0.022458 0.0611716
2.6 0.135308 0.144816 -0.0225402 0.0611379
2.625 0.135302 0.14484 -0.0226139 0.0611131
2.65 0.135306 0.144874 -0.0226787 0.0610977
2.675 0.13532 0.144918 -0.0227343 0.0610921
2.7 0.135346 0.144973 -0.0227802 0.0610965
2.725 0.135384 0.145039 -0.0228164 0.0611113
2.75 0.135435 0.145116 -0.0228426 0.0611367
2.775 0.135498 0.145205 -0.0228586 0.0611731
2.8 0.135574 0.145305 -0.0228643 0.0612205
2.825 0.135664 0.145418 -0.0228595 0.0612793
2.85 0.135767 0.145543 -0.0228443 0.0613494
2.875 0.135885 0.145681 -0.0228184 0.0614311
2.9 0.136017 0.145831 -0.0227821 0.0615244
2.925 0.136164 0.145994 -0.0227353 0.0616292
2.95 0.136326 0.146169 -0.0226781 0.0617455
2.975 0.136502 0.146357 -0.0226107 0.0618734
3 0.136694 0.146558 -0.0225331 0.0620125
3.025 0.1369 0.146771 -0.0224456 0.0621629
3.05 0.137121 0.146997 -0.0223483 0.0623243
3.075 0.137357 0.147235 -0.0222416 0.0624965
3.1 0.137607 0.147484 -0.0221258 0.0626791
3.125 0.137871 0.147745 -0.0220011 0.0628719
3.15 0.13815 0.148017 -0.0218678 0.0630745
3.175 0.138442 0.148299 -0.0217264 0.0632864
3.2 0.138746 0.148592 -0.0215773 0.0635074
3.225 0.139064 0.148894 -0.0214208 0.0637367
3.25 0.139394 0.149205 -0.0212574 0.063974
3.275 0.139734 0.149525 -0.0210876 0.0642187
3.3 0.140086 0.149852 -0.0209118 0.0644701
3.325 0.140448 0.150186 -0.0207305 0.0647276
3.35 0.140819 0.150526 -0.0205443 0.0649907
3.375 0.141198 0.150871 -0.0203537 0.0652584
3.4 0.141584 0.15122 -0.0201591 0.0655303
3.425 0.141977 0.151572 -0.0199612 0.0658053
3.45 0.142375 0.151926 -0.0197606 0.0660829
3.475 0.142777 0.152282 -0.0195576 0.0663622
3.5 0.143182 0.152637 -0.019353 0.0666422
3.525 0.143589 0.152992 -0.0191472 0.0669223
3.55 0.143997 0.153344 -0.0189409 0.0672014
3.575 0.144403 0.153692 -0.0187346 0.0674788
3.6 0.144808 0.154036 -0.0185288 0.0677534
3.625 0.145209 0.154373 -0.0183241 0.0680244
3.65 0.145606 0.154703 -0.018121 0.0682908
3.675 0.145996 0.155023 -0.0179201 0.0685517
3.7 0.146378 0.155334 -0.0177219 0.0688061
3.725 0.146751 0.155633 -0.0175268 0.0690531
3.75 0.147113 0.155919 -0.0173354 0.0692916
3.775 0.147462 0.15619 -0.0171482 0.0695208
3.8 0.147797 0.156445 -0.0169656 0.0697398
3.825 0.148117 0.156683 -0.016788 0.0699474
3.85 0.14842 0.156902 -0.0166158 0.0701429
3.875 0.148704 0.1571 -0.0164495 0.0703252
3.9 0.148967 0.157277 -0.0162895 0.0704936
3.925 0.149209 0.15743 -0.016136 0.0706469
3.95 0.149427 0.157558 -0.0159893 0.0707845
3.975 0.14962 0.157661 -0.0158499 0.0709054
4 0.149787 0.157735 -0.015718 0.0710088
4.025 0.149925 0.157781 -0.0155937 0.0710938
4.05 0.150034 0.157797 -0.0154774 0.0711597
4.075 0.150112 0.157781 -0.0153691 0.0712058
4.1 0.150158 0.157732 -0.0152692 0.0712312
4.125 0.150169 0.157648 -0.0151776 0.0712354
4.15 0.150146 0.15753 -0.0150946 0.0712176
4.175 0.150086 0.157375 -0.0150201 0.0711773
4.2 0.149989 0.157182 -0.0149542 0.0711138
4.225 0.149853 0.15695 -0.0148969 0.0710267
4.25 0.149677 0.156679 -0.0148483 0.0709153
4.275 0.14946 0.156367 -0.0148082 0.0707794
4.3 0.149202 0.156013 -0.0147766 0.0706184
4.325 0.1489 0.155618 -0.0147534 0.0704321
4.35 0.148555 0.155178 -0.0147384 0.07022
4.375 0.148166 0.154696 -0.0147315 0.069982
4.4 0.147732 0.154168 -0.0147326 0.0697179
4.425 0.147252 0.153596 -0.0147413 0.0694274
4.45 0.146727 0.152978 -0.0147575 0.0691104
4.475 0.146155 0.152315 -0.0147809 0.0687669
4.5 0.145535 0.151605 -0.0148113 0.068397
4.525 0.144869 0.150849 -0.0148483 0.0680005
4.55 0.144156 0.150047 -0.0148916 0.0675777
4.575 0.143395 0.149198 -0.0149408 0.0671286
4.6 0.142588 0.148303 -0.0149957 0.0666535
4.625 0.141733 0.147361 -0.0150558 0.0661526
4.65 0.140831 0.146373 -0.0151207 0.0656262
4.675 0.139882 0.145339 -0.01519 0.0650747
4.7 0.138887 0.14426 -0.0152634 0.0644984
4.725 0.137846 0.143136 -0.0153403 0.0638978
4.75 0.13676 0.141967 -0.0154203 0.0632735
4.775 0.13563 0.140755 -0.015503 0.0626258
4.8 0.134455 0.139499 -0.015588 0.0619554
4.825 0.133237 0.138201 -0.0156747 0.061263
4.85 0.131977 0.136861 -0.0157626 0.0605492
4.875 0.130676 0.135481 -0.0158514 0.0598146
4.9 0.129334 0.134061 -0.0159406 0.0590601
4.925 0.127954 0.132602 -0.0160296 0.0582864
4.95 0.126535 0.131107 -0.0161181 0.0574943
4.975 0.125079 0.129575 -0.0162054 0.0566846
5 0.123588 0.128008 -0.0162913 0.0558583
5.025 0.122063 0.126408 -0.0163752 0.0550162
5.05 0.120506 0.124775 -0.0164567 0.0541592
5.075 0.118917 0.123112 -0.0165353 0.0532883
5.1 0.117298 0.121419 -0.0166106 0.0524044
5.125 0.115651 0.119699 -0.0166823 0.0515085
5.15 0.113978 0.117953 -0.0167498 0.0506016
5.175 0.11228 0.116182 -0.0168129 0.0496848
5.2 0.110558 0.114389 -0.0168711 0.0487589
5.225 0.108815 0.112574 -0.016924 0.0478251
5.25 0.107052 0.11074 -0.0169714 0.0468844
5.275 0.105271 0.108888 -0.0170129 0.0459377
5.3 0.103473 0.10702 -0.0170482 0.0449861
5.325 0.101661 0.105138 -0.017077 0.0440307
5.35 0.0998365 0.103244 -0.0170991 0.0430724
5.375 0.0980005 0.101339 -0.0171142 0.0421123
5.4 0.0961553 0.0994246 -0.017122 0.0411513
5.425 0.0943025 0.0975034 -0.0171225 0.0401905
5.45 0.0924439 0.0955767 -0.0171153 0.0392307
5.475 0.0905812 0.0936464 -0.0171004 0.038273
5.5 0.0887162 0.0917142 -0.0170775 0.0373183
5.525 0.0868506 0.0897818 -0.0170467 0.0363676
5.55 0.084986 0.0878509 -0.0170077 0.0354216
5.575 0.0831241 0.0859231 -0.0169606 0.0344812
5.6 0.0812665 0.0840001 -0.0169053 0.0335474
5.625 0.0794148 0.0820836 -0.0168417 0.0326209
5.65 0.0775705 0.0801749 -0.0167699 0.0317025
5.675 0.0757352 0.0782758 -0.0166898 0.030793
5.7 0.0739102 0.0763876 -0.0166015 0.029893
5.725 0.0720971 0.0745119 -0.0165052 0.0290034
5.75 0.0702972 0.0726499 -0.0164008 0.0281246
5.775 0.0685118 0.0708032 -0.0162884 0.0272574
5.8 0.0667422 0.0689729 -0.0161682 0.0264023
5.825 0.0649896 0.0671603 -0.0160404 0.0255599
5.85 0.0632552 0.0653666 -0.015905 0.0247308
5.875 0.06154 0.0635929 -0.0157623 0.0239153
5.9 0.0598453 0.0618403 -0.0156124 0.023114
5.925 0.0581718 0.0601099 -0.0154555 0.0223272
5.95 0.0565207 0.0584027 -0.015292 0.0215553
5.975 0.0548928 0.0567194 -0.0151219 0.0207987
6 0.0532888 0.055061 -0.0149456 0.0200577
6.025 0.0517096 0.0534282 -0.0147632 0.0193325
6.05 0.0501559 0.0518218 -0.0145752 0.0186233
6.075 0.0486284 0.0502425 -0.0143816 0.0179304
6.1 0.0471275 0.0486909 -0.014183 0.0172539
6.125 0.045654 0.0471674 -0.0139794 0.016594
6.15 0.0442081 0.0456727 -0.0137713 0.0159507
6.175 0.0427905 0.0442071 -0.0135588 0.0153241
6.2 0.0414014 0.042771 -0.0133425 0.0147143
6.225 0.0400411 0.0413648 -0.0131224 0.0141212
6.25 0.0387099 0.0399887 -0.0128991 0.0135448
6.275 0.0374081 0.0386429 -0.0126727 0.0129851
6.3 0.0361357 0.0373276 -0.0124436 0.012442
6.325 0.034893 0.036043 -0.0122121 0.0119154
6.35 0.0336798 0.034789 -0.0119786 0.0114052
6.375 0.0324964 0.0335657 -0.0117433 0.0109112
6.4 0.0313426 0.0323731 -0.0115065 0.0104333
6.425 0.0302184 0.0312111 -0.0112686 0.00997127
6.45 0.0291237 0.0300796 -0.0110298 0.00952489
6.475 0.0280582 0.0289785 -0.0107906 0.00909395
6.5 0.027022 0.0279074 -0.010551 0.00867821
6.525 0.0260146 0.0268663 -0.0103115 0.00827741
6.55 0.0250359 0.0258548 -0.0100723 0.00789129
6.575 0.0240856 0.0248728 -0.00983361 0.00751957
6.6 0.0231634 0.0239197 -0.0095958 0.00716195
6.625 0.0222689 0.0229953 -0.00935907 0.00681813
6.65 0.0214017 0.0220993 -0.00912368 0.0064878
6.675 0.0205616 0.0212311 -0.00888984 0.00617064
6.7 0.019748 0.0203904 -0.00865779 0.00586633
6.725 0.0189605 0.0195768 -0.00842774 0.00557453
6.75 0.0181987 0.0187897 -0.00819989 0.00529492
6.775 0.0174622 0.0180287 -0.00797444 0.00502715
6.8 0.0167503 0.0172933 -0.00775156 0.00477089
6.825 0.0160628 0.016583 -0.00753144 0.00452579
6.85 0.015399 0.0158973 -0.00731422 0.00429152
6.875 0.0147584 0.0152355 -0.00710007 0.00406773
6.9 0.0141405 0.0145973 -0.00688911 0.00385407
6.925 0.0135448 0.0139819 -0.00668148 0.00365023
6.95 0.0129707 0.013389 -0.0064773 0.00345584
6.975 0.0124178 0.0128179 -0.00627667 0.0032706
7 0.0118854 0.012268 -0.00607969 0.00309416
7.025 0.011373 0.0117388 -0.00588645 0.0029262
7.05 0.0108801 0.0112298 -0.00569701 0.0027664
7.075 0.0104062 0.0107404 -0.00551146 0.00261446
7.1 0.00995065 0.0102699 -0.00532983 0.00247005
7.125 0.00951297 0.00981796 -0.00515219 0.00233288
7.15 0.00909261 0.00938389 -0.00497858 0.00220266
7.175 0.00868906 0.00896718 -0.00480901 0.00207909
7.2 0.00830177 0.00856729 -0.00464351 0.00196189
7.225 0.00793024 0.00818367 -0.00448209 0.00185079
7.25 0.00757396 0.00781581 -0.00432477 0.00174552
7.275 0.00723242 0.00746317 -0.00417153 0.00164582
7.3 0.00690512 0.00712524 -0.00402237 0.00155144
7.325 0.00659158 0.00680153 -0.00387728 0.00146213
7.35 0.00629132 0.00649153 -0.00373622 0.00137766
7.375 0.00600387 0.00619476 -0.00359917 0.0012978
7.4 0.00572876 0.00591075 -0.0034661 0.00122232
7.425 0.00546556 0.00563902 -0.00333697 0.00115103
7.45 0.00521382 0.00537912 -0.00321173 0.0010837
7.475 0.0049731 0.00513062 -0.00309033 0.00102014
7.5 0.004743 0.00489307 -0.00297273 0.000960168
7.525 0.0045231 0.00466605 -0.00285886 0.000903594
7.55 0.004313 0.00444916 -0.00274867 0.000850244
7.575 0.00411233 0.00424199 -0.00264208 0.000799951
7.6 0.0039207 0.00404415 -0.00253905 0.000752553
7.625 0.00373774 0.00385528 -0.00243948 0.000707897
7.65 0.00356312 0.003675 -0.00234333 0.000665835
7.675 0.00339647 0.00350296 -0.0022505 0.000626228
7.7 0.00323748 0.00333881 -0.00216093 0.00058894
7.725 0.00308582 0.00318223 -0.00207455 0.000553844
7.75 0.00294117 0.0030329 -0.00199126 0.000520819
7.775 0.00280324 0.0028905 -0.00191101 0.000489748
7.8 0.00267175 0.00275474 -0.0018337 0.00046052
7.825 0.0025464 0.00262532 -0.00175926 0.000433032
7.85 0.00242693 0.00250197 -0.00168761 0.000407184
7.875 0.00231308 0.00238443 -0.00161866 0.000382881
7.9 0.00220461 0.00227242 -0.00155235 0.000360034
7.925 0.00210126 0.00216571 -0.0014886 0.000338558
7.95 0.0020028 0.00206406 -0.00142731 0.000318372
7.975 0.00190903 0.00196723 -0.00136843 0.000299401
8 0.00181971 0.00187501 -0.00131186 0.000281572
8.025 0.00173465 0.00178718 -0.00125754 0.000264818
8.05 0.00165365 0.00170354 -0.00120539 0.000249074
8.075 0.00157652 0.0016239 -0.00115534 0.00023428
8.1 0.00150308 0.00154806 -0.00110731 0.000220379
8.125 0.00143315 0.00147586 -0.00106123 0.000207316
8.15 0.00136658 0.00140712 -0.00101704 0.000195042
8.175 0.0013032 0.00134167 -0.000974657 0.000183508
8.2 0.00124285 0.00127936 -0.000934028 0.000172668
8.225 0.0011854 0.00122005 -0.000895082 0.000162482
8.25 0.0011307 0.00116357 -0.000857757 0.000152908
8.275 0.00107863 0.00110981 -0.000821991 0.000143909
8.3 0.00102905 0.00105862 -0.000787723 0.00013545
8.325 0.000981843 0.00100989 -0.000754895 0.000127498
8.35 0.000936898 0.000963495 -0.00072345 0.000120022
8.375 0.000894101 0.000919319 -0.000693333 0.000112993
8.4 0.000853349 0.000877256 -0.000664491 0.000106382
8.425 0.00081454 0.000837202 -0.000636871 0.000100165
8.45 0.00077758 0.00079906 -0.000610424 9.43177e-05
8.475 0.000742378 0.000762735 -0.000585102 8.88165e-05
8.5 0.000708848 0.000728139 -0.000560857 8.36408e-05
8.525 0.000676906 0.000695185 -0.000537644 7.87706e-05
8.55 0.000646476 0.000663795 -0.000515421 7.41871e-05
8.575 0.000617481 0.00063389 -0.000494144 6.98731e-05
8.6 0.000589853 0.000605397 -0.000473773 6.5812e-05
8.625 0.000563522 0.000578247 -0.00045427 6.19885e-05
8.65 0.000538425 0.000552373 -0.000435597 5.83882e-05
8.675 0.000514501 0.000527713 -0.000417718 5.49977e-05
8.7 0.000491693 0.000504207 -0.000400598 5.18042e-05
8.725 0.000469945 0.000481797 -0.000384205 4.8796e-05
8.75 0.000449204 0.00046043 -0.000368506 4.5962e-05
8.775 0.000429422 0.000440055 -0.000353471 4.32917e-05
8.8 0.000410552 0.000420622 -0.000339071 4.07755e-05
8.825 0.000392548 0.000402086 -0.000325278 3.84042e-05
8.85 0.000375368 0.000384402 -0.000312064 3.61692e-05
8.875 0.000358972 0.000367529 -0.000299404 3.40625e-05
8.9 0.000343321 0.000351428 -0.000287274 3.20767e-05
8.925 0.000328379 0.000336059 -0.00027565 3.02045e-05
8.95 0.000314113 0.000321389 -0.00026451 2.84395e-05
8.975 0.000300488 0.000307382 -0.000253831 2.67754e-05
9 0.000287475 0.000294008 -0.000243595 2.52064e-05
9.025 0.000275043 0.000281234 -0.00023378 2.3727e-05
9.05 0.000263165 0.000269033 -0.000224369 2.23321e-05
9.075 0.000251814 0.000257377 -0.000215343 2.10168e-05
9.1 0.000240965 0.00024624 -0.000206687 1.97766e-05
9.125 0.000230595 0.000235597 -0.000198382 1.86073e-05
9.15 0.00022068 0.000225424 -0.000190415 1.75048e-05
9.175 0.0002112 0.0002157 -0.00018277 1.64654e-05
9.2 0.000202133 0.000206404 -0.000175433 1.54855e-05
9.225 0.000193461 0.000197514 -0.000168391 1.45618e-05
9.25 0.000185165 0.000189013 -0.000161631 1.36911e-05
9.275 0.000177229 0.000180882 -0.000155141 1.28705e-05
9.3 0.000169634 0.000173105 -0.00014891 1.20972e-05
9.325 0.000162367 0.000165664 -0.000142927 1.13686e-05
9.35 0.000155411 0.000158544 -0.00013718 1.06821e-05
9.375 0.000148753 0.000151732 -0.000131661 1.00355e-05
9.4 0.00014238 0.000145212 -0.000126359 9.42652e-06
9.425 0.000136278 0.000138972 -0.000121266 8.85307e-06
9.45 0.000130435 0.000132999 -0.000116373 8.3132e-06
9.475 0.000124841 0.000127282 -0.000111672 7.80506e-06
9.5 0.000119484 0.000121808 -0.000107155 7.32687e-06
9.525 0.000114354 0.000116568 -0.000102814 6.87698e-06
9.55 0.00010944 0.00011155 -9.86425e-05 6.45383e-06
9.575 0.000104734 0.000106746 -9.4634e-05 6.05592e-06
9.6 0.000100227 0.000102145 -9.07816e-05 5.68185e-06
9.625 9.59097e-05 9.77399e-05 -8.70794e-05 5.33028e-06
9.65 9.17744e-05 9.35213e-05 -8.35213e-05 4.99997e-06
9.675 8.78133e-05 8.94813e-05 -8.01019e-05 4.68971e-06
9.7 8.40191e-05 8.56124e-05 -7.68157e-05 4.39837e-06
9.725 8.03847e-05 8.19074e-05 -7.36576e-05 4.1249e-06
9.75 7.69035e-05 7.83592e-05 -7.06227e-05 3.86826e-06
9.775 7.35692e-05 7.49614e-05 -6.77064e-05 3.62751e-06
9.8 7.03755e-05 7.17076e-05 -6.49041e-05 3.40173e-06
9.825 6.73168e-05 6.85918e-05 -6.22117e-05 3.19005e-06
9.85 6.43874e-05 6.56082e-05 -5.96248e-05 2.99167e-06
9.875 6.1582e-05 6.27514e-05 -5.71398e-05 2.80581e-06
9.9 5.88955e-05 6.00161e-05 -5.47526e-05 2.63173e-06
9.925 5.63231e-05 5.73973e-05 -5.24598e-05 2.46874e-06
9.95 5.38602e-05 5.48902e-05 -5.02578e-05 2.31618e-06
9.975 5.15022e-05 5.24901e-05 -4.81433e-05 2.17343e-06
10 4.92449e-05 5.01928e-05 -4.6113e-05 2.03989e-06
10.025 4.70842e-05 4.7994e-05 -4.4164e-05 1.915e-06
10.05 4.50162e-05 4.58896e-05 -4.22931e-05 1.79823e-06
10.075 4.30371e-05 4.38758e-05 -4.04976e-05 1.68909e-06
10.1 4.11433e-05 4.19489e-05 -3.87747e-05 1.5871e-06
10.125 3.93314e-05 4.01052e-05 -3.71216e-05 1.4918e-06
10.15 3.7598e-05 3.83415e-05 -3.55359e-05 1.40278e-06
10.175 3.59399e-05 3.66544e-05 -3.40151e-05 1.31964e-06
10.2 3.43541e-05 3.50408e-05 -3.25568e-05 1.24199e-06
10.225 3.28376e-05 3.34976e-05 -3.11586e-05 1.16948e-06
10.25 3.13876e-05 3.2022e-05 -2.98184e-05 1.10177e-06
10.275 3.00013e-05 3.06111e-05 -2.8534e-05 1.03855e-06
10.3 2.86762e-05 2.92624e-05 -2.73033e-05 9.79512e-07
10.325 2.74097e-05 2.79731e-05 -2.61244e-05 9.24381e-07
10.35 2.61993e-05 2.6741e-05 -2.49952e-05 8.7289e-07
10.375 2.50429e-05 2.55635e-05 -2.39139e-05 8.24791e-07
10.4 2.39381e-05 2.44384e-05 -2.28787e-05 7.79852e-07
10.425 2.28827e-05 2.33635e-05 -2.18878e-05 7.37853e-07
10.45 2.18748e-05 2.23367e-05 -2.09396e-05 6.98591e-07
10.475 2.09123e-05 2.13561e-05 -2.00323e-05 6.61872e-07
10.5 1.99933e-05 2.04195e-05 -1.91645e-05 6.27518e-07
10.525 1.91159e-05 1.95252e-05 -1.83345e-05 5.95362e-07
10.55 1.82784e-05 1.86714e-05 -1.75409e-05 5.65247e-07
10.575 1.74792e-05 1.78563e-05 -1.67823e-05 5.37027e-07
10.6 1.67164e-05 1.70783e-05 -1.60572e-05 5.10568e-07
10.625 1.59886e-05 1.63358e-05 -1.53644e-05 4.85742e-07
10.65 1.52942e-05 1.56273e-05 -1.47024e-05 4.62433e-07
10.675 1.46319e-05 1.49512e-05 -1.40702e-05 4.40533e-07
10.7 1.40001e-05 1.43062e-05 -1.34664e-05 4.19939e-07
10.725 1.33976e-05 1.36909e-05 -1.28898e-05 4.00558e-07
10.75 1.28231e-05 1.31041e-05 -1.23395e-05 3.82305e-07
10.775 1.22752e-05 1.25443e-05 -1.18141e-05 3.65099e-07
10.8 1.17529e-05 1.20106e-05 -1.13128e-05 3.48866e-07
10.825 1.1255e-05 1.15016e-05 -1.08345e-05 3.33537e-07
10.85 1.07803e-05 1.10162e-05 -1.03781e-05 3.19051e-07
10.875 1.03279e-05 1.05535e-05 -9.94284e-06 3.05348e-07
10.9 9.89663e-06 1.01124e-05 -9.52767e-06 2.92375e-07
10.925 9.48562e-06 9.69191e-06 -9.13175e-06 2.80082e-07
10.95 9.09391e-06 9.29106e-06 -8.75422e-06 2.68425e-07
10.975 8.7206e-06 8.90897e-06 -8.39425e-06 2.5736e-07
11 8.36483e-06 8.54476e-06 -8.05106e-06 2.46849e-07
11.025 8.02577e-06 8.1976e-06 -7.72389e-06 2.36857e-07
11.05 7.70264e-06 7.86669e-06 -7.41199e-06 2.2735e-07
11.075 7.39467e-06 7.55126e-06 -7.11467e-06 2.18297e-07
11.1 7.10114e-06 7.25058e-06 -6.83124e-06 2.0967e-07
11.125 6.82135e-06 6.96394e-06 -6.56105e-06 2.01444e-07
11.15 6.55463e-06 6.69065e-06 -6.30347e-06 1.93593e-07
11.175 6.30034e-06 6.43008e-06 -6.05789e-06 1.86095e-07
11.2 6.05787e-06 6.1816e-06 -5.82374e-06 1.78929e-07
11.225 5.82664e-06 5.9446e-06 -5.60045e-06 1.72075e-07
11.25 5.60607e-06 5.71853e-06 -5.3875e-06 1.65515e-07
11.275 5.39563e-06 5.50284e-06 -5.18437e-06 1.59231e-07
11.3 5.19482e-06 5.29699e-06 -4.99058e-06 1.53208e-07
11.325 5.00313e-06 5.1005e-06 -4.80564e-06 1.47431e-07
11.35 4.8201e-06 4.91288e-06 -4.62911e-06 1.41884e-07
11.375 4.64528e-06 4.73368e-06 -4.46057e-06 1.36555e-07
11.4 4.47824e-06 4.56245e-06 -4.29959e-06 1.31431e-07
11.425 4.31858e-06 4.3988e-06 -4.14579e-06 1.26501e-07
11.45 4.1659e-06 4.2423e-06 -3.9988e-06 1.21752e-07
11.475 4.01984e-06 4.0926e-06 -3.85825e-06 1.17175e-07
11.5 3.88005e-06 3.94932e-06 -3.72381e-06 1.12759e-07
11.525 3.74618e-06 3.81214e-06 -3.59514e-06 1.08496e-07
11.55 3.61793e-06 3.68071e-06 -3.47196e-06 1.04376e-07
11.575 3.49498e-06 3.55473e-06 -3.35395e-06 1.00391e-07
11.6 3.37705e-06 3.43391e-06 -3.24084e-06 9.65331e-08
11.625 3.26388e-06 3.31797e-06 -3.13238e-06 9.27959e-08
11.65 3.15519e-06 3.20665e-06 -3.0283e-06 8.91723e-08
11.675 3.05075e-06 3.09969e-06 -2.92838e-06 8.56562e-08
11.7 2.95034e-06 2.99687e-06 -2.83238e-06 8.22421e-08
11.725 2.85372e-06 2.89796e-06 -2.74011e-06 7.89246e-08
11.75 2.76071e-06 2.80275e-06 -2.65135e-06 7.56993e-08
11.775 2.6711e-06 2.71104e-06 -2.56592e-06 7.25618e-08
11.8 2.58471e-06 2.62266e-06 -2.48364e-06 6.95084e-08
11.825 2.50138e-06 2.53742e-06 -2.40435e-06 6.65358e-08
11.85 2.42095e-06 2.45516e-06 -2.32788e-06 6.36411e-08
11.875 2.34326e-06 2.37574e-06 -2.2541e-06 6.08219e-08
11.9 2.26818e-06 2.29901e-06 -2.18286e-06 5.80759e-08
11.925 2.19558e-06 2.22483e-06 -2.11403e-06 5.54015e-08
11.95 2.12533e-06 2.15308e-06 -2.04749e-06 5.27974e-08
11.975 2.05732e-06 2.08365e-06 -1.98313e-06 5.02625e-08
12 1.99144e-06 2.01643e-06 -1.92083e-06 4.7796e-08
12.025 1.92761e-06 1.95131e-06 -1.86051e-06 4.53974e-08
12.05 1.86571e-06 1.8882e-06 -1.80206e-06 4.30666e-08
12.075 1.80568e-06 1.82702e-06 -1.74541e-06 4.08035e-08
12.1 1.74742e-06 1.76768e-06 -1.69046e-06 3.86082e-08
12.125 1.69087e-06 1.71011e-06 -1.63714e-06 3.64812e-08
12.15 1.63596e-06 1.65423e-06 -1.58539e-06 3.44227e-08
12.175 1.58262e-06 1.59999e-06 -1.53513e-06 3.24335e-08
12.2 1.5308e-06 1.54733e-06 -1.4863e-06 3.0514e-08
12.225 1.48044e-06 1.49618e-06 -1.43885e-06 2.8665e-08
12.25 1.43149e-06 1.44649e-06 -1.39271e-06 2.6887e-08
12.275 1.38389e-06 1.39821e-06 -1.34785e-06 2.51806e-08
12.3 1.33762e-06 1.3513e-06 -1.30421e-06 2.35465e-08
12.325 1.29262e-06 1.30572e-06 -1.26175e-06 2.1985e-08
12.35 1.24885e-06 1.26142e-06 -1.22042e-06 2.04966e-08
12.375 1.20629e-06 1.21836e-06 -1.18019e-06 1.90816e-08
12.4 1.16489e-06 1.17651e-06 -1.14103e-06 1.774e-08
12.425 1.12462e-06 1.13583e-06 -1.10288e-06 1.64717e-08
12.45 1.08545e-06 1.09628e-06 -1.06573e-06 1.52766e-08
12.475 1.04735e-06 1.05785e-06 -1.02954e-06 1.41542e-08
12.5 1.01029e-06 1.02049e-06 -9.94286e-07 1.3104e-08
12.525 9.74251e-07 9.84184e-07 -9.59934e-07 1.2125e-08
12.55 9.39197e-07 9.48894e-07 -9.26461e-07 1.12163e-08
12.575 9.05108e-07 9.14595e-07 -8.93842e-07 1.03767e-08
12.6 8.71957e-07 8.81261e-07 -8.62052e-07 9.60463e-09
12.625 8.39722e-07 8.48867e-07 -8.3107e-07 8.89849e-09
12.65 8.0838e-07 8.17386e-07 -8.00874e-07 8.25641e-09
12.675 7.77907e-07 7.86796e-07 -7.71443e-07 7.67635e-09
12.7 7.48284e-07 7.57071e-07 -7.42759e-07 7.15607e-09
12.725 7.19487e-07 7.28189e-07 -7.14803e-07 6.69316e-09
12.75 6.91498e-07 7.00127e-07 -6.87557e-07 6.28507e-09
12.775 6.64296e-07 6.72864e-07 -6.61006e-07 5.92909e-09
12.8 6.37861e-07 6.46377e-07 -6.35132e-07 5.62241e-09
12.825 6.12176e-07 6.20647e-07 -6.09923e-07 5.3621e-09
12.85 5.87221e-07 5.95654e-07 -5.85363e-07 5.14514e-09
12.875 5.62978e-07 5.71377e-07 -5.6144e-07 4.96846e-09
12.9 5.39432e-07 5.478e-07 -5.38142e-07 4.82894e-09
12.925 5.16566e-07 5.24903e-07 -5.15456e-07 4.72345e-09
12.95 4.94364e-07 5.02671e-07 -4.93373e-07 4.64885e-09
12.975 4.72811e-07 4.81087e-07 -4.71883e-07 4.60203e-09
13 4.51894e-07 4.60136e-07 -4.50976e-07 4.5799e-09
13.025 4.31599e-07 4.39804e-07 -4.30645e-07 4.57946e-09
13.05 4.11913e-07 4.20077e-07 -4.10881e-07 4.59779e-09
13.075 3.92825e-07 4.00943e-07 -3.91679e-07 4.63205e-09
13.1 3.74325e-07 3.82392e-07 -3.73032e-07 4.67955e-09
13.125 3.56401e-07 3.64411e-07 -3.54936e-07 4.73772e-09
13.15 3.39046e-07 3.46993e-07 -3.37385e-07 4.80414e-09
13.175 3.2225e-07 3.30129e-07 -3.20375e-07 4.87656e-09
13.2 3.06007e-07 3.1381e-07 -3.03904e-07 4.9529e-09
13.225 2.9031e-07 2.98032e-07 -2.87969e-07 5.03129e-09
13.25 2.75154e-07 2.82788e-07 -2.72568e-07 5.11003e-09
13.275 2.60533e-07 2.68073e-07 -2.57698e-07 5.18763e-09
13.3 2.46443e-07 2.53884e-07 -2.43359e-07 5.26283e-09
13.325 2.32882e-07 2.40219e-07 -2.2955e-07 5.33455e-09
13.35 2.19846e-07 2.27074e-07 -2.1627e-07 5.40193e-09
13.375 2.07334e-07 2.14448e-07 -2.0352e-07 5.46434e-09
13.4 1.95343e-07 2.02341e-07 -1.91299e-07 5.52134e-09
13.425 1.83874e-07 1.90753e-07 -1.79607e-07 5.5727e-09
13.45 1.72925e-07 1.79683e-07 -1.68446e-07 5.6184e-09
13.475 1.62496e-07 1.69132e-07 -1.57814e-07 5.6586e-09
13.5 1.52589e-07 1.59101e-07 -1.47714e-07 5.69364e-09
13.525 1.43202e-07 1.49592e-07 -1.38144e-07 5.72406e-09
13.55 1.34337e-07 1.40605e-07 -1.29104e-07 5.75053e-09
13.575 1.25995e-07 1.32143e-07 -1.20596e-07 5.77389e-09
13.6 1.18175e-07 1.24207e-07 -1.12617e-07 5.7951e-09
13.625 1.10879e-07 1.16798e-07 -1.05168e-07 5.81527e-09
13.65 1.04107e-07 1.09918e-07 -9.82466e-08 5.83558e-09
13.675 9.78593e-08 1.03566e-07 -9.18517e-08 5.85734e-09
13.7 9.21348e-08 9.77446e-08 -8.59808e-08 5.88191e-09
13.725 8.69334e-08 9.24525e-08 -8.06311e-08 5.91071e-09
13.75 8.22537e-08 8.76895e-08 -7.57991e-08 5.94522e-09
13.775 7.8094e-08 8.34544e-08 -7.14806e-08 5.98693e-09
13.8 7.44518e-08 7.97455e-08 -6.76708e-08 6.03736e-09
13.825 7.13242e-08 7.65601e-08 -6.43641e-08 6.098e-09
13.85 6.87071e-08 7.38947e-08 -6.1554e-08 6.17034e-09
13.875 6.65959e-08 7.17451e-08 -5.92334e-08 6.25582e-09
13.9 6.4985e-08 7.0106e-08 -5.73944e-08 6.35585e-09
13.925 6.3868e-08 6.89714e-08 -5.60279e-08 6.47175e-09
13.95 6.32376e-08 6.8334e-08 -5.51244e-08 6.60479e-09
13.975 6.30853e-08 6.81856e-08 -5.46733e-08 6.75614e-09
14 6.34019e-08 6.8517e-08 -5.46633e-08 6.92686e-09
14.025 6.41771e-08 6.93179e-08 -5.50821e-08 7.11792e-09
14.05 6.53996e-08 7.05771e-08 -5.59168e-08 7.33017e-09
14.075 6.70572e-08 7.22821e-08 -5.71534e-08 7.56433e-09
14.1 6.91365e-08 7.44195e-08 -5.87776e-08 7.82097e-09
14.125 7.16234e-08 7.69749e-08 -6.07738e-08 8.10056e-09
14.15 7.45028e-08 7.9933e-08 -6.31261e-08 8.40341e-09
14.175 7.77586e-08 8.32772e-08 -6.58178e-08 8.72967e-09
14.2 8.13739e-08 8.69903e-08 -6.88316e-08 9.07936e-09
14.225 8.53309e-08 9.10542e-08 -7.21495e-08 9.45236e-09
14.25 8.96111e-08 9.54498e-08 -7.5753e-08 9.8484e-09
14.275 9.41953e-08 1.00157e-07 -7.96234e-08 1.0267e-08
14.3 9.90634e-08 1.05157e-07 -8.37412e-08 1.07077e-08
14.325 1.04195e-07 1.10426e-07 -8.80868e-08 1.11698e-08
14.35 1.09569e-07 1.15945e-07 -9.26402e-08 1.16523e-08
14.375 1.15164e-07 1.2169e-07 -9.73811e-08 1.21544e-08
14.4 1.20958e-07 1.27639e-07 -1.02289e-07 1.26749e-08
14.425 1.26928e-07 1.33769e-07 -1.07344e-07 1.32126e-08
14.45 1.33053e-07 1.40057e-07 -1.12525e-07 1.37663e-08
14.475 1.39308e-07 1.4648e-07 -1.17811e-07 1.43345e-08
14.5 1.45673e-07 1.53014e-07 -1.23182e-07 1.49156e-08
14.525 1.52123e-07 1.59635e-07 -1.28619e-07 1.55082e-08
14.55 1.58636e-07 1.66321e-07 -1.341e-07 1.61105e-08
14.575 1.6519e-07 1.73048e-07 -1.39606e-07 1.67208e-08
14.6 1.71762e-07 1.79792e-07 -1.45118e-07 1.73373e-08
14.625 1.7833e-07 1.86532e-07 -1.50616e-07 1.79583e-08
14.65 1.84872e-07 1.93245e-07 -1.56082e-07 1.85817e-08
14.675 1.91367e-07 1.99909e-07 -1.61497e-07 1.92058e-08
14.7 1.97794e-07 2.06503e-07 -1.66845e-07 1.98287e-08
14.725 2.04133e-07 2.13005e-07 -1.72109e-07 2.04484e-08
14.75 2.10366e-07 2.19397e-07 -1.77271e-07 2.1063e-08
14.775 2.16471e-07 2.25658e-07 -1.82317e-07 2.16707e-08
14.8 2.22433e-07 2.3177e-07 -1.87231e-07 2.22697e-08
14.825 2.28232e-07 2.37716e-07 -1.91999e-07 2.28581e-08
14.85 2.33854e-07 2.43477e-07 -1.96609e-07 2.3434e-08
14.875 2.39282e-07 2.49039e-07 -2.01048e-07 2.39959e-08
14.9 2.44502e-07 2.54387e-07 -2.05303e-07 2.45421e-08
14.925 2.495e-07 2.59506e-07 -2.09364e-07 2.50708e-08
14.95 2.54263e-07 2.64383e-07 -2.13222e-07 2.55807e-08
14.975 2.5878e-07 2.69007e-07 -2.16867e-07 2.60703e-08
15 2.6304e-07 2.73367e-07 -2.20291e-07 2.65381e-08
15.025 2.67034e-07 2.77452e-07 -2.23486e-07 2.69829e-08
15.05 2.70752e-07 2.81255e-07 -2.26447e-07 2.74035e-08
15.075 2.74188e-07 2.84766e-07 -2.29169e-07 2.77989e-08
15.1 2.77336e-07 2.87981e-07 -2.31645e-07 2.8168e-08
15.125 2.80188e-07 2.90893e-07 -2.33873e-07 2.85099e-08
15.15 2.82743e-07 2.93498e-07 -2.3585e-07 2.88239e-08
15.175 2.84995e-07 2.95792e-07 -2.37574e-07 2.91092e-08
15.2 2.86943e-07 2.97774e-07 -2.39043e-07 2.93653e-08
15.225 2.88585e-07 2.99442e-07 -2.40258e-07 2.95917e-08
15.25 2.89922e-07 3.00795e-07 -2.41219e-07 2.9788e-08
15.275 2.90953e-07 3.01834e-07 -2.41926e-07 2.99539e-08
15.3 2.9168e-07 3.02561e-07 -2.42382e-07 3.00893e-08
15.325 2.92105e-07 3.02978e-07 -2.4259e-07 3.01941e-08
15.35 2.92232e-07 3.03089e-07 -2.42552e-07 3.02683e-08
15.375 2.92065e-07 3.02897e-07 -2.42273e-07 3.03121e-08
15.4 2.91608e-07 3.02408e-07 -2.41757e-07 3.03256e-08
15.425 2.90867e-07 3.01627e-07 -2.41009e-07 3.03093e-08
15.45 2.89848e-07 3.00561e-07 -2.40034e-07 3.02633e-08
15.475 2.88558e-07 2.99216e-07 -2.38839e-07 3.01883e-08
15.5 2.87004e-07 2.976e-07 -2.3743e-07 3.00847e-08
15.525 2.85195e-07 2.95721e-07 -2.35814e-07 2.99533e-08
15.55 2.83137e-07 2.93588e-07 -2.33999e-07 2.97946e-08
15.575 2.80841e-07 2.9121e-07 -2.31991e-07 2.96094e-08
15.6 2.78316e-07 2.88596e-07 -2.29799e-07 2.93985e-08
15.625 2.75571e-07 2.85756e-07 -2.27431e-07 2.91629e-08
15.65 2.72616e-07 2.82701e-07 -2.24895e-07 2.89033e-08
15.675 2.69462e-07 2.79441e-07 -2.222e-07 2.86207e-08
15.7 2.66118e-07 2.75987e-07 -2.19354e-07 2.83162e-08
15.725 2.62595e-07 2.72348e-07 -2.16367e-07 2.79907e-08
15.75 2.58905e-07 2.68538e-07 -2.13247e-07 2.76454e-08
15.775 2.55058e-07 2.64566e-07 -2.10003e-07 2.72812e-08
15.8 2.51065e-07 2.60443e-07 -2.06644e-07 2.68993e-08
15.825 2.46936e-07 2.56182e-07 -2.0318e-07 2.65008e-08
15.85 2.42683e-07 2.51792e-07 -1.99618e-07 2.60869e-08
15.875 2.38316e-07 2.47286e-07 -1.95968e-07 2.56585e-08
15.9 2.33847e-07 2.42673e-07 -1.92239e-07 2.5217e-08
15.925 2.29286e-07 2.37966e-07 -1.88439e-07 2.47633e-08
15.95 2.24642e-07 2.33174e-07 -1.84577e-07 2.42987e-08
15.975 2.19928e-07 2.28309e-07 -1.80661e-07 2.38242e-08
16 2.15152e-07 2.23381e-07 -1.76699e-07 2.3341e-08
16.025 2.10325e-07 2.18399e-07 -1.72699e-07 2.285e-08
16.05 2.05456e-07 2.13374e-07 -1.68669e-07 2.23525e-08
16.075 2.00555e-07 2.08316e-07 -1.64617e-07 2.18494e-08
16.1 1.9563e-07 2.03233e-07 -1.60549e-07 2.13417e-08
16.125 1.90691e-07 1.98135e-07 -1.56474e-07 2.08305e-08
16.15 1.85746e-07 1.9303e-07 -1.52396e-07 2.03167e-08
16.175 1.80803e-07 1.87926e-07 -1.48324e-07 1.98012e-08
16.2 1.7587e-07 1.82833e-07 -1.44263e-07 1.92849e-08
16.225 1.70955e-07 1.77757e-07 -1.40219e-07 1.87688e-08
16.25 1.66064e-07 1.72705e-07 -1.36198e-07 1.82536e-08
16.275 1.61204e-07 1.67685e-07 -1.32205e-07 1.77402e-08
16.3 1.56382e-07 1.62704e-07 -1.28245e-07 1.72292e-08
16.325 1.51604e-07 1.57767e-07 -1.24324e-07 1.67215e-08
16.35 1.46875e-07 1.5288e-07 -1.20445e-07 1.62176e-08
16.375 1.42201e-07 1.48049e-07 -1.16612e-07 1.57183e-08
16.4 1.37586e-07 1.43279e-07 -1.1283e-07 1.52242e-08
16.425 1.33036e-07 1.38574e-07 -1.09103e-07 1.47358e-08
16.45 1.28555e-07 1.3394e-07 -1.05432e-07 1.42537e-08
16.475 1.24146e-07 1.29379e-07 -1.01823e-07 1.37783e-08
16.5 1.19813e-07 1.24896e-07 -9.82762e-08 1.331e-08
16.525 1.15559e-07 1.20494e-07 -9.47955e-08 1.28495e-08
16.55 1.11387e-07 1.16177e-07 -9.13829e-08 1.23969e-08
16.575 1.073e-07 1.11945e-07 -8.80402e-08 1.19526e-08
16.6 1.033e-07 1.07803e-07 -8.47693e-08 1.1517e-08
16.625 9.93886e-08 1.03752e-07 -8.15716e-08 1.10903e-08
16.65 9.5568e-08 9.9794e-08 -7.84484e-08 1.06728e-08
16.675 9.18394e-08 9.59301e-08 -7.54007e-08 1.02647e-08
16.7 8.82038e-08 9.21617e-08 -7.24295e-08 9.86613e-09
16.725 8.46623e-08 8.84897e-08 -6.95352e-08 9.47725e-09
16.75 8.12154e-08 8.49148e-08 -6.67184e-08 9.0982e-09
16.775 7.78634e-08 8.14375e-08 -6.39794e-08 8.72907e-09
16.8 7.46067e-08 7.80579e-08 -6.13181e-08 8.36991e-09
16.825 7.14451e-08 7.47761e-08 -5.87345e-08 8.02077e-09
16.85 6.83785e-08 7.15918e-08 -5.62284e-08 7.68168e-09
16.875 6.54063e-08 6.85047e-08 -5.37994e-08 7.35261e-09
16.9 6.25281e-08 6.55141e-08 -5.1447e-08 7.03355e-09
16.925 5.97429e-08 6.26194e-08 -4.91705e-08 6.72445e-09
16.95 5.70501e-08 5.98196e-08 -4.69691e-08 6.42525e-09
16.975 5.44484e-08 5.71137e-08 -4.4842e-08 6.13585e-09
17 5.19368e-08 5.45006e-08 -4.27882e-08 5.85617e-09
17.025 4.95138e-08 5.19788e-08 -4.08066e-08 5.58608e-09
17.05 4.71782e-08 4.9547e-08 -3.88961e-08 5.32547e-09
17.075 4.49284e-08 4.72038e-08 -3.70554e-08 5.07419e-09
17.1 4.27629e-08 4.49474e-08 -3.52832e-08 4.83209e-09
17.125 4.06799e-08 4.27762e-08 -3.35782e-08 4.599e-09
17.15 3.86778e-08 4.06885e-08 -3.1939e-08 4.37477e-09
17.175 3.67547e-08 3.86824e-08 -3.0364e-08 4.1592e-09
17.2 3.49089e-08 3.67561e-08 -2.88519e-08 3.95211e-09
17.225 3.31383e-08 3.49076e-08 -2.7401e-08 3.75332e-09
17.25 3.14411e-08 3.3135e-08 -2.60098e-08 3.56262e-09
17.275 2.98154e-08 3.14363e-08 -2.46767e-08 3.3798e-09
17.3 2.82591e-08 2.98095e-08 -2.34002e-08 3.20467e-09
17.325 2.67703e-08 2.82525e-08 -2.21785e-08 3.03702e-09
17.35 2.5347e-08 2.67633e-08 -2.10101e-08 2.87662e-09
17.375 2.39871e-08 2.53399e-08 -1.98933e-08 2.72328e-09
17.4 2.26887e-08 2.39802e-08 -1.88266e-08 2.57678e-09
17.425 2.14498e-08 2.26822e-08 -1.78084e-08 2.4369e-09
17.45 2.02683e-08 2.14438e-08 -1.68369e-08 2.30343e-09
17.475 1.91424e-08 2.0263e-08 -1.59107e-08 2.17616e-09
17.5 1.807e-08 1.91379e-08 -1.50281e-08 2.05487e-09
17.525 1.70492e-08 1.80664e-08 -1.41876e-08 1.93937e-09
17.55 1.60782e-08 1.70466e-08 -1.33877e-08 1.82943e-09
17.575 1.51551e-08 1.60766e-08 -1.26268e-08 1.72487e-09
17.6 1.4278e-08 1.51545e-08 -1.19035e-08 1.62547e-09
17.625 1.34451e-08 1.42784e-08 -1.12163e-08 1.53104e-09
17.65 1.26547e-08 1.34466e-08 -1.05638e-08 1.44138e-09
17.675 1.1905e-08 1.26572e-08 -9.94458e-09 1.3563e-09
17.7 1.11944e-08 1.19085e-08 -9.35725e-09 1.27563e-09
17.725 1.05211e-08 1.11988e-08 -8.8005e-09 1.19917e-09
17.75 9.88368e-09 1.05265e-08 -8.27302e-09 1.12674e-09
17.775 9.28044e-09 9.88992e-09 -7.77357e-09 1.05818e-09
17.8 8.70992e-09 9.28752e-09 -7.3009e-09 9.9331e-10
17.825 8.17062e-09 8.71776e-09 -6.85382e-09 9.31972e-10
17.85 7.66114e-09 8.17919e-09 -6.43118e-09 8.74006e-10
17.875 7.18007e-09 7.67036e-09 -6.03185e-09 8.19256e-10
17.9 6.72609e-09 7.1899e-09 -5.65476e-09 7.67573e-10
17.925 6.29791e-09 6.73646e-09 -5.29884e-09 7.18812e-10
17.95 5.89426e-09 6.30876e-09 -4.96309e-09 6.72834e-10
17.975 5.51396e-09 5.90553e-09 -4.64653e-09 6.29503e-10
18 5.15584e-09 5.52559e-09 -4.34822e-09 5.88688e-10
18.025 4.81878e-09 5.16778e-09 -4.06725e-09 5.50266e-10
18.05 4.50171e-09 4.83097e-09 -3.80275e-09 5.14114e-10
18.075 4.20361e-09 4.51411e-09 -3.55388e-09 4.80116e-10
18.1 3.92348e-09 4.21616e-09 -3.31983e-09 4.48162e-10
18.125 3.66037e-09 3.93613e-09 -3.09984e-09 4.18144e-10
18.15 3.41339e-09 3.67309e-09 -2.89317e-09 3.8996e-10
18.175 3.18165e-09 3.42612e-09 -2.69909e-09 3.63511e-10
18.2 2.96433e-09 3.19435e-09 -2.51695e-09 3.38703e-10
18.225 2.76063e-09 2.97697e-09 -2.34608e-09 3.15447e-10
18.25 2.5698e-09 2.77318e-09 -2.18587e-09 2.93656e-10
18.275 2.39111e-09 2.58222e-09 -2.03572e-09 2.73249e-10
18.3 2.22387e-09 2.40338e-09 -1.89508e-09 2.54148e-10
18.325 2.06742e-09 2.23596e-09 -1.76341e-09 2.36277e-10
18.35 1.92115e-09 2.07931e-09 -1.64018e-09 2.19566e-10
18.375 1.78445e-09 1.93281e-09 -1.52492e-09 2.03947e-10
18.4 1.65676e-09 1.79588e-09 -1.41716e-09 1.89357e-10
18.425 1.53755e-09 1.66793e-09 -1.31646e-09 1.75733e-10
18.45 1.42631e-09 1.54845e-09 -1.22241e-09 1.6302e-10
18.475 1.32254e-09 1.43692e-09 -1.1346e-09 1.5116e-10
18.5 1.22581e-09 1.33286e-09 -1.05266e-09 1.40103e-10
18.525 1.13566e-09 1.23583e-09 -9.76229e-10 1.29799e-10
18.55 1.0517e-09 1.14538e-09 -9.04974e-10 1.20201e-10
18.575 9.7354e-10 1.0611e-09 -8.38575e-10 1.11265e-10
18.6 9.00807e-10 9.82627e-10 -7.76727e-10 1.0295e-10
18.625 8.33158e-10 9.09577e-10 -7.19146e-10 9.52156e-11
18.65 7.70266e-10 8.41612e-10 -6.65561e-10 8.80253e-11
18.675 7.11826e-10 7.78405e-10 -6.15718e-10 8.13436e-11
18.7 6.57546e-10 7.19651e-10 -5.69376e-10 7.51375e-11
18.725 6.07153e-10 6.6506e-10 -5.26308e-10 6.93759e-11
18.75 5.60391e-10 6.14361e-10 -4.86302e-10 6.40293e-11
18.775 5.17017e-10 5.67296e-10 -4.49156e-10 5.90702e-11
18.8 4.76804e-10 5.23625e-10 -4.1468e-10 5.44726e-11
18.825 4.39539e-10 4.83121e-10 -3.82697e-10 5.0212e-11
18.85 4.05021e-10 4.45572e-10 -3.5304e-10 4.62656e-11
18.875 3.73062e-10 4.10776e-10 -3.25552e-10 4.26119e-11
18.9 3.43485e-10 3.78546e-10 -3.00084e-10 3.92306e-11
18.925 3.16125e-10 3.48705e-10 -2.765e-10 3.61028e-11
18.95 2.90827e-10 3.2109e-10 -2.54668e-10 3.32109e-11
18.975 2.67446e-10 2.95544e-10 -2.34468e-10 3.05383e-11
19 2.45845e-10 2.71924e-10 -2.15785e-10 2.80693e-11
19.025 2.25899e-10 2.50092e-10 -1.98513e-10 2.57896e-11
19.05 2.07488e-10 2.29923e-10 -1.82552e-10 2.36854e-11
19.075 1.90502e-10 2.11298e-10 -1.67809e-10 2.17442e-11
19.1 1.74836e-10 1.94105e-10 -1.54197e-10 1.99541e-11
19.125 1.60396e-10 1.78242e-10 -1.41634e-10 1.83041e-11
19.15 1.4709e-10 1.63612e-10 -1.30045e-10 1.67838e-11
19.175 1.34834e-10 1.50124e-10 -1.19357e-10 1.53837e-11
19.2 1.23552e-10 1.37695e-10 -1.09506e-10 1.40948e-11
19.225 1.13168e-10 1.26247e-10 -1.00429e-10 1.29087e-11
19.25 1.03617e-10 1.15705e-10 -9.20697e-11 1.18179e-11
19.275 9.48354e-11 1.06004e-10 -8.43738e-11 1.08149e-11
19.3 8.6764e-11 9.70782e-11 -7.72917e-11 9.89323e-12
19.325 7.93487e-11 8.88703e-11 -7.07772e-11 9.04654e-12
19.35 7.2539e-11 8.13254e-11 -6.47872e-11 8.26909e-12
19.375 6.62882e-11 7.43927e-11 -5.92817e-11 7.55552e-12
19.4 6.05526e-11 6.80253e-11 -5.42236e-11 6.90085e-12
19.425 5.52921e-11 6.21794e-11 -4.95784e-11 6.30047e-12
19.45 5.04692e-11 5.68144e-11 -4.53142e-11 5.7501e-12
19.475 4.60493e-11 5.18928e-11 -4.14012e-11 5.24579e-12
19.5 4.20005e-11 4.73798e-11 -3.7812e-11 4.78387e-12
19.525 3.82931e-11 4.3243e-11 -3.45211e-11 4.36096e-12
19.55 3.48997e-11 3.94527e-11 -3.15049e-11 3.97391e-12
19.575 3.1795e-11 3.59812e-11 -2.87416e-11 3.61984e-12
19.6 2.89555e-11 3.2803e-11 -2.62109e-11 3.29606e-12
19.625 2.63596e-11 2.98944e-11 -2.38942e-11 3.0001e-12
19.65 2.39874e-11 2.72337e-11 -2.17743e-11 2.72969e-12
19.675 2.18206e-11 2.48006e-11 -1.98352e-11 2.48271e-12
19.7 1.9842e-11 2.25765e-11 -1.80621e-11 2.25723e-12
19.725 1.80361e-11 2.05444e-11 -1.64415e-11 2.05146e-12
19.75 1.63884e-11 1.86883e-11 -1.49608e-11 1.86374e-12
19.775 1.48857e-11 1.69937e-11 -1.36086e-11 1.69257e-12
19.8 1.35158e-11 1.54471e-11 -1.2374e-11 1.53655e-12
19.825 1.22674e-11 1.40362e-11 -1.12474e-11 1.39439e-12
19.85 1.11302e-11 1.27495e-11 -1.02196e-11 1.26491e-12
19.875 1.00947e-11 1.15765e-11 -9.28244e-12 1.14703e-12
19.9 9.15213e-12 1.05077e-11 -8.42816e-12 1.03975e-12
19.925 8.29454e-12 9.53406e-12 -7.64974e-12 9.4216e-13
19.95 7.51456e-12 8.64755e-12 -6.94072e-12 8.53414e-13
19.975 6.80544e-12 7.84065e-12 -6.29517e-12 7.72743e-13
20 6.16098e-12 7.1065e-12 -5.70761e-12 6.99441e-13
