0 -0.000693159 -0.000707032
0.025 -0.000693159 -0.000707032
0.05 -0.00138552 -0.00141326
0.075 -0.0020763 -0.0021179
0.1 -0.00276469 -0.00282013
0.125 -0.00344991 -0.00351918
0.15 -0.00413117 -0.00421425
0.175 -0.00480769 -0.00490454
0.2 -0.0054787 -0.00558929
0.225 -0.00614343 -0.00626771
0.25 -0.00680111 -0.00693904
0.275 -0.007451 -0.00760251
0.3 -0.00809235 -0.00825739
0.325 -0.00872443 -0.00890291
0.35 -0.00934652 -0.00953837
0.375 -0.00995791 -0.010163
0.4 -0.0105579 -0.0107762
0.425 -0.0111459 -0.0113772
0.45 -0.0117211 -0.0119653
0.475 -0.0122829 -0.01254
0.5 -0.0128308 -0.0131004
0.525 -0.0133641 -0.0136462
0.55 -0.0138822 -0.0141765
0.575 -0.0143846 -0.014691
0.6 -0.0148707 -0.0151889
0.625 -0.01534 -0.0156698
0.65 -0.0157921 -0.0161333
0.675 -0.0162265 -0.0165787
0.7 -0.0166428 -0.0170057
0.725 -0.0170405 -0.0174139
0.75 -0.0174193 -0.0178029
0.775 -0.0177789 -0.0181723
0.8 -0.0181189 -0.0185217
0.825 -0.0184391 -0.018851
0.85 -0.0187393 -0.0191599
0.875 -0.0190193 -0.0194481
0.9 -0.0192789 -0.0197155
0.925 -0.0195179 -0.0199619
0.95 -0.0197364 -0.0201872
0.975 -0.0199342 -0.0203914
1 -0.0201112 -0.0205744
1.025 -0.0202677 -0.0207363
1.05 -0.0204035 -0.020877
1.075 -0.0205188 -0.0209967
1.1 -0.0206137 -0.0210955
1.125 -0.0206885 -0.0211735
1.15 -0.0207432 -0.021231
1.175 -0.0207782 -0.0212682
1.2 -0.0207936 -0.0212853
1.225 -0.0207899 -0.0212827
1.25 -0.0207674 -0.0212607
1.275 -0.0207264 -0.0212196
1.3 -0.0206673 -0.0211599
1.325 -0.0205906 -0.021082
1.35 -0.0204967 -0.0209865
1.375 -0.0203862 -0.0208736
1.4 -0.0202595 -0.0207441
1.425 -0.0201171 -0.0205984
1.45 -0.0199596 -0.0204371
1.475 -0.0197876 -0.0202608
1.5 -0.0196017 -0.0200701
1.525 -0.0194025 -0.0198655
1.55 -0.0191906 -0.0196479
1.575 -0.0189666 -0.0194177
1.6 -0.0187312 -0.0191757
1.625 -0.018485 -0.0189225
1.65 -0.0182287 -0.0186588
1.675 -0.017963 -0.0183853
1.7 -0.0176884 -0.0181026
1.725 -0.0174058 -0.0178115
1.75 -0.0171156 -0.0175127
1.775 -0.0168187 -0.0172067
1.8 -0.0165155 -0.0168944
1.825 -0.0162069 -0.0165763
1.85 -0.0158934 -0.0162531
1.875 -0.0155756 -0.0159255
1.9 -0.0152541 -0.0155941
1.925 -0.0149296 -0.0152595
1.95 -0.0146027 -0.0149224
1.975 -0.0142739 -0.0145832
2 -0.0139437 -0.0142427
2.025 -0.0136127 -0.0139014
2.05 -0.0132814 -0.0135597
2.075 -0.0129504 -0.0132183
2.1 -0.01262 -0.0128776
2.125 -0.0122908 -0.012538
2.15 -0.0119632 -0.0122002
2.175 -0.0116376 -0.0118644
2.2 -0.0113143 -0.0115311
2.225 -0.0109939 -0.0112007
2.25 -0.0106765 -0.0108735
2.275 -0.0103626 -0.01055
2.3 -0.0100524 -0.0102303
2.325 -0.00974631 -0.00991482
2.35 -0.00944446 -0.00960383
2.375 -0.00914714 -0.00929756
2.4 -0.00885457 -0.00899625
2.425 -0.00856695 -0.0087001
2.45 -0.00828446 -0.0084093
2.475 -0.00800726 -0.00812402
2.5 -0.00773549 -0.0078444
2.525 -0.00746926 -0.00757057
2.55 -0.0072087 -0.00730264
2.575 -0.00695388 -0.00704071
2.6 -0.00670487 -0.00678483
2.625 -0.00646174 -0.00653508
2.65 -0.00622453 -0.0062915
2.675 -0.00599325 -0.00605411
2.7 -0.00576794 -0.00582293
2.725 -0.00554858 -0.00559796
2.75 -0.00533518 -0.00537919
2.775 -0.00512771 -0.0051666
2.8 -0.00492613 -0.00496014
2.825 -0.00473042 -0.00475979
2.85 -0.00454052 -0.00456548
2.875 -0.00435637 -0.00437716
2.9 -0.00417791 -0.00419476
2.925 -0.00400507 -0.0040182
2.95 -0.00383777 -0.0038474
2.975 -0.00367593 -0.00368226
3 -0.00351945 -0.00352271
3.025 -0.00336826 -0.00336863
3.05 -0.00322225 -0.00321992
3.075 -0.00308132 -0.00307649
3.1 -0.00294537 -0.00293822
3.125 -0.00281429 -0.002805
3.15 -0.00268798 -0.00267671
3.175 -0.00256632 -0.00255324
3.2 -0.00244922 -0.00243448
3.225 -0.00233654 -0.0023203
3.25 -0.00222819 -0.00221058
3.275 -0.00212405 -0.00210521
3.3 -0.00202401 -0.00200407
3.325 -0.00192795 -0.00190704
3.35 -0.00183576 -0.00181399
3.375 -0.00174733 -0.00172482
3.4 -0.00166255 -0.0016394
3.425 -0.0015813 -0.00155761
3.45 -0.00150349 -0.00147935
3.475 -0.00142899 -0.0014045
3.5 -0.0013577 -0.00133294
3.525 -0.00128953 -0.00126457
3.55 -0.00122435 -0.00119927
3.575 -0.00116208 -0.00113694
3.6 -0.00110261 -0.00107747
3.625 -0.00104584 -0.00102076
3.65 -0.000991671 -0.000966711
3.675 -0.000940014 -0.000915219
3.7 -0.000890774 -0.000866188
3.725 -0.000843859 -0.000819524
3.75 -0.000799181 -0.000775132
3.775 -0.000756653 -0.000732924
3.8 -0.000716189 -0.000692811
3.825 -0.000677708 -0.000654706
3.85 -0.000641128 -0.000618527
3.875 -0.000606372 -0.000584191
3.9 -0.000573364 -0.000551621
3.925 -0.000542028 -0.000520739
3.95 -0.000512294 -0.000491471
3.975 -0.000484092 -0.000463745
4 -0.000457354 -0.000437491
4.025 -0.000432014 -0.000412643
4.05 -0.00040801 -0.000389134
4.075 -0.00038528 -0.000366902
4.1 -0.000363765 -0.000345886
4.125 -0.000343408 -0.000326028
4.15 -0.000324154 -0.00030727
4.175 -0.000305949 -0.00028956
4.2 -0.000288743 -0.000272844
4.225 -0.000272487 -0.000257072
4.25 -0.000257132 -0.000242195
4.275 -0.000242633 -0.000228169
4.3 -0.000228948 -0.000214948
4.325 -0.000216033 -0.00020249
4.35 -0.00020385 -0.000190754
4.375 -0.000192358 -0.000179701
4.4 -0.000181522 -0.000169294
4.425 -0.000171306 -0.000159498
4.45 -0.000161677 -0.000150278
4.475 -0.000152603 -0.000141602
4.5 -0.000144052 -0.00013344
4.525 -0.000135996 -0.000125762
4.55 -0.000128407 -0.00011854
4.575 -0.000121259 -0.000111749
4.6 -0.000114525 -0.000105361
4.625 -0.000108183 -9.93548e-05
4.65 -0.00010221 -9.37064e-05
4.675 -9.65835e-05 -8.83948e-05
4.7 -9.12837e-05 -8.33996e-05
4.725 -8.62913e-05 -7.87017e-05
4.75 -8.15878e-05 -7.42828e-05
4.775 -7.71559e-05 -7.0126e-05
4.8 -7.29794e-05 -6.62151e-05
4.825 -6.90427e-05 -6.25348e-05
4.85 -6.53314e-05 -5.90708e-05
4.875 -6.18316e-05 -5.58097e-05
4.9 -5.85306e-05 -5.27387e-05
4.925 -5.5416e-05 -4.9846e-05
4.95 -5.24765e-05 -4.71203e-05
4.975 -4.97013e-05 -4.45512e-05
5 -4.70804e-05 -4.21289e-05
5.025 -4.46043e-05 -3.98441e-05
5.05 -4.22641e-05 -3.76882e-05
5.075 -4.00516e-05 -3.56532e-05
5.1 -3.79589e-05 -3.37315e-05
5.125 -3.59789e-05 -3.19162e-05
5.15 -3.41046e-05 -3.02005e-05
5.175 -3.23298e-05 -2.85785e-05
5.2 -3.06485e-05 -2.70444e-05
5.225 -2.90553e-05 -2.55929e-05
5.25 -2.75449e-05 -2.42191e-05
5.275 -2.61125e-05 -2.29183e-05
5.3 -2.47537e-05 -2.16862e-05
5.325 -2.34643e-05 -2.05188e-05
5.35 -2.22404e-05 -1.94125e-05
5.375 -2.10783e-05 -1.83637e-05
5.4 -1.99747e-05 -1.73693e-05
5.425 -1.89264e-05 -1.64262e-05
5.45 -1.79305e-05 -1.55316e-05
5.475 -1.69841e-05 -1.46829e-05
5.5 -1.60849e-05 -1.38777e-05
5.525 -1.52303e-05 -1.31137e-05
5.55 -1.44181e-05 -1.23888e-05
5.575 -1.36462e-05 -1.17011e-05
5.6 -1.29127e-05 -1.10486e-05
5.625 -1.22156e-05 -1.04295e-05
5.65 -1.15533e-05 -9.8424e-06
5.675 -1.09242e-05 -9.28558e-06
5.7 -1.03266e-05 -8.75764e-06
5.725 -9.75911e-06 -8.25721e-06
5.75 -9.22041e-06 -7.78299e-06
5.775 -8.70914e-06 -7.33377e-06
5.8 -8.22409e-06 -6.90837e-06
5.825 -7.76407e-06 -6.5057e-06
5.85 -7.32796e-06 -6.12471e-06
5.875 -6.91469e-06 -5.76439e-06
5.9 -6.52325e-06 -5.42379e-06
5.925 -6.15265e-06 -5.102e-06
5.95 -5.80196e-06 -4.79814e-06
5.975 -5.47029e-06 -4.51139e-06
6 -5.15677e-06 -4.24092e-06
6.025 -4.86058e-06 -3.98598e-06
6.05 -4.58091e-06 -3.74582e-06
6.075 -4.317e-06 -3.51974e-06
6.1 -4.06811e-06 -3.30703e-06
6.125 -3.83353e-06 -3.10706e-06
6.15 -3.61257e-06 -2.91917e-06
6.175 -3.40456e-06 -2.74276e-06
6.2 -3.20888e-06 -2.57724e-06
6.225 -3.02489e-06 -2.42204e-06
6.25 -2.852e-06 -2.27662e-06
6.275 -2.68964e-06 -2.14045e-06
6.3 -2.53726e-06 -2.01301e-06
6.325 -2.39431e-06 -1.89383e-06
6.35 -2.26029e-06 -1.78244e-06
6.375 -2.1347e-06 -1.67838e-06
6.4 -2.01706e-06 -1.58123e-06
6.425 -1.90691e-06 -1.49057e-06
6.45 -1.80381e-06 -1.40599e-06
6.475 -1.70734e-06 -1.32713e-06
6.5 -1.6171e-06 -1.25361e-06
6.525 -1.53268e-06 -1.18509e-06
6.55 -1.45373e-06 -1.12123e-06
6.575 -1.37988e-06 -1.06173e-06
6.6 -1.31079e-06 -1.00626e-06
6.625 -1.24615e-06 -9.54559e-07
6.65 -1.18565e-06 -9.06342e-07
6.675 -1.12898e-06 -8.61354e-07
6.7 -1.07588e-06 -8.19352e-07
6.725 -1.02609e-06 -7.80104e-07
6.75 -9.79351e-07 -7.43395e-07
6.775 -9.35435e-07 -7.09021e-07
6.8 -8.94122e-07 -6.7679e-07
6.825 -8.55207e-07 -6.46524e-07
6.85 -8.18498e-07 -6.18057e-07
6.875 -7.83814e-07 -5.91234e-07
6.9 -7.50988e-07 -5.65912e-07
6.925 -7.19867e-07 -5.41957e-07
6.95 -6.90306e-07 -5.19248e-07
6.975 -6.62175e-07 -4.97673e-07
7 -6.35351e-07 -4.77129e-07
7.025 -6.09725e-07 -4.57524e-07
7.05 -5.85195e-07 -4.38773e-07
7.075 -5.6167e-07 -4.20801e-07
7.1 -5.39069e-07 -4.03539e-07
7.125 -5.17317e-07 -3.86928e-07
7.15 -4.96349e-07 -3.70914e-07
7.175 -4.76105e-07 -3.55449e-07
7.2 -4.56536e-07 -3.40492e-07
7.225 -4.37594e-07 -3.26009e-07
7.25 -4.19243e-07 -3.11969e-07
7.275 -4.01447e-07 -2.98346e-07
7.3 -3.84179e-07 -2.85119e-07
7.325 -3.67413e-07 -2.7227e-07
7.35 -3.5113e-07 -2.59785e-07
7.375 -3.35314e-07 -2.47651e-07
7.4 -3.1995e-07 -2.35861e-07
7.425 -3.05027e-07 -2.24407e-07
7.45 -2.90538e-07 -2.13285e-07
7.475 -2.76475e-07 -2.02491e-07
7.5 -2.62834e-07 -1.92022e-07
7.525 -2.49611e-07 -1.81878e-07
7.55 -2.36803e-07 -1.72057e-07
7.575 -2.24408e-07 -1.6256e-07
7.6 -2.12425e-07 -1.53387e-07
7.625 -2.00852e-07 -1.44536e-07
7.65 -1.89688e-07 -1.36009e-07
7.675 -1.78932e-07 -1.27805e-07
7.7 -1.68582e-07 -1.19923e-07
7.725 -1.58637e-07 -1.12362e-07
7.75 -1.49094e-07 -1.0512e-07
7.775 -1.3995e-07 -9.81959e-08
7.8 -1.31203e-07 -9.15862e-08
7.825 -1.22847e-07 -8.52879e-08
7.85 -1.1488e-07 -7.92968e-08
7.875 -1.07294e-07 -7.36087e-08
7.9 -1.00085e-07 -6.82182e-08
7.925 -9.3246e-08 -6.312e-08
7.95 -8.677e-08 -5.83078e-08
7.975 -8.06494e-08 -5.3775e-08
8 -7.48762e-08 -4.95148e-08
8.025 -6.94417e-08 -4.55198e-08
8.05 -6.4337e-08 -4.17821e-08
8.075 -5.95526e-08 -3.8294e-08
8.1 -5.50789e-08 -3.50472e-08
8.125 -5.09056e-08 -3.20331e-08
8.15 -4.70227e-08 -2.92434e-08
8.175 -4.34194e-08 -2.66693e-08
8.2 -4.00851e-08 -2.4302e-08
8.225 -3.70091e-08 -2.21327e-08
8.25 -3.41802e-08 -2.01525e-08
8.275 -3.15876e-08 -1.83526e-08
8.3 -2.92201e-08 -1.6724e-08
8.325 -2.70667e-08 -1.5258e-08
8.35 -2.51163e-08 -1.39459e-08
8.375 -2.33579e-08 -1.27788e-08
8.4 -2.17805e-08 -1.17482e-08
8.425 -2.03731e-08 -1.08455e-08
8.45 -1.9125e-08 -1.00622e-08
8.475 -1.80255e-08 -9.39006e-09
8.5 -1.7064e-08 -8.82075e-09
8.525 -1.62301e-08 -8.34619e-09
8.55 -1.55137e-08 -7.95842e-09
8.575 -1.49045e-08 -7.64961e-09
8.6 -1.4393e-08 -7.41211e-09
8.625 -1.39694e-08 -7.23844e-09
8.65 -1.36244e-08 -7.12132e-09
8.675 -1.3349e-08 -7.05368e-09
8.7 -1.31345e-08 -7.02868e-09
8.725 -1.29725e-08 -7.03973e-09
8.75 -1.28548e-08 -7.0805e-09
8.775 -1.27739e-08 -7.14496e-09
8.8 -1.27224e-08 -7.22737e-09
8.825 -1.26935e-08 -7.32234e-09
8.85 -1.26806e-08 -7.4248e-09
8.875 -1.26779e-08 -7.53004e-09
8.9 -1.26797e-08 -7.63374e-09
8.925 -1.2681e-08 -7.73197e-09
8.95 -1.26773e-08 -7.82117e-09
8.975 -1.26645e-08 -7.8982e-09
9 -1.2639e-08 -7.96035e-09
9.025 -1.25977e-08 -8.0053e-09
9.05 -1.2538e-08 -8.03113e-09
9.075 -1.24579e-08 -8.03634e-09
9.1 -1.23556e-08 -8.01982e-09
9.125 -1.223e-08 -7.98084e-09
9.15 -1.20804e-08 -7.91905e-09
9.175 -1.19064e-08 -7.83442e-09
9.2 -1.1708e-08 -7.72727e-09
9.225 -1.14857e-08 -7.5982e-09
9.25 -1.12403e-08 -7.4481e-09
9.275 -1.09727e-08 -7.2781e-09
9.3 -1.06843e-08 -7.08953e-09
9.325 -1.03766e-08 -6.88392e-09
9.35 -1.00514e-08 -6.66293e-09
9.375 -9.71048e-09 -6.42835e-09
9.4 -9.35591e-09 -6.18205e-09
9.425 -8.98976e-09 -5.92596e-09
9.45 -8.61416e-09 -5.66202e-09
9.475 -8.23128e-09 -5.39215e-09
9.5 -7.84326e-09 -5.11828e-09
9.525 -7.45219e-09 -4.84222e-09
9.55 -7.06012e-09 -4.56575e-09
9.575 -6.66898e-09 -4.29052e-09
9.6 -6.28063e-09 -4.01807e-09
9.625 -5.89677e-09 -3.7498e-09
9.65 -5.51898e-09 -3.48699e-09
9.675 -5.14867e-09 -3.23075e-09
9.7 -4.78712e-09 -2.98203e-09
9.725 -4.43544e-09 -2.74165e-09
9.75 -4.09458e-09 -2.51026e-09
9.775 -3.76531e-09 -2.28836e-09
9.8 -3.44829e-09 -2.0763e-09
9.825 -3.14399e-09 -1.87433e-09
9.85 -2.85277e-09 -1.68254e-09
9.875 -2.57484e-09 -1.50091e-09
9.9 -2.31031e-09 -1.32935e-09
9.925 -2.05917e-09 -1.16767e-09
9.95 -1.82134e-09 -1.01559e-09
9.975 -1.59665e-09 -8.72803e-10
10 -1.38486e-09 -7.38953e-10
10.025 -1.18569e-09 -6.13651e-10
10.05 -9.9883e-10 -4.96498e-10
10.075 -8.23933e-10 -3.87093e-10
10.1 -6.60642e-10 -2.85044e-10
10.125 -5.086e-10 -1.89977e-10
10.15 -3.6745e-10 -1.01546e-10
10.175 -2.36851e-10 -1.94367e-11
10.2 -1.16479e-10 5.6626e-11
10.225 -6.02959e-12 1.26876e-10
10.25 9.47746e-11 1.91507e-10
10.275 1.86187e-10 2.50666e-10
10.3 2.68435e-10 3.04464e-10
10.325 3.41724e-10 3.52971e-10
10.35 4.06238e-10 3.96226e-10
10.375 4.62144e-10 4.34238e-10
10.4 5.09596e-10 4.66997e-10
10.425 5.48744e-10 4.94474e-10
10.45 5.79734e-10 5.16637e-10
10.475 6.02718e-10 5.3345e-10
10.5 6.17858e-10 5.44888e-10
10.525 6.25335e-10 5.50936e-10
10.55 6.25351e-10 5.51606e-10
10.575 6.18133e-10 5.46934e-10
10.6 6.03944e-10 5.36993e-10
10.625 5.8308e-10 5.21892e-10
10.65 5.55874e-10 5.01785e-10
10.675 5.22702e-10 4.76868e-10
10.7 4.83979e-10 4.47386e-10
10.725 4.4016e-10 4.13631e-10
10.75 3.91739e-10 3.75942e-10
10.775 3.39249e-10 3.34702e-10
10.8 2.83252e-10 2.90334e-10
10.825 2.24342e-10 2.43301e-10
10.85 1.63137e-10 1.94098e-10
10.875 1.00269e-10 1.43246e-10
10.9 3.63852e-11 9.1286e-11
10.925 -2.78661e-11 3.87731e-11
10.95 -9.18386e-11 -1.37329e-11
10.975 -1.54897e-10 -6.56744e-11
11 -2.16426e-10 -1.16504e-10
11.025 -2.75835e-10 -1.65692e-10
11.05 -3.32568e-10 -2.12735e-10
11.075 -3.86107e-10 -2.57161e-10
11.1 -4.35983e-10 -2.9854e-10
11.125 -4.81778e-10 -3.36486e-10
11.15 -5.23133e-10 -3.70663e-10
11.175 -5.59746e-10 -4.00793e-10
11.2 -5.91384e-10 -4.26654e-10
11.225 -6.17876e-10 -4.48087e-10
11.25 -6.39121e-10 -4.64996e-10
11.275 -6.55084e-10 -4.77347e-10
11.3 -6.65798e-10 -4.8517e-10
11.325 -6.71357e-10 -4.88553e-10
11.35 -6.7192e-10 -4.87646e-10
11.375 -6.67702e-10 -4.82652e-10
11.4 -6.58969e-10 -4.73823e-10
11.425 -6.46038e-10 -4.61458e-10
11.45 -6.29264e-10 -4.45893e-10
11.475 -6.09039e-10 -4.27499e-10
11.5 -5.85782e-10 -4.06672e-10
11.525 -5.59933e-10 -3.83828e-10
11.55 -5.31946e-10 -3.59392e-10
11.575 -5.0228e-10 -3.33797e-10
11.6 -4.71392e-10 -3.07472e-10
11.625 -4.39734e-10 -2.80836e-10
11.65 -4.0774e-10 -2.54293e-10
11.675 -3.75825e-10 -2.28224e-10
11.7 -3.44376e-10 -2.02983e-10
11.725 -3.1375e-10 -1.78891e-10
11.75 -2.84267e-10 -1.56233e-10
11.775 -2.56209e-10 -1.35254e-10
11.8 -2.29812e-10 -1.16156e-10
11.825 -2.05274e-10 -9.90946e-11
11.85 -1.82742e-10 -8.41831e-11
11.875 -1.62321e-10 -7.14871e-11
11.9 -1.44071e-10 -6.10279e-11
11.925 -1.28005e-10 -5.27834e-11
11.95 -1.141e-10 -4.669e-11
11.975 -1.02289e-10 -4.26461e-11
12 -9.2471e-11 -4.05148e-11
12.025 -8.45144e-11 -4.01287e-11
12.05 -7.82584e-11 -4.12935e-11
12.075 -7.35196e-11 -4.37935e-11
12.1 -7.00961e-11 -4.7396e-11
12.125 -6.77728e-11 -5.1857e-11
12.15 -6.63261e-11 -5.69258e-11
12.175 -6.55291e-11 -6.23507e-11
12.2 -6.51564e-11 -6.78837e-11
12.225 -6.49884e-11 -7.32854e-11
12.25 -6.48164e-11 -7.83293e-11
12.275 -6.44458e-11 -8.28062e-11
12.3 -6.37003e-11 -8.65276e-11
12.325 -6.24247e-11 -8.9329e-11
12.35 -6.04872e-11 -9.10725e-11
12.375 -5.77823e-11 -9.16486e-11
12.4 -5.42313e-11 -9.09782e-11
12.425 -4.9784e-11 -8.90128e-11
12.45 -4.44184e-11 -8.57352e-11
12.475 -3.81407e-11 -8.1159e-11
12.5 -3.09849e-11 -7.53277e-11
12.525 -2.30106e-11 -6.83131e-11
12.55 -1.4302e-11 -6.02137e-11
12.575 -4.96542e-12 -5.11517e-11
12.6 4.87343e-12 -4.1271e-11
12.625 1.50722e-11 -3.07332e-11
12.65 2.54751e-11 -1.97149e-11
12.675 3.59163e-11 -8.40385e-12
12.7 4.62236e-11 3.00498e-12
12.725 5.62215e-11 1.43129e-11
12.75 6.57353e-11 2.53215e-11
12.775 7.45942e-11 3.58362e-11
12.8 8.26349e-11 4.56698e-11
12.825 8.97046e-11 5.46463e-11
12.85 9.56639e-11 6.26035e-11
12.875 1.0039e-10 6.93957e-11
12.9 1.03777e-10 7.48971e-11
12.925 1.0574e-10 7.90027e-11
12.95 1.06218e-10 8.16309e-11
12.975 1.05171e-10 8.27243e-11
13 1.02581e-10 8.22506e-11
13.025 9.84583e-11 8.02032e-11
13.05 9.28331e-11 7.66006e-11
13.075 8.5761e-11 7.14865e-11
13.1 7.73194e-11 6.49284e-11
13.125 6.76067e-11 5.70167e-11
13.15 5.6741e-11 4.78624e-11
13.175 4.48575e-11 3.7596e-11
13.2 3.21068e-11 2.63645e-11
13.225 1.86523e-11 1.43289e-11
13.25 4.66743e-12 1.66211e-12
13.275 -9.66684e-12 -1.14547e-11
13.3 -2.41651e-11 -2.48345e-11
13.325 -3.86402e-11 -3.82877e-11
13.35 -5.29063e-11 -5.16249e-11
13.375 -6.67815e-11 -6.46602e-11
13.4 -8.00906e-11 -7.72136e-11
13.425 -9.26678e-11 -8.9114e-11
13.45 -1.04359e-10 -1.00202e-10
13.475 -1.15024e-10 -1.10331e-10
13.5 -1.24537e-10 -1.1937e-10
13.525 -1.32793e-10 -1.27208e-10
13.55 -1.39702e-10 -1.33748e-10
13.575 -1.45197e-10 -1.38919e-10
13.6 -1.49229e-10 -1.42666e-10
13.625 -1.51771e-10 -1.44957e-10
13.65 -1.52817e-10 -1.45783e-10
13.675 -1.52382e-10 -1.45154e-10
13.7 -1.50502e-10 -1.43102e-10
13.725 -1.47232e-10 -1.39679e-10
13.75 -1.42643e-10 -1.34956e-10
13.775 -1.36827e-10 -1.2902e-10
13.8 -1.29889e-10 -1.21978e-10
13.825 -1.21948e-10 -1.13946e-10
13.85 -1.13134e-10 -1.05056e-10
13.875 -1.03588e-10 -9.54486e-11
13.9 -9.34587e-11 -8.52726e-11
13.925 -8.28983e-11 -7.46822e-11
13.95 -7.2063e-11 -6.38352e-11
13.975 -6.11097e-11 -5.28901e-11
14 -5.01935e-11 -4.20039e-11
14.025 -3.94658e-11 -3.13304e-11
14.05 -2.90724e-11 -2.10175e-11
14.075 -1.91513e-11 -1.12052e-11
14.1 -9.83093e-12 -2.02434e-12
14.125 -1.22886e-12 6.40586e-12
14.15 6.55002e-12 1.39787e-11
14.175 1.34145e-11 2.06014e-11
14.2 1.9288e-11 2.61963e-11
14.225 2.41094e-11 3.07015e-11
14.25 2.78337e-11 3.40716e-11
14.275 3.0432e-11 3.62776e-11
14.3 3.18918e-11 3.73076e-11
14.325 3.22168e-11 3.71661e-11
14.35 3.14262e-11 3.58738e-11
14.375 2.95547e-11 3.34671e-11
14.4 2.6651e-11 2.99973e-11
14.425 2.27775e-11 2.55294e-11
14.45 1.80086e-11 2.01408e-11
14.475 1.24296e-11 1.39207e-11
14.5 6.13557e-12 6.96792e-12
14.525 -7.70623e-13 -6.10394e-13
14.55 -8.17952e-12 -8.70027e-12
14.575 -1.59769e-11 -1.71827e-11
14.6 -2.40452e-11 -2.59353e-11
14.625 -3.22655e-11 -3.48342e-11
14.65 -4.05189e-11 -4.37554e-11
14.675 -4.86884e-11 -5.25766e-11
14.7 -5.66598e-11 -6.1179e-11
14.725 -6.43241e-11 -6.94486e-11
14.75 -7.1578e-11 -7.72773e-11
14.775 -7.83258e-11 -8.4565e-11
14.8 -8.44799e-11 -9.12201e-11
14.825 -8.99624e-11 -9.71607e-11
14.85 -9.47055e-11 -1.02316e-10
14.875 -9.86524e-11 -1.06625e-10
14.9 -1.01758e-10 -1.10041e-10
14.925 -1.03988e-10 -1.12527e-10
14.95 -1.05321e-10 -1.14061e-10
14.975 -1.05749e-10 -1.14633e-10
15 -1.05272e-10 -1.14243e-10
15.025 -1.03906e-10 -1.12906e-10
15.05 -1.01676e-10 -1.10648e-10
15.075 -9.86168e-11 -1.07505e-10
15.1 -9.47758e-11 -1.03527e-10
15.125 -9.02081e-11 -9.87687e-11
15.15 -8.49774e-11 -9.32981e-11
15.175 -7.91547e-11 -8.71888e-11
15.2 -7.28177e-11 -8.05216e-11
15.225 -6.60492e-11 -7.33833e-11
15.25 -5.89361e-11 -6.58649e-11
15.275 -5.15685e-11 -5.80607e-11
15.3 -4.40383e-11 -5.00673e-11
15.325 -3.6438e-11 -4.1982e-11
15.35 -2.88596e-11 -3.3902e-11
15.375 -2.13938e-11 -2.59227e-11
15.4 -1.41282e-11 -1.81373e-11
15.425 -7.14728e-12 -1.06351e-11
15.45 -5.30586e-13 -3.50094e-12
15.475 5.64768e-12 3.18602e-12
15.5 1.13195e-11 9.3529e-12
15.525 1.6424e-11 1.4934e-11
15.55 2.09074e-11 1.98712e-11
15.575 2.47244e-11 2.41147e-11
15.6 2.78377e-11 2.76236e-11
15.625 3.0219e-11 3.03658e-11
15.65 3.18486e-11 3.23183e-11
15.675 3.27159e-11 3.34675e-11
15.7 3.2819e-11 3.38092e-11
15.725 3.21648e-11 3.33482e-11
15.75 3.07689e-11 3.20982e-11
15.775 2.86548e-11 3.00816e-11
15.8 2.58541e-11 2.73292e-11
15.825 2.24054e-11 2.38791e-11
15.85 1.83543e-11 1.97771e-11
15.875 1.37525e-11 1.50751e-11
15.9 8.65703e-12 9.83114e-12
15.925 3.12989e-12 4.10839e-12
15.95 -2.76301e-12 -2.02562e-12
15.975 -8.95247e-12 -8.49976e-12
16 -1.53668e-11 -1.52401e-11
16.025 -2.19328e-11 -2.21707e-11
16.05 -2.85761e-11 -2.92146e-11
16.075 -3.52225e-11 -3.62944e-11
16.1 -4.17983e-11 -4.33332e-11
16.125 -4.82314e-11 -5.02553e-11
16.15 -5.44516e-11 -5.6987e-11
16.175 -6.03918e-11 -6.34574e-11
16.2 -6.59881e-11 -6.95989e-11
16.225 -7.11807e-11 -7.53478e-11
16.25 -7.59143e-11 -8.06449e-11
16.275 -8.01386e-11 -8.54362e-11
16.3 -8.38089e-11 -8.96731e-11
16.325 -8.68859e-11 -9.33126e-11
16.35 -8.93368e-11 -9.63182e-11
16.375 -9.11346e-11 -9.86595e-11
16.4 -9.2259e-11 -1.00313e-10
16.425 -9.26961e-11 -1.01261e-10
16.45 -9.24385e-11 -1.01494e-10
16.475 -9.14853e-11 -1.01008e-10
16.5 -8.9842e-11 -9.9805e-11
16.525 -8.75201e-11 -9.78955e-11
16.55 -8.45375e-11 -9.52947e-11
16.575 -8.09174e-11 -9.20242e-11
16.6 -7.66888e-11 -8.81112e-11
16.625 -7.18857e-11 -8.35885e-11
16.65 -6.65467e-11 -7.84936e-11
16.675 -6.07147e-11 -7.28687e-11
16.7 -5.44367e-11 -6.67601e-11
16.725 -4.77627e-11 -6.02177e-11
16.75 -4.07461e-11 -5.32948e-11
16.775 -3.34422e-11 -4.60469e-11
16.8 -2.59087e-11 -3.85321e-11
16.825 -1.82043e-11 -3.08099e-11
16.85 -1.03889e-11 -2.29409e-11
16.875 -2.52274e-12 -1.49864e-11
16.9 5.33409e-12 -7.00784e-12
16.925 1.31219e-11 9.33791e-13
16.95 2.07822e-11 8.77831e-12
16.975 2.82576e-11 1.64668e-11
17 3.54928e-11 2.39422e-11
17.025 4.24346e-11 3.11493e-11
17.05 4.90324e-11 3.80356e-11
17.075 5.52385e-11 4.45512e-11
17.1 6.10084e-11 5.06497e-11
17.125 6.63008e-11 5.62876e-11
17.15 7.10783e-11 6.14254e-11
17.175 7.53073e-11 6.60273e-11
17.2 7.89582e-11 7.00614e-11
17.225 8.20053e-11 7.35002e-11
17.25 8.44273e-11 7.63202e-11
17.275 8.62072e-11 7.85022e-11
17.3 8.7332e-11 8.00314e-11
17.325 8.77931e-11 8.08972e-11
17.35 8.75861e-11 8.10934e-11
17.375 8.67106e-11 8.06179e-11
17.4 8.51703e-11 7.94726e-11
17.425 8.29728e-11 7.76637e-11
17.45 8.01293e-11 7.52009e-11
17.475 7.66548e-11 7.20978e-11
17.5 7.25675e-11 6.83714e-11
17.525 6.78887e-11 6.40419e-11
17.55 6.26427e-11 5.91326e-11
17.575 5.68567e-11 5.36697e-11
17.6 5.05601e-11 4.76819e-11
17.625 4.37846e-11 4.12003e-11
17.65 3.65639e-11 3.4258e-11
17.675 2.89333e-11 2.68898e-11
17.7 2.09296e-11 1.91323e-11
17.725 1.25908e-11 1.10231e-11
17.75 3.95584e-12 2.60106e-12
17.775 -4.93588e-12 -6.09437e-12
17.8 -1.40444e-11 -1.50232e-11
17.825 -2.33295e-11 -2.41452e-11
17.85 -3.27513e-11 -3.342e-11
17.875 -4.227e-11 -4.28077e-11
17.9 -5.18463e-11 -5.22687e-11
17.925 -6.14417e-11 -6.17639e-11
17.95 -7.10185e-11 -7.12552e-11
17.975 -8.05402e-11 -8.07055e-11
18 -8.99713e-11 -9.00788e-11
18.025 -9.92779e-11 -9.93406e-11
18.05 -1.08428e-10 -1.08458e-10
18.075 -1.17389e-10 -1.17399e-10
18.1 -1.26134e-10 -1.26133e-10
18.125 -1.34634e-10 -1.34634e-10
18.15 -1.42865e-10 -1.42874e-10
18.175 -1.50802e-10 -1.5083e-10
18.2 -1.58424e-10 -1.58478e-10
18.225 -1.65712e-10 -1.658e-10
18.25 -1.72648e-10 -1.72776e-10
18.275 -1.79217e-10 -1.79391e-10
18.3 -1.85404e-10 -1.8563e-10
18.325 -1.912e-10 -1.91481e-10
18.35 -1.96595e-10 -1.96935e-10
18.375 -2.0158e-10 -2.01983e-10
18.4 -2.06151e-10 -2.06619e-10
18.425 -2.10304e-10 -2.10838e-10
18.45 -2.14036e-10 -2.14639e-10
18.475 -2.17349e-10 -2.1802e-10
18.5 -2.20242e-10 -2.20983e-10
18.525 -2.2272e-10 -2.2353e-10
18.55 -2.24786e-10 -2.25664e-10
18.575 -2.26447e-10 -2.27393e-10
18.6 -2.2771e-10 -2.28721e-10
18.625 -2.28583e-10 -2.29658e-10
18.65 -2.29075e-10 -2.30212e-10
18.675 -2.29198e-10 -2.30395e-10
18.7 -2.28963e-10 -2.30216e-10
18.725 -2.28381e-10 -2.29688e-10
18.75 -2.27467e-10 -2.28825e-10
18.775 -2.26232e-10 -2.27638e-10
18.8 -2.24693e-10 -2.26143e-10
18.825 -2.22863e-10 -2.24354e-10
18.85 -2.20758e-10 -2.22286e-10
18.875 -2.18393e-10 -2.19954e-10
18.9 -2.15783e-10 -2.17374e-10
18.925 -2.12943e-10 -2.14561e-10
18.95 -2.09891e-10 -2.11532e-10
18.975 -2.06641e-10 -2.08301e-10
19 -2.03209e-10 -2.04885e-10
19.025 -1.99611e-10 -2.01299e-10
19.05 -1.95862e-10 -1.97558e-10
19.075 -1.91977e-10 -1.93678e-10
19.1 -1.87971e-10 -1.89674e-10
19.125 -1.83858e-10 -1.8556e-10
19.15 -1.79652e-10 -1.8135e-10
19.175 -1.75368e-10 -1.77059e-10
19.2 -1.71018e-10 -1.72699e-10
19.225 -1.66615e-10 -1.68283e-10
19.25 -1.62171e-10 -1.63824e-10
19.275 -1.57698e-10 -1.59334e-10
19.3 -1.53208e-10 -1.54824e-10
19.325 -1.4871e-10 -1.50305e-10
19.35 -1.44216e-10 -1.45788e-10
19.375 -1.39735e-10 -1.41281e-10
19.4 -1.35275e-10 -1.36795e-10
19.425 -1.30846e-10 -1.32337e-10
19.45 -1.26455e-10 -1.27916e-10
19.475 -1.22109e-10 -1.2354e-10
19.5 -1.17816e-10 -1.19215e-10
19.525 -1.13581e-10 -1.14948e-10
19.55 -1.09411e-10 -1.10744e-10
19.575 -1.0531e-10 -1.06609e-10
19.6 -1.01283e-10 -1.02548e-10
19.625 -9.73352e-11 -9.85648e-11
19.65 -9.34694e-11 -9.46637e-11
19.675 -8.96891e-11 -9.08479e-11
19.7 -8.59972e-11 -8.71205e-11
19.725 -8.23962e-11 -8.34839e-11
19.75 -7.8888e-11 -7.99403e-11
19.775 -7.54743e-11 -7.64913e-11
19.8 -7.21564e-11 -7.31384e-11
19.825 -6.89353e-11 -6.98826e-11
19.85 -6.58115e-11 -6.67245e-11
19.875 -6.27854e-11 -6.36645e-11
19.9 -5.9857e-11 -6.07027e-11
19.925 -5.7026e-11 -5.7839e-11
19.95 -5.42921e-11 -5.50728e-11
19.975 -5.16544e-11 -5.24035e-11
20 -4.9112e-11 -4.98303e-11
