0 0.251854 0.251858 -0.0022735 0.124792
0.025 0.251854 0.251858 -0.0022735 0.124792
0.05 0.251801 0.251818 -0.002274 0.124772
0.075 0.251713 0.251752 -0.00227481 0.124739
0.1 0.25159 0.251659 -0.00227594 0.124691
0.125 0.25143 0.251538 -0.00227735 0.12463
0.15 0.251235 0.25139 -0.00227904 0.124555
0.175 0.251003 0.251213 -0.00228096 0.124466
0.2 0.250734 0.251007 -0.0022831 0.124362
0.225 0.250427 0.25077 -0.00228541 0.124243
0.25 0.250082 0.250503 -0.00228785 0.124108
0.275 0.249698 0.250204 -0.00229038 0.123957
0.3 0.249274 0.249872 -0.00229295 0.123789
0.325 0.24881 0.249506 -0.00229552 0.123605
0.35 0.248304 0.249104 -0.00229801 0.123403
0.375 0.247756 0.248665 -0.00230039 0.123182
0.4 0.247164 0.248188 -0.00230258 0.122943
0.425 0.246528 0.247672 -0.00230453 0.122683
0.45 0.245846 0.247114 -0.00230617 0.122404
0.475 0.245119 0.246514 -0.00230744 0.122103
0.5 0.244344 0.24587 -0.00230828 0.121781
0.525 0.24352 0.245181 -0.00230861 0.121436
0.55 0.242647 0.244444 -0.00230838 0.121068
0.575 0.241724 0.243659 -0.00230751 0.120676
0.6 0.240749 0.242824 -0.00230593 0.120259
0.625 0.239722 0.241938 -0.0023036 0.119817
0.65 0.238641 0.240998 -0.00230043 0.119349
0.675 0.237506 0.240005 -0.00229638 0.118854
0.7 0.236317 0.238956 -0.00229137 0.118332
0.725 0.235071 0.23785 -0.00228537 0.117782
0.75 0.233768 0.236685 -0.0022783 0.117204
0.775 0.232409 0.235462 -0.00227012 0.116596
0.8 0.230991 0.234178 -0.00226078 0.115959
0.825 0.229515 0.232834 -0.00225024 0.115292
0.85 0.22798 0.231427 -0.00223846 0.114594
0.875 0.226386 0.229958 -0.0022254 0.113866
0.9 0.224732 0.228425 -0.00221103 0.113107
0.925 0.223019 0.226828 -0.00219532 0.112316
0.95 0.221246 0.225168 -0.00217825 0.111495
0.975 0.219414 0.223442 -0.00215981 0.110641
1 0.217522 0.221653 -0.00213997 0.109756
1.025 0.215571 0.219799 -0.00211874 0.10884
1.05 0.213562 0.21788 -0.00209611 0.107892
1.075 0.211494 0.215898 -0.00207209 0.106913
1.1 0.209369 0.213853 -0.00204667 0.105903
1.125 0.207187 0.211744 -0.00201988 0.104862
1.15 0.204949 0.209573 -0.00199173 0.103791
1.175 0.202656 0.207341 -0.00196224 0.10269
1.2 0.200309 0.205049 -0.00193145 0.101559
1.225 0.19791 0.202698 -0.00189938 0.1004
1.25 0.19546 0.20029 -0.00186607 0.0992119
1.275 0.192959 0.197825 -0.00183156 0.0979968
1.3 0.190411 0.195306 -0.0017959 0.096755
1.325 0.187816 0.192734 -0.00175914 0.0954874
1.35 0.185177 0.190111 -0.00172132 0.0941948
1.375 0.182495 0.187439 -0.00168251 0.0928783
1.4 0.179772 0.18472 -0.00164277 0.0915388
1.425 0.17701 0.181957 -0.00160216 0.0901774
1.45 0.174212 0.179151 -0.00156074 0.0887953
1.475 0.17138 0.176306 -0.00151858 0.0873937
1.5 0.168516 0.173423 -0.00147576 0.0859736
1.525 0.165622 0.170505 -0.00143234 0.0845365
1.55 0.162701 0.167556 -0.0013884 0.0830836
1.575 0.159756 0.164576 -0.00134401 0.0816161
1.6 0.156789 0.16157 -0.00129925 0.0801356
1.625 0.153802 0.158541 -0.00125419 0.0786433
1.65 0.150799 0.15549 -0.00120891 0.0771407
1.675 0.147782 0.152422 -0.00116348 0.0756292
1.7 0.144754 0.149338 -0.00111799 0.0741102
1.725 0.141717 0.146243 -0.00107251 0.0725852
1.75 0.138674 0.143138 -0.0010271 0.0710555
1.775 0.135628 0.140027 -0.000981857 0.0695228
1.8 0.132582 0.136914 -0.000936836 0.0679883
1.825 0.129538 0.133799 -0.000892113 0.0664536
1.85 0.1265 0.130688 -0.000847755 0.0649201
1.875 0.123469 0.127582 -0.000803829 0.0633892
1.9 0.120448 0.124485 -0.000760398 0.0618622
1.925 0.11744 0.121399 -0.000717526 0.0603407
1.95 0.114448 0.118327 -0.00067527 0.0588258
1.975 0.111474 0.115272 -0.000633686 0.057319
2 0.10852 0.112236 -0.000592829 0.0558215
2.025 0.105589 0.109222 -0.000552747 0.0543346
2.05 0.102683 0.106232 -0.000513489 0.0528595
2.075 0.0998038 0.10327 -0.000475097 0.0513974
2.1 0.0969544 0.100336 -0.000437613 0.0499494
2.125 0.0941365 0.0974343 -0.000401073 0.0485166
2.15 0.0913521 0.0945657 -0.000365512 0.0471001
2.175 0.0886029 0.0917326 -0.00033096 0.0457008
2.2 0.085891 0.0889371 -0.000297444 0.0443198
2.225 0.0832178 0.0861808 -0.000264986 0.0429579
2.25 0.0805851 0.0834655 -0.000233609 0.041616
2.275 0.0779943 0.0807929 -0.000203328 0.0402948
2.3 0.0754467 0.0781644 -0.000174157 0.0389951
2.325 0.0729438 0.0755814 -0.000146107 0.0377176
2.35 0.0704867 0.0730452 -0.000119184 0.036463
2.375 0.0680764 0.0705569 -9.33931e-05 0.0352318
2.4 0.0657139 0.0681176 -6.87355e-05 0.0340244
2.425 0.0634002 0.0657283 -4.52094e-05 0.0328415
2.45 0.061136 0.0633897 -2.28105e-05 0.0316835
2.475 0.0589219 0.0611026 -1.53168e-06 0.0305505
2.5 0.0567585 0.0588676 1.86365e-05 0.0294431
2.525 0.0546463 0.0566852 3.77059e-05 0.0283615
2.55 0.0525857 0.0545558 5.56907e-05 0.0273057
2.575 0.0505768 0.0524797 7.26072e-05 0.0262761
2.6 0.04862 0.050457 8.84735e-05 0.0252728
2.625 0.0467153 0.048488 0.00010331 0.0242957
2.65 0.0448626 0.0465726 0.000117137 0.0233449
2.675 0.0430619 0.0447107 0.00012998 0.0224203
2.7 0.0413131 0.0429021 0.000141862 0.021522
2.725 0.0396158 0.0411467 0.000152809 0.0206497
2.75 0.0379698 0.039444 0.000162849 0.0198034
2.775 0.0363746 0.0377937 0.000172008 0.0189828
2.8 0.0348298 0.0361953 0.000180317 0.0181878
2.825 0.0333349 0.0346482 0.000187804 0.017418
2.85 0.0318892 0.0331519 0.0001945 0.0166732
2.875 0.0304922 0.0317057 0.000200435 0.0159531
2.9 0.029143 0.0303089 0.00020564 0.0152573
2.925 0.0278411 0.0289606 0.000210146 0.0145854
2.95 0.0265855 0.0276602 0.000213984 0.0139371
2.975 0.0253754 0.0264066 0.000217185 0.0133119
3 0.02421 0.0251991 0.000219781 0.0127094
3.025 0.0230884 0.0240366 0.000221802 0.0121292
3.05 0.0220095 0.0229183 0.000223278 0.0115708
3.075 0.0209725 0.0218431 0.000224241 0.0110337
3.1 0.0199764 0.02081 0.000224719 0.0105174
3.125 0.0190201 0.019818 0.000224743 0.0100214
3.15 0.0181026 0.018866 0.00022434 0.00954519
3.175 0.0172229 0.017953 0.000223539 0.00908828
3.2 0.0163799 0.0170779 0.000222367 0.00865013
3.225 0.0155726 0.0162396 0.000220851 0.00823022
3.25 0.0148 0.015437 0.000219017 0.007828
3.275 0.0140609 0.014669 0.000216889 0.00744296
3.3 0.0133543 0.0139346 0.000214493 0.00707455
3.325 0.0126791 0.0132327 0.000211851 0.00672226
3.35 0.0120344 0.0125621 0.000208985 0.00638556
3.375 0.011419 0.0119219 0.000205919 0.00606393
3.4 0.010832 0.011311 0.000202671 0.00575684
3.425 0.0102723 0.0107283 0.000199262 0.00546379
3.45 0.00973886 0.0101728 0.000195712 0.00518427
3.475 0.00923077 0.00964354 0.000192037 0.00491779
3.5 0.00874704 0.00913945 0.000188255 0.00466385
3.525 0.0082867 0.00865958 0.000184381 0.00442198
3.55 0.00784884 0.00820298 0.000180432 0.00419171
3.575 0.00743252 0.00776871 0.000176422 0.00397257
3.6 0.00703687 0.00735586 0.000172364 0.00376411
3.625 0.00666101 0.00696354 0.00016827 0.0035659
3.65 0.00630409 0.00659087 0.000164153 0.00337751
3.675 0.0059653 0.00623701 0.000160024 0.00319852
3.7 0.00564382 0.00590113 0.000155892 0.00302851
3.725 0.00533889 0.00558245 0.000151768 0.00286711
3.75 0.00504976 0.00528019 0.000147659 0.00271393
3.775 0.00477568 0.0049936 0.000143575 0.00256859
3.8 0.00451597 0.00472196 0.000139522 0.00243074
3.825 0.00426994 0.00446456 0.000135508 0.00230003
3.85 0.00403694 0.00422074 0.000131537 0.00217614
3.875 0.00381634 0.00398984 0.000127617 0.00205873
3.9 0.00360753 0.00377125 0.000123751 0.0019475
3.925 0.00340993 0.00356435 0.000119944 0.00184214
3.95 0.00322297 0.00336856 0.000116201 0.00174238
3.975 0.00304613 0.00318335 0.000112523 0.00164794
4 0.00287888 0.00300816 0.000108915 0.00155854
4.025 0.00272074 0.0028425 0.000105379 0.00147394
4.05 0.00257123 0.00268587 0.000101918 0.0013939
4.075 0.00242991 0.00253781 9.85314e-05 0.00131817
4.1 0.00229634 0.00239787 9.52226e-05 0.00124655
4.125 0.0021701 0.00226562 9.19922e-05 0.00117881
4.15 0.00205083 0.00214066 8.88409e-05 0.00111475
4.175 0.00193813 0.0020226 8.57693e-05 0.00105419
4.2 0.00183165 0.00191107 8.27776e-05 0.000996925
4.225 0.00173106 0.00180572 7.98659e-05 0.000942793
4.25 0.00163604 0.00170621 7.70341e-05 0.000891622
4.275 0.00154627 0.00161223 7.42816e-05 0.000843254
4.3 0.00146148 0.00152346 7.1608e-05 0.000797536
4.325 0.00138139 0.00143964 6.90127e-05 0.000754326
4.35 0.00130574 0.00136048 6.64946e-05 0.000713485
4.375 0.00123428 0.00128572 6.40529e-05 0.000674885
4.4 0.00116677 0.00121512 6.16864e-05 0.000638403
4.425 0.00110301 0.00114845 5.93941e-05 0.000603922
4.45 0.00104277 0.00108549 5.71745e-05 0.000571332
4.475 0.00098586 0.00102603 5.50264e-05 0.000540527
4.5 0.000932096 0.00096987 5.29483e-05 0.000511409
4.525 0.000881299 0.000916831 5.09387e-05 0.000483885
4.55 0.000833302 0.000866734 4.89963e-05 0.000457865
4.575 0.000787949 0.000819413 4.71193e-05 0.000433266
4.6 0.000745089 0.000774711 4.53063e-05 0.000410009
4.625 0.000704584 0.000732481 4.35557e-05 0.000388018
4.65 0.000666301 0.000692583 4.18658e-05 0.000367224
4.675 0.000630116 0.000654885 4.02351e-05 0.00034756
4.7 0.00059591 0.000619263 3.86619e-05 0.000328962
4.725 0.000563572 0.000585599 3.71446e-05 0.000311372
4.75 0.000532999 0.000553784 3.56817e-05 0.000294733
4.775 0.000504091 0.000523713 3.42715e-05 0.000278992
4.8 0.000476757 0.000495289 3.29125e-05 0.000264101
4.825 0.000450908 0.000468418 3.16031e-05 0.000250011
4.85 0.000426462 0.000443014 3.03419e-05 0.000236678
4.875 0.000403342 0.000418994 2.91272e-05 0.000224061
4.9 0.000381473 0.000396282 2.79577e-05 0.00021212
4.925 0.000360789 0.000374805 2.68319e-05 0.000200818
4.95 0.000341222 0.000354493 2.57483e-05 0.000190121
4.975 0.000322713 0.000335284 2.47056e-05 0.000179995
5 0.000305203 0.000317114 2.37024e-05 0.000170408
5.025 0.000288638 0.000299928 2.27374e-05 0.000161333
5.05 0.000272967 0.000283672 2.18092e-05 0.000152741
5.075 0.000258141 0.000268294 2.09168e-05 0.000144605
5.1 0.000244115 0.000253746 2.00587e-05 0.000136902
5.125 0.000230846 0.000239983 1.92339e-05 0.000129609
5.15 0.000218293 0.000226963 1.84411e-05 0.000122702
5.175 0.000206417 0.000214646 1.76792e-05 0.000116162
5.2 0.000195183 0.000202993 1.69472e-05 0.00010997
5.225 0.000184556 0.000191968 1.6244e-05 0.000104106
5.25 0.000174503 0.000181538 1.55685e-05 9.85534e-05
5.275 0.000164995 0.000171671 1.49198e-05 9.32956e-05
5.3 0.000156002 0.000162337 1.42969e-05 8.83171e-05
5.325 0.000147497 0.000153508 1.36988e-05 8.36032e-05
5.35 0.000139454 0.000145155 1.31247e-05 7.914e-05
5.375 0.000131848 0.000137255 1.25736e-05 7.49143e-05
5.4 0.000124657 0.000129783 1.20447e-05 7.09138e-05
5.425 0.000117858 0.000122716 1.15373e-05 6.71265e-05
5.45 0.000111431 0.000116032 1.10504e-05 6.35414e-05
5.475 0.000105355 0.000109712 1.05833e-05 6.01479e-05
5.5 9.96122e-05 0.000103736 1.01354e-05 5.69359e-05
5.525 9.41848e-05 9.80863e-05 9.70577e-06 5.38961e-05
5.55 8.90559e-05 9.27447e-05 9.29383e-06 5.10193e-05
5.575 8.42095e-05 8.76952e-05 8.89888e-06 4.8297e-05
5.6 7.96305e-05 8.29223e-05 8.52027e-06 4.57213e-05
5.625 7.53045e-05 7.84112e-05 8.15738e-06 4.32843e-05
5.65 7.12179e-05 7.41479e-05 7.80959e-06 4.09788e-05
5.675 6.73577e-05 7.01193e-05 7.47632e-06 3.87978e-05
5.7 6.37117e-05 6.63128e-05 7.15701e-06 3.67349e-05
5.725 6.02683e-05 6.27164e-05 6.85111e-06 3.47838e-05
5.75 5.70163e-05 5.93189e-05 6.55808e-06 3.29385e-05
5.775 5.39454e-05 5.61095e-05 6.27742e-06 3.11934e-05
5.8 5.10455e-05 5.3078e-05 6.00864e-06 2.95433e-05
5.825 4.83072e-05 5.02147e-05 5.75126e-06 2.7983e-05
5.85 4.57216e-05 4.75106e-05 5.50482e-06 2.65077e-05
5.875 4.32802e-05 4.49569e-05 5.26888e-06 2.51129e-05
5.9 4.09749e-05 4.25453e-05 5.04301e-06 2.37942e-05
5.925 3.87982e-05 4.0268e-05 4.82681e-06 2.25474e-05
5.95 3.67428e-05 3.81177e-05 4.61987e-06 2.13688e-05
5.975 3.48018e-05 3.60871e-05 4.42181e-06 2.02545e-05
6 3.29688e-05 3.41698e-05 4.23227e-06 1.9201e-05
6.025 3.12377e-05 3.23593e-05 4.05088e-06 1.82051e-05
6.05 2.96026e-05 3.06496e-05 3.87731e-06 1.72634e-05
6.075 2.80581e-05 2.9035e-05 3.71123e-06 1.63731e-05
6.1 2.6599e-05 2.75103e-05 3.55232e-06 1.55313e-05
6.125 2.52203e-05 2.60702e-05 3.40027e-06 1.47352e-05
6.15 2.39174e-05 2.47099e-05 3.25479e-06 1.39823e-05
6.175 2.2686e-05 2.34248e-05 3.1156e-06 1.32702e-05
6.2 2.15219e-05 2.22108e-05 2.98243e-06 1.25966e-05
6.225 2.04212e-05 2.10635e-05 2.85501e-06 1.19593e-05
6.25 1.93802e-05 1.99793e-05 2.73311e-06 1.13562e-05
6.275 1.83954e-05 1.89544e-05 2.61646e-06 1.07854e-05
6.3 1.74637e-05 1.79854e-05 2.50486e-06 1.02451e-05
6.325 1.65818e-05 1.70691e-05 2.39807e-06 9.73356e-06
6.35 1.57469e-05 1.62023e-05 2.29588e-06 9.24909e-06
6.375 1.49563e-05 1.53822e-05 2.19809e-06 8.79016e-06
6.4 1.42074e-05 1.46061e-05 2.1045e-06 8.35532e-06
6.425 1.34977e-05 1.38714e-05 2.01493e-06 7.94319e-06
6.45 1.2825e-05 1.31757e-05 1.9292e-06 7.55247e-06
6.475 1.21872e-05 1.25168e-05 1.84714e-06 7.18195e-06
6.5 1.15823e-05 1.18924e-05 1.76859e-06 6.83047e-06
6.525 1.10082e-05 1.13005e-05 1.69338e-06 6.49695e-06
6.55 1.04634e-05 1.07394e-05 1.62137e-06 6.18037e-06
6.575 9.94612e-06 1.02071e-05 1.55242e-06 5.87978e-06
6.6 9.45481e-06 9.70217e-06 1.48639e-06 5.59428e-06
6.625 8.98801e-06 9.22288e-06 1.42315e-06 5.32302e-06
6.65 8.54435e-06 8.76783e-06 1.36258e-06 5.0652e-06
6.675 8.12256e-06 8.33563e-06 1.30456e-06 4.82009e-06
6.7 7.72145e-06 7.925e-06 1.24898e-06 4.58699e-06
6.725 7.33987e-06 7.53474e-06 1.19572e-06 4.36523e-06
6.75 6.97679e-06 7.16373e-06 1.14469e-06 4.15421e-06
6.775 6.63121e-06 6.81089e-06 1.0958e-06 3.95334e-06
6.8 6.30222e-06 6.47525e-06 1.04894e-06 3.76209e-06
6.825 5.98896e-06 6.15588e-06 1.00403e-06 3.57995e-06
6.85 5.69062e-06 5.85191e-06 9.60981e-07 3.40645e-06
6.875 5.40644e-06 5.56254e-06 9.19722e-07 3.24113e-06
6.9 5.13571e-06 5.28699e-06 8.80172e-07 3.08358e-06
6.925 4.87778e-06 5.02456e-06 8.42259e-07 2.93341e-06
6.95 4.63202e-06 4.77459e-06 8.05915e-07 2.79025e-06
6.975 4.39785e-06 4.53644e-06 7.71073e-07 2.65376e-06
7 4.17473e-06 4.30954e-06 7.37671e-07 2.52361e-06
7.025 3.96213e-06 4.09333e-06 7.0565e-07 2.39949e-06
7.05 3.75958e-06 3.8873e-06 6.74953e-07 2.28112e-06
7.075 3.56663e-06 3.69096e-06 6.45526e-07 2.16824e-06
7.1 3.38283e-06 3.50385e-06 6.17319e-07 2.06059e-06
7.125 3.2078e-06 3.32556e-06 5.90281e-07 1.95792e-06
7.15 3.04113e-06 3.15567e-06 5.64366e-07 1.86002e-06
7.175 2.88248e-06 2.99381e-06 5.39529e-07 1.76667e-06
7.2 2.73149e-06 2.83961e-06 5.15728e-07 1.67767e-06
7.225 2.58785e-06 2.69274e-06 4.92923e-07 1.59283e-06
7.25 2.45122e-06 2.55287e-06 4.71073e-07 1.51197e-06
7.275 2.32133e-06 2.41971e-06 4.50143e-07 1.43493e-06
7.3 2.19787e-06 2.29295e-06 4.30095e-07 1.36152e-06
7.325 2.08059e-06 2.17234e-06 4.10897e-07 1.29162e-06
7.35 1.96921e-06 2.05759e-06 3.92515e-07 1.22505e-06
7.375 1.86349e-06 1.94848e-06 3.74918e-07 1.1617e-06
7.4 1.76317e-06 1.84475e-06 3.58075e-07 1.10141e-06
7.425 1.66804e-06 1.74618e-06 3.41958e-07 1.04407e-06
7.45 1.57786e-06 1.65255e-06 3.26538e-07 9.89545e-07
7.475 1.49241e-06 1.56365e-06 3.11789e-07 9.37722e-07
7.5 1.41149e-06 1.47929e-06 2.97685e-07 8.88487e-07
7.525 1.33488e-06 1.39926e-06 2.84201e-07 8.41732e-07
7.55 1.26241e-06 1.32339e-06 2.71312e-07 7.9735e-07
7.575 1.19386e-06 1.25149e-06 2.58996e-07 7.55241e-07
7.6 1.12907e-06 1.18338e-06 2.4723e-07 7.15306e-07
7.625 1.06785e-06 1.11891e-06 2.35992e-07 6.77453e-07
7.65 1.01003e-06 1.05791e-06 2.25262e-07 6.41588e-07
7.675 9.5545e-07 1.00023e-06 2.15019e-07 6.07625e-07
7.7 9.03941e-07 9.45712e-07 2.05244e-07 5.75478e-07
7.725 8.55353e-07 8.94212e-07 1.95917e-07 5.45064e-07
7.75 8.09536e-07 8.45588e-07 1.87021e-07 5.16304e-07
7.775 7.66347e-07 7.99705e-07 1.78537e-07 4.89121e-07
7.8 7.25649e-07 7.5643e-07 1.70448e-07 4.63439e-07
7.825 6.87309e-07 7.15635e-07 1.62739e-07 4.39187e-07
7.85 6.51199e-07 6.77196e-07 1.55392e-07 4.16294e-07
7.875 6.17199e-07 6.40994e-07 1.48392e-07 3.94693e-07
7.9 5.85191e-07 6.06912e-07 1.41724e-07 3.74318e-07
7.925 5.55063e-07 5.7484e-07 1.35373e-07 3.55107e-07
7.95 5.2671e-07 5.44669e-07 1.29326e-07 3.36997e-07
7.975 5.00028e-07 5.16295e-07 1.23569e-07 3.19932e-07
8 4.74922e-07 4.8962e-07 1.18087e-07 3.03854e-07
8.025 4.51299e-07 4.64546e-07 1.1287e-07 2.88708e-07
8.05 4.2907e-07 4.40981e-07 1.07904e-07 2.74442e-07
8.075 4.08151e-07 4.18837e-07 1.03177e-07 2.61007e-07
8.1 3.88464e-07 3.98028e-07 9.8678e-08 2.48353e-07
8.125 3.69932e-07 3.78474e-07 9.43962e-08 2.36435e-07
8.15 3.52484e-07 3.60097e-07 9.03205e-08 2.25209e-07
8.175 3.36051e-07 3.42822e-07 8.64409e-08 2.14632e-07
8.2 3.20569e-07 3.2658e-07 8.27474e-08 2.04664e-07
8.225 3.05977e-07 3.11303e-07 7.92306e-08 1.95267e-07
8.25 2.92216e-07 2.96927e-07 7.58812e-08 1.86404e-07
8.275 2.79232e-07 2.83392e-07 7.26908e-08 1.78041e-07
8.3 2.66972e-07 2.70641e-07 6.96507e-08 1.70146e-07
8.325 2.55388e-07 2.5862e-07 6.67531e-08 1.62687e-07
8.35 2.44433e-07 2.47279e-07 6.39903e-08 1.55634e-07
8.375 2.34062e-07 2.36568e-07 6.13551e-08 1.48962e-07
8.4 2.24236e-07 2.26444e-07 5.88403e-08 1.42642e-07
8.425 2.14914e-07 2.16863e-07 5.64395e-08 1.36651e-07
8.45 2.06059e-07 2.07787e-07 5.41463e-08 1.30967e-07
8.475 1.97638e-07 1.99179e-07 5.19547e-08 1.25567e-07
8.5 1.89619e-07 1.91004e-07 4.98591e-08 1.20432e-07
8.525 1.8197e-07 1.8323e-07 4.78542e-08 1.15542e-07
8.55 1.74664e-07 1.75828e-07 4.59348e-08 1.10882e-07
8.575 1.67674e-07 1.6877e-07 4.40961e-08 1.06433e-07
8.6 1.60977e-07 1.62031e-07 4.23338e-08 1.02182e-07
8.625 1.54549e-07 1.55586e-07 4.06435e-08 9.81149e-08
8.65 1.48371e-07 1.49415e-07 3.90214e-08 9.42183e-08
8.675 1.42423e-07 1.43498e-07 3.74636e-08 9.04807e-08
8.7 1.36688e-07 1.37816e-07 3.59668e-08 8.68913e-08
8.725 1.31151e-07 1.32353e-07 3.45276e-08 8.34402e-08
8.75 1.25797e-07 1.27093e-07 3.31432e-08 8.01182e-08
8.775 1.20615e-07 1.22024e-07 3.18106e-08 7.6917e-08
8.8 1.15593e-07 1.17131e-07 3.05273e-08 7.38293e-08
8.825 1.10723e-07 1.12405e-07 2.92908e-08 7.0848e-08
8.85 1.05994e-07 1.07835e-07 2.8099e-08 6.79671e-08
8.875 1.01402e-07 1.03412e-07 2.69497e-08 6.5181e-08
8.9 9.69397e-08 9.91281e-08 2.58412e-08 6.24846e-08
8.925 9.26024e-08 9.49757e-08 2.47715e-08 5.98736e-08
8.95 8.83863e-08 9.09488e-08 2.37392e-08 5.7344e-08
8.975 8.42885e-08 8.70417e-08 2.27426e-08 5.48921e-08
9 8.03069e-08 8.32496e-08 2.17805e-08 5.2515e-08
9.025 7.64399e-08 7.95682e-08 2.08516e-08 5.02099e-08
9.05 7.26866e-08 7.59941e-08 1.99547e-08 4.79744e-08
9.075 6.90464e-08 7.25241e-08 1.90887e-08 4.58064e-08
9.1 6.55194e-08 6.91556e-08 1.82527e-08 4.37042e-08
9.125 6.21056e-08 6.58865e-08 1.74458e-08 4.16662e-08
9.15 5.88055e-08 6.2715e-08 1.6667e-08 3.9691e-08
9.175 5.56196e-08 5.96397e-08 1.59157e-08 3.77777e-08
9.2 5.25482e-08 5.66593e-08 1.5191e-08 3.59251e-08
9.225 4.9592e-08 5.3773e-08 1.44922e-08 3.41326e-08
9.25 4.67512e-08 5.09801e-08 1.38188e-08 3.23994e-08
9.275 4.40259e-08 4.82799e-08 1.317e-08 3.0725e-08
9.3 4.14162e-08 4.56721e-08 1.25453e-08 2.91087e-08
9.325 3.89217e-08 4.31563e-08 1.19442e-08 2.75502e-08
9.35 3.65417e-08 4.07322e-08 1.1366e-08 2.60491e-08
9.375 3.42753e-08 3.83994e-08 1.08103e-08 2.46048e-08
9.4 3.21212e-08 3.61577e-08 1.02765e-08 2.32171e-08
9.425 3.00778e-08 3.40066e-08 9.76408e-09 2.18854e-08
9.45 2.81429e-08 3.19459e-08 9.27262e-09 2.06092e-08
9.475 2.63144e-08 2.99748e-08 8.80159e-09 1.93882e-08
9.5 2.45896e-08 2.80929e-08 8.35051e-09 1.82217e-08
9.525 2.29654e-08 2.62993e-08 7.9189e-09 1.71091e-08
9.55 2.14387e-08 2.45931e-08 7.50628e-09 1.60497e-08
9.575 2.00059e-08 2.29733e-08 7.11217e-09 1.50427e-08
9.6 1.86635e-08 2.14386e-08 6.73609e-09 1.40873e-08
9.625 1.74075e-08 1.99876e-08 6.37757e-09 1.31826e-08
9.65 1.62341e-08 1.86187e-08 6.03614e-09 1.23274e-08
9.675 1.5139e-08 1.73303e-08 5.71131e-09 1.15208e-08
9.7 1.41183e-08 1.61203e-08 5.40261e-09 1.07615e-08
9.725 1.31679e-08 1.49867e-08 5.10956e-09 1.00482e-08
9.75 1.22836e-08 1.39274e-08 4.83169e-09 9.37952e-09
9.775 1.14615e-08 1.29398e-08 4.56851e-09 8.75414e-09
9.8 1.06977e-08 1.20215e-08 4.31955e-09 8.17051e-09
9.825 9.98848e-09 1.11698e-08 4.08433e-09 7.62708e-09
9.85 9.33026e-09 1.03821e-08 3.86237e-09 7.12225e-09
9.875 8.71964e-09 9.65557e-09 3.6532e-09 6.65438e-09
9.9 8.15342e-09 8.98723e-09 3.45634e-09 6.22178e-09
9.925 7.62864e-09 8.3742e-09 3.27131e-09 5.82276e-09
9.95 7.14253e-09 7.81352e-09 3.09765e-09 5.45559e-09
9.975 6.69258e-09 7.30222e-09 2.93488e-09 5.11855e-09
10 6.27646e-09 6.83731e-09 2.78254e-09 4.80993e-09
10.025 5.8921e-09 6.41587e-09 2.64016e-09 4.52801e-09
10.05 5.5376e-09 6.03498e-09 2.50727e-09 4.27112e-09
10.075 5.21129e-09 5.6918e-09 2.38342e-09 4.03761e-09
10.1 4.91165e-09 5.38355e-09 2.26815e-09 3.82585e-09
10.125 4.63732e-09 5.10755e-09 2.16102e-09 3.63429e-09
10.15 4.38709e-09 4.8612e-09 2.06158e-09 3.46139e-09
10.175 4.15985e-09 4.64201e-09 1.96939e-09 3.3057e-09
10.2 3.95461e-09 4.4476e-09 1.88401e-09 3.16581e-09
10.225 3.77042e-09 4.27574e-09 1.80503e-09 3.04039e-09
10.25 3.6064e-09 4.12429e-09 1.73202e-09 2.92816e-09
10.275 3.46168e-09 3.99125e-09 1.66458e-09 2.82792e-09
10.3 3.33541e-09 3.87476e-09 1.60231e-09 2.73854e-09
10.325 3.22671e-09 3.77308e-09 1.54482e-09 2.65895e-09
10.35 3.1347e-09 3.68459e-09 1.49172e-09 2.58816e-09
10.375 3.05844e-09 3.60782e-09 1.44265e-09 2.52524e-09
10.4 2.99693e-09 3.54139e-09 1.39726e-09 2.46932e-09
10.425 2.94915e-09 3.48404e-09 1.3552e-09 2.41962e-09
10.45 2.91397e-09 3.43464e-09 1.31615e-09 2.37539e-09
10.475 2.89022e-09 3.39212e-09 1.27978e-09 2.33595e-09
10.5 2.87667e-09 3.35553e-09 1.24581e-09 2.30067e-09
10.525 2.87203e-09 3.32401e-09 1.21394e-09 2.26897e-09
10.55 2.87496e-09 3.29674e-09 1.18391e-09 2.24033e-09
10.575 2.88406e-09 3.273e-09 1.15547e-09 2.21424e-09
10.6 2.89793e-09 3.25212e-09 1.12838e-09 2.19025e-09
10.625 2.91513e-09 3.23348e-09 1.10243e-09 2.16795e-09
10.65 2.93423e-09 3.21649e-09 1.07741e-09 2.14695e-09
10.675 2.95384e-09 3.20063e-09 1.05315e-09 2.12689e-09
10.7 2.97256e-09 3.18539e-09 1.02947e-09 2.10743e-09
10.725 2.98907e-09 3.1703e-09 1.00624e-09 2.08827e-09
10.75 3.00211e-09 3.15491e-09 9.83309e-10 2.06911e-09
10.775 3.0105e-09 3.13878e-09 9.60577e-10 2.04968e-09
10.8 3.01318e-09 3.12153e-09 9.37942e-10 2.02973e-09
10.825 3.00918e-09 3.10275e-09 9.1532e-10 2.00903e-09
10.85 2.99766e-09 3.08207e-09 8.92645e-10 1.98736e-09
10.875 2.97795e-09 3.05916e-09 8.69864e-10 1.96451e-09
10.9 2.94948e-09 3.03368e-09 8.46936e-10 1.94031e-09
10.925 2.91186e-09 3.00533e-09 8.23834e-10 1.91458e-09
10.95 2.86486e-09 2.97382e-09 8.00545e-10 1.88718e-09
10.975 2.8084e-09 2.9389e-09 7.77062e-10 1.85798e-09
11 2.74255e-09 2.90036e-09 7.53391e-10 1.82688e-09
11.025 2.66755e-09 2.858e-09 7.29546e-10 1.79377e-09
11.05 2.58377e-09 2.81168e-09 7.05549e-10 1.75862e-09
11.075 2.49173e-09 2.76128e-09 6.81428e-10 1.72136e-09
11.1 2.39208e-09 2.70674e-09 6.57216e-10 1.68198e-09
11.125 2.28557e-09 2.64803e-09 6.32952e-10 1.64049e-09
11.15 2.17306e-09 2.58518e-09 6.08678e-10 1.59693e-09
11.175 2.05549e-09 2.51826e-09 5.84438e-10 1.55135e-09
11.2 1.93387e-09 2.44739e-09 5.60279e-10 1.50384e-09
11.225 1.80928e-09 2.37275e-09 5.36247e-10 1.4545e-09
11.25 1.68278e-09 2.29454e-09 5.12389e-10 1.40346e-09
11.275 1.5555e-09 2.21304e-09 4.88753e-10 1.3509e-09
11.3 1.42853e-09 2.12855e-09 4.65383e-10 1.29697e-09
11.325 1.30295e-09 2.04143e-09 4.42323e-10 1.24188e-09
11.35 1.17979e-09 1.95207e-09 4.19615e-10 1.18584e-09
11.375 1.06003e-09 1.86088e-09 3.97298e-10 1.12909e-09
11.4 9.44591e-10 1.76832e-09 3.75407e-10 1.07186e-09
11.425 8.34291e-10 1.67486e-09 3.53976e-10 1.01442e-09
11.45 7.29867e-10 1.58099e-09 3.33033e-10 9.57011e-10
11.475 6.31947e-10 1.48721e-09 3.12606e-10 8.9991e-10
11.5 5.4105e-10 1.39404e-09 2.92717e-10 8.43377e-10
11.525 4.57579e-10 1.30197e-09 2.73386e-10 7.87676e-10
11.55 3.81817e-10 1.21149e-09 2.54629e-10 7.33061e-10
11.575 3.1393e-10 1.1231e-09 2.3646e-10 6.79779e-10
11.6 2.53963e-10 1.03724e-09 2.1889e-10 6.28065e-10
11.625 2.01847e-10 9.5435e-10 2.01925e-10 5.78137e-10
11.65 1.57404e-10 8.74824e-10 1.85573e-10 5.30199e-10
11.675 1.20353e-10 7.99023e-10 1.69836e-10 4.8443e-10
11.7 9.03189e-11 7.27265e-10 1.54717e-10 4.40991e-10
11.725 6.68415e-11 6.5982e-10 1.40214e-10 4.00017e-10
11.75 4.9389e-11 5.96911e-10 1.26327e-10 3.61619e-10
11.775 3.73681e-11 5.38709e-10 1.13054e-10 3.25881e-10
11.8 3.01375e-11 4.85333e-10 1.00391e-10 2.92862e-10
11.825 2.70211e-11 4.36847e-10 8.83339e-11 2.6259e-10
11.85 2.73211e-11 3.93265e-10 7.6879e-11 2.35072e-10
11.875 3.03318e-11 3.54547e-10 6.60215e-11 2.10284e-10
11.9 3.53523e-11 3.20604e-10 5.57563e-11 1.8818e-10
11.925 4.16992e-11 2.913e-10 4.60787e-11 1.68689e-10
11.95 4.8718e-11 2.66455e-10 3.69835e-11 1.51719e-10
11.975 5.57946e-11 2.45849e-10 2.84657e-11 1.37157e-10
12 6.23645e-11 2.29226e-10 2.05203e-11 1.24873e-10
12.025 6.79215e-11 2.16301e-10 1.3142e-11 1.14721e-10
12.05 7.20251e-11 2.06761e-10 6.32568e-12 1.06543e-10
12.075 7.43055e-11 2.00275e-10 6.56576e-14 1.0017e-10
12.1 7.44688e-11 1.96499e-10 -5.64391e-12 9.54276e-11
12.125 7.22986e-11 1.95079e-10 -1.08094e-11 9.21348e-11
12.15 6.7658e-11 1.95659e-10 -1.54377e-11 9.01104e-11
12.175 6.04886e-11 1.97885e-10 -1.95366e-11 8.91743e-11
12.2 5.08089e-11 2.01414e-10 -2.31147e-11 8.91498e-11
12.225 3.8711e-11 2.05915e-10 -2.61817e-11 8.98667e-11
12.25 2.43559e-11 2.11075e-10 -2.87484e-11 9.11631e-11
12.275 7.96827e-12 2.16602e-10 -3.0827e-11 9.28876e-11
12.3 -1.0171e-11 2.22233e-10 -3.2431e-11 9.49012e-11
12.325 -2.9732e-11 2.27733e-10 -3.35756e-11 9.70787e-11
12.35 -5.03441e-11 2.32897e-10 -3.42773e-11 9.93098e-11
12.375 -7.1605e-11 2.37554e-10 -3.45546e-11 1.015e-10
12.4 -9.30897e-11 2.4157e-10 -3.44274e-11 1.03571e-10
12.425 -1.14361e-10 2.44841e-10 -3.39172e-11 1.05462e-10
12.45 -1.34976e-10 2.47304e-10 -3.30473e-11 1.07128e-10
12.475 -1.545e-10 2.48924e-10 -3.18423e-11 1.08541e-10
12.5 -1.7251e-10 2.49702e-10 -3.03285e-11 1.09687e-10
12.525 -1.8861e-10 2.49671e-10 -2.85334e-11 1.10569e-10
12.55 -2.02432e-10 2.48888e-10 -2.64855e-11 1.11201e-10
12.575 -2.13645e-10 2.47439e-10 -2.42144e-11 1.11613e-10
12.6 -2.21966e-10 2.45431e-10 -2.17506e-11 1.1184e-10
12.625 -2.27158e-10 2.42989e-10 -1.91251e-11 1.11932e-10
12.65 -2.2904e-10 2.40253e-10 -1.63689e-11 1.11942e-10
12.675 -2.27487e-10 2.37373e-10 -1.35136e-11 1.1193e-10
12.7 -2.22433e-10 2.34508e-10 -1.05903e-11 1.11959e-10
12.725 -2.13874e-10 2.31815e-10 -7.6296e-12 1.12093e-10
12.75 -2.01864e-10 2.29454e-10 -4.66161e-12 1.12396e-10
12.775 -1.86516e-10 2.27578e-10 -1.71534e-12 1.12931e-10
12.8 -1.68001e-10 2.2633e-10 1.18142e-12 1.13756e-10
12.825 -1.46543e-10 2.25842e-10 4.00229e-12 1.14922e-10
12.85 -1.22414e-10 2.26229e-10 6.72263e-12 1.16476e-10
12.875 -9.59326e-11 2.2759e-10 9.31965e-12 1.18455e-10
12.9 -6.7455e-11 2.30002e-10 1.17727e-11 1.20887e-10
12.925 -3.73703e-11 2.33519e-10 1.40632e-11 1.23791e-10
12.95 -6.09378e-12 2.38174e-10 1.61751e-11 1.27175e-10
12.975 2.59402e-11 2.43975e-10 1.80949e-11 1.31035e-10
13 5.82855e-11 2.50903e-10 1.98114e-11 1.35357e-10
13.025 9.04916e-11 2.58918e-10 2.13162e-11 1.40117e-10
13.05 1.22111e-10 2.67953e-10 2.26033e-11 1.45278e-10
13.075 1.52704e-10 2.7792e-10 2.36696e-11 1.50795e-10
13.1 1.81852e-10 2.88709e-10 2.45141e-11 1.56611e-10
13.125 2.09156e-10 3.00191e-10 2.51386e-11 1.62665e-10
13.15 2.34248e-10 3.12221e-10 2.55472e-11 1.68884e-10
13.175 2.56794e-10 3.24636e-10 2.5746e-11 1.75191e-10
13.2 2.76501e-10 3.37266e-10 2.57433e-11 1.81505e-10
13.225 2.93118e-10 3.4993e-10 2.55492e-11 1.87739e-10
13.25 3.06442e-10 3.6244e-10 2.51756e-11 1.93808e-10
13.275 3.16321e-10 3.74608e-10 2.46356e-11 1.99622e-10
13.3 3.22651e-10 3.86247e-10 2.39438e-11 2.05096e-10
13.325 3.25385e-10 3.97175e-10 2.31156e-11 2.10145e-10
13.35 3.24525e-10 4.07214e-10 2.21671e-11 2.1469e-10
13.375 3.20125e-10 4.162e-10 2.11151e-11 2.18657e-10
13.4 3.1229e-10 4.23981e-10 1.99766e-11 2.21979e-10
13.425 3.01174e-10 4.30421e-10 1.87684e-11 2.24595e-10
13.45 2.86974e-10 4.35403e-10 1.75073e-11 2.26455e-10
13.475 2.6993e-10 4.38829e-10 1.62097e-11 2.2752e-10
13.5 2.50317e-10 4.40624e-10 1.48912e-11 2.27757e-10
13.525 2.28444e-10 4.40734e-10 1.35668e-11 2.2715e-10
13.55 2.04648e-10 4.39131e-10 1.22505e-11 2.25691e-10
13.575 1.79288e-10 4.35811e-10 1.09548e-11 2.23383e-10
13.6 1.52739e-10 4.30795e-10 9.69149e-12 2.20243e-10
13.625 1.25387e-10 4.24126e-10 8.47063e-12 2.16298e-10
13.65 9.76231e-11 4.15873e-10 7.30101e-12 2.11587e-10
13.675 6.98375e-11 4.06127e-10 6.18988e-12 2.06159e-10
13.7 4.24144e-11 3.94999e-10 5.14301e-12 2.00071e-10
13.725 1.57264e-11 3.8262e-10 4.16462e-12 1.93392e-10
13.75 -9.87128e-12 3.69138e-10 3.25745e-12 1.86198e-10
13.775 -3.40446e-11 3.54717e-10 2.42278e-12 1.7857e-10
13.8 -5.64859e-11 3.39533e-10 1.66048e-12 1.70597e-10
13.825 -7.69172e-11 3.23771e-10 9.69121e-13 1.6237e-10
13.85 -9.5094e-11 3.07624e-10 3.46037e-13 1.53985e-10
13.875 -1.10808e-10 2.91289e-10 -2.12536e-13 1.45538e-10
13.9 -1.23889e-10 2.74966e-10 -7.11344e-13 1.37127e-10
13.925 -1.34207e-10 2.58851e-10 -1.15598e-12 1.28847e-10
13.95 -1.41674e-10 2.43137e-10 -1.55273e-12 1.20792e-10
13.975 -1.46243e-10 2.28009e-10 -1.90843e-12 1.1305e-10
14 -1.47906e-10 2.13644e-10 -2.23032e-12 1.05707e-10
14.025 -1.46701e-10 2.00205e-10 -2.52586e-12 9.88398e-11
14.05 -1.427e-10 1.87843e-10 -2.80262e-12 9.25204e-11
14.075 -1.36015e-10 1.76691e-10 -3.06809e-12 8.68115e-11
14.1 -1.26793e-10 1.66864e-10 -3.32956e-12 8.17672e-11
14.125 -1.15215e-10 1.58458e-10 -3.59398e-12 7.74319e-11
14.15 -1.01488e-10 1.51548e-10 -3.86783e-12 7.38402e-11
14.175 -8.58462e-11 1.46189e-10 -4.15704e-12 7.1016e-11
14.2 -6.85471e-11 1.42413e-10 -4.46683e-12 6.89729e-11
14.225 -4.98647e-11 1.40229e-10 -4.80168e-12 6.77137e-11
14.25 -3.00876e-11 1.39627e-10 -5.16522e-12 6.72307e-11
14.275 -9.51371e-12 1.40572e-10 -5.56022e-12 6.75058e-11
14.3 1.15537e-11 1.43011e-10 -5.9885e-12 6.85113e-11
14.325 3.281e-11 1.46871e-10 -6.45094e-12 7.02098e-11
14.35 5.3954e-11 1.52058e-10 -6.94748e-12 7.25554e-11
14.375 7.46914e-11 1.58466e-10 -7.47713e-12 7.54943e-11
14.4 9.47389e-11 1.65969e-10 -8.03794e-12 7.89654e-11
14.425 1.13828e-10 1.74431e-10 -8.62715e-12 8.29018e-11
14.45 1.31708e-10 1.83703e-10 -9.24113e-12 8.7231e-11
14.475 1.48148e-10 1.93629e-10 -9.87552e-12 9.18769e-11
14.5 1.62943e-10 2.04046e-10 -1.05253e-11 9.67603e-11
14.525 1.75912e-10 2.14785e-10 -1.11848e-11 1.018e-10
14.55 1.86903e-10 2.25677e-10 -1.1848e-11 1.06915e-10
14.575 1.95792e-10 2.36554e-10 -1.25083e-11 1.12023e-10
14.6 2.02485e-10 2.47248e-10 -1.3159e-11 1.17044e-10
14.625 2.06922e-10 2.57598e-10 -1.37931e-11 1.21903e-10
14.65 2.09069e-10 2.67452e-10 -1.44036e-11 1.26524e-10
14.675 2.08928e-10 2.76663e-10 -1.49836e-11 1.3084e-10
14.7 2.06527e-10 2.85097e-10 -1.55263e-11 1.34785e-10
14.725 2.01927e-10 2.92634e-10 -1.60251e-11 1.38304e-10
14.75 1.95215e-10 2.99166e-10 -1.6474e-11 1.41346e-10
14.775 1.86503e-10 3.046e-10 -1.68673e-11 1.43866e-10
14.8 1.7593e-10 3.08861e-10 -1.71998e-11 1.45831e-10
14.825 1.63655e-10 3.1189e-10 -1.74671e-11 1.47211e-10
14.85 1.49858e-10 3.13645e-10 -1.76653e-11 1.4799e-10
14.875 1.34734e-10 3.14104e-10 -1.77916e-11 1.48156e-10
14.9 1.18493e-10 3.13259e-10 -1.78436e-11 1.47708e-10
14.925 1.01358e-10 3.11123e-10 -1.782e-11 1.46652e-10
14.95 8.35568e-11 3.07726e-10 -1.77204e-11 1.45003e-10
14.975 6.53244e-11 3.03112e-10 -1.75451e-11 1.42783e-10
15 4.6897e-11 2.97342e-10 -1.72955e-11 1.40023e-10
15.025 2.85102e-11 2.90494e-10 -1.69737e-11 1.3676e-10
15.05 1.03954e-11 2.82655e-10 -1.65827e-11 1.33036e-10
15.075 -7.2226e-12 2.73927e-10 -1.61263e-11 1.289e-10
15.1 -2.41282e-11 2.64422e-10 -1.56092e-11 1.24406e-10
15.125 -4.01177e-11 2.54261e-10 -1.50366e-11 1.19612e-10
15.15 -5.50016e-11 2.43571e-10 -1.44145e-11 1.14578e-10
15.175 -6.86065e-11 2.32485e-10 -1.37495e-11 1.09368e-10
15.2 -8.07768e-11 2.21141e-10 -1.30486e-11 1.04046e-10
15.225 -9.13766e-11 2.09677e-10 -1.23194e-11 9.8679e-11
15.25 -1.00291e-10 1.98233e-10 -1.15696e-11 9.33315e-11
15.275 -1.07426e-10 1.86944e-10 -1.08073e-11 8.80683e-11
15.3 -1.12711e-10 1.75945e-10 -1.00407e-11 8.2952e-11
15.325 -1.16099e-10 1.65363e-10 -9.27802e-12 7.80427e-11
15.35 -1.17564e-10 1.55322e-10 -8.52758e-12 7.33973e-11
15.375 -1.17106e-10 1.45934e-10 -7.79743e-12 6.90685e-11
15.4 -1.14744e-10 1.37305e-10 -7.09544e-12 6.51045e-11
15.425 -1.10522e-10 1.29527e-10 -6.42916e-12 6.15487e-11
15.45 -1.04504e-10 1.22683e-10 -5.80577e-12 5.84384e-11
15.475 -9.67733e-11 1.16843e-10 -5.23195e-12 5.58054e-11
15.5 -8.74338e-11 1.12064e-10 -4.71384e-12 5.36749e-11
15.525 -7.66049e-11 1.08389e-10 -4.25699e-12 5.20659e-11
15.55 -6.44225e-11 1.05847e-10 -3.86625e-12 5.09906e-11
15.575 -5.10357e-11 1.04455e-10 -3.5458e-12 5.04545e-11
15.6 -3.66059e-11 1.04212e-10 -3.29901e-12 5.04566e-11
15.625 -2.13041e-11 1.05107e-10 -3.1285e-12 5.09892e-11
15.65 -5.30931e-12 1.07113e-10 -3.03605e-12 5.20384e-11
15.675 1.11939e-11 1.10191e-10 -3.02263e-12 5.35842e-11
15.7 2.80174e-11 1.1429e-10 -3.08837e-12 5.56007e-11
15.725 4.49714e-11 1.19346e-10 -3.23257e-12 5.80568e-11
15.75 6.18671e-11 1.25286e-10 -3.4537e-12 6.09164e-11
15.775 7.85181e-11 1.32027e-10 -3.74945e-12 6.4139e-11
15.8 9.47426e-11 1.39477e-10 -4.11673e-12 6.76803e-11
15.825 1.10366e-10 1.47537e-10 -4.55172e-12 7.14926e-11
15.85 1.2522e-10 1.56101e-10 -5.04989e-12 7.55256e-11
15.875 1.39149e-10 1.6506e-10 -5.6061e-12 7.97269e-11
15.9 1.52007e-10 1.743e-10 -6.2146e-12 8.40429e-11
15.925 1.63661e-10 1.83707e-10 -6.86911e-12 8.8419e-11
15.95 1.73992e-10 1.93164e-10 -7.56291e-12 9.28006e-11
15.975 1.82897e-10 2.02556e-10 -8.28887e-12 9.71337e-11
16 1.90288e-10 2.1177e-10 -9.03952e-12 1.01365e-10
16.025 1.96092e-10 2.20696e-10 -9.80717e-12 1.05445e-10
16.05 2.00256e-10 2.29229e-10 -1.05839e-11 1.09323e-10
16.075 2.02743e-10 2.37269e-10 -1.13618e-11 1.12953e-10
16.1 2.03533e-10 2.44722e-10 -1.21328e-11 1.16295e-10
16.125 2.02623e-10 2.51505e-10 -1.28889e-11 1.19308e-10
16.15 2.00029e-10 2.57539e-10 -1.36223e-11 1.21958e-10
16.175 1.95782e-10 2.62758e-10 -1.43252e-11 1.24216e-10
16.2 1.89932e-10 2.67105e-10 -1.49903e-11 1.26057e-10
16.225 1.82541e-10 2.70532e-10 -1.56105e-11 1.27461e-10
16.25 1.73689e-10 2.73006e-10 -1.6179e-11 1.28413e-10
16.275 1.63468e-10 2.74501e-10 -1.66895e-11 1.28906e-10
16.3 1.51984e-10 2.75004e-10 -1.71361e-11 1.28934e-10
16.325 1.39355e-10 2.74515e-10 -1.75136e-11 1.28501e-10
16.35 1.25708e-10 2.73045e-10 -1.78171e-11 1.27614e-10
16.375 1.11182e-10 2.70615e-10 -1.80424e-11 1.26286e-10
16.4 9.59225e-11 2.67258e-10 -1.81861e-11 1.24536e-10
16.425 8.00808e-11 2.63019e-10 -1.82452e-11 1.22387e-10
16.45 6.38147e-11 2.57951e-10 -1.82174e-11 1.19867e-10
16.475 4.72856e-11 2.52119e-10 -1.81011e-11 1.17009e-10
16.5 3.06573e-11 2.45594e-10 -1.78953e-11 1.1385e-10
16.525 1.40944e-11 2.38459e-10 -1.75999e-11 1.1043e-10
16.55 -2.2385e-12 2.30802e-10 -1.72151e-11 1.06793e-10
16.575 -1.81788e-11 2.22718e-10 -1.6742e-11 1.02988e-10
16.6 -3.35666e-11 2.14308e-10 -1.61822e-11 9.90628e-11
16.625 -4.82465e-11 2.05678e-10 -1.5538e-11 9.50699e-11
16.65 -6.20683e-11 1.96937e-10 -1.48122e-11 9.10623e-11
16.675 -7.48884e-11 1.88198e-10 -1.40081e-11 8.70947e-11
16.7 -8.65705e-11 1.79574e-10 -1.31297e-11 8.32222e-11
16.725 -9.6987e-11 1.71181e-10 -1.21813e-11 7.94999e-11
16.75 -1.06019e-10 1.63133e-10 -1.11677e-11 7.59829e-11
16.775 -1.13559e-10 1.55544e-10 -1.0094e-11 7.27251e-11
16.8 -1.19509e-10 1.48525e-10 -8.96579e-12 6.97795e-11
16.825 -1.23783e-10 1.42183e-10 -7.78885e-12 6.71972e-11
16.85 -1.26305e-10 1.36624e-10 -6.56925e-12 6.50274e-11
16.875 -1.27012e-10 1.31946e-10 -5.31328e-12 6.33166e-11
16.9 -1.25855e-10 1.28244e-10 -4.02735e-12 6.21084e-11
16.925 -1.22796e-10 1.25605e-10 -2.718e-12 6.14434e-11
16.95 -1.17807e-10 1.24109e-10 -1.39184e-12 6.13587e-11
16.975 -1.10878e-10 1.2383e-10 -5.5468e-14 6.18874e-11
17 -1.02005e-10 1.24833e-10 1.28452e-12 6.30588e-11
17.025 -9.12011e-11 1.27175e-10 2.62163e-12 6.48981e-11
17.05 -7.84885e-11 1.30902e-10 3.94944e-12 6.74258e-11
17.075 -6.39015e-11 1.36055e-10 5.26173e-12 7.06583e-11
17.1 -4.74852e-11 1.42662e-10 6.55243e-12 7.46071e-11
17.125 -2.92952e-11 1.50743e-10 7.81573e-12 7.92794e-11
17.15 -9.39696e-12 1.60309e-10 9.04604e-12 8.46774e-11
17.175 1.2135e-11 1.7136e-10 1.02381e-11 9.07991e-11
17.2 3.52174e-11 1.83889e-10 1.13869e-11 9.76377e-11
17.225 5.97593e-11 1.97876e-10 1.24878e-11 1.05182e-10
17.25 8.56624e-11 2.13296e-10 1.35365e-11 1.13416e-10
17.275 1.12822e-10 2.30112e-10 1.45292e-11 1.22321e-10
17.3 1.41129e-10 2.48281e-10 1.54622e-11 1.31872e-10
17.325 1.70468e-10 2.6775e-10 1.63324e-11 1.42041e-10
17.35 2.0072e-10 2.8846e-10 1.71371e-11 1.52799e-10
17.375 2.31762e-10 3.10344e-10 1.7874e-11 1.64109e-10
17.4 2.63472e-10 3.33328e-10 1.85411e-11 1.75935e-10
17.425 2.95722e-10 3.57333e-10 1.91368e-11 1.88235e-10
17.45 3.28385e-10 3.82272e-10 1.96602e-11 2.00966e-10
17.475 3.61335e-10 4.08058e-10 2.01104e-11 2.14084e-10
17.5 3.94445e-10 4.34594e-10 2.04871e-11 2.27541e-10
17.525 4.2759e-10 4.61784e-10 2.07904e-11 2.41287e-10
17.55 4.60646e-10 4.89526e-10 2.10206e-11 2.55273e-10
17.575 4.93494e-10 5.17717e-10 2.11785e-11 2.69448e-10
17.6 5.26014e-10 5.46252e-10 2.12651e-11 2.83759e-10
17.625 5.58094e-10 5.75025e-10 2.12819e-11 2.98153e-10
17.65 5.89624e-10 6.03929e-10 2.12305e-11 3.1258e-10
17.675 6.20498e-10 6.32857e-10 2.11129e-11 3.26985e-10
17.7 6.50616e-10 6.61704e-10 2.09314e-11 3.41318e-10
17.725 6.79883e-10 6.90365e-10 2.06882e-11 3.55527e-10
17.75 7.08211e-10 7.18738e-10 2.03862e-11 3.69562e-10
17.775 7.35517e-10 7.46721e-10 2.00281e-11 3.83375e-10
17.8 7.61723e-10 7.74219e-10 1.9617e-11 3.96918e-10
17.825 7.86758e-10 8.01135e-10 1.9156e-11 4.10146e-10
17.85 8.1056e-10 8.2738e-10 1.86483e-11 4.23014e-10
17.875 8.3307e-10 8.52867e-10 1.80973e-11 4.35482e-10
17.9 8.54237e-10 8.77514e-10 1.75065e-11 4.4751e-10
17.925 8.74019e-10 9.01243e-10 1.68793e-11 4.59061e-10
17.95 8.92376e-10 9.23982e-10 1.62193e-11 4.70101e-10
17.975 9.09279e-10 9.45664e-10 1.553e-11 4.80597e-10
18 9.24703e-10 9.66227e-10 1.4815e-11 4.90521e-10
18.025 9.3863e-10 9.85614e-10 1.40777e-11 4.99846e-10
18.05 9.51048e-10 1.00378e-09 1.33216e-11 5.08548e-10
18.075 9.61951e-10 1.02067e-09 1.25501e-11 5.16608e-10
18.1 9.7134e-10 1.03625e-09 1.17665e-11 5.24006e-10
18.125 9.79221e-10 1.05048e-09 1.09742e-11 5.30729e-10
18.15 9.85603e-10 1.06335e-09 1.01763e-11 5.36763e-10
18.175 9.90505e-10 1.07482e-09 9.37577e-12 5.421e-10
18.2 9.93945e-10 1.08489e-09 8.57559e-12 5.46733e-10
18.225 9.95951e-10 1.09354e-09 7.77857e-12 5.50659e-10
18.25 9.96551e-10 1.10076e-09 6.98736e-12 5.53876e-10
18.275 9.9578e-10 1.10657e-09 6.20449e-12 5.56386e-10
18.3 9.93674e-10 1.11095e-09 5.43234e-12 5.58192e-10
18.325 9.90274e-10 1.11393e-09 4.67312e-12 5.59301e-10
18.35 9.85624e-10 1.11551e-09 3.9289e-12 5.59722e-10
18.375 9.7977e-10 1.11573e-09 3.2016e-12 5.59465e-10
18.4 9.7276e-10 1.11459e-09 2.49297e-12 5.58543e-10
18.425 9.64646e-10 1.11214e-09 1.80459e-12 5.5697e-10
18.45 9.55479e-10 1.10839e-09 1.13791e-12 5.54764e-10
18.475 9.45313e-10 1.10339e-09 4.94195e-13 5.51941e-10
18.5 9.34204e-10 1.09717e-09 -1.25428e-13 5.48523e-10
18.525 9.22206e-10 1.08978e-09 -7.19991e-13 5.44529e-10
18.55 9.09377e-10 1.08125e-09 -1.28867e-12 5.39982e-10
18.575 8.95774e-10 1.07164e-09 -1.8308e-12 5.34904e-10
18.6 8.81452e-10 1.06099e-09 -2.34583e-12 5.29321e-10
18.625 8.6647e-10 1.04935e-09 -2.83336e-12 5.23257e-10
18.65 8.50883e-10 1.03677e-09 -3.29313e-12 5.16738e-10
18.675 8.34748e-10 1.02331e-09 -3.72498e-12 5.0979e-10
18.7 8.1812e-10 1.00901e-09 -4.12887e-12 5.0244e-10
18.725 8.01052e-10 9.93932e-10 -4.5049e-12 4.94714e-10
18.75 7.83599e-10 9.78132e-10 -4.85324e-12 4.86639e-10
18.775 7.65811e-10 9.61661e-10 -5.17416e-12 4.78244e-10
18.8 7.4774e-10 9.44576e-10 -5.46804e-12 4.69554e-10
18.825 7.29435e-10 9.26929e-10 -5.73534e-12 4.60597e-10
18.85 7.10943e-10 9.08776e-10 -5.97658e-12 4.51399e-10
18.875 6.92311e-10 8.90168e-10 -6.19235e-12 4.41988e-10
18.9 6.73581e-10 8.7116e-10 -6.38334e-12 4.32388e-10
18.925 6.54796e-10 8.51802e-10 -6.55024e-12 4.22626e-10
18.95 6.35998e-10 8.32145e-10 -6.69383e-12 4.12726e-10
18.975 6.17223e-10 8.12239e-10 -6.81493e-12 4.02712e-10
19 5.98508e-10 7.9213e-10 -6.91437e-12 3.92608e-10
19.025 5.79888e-10 7.71867e-10 -6.99305e-12 3.82437e-10
19.05 5.61396e-10 7.51493e-10 -7.05186e-12 3.72221e-10
19.075 5.4306e-10 7.31053e-10 -7.09173e-12 3.6198e-10
19.1 5.24911e-10 7.10587e-10 -7.1136e-12 3.51736e-10
19.125 5.06973e-10 6.90135e-10 -7.11841e-12 3.41508e-10
19.15 4.89272e-10 6.69735e-10 -7.10713e-12 3.31314e-10
19.175 4.7183e-10 6.49423e-10 -7.0807e-12 3.21171e-10
19.2 4.54668e-10 6.29234e-10 -7.04009e-12 3.11097e-10
19.225 4.37803e-10 6.09199e-10 -6.98622e-12 3.01106e-10
19.25 4.21254e-10 5.89348e-10 -6.92003e-12 2.91214e-10
19.275 4.05034e-10 5.69711e-10 -6.84245e-12 2.81434e-10
19.3 3.89157e-10 5.50312e-10 -6.75437e-12 2.71779e-10
19.325 3.73636e-10 5.31178e-10 -6.65668e-12 2.6226e-10
19.35 3.58479e-10 5.12329e-10 -6.55024e-12 2.52889e-10
19.375 3.43696e-10 4.93787e-10 -6.43587e-12 2.43675e-10
19.4 3.29294e-10 4.7557e-10 -6.3144e-12 2.34628e-10
19.425 3.15278e-10 4.57695e-10 -6.18659e-12 2.25754e-10
19.45 3.01652e-10 4.40178e-10 -6.05322e-12 2.17062e-10
19.475 2.8842e-10 4.23031e-10 -5.91499e-12 2.08558e-10
19.5 2.75584e-10 4.06268e-10 -5.77261e-12 2.00248e-10
19.525 2.63143e-10 3.89897e-10 -5.62672e-12 1.92135e-10
19.55 2.51099e-10 3.73928e-10 -5.47797e-12 1.84225e-10
19.575 2.39449e-10 3.58367e-10 -5.32694e-12 1.7652e-10
19.6 2.28192e-10 3.43221e-10 -5.1742e-12 1.69023e-10
19.625 2.17324e-10 3.28493e-10 -5.02028e-12 1.61736e-10
19.65 2.06842e-10 3.14187e-10 -4.86567e-12 1.54661e-10
19.675 1.9674e-10 3.00305e-10 -4.71086e-12 1.47797e-10
19.7 1.87014e-10 2.86848e-10 -4.55626e-12 1.41146e-10
19.725 1.77659e-10 2.73814e-10 -4.40228e-12 1.34706e-10
19.75 1.68666e-10 2.61204e-10 -4.24931e-12 1.28477e-10
19.775 1.60031e-10 2.49013e-10 -4.09767e-12 1.22458e-10
19.8 1.51745e-10 2.3724e-10 -3.94769e-12 1.16646e-10
19.825 1.43801e-10 2.25881e-10 -3.79965e-12 1.1104e-10
19.85 1.36191e-10 2.14929e-10 -3.65381e-12 1.05638e-10
19.875 1.28907e-10 2.04381e-10 -3.51042e-12 1.00435e-10
19.9 1.2194e-10 1.94229e-10 -3.36966e-12 9.54298e-11
19.925 1.15282e-10 1.84468e-10 -3.23174e-12 9.06182e-11
19.95 1.08923e-10 1.7509e-10 -3.09682e-12 8.59966e-11
19.975 1.02855e-10 1.66088e-10 -2.96503e-12 8.15613e-11
20 9.70697e-11 1.57453e-10 -2.83649e-12 7.73081e-11
