0 -0.00015351 -0.000173562
0.025 -0.00015351 -0.000173562
0.05 -0.000306529 -0.000346534
0.075 -0.000458569 -0.00051833
0.1 -0.000609145 -0.000688365
0.125 -0.000757775 -0.000856064
0.15 -0.000903983 -0.00102086
0.175 -0.0010473 -0.00118219
0.2 -0.00118727 -0.00133951
0.225 -0.00132345 -0.0014923
0.25 -0.00145539 -0.00164004
0.275 -0.00158267 -0.00178224
0.3 -0.00170488 -0.00191842
0.325 -0.00182163 -0.00204812
0.35 -0.00193254 -0.00217094
0.375 -0.00203726 -0.00228645
0.4 -0.00213544 -0.00239429
0.425 -0.00222677 -0.00249411
0.45 -0.00231094 -0.0025856
0.475 -0.00238769 -0.00266848
0.5 -0.00245677 -0.00274248
0.525 -0.00251795 -0.0028074
0.55 -0.00257103 -0.00286305
0.575 -0.00261584 -0.00290929
0.6 -0.00265223 -0.002946
0.625 -0.00268008 -0.0029731
0.65 -0.00269932 -0.00299058
0.675 -0.00270987 -0.00299841
0.7 -0.00271171 -0.00299665
0.725 -0.00270483 -0.00298537
0.75 -0.00268927 -0.00296468
0.775 -0.00266508 -0.00293474
0.8 -0.00263236 -0.00289574
0.825 -0.00259122 -0.0028479
0.85 -0.00254182 -0.0027915
0.875 -0.00248434 -0.00272682
0.9 -0.00241898 -0.0026542
0.925 -0.00234599 -0.00257402
0.95 -0.00226563 -0.00248666
0.975 -0.0021782 -0.00239257
1 -0.00208402 -0.0022922
1.025 -0.00198345 -0.00218605
1.05 -0.00187685 -0.00207462
1.075 -0.00176462 -0.00195847
1.1 -0.00164719 -0.00183816
1.125 -0.001525 -0.00171427
1.15 -0.00139852 -0.00158741
1.175 -0.00126822 -0.00145821
1.2 -0.00113461 -0.0013273
1.225 -0.000998211 -0.00119533
1.25 -0.000859544 -0.00106296
1.275 -0.000719157 -0.000930866
1.3 -0.000577601 -0.000799715
1.325 -0.00043544 -0.000670186
1.35 -0.000293241 -0.000542956
1.375 -0.000151577 -0.0004187
1.4 -1.10244e-05 -0.000298088
1.425 0.000127842 -0.000181785
1.45 0.000264447 -7.04421e-05
1.475 0.000398222 3.52979e-05
1.5 0.000528603 0.000134809
1.525 0.000655034 0.000227482
1.55 0.00077697 0.000312726
1.575 0.000893878 0.000389975
1.6 0.00100524 0.000458684
1.625 0.00111055 0.000518335
1.65 0.00120934 0.00056844
1.675 0.00130113 0.00060854
1.7 0.00138549 0.000638208
1.725 0.00146201 0.000657052
1.75 0.00153028 0.000664714
1.775 0.00158996 0.000660873
1.8 0.00164071 0.00064525
1.825 0.00168223 0.0006176
1.85 0.00171424 0.000577724
1.875 0.00173651 0.00052546
1.9 0.00174884 0.000460692
1.925 0.00175106 0.000383345
1.95 0.00174304 0.000293387
1.975 0.00172467 0.00019083
2 0.00169591 7.57294e-05
2.025 0.00165673 -5.1815e-05
2.05 0.00160715 -0.000191661
2.075 0.00154721 -0.000343624
2.1 0.00147701 -0.000507477
2.125 0.00139667 -0.000682951
2.15 0.00130636 -0.000869738
2.175 0.00120627 -0.00106749
2.2 0.00109664 -0.00127582
2.225 0.000977734 -0.0014943
2.25 0.000849854 -0.00172248
2.275 0.00071333 -0.00195987
2.3 0.000568525 -0.00220594
2.325 0.000415829 -0.00246013
2.35 0.000255661 -0.00272188
2.375 8.84633e-05 -0.00299057
2.4 -8.52957e-05 -0.00326557
2.425 -0.000265127 -0.00354623
2.45 -0.000450523 -0.00383189
2.475 -0.000640955 -0.00412185
2.5 -0.000835883 -0.00441542
2.525 -0.00103475 -0.00471189
2.55 -0.00123699 -0.00501054
2.575 -0.00144202 -0.00531064
2.6 -0.00164927 -0.00561146
2.625 -0.00185815 -0.00591228
2.65 -0.00206807 -0.00621237
2.675 -0.00227844 -0.006511
2.7 -0.00248867 -0.00680745
2.725 -0.00269819 -0.00710103
2.75 -0.00290642 -0.00739102
2.775 -0.00311279 -0.00767675
2.8 -0.00331675 -0.00795754
2.825 -0.00351777 -0.00823276
2.85 -0.00371531 -0.00850177
2.875 -0.00390886 -0.00876396
2.9 -0.00409795 -0.00901876
2.925 -0.00428209 -0.0092656
2.95 -0.00446083 -0.00950395
2.975 -0.00463376 -0.00973332
3 -0.00480048 -0.00995323
3.025 -0.0049606 -0.0101632
3.05 -0.00511378 -0.0103629
3.075 -0.0052597 -0.010552
3.1 -0.00539807 -0.01073
3.125 -0.00552861 -0.0108966
3.15 -0.0056511 -0.0110517
3.175 -0.00576534 -0.011195
3.2 -0.00587113 -0.0113262
3.225 -0.00596835 -0.0114452
3.25 -0.00605687 -0.0115519
3.275 -0.0061366 -0.0116462
3.3 -0.00620749 -0.011728
3.325 -0.00626951 -0.0117972
3.35 -0.00632266 -0.0118541
3.375 -0.00636696 -0.0118984
3.4 -0.00640247 -0.0119304
3.425 -0.00642927 -0.0119502
3.45 -0.00644746 -0.0119578
3.475 -0.00645717 -0.0119534
3.5 -0.00645855 -0.0119373
3.525 -0.00645177 -0.0119097
3.55 -0.00643702 -0.0118708
3.575 -0.00641452 -0.0118208
3.6 -0.0063845 -0.0117601
3.625 -0.0063472 -0.0116891
3.65 -0.00630288 -0.0116079
3.675 -0.00625181 -0.011517
3.7 -0.00619428 -0.0114168
3.725 -0.00613059 -0.0113076
3.75 -0.00606104 -0.0111898
3.775 -0.00598595 -0.0110639
3.8 -0.00590563 -0.0109302
3.825 -0.0058204 -0.0107891
3.85 -0.00573061 -0.0106412
3.875 -0.00563656 -0.0104868
3.9 -0.0055386 -0.0103264
3.925 -0.00543706 -0.0101604
3.95 -0.00533226 -0.0099892
3.975 -0.00522453 -0.00981334
4 -0.00511419 -0.00963321
4.025 -0.00500156 -0.00944924
4.05 -0.00488695 -0.00926187
4.075 -0.00477066 -0.0090715
4.1 -0.004653 -0.00887857
4.125 -0.00453425 -0.00868346
4.15 -0.00441469 -0.00848658
4.175 -0.0042946 -0.00828832
4.2 -0.00417423 -0.00808905
4.225 -0.00405383 -0.00788913
4.25 -0.00393364 -0.00768891
4.275 -0.00381389 -0.00748873
4.3 -0.0036948 -0.00728892
4.325 -0.00357656 -0.00708979
4.35 -0.00345938 -0.00689162
4.375 -0.00334343 -0.00669471
4.4 -0.00322888 -0.00649932
4.425 -0.00311588 -0.00630569
4.45 -0.00300457 -0.00611407
4.475 -0.0028951 -0.00592468
4.5 -0.00278758 -0.00573772
4.525 -0.00268211 -0.00555339
4.55 -0.0025788 -0.00537185
4.575 -0.00247773 -0.00519327
4.6 -0.00237898 -0.0050178
4.625 -0.0022826 -0.00484556
4.65 -0.00218866 -0.00467668
4.675 -0.0020972 -0.00451126
4.7 -0.00200826 -0.00434939
4.725 -0.00192185 -0.00419115
4.75 -0.00183801 -0.00403661
4.775 -0.00175674 -0.00388582
4.8 -0.00167804 -0.00373882
4.825 -0.00160191 -0.00359565
4.85 -0.00152835 -0.00345633
4.875 -0.00145732 -0.00332086
4.9 -0.00138882 -0.00318926
4.925 -0.0013228 -0.00306151
4.95 -0.00125925 -0.0029376
4.975 -0.00119812 -0.00281751
5 -0.00113937 -0.00270121
5.025 -0.00108296 -0.00258866
5.05 -0.00102883 -0.00247982
5.075 -0.000976951 -0.00237465
5.1 -0.000927254 -0.00227308
5.125 -0.000879688 -0.00217506
5.15 -0.000834197 -0.00208052
5.175 -0.000790722 -0.00198941
5.2 -0.000749205 -0.00190165
5.225 -0.000709585 -0.00181717
5.25 -0.000671801 -0.0017359
5.275 -0.000635793 -0.00165775
5.3 -0.000601501 -0.00158266
5.325 -0.000568862 -0.00151053
5.35 -0.000537816 -0.0014413
5.375 -0.000508304 -0.00137487
5.4 -0.000480265 -0.00131116
5.425 -0.000453642 -0.0012501
5.45 -0.000428377 -0.00119159
5.475 -0.000404412 -0.00113557
5.5 -0.000381693 -0.00108194
5.525 -0.000360166 -0.00103062
5.55 -0.000339777 -0.000981542
5.575 -0.000320475 -0.000934617
5.6 -0.00030221 -0.000889769
5.625 -0.000284934 -0.000846923
5.65 -0.000268599 -0.000806003
5.675 -0.00025316 -0.000766936
5.7 -0.000238574 -0.000729648
5.725 -0.000224797 -0.000694072
5.75 -0.000211789 -0.000660136
5.775 -0.000199511 -0.000627776
5.8 -0.000187925 -0.000596925
5.825 -0.000176995 -0.000567522
5.85 -0.000166687 -0.000539504
5.875 -0.000156967 -0.000512813
5.9 -0.000147804 -0.000487391
5.925 -0.000139168 -0.000463183
5.95 -0.00013103 -0.000440136
5.975 -0.000123361 -0.000418197
6 -0.000116138 -0.000397318
6.025 -0.000109333 -0.00037745
6.05 -0.000102924 -0.000358547
6.075 -9.68893e-05 -0.000340564
6.1 -9.12063e-05 -0.00032346
6.125 -8.58553e-05 -0.000307194
6.15 -8.08173e-05 -0.000291726
6.175 -7.60741e-05 -0.000277019
6.2 -7.16088e-05 -0.000263037
6.225 -6.74051e-05 -0.000249746
6.25 -6.34477e-05 -0.000237112
6.275 -5.97224e-05 -0.000225104
6.3 -5.62154e-05 -0.000213693
6.325 -5.2914e-05 -0.000202849
6.35 -4.9806e-05 -0.000192544
6.375 -4.68801e-05 -0.000182754
6.4 -4.41256e-05 -0.000173453
6.425 -4.15323e-05 -0.000164616
6.45 -3.90907e-05 -0.000156222
6.475 -3.67919e-05 -0.000148249
6.5 -3.46275e-05 -0.000140676
6.525 -3.25895e-05 -0.000133483
6.55 -3.06705e-05 -0.000126653
6.575 -2.88634e-05 -0.000120166
6.6 -2.71617e-05 -0.000114007
6.625 -2.55593e-05 -0.000108159
6.65 -2.40502e-05 -0.000102606
6.675 -2.2629e-05 -9.73348e-05
6.7 -2.12906e-05 -9.23308e-05
6.725 -2.00302e-05 -8.75809e-05
6.75 -1.88432e-05 -8.30726e-05
6.775 -1.77252e-05 -7.87939e-05
6.8 -1.66724e-05 -7.47335e-05
6.825 -1.5681e-05 -7.08806e-05
6.85 -1.47473e-05 -6.72249e-05
6.875 -1.38682e-05 -6.37566e-05
6.9 -1.30403e-05 -6.04665e-05
6.925 -1.22608e-05 -5.73456e-05
6.95 -1.15268e-05 -5.43857e-05
6.975 -1.08359e-05 -5.15787e-05
7 -1.01854e-05 -4.89169e-05
7.025 -9.57315e-06 -4.63931e-05
7.05 -8.99687e-06 -4.40005e-05
7.075 -8.45453e-06 -4.17324e-05
7.1 -7.94418e-06 -3.95826e-05
7.125 -7.464e-06 -3.75452e-05
7.15 -7.01227e-06 -3.56144e-05
7.175 -6.58734e-06 -3.37849e-05
7.2 -6.18769e-06 -3.20516e-05
7.225 -5.81188e-06 -3.04096e-05
7.25 -5.45853e-06 -2.88541e-05
7.275 -5.12635e-06 -2.73808e-05
7.3 -4.81413e-06 -2.59855e-05
7.325 -4.52072e-06 -2.46641e-05
7.35 -4.24502e-06 -2.34128e-05
7.375 -3.98603e-06 -2.22279e-05
7.4 -3.74276e-06 -2.11061e-05
7.425 -3.51431e-06 -2.00439e-05
7.45 -3.2998e-06 -1.90382e-05
7.475 -3.09843e-06 -1.80861e-05
7.5 -2.90943e-06 -1.71847e-05
7.525 -2.73205e-06 -1.63313e-05
7.55 -2.56563e-06 -1.55233e-05
7.575 -2.40951e-06 -1.47582e-05
7.6 -2.26307e-06 -1.40339e-05
7.625 -2.12573e-06 -1.33479e-05
7.65 -1.99696e-06 -1.26983e-05
7.675 -1.87623e-06 -1.20831e-05
7.7 -1.76306e-06 -1.15003e-05
7.725 -1.65699e-06 -1.09482e-05
7.75 -1.55758e-06 -1.0425e-05
7.775 -1.46442e-06 -9.92923e-06
7.8 -1.37713e-06 -9.45928e-06
7.825 -1.29535e-06 -9.01372e-06
7.85 -1.21873e-06 -8.59119e-06
7.875 -1.14695e-06 -8.19038e-06
7.9 -1.07971e-06 -7.81009e-06
7.925 -1.01672e-06 -7.44915e-06
7.95 -9.57703e-07 -7.10648e-06
7.975 -9.02414e-07 -6.78104e-06
8 -8.50613e-07 -6.47186e-06
8.025 -8.02073e-07 -6.17804e-06
8.05 -7.56585e-07 -5.8987e-06
8.075 -7.13951e-07 -5.63303e-06
8.1 -6.73983e-07 -5.38027e-06
8.125 -6.36507e-07 -5.13969e-06
8.15 -6.0136e-07 -4.91062e-06
8.175 -5.68387e-07 -4.69241e-06
8.2 -5.37443e-07 -4.48448e-06
8.225 -5.08395e-07 -4.28626e-06
8.25 -4.81116e-07 -4.09721e-06
8.275 -4.55486e-07 -3.91683e-06
8.3 -4.31396e-07 -3.74467e-06
8.325 -4.08742e-07 -3.58029e-06
8.35 -3.87427e-07 -3.42326e-06
8.375 -3.67362e-07 -3.27321e-06
8.4 -3.48461e-07 -3.12977e-06
8.425 -3.30647e-07 -2.9926e-06
8.45 -3.13847e-07 -2.86139e-06
8.475 -2.97992e-07 -2.73583e-06
8.5 -2.83019e-07 -2.61564e-06
8.525 -2.6887e-07 -2.50056e-06
8.55 -2.5549e-07 -2.39034e-06
8.575 -2.42829e-07 -2.28475e-06
8.6 -2.30839e-07 -2.18356e-06
8.625 -2.19477e-07 -2.08658e-06
8.65 -2.08703e-07 -1.99361e-06
8.675 -1.98479e-07 -1.90447e-06
8.7 -1.88771e-07 -1.81898e-06
8.725 -1.79547e-07 -1.737e-06
8.75 -1.70777e-07 -1.65836e-06
8.775 -1.62435e-07 -1.58292e-06
8.8 -1.54496e-07 -1.51056e-06
8.825 -1.46935e-07 -1.44114e-06
8.85 -1.39732e-07 -1.37454e-06
8.875 -1.32868e-07 -1.31065e-06
8.9 -1.26322e-07 -1.24937e-06
8.925 -1.20079e-07 -1.19059e-06
8.95 -1.14124e-07 -1.13422e-06
8.975 -1.08441e-07 -1.08017e-06
9 -1.03017e-07 -1.02835e-06
9.025 -9.78393e-08 -9.78681e-07
9.05 -9.28969e-08 -9.31084e-07
9.075 -8.81787e-08 -8.85485e-07
9.1 -8.36745e-08 -8.41813e-07
9.125 -7.93749e-08 -8.00003e-07
9.15 -7.5271e-08 -7.59988e-07
9.175 -7.13543e-08 -7.21708e-07
9.2 -6.7617e-08 -6.85103e-07
9.225 -6.40515e-08 -6.50116e-07
9.25 -6.06509e-08 -6.16692e-07
9.275 -5.74082e-08 -5.84779e-07
9.3 -5.43171e-08 -5.54326e-07
9.325 -5.13714e-08 -5.25282e-07
9.35 -4.85651e-08 -4.97601e-07
9.375 -4.58927e-08 -4.71235e-07
9.4 -4.33485e-08 -4.46139e-07
9.425 -4.09274e-08 -4.2227e-07
9.45 -3.86242e-08 -3.99585e-07
9.475 -3.64341e-08 -3.7804e-07
9.5 -3.43523e-08 -3.57596e-07
9.525 -3.23742e-08 -3.38213e-07
9.55 -3.04955e-08 -3.1985e-07
9.575 -2.87117e-08 -3.0247e-07
9.6 -2.70188e-08 -2.86033e-07
9.625 -2.54127e-08 -2.70504e-07
9.65 -2.38896e-08 -2.55846e-07
9.675 -2.24458e-08 -2.42022e-07
9.7 -2.10776e-08 -2.28998e-07
9.725 -1.97816e-08 -2.16738e-07
9.75 -1.85545e-08 -2.05209e-07
9.775 -1.7393e-08 -1.94378e-07
9.8 -1.62942e-08 -1.84211e-07
9.825 -1.52549e-08 -1.74676e-07
9.85 -1.42724e-08 -1.65742e-07
9.875 -1.3344e-08 -1.57378e-07
9.9 -1.24672e-08 -1.49555e-07
9.925 -1.16394e-08 -1.42242e-07
9.95 -1.08582e-08 -1.35411e-07
9.975 -1.01215e-08 -1.29034e-07
10 -9.42709e-09 -1.23084e-07
10.025 -8.77291e-09 -1.17534e-07
10.05 -8.15703e-09 -1.1236e-07
10.075 -7.5776e-09 -1.07537e-07
10.1 -7.03283e-09 -1.0304e-07
10.125 -6.52105e-09 -9.88479e-08
10.15 -6.04066e-09 -9.49378e-08
10.175 -5.5901e-09 -9.1289e-08
10.2 -5.16792e-09 -8.78814e-08
10.225 -4.77271e-09 -8.46959e-08
10.25 -4.40313e-09 -8.17144e-08
10.275 -4.05789e-09 -7.89197e-08
10.3 -3.73576e-09 -7.62956e-08
10.325 -3.43555e-09 -7.38269e-08
10.35 -3.15611e-09 -7.14991e-08
10.375 -2.89634e-09 -6.9299e-08
10.4 -2.6552e-09 -6.7214e-08
10.425 -2.43164e-09 -6.52326e-08
10.45 -2.22469e-09 -6.33442e-08
10.475 -2.03339e-09 -6.15388e-08
10.5 -1.85681e-09 -5.98075e-08
10.525 -1.69408e-09 -5.81422e-08
10.55 -1.54432e-09 -5.65354e-08
10.575 -1.40671e-09 -5.49805e-08
10.6 -1.28046e-09 -5.34716e-08
10.625 -1.16479e-09 -5.20035e-08
10.65 -1.05896e-09 -5.05714e-08
10.675 -9.62259e-10 -4.91715e-08
10.7 -8.74014e-10 -4.78002e-08
10.725 -7.93574e-10 -4.64546e-08
10.75 -7.20321e-10 -4.51323e-08
10.775 -6.53668e-10 -4.38314e-08
10.8 -5.9306e-10 -4.25501e-08
10.825 -5.37973e-10 -4.12873e-08
10.85 -4.87916e-10 -4.00421e-08
10.875 -4.42428e-10 -3.88139e-08
10.9 -4.0108e-10 -3.76023e-08
10.925 -3.63476e-10 -3.64073e-08
10.95 -3.29249e-10 -3.52288e-08
10.975 -2.98063e-10 -3.40671e-08
11 -2.6961e-10 -3.29225e-08
11.025 -2.43613e-10 -3.17955e-08
11.05 -2.19819e-10 -3.06866e-08
11.075 -1.98005e-10 -2.95963e-08
11.1 -1.7797e-10 -2.85253e-08
11.125 -1.59536e-10 -2.7474e-08
11.15 -1.42548e-10 -2.64432e-08
11.175 -1.26869e-10 -2.54333e-08
11.2 -1.12382e-10 -2.44448e-08
11.225 -9.89828e-11 -2.34782e-08
11.25 -8.65843e-11 -2.2534e-08
11.275 -7.51098e-11 -2.16123e-08
11.3 -6.44933e-11 -2.07135e-08
11.325 -5.46772e-11 -1.98377e-08
11.35 -4.56102e-11 -1.89851e-08
11.375 -3.72458e-11 -1.81555e-08
11.4 -2.9541e-11 -1.7349e-08
11.425 -2.2454e-11 -1.65654e-08
11.45 -1.59438e-11 -1.58044e-08
11.475 -9.96819e-12 -1.50657e-08
11.5 -4.48319e-12 -1.4349e-08
11.525 5.57987e-13 -1.36538e-08
11.55 5.20559e-12 -1.29796e-08
11.575 9.51382e-12 -1.23259e-08
11.6 1.35411e-11 -1.16921e-08
11.625 1.73504e-11 -1.10776e-08
11.65 2.10088e-11 -1.04817e-08
11.675 2.45875e-11 -9.90378e-09
11.7 2.81617e-11 -9.34319e-09
11.725 3.18093e-11 -8.79926e-09
11.75 3.56111e-11 -8.27132e-09
11.775 3.96491e-11 -7.75873e-09
11.8 4.40065e-11 -7.26088e-09
11.825 4.87658e-11 -6.77714e-09
11.85 5.40084e-11 -6.30698e-09
11.875 5.98131e-11 -5.84984e-09
11.9 6.62552e-11 -5.40526e-09
11.925 7.34049e-11 -4.97278e-09
11.95 8.13266e-11 -4.55202e-09
11.975 9.00778e-11 -4.14264e-09
12 9.97075e-11 -3.74435e-09
12.025 1.10256e-10 -3.35692e-09
12.05 1.21753e-10 -2.98016e-09
12.075 1.34217e-10 -2.61396e-09
12.1 1.47657e-10 -2.25823e-09
12.125 1.62068e-10 -1.91296e-09
12.15 1.77433e-10 -1.57818e-09
12.175 1.93721e-10 -1.25395e-09
12.2 2.10891e-10 -9.40394e-10
12.225 2.28887e-10 -6.37658e-10
12.25 2.47641e-10 -3.45933e-10
12.275 2.67072e-10 -6.54327e-11
12.3 2.8709e-10 2.03601e-10
12.325 3.07589e-10 4.60909e-10
12.35 3.28459e-10 7.06217e-10
12.375 3.49576e-10 9.39244e-10
12.4 3.7081e-10 1.15971e-09
12.425 3.92024e-10 1.36732e-09
12.45 4.13076e-10 1.56182e-09
12.475 4.33819e-10 1.74293e-09
12.5 4.54104e-10 1.91043e-09
12.525 4.73781e-10 2.0641e-09
12.55 4.92701e-10 2.20375e-09
12.575 5.10717e-10 2.32923e-09
12.6 5.27685e-10 2.44043e-09
12.625 5.43467e-10 2.53728e-09
12.65 5.57935e-10 2.61975e-09
12.675 5.70965e-10 2.68787e-09
12.7 5.82448e-10 2.74172e-09
12.725 5.92281e-10 2.78142e-09
12.75 6.0038e-10 2.80716e-09
12.775 6.06671e-10 2.81919e-09
12.8 6.11097e-10 2.81779e-09
12.825 6.13616e-10 2.80334e-09
12.85 6.14205e-10 2.77625e-09
12.875 6.12857e-10 2.73699e-09
12.9 6.09583e-10 2.68608e-09
12.925 6.04415e-10 2.62412e-09
12.95 5.97401e-10 2.55173e-09
12.975 5.88609e-10 2.4696e-09
13 5.78126e-10 2.37847e-09
13.025 5.66056e-10 2.27909e-09
13.05 5.52522e-10 2.1723e-09
13.075 5.37663e-10 2.05894e-09
13.1 5.21637e-10 1.93988e-09
13.125 5.04614e-10 1.81604e-09
13.15 4.86781e-10 1.68836e-09
13.175 4.68336e-10 1.55777e-09
13.2 4.49491e-10 1.42524e-09
13.225 4.30467e-10 1.29174e-09
13.25 4.11494e-10 1.15824e-09
13.275 3.92811e-10 1.02572e-09
13.3 3.74659e-10 8.95125e-10
13.325 3.57287e-10 7.67417e-10
13.35 3.40945e-10 6.43525e-10
13.375 3.25881e-10 5.24359e-10
13.4 3.12345e-10 4.10803e-10
13.425 3.00581e-10 3.03709e-10
13.45 2.90832e-10 2.03892e-10
13.475 2.8333e-10 1.12129e-10
13.5 2.78302e-10 2.91541e-11
13.525 2.75963e-10 -4.43479e-11
13.55 2.7652e-10 -1.07741e-10
13.575 2.80163e-10 -1.60442e-10
13.6 2.8707e-10 -2.01924e-10
13.625 2.97405e-10 -2.31718e-10
13.65 3.11313e-10 -2.49415e-10
13.675 3.28923e-10 -2.54665e-10
13.7 3.50345e-10 -2.47184e-10
13.725 3.75669e-10 -2.26748e-10
13.75 4.04968e-10 -1.93198e-10
13.775 4.38292e-10 -1.46439e-10
13.8 4.75671e-10 -8.64399e-11
13.825 5.17115e-10 -1.32308e-11
13.85 5.62612e-10 7.3095e-11
13.875 6.12129e-10 1.72384e-10
13.9 6.65613e-10 2.84422e-10
13.925 7.2299e-10 4.0894e-10
13.95 7.84166e-10 5.45612e-10
13.975 8.49029e-10 6.94058e-10
14 9.17445e-10 8.53851e-10
14.025 9.89265e-10 1.02451e-09
14.05 1.06432e-09 1.20552e-09
14.075 1.14243e-09 1.39632e-09
14.1 1.22339e-09 1.5963e-09
14.125 1.307e-09 1.80483e-09
14.15 1.39302e-09 2.02124e-09
14.175 1.48121e-09 2.24483e-09
14.2 1.57134e-09 2.47489e-09
14.225 1.66314e-09 2.71069e-09
14.25 1.75635e-09 2.95145e-09
14.275 1.85069e-09 3.19642e-09
14.3 1.9459e-09 3.44482e-09
14.325 2.04169e-09 3.69586e-09
14.35 2.13778e-09 3.94876e-09
14.375 2.23389e-09 4.20273e-09
14.4 2.32973e-09 4.45699e-09
14.425 2.42503e-09 4.71078e-09
14.45 2.5195e-09 4.96333e-09
14.475 2.61288e-09 5.21389e-09
14.5 2.7049e-09 5.46175e-09
14.525 2.7953e-09 5.70618e-09
14.55 2.88382e-09 5.94651e-09
14.575 2.97021e-09 6.18207e-09
14.6 3.05425e-09 6.41222e-09
14.625 3.13571e-09 6.63637e-09
14.65 3.21438e-09 6.85392e-09
14.675 3.29005e-09 7.06435e-09
14.7 3.36253e-09 7.26714e-09
14.725 3.43166e-09 7.46182e-09
14.75 3.49726e-09 7.64794e-09
14.775 3.55918e-09 7.82511e-09
14.8 3.6173e-09 7.99295e-09
14.825 3.6715e-09 8.15115e-09
14.85 3.72166e-09 8.2994e-09
14.875 3.7677e-09 8.43747e-09
14.9 3.80954e-09 8.56513e-09
14.925 3.84713e-09 8.6822e-09
14.95 3.8804e-09 8.78855e-09
14.975 3.90934e-09 8.88407e-09
15 3.93393e-09 8.9687e-09
15.025 3.95415e-09 9.04241e-09
15.05 3.97002e-09 9.10519e-09
15.075 3.98156e-09 9.15707e-09
15.1 3.9888e-09 9.19814e-09
15.125 3.9918e-09 9.22847e-09
15.15 3.9906e-09 9.24821e-09
15.175 3.98529e-09 9.2575e-09
15.2 3.97593e-09 9.25651e-09
15.225 3.96261e-09 9.24547e-09
15.25 3.94544e-09 9.22458e-09
15.275 3.92453e-09 9.19411e-09
15.3 3.89998e-09 9.15432e-09
15.325 3.87191e-09 9.1055e-09
15.35 3.84046e-09 9.04796e-09
15.375 3.80576e-09 8.982e-09
15.4 3.76795e-09 8.90796e-09
15.425 3.72717e-09 8.82619e-09
15.45 3.68357e-09 8.73704e-09
15.475 3.63729e-09 8.64087e-09
15.5 3.5885e-09 8.53805e-09
15.525 3.53734e-09 8.42895e-09
15.55 3.48397e-09 8.31396e-09
15.575 3.42855e-09 8.19344e-09
15.6 3.37124e-09 8.06779e-09
15.625 3.31219e-09 7.93739e-09
15.65 3.25155e-09 7.8026e-09
15.675 3.18948e-09 7.66382e-09
15.7 3.12613e-09 7.52141e-09
15.725 3.06166e-09 7.37574e-09
15.75 2.9962e-09 7.22718e-09
15.775 2.9299e-09 7.07608e-09
15.8 2.86291e-09 6.92279e-09
15.825 2.79536e-09 6.76765e-09
15.85 2.72738e-09 6.611e-09
15.875 2.65911e-09 6.45314e-09
15.9 2.59066e-09 6.2944e-09
15.925 2.52216e-09 6.13507e-09
15.95 2.45371e-09 5.97545e-09
15.975 2.38544e-09 5.81581e-09
16 2.31745e-09 5.65642e-09
16.025 2.24983e-09 5.49753e-09
16.05 2.18269e-09 5.33938e-09
16.075 2.1161e-09 5.1822e-09
16.1 2.05016e-09 5.02622e-09
16.125 1.98494e-09 4.87163e-09
16.15 1.92052e-09 4.71862e-09
16.175 1.85696e-09 4.56738e-09
16.2 1.79433e-09 4.41806e-09
16.225 1.73269e-09 4.27083e-09
16.25 1.67209e-09 4.12583e-09
16.275 1.61258e-09 3.98319e-09
16.3 1.5542e-09 3.84302e-09
16.325 1.49699e-09 3.70543e-09
16.35 1.44099e-09 3.57052e-09
16.375 1.38622e-09 3.43838e-09
16.4 1.33271e-09 3.30908e-09
16.425 1.28048e-09 3.18268e-09
16.45 1.22955e-09 3.05924e-09
16.475 1.17994e-09 2.93881e-09
16.5 1.13165e-09 2.82142e-09
16.525 1.08469e-09 2.7071e-09
16.55 1.03906e-09 2.59587e-09
16.575 9.94774e-10 2.48774e-09
16.6 9.51817e-10 2.38272e-09
16.625 9.10186e-10 2.28081e-09
16.65 8.69876e-10 2.18199e-09
16.675 8.30875e-10 2.08626e-09
16.7 7.93171e-10 1.99358e-09
16.725 7.56751e-10 1.90395e-09
16.75 7.21597e-10 1.81731e-09
16.775 6.87692e-10 1.73365e-09
16.8 6.55016e-10 1.65292e-09
16.825 6.23549e-10 1.57507e-09
16.85 5.93267e-10 1.50006e-09
16.875 5.64149e-10 1.42785e-09
16.9 5.36168e-10 1.35836e-09
16.925 5.093e-10 1.29156e-09
16.95 4.83519e-10 1.22739e-09
16.975 4.58798e-10 1.16577e-09
17 4.3511e-10 1.10666e-09
17.025 4.12428e-10 1.04999e-09
17.05 3.90722e-10 9.957e-10
17.075 3.69965e-10 9.43718e-10
17.1 3.50129e-10 8.93983e-10
17.125 3.31185e-10 8.46429e-10
17.15 3.13105e-10 8.00991e-10
17.175 2.95861e-10 7.57602e-10
17.2 2.79424e-10 7.16196e-10
17.225 2.63766e-10 6.76708e-10
17.25 2.4886e-10 6.39073e-10
17.275 2.34678e-10 6.03226e-10
17.3 2.21194e-10 5.69104e-10
17.325 2.08382e-10 5.36644e-10
17.35 1.96214e-10 5.05783e-10
17.375 1.84665e-10 4.7646e-10
17.4 1.73711e-10 4.48616e-10
17.425 1.63328e-10 4.22191e-10
17.45 1.5349e-10 3.97128e-10
17.475 1.44174e-10 3.73371e-10
17.5 1.35359e-10 3.50865e-10
17.525 1.27022e-10 3.29556e-10
17.55 1.19142e-10 3.09392e-10
17.575 1.11697e-10 2.90323e-10
17.6 1.04668e-10 2.72299e-10
17.625 9.80347e-11 2.55272e-10
17.65 9.17787e-11 2.39197e-10
17.675 8.58818e-11 2.24028e-10
17.7 8.03264e-11 2.09723e-10
17.725 7.50954e-11 1.96239e-10
17.75 7.01726e-11 1.83536e-10
17.775 6.55423e-11 1.71576e-10
17.8 6.11894e-11 1.6032e-10
17.825 5.70996e-11 1.49734e-10
17.85 5.32588e-11 1.39783e-10
17.875 4.96539e-11 1.30433e-10
17.9 4.6272e-11 1.21653e-10
17.925 4.31011e-11 1.13413e-10
17.95 4.01294e-11 1.05682e-10
17.975 3.73459e-11 9.84342e-11
18 3.47401e-11 9.16421e-11
18.025 3.23017e-11 8.52802e-11
18.05 3.00212e-11 7.93245e-11
18.075 2.78894e-11 7.37519e-11
18.1 2.58976e-11 6.85402e-11
18.125 2.40375e-11 6.36686e-11
18.15 2.23013e-11 5.91171e-11
18.175 2.06815e-11 5.48668e-11
18.2 1.9171e-11 5.08997e-11
18.225 1.77632e-11 4.71988e-11
18.25 1.64517e-11 4.37478e-11
18.275 1.52305e-11 4.05316e-11
18.3 1.40939e-11 3.75355e-11
18.325 1.30366e-11 3.47459e-11
18.35 1.20535e-11 3.21497e-11
18.375 1.11398e-11 2.97347e-11
18.4 1.0291e-11 2.74893e-11
18.425 9.50286e-12 2.54026e-11
18.45 8.77142e-12 2.34643e-11
18.475 8.09289e-12 2.16647e-11
18.5 7.46374e-12 1.99946e-11
18.525 6.88064e-12 1.84455e-11
18.55 6.34046e-12 1.70092e-11
18.575 5.84028e-12 1.56781e-11
18.6 5.37734e-12 1.44452e-11
18.625 4.94906e-12 1.33036e-11
18.65 4.55302e-12 1.22472e-11
18.675 4.18697e-12 1.12699e-11
18.7 3.84878e-12 1.03663e-11
18.725 3.53647e-12 9.53127e-12
18.75 3.24818e-12 8.75984e-12
18.775 2.98219e-12 8.04753e-12
18.8 2.73688e-12 7.3901e-12
18.825 2.51074e-12 6.7836e-12
18.85 2.30236e-12 6.22433e-12
18.875 2.11043e-12 5.70883e-12
18.9 1.93373e-12 5.2339e-12
18.925 1.77112e-12 4.79653e-12
18.95 1.62155e-12 4.39393e-12
18.975 1.48401e-12 4.02349e-12
19 1.35761e-12 3.6828e-12
19.025 1.24148e-12 3.3696e-12
19.05 1.13485e-12 3.08179e-12
19.075 1.03696e-12 2.81744e-12
19.1 9.47153e-13 2.57474e-12
19.125 8.64784e-13 2.35201e-12
19.15 7.89271e-13 2.14768e-12
19.175 7.20073e-13 1.96033e-12
19.2 6.56688e-13 1.78862e-12
19.225 5.98651e-13 1.63129e-12
19.25 5.45534e-13 1.48722e-12
19.275 4.96939e-13 1.35534e-12
19.3 4.52499e-13 1.23467e-12
19.325 4.11876e-13 1.1243e-12
19.35 3.74758e-13 1.0234e-12
19.375 3.40854e-13 9.31188e-13
19.4 3.09901e-13 8.46954e-13
19.425 2.81651e-13 7.70041e-13
19.45 2.5588e-13 6.9984e-13
19.475 2.3238e-13 6.35792e-13
19.5 2.10958e-13 5.77383e-13
19.525 1.9144e-13 5.24136e-13
19.55 1.73662e-13 4.75617e-13
19.575 1.57476e-13 4.31423e-13
19.6 1.42746e-13 3.91186e-13
19.625 1.29345e-13 3.54565e-13
19.65 1.17159e-13 3.21249e-13
19.675 1.06082e-13 2.90953e-13
19.7 9.60168e-14 2.63413e-13
19.725 8.68743e-14 2.38389e-13
19.75 7.85735e-14 2.15661e-13
19.775 7.10398e-14 1.95025e-13
19.8 6.42048e-14 1.76297e-13
19.825 5.80063e-14 1.59308e-13
19.85 5.2387e-14 1.43901e-13
19.875 4.72949e-14 1.29935e-13
19.9 4.26822e-14 1.17281e-13
19.925 3.85054e-14 1.05819e-13
19.95 3.47248e-14 9.54412e-14
19.975 3.1304e-14 8.60492e-14
20 2.82101e-14 7.75524e-14
