0 -0.000788823 -0.000802457
0.025 -0.000788823 -0.000802457
0.05 -0.00157667 -0.00160394
0.075 -0.00236258 -0.00240346
0.1 -0.00314558 -0.00320006
0.125 -0.0039247 -0.00399277
0.15 -0.00469899 -0.00478061
0.175 -0.00546748 -0.00556263
0.2 -0.00622925 -0.00633789
0.225 -0.00698335 -0.00710542
0.25 -0.00772885 -0.00786432
0.275 -0.00846485 -0.00861364
0.3 -0.00919045 -0.0093525
0.325 -0.00990475 -0.01008
0.35 -0.0106069 -0.0107952
0.375 -0.011296 -0.0114974
0.4 -0.0119714 -0.0121855
0.425 -0.012632 -0.012859
0.45 -0.0132773 -0.0135168
0.475 -0.0139063 -0.0141583
0.5 -0.0145184 -0.0147827
0.525 -0.0151129 -0.0153893
0.55 -0.015689 -0.0159774
0.575 -0.0162462 -0.0165463
0.6 -0.0167838 -0.0170954
0.625 -0.0173012 -0.0176241
0.65 -0.0177979 -0.0181318
0.675 -0.0182734 -0.018618
0.7 -0.0187271 -0.0190822
0.725 -0.0191587 -0.0195239
0.75 -0.0195678 -0.0199427
0.775 -0.019954 -0.0203383
0.8 -0.0203169 -0.0207104
0.825 -0.0206564 -0.0210585
0.85 -0.0209722 -0.0213826
0.875 -0.0212641 -0.0216823
0.9 -0.0215319 -0.0219576
0.925 -0.0217757 -0.0222084
0.95 -0.0219953 -0.0224345
0.975 -0.0221908 -0.022636
1 -0.0223621 -0.0228129
1.025 -0.0225094 -0.0229653
1.05 -0.0226329 -0.0230933
1.075 -0.0227327 -0.0231971
1.1 -0.022809 -0.023277
1.125 -0.0228622 -0.0233331
1.15 -0.0228925 -0.0233658
1.175 -0.0229003 -0.0233755
1.2 -0.022886 -0.0233625
1.225 -0.02285 -0.0233273
1.25 -0.0227929 -0.0232704
1.275 -0.022715 -0.0231922
1.3 -0.0226171 -0.0230934
1.325 -0.0224996 -0.0229745
1.35 -0.0223632 -0.0228361
1.375 -0.0222084 -0.0226789
1.4 -0.0220361 -0.0225036
1.425 -0.0218468 -0.0223108
1.45 -0.0216412 -0.0221013
1.475 -0.0214201 -0.0218757
1.5 -0.0211843 -0.021635
1.525 -0.0209345 -0.0213798
1.55 -0.0206714 -0.0211109
1.575 -0.0203959 -0.0208291
1.6 -0.0201086 -0.0205353
1.625 -0.0198105 -0.0202302
1.65 -0.0195023 -0.0199147
1.675 -0.0191848 -0.0195895
1.7 -0.0188588 -0.0192555
1.725 -0.0185251 -0.0189134
1.75 -0.0181844 -0.0185642
1.775 -0.0178375 -0.0182085
1.8 -0.0174851 -0.0178471
1.825 -0.0171281 -0.0174808
1.85 -0.016767 -0.0171104
1.875 -0.0164028 -0.0167366
1.9 -0.0160359 -0.01636
1.925 -0.0156671 -0.0159815
1.95 -0.0152971 -0.0156016
1.975 -0.0149264 -0.0152209
2 -0.0145556 -0.0148403
2.025 -0.0141855 -0.0144601
2.05 -0.0138164 -0.014081
2.075 -0.0134489 -0.0137036
2.1 -0.0130835 -0.0133283
2.125 -0.0127207 -0.0129556
2.15 -0.012361 -0.0125861
2.175 -0.0120047 -0.0122201
2.2 -0.0116523 -0.0118581
2.225 -0.011304 -0.0115004
2.25 -0.0109603 -0.0111473
2.275 -0.0106215 -0.0107993
2.3 -0.0102878 -0.0104566
2.325 -0.00995946 -0.0101194
2.35 -0.00963677 -0.00978809
2.375 -0.00931992 -0.00946278
2.4 -0.0090091 -0.00914368
2.425 -0.00870445 -0.00883098
2.45 -0.00840613 -0.00852481
2.475 -0.00811425 -0.00822531
2.5 -0.0078289 -0.00793256
2.525 -0.00755017 -0.00764666
2.55 -0.00727811 -0.00736766
2.575 -0.00701276 -0.00709561
2.6 -0.00675415 -0.00683054
2.625 -0.00650229 -0.00657245
2.65 -0.00625718 -0.00632134
2.675 -0.00601878 -0.0060772
2.7 -0.00578708 -0.00583997
2.725 -0.00556202 -0.00560963
2.75 -0.00534356 -0.00538612
2.775 -0.00513162 -0.00516936
2.8 -0.00492613 -0.00495928
2.825 -0.00472702 -0.0047558
2.85 -0.00453419 -0.00455882
2.875 -0.00434754 -0.00436824
2.9 -0.00416698 -0.00418395
2.925 -0.00399239 -0.00400585
2.95 -0.00382367 -0.00383382
2.975 -0.0036607 -0.00366773
3 -0.00350335 -0.00350747
3.025 -0.00335152 -0.0033529
3.05 -0.00320508 -0.0032039
3.075 -0.0030639 -0.00306033
3.1 -0.00292785 -0.00292207
3.125 -0.00279681 -0.00278898
3.15 -0.00267065 -0.00266093
3.175 -0.00254925 -0.00253778
3.2 -0.00243247 -0.00241941
3.225 -0.00232019 -0.00230567
3.25 -0.00221228 -0.00219645
3.275 -0.00210862 -0.00209159
3.3 -0.00200908 -0.00199098
3.325 -0.00191355 -0.00189449
3.35 -0.0018219 -0.001802
3.375 -0.00173401 -0.00171336
3.4 -0.00164976 -0.00162848
3.425 -0.00156904 -0.00154721
3.45 -0.00149173 -0.00146944
3.475 -0.00141772 -0.00139507
3.5 -0.00134691 -0.00132396
3.525 -0.00127918 -0.00125601
3.55 -0.00121444 -0.00119111
3.575 -0.00115256 -0.00112915
3.6 -0.00109347 -0.00107003
3.625 -0.00103704 -0.00101363
3.65 -0.000983203 -0.000959874
3.675 -0.000931846 -0.000908645
3.7 -0.000882882 -0.000859854
3.725 -0.000836221 -0.000813405
3.75 -0.000791775 -0.000769208
3.775 -0.00074946 -0.000727174
3.8 -0.00070919 -0.000687217
3.825 -0.000670886 -0.000649251
3.85 -0.000634469 -0.000613196
3.875 -0.000599861 -0.000578971
3.9 -0.000566989 -0.0005465
3.925 -0.000535779 -0.000515708
3.95 -0.000506162 -0.000486521
3.975 -0.000478068 -0.000458869
4 -0.000451433 -0.000432684
4.025 -0.000426191 -0.0004079
4.05 -0.00040228 -0.000384453
4.075 -0.000379641 -0.00036228
4.1 -0.000358215 -0.000341322
4.125 -0.000337945 -0.000321522
4.15 -0.000318778 -0.000302824
4.175 -0.000300662 -0.000285173
4.2 -0.000283544 -0.000268519
4.225 -0.000267378 -0.000252811
4.25 -0.000252115 -0.000238001
4.275 -0.000237711 -0.000224045
4.3 -0.000224122 -0.000210896
4.325 -0.000211306 -0.000198514
4.35 -0.000199224 -0.000186857
4.375 -0.000187836 -0.000175887
4.4 -0.000177106 -0.000165565
4.425 -0.000167 -0.000155857
4.45 -0.000157482 -0.000146728
4.475 -0.00014852 -0.000138147
4.5 -0.000140085 -0.000130081
4.525 -0.000132145 -0.000122501
4.55 -0.000124674 -0.000115379
4.575 -0.000117645 -0.000108689
4.6 -0.000111031 -0.000102404
4.625 -0.000104809 -9.65014e-05
4.65 -9.89559e-05 -9.09571e-05
4.675 -9.34496e-05 -8.57497e-05
4.7 -8.82695e-05 -8.08586e-05
4.725 -8.33958e-05 -7.62643e-05
4.75 -7.881e-05 -7.19484e-05
4.775 -7.44946e-05 -6.78935e-05
4.8 -7.04327e-05 -6.40831e-05
4.825 -6.66089e-05 -6.05018e-05
4.85 -6.30082e-05 -5.7135e-05
4.875 -5.96168e-05 -5.39689e-05
4.9 -5.64214e-05 -5.09908e-05
4.925 -5.34097e-05 -4.81884e-05
4.95 -5.05702e-05 -4.55504e-05
4.975 -4.7892e-05 -4.30663e-05
5 -4.53648e-05 -4.0726e-05
5.025 -4.2979e-05 -3.85202e-05
5.05 -4.07258e-05 -3.64402e-05
5.075 -3.85968e-05 -3.44779e-05
5.1 -3.65841e-05 -3.26258e-05
5.125 -3.46805e-05 -3.08767e-05
5.15 -3.28791e-05 -2.92241e-05
5.175 -3.11736e-05 -2.76619e-05
5.2 -2.95581e-05 -2.61843e-05
5.225 -2.80272e-05 -2.47862e-05
5.25 -2.65756e-05 -2.34626e-05
5.275 -2.51987e-05 -2.22089e-05
5.3 -2.38921e-05 -2.10209e-05
5.325 -2.26516e-05 -1.98948e-05
5.35 -2.14735e-05 -1.88268e-05
5.375 -2.03543e-05 -1.78137e-05
5.4 -1.92906e-05 -1.68523e-05
5.425 -1.82794e-05 -1.59397e-05
5.45 -1.73179e-05 -1.50733e-05
5.475 -1.64036e-05 -1.42505e-05
5.5 -1.55339e-05 -1.34691e-05
5.525 -1.47066e-05 -1.27269e-05
5.55 -1.39196e-05 -1.20219e-05
5.575 -1.31709e-05 -1.13523e-05
5.6 -1.24587e-05 -1.07162e-05
5.625 -1.17813e-05 -1.01122e-05
5.65 -1.1137e-05 -9.53872e-06
5.675 -1.05244e-05 -8.99428e-06
5.7 -9.94202e-06 -8.47756e-06
5.725 -9.38855e-06 -7.98732e-06
5.75 -8.86272e-06 -7.52236e-06
5.775 -8.36333e-06 -7.08156e-06
5.8 -7.88925e-06 -6.66386e-06
5.825 -7.4394e-06 -6.26823e-06
5.85 -7.01275e-06 -5.89372e-06
5.875 -6.60832e-06 -5.53939e-06
5.9 -6.22517e-06 -5.20437e-06
5.925 -5.86239e-06 -4.8878e-06
5.95 -5.51912e-06 -4.58889e-06
5.975 -5.19453e-06 -4.30683e-06
6 -4.88779e-06 -4.04087e-06
6.025 -4.59815e-06 -3.7903e-06
6.05 -4.32484e-06 -3.5544e-06
6.075 -4.06713e-06 -3.3325e-06
6.1 -3.82433e-06 -3.12394e-06
6.125 -3.59574e-06 -2.92808e-06
6.15 -3.38072e-06 -2.74431e-06
6.175 -3.1786e-06 -2.57204e-06
6.2 -2.98878e-06 -2.41067e-06
6.225 -2.81064e-06 -2.25967e-06
6.25 -2.6436e-06 -2.11849e-06
6.275 -2.4871e-06 -1.9866e-06
6.3 -2.34058e-06 -1.8635e-06
6.325 -2.20351e-06 -1.7487e-06
6.35 -2.07538e-06 -1.64174e-06
6.375 -1.95569e-06 -1.54216e-06
6.4 -1.84395e-06 -1.44951e-06
6.425 -1.73971e-06 -1.36339e-06
6.45 -1.64252e-06 -1.28338e-06
6.475 -1.55194e-06 -1.20909e-06
6.5 -1.46757e-06 -1.14016e-06
6.525 -1.389e-06 -1.07622e-06
6.55 -1.31586e-06 -1.01694e-06
6.575 -1.24778e-06 -9.61976e-07
6.6 -1.1844e-06 -9.11031e-07
6.625 -1.1254e-06 -8.63803e-07
6.65 -1.07046e-06 -8.2001e-07
6.675 -1.01928e-06 -7.79386e-07
6.7 -9.71564e-07 -7.41676e-07
6.725 -9.27049e-07 -7.06642e-07
6.75 -8.85475e-07 -6.74057e-07
6.775 -8.46602e-07 -6.43711e-07
6.8 -8.10201e-07 -6.15403e-07
6.825 -7.76059e-07 -5.88949e-07
6.85 -7.43977e-07 -5.64175e-07
6.875 -7.13768e-07 -5.4092e-07
6.9 -6.8526e-07 -5.19036e-07
6.925 -6.58293e-07 -4.98383e-07
6.95 -6.32719e-07 -4.78837e-07
6.975 -6.08402e-07 -4.60283e-07
7 -5.8522e-07 -4.42614e-07
7.025 -5.63059e-07 -4.25735e-07
7.05 -5.41817e-07 -4.09563e-07
7.075 -5.21403e-07 -3.94019e-07
7.1 -5.01734e-07 -3.79036e-07
7.125 -4.82737e-07 -3.64554e-07
7.15 -4.6435e-07 -3.50523e-07
7.175 -4.46515e-07 -3.36895e-07
7.2 -4.29185e-07 -3.23635e-07
7.225 -4.12318e-07 -3.10709e-07
7.25 -3.95881e-07 -2.98091e-07
7.275 -3.79843e-07 -2.8576e-07
7.3 -3.64183e-07 -2.737e-07
7.325 -3.48882e-07 -2.61898e-07
7.35 -3.33926e-07 -2.50346e-07
7.375 -3.19306e-07 -2.39038e-07
7.4 -3.05015e-07 -2.27972e-07
7.425 -2.9105e-07 -2.17148e-07
7.45 -2.7741e-07 -2.06567e-07
7.475 -2.64095e-07 -1.96232e-07
7.5 -2.51109e-07 -1.86149e-07
7.525 -2.38454e-07 -1.76323e-07
7.55 -2.26138e-07 -1.66759e-07
7.575 -2.14163e-07 -1.57465e-07
7.6 -2.02537e-07 -1.48445e-07
7.625 -1.91265e-07 -1.39707e-07
7.65 -1.80353e-07 -1.31256e-07
7.675 -1.69805e-07 -1.23097e-07
7.7 -1.59627e-07 -1.15235e-07
7.725 -1.49821e-07 -1.07673e-07
7.75 -1.40392e-07 -1.00415e-07
7.775 -1.31342e-07 -9.34614e-08
7.8 -1.2267e-07 -8.68144e-08
7.825 -1.14379e-07 -8.04737e-08
7.85 -1.06465e-07 -7.44381e-08
7.875 -9.8929e-08 -6.87057e-08
7.9 -9.17663e-08 -6.32737e-08
7.925 -8.49735e-08 -5.81383e-08
7.95 -7.85455e-08 -5.32949e-08
7.975 -7.24766e-08 -4.87381e-08
8 -6.67602e-08 -4.44619e-08
8.025 -6.13888e-08 -4.04596e-08
8.05 -5.63545e-08 -3.67241e-08
8.075 -5.16484e-08 -3.32475e-08
8.1 -4.72613e-08 -3.00218e-08
8.125 -4.31834e-08 -2.70385e-08
8.15 -3.94046e-08 -2.4289e-08
8.175 -3.59142e-08 -2.17641e-08
8.2 -3.27016e-08 -1.9455e-08
8.225 -2.97555e-08 -1.73523e-08
8.25 -2.70649e-08 -1.54467e-08
8.275 -2.46184e-08 -1.3729e-08
8.3 -2.24045e-08 -1.21899e-08
8.325 -2.04117e-08 -1.08201e-08
8.35 -1.86287e-08 -9.61042e-09
8.375 -1.70438e-08 -8.55173e-09
8.4 -1.56457e-08 -7.63499e-09
8.425 -1.4423e-08 -6.85128e-09
8.45 -1.33646e-08 -6.19179e-09
8.475 -1.24593e-08 -5.6478e-09
8.5 -1.1696e-08 -5.21076e-09
8.525 -1.1064e-08 -4.87222e-09
8.55 -1.05525e-08 -4.62389e-09
8.575 -1.01511e-08 -4.45761e-09
8.6 -9.84948e-09 -4.36538e-09
8.625 -9.63759e-09 -4.33938e-09
8.65 -9.50558e-09 -4.37194e-09
8.675 -9.44391e-09 -4.45558e-09
8.7 -9.44328e-09 -4.58306e-09
8.725 -9.49471e-09 -4.7473e-09
8.75 -9.58956e-09 -4.94152e-09
8.775 -9.71952e-09 -5.15916e-09
8.8 -9.87668e-09 -5.39396e-09
8.825 -1.00535e-08 -5.63994e-09
8.85 -1.02429e-08 -5.89147e-09
8.875 -1.04382e-08 -6.14325e-09
8.9 -1.06332e-08 -6.39035e-09
8.925 -1.08222e-08 -6.62824e-09
8.95 -1.1e-08 -6.85276e-09
8.975 -1.1162e-08 -7.0602e-09
9 -1.13039e-08 -7.24729e-09
9.025 -1.14221e-08 -7.41118e-09
9.05 -1.15136e-08 -7.54948e-09
9.075 -1.15759e-08 -7.66024e-09
9.1 -1.16068e-08 -7.74198e-09
9.125 -1.1605e-08 -7.79364e-09
9.15 -1.15694e-08 -7.81462e-09
9.175 -1.14995e-08 -7.80471e-09
9.2 -1.13953e-08 -7.76413e-09
9.225 -1.12573e-08 -7.69344e-09
9.25 -1.10862e-08 -7.59358e-09
9.275 -1.08834e-08 -7.46581e-09
9.3 -1.06502e-08 -7.31165e-09
9.325 -1.03887e-08 -7.13291e-09
9.35 -1.01008e-08 -6.93159e-09
9.375 -9.78902e-09 -6.70988e-09
9.4 -9.45576e-09 -6.47011e-09
9.425 -9.10368e-09 -6.2147e-09
9.45 -8.73555e-09 -5.94615e-09
9.475 -8.35413e-09 -5.66696e-09
9.5 -7.96224e-09 -5.37963e-09
9.525 -7.56265e-09 -5.08662e-09
9.55 -7.15806e-09 -4.7903e-09
9.575 -6.7511e-09 -4.49293e-09
9.6 -6.34427e-09 -4.19665e-09
9.625 -5.9399e-09 -3.90345e-09
9.65 -5.54018e-09 -3.61512e-09
9.675 -5.14711e-09 -3.33328e-09
9.7 -4.76247e-09 -3.05937e-09
9.725 -4.38786e-09 -2.79459e-09
9.75 -4.02464e-09 -2.53996e-09
9.775 -3.67398e-09 -2.29629e-09
9.8 -3.33682e-09 -2.06419e-09
9.825 -3.0139e-09 -1.84407e-09
9.85 -2.70577e-09 -1.63617e-09
9.875 -2.41279e-09 -1.44056e-09
9.9 -2.13514e-09 -1.25716e-09
9.925 -1.87286e-09 -1.08575e-09
9.95 -1.62583e-09 -9.25998e-10
9.975 -1.39383e-09 -7.77478e-10
10 -1.17654e-09 -6.39683e-10
10.025 -9.73534e-10 -5.12056e-10
10.05 -7.84349e-10 -3.93997e-10
10.075 -6.08466e-10 -2.84891e-10
10.1 -4.45337e-10 -1.84122e-10
10.125 -2.94406e-10 -9.10863e-11
10.15 -1.55118e-10 -5.21157e-12
10.175 -2.69339e-11 7.40353e-11
10.2 9.06584e-11 1.47136e-10
10.225 1.98137e-10 2.14515e-10
10.25 2.95938e-10 2.7653e-10
10.275 3.84452e-10 3.33475e-10
10.3 4.64021e-10 3.85575e-10
10.325 5.34939e-10 4.32988e-10
10.35 5.97452e-10 4.75808e-10
10.375 6.51764e-10 5.14074e-10
10.4 6.98038e-10 5.47769e-10
10.425 7.36408e-10 5.76837e-10
10.45 7.66979e-10 6.01185e-10
10.475 7.8984e-10 6.20697e-10
10.5 8.05074e-10 6.35242e-10
10.525 8.1276e-10 6.44688e-10
10.55 8.1299e-10 6.48909e-10
10.575 8.05872e-10 6.47798e-10
10.6 7.9154e-10 6.41276e-10
10.625 7.70163e-10 6.29299e-10
10.65 7.41948e-10 6.11869e-10
10.675 7.0715e-10 5.89041e-10
10.7 6.66071e-10 5.60924e-10
10.725 6.19068e-10 5.27689e-10
10.75 5.6655e-10 4.8957e-10
10.775 5.08981e-10 4.46864e-10
10.8 4.46877e-10 3.99931e-10
10.825 3.80805e-10 3.49192e-10
10.85 3.11376e-10 2.95123e-10
10.875 2.39243e-10 2.38253e-10
10.9 1.65089e-10 1.79153e-10
10.925 8.96255e-11 1.18433e-10
10.95 1.35813e-11 5.67295e-11
10.975 -6.23075e-11 -5.30158e-12
11 -1.37306e-10 -6.69954e-11
11.025 -2.1069e-10 -1.27689e-10
11.05 -2.81756e-10 -1.8673e-10
11.075 -3.49831e-10 -2.43489e-10
11.1 -4.14284e-10 -2.97369e-10
11.125 -4.74528e-10 -3.47812e-10
11.15 -5.30039e-10 -3.94312e-10
11.175 -5.8035e-10 -4.3642e-10
11.2 -6.2507e-10 -4.73751e-10
11.225 -6.63878e-10 -5.05989e-10
11.25 -6.96536e-10 -5.32895e-10
11.275 -7.22885e-10 -5.54304e-10
11.3 -7.42848e-10 -5.70134e-10
11.325 -7.56433e-10 -5.80378e-10
11.35 -7.63726e-10 -5.85111e-10
11.375 -7.64892e-10 -5.8448e-10
11.4 -7.60172e-10 -5.78708e-10
11.425 -7.49873e-10 -5.68083e-10
11.45 -7.34366e-10 -5.52954e-10
11.475 -7.14079e-10 -5.33725e-10
11.5 -6.89487e-10 -5.10847e-10
11.525 -6.61102e-10 -4.84809e-10
11.55 -6.29471e-10 -4.56129e-10
11.575 -5.95158e-10 -4.25345e-10
11.6 -5.58741e-10 -3.93006e-10
11.625 -5.20802e-10 -3.59663e-10
11.65 -4.81913e-10 -3.25858e-10
11.675 -4.42632e-10 -2.9212e-10
11.7 -4.03495e-10 -2.58949e-10
11.725 -3.65006e-10 -2.26816e-10
11.75 -3.27629e-10 -1.96151e-10
11.775 -2.91786e-10 -1.6734e-10
11.8 -2.57849e-10 -1.40717e-10
11.825 -2.26137e-10 -1.16565e-10
11.85 -1.96913e-10 -9.51066e-11
11.875 -1.70381e-10 -7.6507e-11
11.9 -1.46687e-10 -6.08716e-11
11.925 -1.25915e-10 -4.8246e-11
11.95 -1.08095e-10 -3.86179e-11
11.975 -9.31983e-11 -3.19195e-11
12 -8.11463e-11 -2.80304e-11
12.025 -7.181e-11 -2.67821e-11
12.05 -6.5017e-11 -2.79628e-11
12.075 -6.05559e-11 -3.13231e-11
12.1 -5.81828e-11 -3.65816e-11
12.125 -5.76267e-11 -4.3432e-11
12.15 -5.85965e-11 -5.15492e-11
12.175 -6.07874e-11 -6.05966e-11
12.2 -6.38873e-11 -7.02326e-11
12.225 -6.75837e-11 -8.01177e-11
12.25 -7.15699e-11 -8.99209e-11
12.275 -7.55505e-11 -9.93256e-11
12.3 -7.92478e-11 -1.08036e-10
12.325 -8.24061e-11 -1.15781e-10
12.35 -8.47963e-11 -1.2232e-10
12.375 -8.62201e-11 -1.27446e-10
12.4 -8.65126e-11 -1.3099e-10
12.425 -8.55448e-11 -1.32822e-10
12.45 -8.32256e-11 -1.32853e-10
12.475 -7.95018e-11 -1.31034e-10
12.5 -7.43588e-11 -1.2736e-10
12.525 -6.782e-11 -1.21866e-10
12.55 -5.9945e-11 -1.14626e-10
12.575 -5.08275e-11 -1.05752e-10
12.6 -4.05934e-11 -9.53886e-11
12.625 -2.93967e-11 -8.37126e-11
12.65 -1.74163e-11 -7.09269e-11
12.675 -4.8521e-12 -5.7257e-11
12.7 8.07974e-12 -4.2946e-11
12.725 2.11511e-11 -2.82502e-11
12.75 3.41268e-11 -1.34336e-11
12.775 4.67691e-11 1.23698e-12
12.8 5.88425e-11 1.54967e-11
12.825 7.01186e-11 2.90881e-11
12.85 8.03799e-11 4.17651e-11
12.875 8.94242e-11 5.32978e-11
12.9 9.70684e-11 6.34766e-11
12.925 1.03152e-10 7.2115e-11
12.95 1.07539e-10 7.90537e-11
12.975 1.10121e-10 8.41623e-11
13 1.1082e-10 8.73418e-11
13.025 1.09587e-10 8.85259e-11
13.05 1.06407e-10 8.76815e-11
13.075 1.01293e-10 8.48096e-11
13.1 9.42931e-11 7.99443e-11
13.125 8.54824e-11 7.31524e-11
13.15 7.49665e-11 6.45316e-11
13.175 6.28778e-11 5.42086e-11
13.2 4.93731e-11 4.23371e-11
13.225 3.46311e-11 2.90944e-11
13.25 1.88496e-11 1.46785e-11
13.275 2.24184e-12 -6.95114e-13
13.3 -1.4967e-11 -1.67975e-11
13.325 -3.25431e-11 -3.339e-11
13.35 -5.02483e-11 -5.02279e-11
13.375 -6.78433e-11 -6.7065e-11
13.4 -8.5092e-11 -8.36568e-11
13.425 -1.01764e-10 -9.97649e-11
13.45 -1.17641e-10 -1.1516e-10
13.475 -1.32515e-10 -1.29627e-10
13.5 -1.46197e-10 -1.42966e-10
13.525 -1.58514e-10 -1.54996e-10
13.55 -1.69317e-10 -1.65557e-10
13.575 -1.7848e-10 -1.74515e-10
13.6 -1.859e-10 -1.8176e-10
13.625 -1.91502e-10 -1.87209e-10
13.65 -1.95237e-10 -1.90805e-10
13.675 -1.97083e-10 -1.92521e-10
13.7 -1.97045e-10 -1.92358e-10
13.725 -1.95157e-10 -1.90344e-10
13.75 -1.91475e-10 -1.86534e-10
13.775 -1.86081e-10 -1.81007e-10
13.8 -1.79082e-10 -1.73867e-10
13.825 -1.70604e-10 -1.65242e-10
13.85 -1.6079e-10 -1.55276e-10
13.875 -1.49803e-10 -1.44132e-10
13.9 -1.37818e-10 -1.31987e-10
13.925 -1.25022e-10 -1.19031e-10
13.95 -1.11607e-10 -1.05462e-10
13.975 -9.77741e-11 -9.14822e-11
14 -8.37246e-11 -7.72982e-11
14.025 -6.96594e-11 -6.31153e-11
14.05 -5.57759e-11 -4.91359e-11
14.075 -4.22653e-11 -3.55557e-11
14.1 -2.93098e-11 -2.25617e-11
14.125 -1.70803e-11 -1.03293e-11
14.15 -5.73423e-12 9.79813e-13
14.175 4.5865e-12 1.12198e-11
14.2 1.37571e-11 2.02624e-11
14.225 2.16712e-11 2.79985e-11
14.25 2.82425e-11 3.43393e-11
14.275 3.34047e-11 3.9217e-11
14.3 3.71129e-11 4.25857e-11
14.325 3.93431e-11 4.44213e-11
14.35 4.00927e-11 4.47215e-11
14.375 3.93797e-11 4.35057e-11
14.4 3.72419e-11 4.08138e-11
14.425 3.37364e-11 3.67057e-11
14.45 2.89383e-11 3.12599e-11
14.475 2.2939e-11 2.45719e-11
14.5 1.58448e-11 1.67529e-11
14.525 7.77517e-12 7.92784e-12
14.55 -1.13914e-12 -1.76684e-12
14.575 -1.07583e-11 -1.21849e-11
14.6 -2.09352e-11 -2.31728e-11
14.625 -3.15181e-11 -3.45716e-11
14.65 -4.23521e-11 -4.62194e-11
14.675 -5.3282e-11 -5.79538e-11
14.7 -6.41537e-11 -6.96137e-11
14.725 -7.48169e-11 -8.10414e-11
14.75 -8.51267e-11 -9.20852e-11
14.775 -9.49454e-11 -1.02601e-10
14.8 -1.04144e-10 -1.12453e-10
14.825 -1.12605e-10 -1.21517e-10
14.85 -1.20221e-10 -1.29682e-10
14.875 -1.269e-10 -1.36849e-10
14.9 -1.32561e-10 -1.42934e-10
14.925 -1.3714e-10 -1.4787e-10
14.95 -1.40587e-10 -1.51604e-10
14.975 -1.42869e-10 -1.54098e-10
15 -1.43968e-10 -1.55335e-10
15.025 -1.43881e-10 -1.55311e-10
15.05 -1.42621e-10 -1.54038e-10
15.075 -1.40215e-10 -1.51546e-10
15.1 -1.36706e-10 -1.47877e-10
15.125 -1.32149e-10 -1.4309e-10
15.15 -1.26612e-10 -1.37255e-10
15.175 -1.20174e-10 -1.30456e-10
15.2 -1.12925e-10 -1.22785e-10
15.225 -1.04962e-10 -1.14346e-10
15.25 -9.63907e-11 -1.0525e-10
15.275 -8.73232e-11 -9.56132e-11
15.3 -7.78751e-11 -8.55586e-11
15.325 -6.81651e-11 -7.52114e-11
15.35 -5.83134e-11 -6.46985e-11
15.375 -4.84402e-11 -5.4147e-11
15.4 -3.86638e-11 -4.36825e-11
15.425 -2.90999e-11 -3.34277e-11
15.45 -1.98598e-11 -2.3501e-11
15.475 -1.10489e-11 -1.4015e-11
15.5 -2.76641e-12 -5.07543e-12
15.525 4.89673e-12 3.2199e-12
15.55 1.18581e-11 1.07823e-11
15.575 1.80448e-11 1.7533e-11
15.6 2.33942e-11 2.34037e-11
15.625 2.78544e-11 2.83376e-11
15.65 3.13849e-11 3.22892e-11
15.675 3.39563e-11 3.52253e-11
15.7 3.5551e-11 3.71247e-11
15.725 3.61628e-11 3.79782e-11
15.75 3.57972e-11 3.77888e-11
15.775 3.44705e-11 3.65713e-11
15.8 3.221e-11 3.43518e-11
15.825 2.90534e-11 3.11673e-11
15.85 2.50477e-11 2.70651e-11
15.875 2.02493e-11 2.21021e-11
15.9 1.47225e-11 1.63439e-11
15.925 8.53905e-12 9.86409e-12
15.95 1.77719e-12 2.74321e-12
15.975 -5.4794e-12 -4.93224e-12
16 -1.31426e-11 -1.30708e-11
16.025 -2.11207e-11 -2.15771e-11
16.05 -2.93196e-11 -3.0353e-11
16.075 -3.7644e-11 -3.92987e-11
16.1 -4.5998e-11 -4.83135e-11
16.125 -5.42865e-11 -5.72973e-11
16.15 -6.24159e-11 -6.61515e-11
16.175 -7.02953e-11 -7.47797e-11
16.2 -7.7837e-11 -8.30889e-11
16.225 -8.49579e-11 -9.09904e-11
16.25 -9.15797e-11 -9.84005e-11
16.275 -9.76301e-11 -1.05241e-10
16.3 -1.03043e-10 -1.11441e-10
16.325 -1.07759e-10 -1.16936e-10
16.35 -1.11727e-10 -1.21669e-10
16.375 -1.14902e-10 -1.25591e-10
16.4 -1.17249e-10 -1.28661e-10
16.425 -1.1874e-10 -1.30847e-10
16.45 -1.19355e-10 -1.32127e-10
16.475 -1.19085e-10 -1.32485e-10
16.5 -1.17927e-10 -1.31916e-10
16.525 -1.15886e-10 -1.30422e-10
16.55 -1.12976e-10 -1.28014e-10
16.575 -1.09221e-10 -1.24713e-10
16.6 -1.04648e-10 -1.20545e-10
16.625 -9.92948e-11 -1.15545e-10
16.65 -9.32043e-11 -1.09755e-10
16.675 -8.64259e-11 -1.03224e-10
16.7 -7.90146e-11 -9.6007e-11
16.725 -7.10306e-11 -8.81628e-11
16.75 -6.25385e-11 -7.97567e-11
16.775 -5.36068e-11 -7.08577e-11
16.8 -4.43072e-11 -6.15385e-11
16.825 -3.47139e-11 -5.18744e-11
16.85 -2.4903e-11 -4.19431e-11
16.875 -1.49521e-11 -3.18239e-11
16.9 -4.93901e-12 -2.15966e-11
16.925 5.05818e-12 -1.13416e-11
16.95 1.49622e-11 -1.13848e-12
16.975 2.46969e-11 8.93394e-12
17 3.41881e-11 1.87987e-11
17.025 4.33639e-11 2.83809e-11
17.05 5.21552e-11 3.76085e-11
17.075 6.04962e-11 4.64127e-11
17.1 6.8325e-11 5.47284e-11
17.125 7.55836e-11 6.24945e-11
17.15 8.22187e-11 6.96544e-11
17.175 8.81816e-11 7.61562e-11
17.2 9.34285e-11 8.19532e-11
17.225 9.79211e-11 8.70039e-11
17.25 1.01626e-10 9.12721e-11
17.275 1.04516e-10 9.47272e-11
17.3 1.06569e-10 9.73444e-11
17.325 1.07769e-10 9.91044e-11
17.35 1.08103e-10 9.99937e-11
17.375 1.07567e-10 1.00004e-10
17.4 1.06161e-10 9.91337e-11
17.425 1.0389e-10 9.7385e-11
17.45 1.00764e-10 9.47664e-11
17.475 9.67977e-11 9.12913e-11
17.5 9.20114e-11 8.69778e-11
17.525 8.64291e-11 8.18485e-11
17.55 8.00791e-11 7.59306e-11
17.575 7.29935e-11 6.92551e-11
17.6 6.52082e-11 6.18568e-11
17.625 5.67619e-11 5.37738e-11
17.65 4.76966e-11 4.50474e-11
17.675 3.80565e-11 3.57217e-11
17.7 2.78883e-11 2.58428e-11
17.725 1.72404e-11 1.54591e-11
17.75 6.16282e-12 4.62072e-12
17.775 -5.29334e-12 -6.62107e-12
17.8 -1.70761e-11 -1.8214e-11
17.825 -2.91328e-11 -3.0105e-11
17.85 -4.14108e-11 -4.22408e-11
17.875 -5.38575e-11 -5.45683e-11
17.9 -6.64207e-11 -6.70343e-11
17.925 -7.90488e-11 -7.95866e-11
17.95 -9.16911e-11 -9.21737e-11
17.975 -1.04298e-10 -1.04745e-10
18 -1.16822e-10 -1.17252e-10
18.025 -1.29217e-10 -1.29646e-10
18.05 -1.41437e-10 -1.41883e-10
18.075 -1.53441e-10 -1.53919e-10
18.1 -1.65188e-10 -1.65711e-10
18.125 -1.7664e-10 -1.77221e-10
18.15 -1.87761e-10 -1.88411e-10
18.175 -1.98517e-10 -1.99248e-10
18.2 -2.08879e-10 -2.097e-10
18.225 -2.18818e-10 -2.19737e-10
18.25 -2.28309e-10 -2.29332e-10
18.275 -2.37329e-10 -2.38463e-10
18.3 -2.45857e-10 -2.47107e-10
18.325 -2.53878e-10 -2.55247e-10
18.35 -2.61376e-10 -2.62867e-10
18.375 -2.68339e-10 -2.69954e-10
18.4 -2.74758e-10 -2.76498e-10
18.425 -2.80625e-10 -2.8249e-10
18.45 -2.85937e-10 -2.87926e-10
18.475 -2.9069e-10 -2.92802e-10
18.5 -2.94887e-10 -2.97119e-10
18.525 -2.98527e-10 -3.00877e-10
18.55 -3.01617e-10 -3.0408e-10
18.575 -3.04162e-10 -3.06735e-10
18.6 -3.0617e-10 -3.08849e-10
18.625 -3.07651e-10 -3.10431e-10
18.65 -3.08617e-10 -3.11492e-10
18.675 -3.09081e-10 -3.12044e-10
18.7 -3.09056e-10 -3.12103e-10
18.725 -3.08558e-10 -3.11682e-10
18.75 -3.07604e-10 -3.10799e-10
18.775 -3.06212e-10 -3.0947e-10
18.8 -3.04398e-10 -3.07714e-10
18.825 -3.02183e-10 -3.0555e-10
18.85 -2.99586e-10 -3.02996e-10
18.875 -2.96627e-10 -3.00074e-10
18.9 -2.93327e-10 -2.96804e-10
18.925 -2.89706e-10 -2.93207e-10
18.95 -2.85785e-10 -2.89303e-10
18.975 -2.81585e-10 -2.85114e-10
19 -2.77127e-10 -2.80661e-10
19.025 -2.72432e-10 -2.75964e-10
19.05 -2.67521e-10 -2.71045e-10
19.075 -2.62413e-10 -2.65924e-10
19.1 -2.57129e-10 -2.60622e-10
19.125 -2.51689e-10 -2.55158e-10
19.15 -2.46111e-10 -2.49552e-10
19.175 -2.40415e-10 -2.43822e-10
19.2 -2.34618e-10 -2.37987e-10
19.225 -2.28739e-10 -2.32066e-10
19.25 -2.22793e-10 -2.26074e-10
19.275 -2.16797e-10 -2.20029e-10
19.3 -2.10767e-10 -2.13946e-10
19.325 -2.04718e-10 -2.07841e-10
19.35 -1.98663e-10 -2.01728e-10
19.375 -1.92616e-10 -1.9562e-10
19.4 -1.8659e-10 -1.89531e-10
19.425 -1.80596e-10 -1.83472e-10
19.45 -1.74646e-10 -1.77455e-10
19.475 -1.68751e-10 -1.71491e-10
19.5 -1.62919e-10 -1.6559e-10
19.525 -1.5716e-10 -1.59761e-10
19.55 -1.51482e-10 -1.54011e-10
19.575 -1.45892e-10 -1.4835e-10
19.6 -1.40398e-10 -1.42783e-10
19.625 -1.35005e-10 -1.37318e-10
19.65 -1.29719e-10 -1.3196e-10
19.675 -1.24545e-10 -1.26714e-10
19.7 -1.19487e-10 -1.21584e-10
19.725 -1.14548e-10 -1.16574e-10
19.75 -1.09733e-10 -1.11689e-10
19.775 -1.05043e-10 -1.06929e-10
19.8 -1.00481e-10 -1.02298e-10
19.825 -9.6048e-11 -9.7797e-11
19.85 -9.17454e-11 -9.34276e-11
19.875 -8.75739e-11 -8.91905e-11
19.9 -8.35339e-11 -8.50861e-11
19.925 -7.96252e-11 -8.11144e-11
19.95 -7.58475e-11 -7.72751e-11
19.975 -7.22e-11 -7.35674e-11
20 -6.86818e-11 -6.99905e-11
