0 9.50216e-05 -6.86394e-05
0.025 9.50216e-05 -6.86394e-05
0.05 0.00018983 -0.000137059
0.075 0.000284212 -0.000205038
0.1 0.000377957 -0.00027236
0.125 0.000470854 -0.00033881
0.15 0.000562696 -0.000404175
0.175 0.000653279 -0.000468249
0.2 0.000742401 -0.000530827
0.225 0.000829865 -0.000591714
0.25 0.000915478 -0.000650718
0.275 0.000999052 -0.000707656
0.3 0.00108041 -0.000762352
0.325 0.00115936 -0.000814639
0.35 0.00123575 -0.000864359
0.375 0.00130941 -0.000911362
0.4 0.00138019 -0.000955511
0.425 0.00144794 -0.000996677
0.45 0.00151251 -0.00103474
0.475 0.00157378 -0.0010696
0.5 0.00163163 -0.00110117
0.525 0.00168594 -0.00112934
0.55 0.00173661 -0.00115407
0.575 0.00178355 -0.00117529
0.6 0.00182667 -0.00119295
0.625 0.0018659 -0.00120703
0.65 0.00190119 -0.0012175
0.675 0.00193246 -0.00122435
0.7 0.0019597 -0.00122759
0.725 0.00198286 -0.00122723
0.75 0.00200192 -0.0012233
0.775 0.00201688 -0.00121585
0.8 0.00202774 -0.00120492
0.825 0.00203451 -0.00119057
0.85 0.00203722 -0.00117288
0.875 0.00203591 -0.00115194
0.9 0.00203061 -0.00112783
0.925 0.00202138 -0.00110065
0.95 0.0020083 -0.00107052
0.975 0.00199143 -0.00103756
1 0.00197087 -0.00100189
1.025 0.00194671 -0.000963644
1.05 0.00191906 -0.000922966
1.075 0.00188804 -0.000880002
1.1 0.00185377 -0.0008349
1.125 0.00181639 -0.000787817
1.15 0.00177603 -0.000738912
1.175 0.00173284 -0.000688348
1.2 0.001687 -0.000636288
1.225 0.00163865 -0.000582901
1.25 0.00158797 -0.000528353
1.275 0.00153514 -0.000472814
1.3 0.00148035 -0.00041645
1.325 0.00142378 -0.000359429
1.35 0.00136562 -0.000301917
1.375 0.00130608 -0.000244079
1.4 0.00124536 -0.000186074
1.425 0.00118367 -0.000128061
1.45 0.0011212 -7.01938e-05
1.475 0.00105818 -1.26233e-05
1.5 0.00099481 4.45056e-05
1.525 0.000931312 0.000101053
1.55 0.000867897 0.000156884
1.575 0.000804781 0.00021187
1.6 0.000742175 0.000265888
1.625 0.000680293 0.000318825
1.65 0.000619344 0.00037057
1.675 0.000559537 0.000421022
1.7 0.000501078 0.000470089
1.725 0.000444166 0.000517683
1.75 0.000389 0.000563726
1.775 0.000335771 0.000608147
1.8 0.000284666 0.000650885
1.825 0.000235867 0.000691884
1.85 0.000189547 0.000731099
1.875 0.000145874 0.00076849
1.9 0.000105006 0.000804027
1.925 6.70952e-05 0.000837687
1.95 3.2283e-05 0.000869455
1.975 7.02408e-07 0.000899324
2 -2.75237e-05 0.000927292
2.025 -5.22827e-05 0.000953367
2.05 -7.34729e-05 0.000977562
2.075 -9.10041e-05 0.000999896
2.1 -0.000104797 0.0010204
2.125 -0.000114786 0.00103909
2.15 -0.000120917 0.00105602
2.175 -0.000123148 0.00107122
2.2 -0.000121452 0.00108475
2.225 -0.000115814 0.00109665
2.25 -0.000106234 0.00110697
2.275 -9.27241e-05 0.00111577
2.3 -7.53124e-05 0.00112311
2.325 -5.40406e-05 0.00112905
2.35 -2.89647e-05 0.00113366
2.375 -1.554e-07 0.00113699
2.4 3.23023e-05 0.00113911
2.425 6.83088e-05 0.00114008
2.45 0.00010775 0.00113997
2.475 0.000150498 0.00113883
2.5 0.000196409 0.00113673
2.525 0.000245329 0.00113372
2.55 0.000297086 0.00112986
2.575 0.000351497 0.00112518
2.6 0.000408365 0.00111975
2.625 0.000467482 0.0011136
2.65 0.000528626 0.00110677
2.675 0.000591564 0.00109929
2.7 0.000656052 0.00109118
2.725 0.000721835 0.00108246
2.75 0.000788649 0.00107315
2.775 0.000856219 0.00106325
2.8 0.000924265 0.00105275
2.825 0.000992496 0.00104166
2.85 0.00106061 0.00102995
2.875 0.00112832 0.0010176
2.9 0.0011953 0.00100458
2.925 0.00126125 0.000990846
2.95 0.00132585 0.00097635
2.975 0.00138878 0.000961039
3 0.00144972 0.000944849
3.025 0.00150836 0.000927709
3.05 0.00156438 0.000909542
3.075 0.00161747 0.000890261
3.1 0.0016673 0.000869775
3.125 0.00171358 0.000847985
3.15 0.00175599 0.000824787
3.175 0.00179425 0.000800071
3.2 0.00182805 0.00077372
3.225 0.00185714 0.000745616
3.25 0.00188122 0.000715633
3.275 0.00190005 0.000683645
3.3 0.00191337 0.000649522
3.325 0.00192094 0.00061313
3.35 0.00192256 0.000574337
3.375 0.00191801 0.000533009
3.4 0.0019071 0.000489011
3.425 0.00188965 0.00044221
3.45 0.00186551 0.000392475
3.475 0.00183454 0.000339678
3.5 0.00179662 0.000283694
3.525 0.00175165 0.000224401
3.55 0.00169955 0.000161685
3.575 0.00164026 9.54346e-05
3.6 0.00157374 2.55482e-05
3.625 0.00149997 -4.80698e-05
3.65 0.00141896 -0.000125506
3.675 0.00133074 -0.000206839
3.7 0.00123535 -0.000292135
3.725 0.00113286 -0.000381452
3.75 0.00102337 -0.000474836
3.775 0.000906988 -0.00057232
3.8 0.000783859 -0.000673926
3.825 0.000654138 -0.000779662
3.85 0.000518006 -0.000889524
3.875 0.000375665 -0.00100349
3.9 0.000227334 -0.00112153
3.925 7.32571e-05 -0.0012436
3.95 -8.63066e-05 -0.00136962
3.975 -0.000251078 -0.00149953
4 -0.000420759 -0.00163323
4.025 -0.000595038 -0.00177062
4.05 -0.000773585 -0.00191156
4.075 -0.000956055 -0.00205592
4.1 -0.00114209 -0.00220356
4.125 -0.00133132 -0.00235429
4.15 -0.00152337 -0.00250794
4.175 -0.00171783 -0.00266432
4.2 -0.00191432 -0.00282321
4.225 -0.00211241 -0.00298439
4.25 -0.00231171 -0.00314763
4.275 -0.00251177 -0.00331268
4.3 -0.00271219 -0.00347929
4.325 -0.00291254 -0.00364718
4.35 -0.00311239 -0.00381609
4.375 -0.0033113 -0.00398572
4.4 -0.00350887 -0.00415579
4.425 -0.00370466 -0.004326
4.45 -0.00389827 -0.00449604
4.475 -0.00408928 -0.00466561
4.5 -0.00427728 -0.00483439
4.525 -0.00446189 -0.00500206
4.55 -0.00464272 -0.00516831
4.575 -0.00481939 -0.00533284
4.6 -0.00499155 -0.0054953
4.625 -0.00515885 -0.00565541
4.65 -0.00532096 -0.00581284
4.675 -0.00547755 -0.00596729
4.7 -0.00562833 -0.00611846
4.725 -0.00577301 -0.00626605
4.75 -0.00591133 -0.00640978
4.775 -0.00604303 -0.00654936
4.8 -0.0061679 -0.00668453
4.825 -0.00628572 -0.00681502
4.85 -0.00639631 -0.00694059
4.875 -0.0064995 -0.00706099
4.9 -0.00659513 -0.00717601
4.925 -0.0066831 -0.00728543
4.95 -0.00676329 -0.00738906
4.975 -0.00683562 -0.0074867
5 -0.00690003 -0.0075782
5.025 -0.00695649 -0.0076634
5.05 -0.00700497 -0.00774216
5.075 -0.00704548 -0.00781436
5.1 -0.00707804 -0.0078799
5.125 -0.0071027 -0.00793869
5.15 -0.00711951 -0.00799066
5.175 -0.00712856 -0.00803575
5.2 -0.00712996 -0.00807394
5.225 -0.00712381 -0.0081052
5.25 -0.00711027 -0.00812952
5.275 -0.00708946 -0.00814693
5.3 -0.00706158 -0.00815744
5.325 -0.00702679 -0.00816112
5.35 -0.00698529 -0.00815801
5.375 -0.0069373 -0.00814819
5.4 -0.00688303 -0.00813176
5.425 -0.00682272 -0.00810883
5.45 -0.0067566 -0.0080795
5.475 -0.00668492 -0.00804392
5.5 -0.00660795 -0.00800222
5.525 -0.00652595 -0.00795456
5.55 -0.00643919 -0.00790112
5.575 -0.00634794 -0.00784206
5.6 -0.00625249 -0.00777758
5.625 -0.00615311 -0.00770787
5.65 -0.00605009 -0.00763313
5.675 -0.00594371 -0.00755358
5.7 -0.00583426 -0.00746943
5.725 -0.00572202 -0.0073809
5.75 -0.00560728 -0.00728822
5.775 -0.0054903 -0.00719162
5.8 -0.00537137 -0.00709134
5.825 -0.00525076 -0.00698761
5.85 -0.00512873 -0.00688068
5.875 -0.00500554 -0.00677077
5.9 -0.00488145 -0.00665813
5.925 -0.00475671 -0.006543
5.95 -0.00463154 -0.00642561
5.975 -0.0045062 -0.0063062
6 -0.00438089 -0.006185
6.025 -0.00425584 -0.00606224
6.05 -0.00413124 -0.00593815
6.075 -0.0040073 -0.00581295
6.1 -0.00388421 -0.00568684
6.125 -0.00376213 -0.00556006
6.15 -0.00364124 -0.00543279
6.175 -0.0035217 -0.00530524
6.2 -0.00340365 -0.0051776
6.225 -0.00328722 -0.00505006
6.25 -0.00317255 -0.0049228
6.275 -0.00305975 -0.00479599
6.3 -0.00294894 -0.00466979
6.325 -0.0028402 -0.00454436
6.35 -0.00273362 -0.00441985
6.375 -0.00262928 -0.0042964
6.4 -0.00252726 -0.00417414
6.425 -0.00242761 -0.0040532
6.45 -0.00233037 -0.0039337
6.475 -0.00223561 -0.00381574
6.5 -0.00214334 -0.00369943
6.525 -0.0020536 -0.00358486
6.55 -0.0019664 -0.00347211
6.575 -0.00188176 -0.00336126
6.6 -0.00179968 -0.00325239
6.625 -0.00172017 -0.00314556
6.65 -0.0016432 -0.00304082
6.675 -0.00156878 -0.00293822
6.7 -0.00149688 -0.00283781
6.725 -0.00142748 -0.00273962
6.75 -0.00136055 -0.00264368
6.775 -0.00129607 -0.00255001
6.8 -0.00123398 -0.00245863
6.825 -0.00117426 -0.00236956
6.85 -0.00111686 -0.0022828
6.875 -0.00106173 -0.00219835
6.9 -0.00100883 -0.00211621
6.925 -0.000958107 -0.00203637
6.95 -0.000909508 -0.00195883
6.975 -0.000862978 -0.00188356
7 -0.000818463 -0.00181055
7.025 -0.000775906 -0.00173977
7.05 -0.00073525 -0.0016712
7.075 -0.000696436 -0.00160481
7.1 -0.000659406 -0.00154057
7.125 -0.000624101 -0.00147844
7.15 -0.000590464 -0.0014184
7.175 -0.000558435 -0.0013604
7.2 -0.000527956 -0.0013044
7.225 -0.00049897 -0.00125036
7.25 -0.000471421 -0.00119825
7.275 -0.00044525 -0.00114801
7.3 -0.000420405 -0.0010996
7.325 -0.00039683 -0.00105298
7.35 -0.000374472 -0.0010081
7.375 -0.000353278 -0.000964921
7.4 -0.0003332 -0.000923391
7.425 -0.000314186 -0.000883464
7.45 -0.000296188 -0.000845094
7.475 -0.000279161 -0.000808236
7.5 -0.000263058 -0.000772842
7.525 -0.000247835 -0.000738868
7.55 -0.000233451 -0.000706267
7.575 -0.000219864 -0.000674995
7.6 -0.000207034 -0.000645008
7.625 -0.000194925 -0.000616262
7.65 -0.000183498 -0.000588714
7.675 -0.000172719 -0.000562322
7.7 -0.000162554 -0.000537045
7.725 -0.00015297 -0.000512841
7.75 -0.000143938 -0.000489672
7.775 -0.000135427 -0.000467498
7.8 -0.000127409 -0.000446282
7.825 -0.000119857 -0.000425987
7.85 -0.000112746 -0.000406578
7.875 -0.000106051 -0.000388019
7.9 -9.97479e-05 -0.000370277
7.925 -9.38156e-05 -0.000353318
7.95 -8.8233e-05 -0.000337112
7.975 -8.29799e-05 -0.000321627
8 -7.80374e-05 -0.000306833
8.025 -7.33877e-05 -0.000292702
8.05 -6.90137e-05 -0.000279207
8.075 -6.48994e-05 -0.000266319
8.1 -6.10296e-05 -0.000254013
8.125 -5.73899e-05 -0.000242264
8.15 -5.39668e-05 -0.000231049
8.175 -5.07475e-05 -0.000220344
8.2 -4.77198e-05 -0.000210127
8.225 -4.48725e-05 -0.000200376
8.25 -4.21946e-05 -0.000191071
8.275 -3.96763e-05 -0.000182192
8.3 -3.73078e-05 -0.000173721
8.325 -3.50803e-05 -0.000165639
8.35 -3.29853e-05 -0.000157929
8.375 -3.10149e-05 -0.000150573
8.4 -2.91616e-05 -0.000143557
8.425 -2.74185e-05 -0.000136865
8.45 -2.57788e-05 -0.000130481
8.475 -2.42364e-05 -0.000124393
8.5 -2.27855e-05 -0.000118587
8.525 -2.14206e-05 -0.000113049
8.55 -2.01366e-05 -0.000107769
8.575 -1.89286e-05 -0.000102733
8.6 -1.77922e-05 -9.79307e-05
8.625 -1.67231e-05 -9.33517e-05
8.65 -1.57172e-05 -8.89856e-05
8.675 -1.47708e-05 -8.48225e-05
8.7 -1.38804e-05 -8.08532e-05
8.725 -1.30427e-05 -7.70688e-05
8.75 -1.22546e-05 -7.34608e-05
8.775 -1.15132e-05 -7.00211e-05
8.8 -1.08157e-05 -6.67419e-05
8.825 -1.01595e-05 -6.36159e-05
8.85 -9.54224e-06 -6.0636e-05
8.875 -8.96163e-06 -5.77956e-05
8.9 -8.41551e-06 -5.50881e-05
8.925 -7.90189e-06 -5.25074e-05
8.95 -7.41887e-06 -5.00478e-05
8.975 -6.96467e-06 -4.77036e-05
9 -6.53761e-06 -4.54696e-05
9.025 -6.13611e-06 -4.33405e-05
9.05 -5.7587e-06 -4.13117e-05
9.075 -5.40397e-06 -3.93784e-05
9.1 -5.07061e-06 -3.75363e-05
9.125 -4.75737e-06 -3.57811e-05
9.15 -4.46309e-06 -3.41088e-05
9.175 -4.18666e-06 -3.25156e-05
9.2 -3.92705e-06 -3.09978e-05
9.225 -3.68327e-06 -2.95519e-05
9.25 -3.4544e-06 -2.81746e-05
9.275 -3.23958e-06 -2.68626e-05
9.3 -3.03797e-06 -2.5613e-05
9.325 -2.8488e-06 -2.44228e-05
9.35 -2.67133e-06 -2.32892e-05
9.375 -2.50489e-06 -2.22096e-05
9.4 -2.34881e-06 -2.11815e-05
9.425 -2.20248e-06 -2.02024e-05
9.45 -2.06532e-06 -1.927e-05
9.475 -1.93677e-06 -1.83821e-05
9.5 -1.81633e-06 -1.75367e-05
9.525 -1.7035e-06 -1.67317e-05
9.55 -1.59782e-06 -1.59651e-05
9.575 -1.49885e-06 -1.52352e-05
9.6 -1.40619e-06 -1.45402e-05
9.625 -1.31945e-06 -1.38784e-05
9.65 -1.23827e-06 -1.32483e-05
9.675 -1.16229e-06 -1.26483e-05
9.7 -1.09119e-06 -1.2077e-05
9.725 -1.02468e-06 -1.15329e-05
9.75 -9.62451e-07 -1.10148e-05
9.775 -9.04242e-07 -1.05214e-05
9.8 -8.49796e-07 -1.00515e-05
9.825 -7.98871e-07 -9.60392e-06
9.85 -7.51241e-07 -9.17763e-06
9.875 -7.06693e-07 -8.77156e-06
9.9 -6.65028e-07 -8.38471e-06
9.925 -6.26056e-07 -8.01615e-06
9.95 -5.896e-07 -7.66497e-06
9.975 -5.55496e-07 -7.33031e-06
10 -5.23586e-07 -7.01137e-06
10.025 -4.93724e-07 -6.70735e-06
10.05 -4.65774e-07 -6.41753e-06
10.075 -4.39607e-07 -6.1412e-06
10.1 -4.15103e-07 -5.87769e-06
10.125 -3.92148e-07 -5.62637e-06
10.15 -3.70638e-07 -5.38663e-06
10.175 -3.50473e-07 -5.15789e-06
10.2 -3.31562e-07 -4.93961e-06
10.225 -3.13818e-07 -4.73127e-06
10.25 -2.97161e-07 -4.53238e-06
10.275 -2.81516e-07 -4.34246e-06
10.3 -2.66812e-07 -4.16108e-06
10.325 -2.52986e-07 -3.98782e-06
10.35 -2.39976e-07 -3.82226e-06
10.375 -2.27725e-07 -3.66404e-06
10.4 -2.16181e-07 -3.51278e-06
10.425 -2.05296e-07 -3.36816e-06
10.45 -1.95024e-07 -3.22984e-06
10.475 -1.85322e-07 -3.09752e-06
10.5 -1.76153e-07 -2.9709e-06
10.525 -1.67479e-07 -2.84971e-06
10.55 -1.59268e-07 -2.73369e-06
10.575 -1.51489e-07 -2.62259e-06
10.6 -1.44112e-07 -2.51617e-06
10.625 -1.37112e-07 -2.41421e-06
10.65 -1.30464e-07 -2.3165e-06
10.675 -1.24145e-07 -2.22284e-06
10.7 -1.18136e-07 -2.13304e-06
10.725 -1.12416e-07 -2.04692e-06
10.75 -1.06968e-07 -1.96432e-06
10.775 -1.01776e-07 -1.88506e-06
10.8 -9.68252e-08 -1.809e-06
10.825 -9.21016e-08 -1.73599e-06
10.85 -8.75925e-08 -1.6659e-06
10.875 -8.32865e-08 -1.59859e-06
10.9 -7.91727e-08 -1.53395e-06
10.925 -7.52413e-08 -1.47186e-06
10.95 -7.14832e-08 -1.4122e-06
10.975 -6.789e-08 -1.35488e-06
11 -6.44539e-08 -1.29979e-06
11.025 -6.11677e-08 -1.24684e-06
11.05 -5.80249e-08 -1.19595e-06
11.075 -5.50191e-08 -1.14702e-06
11.1 -5.21447e-08 -1.09998e-06
11.125 -4.93962e-08 -1.05476e-06
11.15 -4.67687e-08 -1.01127e-06
11.175 -4.42573e-08 -9.69455e-07
11.2 -4.18576e-08 -9.29247e-07
11.225 -3.95654e-08 -8.90584e-07
11.25 -3.73766e-08 -8.53406e-07
11.275 -3.52875e-08 -8.17659e-07
11.3 -3.32943e-08 -7.83288e-07
11.325 -3.13936e-08 -7.50243e-07
11.35 -2.9582e-08 -7.18475e-07
11.375 -2.78562e-08 -6.87937e-07
11.4 -2.6213e-08 -6.58586e-07
11.425 -2.46495e-08 -6.30378e-07
11.45 -2.31626e-08 -6.03273e-07
11.475 -2.17494e-08 -5.77232e-07
11.5 -2.04072e-08 -5.52217e-07
11.525 -1.91331e-08 -5.28192e-07
11.55 -1.79245e-08 -5.05123e-07
11.575 -1.67787e-08 -4.82976e-07
11.6 -1.56932e-08 -4.61718e-07
11.625 -1.46655e-08 -4.4132e-07
11.65 -1.36931e-08 -4.2175e-07
11.675 -1.27736e-08 -4.0298e-07
11.7 -1.19048e-08 -3.84981e-07
11.725 -1.10843e-08 -3.67726e-07
11.75 -1.031e-08 -3.51189e-07
11.775 -9.57978e-09 -3.35344e-07
11.8 -8.89151e-09 -3.20167e-07
11.825 -8.24321e-09 -3.05633e-07
11.85 -7.63298e-09 -2.91718e-07
11.875 -7.05894e-09 -2.784e-07
11.9 -6.51932e-09 -2.65658e-07
11.925 -6.0124e-09 -2.53468e-07
11.95 -5.53654e-09 -2.4181e-07
11.975 -5.09016e-09 -2.30665e-07
12 -4.67176e-09 -2.20012e-07
12.025 -4.2799e-09 -2.09831e-07
12.05 -3.91324e-09 -2.00106e-07
12.075 -3.57046e-09 -1.90816e-07
12.1 -3.25034e-09 -1.81945e-07
12.125 -2.95171e-09 -1.73475e-07
12.15 -2.67346e-09 -1.65391e-07
12.175 -2.41456e-09 -1.57676e-07
12.2 -2.174e-09 -1.50315e-07
12.225 -1.95086e-09 -1.43292e-07
12.25 -1.74425e-09 -1.36593e-07
12.275 -1.55333e-09 -1.30205e-07
12.3 -1.3773e-09 -1.24114e-07
12.325 -1.21543e-09 -1.18307e-07
12.35 -1.06698e-09 -1.12772e-07
12.375 -9.31295e-10 -1.07496e-07
12.4 -8.07717e-10 -1.02468e-07
12.425 -6.95633e-10 -9.76766e-08
12.45 -5.94452e-10 -9.31121e-08
12.475 -5.03608e-10 -8.87639e-08
12.5 -4.22556e-10 -8.46223e-08
12.525 -3.50769e-10 -8.06781e-08
12.55 -2.87737e-10 -7.69224e-08
12.575 -2.32966e-10 -7.33467e-08
12.6 -1.85972e-10 -6.9943e-08
12.625 -1.46285e-10 -6.67036e-08
12.65 -1.13444e-10 -6.36211e-08
12.675 -8.69978e-11 -6.06886e-08
12.7 -6.65024e-11 -5.78993e-08
12.725 -5.15223e-11 -5.52469e-08
12.75 -4.16285e-11 -5.27252e-08
12.775 -3.63995e-11 -5.03286e-08
12.8 -3.54205e-11 -4.80514e-08
12.825 -3.82836e-11 -4.58883e-08
12.85 -4.45885e-11 -4.38343e-08
12.875 -5.39425e-11 -4.18845e-08
12.9 -6.59613e-11 -4.00342e-08
12.925 -8.02696e-11 -3.82789e-08
12.95 -9.65014e-11 -3.66143e-08
12.975 -1.14302e-10 -3.50362e-08
13 -1.33326e-10 -3.35405e-08
13.025 -1.53244e-10 -3.21232e-08
13.05 -1.73735e-10 -3.07807e-08
13.075 -1.94494e-10 -2.95091e-08
13.1 -2.15232e-10 -2.83049e-08
13.125 -2.35674e-10 -2.71644e-08
13.15 -2.5556e-10 -2.60841e-08
13.175 -2.74649e-10 -2.50608e-08
13.2 -2.92716e-10 -2.4091e-08
13.225 -3.09554e-10 -2.31714e-08
13.25 -3.24976e-10 -2.22987e-08
13.275 -3.3881e-10 -2.14698e-08
13.3 -3.50906e-10 -2.06816e-08
13.325 -3.6113e-10 -1.99308e-08
13.35 -3.6937e-10 -1.92144e-08
13.375 -3.7553e-10 -1.85295e-08
13.4 -3.79532e-10 -1.7873e-08
13.425 -3.81317e-10 -1.7242e-08
13.45 -3.80844e-10 -1.66337e-08
13.475 -3.78087e-10 -1.60452e-08
13.5 -3.73038e-10 -1.54738e-08
13.525 -3.65702e-10 -1.49169e-08
13.55 -3.561e-10 -1.43717e-08
13.575 -3.44267e-10 -1.38358e-08
13.6 -3.30251e-10 -1.33068e-08
13.625 -3.14108e-10 -1.27822e-08
13.65 -2.9591e-10 -1.22598e-08
13.675 -2.75734e-10 -1.17375e-08
13.7 -2.53668e-10 -1.12132e-08
13.725 -2.29806e-10 -1.06849e-08
13.75 -2.04248e-10 -1.01508e-08
13.775 -1.77102e-10 -9.60932e-09
13.8 -1.48475e-10 -9.05874e-09
13.825 -1.18482e-10 -8.49769e-09
13.85 -8.72364e-11 -7.92486e-09
13.875 -5.48544e-11 -7.33908e-09
13.9 -2.14519e-11 -6.73935e-09
13.925 1.28562e-11 -6.12479e-09
13.95 4.79563e-11 -5.49468e-09
13.975 8.37371e-11 -4.84845e-09
14 1.2009e-10 -4.18567e-09
14.025 1.56911e-10 -3.50606e-09
14.05 1.941e-10 -2.80951e-09
14.075 2.31559e-10 -2.09601e-09
14.1 2.69198e-10 -1.36575e-09
14.125 3.06931e-10 -6.19017e-10
14.15 3.44678e-10 1.43744e-10
14.175 3.82363e-10 9.21958e-10
14.2 4.19918e-10 1.71492e-09
14.225 4.57279e-10 2.52182e-09
14.25 4.94389e-10 3.34169e-09
14.275 5.31196e-10 4.1735e-09
14.3 5.67652e-10 5.01608e-09
14.325 6.03718e-10 5.86818e-09
14.35 6.39357e-10 6.72846e-09
14.375 6.74538e-10 7.5955e-09
14.4 7.09235e-10 8.4678e-09
14.425 7.43425e-10 9.3438e-09
14.45 7.77091e-10 1.02219e-08
14.475 8.10216e-10 1.11004e-08
14.5 8.4279e-10 1.19777e-08
14.525 8.74804e-10 1.28519e-08
14.55 9.06251e-10 1.37214e-08
14.575 9.37127e-10 1.45844e-08
14.6 9.67428e-10 1.54392e-08
14.625 9.97154e-10 1.62839e-08
14.65 1.0263e-09 1.71169e-08
14.675 1.05488e-09 1.79365e-08
14.7 1.08287e-09 1.87408e-08
14.725 1.11029e-09 1.95284e-08
14.75 1.13714e-09 2.02975e-08
14.775 1.16341e-09 2.10467e-08
14.8 1.1891e-09 2.17745e-08
14.825 1.2142e-09 2.24793e-08
14.85 1.23873e-09 2.316e-08
14.875 1.26266e-09 2.3815e-08
14.9 1.286e-09 2.44434e-08
14.925 1.30873e-09 2.50438e-08
14.95 1.33086e-09 2.56154e-08
14.975 1.35235e-09 2.61571e-08
15 1.37322e-09 2.6668e-08
15.025 1.39343e-09 2.71475e-08
15.05 1.41298e-09 2.75949e-08
15.075 1.43184e-09 2.80094e-08
15.1 1.45001e-09 2.83908e-08
15.125 1.46746e-09 2.87386e-08
15.15 1.48417e-09 2.90525e-08
15.175 1.50012e-09 2.93323e-08
15.2 1.51529e-09 2.9578e-08
15.225 1.52966e-09 2.97895e-08
15.25 1.54321e-09 2.99669e-08
15.275 1.55591e-09 3.01104e-08
15.3 1.56774e-09 3.02203e-08
15.325 1.57868e-09 3.02969e-08
15.35 1.58871e-09 3.03406e-08
15.375 1.59781e-09 3.0352e-08
15.4 1.60596e-09 3.03316e-08
15.425 1.61313e-09 3.028e-08
15.45 1.61932e-09 3.0198e-08
15.475 1.6245e-09 3.00864e-08
15.5 1.62866e-09 2.99459e-08
15.525 1.63179e-09 2.97775e-08
15.55 1.63388e-09 2.9582e-08
15.575 1.63491e-09 2.93605e-08
15.6 1.63489e-09 2.9114e-08
15.625 1.6338e-09 2.88434e-08
15.65 1.63164e-09 2.85499e-08
15.675 1.62841e-09 2.82347e-08
15.7 1.62412e-09 2.78987e-08
15.725 1.61876e-09 2.75431e-08
15.75 1.61235e-09 2.71691e-08
15.775 1.60489e-09 2.67779e-08
15.8 1.5964e-09 2.63706e-08
15.825 1.58688e-09 2.59484e-08
15.85 1.57636e-09 2.55124e-08
15.875 1.56486e-09 2.50639e-08
15.9 1.55238e-09 2.46038e-08
15.925 1.53897e-09 2.41335e-08
15.95 1.52463e-09 2.36539e-08
15.975 1.50941e-09 2.31663e-08
16 1.49332e-09 2.26716e-08
16.025 1.4764e-09 2.2171e-08
16.05 1.45868e-09 2.16654e-08
16.075 1.44019e-09 2.11559e-08
16.1 1.42097e-09 2.06434e-08
16.125 1.40105e-09 2.01289e-08
16.15 1.38048e-09 1.96133e-08
16.175 1.35929e-09 1.90974e-08
16.2 1.33751e-09 1.85821e-08
16.225 1.3152e-09 1.80683e-08
16.25 1.29238e-09 1.75566e-08
16.275 1.26911e-09 1.70478e-08
16.3 1.24542e-09 1.65426e-08
16.325 1.22135e-09 1.60416e-08
16.35 1.19694e-09 1.55455e-08
16.375 1.17224e-09 1.50548e-08
16.4 1.14728e-09 1.45701e-08
16.425 1.12211e-09 1.40918e-08
16.45 1.09677e-09 1.36205e-08
16.475 1.07129e-09 1.31565e-08
16.5 1.04572e-09 1.27003e-08
16.525 1.02009e-09 1.22521e-08
16.55 9.94432e-10 1.18124e-08
16.575 9.68792e-10 1.13815e-08
16.6 9.43201e-10 1.09594e-08
16.625 9.17693e-10 1.05466e-08
16.65 8.92301e-10 1.01431e-08
16.675 8.67054e-10 9.74923e-09
16.7 8.41984e-10 9.36498e-09
16.725 8.17119e-10 8.99051e-09
16.75 7.92486e-10 8.62589e-09
16.775 7.68111e-10 8.27118e-09
16.8 7.44017e-10 7.92642e-09
16.825 7.20229e-10 7.5916e-09
16.85 6.96767e-10 7.26671e-09
16.875 6.73652e-10 6.95173e-09
16.9 6.50901e-10 6.64659e-09
16.925 6.28531e-10 6.35123e-09
16.95 6.0656e-10 6.06556e-09
16.975 5.84999e-10 5.78948e-09
17 5.63863e-10 5.52288e-09
17.025 5.43162e-10 5.26562e-09
17.05 5.22906e-10 5.01756e-09
17.075 5.03105e-10 4.77855e-09
17.1 4.83765e-10 4.54843e-09
17.125 4.64893e-10 4.32704e-09
17.15 4.46493e-10 4.11419e-09
17.175 4.28569e-10 3.90969e-09
17.2 4.11125e-10 3.71336e-09
17.225 3.9416e-10 3.52501e-09
17.25 3.77677e-10 3.34443e-09
17.275 3.61674e-10 3.17142e-09
17.3 3.4615e-10 3.00577e-09
17.325 3.31103e-10 2.84729e-09
17.35 3.1653e-10 2.69574e-09
17.375 3.02427e-10 2.55094e-09
17.4 2.8879e-10 2.41266e-09
17.425 2.75612e-10 2.28071e-09
17.45 2.62889e-10 2.15486e-09
17.475 2.50613e-10 2.03492e-09
17.5 2.38779e-10 1.92067e-09
17.525 2.27378e-10 1.81192e-09
17.55 2.16402e-10 1.70847e-09
17.575 2.05844e-10 1.61011e-09
17.6 1.95694e-10 1.51665e-09
17.625 1.85944e-10 1.42791e-09
17.65 1.76584e-10 1.34369e-09
17.675 1.67605e-10 1.26381e-09
17.7 1.58998e-10 1.18809e-09
17.725 1.50753e-10 1.11636e-09
17.75 1.42859e-10 1.04845e-09
17.775 1.35308e-10 9.84189e-10
17.8 1.28088e-10 9.23417e-10
17.825 1.2119e-10 8.65979e-10
17.85 1.14604e-10 8.11721e-10
17.875 1.08319e-10 7.60497e-10
17.9 1.02326e-10 7.12164e-10
17.925 9.66155e-11 6.66584e-10
17.95 9.11765e-11 6.23624e-10
17.975 8.59998e-11 5.83156e-10
18 8.10759e-11 5.45056e-10
18.025 7.63952e-11 5.09205e-10
18.05 7.19484e-11 4.75489e-10
18.075 6.77264e-11 4.43797e-10
18.1 6.37204e-11 4.14024e-10
18.125 5.99214e-11 3.86069e-10
18.15 5.6321e-11 3.59834e-10
18.175 5.29108e-11 3.35227e-10
18.2 4.96826e-11 3.12158e-10
18.225 4.66285e-11 2.90543e-10
18.25 4.37408e-11 2.70301e-10
18.275 4.1012e-11 2.51354e-10
18.3 3.84348e-11 2.33628e-10
18.325 3.60021e-11 2.17054e-10
18.35 3.37073e-11 2.01564e-10
18.375 3.15435e-11 1.87094e-10
18.4 2.95046e-11 1.73585e-10
18.425 2.75844e-11 1.60979e-10
18.45 2.57769e-11 1.49222e-10
18.475 2.40765e-11 1.38261e-10
18.5 2.24777e-11 1.28048e-10
18.525 2.09752e-11 1.18537e-10
18.55 1.9564e-11 1.09683e-10
18.575 1.82393e-11 1.01446e-10
18.6 1.69964e-11 9.37857e-11
18.625 1.58309e-11 8.66657e-11
18.65 1.47385e-11 8.00509e-11
18.675 1.37152e-11 7.39086e-11
18.7 1.27571e-11 6.82076e-11
18.725 1.18606e-11 6.29189e-11
18.75 1.1022e-11 5.80149e-11
18.775 1.02381e-11 5.34699e-11
18.8 9.50568e-12 4.92595e-11
18.825 8.82168e-12 4.5361e-11
18.85 8.18323e-12 4.17529e-11
18.875 7.58759e-12 3.84153e-11
18.9 7.03218e-12 3.53292e-11
18.925 6.51454e-12 3.24771e-11
18.95 6.03234e-12 2.98424e-11
18.975 5.58336e-12 2.74096e-11
19 5.16553e-12 2.51645e-11
19.025 4.77688e-12 2.30934e-11
19.05 4.41554e-12 2.11837e-11
19.075 4.07976e-12 1.94236e-11
19.1 3.76788e-12 1.78023e-11
19.125 3.47834e-12 1.63093e-11
19.15 3.20966e-12 1.49353e-11
19.175 2.96046e-12 1.36712e-11
19.2 2.72944e-12 1.25089e-11
19.225 2.51537e-12 1.14405e-11
19.25 2.31711e-12 1.0459e-11
19.275 2.13357e-12 9.55767e-12
19.3 1.96373e-12 8.73036e-12
19.325 1.80665e-12 7.97133e-12
19.35 1.66143e-12 7.27524e-12
19.375 1.52725e-12 6.63717e-12
19.4 1.40332e-12 6.05254e-12
19.425 1.2889e-12 5.5171e-12
19.45 1.18332e-12 5.02695e-12
19.475 1.08594e-12 4.57843e-12
19.5 9.96158e-13 4.16821e-12
19.525 9.13423e-13 3.79317e-12
19.55 8.37215e-13 3.45044e-12
19.575 7.67051e-13 3.13739e-12
19.6 7.02478e-13 2.85156e-12
19.625 6.4308e-13 2.5907e-12
19.65 5.88463e-13 2.35274e-12
19.675 5.38267e-13 2.13575e-12
19.7 4.92153e-13 1.93798e-12
19.725 4.49808e-13 1.7578e-12
19.75 4.10941e-13 1.59371e-12
19.775 3.75281e-13 1.44436e-12
19.8 3.42579e-13 1.30846e-12
19.825 3.12601e-13 1.18486e-12
19.85 2.85133e-13 1.0725e-12
19.875 2.59974e-13 9.70398e-13
19.9 2.36942e-13 8.77657e-13
19.925 2.15865e-13 7.93455e-13
19.95 1.96585e-13 7.17038e-13
19.975 1.78956e-13 6.47717e-13
20 1.62844e-13 5.84859e-13
