0 9.27898e-05 -7.8185e-05
0.025 9.27898e-05 -7.8185e-05
0.05 0.000185374 -0.000156105
0.075 0.000277547 -0.000233494
0.1 0.000369104 -0.000310093
0.125 0.000459843 -0.00038564
0.15 0.000549564 -0.000459882
0.175 0.000638069 -0.000532568
0.2 0.000725163 -0.000603457
0.225 0.000810655 -0.000672311
0.25 0.000894359 -0.000738903
0.275 0.000976093 -0.000803015
0.3 0.00105568 -0.000864436
0.325 0.00113295 -0.00092297
0.35 0.00120773 -0.000978428
0.375 0.00127987 -0.00103064
0.4 0.00134922 -0.00107943
0.425 0.00141563 -0.00112467
0.45 0.00147897 -0.00116621
0.475 0.0015391 -0.00120393
0.5 0.00159591 -0.00123773
0.525 0.00164928 -0.00126752
0.55 0.00169912 -0.00129322
0.575 0.00174533 -0.00131477
0.6 0.00178783 -0.00133213
0.625 0.00182654 -0.00134526
0.65 0.00186141 -0.00135415
0.675 0.00189237 -0.0013588
0.7 0.00191939 -0.00135923
0.725 0.00194243 -0.00135547
0.75 0.00196147 -0.00134757
0.775 0.0019765 -0.00133558
0.8 0.00198752 -0.00131958
0.825 0.00199455 -0.00129966
0.85 0.00199759 -0.00127591
0.875 0.0019967 -0.00124846
0.9 0.00199189 -0.00121741
0.925 0.00198324 -0.00118292
0.95 0.00197081 -0.00114512
0.975 0.00195467 -0.00110417
1 0.00193489 -0.00106023
1.025 0.00191159 -0.00101347
1.05 0.00188486 -0.00096408
1.075 0.00185482 -0.000912235
1.1 0.00182158 -0.000858129
1.125 0.00178529 -0.000801957
1.15 0.00174608 -0.000743918
1.175 0.0017041 -0.000684213
1.2 0.00165951 -0.000623048
1.225 0.00161247 -0.000560627
1.25 0.00156315 -0.000497155
1.275 0.00151174 -0.000432837
1.3 0.00145842 -0.000367877
1.325 0.00140337 -0.000302476
1.35 0.0013468 -0.000236833
1.375 0.0012889 -0.000171142
1.4 0.00122988 -0.000105594
1.425 0.00116995 -4.03729e-05
1.45 0.00110931 2.4341e-05
1.475 0.00104819 8.83749e-05
1.5 0.000986805 0.000151563
1.525 0.000925363 0.000213747
1.55 0.000864087 0.000274776
1.575 0.000803194 0.000334509
1.6 0.000742904 0.000392812
1.625 0.000683433 0.000449563
1.65 0.000624996 0.000504647
1.675 0.000567806 0.000557959
1.7 0.000512071 0.000609407
1.725 0.000457999 0.000658905
1.75 0.000405789 0.000706382
1.775 0.000355638 0.000751773
1.8 0.000307736 0.000795027
1.825 0.000262268 0.0008361
1.85 0.000219411 0.000874963
1.875 0.000179332 0.000911592
1.9 0.000142194 0.000945977
1.925 0.000108148 0.000978116
1.95 7.7337e-05 0.00100802
1.975 4.98927e-05 0.0010357
2 2.5937e-05 0.00106118
2.025 5.58018e-06 0.0010845
2.05 -1.10791e-05 0.00110571
2.075 -2.39544e-05 0.00112485
2.1 -3.2972e-05 0.00114197
2.125 -3.80713e-05 0.00115714
2.15 -3.92054e-05 0.00117044
2.175 -3.6341e-05 0.00118193
2.2 -2.94594e-05 0.00119169
2.225 -1.8556e-05 0.00119981
2.25 -3.64147e-06 0.00120636
2.275 1.52589e-05 0.00121145
2.3 3.81044e-05 0.00121515
2.325 6.48392e-05 0.00121756
2.35 9.5392e-05 0.00121877
2.375 0.000129676 0.00121887
2.4 0.00016759 0.00121795
2.425 0.000209015 0.00121609
2.45 0.00025382 0.00121338
2.475 0.000301858 0.0012099
2.5 0.000352965 0.00120572
2.525 0.000406965 0.00120092
2.55 0.000463667 0.00119556
2.575 0.000522868 0.00118969
2.6 0.000584349 0.00118338
2.625 0.000647879 0.00117666
2.65 0.000713217 0.00116957
2.675 0.000780107 0.00116213
2.7 0.000848285 0.00115437
2.725 0.000917475 0.00114629
2.75 0.000987393 0.00113789
2.775 0.00105774 0.00112916
2.8 0.00112823 0.00112008
2.825 0.00119854 0.0011106
2.85 0.00126836 0.0011007
2.875 0.00133738 0.0010903
2.9 0.00140526 0.00107935
2.925 0.00147169 0.00106776
2.95 0.00153633 0.00105545
2.975 0.00159887 0.00104232
3 0.00165896 0.00102826
3.025 0.00171629 0.00101315
3.05 0.00177053 0.000996852
3.075 0.00182137 0.000979241
3.1 0.00186848 0.000960165
3.125 0.00191156 0.000939468
3.15 0.00195031 0.000916988
3.175 0.00198444 0.000892557
3.2 0.00201365 0.000866
3.225 0.00203769 0.000837137
3.25 0.00205629 0.000805786
3.275 0.0020692 0.000771761
3.3 0.00207618 0.000734873
3.325 0.00207703 0.000694932
3.35 0.00207152 0.000651752
3.375 0.00205949 0.000605143
3.4 0.00204075 0.000554921
3.425 0.00201516 0.000500905
3.45 0.00198258 0.000442918
3.475 0.00194291 0.000380789
3.5 0.00189604 0.000314356
3.525 0.00184191 0.000243463
3.55 0.00178047 0.000167965
3.575 0.00171168 8.77269e-05
3.6 0.00163554 2.62572e-06
3.625 0.00155207 -8.74488e-05
3.65 0.00146131 -0.000182593
3.675 0.0013633 -0.000282889
3.7 0.00125814 -0.000388402
3.725 0.00114592 -0.000499182
3.75 0.00102678 -0.00061526
3.775 0.000900867 -0.00073665
3.8 0.000768343 -0.000863348
3.825 0.000629402 -0.000995328
3.85 0.000484256 -0.00113255
3.875 0.000333134 -0.00127494
3.9 0.000176289 -0.00142242
3.925 1.39894e-05 -0.00157489
3.95 -0.000153478 -0.00173222
3.975 -0.00032581 -0.00189426
4 -0.000502686 -0.00206084
4.025 -0.00068377 -0.00223178
4.05 -0.000868715 -0.00240686
4.075 -0.00105716 -0.00258587
4.1 -0.00124873 -0.00276855
4.125 -0.00144303 -0.00295464
4.15 -0.00163969 -0.00314385
4.175 -0.00183829 -0.0033359
4.2 -0.00203842 -0.00353045
4.225 -0.00223969 -0.00372718
4.25 -0.00244165 -0.00392574
4.275 -0.0026439 -0.00412579
4.3 -0.00284601 -0.00432694
4.325 -0.00304757 -0.00452882
4.35 -0.00324814 -0.00473103
4.375 -0.00344731 -0.00493319
4.4 -0.00364467 -0.00513489
4.425 -0.00383981 -0.00533573
4.45 -0.00403232 -0.00553529
4.475 -0.00422182 -0.00573316
4.5 -0.0044079 -0.00592894
4.525 -0.00459021 -0.0061222
4.55 -0.00476837 -0.00631255
4.575 -0.00494204 -0.00649958
4.6 -0.00511086 -0.0066829
4.625 -0.00527453 -0.00686211
4.65 -0.00543273 -0.00703683
4.675 -0.00558517 -0.00720671
4.7 -0.00573157 -0.00737137
4.725 -0.00587168 -0.00753047
4.75 -0.00600525 -0.00768369
4.775 -0.00613207 -0.00783071
4.8 -0.00625193 -0.00797122
4.825 -0.00636465 -0.00810496
4.85 -0.00647006 -0.00823165
4.875 -0.00656804 -0.00835106
4.9 -0.00665845 -0.00846296
4.925 -0.00674119 -0.00856714
4.95 -0.00681619 -0.00866344
4.975 -0.00688338 -0.00875169
5 -0.00694274 -0.00883175
5.025 -0.00699423 -0.00890351
5.05 -0.00703786 -0.00896688
5.075 -0.00707365 -0.00902179
5.1 -0.00710165 -0.00906819
5.125 -0.0071219 -0.00910607
5.15 -0.0071345 -0.00913542
5.175 -0.00713952 -0.00915626
5.2 -0.00713709 -0.00916864
5.225 -0.00712734 -0.00917262
5.25 -0.00711041 -0.00916828
5.275 -0.00708645 -0.00915574
5.3 -0.00705564 -0.00913512
5.325 -0.00701817 -0.00910655
5.35 -0.00697423 -0.00907021
5.375 -0.00692404 -0.00902626
5.4 -0.00686782 -0.00897491
5.425 -0.00680579 -0.00891637
5.45 -0.0067382 -0.00885085
5.475 -0.00666529 -0.00877859
5.5 -0.00658731 -0.00869984
5.525 -0.00650453 -0.00861486
5.55 -0.00641721 -0.00852392
5.575 -0.00632561 -0.00842729
5.6 -0.00623 -0.00832526
5.625 -0.00613067 -0.00821811
5.65 -0.00602788 -0.00810616
5.675 -0.0059219 -0.00798968
5.7 -0.00581302 -0.00786899
5.725 -0.00570149 -0.00774439
5.75 -0.0055876 -0.00761619
5.775 -0.00547161 -0.00748469
5.8 -0.00535378 -0.00735019
5.825 -0.00523436 -0.00721299
5.85 -0.00511363 -0.0070734
5.875 -0.00499181 -0.00693171
5.9 -0.00486917 -0.00678821
5.925 -0.00474592 -0.00664319
5.95 -0.0046223 -0.00649692
5.975 -0.00449853 -0.00634967
6 -0.00437482 -0.00620171
6.025 -0.00425137 -0.0060533
6.05 -0.0041284 -0.00590468
6.075 -0.00400607 -0.00575609
6.1 -0.00388456 -0.00560777
6.125 -0.00376406 -0.00545993
6.15 -0.00364471 -0.00531278
6.175 -0.00352666 -0.00516653
6.2 -0.00341006 -0.00502136
6.225 -0.00329504 -0.00487745
6.25 -0.00318172 -0.00473497
6.275 -0.00307021 -0.00459409
6.3 -0.00296061 -0.00445494
6.325 -0.00285302 -0.00431766
6.35 -0.00274753 -0.00418239
6.375 -0.0026442 -0.00404923
6.4 -0.0025431 -0.0039183
6.425 -0.0024443 -0.00378969
6.45 -0.00234784 -0.00366348
6.475 -0.00225376 -0.00353975
6.5 -0.00216211 -0.00341857
6.525 -0.00207291 -0.0033
6.55 -0.00198617 -0.00318408
6.575 -0.00190191 -0.00307087
6.6 -0.00182014 -0.00296038
6.625 -0.00174086 -0.00285264
6.65 -0.00166406 -0.00274768
6.675 -0.00158974 -0.00264551
6.7 -0.00151787 -0.00254612
6.725 -0.00144844 -0.00244952
6.75 -0.00138143 -0.00235569
6.775 -0.0013168 -0.00226463
6.8 -0.00125452 -0.00217631
6.825 -0.00119455 -0.00209071
6.85 -0.00113686 -0.00200781
6.875 -0.0010814 -0.00192757
6.9 -0.00102813 -0.00184995
6.925 -0.000977003 -0.00177491
6.95 -0.000927968 -0.00170242
6.975 -0.000880975 -0.00163242
7 -0.000835972 -0.00156487
7.025 -0.000792906 -0.00149972
7.05 -0.000751722 -0.00143692
7.075 -0.000712366 -0.00137642
7.1 -0.000674782 -0.00131815
7.125 -0.000638914 -0.00126207
7.15 -0.000604706 -0.00120811
7.175 -0.000572103 -0.00115622
7.2 -0.000541049 -0.00110634
7.225 -0.000511489 -0.00105842
7.25 -0.000483367 -0.0010124
7.275 -0.00045663 -0.000968208
7.3 -0.000431224 -0.0009258
7.325 -0.000407096 -0.000885115
7.35 -0.000384195 -0.000846096
7.375 -0.00036247 -0.000808686
7.4 -0.000341871 -0.000772832
7.425 -0.00032235 -0.000738478
7.45 -0.000303861 -0.00070557
7.475 -0.000286355 -0.000674056
7.5 -0.00026979 -0.000643885
7.525 -0.000254122 -0.000615006
7.55 -0.000239308 -0.00058737
7.575 -0.000225309 -0.00056093
7.6 -0.000212084 -0.000535637
7.625 -0.000199595 -0.000511448
7.65 -0.000187807 -0.000488318
7.675 -0.000176684 -0.000466203
7.7 -0.000166193 -0.000445063
7.725 -0.000156299 -0.000424858
7.75 -0.000146974 -0.000405548
7.775 -0.000138186 -0.000387096
7.8 -0.000129907 -0.000369466
7.825 -0.00012211 -0.000352622
7.85 -0.000114769 -0.000336532
7.875 -0.000107858 -0.000321162
7.9 -0.000101355 -0.000306482
7.925 -9.52355e-05 -0.000292461
7.95 -8.94791e-05 -0.00027907
7.975 -8.40651e-05 -0.000266283
8 -7.89741e-05 -0.000254071
8.025 -7.41874e-05 -0.000242411
8.05 -6.96877e-05 -0.000231276
8.075 -6.54583e-05 -0.000220645
8.1 -6.14835e-05 -0.000210494
8.125 -5.77484e-05 -0.000200802
8.15 -5.42389e-05 -0.000191548
8.175 -5.09417e-05 -0.000182714
8.2 -4.78442e-05 -0.000174279
8.225 -4.49344e-05 -0.000166226
8.25 -4.22013e-05 -0.000158538
8.275 -3.96342e-05 -0.000151199
8.3 -3.72231e-05 -0.000144193
8.325 -3.49587e-05 -0.000137504
8.35 -3.28321e-05 -0.000131119
8.375 -3.08348e-05 -0.000125024
8.4 -2.89592e-05 -0.000119206
8.425 -2.71978e-05 -0.000113652
8.45 -2.55437e-05 -0.000108351
8.475 -2.39903e-05 -0.000103292
8.5 -2.25314e-05 -9.84629e-05
8.525 -2.11614e-05 -9.38542e-05
8.55 -1.98748e-05 -8.94559e-05
8.575 -1.86666e-05 -8.52586e-05
8.6 -1.75318e-05 -8.12533e-05
8.625 -1.64661e-05 -7.74316e-05
8.65 -1.54652e-05 -7.37852e-05
8.675 -1.45252e-05 -7.03063e-05
8.7 -1.36424e-05 -6.69876e-05
8.725 -1.28132e-05 -6.38218e-05
8.75 -1.20344e-05 -6.08022e-05
8.775 -1.13029e-05 -5.79223e-05
8.8 -1.06158e-05 -5.51759e-05
8.825 -9.97053e-06 -5.25571e-05
8.85 -9.36442e-06 -5.00602e-05
8.875 -8.79512e-06 -4.76798e-05
8.9 -8.26039e-06 -4.54107e-05
8.925 -7.75814e-06 -4.3248e-05
8.95 -7.28639e-06 -4.11869e-05
8.975 -6.8433e-06 -3.9223e-05
9 -6.42713e-06 -3.73518e-05
9.025 -6.03624e-06 -3.55692e-05
9.05 -5.66912e-06 -3.38714e-05
9.075 -5.32431e-06 -3.22543e-05
9.1 -5.00048e-06 -3.07145e-05
9.125 -4.69635e-06 -2.92484e-05
9.15 -4.41073e-06 -2.78528e-05
9.175 -4.1425e-06 -2.65244e-05
9.2 -3.89061e-06 -2.52601e-05
9.225 -3.65408e-06 -2.4057e-05
9.25 -3.43197e-06 -2.29124e-05
9.275 -3.22342e-06 -2.18235e-05
9.3 -3.0276e-06 -2.07878e-05
9.325 -2.84375e-06 -1.98028e-05
9.35 -2.67113e-06 -1.88661e-05
9.375 -2.50908e-06 -1.79755e-05
9.4 -2.35695e-06 -1.71288e-05
9.425 -2.21414e-06 -1.63239e-05
9.45 -2.08008e-06 -1.55588e-05
9.475 -1.95424e-06 -1.48317e-05
9.5 -1.83613e-06 -1.41408e-05
9.525 -1.72527e-06 -1.34842e-05
9.55 -1.62123e-06 -1.28603e-05
9.575 -1.52358e-06 -1.22675e-05
9.6 -1.43194e-06 -1.17043e-05
9.625 -1.34595e-06 -1.11692e-05
9.65 -1.26524e-06 -1.06608e-05
9.675 -1.18951e-06 -1.01779e-05
9.7 -1.11845e-06 -9.71899e-06
9.725 -1.05176e-06 -9.28302e-06
9.75 -9.89189e-07 -8.86878e-06
9.775 -9.30474e-07 -8.47516e-06
9.8 -8.75378e-07 -8.10109e-06
9.825 -8.23678e-07 -7.74557e-06
9.85 -7.75164e-07 -7.40763e-06
9.875 -7.29638e-07 -7.08635e-06
9.9 -6.86914e-07 -6.78086e-06
9.925 -6.46818e-07 -6.49033e-06
9.95 -6.09186e-07 -6.21396e-06
9.975 -5.73863e-07 -5.951e-06
10 -5.40706e-07 -5.70073e-06
10.025 -5.09578e-07 -5.46248e-06
10.05 -4.80351e-07 -5.23559e-06
10.075 -4.52906e-07 -5.01946e-06
10.1 -4.27129e-07 -4.8135e-06
10.125 -4.02916e-07 -4.61716e-06
10.15 -3.80166e-07 -4.42992e-06
10.175 -3.58788e-07 -4.25129e-06
10.2 -3.38693e-07 -4.0808e-06
10.225 -3.198e-07 -3.918e-06
10.25 -3.02032e-07 -3.76249e-06
10.275 -2.85317e-07 -3.61386e-06
10.3 -2.69588e-07 -3.47175e-06
10.325 -2.54781e-07 -3.33581e-06
10.35 -2.40838e-07 -3.2057e-06
10.375 -2.27703e-07 -3.08111e-06
10.4 -2.15325e-07 -2.96176e-06
10.425 -2.03655e-07 -2.84737e-06
10.45 -1.92648e-07 -2.73767e-06
10.475 -1.82262e-07 -2.63243e-06
10.5 -1.72458e-07 -2.53141e-06
10.525 -1.63198e-07 -2.43441e-06
10.55 -1.54449e-07 -2.34122e-06
10.575 -1.46179e-07 -2.25165e-06
10.6 -1.38357e-07 -2.16553e-06
10.625 -1.30957e-07 -2.08269e-06
10.65 -1.23952e-07 -2.00297e-06
10.675 -1.17319e-07 -1.92623e-06
10.7 -1.11035e-07 -1.85233e-06
10.725 -1.0508e-07 -1.78114e-06
10.75 -9.94341e-08 -1.71255e-06
10.775 -9.40797e-08 -1.64644e-06
10.8 -8.90002e-08 -1.58271e-06
10.825 -8.41801e-08 -1.52125e-06
10.85 -7.96051e-08 -1.46197e-06
10.875 -7.52618e-08 -1.4048e-06
10.9 -7.1138e-08 -1.34963e-06
10.925 -6.7222e-08 -1.29641e-06
10.95 -6.35031e-08 -1.24505e-06
10.975 -5.99713e-08 -1.19548e-06
11 -5.66173e-08 -1.14765e-06
11.025 -5.34323e-08 -1.10149e-06
11.05 -5.0408e-08 -1.05694e-06
11.075 -4.7537e-08 -1.01395e-06
11.1 -4.48119e-08 -9.72464e-07
11.125 -4.2226e-08 -9.32438e-07
11.15 -3.97728e-08 -8.93821e-07
11.175 -3.74464e-08 -8.56571e-07
11.2 -3.52409e-08 -8.20643e-07
11.225 -3.3151e-08 -7.85997e-07
11.25 -3.11715e-08 -7.52593e-07
11.275 -2.92973e-08 -7.20394e-07
11.3 -2.75238e-08 -6.89363e-07
11.325 -2.58464e-08 -6.59466e-07
11.35 -2.42607e-08 -6.30668e-07
11.375 -2.27626e-08 -6.02937e-07
11.4 -2.13481e-08 -5.76241e-07
11.425 -2.00132e-08 -5.50549e-07
11.45 -1.87541e-08 -5.25831e-07
11.475 -1.75672e-08 -5.02058e-07
11.5 -1.64491e-08 -4.79203e-07
11.525 -1.53963e-08 -4.57236e-07
11.55 -1.44055e-08 -4.36131e-07
11.575 -1.34736e-08 -4.15862e-07
11.6 -1.25974e-08 -3.96403e-07
11.625 -1.1774e-08 -3.77729e-07
11.65 -1.10006e-08 -3.59814e-07
11.675 -1.02744e-08 -3.42635e-07
11.7 -9.5928e-09 -3.26169e-07
11.725 -8.95315e-09 -3.10391e-07
11.75 -8.35305e-09 -2.95279e-07
11.775 -7.79017e-09 -2.80812e-07
11.8 -7.26226e-09 -2.66966e-07
11.825 -6.76718e-09 -2.53722e-07
11.85 -6.30291e-09 -2.41057e-07
11.875 -5.86751e-09 -2.28952e-07
11.9 -5.45916e-09 -2.17386e-07
11.925 -5.07611e-09 -2.06341e-07
11.95 -4.71674e-09 -1.95797e-07
11.975 -4.37952e-09 -1.85735e-07
12 -4.06299e-09 -1.76138e-07
12.025 -3.76581e-09 -1.66988e-07
12.05 -3.48672e-09 -1.58267e-07
12.075 -3.22453e-09 -1.49959e-07
12.1 -2.97817e-09 -1.42047e-07
12.125 -2.74661e-09 -1.34517e-07
12.15 -2.52892e-09 -1.27352e-07
12.175 -2.32423e-09 -1.20537e-07
12.2 -2.13175e-09 -1.1406e-07
12.225 -1.95074e-09 -1.07904e-07
12.25 -1.78052e-09 -1.02058e-07
12.275 -1.62048e-09 -9.6508e-08
12.3 -1.47005e-09 -9.12416e-08
12.325 -1.3287e-09 -8.62468e-08
12.35 -1.19597e-09 -8.15121e-08
12.375 -1.0714e-09 -7.70262e-08
12.4 -9.54604e-10 -7.27785e-08
12.425 -8.45197e-10 -6.87587e-08
12.45 -7.42836e-10 -6.49567e-08
12.475 -6.472e-10 -6.13633e-08
12.5 -5.5799e-10 -5.79691e-08
12.525 -4.74922e-10 -5.47655e-08
12.55 -3.97731e-10 -5.1744e-08
12.575 -3.26162e-10 -4.88965e-08
12.6 -2.59971e-10 -4.62154e-08
12.625 -1.98926e-10 -4.36932e-08
12.65 -1.42797e-10 -4.13226e-08
12.675 -9.13628e-11 -3.90969e-08
12.7 -4.44052e-11 -3.70092e-08
12.725 -1.70914e-12 -3.50534e-08
12.75 3.69381e-11 -3.3223e-08
12.775 7.17477e-11 -3.15122e-08
12.8 1.0293e-10 -2.99151e-08
12.825 1.30693e-10 -2.84261e-08
12.85 1.55246e-10 -2.70396e-08
12.875 1.76796e-10 -2.57503e-08
12.9 1.9555e-10 -2.45529e-08
12.925 2.11713e-10 -2.34423e-08
12.95 2.25489e-10 -2.24134e-08
12.975 2.3708e-10 -2.14613e-08
13 2.46685e-10 -2.0581e-08
13.025 2.54502e-10 -1.97678e-08
13.05 2.60724e-10 -1.90168e-08
13.075 2.65539e-10 -1.83233e-08
13.1 2.69133e-10 -1.76826e-08
13.125 2.71687e-10 -1.709e-08
13.15 2.73373e-10 -1.6541e-08
13.175 2.74362e-10 -1.6031e-08
13.2 2.74816e-10 -1.55555e-08
13.225 2.7489e-10 -1.51098e-08
13.25 2.74733e-10 -1.46897e-08
13.275 2.74487e-10 -1.42906e-08
13.3 2.74286e-10 -1.39083e-08
13.325 2.74257e-10 -1.35384e-08
13.35 2.74519e-10 -1.31767e-08
13.375 2.75185e-10 -1.2819e-08
13.4 2.76359e-10 -1.24612e-08
13.425 2.78136e-10 -1.20994e-08
13.45 2.80608e-10 -1.17297e-08
13.475 2.83857e-10 -1.13483e-08
13.5 2.87959e-10 -1.09516e-08
13.525 2.92983e-10 -1.05361e-08
13.55 2.98993e-10 -1.00984e-08
13.575 3.06045e-10 -9.63526e-09
13.6 3.14193e-10 -9.14376e-09
13.625 3.23483e-10 -8.62102e-09
13.65 3.33956e-10 -8.0644e-09
13.675 3.4565e-10 -7.47144e-09
13.7 3.58599e-10 -6.83994e-09
13.725 3.72832e-10 -6.16787e-09
13.75 3.88376e-10 -5.45346e-09
13.775 4.05253e-10 -4.69519e-09
13.8 4.23483e-10 -3.89177e-09
13.825 4.43085e-10 -3.04215e-09
13.85 4.64072e-10 -2.14556e-09
13.875 4.86457e-10 -1.20147e-09
13.9 5.10251e-10 -2.09625e-10
13.925 5.35463e-10 8.29978e-10
13.95 5.62098e-10 1.91708e-09
13.975 5.90161e-10 3.05115e-09
14 6.19655e-10 4.23141e-09
14.025 6.5058e-10 5.45683e-09
14.05 6.82934e-10 6.72614e-09
14.075 7.16714e-10 8.03779e-09
14.1 7.51913e-10 9.39005e-09
14.125 7.88522e-10 1.07809e-08
14.15 8.26532e-10 1.22082e-08
14.175 8.65926e-10 1.36695e-08
14.2 9.0669e-10 1.51622e-08
14.225 9.48801e-10 1.66836e-08
14.25 9.92238e-10 1.82306e-08
14.275 1.03697e-09 1.98003e-08
14.3 1.08297e-09 2.13893e-08
14.325 1.13021e-09 2.29943e-08
14.35 1.17863e-09 2.46119e-08
14.375 1.22821e-09 2.62385e-08
14.4 1.27889e-09 2.78704e-08
14.425 1.33062e-09 2.9504e-08
14.45 1.38334e-09 3.11356e-08
14.475 1.43699e-09 3.27614e-08
14.5 1.49151e-09 3.43776e-08
14.525 1.54682e-09 3.59805e-08
14.55 1.60286e-09 3.75663e-08
14.575 1.65953e-09 3.91315e-08
14.6 1.71676e-09 4.06723e-08
14.625 1.77446e-09 4.21852e-08
14.65 1.83252e-09 4.36667e-08
14.675 1.89087e-09 4.51134e-08
14.7 1.94939e-09 4.65222e-08
14.725 2.00798e-09 4.78898e-08
14.75 2.06653e-09 4.92133e-08
14.775 2.12494e-09 5.04898e-08
14.8 2.18309e-09 5.17165e-08
14.825 2.24087e-09 5.28911e-08
14.85 2.29816e-09 5.4011e-08
14.875 2.35485e-09 5.50741e-08
14.9 2.41081e-09 5.60785e-08
14.925 2.46593e-09 5.70222e-08
14.95 2.52008e-09 5.79037e-08
14.975 2.57316e-09 5.87216e-08
15 2.62505e-09 5.94746e-08
15.025 2.67562e-09 6.01617e-08
15.05 2.72477e-09 6.07821e-08
15.075 2.77238e-09 6.13352e-08
15.1 2.81836e-09 6.18205e-08
15.125 2.86259e-09 6.22377e-08
15.15 2.90497e-09 6.2587e-08
15.175 2.94541e-09 6.28683e-08
15.2 2.98381e-09 6.30821e-08
15.225 3.0201e-09 6.32288e-08
15.25 3.05418e-09 6.33092e-08
15.275 3.08598e-09 6.3324e-08
15.3 3.11543e-09 6.32742e-08
15.325 3.14247e-09 6.31611e-08
15.35 3.16704e-09 6.29859e-08
15.375 3.18909e-09 6.27501e-08
15.4 3.20858e-09 6.24551e-08
15.425 3.22546e-09 6.21028e-08
15.45 3.23971e-09 6.16948e-08
15.475 3.2513e-09 6.1233e-08
15.5 3.26022e-09 6.07195e-08
15.525 3.26645e-09 6.01563e-08
15.55 3.27e-09 5.95455e-08
15.575 3.27087e-09 5.88893e-08
15.6 3.26907e-09 5.819e-08
15.625 3.26462e-09 5.74497e-08
15.65 3.25754e-09 5.6671e-08
15.675 3.24787e-09 5.58561e-08
15.7 3.23564e-09 5.50073e-08
15.725 3.2209e-09 5.41272e-08
15.75 3.20368e-09 5.32179e-08
15.775 3.18406e-09 5.22821e-08
15.8 3.16208e-09 5.13219e-08
15.825 3.13782e-09 5.03397e-08
15.85 3.11134e-09 4.93379e-08
15.875 3.08271e-09 4.83188e-08
15.9 3.05202e-09 4.72845e-08
15.925 3.01933e-09 4.62374e-08
15.95 2.98474e-09 4.51795e-08
15.975 2.94834e-09 4.41129e-08
16 2.91021e-09 4.30398e-08
16.025 2.87044e-09 4.1962e-08
16.05 2.82913e-09 4.08816e-08
16.075 2.78638e-09 3.98002e-08
16.1 2.74227e-09 3.87199e-08
16.125 2.6969e-09 3.76421e-08
16.15 2.65038e-09 3.65686e-08
16.175 2.6028e-09 3.5501e-08
16.2 2.55426e-09 3.44406e-08
16.225 2.50486e-09 3.33889e-08
16.25 2.45468e-09 3.23472e-08
16.275 2.40383e-09 3.13168e-08
16.3 2.3524e-09 3.02987e-08
16.325 2.30049e-09 2.92942e-08
16.35 2.24817e-09 2.83041e-08
16.375 2.19555e-09 2.73294e-08
16.4 2.14271e-09 2.63709e-08
16.425 2.08974e-09 2.54295e-08
16.45 2.03671e-09 2.45058e-08
16.475 1.9837e-09 2.36004e-08
16.5 1.93079e-09 2.27139e-08
16.525 1.87806e-09 2.18468e-08
16.55 1.82558e-09 2.09995e-08
16.575 1.77341e-09 2.01723e-08
16.6 1.72162e-09 1.93656e-08
16.625 1.67026e-09 1.85795e-08
16.65 1.6194e-09 1.78144e-08
16.675 1.5691e-09 1.70702e-08
16.7 1.51939e-09 1.63471e-08
16.725 1.47034e-09 1.5645e-08
16.75 1.42198e-09 1.4964e-08
16.775 1.37436e-09 1.4304e-08
16.8 1.32751e-09 1.36649e-08
16.825 1.28147e-09 1.30466e-08
16.85 1.23627e-09 1.24488e-08
16.875 1.19194e-09 1.18714e-08
16.9 1.14851e-09 1.1314e-08
16.925 1.106e-09 1.07765e-08
16.95 1.06442e-09 1.02585e-08
16.975 1.02379e-09 9.75975e-09
17 9.84136e-10 9.27983e-09
17.025 9.45459e-10 8.81842e-09
17.05 9.0777e-10 8.37512e-09
17.075 8.71077e-10 7.94954e-09
17.1 8.35382e-10 7.54128e-09
17.125 8.00688e-10 7.14991e-09
17.15 7.66996e-10 6.77501e-09
17.175 7.34301e-10 6.41613e-09
17.2 7.02602e-10 6.07285e-09
17.225 6.71891e-10 5.7447e-09
17.25 6.42162e-10 5.43124e-09
17.275 6.13405e-10 5.13203e-09
17.3 5.85609e-10 4.8466e-09
17.325 5.58764e-10 4.57451e-09
17.35 5.32856e-10 4.31531e-09
17.375 5.0787e-10 4.06855e-09
17.4 4.83791e-10 3.83379e-09
17.425 4.60604e-10 3.6106e-09
17.45 4.38291e-10 3.39855e-09
17.475 4.16834e-10 3.19721e-09
17.5 3.96216e-10 3.00615e-09
17.525 3.76416e-10 2.82499e-09
17.55 3.57416e-10 2.6533e-09
17.575 3.39196e-10 2.4907e-09
17.6 3.21736e-10 2.33681e-09
17.625 3.05014e-10 2.19125e-09
17.65 2.89011e-10 2.05365e-09
17.675 2.73705e-10 1.92366e-09
17.7 2.59076e-10 1.80094e-09
17.725 2.45102e-10 1.68514e-09
17.75 2.31764e-10 1.57596e-09
17.775 2.19039e-10 1.47306e-09
17.8 2.06908e-10 1.37615e-09
17.825 1.9535e-10 1.28493e-09
17.85 1.84345e-10 1.19913e-09
17.875 1.73872e-10 1.11846e-09
17.9 1.63913e-10 1.04267e-09
17.925 1.54447e-10 9.71502e-10
17.95 1.45455e-10 9.04714e-10
17.975 1.3692e-10 8.42074e-10
18 1.28822e-10 7.83359e-10
18.025 1.21143e-10 7.28354e-10
18.05 1.13867e-10 6.76856e-10
18.075 1.06976e-10 6.28669e-10
18.1 1.00453e-10 5.83605e-10
18.125 9.42826e-11 5.41488e-10
18.15 8.84486e-11 5.02146e-10
18.175 8.29359e-11 4.65418e-10
18.2 7.77298e-11 4.31151e-10
18.225 7.28158e-11 3.99196e-10
18.25 6.81803e-11 3.69416e-10
18.275 6.38098e-11 3.41678e-10
18.3 5.96914e-11 3.15857e-10
18.325 5.58126e-11 2.91833e-10
18.35 5.21616e-11 2.69495e-10
18.375 4.87268e-11 2.48735e-10
18.4 4.54971e-11 2.29454e-10
18.425 4.24619e-11 2.11556e-10
18.45 3.9611e-11 1.9495e-10
18.475 3.69345e-11 1.79553e-10
18.5 3.44232e-11 1.65284e-10
18.525 3.2068e-11 1.52069e-10
18.55 2.98605e-11 1.39835e-10
18.575 2.77923e-11 1.28518e-10
18.6 2.58558e-11 1.18053e-10
18.625 2.40434e-11 1.08382e-10
18.65 2.2348e-11 9.945e-11
18.675 2.07629e-11 9.1205e-11
18.7 1.92817e-11 8.35983e-11
18.725 1.78982e-11 7.65846e-11
18.75 1.66066e-11 7.01212e-11
18.775 1.54015e-11 6.41683e-11
18.8 1.42776e-11 5.86886e-11
18.825 1.32299e-11 5.36473e-11
18.85 1.22537e-11 4.9012e-11
18.875 1.13446e-11 4.47524e-11
18.9 1.04984e-11 4.08403e-11
18.925 9.71118e-12 3.72493e-11
18.95 8.97908e-12 3.3955e-11
18.975 8.29861e-12 3.09345e-11
19 7.66643e-12 2.81667e-11
19.025 7.07939e-12 2.56318e-11
19.05 6.53451e-12 2.33117e-11
19.075 6.02902e-12 2.11893e-11
19.1 5.56027e-12 1.92489e-11
19.125 5.12581e-12 1.74759e-11
19.15 4.72331e-12 1.58569e-11
19.175 4.35058e-12 1.43792e-11
19.2 4.0056e-12 1.30314e-11
19.225 3.68643e-12 1.18028e-11
19.25 3.39128e-12 1.06835e-11
19.275 3.11847e-12 9.66439e-12
19.3 2.86642e-12 8.73702e-12
19.325 2.63366e-12 7.89366e-12
19.35 2.4188e-12 7.12717e-12
19.375 2.22056e-12 6.43097e-12
19.4 2.03773e-12 5.79899e-12
19.425 1.8692e-12 5.22568e-12
19.45 1.7139e-12 4.70589e-12
19.475 1.57087e-12 4.23495e-12
19.5 1.43919e-12 3.80851e-12
19.525 1.31802e-12 3.42264e-12
19.55 1.20656e-12 3.07368e-12
19.575 1.10409e-12 2.75833e-12
19.6 1.00991e-12 2.47352e-12
19.625 9.23399e-13 2.21647e-12
19.65 8.43961e-13 1.98463e-12
19.675 7.7105e-13 1.77568e-12
19.7 7.04159e-13 1.58747e-12
19.725 6.42816e-13 1.41808e-12
19.75 5.86585e-13 1.26572e-12
19.775 5.35063e-13 1.12879e-12
19.8 4.87874e-13 1.0058e-12
19.825 4.44672e-13 8.95431e-13
19.85 4.05138e-13 7.96451e-13
19.875 3.68974e-13 7.07756e-13
19.9 3.35908e-13 6.28339e-13
19.925 3.05686e-13 5.57285e-13
19.95 2.78076e-13 4.93766e-13
19.975 2.52862e-13 4.37029e-13
20 2.29845e-13 3.86394e-13
