0 0.1375 0.14678 -0.0429554 0.0519124
0.025 0.1375 0.14678 -0.0429554 0.0519124
0.05 0.137502 0.146783 -0.04292 0.0519313
0.075 0.137506 0.146787 -0.0428612 0.0519627
0.1 0.137512 0.146792 -0.0427792 0.0520066
0.125 0.13752 0.1468 -0.042674 0.0520629
0.15 0.137529 0.146809 -0.042546 0.0521315
0.175 0.13754 0.14682 -0.0423956 0.0522122
0.2 0.137552 0.146833 -0.0422231 0.0523048
0.225 0.137567 0.146847 -0.0420289 0.0524091
0.25 0.137583 0.146864 -0.0418137 0.052525
0.275 0.137602 0.146882 -0.0415779 0.0526521
0.3 0.137622 0.146902 -0.0413222 0.0527901
0.325 0.137645 0.146925 -0.0410472 0.0529388
0.35 0.13767 0.146949 -0.0407537 0.0530979
0.375 0.137697 0.146976 -0.0404424 0.0532669
0.4 0.137727 0.147005 -0.0401141 0.0534456
0.425 0.137759 0.147037 -0.0397697 0.0536335
0.45 0.137794 0.14707 -0.03941 0.0538302
0.475 0.137831 0.147107 -0.039036 0.0540353
0.5 0.137871 0.147145 -0.0386486 0.0542483
0.525 0.137914 0.147186 -0.0382489 0.0544687
0.55 0.137959 0.14723 -0.0378377 0.0546962
0.575 0.138008 0.147276 -0.0374162 0.0549301
0.6 0.138059 0.147325 -0.0369854 0.05517
0.625 0.138113 0.147377 -0.0365464 0.0554153
0.65 0.13817 0.147431 -0.0361003 0.0556655
0.675 0.138231 0.147488 -0.0356481 0.05592
0.7 0.138294 0.147548 -0.035191 0.0561783
0.725 0.13836 0.14761 -0.0347301 0.0564399
0.75 0.138429 0.147675 -0.0342665 0.0567041
0.775 0.138501 0.147742 -0.0338012 0.0569703
0.8 0.138576 0.147812 -0.0333355 0.0572381
0.825 0.138653 0.147884 -0.0328703 0.0575067
0.85 0.138734 0.147958 -0.0324068 0.0577757
0.875 0.138816 0.148035 -0.031946 0.0580444
0.9 0.138902 0.148114 -0.031489 0.0583123
0.925 0.138989 0.148194 -0.0310367 0.0585787
0.95 0.139079 0.148277 -0.0305903 0.0588432
0.975 0.139171 0.148361 -0.0301506 0.0591051
1 0.139265 0.148446 -0.0297186 0.0593639
1.025 0.13936 0.148533 -0.0292952 0.059619
1.05 0.139457 0.148621 -0.0288813 0.05987
1.075 0.139555 0.14871 -0.0284777 0.0601162
1.1 0.139654 0.1488 -0.0280851 0.0603572
1.125 0.139754 0.14889 -0.0277045 0.0605925
1.15 0.139854 0.14898 -0.0273364 0.0608216
1.175 0.139954 0.14907 -0.0269816 0.0610441
1.2 0.140054 0.14916 -0.0266405 0.0612595
1.225 0.140154 0.149249 -0.0263139 0.0614674
1.25 0.140253 0.149337 -0.0260023 0.0616674
1.275 0.140351 0.149424 -0.025706 0.0618592
1.3 0.140448 0.14951 -0.0254255 0.0620424
1.325 0.140543 0.149595 -0.0251612 0.0622167
1.35 0.140636 0.149677 -0.0249134 0.0623817
1.375 0.140727 0.149757 -0.0246823 0.0625373
1.4 0.140816 0.149834 -0.0244681 0.0626832
1.425 0.140901 0.149909 -0.024271 0.0628192
1.45 0.140983 0.149981 -0.024091 0.0629451
1.475 0.141062 0.15005 -0.0239282 0.0630608
1.5 0.141137 0.150115 -0.0237826 0.0631662
1.525 0.141208 0.150176 -0.0236541 0.0632611
1.55 0.141275 0.150234 -0.0235426 0.0633456
1.575 0.141337 0.150287 -0.0234479 0.0634196
1.6 0.141394 0.150336 -0.0233697 0.0634831
1.625 0.141446 0.15038 -0.0233078 0.0635362
1.65 0.141493 0.15042 -0.023262 0.063579
1.675 0.141534 0.150455 -0.0232317 0.0636116
1.7 0.14157 0.150485 -0.0232166 0.0636341
1.725 0.1416 0.15051 -0.0232163 0.0636468
1.75 0.141624 0.15053 -0.0232301 0.0636497
1.775 0.141642 0.150544 -0.0232577 0.0636432
1.8 0.141654 0.150554 -0.0232984 0.0636276
1.825 0.14166 0.150558 -0.0233516 0.0636031
1.85 0.14166 0.150557 -0.0234167 0.0635701
1.875 0.141654 0.150551 -0.023493 0.0635289
1.9 0.141641 0.15054 -0.0235797 0.06348
1.925 0.141623 0.150524 -0.0236763 0.0634236
1.95 0.141599 0.150503 -0.0237818 0.0633604
1.975 0.141569 0.150477 -0.0238957 0.0632907
2 0.141534 0.150447 -0.024017 0.0632149
2.025 0.141493 0.150412 -0.024145 0.0631337
2.05 0.141447 0.150374 -0.0242788 0.0630476
2.075 0.141396 0.150332 -0.0244177 0.062957
2.1 0.14134 0.150286 -0.0245609 0.0628625
2.125 0.141281 0.150237 -0.0247074 0.0627648
2.15 0.141217 0.150185 -0.0248566 0.0626643
2.175 0.141149 0.150131 -0.0250075 0.0625616
2.2 0.141079 0.150074 -0.0251593 0.0624575
2.225 0.141006 0.150016 -0.0253113 0.0623524
2.25 0.14093 0.149957 -0.0254626 0.062247
2.275 0.140853 0.149896 -0.0256124 0.0621418
2.3 0.140775 0.149835 -0.0257601 0.0620376
2.325 0.140695 0.149775 -0.0259047 0.0619349
2.35 0.140616 0.149714 -0.0260457 0.0618344
2.375 0.140536 0.149655 -0.0261822 0.0617365
2.4 0.140458 0.149598 -0.0263137 0.061642
2.425 0.140381 0.149542 -0.0264394 0.0615514
2.45 0.140307 0.149489 -0.0265587 0.0614652
2.475 0.140235 0.149439 -0.0266711 0.0613841
2.5 0.140166 0.149393 -0.0267759 0.0613086
2.525 0.140101 0.149351 -0.0268727 0.0612392
2.55 0.140041 0.149314 -0.0269609 0.0611765
2.575 0.139986 0.149282 -0.0270402 0.0611208
2.6 0.139937 0.149255 -0.02711 0.0610727
2.625 0.139894 0.149235 -0.02717 0.0610326
2.65 0.139858 0.149222 -0.0272198 0.061001
2.675 0.13983 0.149216 -0.0272593 0.0609782
2.7 0.13981 0.149217 -0.027288 0.0609646
2.725 0.139799 0.149227 -0.0273058 0.0609604
2.75 0.139797 0.149245 -0.0273126 0.0609661
2.775 0.139805 0.149272 -0.0273081 0.0609818
2.8 0.139824 0.149308 -0.0272923 0.0610079
2.825 0.139853 0.149354 -0.0272652 0.0610444
2.85 0.139893 0.14941 -0.0272268 0.0610916
2.875 0.139945 0.149476 -0.027177 0.0611495
2.9 0.140009 0.149553 -0.027116 0.0612184
2.925 0.140085 0.14964 -0.0270439 0.0612981
2.95 0.140174 0.149738 -0.0269608 0.0613887
2.975 0.140276 0.149847 -0.0268669 0.0614902
3 0.14039 0.149967 -0.0267624 0.0616025
3.025 0.140518 0.150099 -0.0266477 0.0617255
3.05 0.140659 0.150241 -0.026523 0.0618591
3.075 0.140814 0.150395 -0.0263886 0.062003
3.1 0.140981 0.150559 -0.0262449 0.062157
3.125 0.141162 0.150734 -0.0260923 0.0623209
3.15 0.141357 0.15092 -0.0259311 0.0624944
3.175 0.141564 0.151116 -0.0257619 0.062677
3.2 0.141783 0.151322 -0.0255851 0.0628685
3.225 0.142016 0.151538 -0.0254011 0.0630684
3.25 0.14226 0.151763 -0.0252105 0.0632762
3.275 0.142516 0.151997 -0.0250138 0.0634914
3.3 0.142783 0.152239 -0.0248114 0.0637136
3.325 0.14306 0.152488 -0.0246041 0.0639421
3.35 0.143348 0.152745 -0.0243922 0.0641764
3.375 0.143644 0.153008 -0.0241764 0.0644159
3.4 0.14395 0.153277 -0.0239572 0.0646598
3.425 0.144263 0.15355 -0.0237352 0.0649074
3.45 0.144583 0.153827 -0.023511 0.0651582
3.475 0.144909 0.154108 -0.0232851 0.0654113
3.5 0.145239 0.15439 -0.0230581 0.065666
3.525 0.145574 0.154674 -0.0228306 0.0659215
3.55 0.145912 0.154957 -0.0226031 0.066177
3.575 0.146251 0.15524 -0.0223761 0.0664317
3.6 0.14659 0.15552 -0.0221502 0.0666847
3.625 0.146929 0.155796 -0.021926 0.0669352
3.65 0.147266 0.156068 -0.0217038 0.0671823
3.675 0.1476 0.156335 -0.0214842 0.0674251
3.7 0.147928 0.156593 -0.0212678 0.0676628
3.725 0.14825 0.156844 -0.0210548 0.0678945
3.75 0.148565 0.157084 -0.0208458 0.0681192
3.775 0.14887 0.157313 -0.0206411 0.0683361
3.8 0.149165 0.15753 -0.0204412 0.0685443
3.825 0.149448 0.157732 -0.0202464 0.0687428
3.85 0.149716 0.157919 -0.020057 0.0689308
3.875 0.14997 0.158088 -0.0198733 0.0691075
3.9 0.150206 0.158239 -0.0196957 0.0692718
3.925 0.150424 0.15837 -0.0195244 0.069423
3.95 0.150621 0.15848 -0.0193595 0.0695603
3.975 0.150797 0.158567 -0.0192014 0.0696827
4 0.150949 0.158629 -0.0190501 0.0697894
4.025 0.151077 0.158665 -0.0189058 0.0698798
4.05 0.151178 0.158674 -0.0187686 0.0699529
4.075 0.151251 0.158655 -0.0186386 0.070008
4.1 0.151294 0.158605 -0.0185159 0.0700445
4.125 0.151307 0.158523 -0.0184004 0.0700615
4.15 0.151287 0.158409 -0.0182922 0.0700585
4.175 0.151233 0.158261 -0.0181912 0.0700349
4.2 0.151143 0.158077 -0.0180974 0.0699899
4.225 0.151018 0.157857 -0.0180106 0.069923
4.25 0.150854 0.157598 -0.0179308 0.0698338
4.275 0.150651 0.157301 -0.0178579 0.0697217
4.3 0.150408 0.156964 -0.0177916 0.0695862
4.325 0.150123 0.156586 -0.0177318 0.069427
4.35 0.149797 0.156166 -0.0176782 0.0692437
4.375 0.149426 0.155703 -0.0176307 0.069036
4.4 0.149012 0.155196 -0.0175891 0.0688035
4.425 0.148553 0.154645 -0.0175529 0.068546
4.45 0.148048 0.154049 -0.017522 0.0682634
4.475 0.147496 0.153407 -0.0174961 0.0679556
4.5 0.146898 0.152719 -0.0174748 0.0676223
4.525 0.146253 0.151985 -0.0174578 0.0672636
4.55 0.145559 0.151204 -0.0174448 0.0668795
4.575 0.144818 0.150376 -0.0174354 0.06647
4.6 0.144029 0.1495 -0.0174293 0.0660353
4.625 0.143191 0.148577 -0.0174261 0.0655754
4.65 0.142305 0.147607 -0.0174255 0.0650906
4.675 0.141371 0.146589 -0.0174269 0.0645811
4.7 0.140389 0.145525 -0.0174302 0.0640472
4.725 0.139359 0.144413 -0.0174348 0.0634893
4.75 0.138283 0.143256 -0.0174405 0.0629077
4.775 0.137159 0.142052 -0.0174468 0.0623028
4.8 0.135989 0.140804 -0.0174533 0.0616752
4.825 0.134774 0.139511 -0.0174597 0.0610254
4.85 0.133514 0.138173 -0.0174656 0.0603539
4.875 0.13221 0.136793 -0.0174706 0.0596613
4.9 0.130863 0.135371 -0.0174743 0.0589483
4.925 0.129475 0.133908 -0.0174765 0.0582155
4.95 0.128045 0.132404 -0.0174767 0.0574637
4.975 0.126576 0.130862 -0.0174746 0.0566936
5 0.125068 0.129282 -0.0174699 0.055906
5.025 0.123524 0.127666 -0.0174623 0.0551017
5.05 0.121944 0.126014 -0.0174515 0.0542815
5.075 0.120329 0.12433 -0.0174372 0.0534463
5.1 0.118683 0.122613 -0.0174191 0.0525971
5.125 0.117005 0.120866 -0.0173969 0.0517346
5.15 0.115297 0.11909 -0.0173704 0.0508599
5.175 0.113562 0.117287 -0.0173394 0.0499738
5.2 0.111802 0.115459 -0.0173037 0.0490775
5.225 0.110017 0.113606 -0.017263 0.0481717
5.25 0.108209 0.111732 -0.0172171 0.0472576
5.275 0.106381 0.109838 -0.017166 0.046336
5.3 0.104534 0.107926 -0.0171095 0.0454081
5.325 0.102671 0.105997 -0.0170474 0.0444747
5.35 0.100792 0.104054 -0.0169796 0.043537
5.375 0.0989011 0.102098 -0.016906 0.0425958
5.4 0.0969986 0.100131 -0.0168266 0.0416522
5.425 0.095087 0.0981557 -0.0167412 0.0407072
5.45 0.093168 0.0961734 -0.0166499 0.0397618
5.475 0.0912437 0.0941862 -0.0165526 0.0388168
5.5 0.089316 0.0921958 -0.0164493 0.0378733
5.525 0.0873866 0.0902043 -0.01634 0.0369321
5.55 0.0854574 0.0882133 -0.0162247 0.0359943
5.575 0.0835303 0.0862248 -0.0161035 0.0350606
5.6 0.081607 0.0842405 -0.0159764 0.0341321
5.625 0.0796893 0.0822623 -0.0158435 0.0332094
5.65 0.0777789 0.0802918 -0.0157049 0.0322935
5.675 0.0758775 0.0783308 -0.0155606 0.0313851
5.7 0.0739867 0.0763808 -0.0154108 0.030485
5.725 0.0721082 0.0744435 -0.0152557 0.0295939
5.75 0.0702433 0.0725205 -0.0150952 0.0287126
5.775 0.0683937 0.0706132 -0.0149297 0.0278418
5.8 0.0665607 0.0687231 -0.0147592 0.026982
5.825 0.0647458 0.0668516 -0.0145839 0.0261339
5.85 0.0629502 0.065 -0.014404 0.025298
5.875 0.0611751 0.0631696 -0.0142197 0.024475
5.9 0.0594218 0.0613616 -0.0140312 0.0236652
5.925 0.0576914 0.0595771 -0.0138386 0.0228692
5.95 0.0559849 0.0578172 -0.0136423 0.0220875
5.975 0.0543033 0.056083 -0.0134424 0.0213203
6 0.0526476 0.0543753 -0.0132391 0.0205681
6.025 0.0510186 0.0526951 -0.0130327 0.0198312
6.05 0.0494171 0.0510431 -0.0128233 0.0191099
6.075 0.0478438 0.0494201 -0.0126114 0.0184044
6.1 0.0462994 0.0478269 -0.0123969 0.017715
6.125 0.0447844 0.0462639 -0.0121803 0.0170418
6.15 0.0432995 0.0447318 -0.0119618 0.016385
6.175 0.041845 0.043231 -0.0117415 0.0157447
6.2 0.0404214 0.0417619 -0.0115198 0.0151211
6.225 0.039029 0.0403249 -0.0112969 0.014514
6.25 0.0376681 0.0389203 -0.0110729 0.0139237
6.275 0.0363388 0.0375483 -0.0108483 0.01335
6.3 0.0350414 0.036209 -0.0106231 0.012793
6.325 0.033776 0.0349027 -0.0103976 0.0122525
6.35 0.0325425 0.0336292 -0.0101722 0.0117285
6.375 0.0313411 0.0323887 -0.00994684 0.0112209
6.4 0.0301715 0.0311811 -0.00972193 0.0107296
6.425 0.0290338 0.0300062 -0.00949764 0.0102543
6.45 0.0279278 0.028864 -0.00927418 0.0097949
6.475 0.0268533 0.0277542 -0.00905175 0.00935122
6.5 0.02581 0.0266766 -0.00883055 0.00892302
6.525 0.0247976 0.0256309 -0.00861078 0.00851007
6.55 0.023816 0.0246168 -0.00839261 0.00811211
6.575 0.0228646 0.023634 -0.00817623 0.00772888
6.6 0.0219432 0.022682 -0.0079618 0.00736011
6.625 0.0210513 0.0217605 -0.0077495 0.00700549
6.65 0.0201884 0.0208689 -0.00753947 0.00666472
6.675 0.0193542 0.0200069 -0.00733187 0.00633751
6.7 0.0185481 0.0191739 -0.00712683 0.00602351
6.725 0.0177696 0.0183693 -0.00692449 0.00572242
6.75 0.0170182 0.0175927 -0.00672496 0.00543389
6.775 0.0162934 0.0168435 -0.00652837 0.00515759
6.8 0.0155945 0.0161212 -0.00633482 0.00489318
6.825 0.014921 0.015425 -0.0061444 0.0046403
6.85 0.0142723 0.0147545 -0.00595722 0.00439863
6.875 0.0136479 0.0141089 -0.00577334 0.0041678
6.9 0.013047 0.0134878 -0.00559286 0.00394747
6.925 0.0124692 0.0128904 -0.00541582 0.0037373
6.95 0.0119138 0.0123162 -0.00524229 0.00353695
6.975 0.0113801 0.0117645 -0.00507233 0.00334606
7 0.0108676 0.0112346 -0.00490596 0.00316431
7.025 0.0103757 0.010726 -0.00474324 0.00299136
7.05 0.00990372 0.0102379 -0.00458418 0.00282687
7.075 0.00945106 0.00976987 -0.00442881 0.00267053
7.1 0.00901712 0.00932117 -0.00427715 0.00252201
7.125 0.0086013 0.00889119 -0.00412919 0.002381
7.15 0.00820302 0.00847933 -0.00398495 0.00224719
7.175 0.00782167 0.00808499 -0.00384441 0.00212029
7.2 0.00745668 0.00770755 -0.00370758 0.00199999
7.225 0.00710749 0.00734644 -0.00357442 0.00188601
7.25 0.00677352 0.00700108 -0.00344493 0.00177807
7.275 0.00645424 0.00667089 -0.00331907 0.00167591
7.3 0.0061491 0.00635533 -0.00319682 0.00157925
7.325 0.00585757 0.00605384 -0.00307814 0.00148785
7.35 0.00557913 0.00576589 -0.00296298 0.00140145
7.375 0.00531329 0.00549096 -0.00285132 0.00131982
7.4 0.00505954 0.00522854 -0.0027431 0.00124272
7.425 0.00481741 0.00497813 -0.00263826 0.00116993
7.45 0.00458643 0.00473926 -0.00253677 0.00110124
7.475 0.00436615 0.00451145 -0.00243856 0.00103644
7.5 0.00415613 0.00429424 -0.00234357 0.000975337
7.525 0.00395593 0.0040872 -0.00225174 0.000917729
7.55 0.00376515 0.0038899 -0.00216302 0.000863439
7.575 0.00358338 0.00370192 -0.00207733 0.000812291
7.6 0.00341024 0.00352285 -0.00199462 0.000764117
7.625 0.00324534 0.00335232 -0.0019148 0.000718757
7.65 0.00308833 0.00318994 -0.00183783 0.000676057
7.675 0.00293886 0.00303536 -0.00176362 0.00063587
7.7 0.00279658 0.00288822 -0.00169211 0.000598057
7.725 0.00266118 0.00274819 -0.00162322 0.000562485
7.75 0.00253233 0.00261495 -0.00155689 0.000529027
7.775 0.00240975 0.00248818 -0.00149305 0.000497564
7.8 0.00229314 0.00236758 -0.00143162 0.00046798
7.825 0.00218222 0.00225287 -0.00137254 0.000440167
7.85 0.00207672 0.00214378 -0.00131573 0.000414022
7.875 0.00197639 0.00204003 -0.00126113 0.000389447
7.9 0.00188099 0.00194137 -0.00120867 0.000366351
7.925 0.00179028 0.00184757 -0.00115828 0.000344644
7.95 0.00170403 0.00175838 -0.00110989 0.000324245
7.975 0.00162203 0.00167359 -0.00106344 0.000305076
8 0.00154407 0.00159298 -0.00101885 0.000287062
8.025 0.00146995 0.00151635 -0.000976077 0.000270134
8.05 0.0013995 0.0014435 -0.000935044 0.000254227
8.075 0.00133252 0.00137425 -0.000895693 0.000239277
8.1 0.00126885 0.00130842 -0.000857963 0.000225227
8.125 0.00120832 0.00124584 -0.000821795 0.000212021
8.15 0.00115078 0.00118635 -0.000787132 0.000199609
8.175 0.00109608 0.0011298 -0.000753917 0.000187941
8.2 0.00104407 0.00107604 -0.000722095 0.000176971
8.225 0.000994629 0.00102493 -0.000691613 0.000166657
8.25 0.000947618 0.000976333 -0.000662418 0.000156958
8.275 0.000902918 0.000930132 -0.00063446 0.000147836
8.3 0.000860412 0.000886202 -0.00060769 0.000139256
8.325 0.000819991 0.000844429 -0.00058206 0.000131184
8.35 0.000781549 0.000804704 -0.000557525 0.000123589
8.375 0.000744985 0.000766923 -0.000534039 0.000116442
8.4 0.000710206 0.000730989 -0.000511559 0.000109715
8.425 0.000677121 0.000696809 -0.000490044 0.000103382
8.45 0.000645644 0.000664293 -0.000469453 9.74199e-05
8.475 0.000615695 0.000633358 -0.000449748 9.18049e-05
8.5 0.000587194 0.000603923 -0.000430891 8.65163e-05
8.525 0.000560071 0.000575914 -0.000412845 8.15343e-05
8.55 0.000534254 0.000549257 -0.000395576 7.68403e-05
8.575 0.000509678 0.000523885 -0.000379051 7.24169e-05
8.6 0.00048628 0.000499733 -0.000363237 6.82478e-05
8.625 0.000464002 0.000476739 -0.000348103 6.43179e-05
8.65 0.000442786 0.000454845 -0.00033362 6.06128e-05
8.675 0.000422579 0.000433997 -0.000319758 5.71191e-05
8.7 0.000403332 0.000414141 -0.000306492 5.38245e-05
8.725 0.000384995 0.000395227 -0.000293793 5.07171e-05
8.75 0.000367523 0.00037721 -0.000281638 4.77861e-05
8.775 0.000350873 0.000360044 -0.000270002 4.50211e-05
8.8 0.000335005 0.000343686 -0.000258861 4.24125e-05
8.825 0.000319879 0.000328097 -0.000248195 3.99513e-05
8.85 0.000305459 0.000313239 -0.000237981 3.7629e-05
8.875 0.00029171 0.000299075 -0.000228199 3.54378e-05
8.9 0.000278599 0.000285571 -0.000218831 3.33701e-05
8.925 0.000266095 0.000272695 -0.000209857 3.1419e-05
8.95 0.000254168 0.000260416 -0.000201261 2.9578e-05
8.975 0.000242789 0.000248706 -0.000193024 2.78408e-05
9 0.000231933 0.000237535 -0.000185132 2.62016e-05
9.025 0.000221574 0.000226878 -0.000177568 2.46551e-05
9.05 0.000211688 0.000216711 -0.000170318 2.31961e-05
9.075 0.000202252 0.000207009 -0.000163369 2.18197e-05
9.1 0.000193244 0.00019775 -0.000156707 2.05215e-05
9.125 0.000184645 0.000188913 -0.000150318 1.92971e-05
9.15 0.000176434 0.000180478 -0.000144192 1.81426e-05
9.175 0.000168594 0.000172425 -0.000138317 1.7054e-05
9.2 0.000161107 0.000164737 -0.000132681 1.60279e-05
9.225 0.000153956 0.000157396 -0.000127275 1.50608e-05
9.25 0.000147125 0.000150387 -0.000122088 1.41494e-05
9.275 0.0001406 0.000143692 -0.00011711 1.32909e-05
9.3 0.000134366 0.000137299 -0.000112334 1.24823e-05
9.325 0.00012841 0.000131191 -0.00010775 1.17209e-05
9.35 0.000122718 0.000125358 -0.00010335 1.10041e-05
9.375 0.00011728 0.000119785 -9.91257e-05 1.03294e-05
9.4 0.000112083 0.00011446 -9.50707e-05 9.69473e-06
9.425 0.000107116 0.000109373 -9.11776e-05 9.09771e-06
9.45 0.000102368 0.000104512 -8.74395e-05 8.53633e-06
9.475 9.78308e-05 9.98674e-05 -8.38502e-05 8.00862e-06
9.5 9.34935e-05 9.54289e-05 -8.04034e-05 7.51271e-06
9.525 8.93474e-05 9.11872e-05 -7.70935e-05 7.04685e-06
9.55 8.53839e-05 8.71335e-05 -7.39148e-05 6.60935e-06
9.575 8.1595e-05 8.32593e-05 -7.0862e-05 6.19863e-06
9.6 7.79728e-05 7.95565e-05 -6.79302e-05 5.81317e-06
9.625 7.45099e-05 7.60175e-05 -6.51144e-05 5.45155e-06
9.65 7.11993e-05 7.2635e-05 -6.24102e-05 5.1124e-06
9.675 6.80343e-05 6.94019e-05 -5.98131e-05 4.79444e-06
9.7 6.50083e-05 6.63118e-05 -5.73189e-05 4.49644e-06
9.725 6.21154e-05 6.33581e-05 -5.49237e-05 4.21724e-06
9.75 5.93497e-05 6.0535e-05 -5.26235e-05 3.95575e-06
9.775 5.67057e-05 5.78366e-05 -5.04148e-05 3.71091e-06
9.8 5.4178e-05 5.52575e-05 -4.8294e-05 3.48175e-06
9.825 5.17616e-05 5.27925e-05 -4.62578e-05 3.26732e-06
9.85 4.94516e-05 5.04365e-05 -4.4303e-05 3.06674e-06
9.875 4.72435e-05 4.81847e-05 -4.24264e-05 2.87917e-06
9.9 4.51329e-05 4.60327e-05 -4.06251e-05 2.7038e-06
9.925 4.31154e-05 4.39761e-05 -3.88963e-05 2.5399e-06
9.95 4.11872e-05 4.20107e-05 -3.72373e-05 2.38674e-06
9.975 3.93444e-05 4.01326e-05 -3.56453e-05 2.24366e-06
10 3.75832e-05 3.8338e-05 -3.4118e-05 2.11002e-06
10.025 3.59003e-05 3.66233e-05 -3.26528e-05 1.98521e-06
10.05 3.42922e-05 3.49849e-05 -3.12476e-05 1.86867e-06
10.075 3.27557e-05 3.34196e-05 -2.98999e-05 1.75986e-06
10.1 3.12877e-05 3.19242e-05 -2.86077e-05 1.65829e-06
10.125 2.98853e-05 3.04958e-05 -2.73688e-05 1.56347e-06
10.15 2.85457e-05 2.91313e-05 -2.61814e-05 1.47495e-06
10.175 2.72661e-05 2.7828e-05 -2.50433e-05 1.39232e-06
10.2 2.6044e-05 2.65833e-05 -2.39529e-05 1.31518e-06
10.225 2.48769e-05 2.53946e-05 -2.29083e-05 1.24315e-06
10.25 2.37625e-05 2.42594e-05 -2.19077e-05 1.17588e-06
10.275 2.26984e-05 2.31755e-05 -2.09494e-05 1.11305e-06
10.3 2.16825e-05 2.21407e-05 -2.0032e-05 1.05435e-06
10.325 2.07127e-05 2.11527e-05 -1.91537e-05 9.99479e-07
10.35 1.97869e-05 2.02096e-05 -1.83132e-05 9.48175e-07
10.375 1.89033e-05 1.93093e-05 -1.75089e-05 9.00181e-07
10.4 1.80601e-05 1.845e-05 -1.67395e-05 8.55261e-07
10.425 1.72554e-05 1.76299e-05 -1.60035e-05 8.1319e-07
10.45 1.64876e-05 1.68472e-05 -1.52997e-05 7.73763e-07
10.475 1.5755e-05 1.61004e-05 -1.46268e-05 7.36786e-07
10.5 1.50561e-05 1.53878e-05 -1.39837e-05 7.02077e-07
10.525 1.43894e-05 1.47079e-05 -1.3369e-05 6.69469e-07
10.55 1.37535e-05 1.40593e-05 -1.27817e-05 6.38805e-07
10.575 1.31469e-05 1.34406e-05 -1.22207e-05 6.09939e-07
10.6 1.25685e-05 1.28503e-05 -1.16848e-05 5.82737e-07
10.625 1.20169e-05 1.22873e-05 -1.11732e-05 5.57074e-07
10.65 1.14909e-05 1.17504e-05 -1.06847e-05 5.32833e-07
10.675 1.09894e-05 1.12383e-05 -1.02185e-05 5.09907e-07
10.7 1.05112e-05 1.07499e-05 -9.77351e-06 4.88196e-07
10.725 1.00553e-05 1.02842e-05 -9.34897e-06 4.67611e-07
10.75 9.62064e-06 9.84009e-06 -8.94396e-06 4.48065e-07
10.775 9.2063e-06 9.41662e-06 -8.55766e-06 4.29482e-07
10.8 8.81133e-06 9.01285e-06 -8.18926e-06 4.1179e-07
10.825 8.43482e-06 8.62785e-06 -7.838e-06 3.94925e-07
10.85 8.07591e-06 8.26077e-06 -7.50312e-06 3.78826e-07
10.875 7.7338e-06 7.91078e-06 -7.18391e-06 3.63438e-07
10.9 7.40769e-06 7.57708e-06 -6.87966e-06 3.48712e-07
10.925 7.09683e-06 7.25892e-06 -6.58971e-06 3.34603e-07
10.95 6.8005e-06 6.95556e-06 -6.31342e-06 3.21069e-07
10.975 6.51801e-06 6.66631e-06 -6.05016e-06 3.08072e-07
11 6.24872e-06 6.3905e-06 -5.79934e-06 2.9558e-07
11.025 5.99197e-06 6.1275e-06 -5.56038e-06 2.8356e-07
11.05 5.74719e-06 5.8767e-06 -5.33272e-06 2.71986e-07
11.075 5.51378e-06 5.63751e-06 -5.11584e-06 2.60832e-07
11.1 5.29121e-06 5.40938e-06 -4.90923e-06 2.50077e-07
11.125 5.07895e-06 5.19178e-06 -4.71239e-06 2.39699e-07
11.15 4.87648e-06 4.9842e-06 -4.52484e-06 2.29681e-07
11.175 4.68335e-06 4.78616e-06 -4.34615e-06 2.20006e-07
11.2 4.49908e-06 4.59718e-06 -4.17586e-06 2.1066e-07
11.225 4.32325e-06 4.41683e-06 -4.01357e-06 2.01629e-07
11.25 4.15543e-06 4.24469e-06 -3.85888e-06 1.92903e-07
11.275 3.99524e-06 4.08034e-06 -3.7114e-06 1.84469e-07
11.3 3.84228e-06 3.92341e-06 -3.57077e-06 1.76319e-07
11.325 3.69621e-06 3.77353e-06 -3.43664e-06 1.68444e-07
11.35 3.55667e-06 3.63034e-06 -3.30867e-06 1.60836e-07
11.375 3.42333e-06 3.49352e-06 -3.18654e-06 1.53488e-07
11.4 3.29589e-06 3.36274e-06 -3.06996e-06 1.46392e-07
11.425 3.17406e-06 3.2377e-06 -2.95862e-06 1.39544e-07
11.45 3.05753e-06 3.11812e-06 -2.85225e-06 1.32936e-07
11.475 2.94605e-06 3.00372e-06 -2.75059e-06 1.26563e-07
11.5 2.83936e-06 2.89423e-06 -2.65339e-06 1.2042e-07
11.525 2.73722e-06 2.78941e-06 -2.5604e-06 1.14502e-07
11.55 2.6394e-06 2.68902e-06 -2.47141e-06 1.08804e-07
11.575 2.54566e-06 2.59284e-06 -2.3862e-06 1.03321e-07
11.6 2.45582e-06 2.50066e-06 -2.30456e-06 9.80483e-08
11.625 2.36967e-06 2.41226e-06 -2.2263e-06 9.29807e-08
11.65 2.28701e-06 2.32747e-06 -2.15124e-06 8.81137e-08
11.675 2.20768e-06 2.2461e-06 -2.07921e-06 8.34424e-08
11.7 2.13151e-06 2.16797e-06 -2.01004e-06 7.8962e-08
11.725 2.05833e-06 2.09292e-06 -1.94359e-06 7.46677e-08
11.75 1.988e-06 2.02081e-06 -1.8797e-06 7.05547e-08
11.775 1.92037e-06 1.95148e-06 -1.81824e-06 6.6618e-08
11.8 1.8553e-06 1.88479e-06 -1.75908e-06 6.28527e-08
11.825 1.79267e-06 1.82061e-06 -1.7021e-06 5.92538e-08
11.85 1.73236e-06 1.75883e-06 -1.6472e-06 5.58165e-08
11.875 1.67426e-06 1.69932e-06 -1.59425e-06 5.25356e-08
11.9 1.61825e-06 1.64197e-06 -1.54316e-06 4.94063e-08
11.925 1.56424e-06 1.58669e-06 -1.49384e-06 4.64237e-08
11.95 1.51212e-06 1.53336e-06 -1.4462e-06 4.35827e-08
11.975 1.46182e-06 1.48191e-06 -1.40015e-06 4.08786e-08
12 1.41324e-06 1.43224e-06 -1.35563e-06 3.83066e-08
12.025 1.3663e-06 1.38427e-06 -1.31255e-06 3.58619e-08
12.05 1.32093e-06 1.33793e-06 -1.27085e-06 3.35399e-08
12.075 1.27706e-06 1.29314e-06 -1.23046e-06 3.1336e-08
12.1 1.23462e-06 1.24983e-06 -1.19134e-06 2.92459e-08
12.125 1.19355e-06 1.20794e-06 -1.15341e-06 2.7265e-08
12.15 1.15379e-06 1.1674e-06 -1.11663e-06 2.53894e-08
12.175 1.11527e-06 1.12817e-06 -1.08094e-06 2.36148e-08
12.2 1.07796e-06 1.09018e-06 -1.04631e-06 2.19373e-08
12.225 1.0418e-06 1.05339e-06 -1.01268e-06 2.03532e-08
12.25 1.00673e-06 1.01774e-06 -9.80024e-07 1.88587e-08
12.275 9.72732e-07 9.83194e-07 -9.48293e-07 1.74504e-08
12.3 9.39746e-07 9.49703e-07 -9.17454e-07 1.61248e-08
12.325 9.07737e-07 9.17229e-07 -8.87471e-07 1.48788e-08
12.35 8.76669e-07 8.85732e-07 -8.58314e-07 1.37091e-08
12.375 8.46505e-07 8.55175e-07 -8.29949e-07 1.26129e-08
12.4 8.17214e-07 8.25524e-07 -8.0235e-07 1.15873e-08
12.425 7.88762e-07 7.96746e-07 -7.75487e-07 1.06295e-08
12.45 7.61122e-07 7.68808e-07 -7.49334e-07 9.73692e-09
12.475 7.34263e-07 7.41681e-07 -7.23867e-07 8.90711e-09
12.5 7.0816e-07 7.15337e-07 -6.99062e-07 8.13761e-09
12.525 6.82787e-07 6.89749e-07 -6.74897e-07 7.42611e-09
12.55 6.58119e-07 6.6489e-07 -6.5135e-07 6.77037e-09
12.575 6.34135e-07 6.40737e-07 -6.284e-07 6.16821e-09
12.6 6.10813e-07 6.17265e-07 -6.0603e-07 5.61754e-09
12.625 5.88131e-07 5.94453e-07 -5.8422e-07 5.1163e-09
12.65 5.66071e-07 5.72279e-07 -5.62954e-07 4.66249e-09
12.675 5.44614e-07 5.50724e-07 -5.42215e-07 4.25414e-09
12.7 5.23742e-07 5.29767e-07 -5.21989e-07 3.88933e-09
12.725 5.03439e-07 5.09392e-07 -5.0226e-07 3.56614e-09
12.75 4.83689e-07 4.89581e-07 -4.83015e-07 3.28269e-09
12.775 4.64478e-07 4.70317e-07 -4.64243e-07 3.0371e-09
12.8 4.45792e-07 4.51586e-07 -4.45931e-07 2.82752e-09
12.825 4.27618e-07 4.33374e-07 -4.28069e-07 2.6521e-09
12.85 4.09943e-07 4.15666e-07 -4.10648e-07 2.50897e-09
12.875 3.92756e-07 3.9845e-07 -3.93657e-07 2.3963e-09
12.9 3.76047e-07 3.81714e-07 -3.7709e-07 2.31224e-09
12.925 3.59806e-07 3.65449e-07 -3.60939e-07 2.25495e-09
12.95 3.44024e-07 3.49642e-07 -3.45197e-07 2.22259e-09
12.975 3.28693e-07 3.34287e-07 -3.2986e-07 2.21333e-09
13 3.13805e-07 3.19374e-07 -3.14923e-07 2.22535e-09
13.025 2.99353e-07 3.04895e-07 -3.00382e-07 2.25683e-09
13.05 2.85331e-07 2.90845e-07 -2.86233e-07 2.30597e-09
13.075 2.71735e-07 2.77217e-07 -2.72475e-07 2.371e-09
13.1 2.58558e-07 2.64006e-07 -2.59106e-07 2.45016e-09
13.125 2.45797e-07 2.51207e-07 -2.46124e-07 2.54173e-09
13.15 2.33449e-07 2.38818e-07 -2.3353e-07 2.64402e-09
13.175 2.2151e-07 2.26834e-07 -2.21323e-07 2.7554e-09
13.2 2.09978e-07 2.15253e-07 -2.09504e-07 2.87426e-09
13.225 1.98851e-07 2.04073e-07 -1.98075e-07 2.99905e-09
13.25 1.88128e-07 1.93293e-07 -1.87037e-07 3.12831e-09
13.275 1.77807e-07 1.82912e-07 -1.76391e-07 3.2606e-09
13.3 1.67888e-07 1.7293e-07 -1.66141e-07 3.39459e-09
13.325 1.5837e-07 1.63346e-07 -1.56288e-07 3.52901e-09
13.35 1.49253e-07 1.5416e-07 -1.46835e-07 3.66267e-09
13.375 1.40538e-07 1.45374e-07 -1.37785e-07 3.79447e-09
13.4 1.32225e-07 1.36988e-07 -1.29141e-07 3.9234e-09
13.425 1.24314e-07 1.29002e-07 -1.20905e-07 4.04856e-09
13.45 1.16805e-07 1.21418e-07 -1.1308e-07 4.16913e-09
13.475 1.097e-07 1.14237e-07 -1.05669e-07 4.28439e-09
13.5 1.02998e-07 1.0746e-07 -9.8673e-08 4.39373e-09
13.525 9.67008e-08 1.01088e-07 -9.20951e-08 4.49664e-09
13.55 9.08075e-08 9.51219e-08 -8.59365e-08 4.59271e-09
13.575 8.53185e-08 8.95618e-08 -8.01985e-08 4.68163e-09
13.6 8.02336e-08 8.44082e-08 -7.48818e-08 4.76321e-09
13.625 7.55523e-08 7.96613e-08 -6.99867e-08 4.83734e-09
13.65 7.12737e-08 7.53207e-08 -6.55127e-08 4.904e-09
13.675 6.73965e-08 7.13857e-08 -6.14591e-08 4.9633e-09
13.7 6.3919e-08 6.78549e-08 -5.78241e-08 5.0154e-09
13.725 6.08389e-08 6.47267e-08 -5.46056e-08 5.06057e-09
13.75 5.81534e-08 6.19987e-08 -5.18004e-08 5.09915e-09
13.775 5.58594e-08 5.9668e-08 -4.94049e-08 5.13156e-09
13.8 5.39528e-08 5.77312e-08 -4.74145e-08 5.1583e-09
13.825 5.24291e-08 5.61838e-08 -4.5824e-08 5.17992e-09
13.85 5.12832e-08 5.50212e-08 -4.46272e-08 5.19701e-09
13.875 5.05092e-08 5.42376e-08 -4.38172e-08 5.21025e-09
13.9 5.01007e-08 5.38269e-08 -4.33862e-08 5.22033e-09
13.925 5.00502e-08 5.37818e-08 -4.33258e-08 5.22798e-09
13.95 5.03501e-08 5.40946e-08 -4.36267e-08 5.23398e-09
13.975 5.09917e-08 5.47569e-08 -4.42787e-08 5.23911e-09
14 5.19657e-08 5.57592e-08 -4.52709e-08 5.24415e-09
14.025 5.32622e-08 5.70917e-08 -4.65918e-08 5.24992e-09
14.05 5.48704e-08 5.87435e-08 -4.82291e-08 5.2572e-09
14.075 5.67791e-08 6.07033e-08 -5.01697e-08 5.26679e-09
14.1 5.89764e-08 6.2959e-08 -5.24001e-08 5.27947e-09
14.125 6.14498e-08 6.54979e-08 -5.4906e-08 5.29598e-09
14.15 6.4186e-08 6.83066e-08 -5.76725e-08 5.31704e-09
14.175 6.71715e-08 7.13711e-08 -6.06844e-08 5.34334e-09
14.2 7.03921e-08 7.46771e-08 -6.3926e-08 5.37553e-09
14.225 7.38331e-08 7.82094e-08 -6.7381e-08 5.4142e-09
14.25 7.74794e-08 8.19527e-08 -7.10329e-08 5.45991e-09
14.275 8.13157e-08 8.58912e-08 -7.48649e-08 5.51316e-09
14.3 8.53261e-08 9.00086e-08 -7.88598e-08 5.57437e-09
14.325 8.94945e-08 9.42884e-08 -8.30005e-08 5.64394e-09
14.35 9.38046e-08 9.87139e-08 -8.72695e-08 5.72217e-09
14.375 9.82399e-08 1.03268e-07 -9.16494e-08 5.80931e-09
14.4 1.02784e-07 1.07934e-07 -9.61227e-08 5.90555e-09
14.425 1.07419e-07 1.12694e-07 -1.00672e-07 6.011e-09
14.45 1.1213e-07 1.17531e-07 -1.0528e-07 6.12571e-09
14.475 1.169e-07 1.22429e-07 -1.09929e-07 6.24966e-09
14.5 1.21711e-07 1.27369e-07 -1.14604e-07 6.38276e-09
14.525 1.26547e-07 1.32335e-07 -1.19286e-07 6.52485e-09
14.55 1.31393e-07 1.37311e-07 -1.23959e-07 6.67572e-09
14.575 1.36231e-07 1.42279e-07 -1.28609e-07 6.83508e-09
14.6 1.41047e-07 1.47224e-07 -1.33218e-07 7.0026e-09
14.625 1.45825e-07 1.52129e-07 -1.37773e-07 7.17786e-09
14.65 1.5055e-07 1.56979e-07 -1.42258e-07 7.36043e-09
14.675 1.55206e-07 1.6176e-07 -1.4666e-07 7.5498e-09
14.7 1.59782e-07 1.66456e-07 -1.50965e-07 7.7454e-09
14.725 1.64261e-07 1.71054e-07 -1.55161e-07 7.94665e-09
14.75 1.68633e-07 1.75541e-07 -1.59235e-07 8.15292e-09
14.775 1.72884e-07 1.79903e-07 -1.63176e-07 8.36352e-09
14.8 1.77002e-07 1.84128e-07 -1.66972e-07 8.57776e-09
14.825 1.80976e-07 1.88205e-07 -1.70615e-07 8.79492e-09
14.85 1.84796e-07 1.92124e-07 -1.74095e-07 9.01424e-09
14.875 1.88451e-07 1.95873e-07 -1.77403e-07 9.23496e-09
14.9 1.91934e-07 1.99444e-07 -1.80532e-07 9.45629e-09
14.925 1.95235e-07 2.02829e-07 -1.83474e-07 9.67746e-09
14.95 1.98347e-07 2.06018e-07 -1.86223e-07 9.89768e-09
14.975 2.01263e-07 2.09006e-07 -1.88774e-07 1.01161e-08
15 2.03977e-07 2.11786e-07 -1.91122e-07 1.03321e-08
15.025 2.06483e-07 2.14352e-07 -1.93263e-07 1.05447e-08
15.05 2.08777e-07 2.167e-07 -1.95194e-07 1.07533e-08
15.075 2.10855e-07 2.18826e-07 -1.96912e-07 1.09571e-08
15.1 2.12714e-07 2.20727e-07 -1.98416e-07 1.11553e-08
15.125 2.14351e-07 2.224e-07 -1.99705e-07 1.13474e-08
15.15 2.15766e-07 2.23843e-07 -2.00778e-07 1.15325e-08
15.175 2.16956e-07 2.25056e-07 -2.01636e-07 1.17101e-08
15.2 2.17922e-07 2.26038e-07 -2.02279e-07 1.18796e-08
15.225 2.18663e-07 2.2679e-07 -2.0271e-07 1.20403e-08
15.25 2.19182e-07 2.27313e-07 -2.02929e-07 1.21918e-08
15.275 2.1948e-07 2.27609e-07 -2.02942e-07 1.23336e-08
15.3 2.19559e-07 2.27679e-07 -2.02749e-07 1.24651e-08
15.325 2.19422e-07 2.27528e-07 -2.02356e-07 1.25861e-08
15.35 2.19072e-07 2.27158e-07 -2.01766e-07 1.2696e-08
15.375 2.18514e-07 2.26573e-07 -2.00984e-07 1.27947e-08
15.4 2.17751e-07 2.25779e-07 -2.00015e-07 1.28818e-08
15.425 2.16789e-07 2.2478e-07 -1.98866e-07 1.29571e-08
15.45 2.15633e-07 2.23581e-07 -1.97541e-07 1.30203e-08
15.475 2.14289e-07 2.22189e-07 -1.96046e-07 1.30714e-08
15.5 2.12762e-07 2.2061e-07 -1.94389e-07 1.31102e-08
15.525 2.1106e-07 2.18849e-07 -1.92576e-07 1.31367e-08
15.55 2.09188e-07 2.16915e-07 -1.90613e-07 1.31509e-08
15.575 2.07154e-07 2.14814e-07 -1.88509e-07 1.31528e-08
15.6 2.04965e-07 2.12554e-07 -1.86269e-07 1.31423e-08
15.625 2.02628e-07 2.10142e-07 -1.83903e-07 1.31198e-08
15.65 2.00151e-07 2.07586e-07 -1.81416e-07 1.30852e-08
15.675 1.97542e-07 2.04894e-07 -1.78816e-07 1.30388e-08
15.7 1.94808e-07 2.02073e-07 -1.76111e-07 1.29808e-08
15.725 1.91958e-07 1.99132e-07 -1.7331e-07 1.29114e-08
15.75 1.88998e-07 1.9608e-07 -1.70418e-07 1.28309e-08
15.775 1.85938e-07 1.92923e-07 -1.67444e-07 1.27396e-08
15.8 1.82784e-07 1.89671e-07 -1.64395e-07 1.26379e-08
15.825 1.79546e-07 1.86331e-07 -1.61279e-07 1.25259e-08
15.85 1.7623e-07 1.82911e-07 -1.58103e-07 1.24043e-08
15.875 1.72845e-07 1.7942e-07 -1.54874e-07 1.22732e-08
15.9 1.69398e-07 1.75865e-07 -1.51599e-07 1.21332e-08
15.925 1.65897e-07 1.72254e-07 -1.48284e-07 1.19847e-08
15.95 1.62348e-07 1.68594e-07 -1.44938e-07 1.18281e-08
15.975 1.58761e-07 1.64893e-07 -1.41566e-07 1.16638e-08
16 1.5514e-07 1.61159e-07 -1.38174e-07 1.14924e-08
16.025 1.51494e-07 1.57398e-07 -1.34769e-07 1.13142e-08
16.05 1.47829e-07 1.53617e-07 -1.31357e-07 1.11298e-08
16.075 1.44152e-07 1.49823e-07 -1.27943e-07 1.09396e-08
16.1 1.40468e-07 1.46022e-07 -1.24533e-07 1.07441e-08
16.125 1.36785e-07 1.4222e-07 -1.21132e-07 1.05437e-08
16.15 1.33107e-07 1.38424e-07 -1.17746e-07 1.03391e-08
16.175 1.2944e-07 1.34638e-07 -1.14377e-07 1.01305e-08
16.2 1.25789e-07 1.3087e-07 -1.11033e-07 9.91849e-09
16.225 1.2216e-07 1.27123e-07 -1.07716e-07 9.70354e-09
16.25 1.18558e-07 1.23402e-07 -1.0443e-07 9.48606e-09
16.275 1.14986e-07 1.19713e-07 -1.0118e-07 9.2665e-09
16.3 1.11449e-07 1.16059e-07 -9.79684e-08 9.0453e-09
16.325 1.07951e-07 1.12445e-07 -9.47993e-08 8.82287e-09
16.35 1.04496e-07 1.08874e-07 -9.16753e-08 8.59962e-09
16.375 1.01087e-07 1.05351e-07 -8.85992e-08 8.37593e-09
16.4 9.77281e-08 1.01878e-07 -8.55737e-08 8.15219e-09
16.425 9.44213e-08 9.84586e-08 -8.2601e-08 7.92877e-09
16.45 9.11696e-08 9.50953e-08 -7.96833e-08 7.70601e-09
16.475 8.79755e-08 9.17909e-08 -7.68224e-08 7.48424e-09
16.5 8.48412e-08 8.85476e-08 -7.40201e-08 7.2638e-09
16.525 8.17688e-08 8.53676e-08 -7.12776e-08 7.04496e-09
16.55 7.87599e-08 8.22525e-08 -6.85964e-08 6.82804e-09
16.575 7.58162e-08 7.92041e-08 -6.59775e-08 6.61328e-09
16.6 7.29389e-08 7.62236e-08 -6.34217e-08 6.40095e-09
16.625 7.01292e-08 7.33124e-08 -6.09299e-08 6.19128e-09
16.65 6.7388e-08 7.04714e-08 -5.85024e-08 5.98449e-09
16.675 6.47161e-08 6.77013e-08 -5.61397e-08 5.78079e-09
16.7 6.21139e-08 6.50027e-08 -5.3842e-08 5.58035e-09
16.725 5.95819e-08 6.23761e-08 -5.16094e-08 5.38335e-09
16.75 5.71203e-08 5.98217e-08 -4.94418e-08 5.18995e-09
16.775 5.47291e-08 5.73396e-08 -4.7339e-08 5.00029e-09
16.8 5.24082e-08 5.49297e-08 -4.53007e-08 4.81448e-09
16.825 5.01575e-08 5.25918e-08 -4.33265e-08 4.63264e-09
16.85 4.79765e-08 5.03255e-08 -4.14158e-08 4.45487e-09
16.875 4.58647e-08 4.81304e-08 -3.95679e-08 4.28124e-09
16.9 4.38216e-08 4.60059e-08 -3.77822e-08 4.11183e-09
16.925 4.18464e-08 4.39512e-08 -3.60579e-08 3.94668e-09
16.95 3.99383e-08 4.19657e-08 -3.4394e-08 3.78585e-09
16.975 3.80965e-08 4.00482e-08 -3.27895e-08 3.62937e-09
17 3.63199e-08 3.8198e-08 -3.12435e-08 3.47725e-09
17.025 3.46075e-08 3.64139e-08 -2.97549e-08 3.32951e-09
17.05 3.29581e-08 3.46948e-08 -2.83225e-08 3.18614e-09
17.075 3.13706e-08 3.30394e-08 -2.69452e-08 3.04714e-09
17.1 2.98437e-08 3.14466e-08 -2.56217e-08 2.91248e-09
17.125 2.83761e-08 2.9915e-08 -2.43507e-08 2.78215e-09
17.15 2.69665e-08 2.84433e-08 -2.31311e-08 2.6561e-09
17.175 2.56136e-08 2.70301e-08 -2.19615e-08 2.5343e-09
17.2 2.43159e-08 2.56739e-08 -2.08405e-08 2.41669e-09
17.225 2.3072e-08 2.43733e-08 -1.97669e-08 2.30322e-09
17.25 2.18805e-08 2.31269e-08 -1.87393e-08 2.19383e-09
17.275 2.07398e-08 2.19332e-08 -1.77563e-08 2.08846e-09
17.3 1.96486e-08 2.07907e-08 -1.68166e-08 1.98703e-09
17.325 1.86054e-08 1.96978e-08 -1.59188e-08 1.88948e-09
17.35 1.76087e-08 1.86531e-08 -1.50616e-08 1.79571e-09
17.375 1.6657e-08 1.7655e-08 -1.42437e-08 1.70566e-09
17.4 1.57488e-08 1.67022e-08 -1.34637e-08 1.61923e-09
17.425 1.48827e-08 1.5793e-08 -1.27203e-08 1.53634e-09
17.45 1.40573e-08 1.4926e-08 -1.20122e-08 1.45691e-09
17.475 1.32711e-08 1.40998e-08 -1.13381e-08 1.38083e-09
17.5 1.25228e-08 1.33129e-08 -1.06968e-08 1.30802e-09
17.525 1.18108e-08 1.25638e-08 -1.0087e-08 1.23839e-09
17.55 1.11339e-08 1.18512e-08 -9.50754e-09 1.17185e-09
17.575 1.04907e-08 1.11737e-08 -8.95715e-09 1.10829e-09
17.6 9.87992e-09 1.053e-08 -8.4347e-09 1.04763e-09
17.625 9.3002e-09 9.91858e-09 -7.93904e-09 9.89768e-10
17.65 8.75031e-09 9.33831e-09 -7.46907e-09 9.34616e-10
17.675 8.229e-09 8.78786e-09 -7.0237e-09 8.8208e-10
17.7 7.73507e-09 8.266e-09 -6.60186e-09 8.32068e-10
17.725 7.26736e-09 7.77151e-09 -6.20254e-09 7.84489e-10
17.75 6.8247e-09 7.30323e-09 -5.82473e-09 7.39252e-10
17.775 6.40601e-09 6.86e-09 -5.46746e-09 6.9627e-10
17.8 6.01019e-09 6.44071e-09 -5.1298e-09 6.55454e-10
17.825 5.6362e-09 6.04428e-09 -4.81084e-09 6.16721e-10
17.85 5.28304e-09 5.66967e-09 -4.5097e-09 5.79986e-10
17.875 4.94971e-09 5.31587e-09 -4.22553e-09 5.45167e-10
17.9 4.63529e-09 4.98189e-09 -3.95752e-09 5.12183e-10
17.925 4.33884e-09 4.66679e-09 -3.70487e-09 4.80957e-10
17.95 4.05951e-09 4.36966e-09 -3.46684e-09 4.51413e-10
17.975 3.79642e-09 4.08962e-09 -3.24267e-09 4.23476e-10
18 3.54878e-09 3.82583e-09 -3.03168e-09 3.97074e-10
18.025 3.3158e-09 3.57746e-09 -2.83319e-09 3.72137e-10
18.05 3.09671e-09 3.34375e-09 -2.64655e-09 3.48597e-10
18.075 2.89081e-09 3.12392e-09 -2.47114e-09 3.26389e-10
18.1 2.69739e-09 2.91727e-09 -2.30637e-09 3.0545e-10
18.125 2.51579e-09 2.72309e-09 -2.15166e-09 2.85717e-10
18.15 2.34537e-09 2.54074e-09 -2.00648e-09 2.67132e-10
18.175 2.18554e-09 2.36957e-09 -1.87029e-09 2.49637e-10
18.2 2.0357e-09 2.20897e-09 -1.74262e-09 2.33179e-10
18.225 1.8953e-09 2.05838e-09 -1.62297e-09 2.17703e-10
18.25 1.76381e-09 1.91722e-09 -1.51091e-09 2.03159e-10
18.275 1.64073e-09 1.78498e-09 -1.40599e-09 1.89498e-10
18.3 1.52557e-09 1.66116e-09 -1.30781e-09 1.76674e-10
18.325 1.41788e-09 1.54527e-09 -1.21598e-09 1.64641e-10
18.35 1.31722e-09 1.43685e-09 -1.13014e-09 1.53357e-10
18.375 1.22319e-09 1.33548e-09 -1.04992e-09 1.42782e-10
18.4 1.13537e-09 1.24074e-09 -9.74988e-10 1.32874e-10
18.425 1.05342e-09 1.15223e-09 -9.05036e-10 1.23598e-10
18.45 9.76959e-10 1.06959e-09 -8.39759e-10 1.14917e-10
18.475 9.05665e-10 9.92468e-10 -7.78872e-10 1.06798e-10
18.5 8.39218e-10 9.20522e-10 -7.22107e-10 9.92073e-11
18.525 7.77318e-10 8.53437e-10 -6.69208e-10 9.21149e-11
18.55 7.19681e-10 7.90916e-10 -6.19933e-10 8.54914e-11
18.575 6.66037e-10 7.32673e-10 -5.74055e-10 7.93088e-11
18.6 6.16135e-10 6.78441e-10 -5.3136e-10 7.35406e-11
18.625 5.69733e-10 6.27966e-10 -4.91643e-10 6.81618e-11
18.65 5.26607e-10 5.8101e-10 -4.54713e-10 6.31485e-11
18.675 4.86543e-10 5.37346e-10 -4.2039e-10 5.84783e-11
18.7 4.49342e-10 4.96763e-10 -3.88503e-10 5.41297e-11
18.725 4.14814e-10 4.59059e-10 -3.58894e-10 5.00826e-11
18.75 3.82782e-10 4.24046e-10 -3.3141e-10 4.6318e-11
18.775 3.53078e-10 3.91546e-10 -3.05911e-10 4.28178e-11
18.8 3.25546e-10 3.61393e-10 -2.82263e-10 3.9565e-11
18.825 3.00039e-10 3.33428e-10 -2.60341e-10 3.65435e-11
18.85 2.76418e-10 3.07505e-10 -2.40028e-10 3.37383e-11
18.875 2.54553e-10 2.83485e-10 -2.21214e-10 3.11352e-11
18.9 2.34324e-10 2.61237e-10 -2.03796e-10 2.87206e-11
18.925 2.15614e-10 2.40641e-10 -1.87677e-10 2.6482e-11
18.95 1.98319e-10 2.21581e-10 -1.72766e-10 2.44075e-11
18.975 1.82338e-10 2.03951e-10 -1.58979e-10 2.24861e-11
19 1.67578e-10 1.8765e-10 -1.46236e-10 2.07072e-11
19.025 1.53951e-10 1.72585e-10 -1.34463e-10 1.9061e-11
19.05 1.41376e-10 1.58667e-10 -1.2359e-10 1.75383e-11
19.075 1.29777e-10 1.45815e-10 -1.13554e-10 1.61306e-11
19.1 1.19082e-10 1.33952e-10 -1.04293e-10 1.48296e-11
19.125 1.09226e-10 1.23007e-10 -9.57508e-11 1.3628e-11
19.15 1.00146e-10 1.12912e-10 -8.78753e-11 1.25185e-11
19.175 9.17844e-11 1.03606e-10 -8.06173e-11 1.14946e-11
19.2 8.40882e-11 9.50311e-11 -7.39309e-11 1.05501e-11
19.225 7.70073e-11 8.71322e-11 -6.77738e-11 9.67925e-12
19.25 7.04951e-11 7.98595e-11 -6.21062e-11 8.87665e-12
19.275 6.45086e-11 7.31659e-11 -5.68913e-11 8.13728e-12
19.3 5.90076e-11 6.70079e-11 -5.2095e-11 7.45647e-12
19.325 5.39548e-11 6.1345e-11 -4.76854e-11 6.82985e-12
19.35 4.93156e-11 5.61395e-11 -4.36328e-11 6.25335e-12
19.375 4.5058e-11 5.13564e-11 -3.991e-11 5.72321e-12
19.4 4.11522e-11 4.69631e-11 -3.64913e-11 5.23591e-12
19.425 3.75705e-11 4.29296e-11 -3.33533e-11 4.78818e-12
19.45 3.42874e-11 3.92279e-11 -3.04739e-11 4.37699e-12
19.475 3.12794e-11 3.58319e-11 -2.78329e-11 3.99951e-12
19.5 2.85243e-11 3.27178e-11 -2.54116e-11 3.65313e-12
19.525 2.60021e-11 2.98633e-11 -2.31924e-11 3.33542e-12
19.55 2.36939e-11 2.72477e-11 -2.11594e-11 3.04415e-12
19.575 2.15824e-11 2.4852e-11 -1.92976e-11 2.77721e-12
19.6 1.96517e-11 2.26586e-11 -1.75932e-11 2.53268e-12
19.625 1.7887e-11 2.06511e-11 -1.60336e-11 2.30877e-12
19.65 1.62747e-11 1.88147e-11 -1.4607e-11 2.10384e-12
19.675 1.48021e-11 1.71352e-11 -1.33025e-11 1.91635e-12
19.7 1.34578e-11 1.56e-11 -1.21102e-11 1.74488e-12
19.725 1.2231e-11 1.41972e-11 -1.10209e-11 1.58814e-12
19.75 1.11118e-11 1.29158e-11 -1.00259e-11 1.44492e-12
19.775 1.00914e-11 1.17458e-11 -9.11755e-12 1.31411e-12
19.8 9.16125e-12 1.06779e-11 -8.28853e-12 1.19468e-12
19.825 8.31378e-12 9.70359e-12 -7.53222e-12 1.08568e-12
19.85 7.54192e-12 8.81501e-12 -6.84251e-12 9.86254e-13
19.875 6.8392e-12 8.00493e-12 -6.21375e-12 8.95587e-13
19.9 6.19968e-12 7.26667e-12 -5.64079e-12 8.12944e-13
19.925 5.6179e-12 6.59415e-12 -5.11886e-12 7.37646e-13
19.95 5.08886e-12 5.98172e-12 -4.64359e-12 6.69067e-13
19.975 4.60796e-12 5.42424e-12 -4.21097e-12 6.06634e-13
20 4.17098e-12 4.91697e-12 -3.81733e-12 5.49819e-13
