0 0.250467 0.250471 -0.00140965 0.124531
0.025 0.250467 0.250471 -0.00140965 0.124531
0.05 0.250416 0.250435 -0.00141064 0.124512
0.075 0.25033 0.250373 -0.00141228 0.12448
0.1 0.25021 0.250286 -0.00141455 0.124436
0.125 0.250056 0.250174 -0.00141746 0.124378
0.15 0.249866 0.250035 -0.00142096 0.124307
0.175 0.249641 0.24987 -0.00142505 0.124222
0.2 0.249379 0.249677 -0.0014297 0.124123
0.225 0.249081 0.249455 -0.00143487 0.12401
0.25 0.248745 0.249204 -0.00144053 0.123882
0.275 0.248371 0.248923 -0.00144664 0.123738
0.3 0.247958 0.248609 -0.00145316 0.123578
0.325 0.247504 0.248263 -0.00146004 0.123401
0.35 0.24701 0.247882 -0.00146724 0.123207
0.375 0.246474 0.247465 -0.00147471 0.122995
0.4 0.245895 0.247012 -0.00148239 0.122765
0.425 0.245272 0.246519 -0.00149023 0.122514
0.45 0.244604 0.245986 -0.00149817 0.122244
0.475 0.243889 0.245411 -0.00150615 0.121952
0.5 0.243128 0.244792 -0.00151412 0.121639
0.525 0.242318 0.244129 -0.001522 0.121303
0.55 0.241459 0.243418 -0.00152974 0.120944
0.575 0.240549 0.242659 -0.00153727 0.120561
0.6 0.239587 0.24185 -0.00154453 0.120153
0.625 0.238573 0.24099 -0.00155146 0.119719
0.65 0.237506 0.240076 -0.00155799 0.119259
0.675 0.236384 0.239108 -0.00156406 0.118772
0.7 0.235206 0.238083 -0.00156961 0.118257
0.725 0.233972 0.237001 -0.00157458 0.117713
0.75 0.232682 0.235861 -0.0015789 0.117141
0.775 0.231333 0.234661 -0.00158253 0.116539
0.8 0.229926 0.233399 -0.0015854 0.115907
0.825 0.228461 0.232076 -0.00158747 0.115244
0.85 0.226936 0.23069 -0.00158867 0.114551
0.875 0.225351 0.229241 -0.00158897 0.113826
0.9 0.223706 0.227727 -0.00158831 0.113069
0.925 0.222002 0.226149 -0.00158665 0.112281
0.95 0.220237 0.224505 -0.00158397 0.11146
0.975 0.218413 0.222796 -0.00158021 0.110608
1 0.216528 0.221021 -0.00157534 0.109723
1.025 0.214584 0.219182 -0.00156935 0.108806
1.05 0.212582 0.217277 -0.00156221 0.107857
1.075 0.21052 0.215307 -0.00155388 0.106876
1.1 0.208401 0.213272 -0.00154437 0.105864
1.125 0.206226 0.211174 -0.00153365 0.10482
1.15 0.203994 0.209013 -0.00152172 0.103746
1.175 0.201707 0.206791 -0.00150858 0.102641
1.2 0.199366 0.204507 -0.00149422 0.101506
1.225 0.196973 0.202163 -0.00147866 0.100342
1.25 0.194529 0.199762 -0.00146189 0.09915
1.275 0.192035 0.197304 -0.00144393 0.0979298
1.3 0.189493 0.19479 -0.00142481 0.0966828
1.325 0.186906 0.192224 -0.00140454 0.0954097
1.35 0.184273 0.189606 -0.00138314 0.0941115
1.375 0.181599 0.186939 -0.00136065 0.0927893
1.4 0.178884 0.184225 -0.00133709 0.091444
1.425 0.176131 0.181466 -0.00131252 0.0900769
1.45 0.173342 0.178665 -0.00128695 0.0886892
1.475 0.17052 0.175824 -0.00126044 0.0872819
1.5 0.167666 0.172946 -0.00123303 0.0858564
1.525 0.164783 0.170033 -0.00120477 0.084414
1.55 0.161874 0.167088 -0.0011757 0.0829561
1.575 0.158941 0.164114 -0.00114589 0.0814839
1.6 0.155986 0.161113 -0.00111539 0.0799989
1.625 0.153013 0.158089 -0.00108426 0.0785025
1.65 0.150025 0.155045 -0.00105254 0.0769961
1.675 0.147023 0.151983 -0.00102031 0.0754812
1.7 0.14401 0.148906 -0.000987625 0.0739593
1.725 0.14099 0.145818 -0.000954544 0.0724317
1.75 0.137964 0.142721 -0.00092113 0.0709
1.775 0.134936 0.139619 -0.000887447 0.0693656
1.8 0.131909 0.136514 -0.000853559 0.0678301
1.825 0.128884 0.133409 -0.000819526 0.0662947
1.85 0.125865 0.130308 -0.000785413 0.0647611
1.875 0.122854 0.127212 -0.000751281 0.0632305
1.9 0.119854 0.124126 -0.000717192 0.0617044
1.925 0.116868 0.121051 -0.000683204 0.0601841
1.95 0.113897 0.117991 -0.000649378 0.058671
1.975 0.110945 0.114949 -0.000615771 0.0571664
2 0.108013 0.111926 -0.000582439 0.0556716
2.025 0.105105 0.108925 -0.000549436 0.0541878
2.05 0.102222 0.105949 -0.000516814 0.0527163
2.075 0.0993658 0.103001 -0.000484624 0.0512581
2.1 0.0965396 0.100082 -0.000452914 0.0498143
2.125 0.0937448 0.0971941 -0.000421729 0.0483862
2.15 0.0909835 0.0943404 -0.000391113 0.0469746
2.175 0.0882575 0.0915223 -0.000361106 0.0455806
2.2 0.0855685 0.0887419 -0.000331747 0.0442051
2.225 0.0829181 0.0860008 -0.000303071 0.0428489
2.25 0.0803079 0.0833008 -0.000275111 0.0415129
2.275 0.0777393 0.0806435 -0.000247897 0.0401978
2.3 0.0752137 0.0780302 -0.000221456 0.0389043
2.325 0.0727323 0.0754623 -0.000195812 0.0376332
2.35 0.0702963 0.072941 -0.000170986 0.036385
2.375 0.0679066 0.0704675 -0.000146999 0.0351602
2.4 0.0655642 0.0680427 -0.000123865 0.0339594
2.425 0.06327 0.0656676 -0.000101597 0.032783
2.45 0.0610247 0.063343 -8.02063e-05 0.0316314
2.475 0.0588289 0.0610695 -5.97003e-05 0.0305049
2.5 0.0566832 0.0588477 -4.00842e-05 0.0294038
2.525 0.054588 0.056678 -2.13606e-05 0.0283283
2.55 0.0525436 0.0545609 -3.52968e-06 0.0272787
2.575 0.0505503 0.0524967 1.34108e-05 0.026255
2.6 0.0486082 0.0504854 2.94652e-05 0.0252574
2.625 0.0467175 0.0485272 4.46403e-05 0.0242859
2.65 0.0448781 0.0466221 5.89447e-05 0.0233405
2.675 0.0430899 0.0447699 7.2389e-05 0.0224211
2.7 0.0413528 0.0429705 8.49858e-05 0.0215277
2.725 0.0396664 0.0412236 9.67492e-05 0.0206602
2.75 0.0380306 0.039529 0.000107695 0.0198183
2.775 0.0364448 0.0378861 0.000117841 0.019002
2.8 0.0349086 0.0362945 0.000127205 0.0182109
2.825 0.0334216 0.0347537 0.000135807 0.0174448
2.85 0.0319831 0.0332631 0.000143668 0.0167034
2.875 0.0305925 0.031822 0.000150811 0.0159864
2.9 0.0292492 0.0304297 0.000157257 0.0152935
2.925 0.0279523 0.0290854 0.000163031 0.0146242
2.95 0.0267011 0.0277883 0.000168157 0.0139782
2.975 0.0254948 0.0265377 0.00017266 0.0133552
3 0.0243326 0.0253325 0.000176564 0.0127545
3.025 0.0232136 0.024172 0.000179895 0.0121759
3.05 0.0221368 0.023055 0.000182679 0.0116189
3.075 0.0211013 0.0219808 0.000184941 0.0110829
3.1 0.0201061 0.0209482 0.000186708 0.0105675
3.125 0.0191504 0.0199563 0.000188005 0.0100721
3.15 0.018233 0.019004 0.000188857 0.00959644
3.175 0.017353 0.0180903 0.000189289 0.00913981
3.2 0.0165093 0.0172142 0.000189327 0.00870176
3.225 0.0157009 0.0163745 0.000188996 0.00828177
3.25 0.0149269 0.0155703 0.000188318 0.00787932
3.275 0.0141861 0.0148005 0.000187319 0.00749388
3.3 0.0134775 0.0140639 0.000186021 0.00712495
3.325 0.0128001 0.0133596 0.000184446 0.006772
3.35 0.012153 0.0126864 0.000182616 0.00643452
3.375 0.0115349 0.0120434 0.000180553 0.006112
3.4 0.0109451 0.0114296 0.000178277 0.00580393
3.425 0.0103824 0.0108438 0.000175807 0.00550981
3.45 0.00984589 0.0102851 0.000173163 0.00522914
3.475 0.0093346 0.00975252 0.000170363 0.00496144
3.5 0.00884759 0.00924505 0.000167424 0.00470624
3.525 0.0083839 0.00876173 0.000164362 0.00446305
3.55 0.00794263 0.00830163 0.000161194 0.00423141
3.575 0.00752289 0.00786383 0.000157935 0.00401088
3.6 0.00712379 0.00744743 0.000154599 0.00380102
3.625 0.00674448 0.00705155 0.000151198 0.00360138
3.65 0.00638413 0.00667534 0.000147747 0.00341154
3.675 0.00604192 0.00631796 0.000144257 0.00323111
3.7 0.00571707 0.00597859 0.000140738 0.00305967
3.725 0.00540881 0.00565647 0.000137202 0.00289683
3.75 0.0051164 0.00535081 0.000133658 0.00274223
3.775 0.00483911 0.00506088 0.000130115 0.0025955
3.8 0.00457626 0.00478597 0.000126581 0.00245627
3.825 0.00432716 0.00452538 0.000123064 0.00232422
3.85 0.00409118 0.00427844 0.00011957 0.00219901
3.875 0.00386768 0.00404452 0.000116108 0.00208031
3.9 0.00365606 0.00382298 0.000112681 0.00196783
3.925 0.00345574 0.00361323 0.000109295 0.00186126
3.95 0.00326616 0.00341469 0.000105956 0.00176032
3.975 0.00308679 0.00322682 0.000102667 0.00166474
4 0.00291712 0.00304908 9.94314e-05 0.00157426
4.025 0.00275665 0.00288096 9.62534e-05 0.00148861
4.05 0.00260491 0.00272197 9.31354e-05 0.00140755
4.075 0.00246145 0.00257165 9.00799e-05 0.00133087
4.1 0.00232585 0.00242956 8.70888e-05 0.00125832
4.125 0.00219768 0.00229525 8.4164e-05 0.00118971
4.15 0.00207656 0.00216833 8.13068e-05 0.00112482
4.175 0.00196211 0.0020484 7.85183e-05 0.00106346
4.2 0.00185397 0.0019351 7.57991e-05 0.00100545
4.225 0.00175181 0.00182807 7.31499e-05 0.000950612
4.25 0.00165531 0.00172698 7.05708e-05 0.000898775
4.275 0.00156415 0.0016315 6.8062e-05 0.000849779
4.3 0.00147804 0.00154132 6.56233e-05 0.000803472
4.325 0.00139671 0.00145616 6.32544e-05 0.000759709
4.35 0.00131989 0.00137575 6.09547e-05 0.000718352
4.375 0.00124733 0.00129982 5.87236e-05 0.00067927
4.4 0.00117881 0.00122812 5.65604e-05 0.000642339
4.425 0.00111408 0.00116042 5.44641e-05 0.000607441
4.45 0.00105295 0.00109649 5.24337e-05 0.000574463
4.475 0.000995209 0.00103613 5.04681e-05 0.000543301
4.5 0.000940669 0.000979139 4.85662e-05 0.000513852
4.525 0.00088915 0.000925321 4.67268e-05 0.000486024
4.55 0.000840484 0.0008745 4.49484e-05 0.000459724
4.575 0.000794509 0.000826508 4.32298e-05 0.000434869
4.6 0.000751075 0.000781185 4.15696e-05 0.000411378
4.625 0.000710038 0.000738381 3.99664e-05 0.000389174
4.65 0.000671264 0.000697952 3.84187e-05 0.000368185
4.675 0.000634626 0.000659765 3.69252e-05 0.000348345
4.7 0.000600002 0.000623693 3.54842e-05 0.000329588
4.725 0.000567281 0.000589615 3.40945e-05 0.000311855
4.75 0.000536356 0.00055742 3.27545e-05 0.000295087
4.775 0.000507125 0.000527 3.14628e-05 0.000279232
4.8 0.000479494 0.000498257 3.0218e-05 0.000264237
4.825 0.000453374 0.000471094 2.90185e-05 0.000250056
4.85 0.000428681 0.000445423 2.78631e-05 0.000236643
4.875 0.000405334 0.00042116 2.67503e-05 0.000223955
4.9 0.000383259 0.000398227 2.56788e-05 0.000211953
4.925 0.000362386 0.000376548 2.46473e-05 0.000200597
4.95 0.000342649 0.000356053 2.36543e-05 0.000189854
4.975 0.000323984 0.000336676 2.26987e-05 0.000179688
5 0.000306332 0.000318356 2.17793e-05 0.000170068
5.025 0.000289639 0.000301033 2.08947e-05 0.000160964
5.05 0.000273851 0.000284652 2.00437e-05 0.000152348
5.075 0.00025892 0.000269162 1.92254e-05 0.000144194
5.1 0.000244797 0.000254512 1.84384e-05 0.000136475
5.125 0.000231441 0.000240658 1.76817e-05 0.00012917
5.15 0.000218809 0.000227554 1.69543e-05 0.000122254
5.175 0.000206861 0.000215161 1.62551e-05 0.000115708
5.2 0.000195562 0.00020344 1.55831e-05 0.000109511
5.225 0.000184875 0.000192353 1.49374e-05 0.000103645
5.25 0.000174769 0.000181868 1.4317e-05 9.80922e-05
5.275 0.000165212 0.00017195 1.37209e-05 9.28354e-05
5.3 0.000156175 0.00016257 1.31484e-05 8.7859e-05
5.325 0.00014763 0.000153698 1.25986e-05 8.31482e-05
5.35 0.00013955 0.000145307 1.20706e-05 7.86889e-05
5.375 0.000131911 0.000137372 1.15636e-05 7.44678e-05
5.4 0.000124689 0.000129868 1.1077e-05 7.04723e-05
5.425 0.000117862 0.000122771 1.06098e-05 6.66906e-05
5.45 0.000111409 0.000116061 1.01615e-05 6.31113e-05
5.475 0.00010531 0.000109716 9.73128e-06 5.97239e-05
5.5 9.95458e-05 0.000103718 9.31852e-06 5.65181e-05
5.525 9.40987e-05 9.80465e-05 8.92256e-06 5.34845e-05
5.55 8.89517e-05 9.26854e-05 8.54277e-06 5.06141e-05
5.575 8.40887e-05 8.76178e-05 8.17854e-06 4.78982e-05
5.6 7.94945e-05 8.28281e-05 7.8293e-06 4.53287e-05
5.625 7.51545e-05 7.83014e-05 7.49446e-06 4.2898e-05
5.65 7.1055e-05 7.40238e-05 7.17349e-06 4.05986e-05
5.675 6.71831e-05 6.99817e-05 6.86586e-06 3.84238e-05
5.7 6.35263e-05 6.61627e-05 6.57106e-06 3.63669e-05
5.725 6.00731e-05 6.25547e-05 6.28859e-06 3.44217e-05
5.75 5.68122e-05 5.91465e-05 6.01797e-06 3.25822e-05
5.775 5.37331e-05 5.59271e-05 5.75876e-06 3.08429e-05
5.8 5.08259e-05 5.28864e-05 5.51049e-06 2.91985e-05
5.825 4.80811e-05 5.00147e-05 5.27275e-06 2.76437e-05
5.85 4.54897e-05 4.73029e-05 5.04512e-06 2.6174e-05
5.875 4.30431e-05 4.47421e-05 4.82719e-06 2.47847e-05
5.9 4.07334e-05 4.23242e-05 4.61858e-06 2.34714e-05
5.925 3.85528e-05 4.00413e-05 4.41891e-06 2.22301e-05
5.95 3.64941e-05 3.78859e-05 4.22782e-06 2.10568e-05
5.975 3.45505e-05 3.58509e-05 4.04497e-06 1.99479e-05
6 3.27154e-05 3.39297e-05 3.87002e-06 1.88999e-05
6.025 3.09826e-05 3.2116e-05 3.70264e-06 1.79093e-05
6.05 2.93465e-05 3.04037e-05 3.54252e-06 1.69731e-05
6.075 2.78014e-05 2.87871e-05 3.38935e-06 1.60882e-05
6.1 2.63422e-05 2.72608e-05 3.24285e-06 1.52518e-05
6.125 2.49638e-05 2.58197e-05 3.10273e-06 1.44612e-05
6.15 2.36618e-05 2.4459e-05 2.96873e-06 1.37139e-05
6.175 2.24315e-05 2.3174e-05 2.84058e-06 1.30073e-05
6.2 2.1269e-05 2.19605e-05 2.71803e-06 1.23393e-05
6.225 2.01703e-05 2.08143e-05 2.60084e-06 1.17076e-05
6.25 1.91317e-05 1.97315e-05 2.48878e-06 1.11101e-05
6.275 1.81496e-05 1.87085e-05 2.38162e-06 1.0545e-05
6.3 1.72209e-05 1.77417e-05 2.27915e-06 1.00104e-05
6.325 1.63423e-05 1.6828e-05 2.18116e-06 9.5046e-06
6.35 1.5511e-05 1.59643e-05 2.08745e-06 9.02587e-06
6.375 1.47243e-05 1.51476e-05 1.99784e-06 8.57271e-06
6.4 1.39795e-05 1.43751e-05 1.91214e-06 8.14364e-06
6.425 1.32741e-05 1.36444e-05 1.83017e-06 7.73728e-06
6.45 1.2606e-05 1.29529e-05 1.75177e-06 7.35234e-06
6.475 1.19729e-05 1.22984e-05 1.67678e-06 6.98758e-06
6.5 1.13729e-05 1.16787e-05 1.60504e-06 6.64185e-06
6.525 1.08039e-05 1.10917e-05 1.53641e-06 6.31405e-06
6.55 1.02643e-05 1.05356e-05 1.47074e-06 6.00317e-06
6.575 9.75234e-06 1.00086e-05 1.4079e-06 5.70824e-06
6.6 9.26644e-06 9.50894e-06 1.34776e-06 5.42835e-06
6.625 8.80512e-06 9.03509e-06 1.29021e-06 5.16265e-06
6.65 8.36702e-06 8.58556e-06 1.23511e-06 4.91034e-06
6.675 7.95083e-06 8.15896e-06 1.18237e-06 4.67066e-06
6.7 7.55532e-06 7.75398e-06 1.13187e-06 4.44292e-06
6.725 7.17937e-06 7.3694e-06 1.08351e-06 4.22645e-06
6.75 6.82191e-06 7.00406e-06 1.0372e-06 4.02063e-06
6.775 6.48192e-06 6.65691e-06 9.92838e-07 3.82487e-06
6.8 6.15849e-06 6.32693e-06 9.50348e-07 3.63864e-06
6.825 5.85072e-06 6.01317e-06 9.09641e-07 3.46141e-06
6.85 5.55781e-06 5.71477e-06 8.70638e-07 3.2927e-06
6.875 5.27898e-06 5.43089e-06 8.33265e-07 3.13208e-06
6.9 5.01351e-06 5.16076e-06 7.97449e-07 2.9791e-06
6.925 4.76073e-06 4.90365e-06 7.63123e-07 2.83339e-06
6.95 4.52e-06 4.6589e-06 7.30222e-07 2.69456e-06
6.975 4.29075e-06 4.42586e-06 6.98685e-07 2.56227e-06
7 4.0724e-06 4.20393e-06 6.68454e-07 2.43619e-06
7.025 3.86445e-06 3.99257e-06 6.39473e-07 2.31602e-06
7.05 3.66639e-06 3.79124e-06 6.11689e-07 2.20147e-06
7.075 3.47778e-06 3.59947e-06 5.85054e-07 2.09226e-06
7.1 3.29818e-06 3.41678e-06 5.59518e-07 1.98815e-06
7.125 3.12717e-06 3.24274e-06 5.35038e-07 1.88889e-06
7.15 2.96438e-06 3.07695e-06 5.11569e-07 1.79426e-06
7.175 2.80945e-06 2.91902e-06 4.89072e-07 1.70404e-06
7.2 2.66201e-06 2.76859e-06 4.67507e-07 1.61805e-06
7.225 2.52175e-06 2.62532e-06 4.46837e-07 1.53608e-06
7.25 2.38837e-06 2.4889e-06 4.27027e-07 1.45796e-06
7.275 2.26155e-06 2.35901e-06 4.08044e-07 1.38353e-06
7.3 2.14102e-06 2.23537e-06 3.89854e-07 1.31261e-06
7.325 2.0265e-06 2.1177e-06 3.72427e-07 1.24507e-06
7.35 1.91775e-06 2.00576e-06 3.55734e-07 1.18075e-06
7.375 1.81452e-06 1.89928e-06 3.39747e-07 1.11951e-06
7.4 1.71655e-06 1.79804e-06 3.24438e-07 1.06124e-06
7.425 1.62364e-06 1.70181e-06 3.09783e-07 1.0058e-06
7.45 1.53554e-06 1.61038e-06 2.95755e-07 9.53069e-07
7.475 1.45207e-06 1.52355e-06 2.82331e-07 9.02942e-07
7.5 1.373e-06 1.44112e-06 2.69489e-07 8.55305e-07
7.525 1.29815e-06 1.3629e-06 2.57206e-07 8.10054e-07
7.55 1.22731e-06 1.28872e-06 2.45461e-07 7.67088e-07
7.575 1.16032e-06 1.21839e-06 2.34234e-07 7.26311e-07
7.6 1.09698e-06 1.15176e-06 2.23504e-07 6.87629e-07
7.625 1.03712e-06 1.08865e-06 2.13252e-07 6.50953e-07
7.65 9.80587e-07 1.02893e-06 2.03461e-07 6.16195e-07
7.675 9.2721e-07 9.72431e-07 1.94112e-07 5.83272e-07
7.7 8.76836e-07 9.19016e-07 1.85188e-07 5.52102e-07
7.725 8.29315e-07 8.68542e-07 1.76673e-07 5.22607e-07
7.75 7.84501e-07 8.20875e-07 1.68549e-07 4.94712e-07
7.775 7.42256e-07 7.75884e-07 1.60801e-07 4.68343e-07
7.8 7.02447e-07 7.33441e-07 1.53415e-07 4.43428e-07
7.825 6.64943e-07 6.93423e-07 1.46375e-07 4.19899e-07
7.85 6.29622e-07 6.55712e-07 1.39667e-07 3.97689e-07
7.875 5.96364e-07 6.20192e-07 1.33277e-07 3.76734e-07
7.9 5.65057e-07 5.86751e-07 1.27191e-07 3.56971e-07
7.925 5.3559e-07 5.55282e-07 1.21397e-07 3.3834e-07
7.95 5.07861e-07 5.25681e-07 1.15882e-07 3.20782e-07
7.975 4.81769e-07 4.97848e-07 1.10633e-07 3.04241e-07
8 4.57221e-07 4.71685e-07 1.0564e-07 2.88662e-07
8.025 4.34125e-07 4.47099e-07 1.00889e-07 2.73994e-07
8.05 4.12397e-07 4.24e-07 9.63697e-08 2.60185e-07
8.075 3.91953e-07 4.02303e-07 9.2072e-08 2.47187e-07
8.1 3.72718e-07 3.81923e-07 8.79849e-08 2.34954e-07
8.125 3.54616e-07 3.62783e-07 8.40984e-08 2.23441e-07
8.15 3.37578e-07 3.44805e-07 8.04028e-08 2.12604e-07
8.175 3.21537e-07 3.27917e-07 7.68886e-08 2.02403e-07
8.2 3.06431e-07 3.12051e-07 7.35467e-08 1.92799e-07
8.225 2.92201e-07 2.9714e-07 7.03686e-08 1.83754e-07
8.25 2.78789e-07 2.83121e-07 6.73456e-08 1.75233e-07
8.275 2.66143e-07 2.69935e-07 6.44698e-08 1.67203e-07
8.3 2.54212e-07 2.57527e-07 6.17335e-08 1.5963e-07
8.325 2.42948e-07 2.45842e-07 5.91291e-08 1.52485e-07
8.35 2.32306e-07 2.3483e-07 5.66495e-08 1.4574e-07
8.375 2.22244e-07 2.24445e-07 5.42881e-08 1.39367e-07
8.4 2.12721e-07 2.14642e-07 5.20381e-08 1.3334e-07
8.425 2.037e-07 2.0538e-07 4.98935e-08 1.27637e-07
8.45 1.95144e-07 1.96618e-07 4.78483e-08 1.22233e-07
8.475 1.8702e-07 1.88322e-07 4.58969e-08 1.17109e-07
8.5 1.79298e-07 1.80456e-07 4.4034e-08 1.12245e-07
8.525 1.71946e-07 1.7299e-07 4.22545e-08 1.07622e-07
8.55 1.64937e-07 1.65893e-07 4.05537e-08 1.03224e-07
8.575 1.58246e-07 1.5914e-07 3.89269e-08 9.90332e-08
8.6 1.51848e-07 1.52703e-07 3.737e-08 9.50365e-08
8.625 1.45722e-07 1.4656e-07 3.58789e-08 9.12196e-08
8.65 1.39845e-07 1.4069e-07 3.44498e-08 8.757e-08
8.675 1.342e-07 1.35073e-07 3.30792e-08 8.4076e-08
8.7 1.28768e-07 1.2969e-07 3.17638e-08 8.07268e-08
8.725 1.23535e-07 1.24525e-07 3.05004e-08 7.75125e-08
8.75 1.18485e-07 1.19562e-07 2.92863e-08 7.4424e-08
8.775 1.13605e-07 1.14787e-07 2.81187e-08 7.1453e-08
8.8 1.08885e-07 1.10189e-07 2.6995e-08 6.85919e-08
8.825 1.04313e-07 1.05755e-07 2.5913e-08 6.58338e-08
8.85 9.98804e-08 1.01474e-07 2.48706e-08 6.31722e-08
8.875 9.558e-08 9.73375e-08 2.38657e-08 6.06016e-08
8.9 9.14049e-08 9.33368e-08 2.28965e-08 5.81167e-08
8.925 8.73494e-08 8.94641e-08 2.19613e-08 5.57127e-08
8.95 8.3409e-08 8.57126e-08 2.10587e-08 5.33856e-08
8.975 7.95798e-08 8.2076e-08 2.01871e-08 5.11315e-08
9 7.5859e-08 7.85491e-08 1.93452e-08 4.89472e-08
9.025 7.22445e-08 7.51269e-08 1.8532e-08 4.68295e-08
9.05 6.87346e-08 7.18054e-08 1.77462e-08 4.47758e-08
9.075 6.53284e-08 6.8581e-08 1.69869e-08 4.27839e-08
9.1 6.20253e-08 6.54503e-08 1.62531e-08 4.08517e-08
9.125 5.88252e-08 6.24109e-08 1.55441e-08 3.89775e-08
9.15 5.57281e-08 5.94604e-08 1.4859e-08 3.71597e-08
9.175 5.27344e-08 5.6597e-08 1.41972e-08 3.53971e-08
9.2 4.98445e-08 5.38192e-08 1.35581e-08 3.36886e-08
9.225 4.70589e-08 5.11256e-08 1.29409e-08 3.20332e-08
9.25 4.4378e-08 4.85154e-08 1.23452e-08 3.04303e-08
9.275 4.18021e-08 4.59878e-08 1.17704e-08 2.88791e-08
9.3 3.93315e-08 4.35422e-08 1.12161e-08 2.73791e-08
9.325 3.69662e-08 4.11783e-08 1.06818e-08 2.593e-08
9.35 3.47059e-08 3.88957e-08 1.0167e-08 2.45314e-08
9.375 3.25502e-08 3.66943e-08 9.67147e-09 2.31829e-08
9.4 3.04982e-08 3.4574e-08 9.19466e-09 2.18843e-08
9.425 2.85488e-08 3.25346e-08 8.73624e-09 2.06354e-08
9.45 2.67007e-08 3.0576e-08 8.29583e-09 1.94359e-08
9.475 2.4952e-08 2.86981e-08 7.87307e-09 1.82856e-08
9.5 2.33007e-08 2.69006e-08 7.46759e-09 1.71841e-08
9.525 2.17445e-08 2.51833e-08 7.07904e-09 1.61312e-08
9.55 2.02805e-08 2.35457e-08 6.70706e-09 1.51264e-08
9.575 1.8906e-08 2.19873e-08 6.35128e-09 1.41693e-08
9.6 1.76177e-08 2.05074e-08 6.01135e-09 1.32594e-08
9.625 1.64123e-08 1.91053e-08 5.68691e-09 1.23961e-08
9.65 1.52862e-08 1.77798e-08 5.37759e-09 1.15787e-08
9.675 1.42359e-08 1.65298e-08 5.08301e-09 1.08064e-08
9.7 1.32574e-08 1.5354e-08 4.80281e-09 1.00784e-08
9.725 1.23471e-08 1.42508e-08 4.53661e-09 9.39373e-09
9.75 1.15012e-08 1.32186e-08 4.28401e-09 8.7513e-09
9.775 1.07157e-08 1.22554e-08 4.04463e-09 8.15e-09
9.8 9.98702e-09 1.13591e-08 3.81808e-09 7.58858e-09
9.825 9.31149e-09 1.05276e-08 3.60396e-09 7.06576e-09
9.85 8.68559e-09 9.75842e-09 3.40186e-09 6.58014e-09
9.875 8.10594e-09 9.04917e-09 3.21139e-09 6.13028e-09
9.9 7.56933e-09 8.39721e-09 3.03212e-09 5.71466e-09
9.925 7.07276e-09 7.79983e-09 2.86366e-09 5.33174e-09
9.95 6.6134e-09 7.25425e-09 2.70558e-09 4.97991e-09
9.975 6.18864e-09 6.75763e-09 2.55748e-09 4.65756e-09
10 5.79609e-09 6.30711e-09 2.41894e-09 4.36302e-09
10.025 5.43355e-09 5.89978e-09 2.28954e-09 4.09466e-09
10.05 5.09905e-09 5.53277e-09 2.16888e-09 3.85082e-09
10.075 4.79082e-09 5.20321e-09 2.05653e-09 3.62987e-09
10.1 4.50727e-09 4.90829e-09 1.95209e-09 3.43019e-09
10.125 4.24698e-09 4.64525e-09 1.85516e-09 3.25021e-09
10.15 4.00869e-09 4.41143e-09 1.76533e-09 3.08838e-09
10.175 3.79129e-09 4.20424e-09 1.6822e-09 2.94322e-09
10.2 3.59378e-09 4.02121e-09 1.60538e-09 2.8133e-09
10.225 3.41526e-09 3.86e-09 1.53448e-09 2.69724e-09
10.25 3.25491e-09 3.71837e-09 1.46913e-09 2.59375e-09
10.275 3.11194e-09 3.59426e-09 1.40895e-09 2.5016e-09
10.3 2.98564e-09 3.48571e-09 1.35358e-09 2.41964e-09
10.325 2.87528e-09 3.39092e-09 1.30266e-09 2.34679e-09
10.35 2.78013e-09 3.30825e-09 1.25586e-09 2.28205e-09
10.375 2.69945e-09 3.23617e-09 1.21283e-09 2.2245e-09
10.4 2.63248e-09 3.17334e-09 1.17326e-09 2.1733e-09
10.425 2.5784e-09 3.11851e-09 1.13682e-09 2.12767e-09
10.45 2.53633e-09 3.07059e-09 1.10324e-09 2.08691e-09
10.475 2.50535e-09 3.02859e-09 1.07221e-09 2.0504e-09
10.5 2.48448e-09 2.99165e-09 1.04347e-09 2.01756e-09
10.525 2.47268e-09 2.95901e-09 1.01675e-09 1.98788e-09
10.55 2.46885e-09 2.93001e-09 9.91821e-10 1.96092e-09
10.575 2.47183e-09 2.90406e-09 9.6844e-10 1.93625e-09
10.6 2.48043e-09 2.88065e-09 9.46394e-10 1.91352e-09
10.625 2.49344e-09 2.85933e-09 9.25482e-10 1.89241e-09
10.65 2.50959e-09 2.8397e-09 9.05517e-10 1.87261e-09
10.675 2.52764e-09 2.82141e-09 8.86328e-10 1.85387e-09
10.7 2.54634e-09 2.80413e-09 8.67756e-10 1.83594e-09
10.725 2.56447e-09 2.78756e-09 8.49661e-10 1.81861e-09
10.75 2.58083e-09 2.77141e-09 8.31912e-10 1.80166e-09
10.775 2.5943e-09 2.75542e-09 8.14397e-10 1.78491e-09
10.8 2.6038e-09 2.73931e-09 7.97014e-10 1.76816e-09
10.825 2.60837e-09 2.72282e-09 7.79677e-10 1.75125e-09
10.85 2.60712e-09 2.70567e-09 7.62312e-10 1.73399e-09
10.875 2.59927e-09 2.68759e-09 7.44856e-10 1.71622e-09
10.9 2.58417e-09 2.66832e-09 7.2726e-10 1.69779e-09
10.925 2.5613e-09 2.64756e-09 7.09484e-10 1.67852e-09
10.95 2.53027e-09 2.62505e-09 6.91502e-10 1.65827e-09
10.975 2.49082e-09 2.6005e-09 6.73292e-10 1.6369e-09
11 2.44285e-09 2.57365e-09 6.54847e-10 1.61425e-09
11.025 2.3864e-09 2.54424e-09 6.36164e-10 1.5902e-09
11.05 2.32164e-09 2.51201e-09 6.17251e-10 1.56463e-09
11.075 2.24886e-09 2.47674e-09 5.98118e-10 1.53743e-09
11.1 2.16851e-09 2.43823e-09 5.78787e-10 1.50851e-09
11.125 2.08114e-09 2.3963e-09 5.59279e-10 1.47779e-09
11.15 1.9874e-09 2.35081e-09 5.39625e-10 1.44522e-09
11.175 1.88804e-09 2.30165e-09 5.19856e-10 1.41075e-09
11.2 1.7839e-09 2.24876e-09 5.00006e-10 1.37438e-09
11.225 1.67588e-09 2.19213e-09 4.80114e-10 1.33612e-09
11.25 1.56492e-09 2.13178e-09 4.60219e-10 1.296e-09
11.275 1.452e-09 2.0678e-09 4.4036e-10 1.25408e-09
11.3 1.33813e-09 2.00032e-09 4.20579e-10 1.21045e-09
11.325 1.22428e-09 1.92952e-09 4.00916e-10 1.16522e-09
11.35 1.11145e-09 1.85563e-09 3.81411e-10 1.11852e-09
11.375 1.00059e-09 1.77893e-09 3.62104e-10 1.07052e-09
11.4 8.92586e-10 1.69975e-09 3.43032e-10 1.02139e-09
11.425 7.88288e-10 1.61845e-09 3.24233e-10 9.71343e-10
11.45 6.88465e-10 1.53545e-09 3.05741e-10 9.20594e-10
11.475 5.93801e-10 1.45117e-09 2.87589e-10 8.69379e-10
11.5 5.04892e-10 1.36608e-09 2.69808e-10 8.17945e-10
11.525 4.22233e-10 1.28067e-09 2.52426e-10 7.66549e-10
11.55 3.46217e-10 1.19544e-09 2.35469e-10 7.15453e-10
11.575 2.7713e-10 1.11088e-09 2.1896e-10 6.64921e-10
11.6 2.15147e-10 1.02751e-09 2.02922e-10 6.15216e-10
11.625 1.6034e-10 9.45821e-10 1.87372e-10 5.66597e-10
11.65 1.12672e-10 8.66295e-10 1.72328e-10 5.19311e-10
11.675 7.20089e-11 7.89392e-10 1.57804e-10 4.73598e-10
11.7 3.81188e-11 7.15544e-10 1.43811e-10 4.29678e-10
11.725 1.06844e-11 6.45149e-10 1.30361e-10 3.87755e-10
11.75 -1.06906e-11 5.78564e-10 1.17461e-10 3.48012e-10
11.775 -2.64712e-11 5.16102e-10 1.05117e-10 3.1061e-10
11.8 -3.71803e-11 4.58029e-10 9.33345e-11 2.75682e-10
11.825 -4.33877e-11 4.04555e-10 8.21163e-11 2.43336e-10
11.85 -4.56974e-11 3.5584e-10 7.14639e-11 2.13652e-10
11.875 -4.47364e-11 3.11986e-10 6.13776e-11 1.86682e-10
11.9 -4.11422e-11 2.73038e-10 5.18562e-11 1.62447e-10
11.925 -3.55508e-11 2.38988e-10 4.28977e-11 1.40943e-10
11.95 -2.85854e-11 2.09771e-10 3.44986e-11 1.22135e-10
11.975 -2.0846e-11 1.85269e-10 2.66548e-11 1.05962e-10
12 -1.28986e-11 1.65317e-10 1.93608e-11 9.23391e-11
12.025 -5.26662e-12 1.49703e-10 1.26105e-11 8.11569e-11
12.05 1.57695e-12 1.38173e-10 6.39668e-12 7.2285e-11
12.075 7.21662e-12 1.30437e-10 7.11408e-13 6.55743e-11
12.1 1.12997e-11 1.26174e-10 -4.45423e-12 6.086e-11
12.125 1.35405e-11 1.25038e-10 -9.10997e-12 5.79641e-11
12.15 1.37229e-11 1.26663e-10 -1.32664e-11 5.66985e-11
12.175 1.17018e-11 1.30672e-10 -1.69351e-11 5.68684e-11
12.2 7.40319e-12 1.36679e-10 -2.01285e-11 5.82751e-11
12.225 8.22472e-13 1.44298e-10 -2.28598e-11 6.07193e-11
12.25 -7.97792e-12 1.53152e-10 -2.51434e-11 6.40043e-11
12.275 -1.88724e-11 1.62871e-10 -2.69943e-11 6.79382e-11
12.3 -3.16774e-11 1.73104e-10 -2.84287e-11 7.23375e-11
12.325 -4.61565e-11 1.83521e-10 -2.94638e-11 7.70288e-11
12.35 -6.20281e-11 1.93821e-10 -3.01174e-11 8.18517e-11
12.375 -7.8972e-11 2.03728e-10 -3.04086e-11 8.66599e-11
12.4 -9.66374e-11 2.13005e-10 -3.0357e-11 9.13238e-11
12.425 -1.14651e-10 2.21445e-10 -2.99834e-11 9.57309e-11
12.45 -1.32627e-10 2.28883e-10 -2.93091e-11 9.97872e-11
12.475 -1.50173e-10 2.35191e-10 -2.83564e-11 1.03417e-10
12.5 -1.66899e-10 2.40279e-10 -2.7148e-11 1.06566e-10
12.525 -1.82428e-10 2.44097e-10 -2.57072e-11 1.09195e-10
12.55 -1.96399e-10 2.46631e-10 -2.40579e-11 1.11287e-10
12.575 -2.08479e-10 2.47905e-10 -2.22241e-11 1.1284e-10
12.6 -2.18368e-10 2.47973e-10 -2.02302e-11 1.13871e-10
12.625 -2.25801e-10 2.46923e-10 -1.81006e-11 1.14411e-10
12.65 -2.30559e-10 2.44869e-10 -1.58598e-11 1.14504e-10
12.675 -2.32469e-10 2.41948e-10 -1.35317e-11 1.14208e-10
12.7 -2.31408e-10 2.38317e-10 -1.11402e-11 1.13589e-10
12.725 -2.27304e-10 2.34151e-10 -8.70858e-12 1.12721e-10
12.75 -2.20141e-10 2.29631e-10 -6.25948e-12 1.11686e-10
12.775 -2.09953e-10 2.24948e-10 -3.81471e-12 1.10567e-10
12.8 -1.9683e-10 2.20294e-10 -1.39515e-12 1.09449e-10
12.825 -1.80909e-10 2.15859e-10 9.79414e-13 1.08419e-10
12.85 -1.62378e-10 2.11827e-10 3.2904e-12 1.07558e-10
12.875 -1.41469e-10 2.08369e-10 5.52054e-12 1.06945e-10
12.9 -1.18452e-10 2.05644e-10 7.65402e-12 1.06649e-10
12.925 -9.36342e-11 2.03795e-10 9.67655e-12 1.06736e-10
12.95 -6.73532e-11 2.02941e-10 1.15754e-11 1.07258e-10
12.975 -3.99697e-11 2.03181e-10 1.33396e-11 1.0826e-10
13 -1.18625e-11 2.0459e-10 1.49597e-11 1.09775e-10
13.025 1.65776e-11 2.07215e-10 1.64282e-11 1.11822e-10
13.05 4.49553e-11 2.11078e-10 1.77392e-11 1.14408e-10
13.075 7.28761e-11 2.16173e-10 1.88886e-11 1.17531e-10
13.1 9.99537e-11 2.22467e-10 1.98739e-11 1.21171e-10
13.125 1.25816e-10 2.29904e-10 2.06944e-11 1.25299e-10
13.15 1.50109e-10 2.38398e-10 2.1351e-11 1.29874e-10
13.175 1.72506e-10 2.47844e-10 2.18459e-11 1.34845e-10
13.2 1.92709e-10 2.58115e-10 2.2183e-11 1.40149e-10
13.225 2.10455e-10 2.69063e-10 2.23674e-11 1.45715e-10
13.25 2.25519e-10 2.80528e-10 2.24055e-11 1.51467e-10
13.275 2.37716e-10 2.92333e-10 2.23047e-11 1.57319e-10
13.3 2.46906e-10 3.04296e-10 2.20733e-11 1.63184e-10
13.325 2.52994e-10 3.16224e-10 2.17206e-11 1.68972e-10
13.35 2.55931e-10 3.27923e-10 2.12565e-11 1.7459e-10
13.375 2.55713e-10 3.39202e-10 2.06912e-11 1.79947e-10
13.4 2.52383e-10 3.49871e-10 2.00357e-11 1.84953e-10
13.425 2.46028e-10 3.59747e-10 1.93009e-11 1.89524e-10
13.45 2.36778e-10 3.68659e-10 1.8498e-11 1.93579e-10
13.475 2.248e-10 3.7645e-10 1.76378e-11 1.97044e-10
13.5 2.10303e-10 3.82977e-10 1.67314e-11 1.99854e-10
13.525 1.93523e-10 3.88117e-10 1.57893e-11 2.01953e-10
13.55 1.7473e-10 3.91766e-10 1.48216e-11 2.03294e-10
13.575 1.54217e-10 3.93844e-10 1.38379e-11 2.03841e-10
13.6 1.32295e-10 3.94293e-10 1.28473e-11 2.0357e-10
13.625 1.09294e-10 3.93079e-10 1.18581e-11 2.02469e-10
13.65 8.55499e-11 3.90194e-10 1.08778e-11 2.00536e-10
13.675 6.14064e-11 3.85654e-10 9.91319e-12 1.97784e-10
13.7 3.72059e-11 3.795e-10 8.97019e-12 1.94235e-10
13.725 1.32855e-11 3.71796e-10 8.05384e-12 1.89925e-10
13.75 -1.00273e-11 3.6263e-10 7.16832e-12 1.84899e-10
13.775 -3.24195e-11 3.52109e-10 6.31691e-12 1.79213e-10
13.8 -5.3597e-11 3.40361e-10 5.50205e-12 1.72932e-10
13.825 -7.3288e-11 3.27532e-10 4.72534e-12 1.66129e-10
13.85 -9.12468e-11 3.13781e-10 3.98759e-12 1.58884e-10
13.875 -1.07257e-10 2.99281e-10 3.28887e-12 1.51285e-10
13.9 -1.21133e-10 2.84215e-10 2.62855e-12 1.43422e-10
13.925 -1.32725e-10 2.68772e-10 2.0054e-12 1.35389e-10
13.95 -1.41914e-10 2.53146e-10 1.41763e-12 1.27282e-10
13.975 -1.48621e-10 2.37531e-10 8.62994e-13 1.19197e-10
14 -1.52803e-10 2.22121e-10 3.38836e-13 1.1123e-10
14.025 -1.5445e-10 2.07104e-10 -1.57791e-13 1.03473e-10
14.05 -1.53591e-10 1.92663e-10 -6.30058e-13 9.60167e-11
14.075 -1.50289e-10 1.7897e-10 -1.08128e-12 8.89443e-11
14.1 -1.44638e-10 1.66183e-10 -1.51481e-12 8.23343e-11
14.125 -1.36766e-10 1.5445e-10 -1.934e-12 7.62578e-11
14.15 -1.26826e-10 1.43898e-10 -2.34208e-12 7.07779e-11
14.175 -1.14999e-10 1.3464e-10 -2.74214e-12 6.59488e-11
14.2 -1.01488e-10 1.26767e-10 -3.137e-12 6.18152e-11
14.225 -8.65161e-11 1.20353e-10 -3.52923e-12 5.84118e-11
14.25 -7.03213e-11 1.15447e-10 -3.92102e-12 5.57629e-11
14.275 -5.31542e-11 1.12079e-10 -4.3142e-12 5.38824e-11
14.3 -3.52739e-11 1.10257e-10 -4.7102e-12 5.27734e-11
14.325 -1.69445e-11 1.09967e-10 -5.10997e-12 5.24287e-11
14.35 1.56914e-12 1.11175e-10 -5.51405e-12 5.28307e-11
14.375 2.00046e-11 1.13827e-10 -5.92249e-12 5.39522e-11
14.4 3.81057e-11 1.17848e-10 -6.3349e-12 5.57565e-11
14.425 5.56255e-11 1.23147e-10 -6.75042e-12 5.81984e-11
14.45 7.23301e-11 1.29617e-10 -7.16777e-12 6.12248e-11
14.475 8.80009e-11 1.37137e-10 -7.58529e-12 6.47757e-11
14.5 1.02437e-10 1.45571e-10 -8.00091e-12 6.87848e-11
14.525 1.1546e-10 1.54775e-10 -8.41227e-12 7.31811e-11
14.55 1.26911e-10 1.64596e-10 -8.81668e-12 7.78895e-11
14.575 1.36658e-10 1.74875e-10 -9.21126e-12 8.28318e-11
14.6 1.44592e-10 1.8545e-10 -9.5929e-12 8.79284e-11
14.625 1.50632e-10 1.96156e-10 -9.9584e-12 9.30989e-11
14.65 1.54724e-10 2.06831e-10 -1.03045e-11 9.82634e-11
14.675 1.56839e-10 2.17315e-10 -1.06278e-11 1.03343e-10
14.7 1.56978e-10 2.27452e-10 -1.09252e-11 1.08263e-10
14.725 1.55165e-10 2.37096e-10 -1.11935e-11 1.12951e-10
14.75 1.51451e-10 2.46108e-10 -1.14297e-11 1.17339e-10
14.775 1.45911e-10 2.5436e-10 -1.16311e-11 1.21364e-10
14.8 1.38644e-10 2.61738e-10 -1.17951e-11 1.24971e-10
14.825 1.29768e-10 2.6814e-10 -1.19197e-11 1.2811e-10
14.85 1.19421e-10 2.7348e-10 -1.20029e-11 1.30738e-10
14.875 1.07757e-10 2.77686e-10 -1.20433e-11 1.32821e-10
14.9 9.49458e-11 2.80705e-10 -1.204e-11 1.34333e-10
14.925 8.11689e-11 2.825e-10 -1.19923e-11 1.35254e-10
14.95 6.6617e-11 2.83049e-10 -1.19003e-11 1.35574e-10
14.975 5.14877e-11 2.82349e-10 -1.17642e-11 1.35292e-10
15 3.5983e-11 2.80414e-10 -1.1585e-11 1.34415e-10
15.025 2.03064e-11 2.77273e-10 -1.1364e-11 1.32955e-10
15.05 4.66067e-12 2.72972e-10 -1.1103e-11 1.30934e-10
15.075 -1.07553e-11 2.6757e-10 -1.08043e-11 1.28383e-10
15.1 -2.57482e-11 2.61141e-10 -1.04707e-11 1.25335e-10
15.125 -4.01333e-11 2.53771e-10 -1.01053e-11 1.21833e-10
15.15 -5.37359e-11 2.45557e-10 -9.71169e-12 1.17922e-10
15.175 -6.63938e-11 2.36605e-10 -9.29367e-12 1.13656e-10
15.2 -7.79588e-11 2.27032e-10 -8.85544e-12 1.09088e-10
15.225 -8.82983e-11 2.16957e-10 -8.40145e-12 1.04278e-10
15.25 -9.72967e-11 2.06507e-10 -7.93636e-12 9.92853e-11
15.275 -1.04856e-10 1.95811e-10 -7.46498e-12 9.4173e-11
15.3 -1.10899e-10 1.84999e-10 -6.99225e-12 8.90036e-11
15.325 -1.15364e-10 1.74202e-10 -6.52313e-12 8.38395e-11
15.35 -1.18214e-10 1.63548e-10 -6.06261e-12 7.87425e-11
15.375 -1.19428e-10 1.5316e-10 -5.61561e-12 7.37721e-11
15.4 -1.19007e-10 1.43158e-10 -5.18695e-12 6.89856e-11
15.425 -1.16971e-10 1.33656e-10 -4.78129e-12 6.44373e-11
15.45 -1.13357e-10 1.24757e-10 -4.40307e-12 6.01772e-11
15.475 -1.08224e-10 1.16559e-10 -4.05647e-12 5.62513e-11
15.5 -1.01645e-10 1.09147e-10 -3.74537e-12 5.27007e-11
15.525 -9.37091e-11 1.02595e-10 -3.47329e-12 4.9561e-11
15.55 -8.45214e-11 9.69681e-11 -3.24338e-12 4.68624e-11
15.575 -7.41992e-11 9.23163e-11 -3.05835e-12 4.4629e-11
15.6 -6.28719e-11 8.86782e-11 -2.92049e-12 4.28789e-11
15.625 -5.06785e-11 8.60794e-11 -2.83158e-12 4.16239e-11
15.65 -3.77664e-11 8.45322e-11 -2.79294e-12 4.08696e-11
15.675 -2.42894e-11 8.40363e-11 -2.80537e-12 4.06155e-11
15.7 -1.04059e-11 8.45785e-11 -2.86915e-12 4.08547e-11
15.725 3.72301e-12 8.61334e-11 -2.98404e-12 4.15747e-11
15.75 1.79353e-11 8.86638e-11 -3.1493e-12 4.27573e-11
15.775 3.20699e-11 9.21214e-11 -3.36366e-12 4.43789e-11
15.8 4.59683e-11 9.64474e-11 -3.62536e-12 4.6411e-11
15.825 5.94761e-11 1.01574e-10 -3.93217e-12 4.88208e-11
15.85 7.24452e-11 1.07424e-10 -4.28137e-12 5.15713e-11
15.875 8.47347e-11 1.13914e-10 -4.66983e-12 5.46219e-11
15.9 9.62125e-11 1.20953e-10 -5.09401e-12 5.79294e-11
15.925 1.06757e-10 1.28446e-10 -5.54999e-12 6.1448e-11
15.95 1.16256e-10 1.36294e-10 -6.03352e-12 6.51301e-11
15.975 1.24613e-10 1.44394e-10 -6.54005e-12 6.8927e-11
16 1.31742e-10 1.52644e-10 -7.06477e-12 7.27895e-11
16.025 1.37571e-10 1.6094e-10 -7.60267e-12 7.66684e-11
16.05 1.42042e-10 1.69179e-10 -8.14856e-12 8.05151e-11
16.075 1.45114e-10 1.77261e-10 -8.69713e-12 8.4282e-11
16.1 1.46758e-10 1.8509e-10 -9.24298e-12 8.79237e-11
16.125 1.46962e-10 1.92574e-10 -9.7807e-12 9.13966e-11
16.15 1.45729e-10 1.99625e-10 -1.03049e-11 9.46601e-11
16.175 1.43075e-10 2.06164e-10 -1.08102e-11 9.76767e-11
16.2 1.39032e-10 2.12117e-10 -1.12914e-11 1.00413e-10
16.225 1.33646e-10 2.17419e-10 -1.17434e-11 1.02838e-10
16.25 1.26975e-10 2.22015e-10 -1.21612e-11 1.04927e-10
16.275 1.19091e-10 2.25856e-10 -1.25403e-11 1.06658e-10
16.3 1.10077e-10 2.28907e-10 -1.28761e-11 1.08016e-10
16.325 1.00027e-10 2.3114e-10 -1.31645e-11 1.08988e-10
16.35 8.90458e-11 2.32537e-10 -1.34018e-11 1.09567e-10
16.375 7.72452e-11 2.33091e-10 -1.35845e-11 1.09753e-10
16.4 6.47461e-11 2.32808e-10 -1.37094e-11 1.09549e-10
16.425 5.16756e-11 2.317e-10 -1.37739e-11 1.08963e-10
16.45 3.81662e-11 2.29791e-10 -1.37758e-11 1.08008e-10
16.475 2.43544e-11 2.27116e-10 -1.3713e-11 1.06701e-10
16.5 1.03799e-11 2.23716e-10 -1.35843e-11 1.05066e-10
16.525 -3.61631e-12 2.19645e-10 -1.33887e-11 1.03128e-10
16.55 -1.74923e-11 2.14962e-10 -1.31254e-11 1.00918e-10
16.575 -3.11072e-11 2.09734e-10 -1.27945e-11 9.84697e-11
16.6 -4.43217e-11 2.04037e-10 -1.23963e-11 9.58201e-11
16.625 -5.69996e-11 1.97951e-10 -1.19315e-11 9.30095e-11
16.65 -6.90086e-11 1.91562e-10 -1.14012e-11 9.00802e-11
16.675 -8.02214e-11 1.84961e-10 -1.08071e-11 8.7077e-11
16.7 -9.05166e-11 1.78243e-10 -1.0151e-11 8.40458e-11
16.725 -9.97797e-11 1.71504e-10 -9.43519e-12 8.10342e-11
16.75 -1.07904e-10 1.64843e-10 -8.6624e-12 7.80903e-11
16.775 -1.1479e-10 1.5836e-10 -7.83557e-12 7.52624e-11
16.8 -1.20348e-10 1.52156e-10 -6.95795e-12 7.2599e-11
16.825 -1.24498e-10 1.46329e-10 -6.03307e-12 7.01478e-11
16.85 -1.27169e-10 1.40976e-10 -5.06471e-12 6.79556e-11
16.875 -1.283e-10 1.36193e-10 -4.05685e-12 6.60678e-11
16.9 -1.27843e-10 1.3207e-10 -3.01365e-12 6.45281e-11
16.925 -1.25757e-10 1.28696e-10 -1.93943e-12 6.33781e-11
16.95 -1.22014e-10 1.26152e-10 -8.38648e-13 6.26569e-11
16.975 -1.16597e-10 1.24517e-10 2.84172e-13 6.24007e-11
17 -1.09498e-10 1.23861e-10 1.42442e-12 6.2643e-11
17.025 -1.0072e-10 1.2425e-10 2.57748e-12 6.34136e-11
17.05 -9.0279e-11 1.2574e-10 3.73868e-12 6.47393e-11
17.075 -7.81976e-11 1.28382e-10 4.90343e-12 6.66426e-11
17.1 -6.45096e-11 1.32218e-10 6.06714e-12 6.91426e-11
17.125 -4.9258e-11 1.37283e-10 7.22533e-12 7.22541e-11
17.15 -3.24948e-11 1.43603e-10 8.37359e-12 7.59883e-11
17.175 -1.42799e-11 1.51196e-10 9.50766e-12 8.03517e-11
17.2 5.31876e-12 1.60071e-10 1.06234e-11 8.53471e-11
17.225 2.6226e-11 1.70229e-10 1.17169e-11 9.0973e-11
17.25 4.83604e-11 1.81663e-10 1.27842e-11 9.72238e-11
17.275 7.16342e-11 1.94358e-10 1.3822e-11 1.0409e-10
17.3 9.59549e-11 2.0829e-10 1.48266e-11 1.11558e-10
17.325 1.21225e-10 2.23427e-10 1.57951e-11 1.19611e-10
17.35 1.47343e-10 2.39731e-10 1.67245e-11 1.28228e-10
17.375 1.74205e-10 2.57156e-10 1.76121e-11 1.37384e-10
17.4 2.01705e-10 2.75649e-10 1.84555e-11 1.47052e-10
17.425 2.29732e-10 2.95151e-10 1.92525e-11 1.57202e-10
17.45 2.58178e-10 3.15598e-10 2.00013e-11 1.67799e-10
17.475 2.86932e-10 3.36918e-10 2.07001e-11 1.78809e-10
17.5 3.15884e-10 3.59037e-10 2.13477e-11 1.90193e-10
17.525 3.44925e-10 3.81876e-10 2.19429e-11 2.0191e-10
17.55 3.73946e-10 4.05351e-10 2.24847e-11 2.13918e-10
17.575 4.02842e-10 4.29376e-10 2.29727e-11 2.26174e-10
17.6 4.31508e-10 4.53861e-10 2.34064e-11 2.38634e-10
17.625 4.59845e-10 4.78716e-10 2.37858e-11 2.51251e-10
17.65 4.87753e-10 5.03848e-10 2.41108e-11 2.6398e-10
17.675 5.1514e-10 5.29164e-10 2.43819e-11 2.76773e-10
17.7 5.41916e-10 5.54568e-10 2.45996e-11 2.89584e-10
17.725 5.67996e-10 5.79968e-10 2.47647e-11 3.02366e-10
17.75 5.933e-10 6.0527e-10 2.4878e-11 3.15074e-10
17.775 6.17753e-10 6.30383e-10 2.49406e-11 3.27662e-10
17.8 6.41284e-10 6.55216e-10 2.4954e-11 3.40085e-10
17.825 6.6383e-10 6.7968e-10 2.49194e-11 3.523e-10
17.85 6.85331e-10 7.03691e-10 2.48384e-11 3.64265e-10
17.875 7.05734e-10 7.27165e-10 2.47128e-11 3.75939e-10
17.9 7.24992e-10 7.50023e-10 2.45444e-11 3.87284e-10
17.925 7.43063e-10 7.7219e-10 2.4335e-11 3.98263e-10
17.95 7.59911e-10 7.93593e-10 2.40866e-11 4.0884e-10
17.975 7.75506e-10 8.14165e-10 2.38014e-11 4.18983e-10
18 7.89825e-10 8.33843e-10 2.34814e-11 4.28662e-10
18.025 8.02847e-10 8.52569e-10 2.31288e-11 4.37849e-10
18.05 8.1456e-10 8.70288e-10 2.27458e-11 4.46517e-10
18.075 8.24957e-10 8.86952e-10 2.23347e-11 4.54644e-10
18.1 8.34033e-10 9.02519e-10 2.18976e-11 4.62208e-10
18.125 8.41791e-10 9.16948e-10 2.14369e-11 4.69192e-10
18.15 8.48238e-10 9.30207e-10 2.09548e-11 4.75581e-10
18.175 8.53387e-10 9.42268e-10 2.04534e-11 4.81361e-10
18.2 8.57252e-10 9.53108e-10 1.9935e-11 4.86521e-10
18.225 8.59853e-10 9.62709e-10 1.94017e-11 4.91055e-10
18.25 8.61215e-10 9.71058e-10 1.88556e-11 4.94957e-10
18.275 8.61365e-10 9.78148e-10 1.82988e-11 4.98224e-10
18.3 8.60333e-10 9.83976e-10 1.77333e-11 5.00855e-10
18.325 8.58153e-10 9.88542e-10 1.7161e-11 5.02852e-10
18.35 8.54862e-10 9.91854e-10 1.65837e-11 5.04219e-10
18.375 8.50498e-10 9.93922e-10 1.60032e-11 5.04963e-10
18.4 8.45102e-10 9.9476e-10 1.54213e-11 5.05091e-10
18.425 8.38718e-10 9.94387e-10 1.48396e-11 5.04613e-10
18.45 8.3139e-10 9.92825e-10 1.42597e-11 5.03542e-10
18.475 8.23165e-10 9.901e-10 1.36829e-11 5.01891e-10
18.5 8.14089e-10 9.86241e-10 1.31107e-11 4.99676e-10
18.525 8.04211e-10 9.81279e-10 1.25443e-11 4.96912e-10
18.55 7.93579e-10 9.7525e-10 1.1985e-11 4.93617e-10
18.575 7.82244e-10 9.6819e-10 1.14338e-11 4.89812e-10
18.6 7.70253e-10 9.6014e-10 1.08918e-11 4.85516e-10
18.625 7.57658e-10 9.51139e-10 1.03598e-11 4.80749e-10
18.65 7.44507e-10 9.41232e-10 9.83887e-12 4.75536e-10
18.675 7.30848e-10 9.30463e-10 9.32958e-12 4.69896e-10
18.7 7.16731e-10 9.18878e-10 8.83267e-12 4.63856e-10
18.725 7.02203e-10 9.06524e-10 8.34873e-12 4.57436e-10
18.75 6.87312e-10 8.93448e-10 7.87826e-12 4.50663e-10
18.775 6.72101e-10 8.79699e-10 7.42172e-12 4.43561e-10
18.8 6.56618e-10 8.65325e-10 6.97947e-12 4.36152e-10
18.825 6.40904e-10 8.50375e-10 6.5518e-12 4.28463e-10
18.85 6.25002e-10 8.34897e-10 6.13895e-12 4.20518e-10
18.875 6.08953e-10 8.1894e-10 5.74108e-12 4.1234e-10
18.9 5.92795e-10 8.02551e-10 5.35829e-12 4.03955e-10
18.925 5.76568e-10 7.85779e-10 4.99063e-12 3.95385e-10
18.95 5.60305e-10 7.68669e-10 4.63811e-12 3.86653e-10
18.975 5.44043e-10 7.51267e-10 4.30066e-12 3.77784e-10
19 5.27813e-10 7.33618e-10 3.97818e-12 3.68798e-10
19.025 5.11646e-10 7.15765e-10 3.67053e-12 3.59718e-10
19.05 4.95573e-10 6.97751e-10 3.37753e-12 3.50564e-10
19.075 4.79619e-10 6.79617e-10 3.09895e-12 3.41358e-10
19.1 4.6381e-10 6.61402e-10 2.83454e-12 3.32118e-10
19.125 4.48172e-10 6.43144e-10 2.58403e-12 3.22864e-10
19.15 4.32725e-10 6.24879e-10 2.34709e-12 3.13613e-10
19.175 4.1749e-10 6.06643e-10 2.12341e-12 3.04383e-10
19.2 4.02487e-10 5.88468e-10 1.91262e-12 2.9519e-10
19.225 3.87732e-10 5.70386e-10 1.71436e-12 2.8605e-10
19.25 3.7324e-10 5.52427e-10 1.52824e-12 2.76978e-10
19.275 3.59026e-10 5.34618e-10 1.35386e-12 2.67986e-10
19.3 3.45103e-10 5.16986e-10 1.19082e-12 2.59089e-10
19.325 3.3148e-10 4.99556e-10 1.03871e-12 2.50297e-10
19.35 3.18169e-10 4.82349e-10 8.97091e-13 2.41623e-10
19.375 3.05176e-10 4.65388e-10 7.65553e-13 2.33077e-10
19.4 2.9251e-10 4.48691e-10 6.43668e-13 2.24667e-10
19.425 2.80174e-10 4.32276e-10 5.3101e-13 2.16404e-10
19.45 2.68175e-10 4.16159e-10 4.27157e-13 2.08293e-10
19.475 2.56515e-10 4.00355e-10 3.3169e-13 2.00343e-10
19.5 2.45197e-10 3.84876e-10 2.44193e-13 1.9256e-10
19.525 2.34221e-10 3.69734e-10 1.64257e-13 1.84949e-10
19.55 2.23589e-10 3.54938e-10 9.14822e-14 1.77515e-10
19.575 2.13298e-10 3.40498e-10 2.54739e-14 1.70262e-10
19.6 2.03349e-10 3.26419e-10 -3.41519e-14 1.63193e-10
19.625 1.93739e-10 3.12709e-10 -8.77701e-14 1.56311e-10
19.65 1.84464e-10 2.99371e-10 -1.35745e-13 1.49618e-10
19.675 1.75522e-10 2.86409e-10 -1.78429e-13 1.43115e-10
19.7 1.66907e-10 2.73824e-10 -2.16164e-13 1.36804e-10
19.725 1.58617e-10 2.6162e-10 -2.49279e-13 1.30685e-10
19.75 1.50644e-10 2.49794e-10 -2.78094e-13 1.24758e-10
19.775 1.42984e-10 2.38348e-10 -3.02911e-13 1.19022e-10
19.8 1.3563e-10 2.27278e-10 -3.24025e-13 1.13477e-10
19.825 1.28576e-10 2.16583e-10 -3.41714e-13 1.08121e-10
19.85 1.21816e-10 2.06259e-10 -3.56247e-13 1.02951e-10
19.875 1.15342e-10 1.96303e-10 -3.67877e-13 9.79675e-11
19.9 1.09146e-10 1.86709e-10 -3.76847e-13 9.31662e-11
19.925 1.03223e-10 1.77474e-10 -3.83387e-13 8.85451e-11
19.95 9.75639e-11 1.6859e-10 -3.87714e-13 8.4101e-11
19.975 9.21612e-11 1.60052e-10 -3.90032e-13 7.98308e-11
20 8.70073e-11 1.51853e-10 -3.90537e-13 7.57311e-11
