0 9.4564e-05 -6.91068e-05
0.025 9.4564e-05 -6.91068e-05
0.05 0.000188917 -0.000137992
0.075 0.000282847 -0.000206434
0.1 0.000376146 -0.000274215
0.125 0.000468605 -0.000341116
0.15 0.000560019 -0.000406926
0.175 0.000650184 -0.000471434
0.2 0.000738902 -0.000534437
0.225 0.000825976 -0.000595737
0.25 0.000911216 -0.000655141
0.275 0.000994435 -0.000712465
0.3 0.00107545 -0.000767531
0.325 0.00115409 -0.000820172
0.35 0.00123019 -0.000870229
0.375 0.00130358 -0.000917552
0.4 0.00137411 -0.000962001
0.425 0.00144164 -0.00100345
0.45 0.00150601 -0.00104178
0.475 0.00156712 -0.00107688
0.5 0.00162482 -0.00110866
0.525 0.00167902 -0.00113704
0.55 0.0017296 -0.00116195
0.575 0.00177648 -0.00118333
0.6 0.00181957 -0.00120113
0.625 0.0018588 -0.00121533
0.65 0.0018941 -0.0012259
0.675 0.00192543 -0.00123283
0.7 0.00195274 -0.00123613
0.725 0.001976 -0.00123582
0.75 0.00199519 -0.00123193
0.775 0.0020103 -0.00122449
0.8 0.00202133 -0.00121356
0.825 0.0020283 -0.0011992
0.85 0.00203122 -0.00118149
0.875 0.00203014 -0.00116051
0.9 0.00202509 -0.00113635
0.925 0.00201613 -0.00110912
0.95 0.00200333 -0.00107893
0.975 0.00198676 -0.0010459
1 0.0019665 -0.00101016
1.025 0.00194266 -0.000971841
1.05 0.00191534 -0.000931086
1.075 0.00188464 -0.000888044
1.1 0.0018507 -0.000842865
1.125 0.00181365 -0.000795707
1.15 0.00177363 -0.000746731
1.175 0.00173078 -0.000696099
1.2 0.00168526 -0.000643978
1.225 0.00163724 -0.000590536
1.25 0.00158688 -0.000535942
1.275 0.00153436 -0.000480364
1.3 0.00147986 -0.000423972
1.325 0.00142357 -0.000366933
1.35 0.00136568 -0.000309415
1.375 0.00130639 -0.000251582
1.4 0.0012459 -0.000193595
1.425 0.00118441 -0.000135613
1.45 0.00112214 -7.77905e-05
1.475 0.00105928 -2.02782e-05
1.5 0.000996061 3.67786e-05
1.525 0.000932681 9.32397e-05
1.55 0.000869357 0.00014897
1.575 0.000806304 0.000203842
1.6 0.000743732 0.000257733
1.625 0.000681855 0.000310529
1.65 0.000620881 0.000362119
1.675 0.000561018 0.000412405
1.7 0.00050247 0.000461293
1.725 0.000445438 0.000508697
1.75 0.00039012 0.000554539
1.775 0.000336707 0.00059875
1.8 0.000285386 0.000641268
1.825 0.000236337 0.00068204
1.85 0.000189737 0.000721021
1.875 0.000145752 0.000758172
1.9 0.000104541 0.000793464
1.925 6.62578e-05 0.000826877
1.95 3.10439e-05 0.000858395
1.975 -9.66423e-07 0.000888013
2 -2.9649e-05 0.000915732
2.025 -5.489e-05 0.000941559
2.05 -7.65862e-05 0.00096551
2.075 -9.46455e-05 0.000987605
2.1 -0.000108988 0.00100787
2.125 -0.000119544 0.00102634
2.15 -0.000126258 0.00104306
2.175 -0.000129087 0.00105806
2.2 -0.000128 0.0010714
2.225 -0.00012298 0.00108312
2.25 -0.000114024 0.00109328
2.275 -0.000101142 0.00110195
2.3 -8.43589e-05 0.00110917
2.325 -6.3713e-05 0.00111501
2.35 -3.9257e-05 0.00111954
2.375 -1.10585e-05 0.00112283
2.4 2.08012e-05 0.00112492
2.425 5.62259e-05 0.0011259
2.45 9.51054e-05 0.00112583
2.475 0.000137315 0.00112476
2.5 0.000182716 0.00112276
2.525 0.000231156 0.00111988
2.55 0.000282469 0.00111619
2.575 0.000336476 0.00111173
2.6 0.000392983 0.00110654
2.625 0.000451786 0.00110068
2.65 0.000512667 0.00109418
2.675 0.000575398 0.00108707
2.7 0.000639739 0.00107938
2.725 0.000705437 0.00107112
2.75 0.000772234 0.00106232
2.775 0.000839859 0.00105298
2.8 0.000908033 0.00104309
2.825 0.00097647 0.00103265
2.85 0.00104488 0.00102165
2.875 0.00111296 0.00101005
2.9 0.0011804 0.000997834
2.925 0.0012469 0.000984954
2.95 0.00131214 0.000971364
2.975 0.00137582 0.000957009
3 0.0014376 0.000941826
3.025 0.00149719 0.000925743
3.05 0.00155425 0.000908681
3.075 0.00160848 0.000890556
3.1 0.00165957 0.000871273
3.125 0.0017072 0.000850732
3.15 0.00175108 0.000828829
3.175 0.0017909 0.000805452
3.2 0.00182638 0.000780482
3.225 0.00185724 0.000753799
3.25 0.00188321 0.000725276
3.275 0.00190402 0.000694783
3.3 0.00191942 0.000662188
3.325 0.00192918 0.000627355
3.35 0.00193307 0.000590148
3.375 0.00193089 0.00055043
3.4 0.00192243 0.000508063
3.425 0.00190752 0.00046291
3.45 0.00188599 0.000414837
3.475 0.00185772 0.000363712
3.5 0.00182255 0.000309404
3.525 0.00178041 0.000251789
3.55 0.00173118 0.000190746
3.575 0.00167482 0.000126163
3.6 0.00161127 5.79295e-05
3.625 0.0015405 -1.40527e-05
3.65 0.00146253 -8.98759e-05
3.675 0.00137735 -0.000169623
3.7 0.00128503 -0.000253366
3.725 0.00118561 -0.000341167
3.75 0.00107918 -0.000433078
3.775 0.000965847 -0.000529138
3.8 0.000845743 -0.000629372
3.825 0.000719016 -0.000733795
3.85 0.000585836 -0.000842405
3.875 0.000446396 -0.00095519
3.9 0.000300907 -0.00107212
3.925 0.000149602 -0.00119315
3.95 -7.26719e-06 -0.00131823
3.975 -0.000169431 -0.00144727
4 -0.000336602 -0.00158019
4.025 -0.000508474 -0.0017169
4.05 -0.000684727 -0.00185725
4.075 -0.000865026 -0.00200113
4.1 -0.00104902 -0.00214839
4.125 -0.00123634 -0.00229884
4.15 -0.00142663 -0.00245233
4.175 -0.00161948 -0.00260865
4.2 -0.00181451 -0.0027676
4.225 -0.00201132 -0.00292895
4.25 -0.00220949 -0.00309247
4.275 -0.00240861 -0.00325792
4.3 -0.00260826 -0.00342504
4.325 -0.00280801 -0.00359356
4.35 -0.00300745 -0.00376321
4.375 -0.00320615 -0.0039337
4.4 -0.00340368 -0.00410474
4.425 -0.00359964 -0.00427602
4.45 -0.00379359 -0.00444725
4.475 -0.00398513 -0.0046181
4.5 -0.00417387 -0.00478826
4.525 -0.00435939 -0.00495742
4.55 -0.00454132 -0.00512526
4.575 -0.00471928 -0.00529145
4.6 -0.0048929 -0.00545567
4.625 -0.00506184 -0.00561761
4.65 -0.00522575 -0.00577695
4.675 -0.00538432 -0.00593338
4.7 -0.00553723 -0.00608659
4.725 -0.0056842 -0.00623629
4.75 -0.00582495 -0.00638217
4.775 -0.00595923 -0.00652395
4.8 -0.00608681 -0.00666136
4.825 -0.00620746 -0.00679412
4.85 -0.00632099 -0.00692199
4.875 -0.00642722 -0.00704472
4.9 -0.00652601 -0.00716207
4.925 -0.00661721 -0.00727384
4.95 -0.00670071 -0.0073798
4.975 -0.00677643 -0.00747979
5 -0.00684428 -0.00757361
5.025 -0.00690422 -0.00766111
5.05 -0.00695623 -0.00774215
5.075 -0.0070003 -0.0078166
5.1 -0.00703643 -0.00788435
5.125 -0.00706467 -0.00794531
5.15 -0.00708506 -0.0079994
5.175 -0.00709769 -0.00804657
5.2 -0.00710263 -0.00808677
5.225 -0.00710001 -0.00811997
5.25 -0.00708994 -0.00814618
5.275 -0.00707257 -0.00816539
5.3 -0.00704806 -0.00817765
5.325 -0.00701659 -0.00818298
5.35 -0.00697834 -0.00818145
5.375 -0.00693352 -0.00817313
5.4 -0.00688233 -0.00815811
5.425 -0.006825 -0.00813649
5.45 -0.00676178 -0.00810839
5.475 -0.0066929 -0.00807395
5.5 -0.00661862 -0.0080333
5.525 -0.00653919 -0.00798661
5.55 -0.00645489 -0.00793403
5.575 -0.00636599 -0.00787575
5.6 -0.00627276 -0.00781195
5.625 -0.00617548 -0.00774283
5.65 -0.00607444 -0.00766859
5.675 -0.00596991 -0.00758945
5.7 -0.00586219 -0.00750563
5.725 -0.00575155 -0.00741734
5.75 -0.00563827 -0.00732483
5.775 -0.00552264 -0.00722831
5.8 -0.00540493 -0.00712803
5.825 -0.00528542 -0.00702423
5.85 -0.00516436 -0.00691715
5.875 -0.00504203 -0.00680703
5.9 -0.00491868 -0.00669411
5.925 -0.00479455 -0.00657863
5.95 -0.0046699 -0.00646084
5.975 -0.00454496 -0.00634097
6 -0.00441995 -0.00621926
6.025 -0.0042951 -0.00609594
6.05 -0.0041706 -0.00597125
6.075 -0.00404668 -0.00584539
6.1 -0.0039235 -0.00571861
6.125 -0.00380126 -0.0055911
6.15 -0.00368014 -0.00546308
6.175 -0.00356028 -0.00533476
6.2 -0.00344184 -0.00520632
6.225 -0.00332497 -0.00507796
6.25 -0.00320979 -0.00494985
6.275 -0.00309643 -0.00482219
6.3 -0.00298499 -0.00469513
6.325 -0.00287559 -0.00456882
6.35 -0.00276831 -0.00444344
6.375 -0.00266323 -0.00431911
6.4 -0.00256043 -0.00419597
6.425 -0.00245997 -0.00407416
6.45 -0.00236191 -0.00395378
6.475 -0.00226629 -0.00383496
6.5 -0.00217316 -0.00371779
6.525 -0.00208253 -0.00360238
6.55 -0.00199444 -0.0034888
6.575 -0.00190891 -0.00337714
6.6 -0.00182593 -0.00326747
6.625 -0.00174551 -0.00315985
6.65 -0.00166764 -0.00305435
6.675 -0.00159232 -0.00295101
6.7 -0.00151953 -0.00284987
6.725 -0.00144925 -0.00275098
6.75 -0.00138145 -0.00265436
6.775 -0.00131611 -0.00256003
6.8 -0.00125318 -0.00246802
6.825 -0.00119263 -0.00237834
6.85 -0.00113442 -0.00229099
6.875 -0.0010785 -0.00220597
6.9 -0.00102483 -0.00212329
6.925 -0.000973354 -0.00204294
6.95 -0.000924025 -0.0019649
6.975 -0.000876788 -0.00188916
7 -0.000831588 -0.0018157
7.025 -0.000788368 -0.0017445
7.05 -0.000747072 -0.00167553
7.075 -0.000707642 -0.00160876
7.1 -0.000670019 -0.00154416
7.125 -0.000634145 -0.0014817
7.15 -0.000599961 -0.00142134
7.175 -0.000567408 -0.00136304
7.2 -0.000536428 -0.00130676
7.225 -0.000506963 -0.00125247
7.25 -0.000478955 -0.00120011
7.275 -0.00045235 -0.00114964
7.3 -0.000427089 -0.00110103
7.325 -0.000403119 -0.00105421
7.35 -0.000380386 -0.00100916
7.375 -0.000358837 -0.000965815
7.4 -0.000338422 -0.000924135
7.425 -0.000319089 -0.000884071
7.45 -0.00030079 -0.000845576
7.475 -0.000283477 -0.000808604
7.5 -0.000267106 -0.000773108
7.525 -0.00025163 -0.000739041
7.55 -0.000237007 -0.000706357
7.575 -0.000223195 -0.000675012
7.6 -0.000210155 -0.000644959
7.625 -0.000197846 -0.000616155
7.65 -0.000186233 -0.000588557
7.675 -0.00017528 -0.000562121
7.7 -0.000164951 -0.000536806
7.725 -0.000155215 -0.000512571
7.75 -0.000146039 -0.000489375
7.775 -0.000137394 -0.000467179
7.8 -0.000129251 -0.000445946
7.825 -0.000121582 -0.000425638
7.85 -0.000114361 -0.000406219
7.875 -0.000107564 -0.000387653
7.9 -0.000101166 -0.000369907
7.925 -9.51445e-05 -0.000352948
7.95 -8.94791e-05 -0.000336743
7.975 -8.41488e-05 -0.000321261
8 -7.91344e-05 -0.000306473
8.025 -7.44177e-05 -0.000292348
8.05 -6.99813e-05 -0.00027886
8.075 -6.58088e-05 -0.000265982
8.1 -6.18848e-05 -0.000253686
8.125 -5.81945e-05 -0.000241948
8.15 -5.47243e-05 -0.000230744
8.175 -5.1461e-05 -0.000220051
8.2 -4.83923e-05 -0.000209846
8.225 -4.55067e-05 -0.000200107
8.25 -4.27931e-05 -0.000190815
8.275 -4.02414e-05 -0.000181949
8.3 -3.78417e-05 -0.00017349
8.325 -3.5585e-05 -0.00016542
8.35 -3.34626e-05 -0.000157722
8.375 -3.14665e-05 -0.000150378
8.4 -2.95892e-05 -0.000143374
8.425 -2.78234e-05 -0.000136692
8.45 -2.61625e-05 -0.00013032
8.475 -2.46001e-05 -0.000124242
8.5 -2.31304e-05 -0.000118446
8.525 -2.17477e-05 -0.000112918
8.55 -2.04469e-05 -0.000107646
8.575 -1.92232e-05 -0.000102619
8.6 -1.80717e-05 -9.78255e-05
8.625 -1.69884e-05 -9.32542e-05
8.65 -1.5969e-05 -8.88954e-05
8.675 -1.50099e-05 -8.47392e-05
8.7 -1.41074e-05 -8.07763e-05
8.725 -1.32581e-05 -7.69979e-05
8.75 -1.24591e-05 -7.33955e-05
8.775 -1.17071e-05 -6.99609e-05
8.8 -1.09997e-05 -6.66865e-05
8.825 -1.0334e-05 -6.35649e-05
8.85 -9.70762e-06 -6.05891e-05
8.875 -9.11833e-06 -5.77523e-05
8.9 -8.56394e-06 -5.50482e-05
8.925 -8.0424e-06 -5.24706e-05
8.95 -7.55181e-06 -5.00137e-05
8.975 -7.09038e-06 -4.7672e-05
9 -6.6564e-06 -4.54401e-05
9.025 -6.2483e-06 -4.33131e-05
9.05 -5.86456e-06 -4.1286e-05
9.075 -5.50379e-06 -3.93542e-05
9.1 -5.16466e-06 -3.75134e-05
9.125 -4.84591e-06 -3.57594e-05
9.15 -4.54636e-06 -3.40881e-05
9.175 -4.26491e-06 -3.24957e-05
9.2 -4.0005e-06 -3.09787e-05
9.225 -3.75215e-06 -2.95333e-05
9.25 -3.51893e-06 -2.81565e-05
9.275 -3.29996e-06 -2.68449e-05
9.3 -3.09441e-06 -2.55956e-05
9.325 -2.90149e-06 -2.44056e-05
9.35 -2.72047e-06 -2.32722e-05
9.375 -2.55065e-06 -2.21927e-05
9.4 -2.39138e-06 -2.11646e-05
9.425 -2.24202e-06 -2.01855e-05
9.45 -2.10199e-06 -1.92532e-05
9.475 -1.97074e-06 -1.83653e-05
9.5 -1.84774e-06 -1.75198e-05
9.525 -1.73251e-06 -1.67147e-05
9.55 -1.62457e-06 -1.59481e-05
9.575 -1.52348e-06 -1.52182e-05
9.6 -1.42883e-06 -1.45231e-05
9.625 -1.34022e-06 -1.38613e-05
9.65 -1.25728e-06 -1.32312e-05
9.675 -1.17967e-06 -1.26312e-05
9.7 -1.10705e-06 -1.20598e-05
9.725 -1.03912e-06 -1.15158e-05
9.75 -9.75572e-07 -1.09978e-05
9.775 -9.1614e-07 -1.05045e-05
9.8 -8.60561e-07 -1.00347e-05
9.825 -8.0859e-07 -9.58723e-06
9.85 -7.59995e-07 -9.1611e-06
9.875 -7.14559e-07 -8.75521e-06
9.9 -6.72078e-07 -8.36857e-06
9.925 -6.32359e-07 -8.00024e-06
9.95 -5.95221e-07 -7.64932e-06
9.975 -5.60495e-07 -7.31494e-06
10 -5.2802e-07 -6.9963e-06
10.025 -4.97648e-07 -6.69261e-06
10.05 -4.69236e-07 -6.40314e-06
10.075 -4.42655e-07 -6.12717e-06
10.1 -4.17778e-07 -5.86404e-06
10.125 -3.94492e-07 -5.61312e-06
10.15 -3.72688e-07 -5.37378e-06
10.175 -3.52264e-07 -5.14547e-06
10.2 -3.33125e-07 -4.92762e-06
10.225 -3.15183e-07 -4.71973e-06
10.25 -2.98355e-07 -4.52129e-06
10.275 -2.82564e-07 -4.33183e-06
10.3 -2.67737e-07 -4.15091e-06
10.325 -2.53808e-07 -3.97811e-06
10.35 -2.40714e-07 -3.81302e-06
10.375 -2.28396e-07 -3.65526e-06
10.4 -2.168e-07 -3.50447e-06
10.425 -2.05876e-07 -3.36031e-06
10.45 -1.95578e-07 -3.22245e-06
10.475 -1.85861e-07 -3.09058e-06
10.5 -1.76686e-07 -2.96441e-06
10.525 -1.68014e-07 -2.84366e-06
10.55 -1.59813e-07 -2.72807e-06
10.575 -1.52049e-07 -2.61739e-06
10.6 -1.44693e-07 -2.51138e-06
10.625 -1.37717e-07 -2.40983e-06
10.65 -1.31097e-07 -2.31251e-06
10.675 -1.2481e-07 -2.21923e-06
10.7 -1.18833e-07 -2.1298e-06
10.725 -1.13147e-07 -2.04404e-06
10.75 -1.07734e-07 -1.96177e-06
10.775 -1.02577e-07 -1.88285e-06
10.8 -9.76609e-08 -1.8071e-06
10.825 -9.29712e-08 -1.7344e-06
10.85 -8.8495e-08 -1.6646e-06
10.875 -8.42203e-08 -1.59757e-06
10.9 -8.01362e-08 -1.5332e-06
10.925 -7.62324e-08 -1.47136e-06
10.95 -7.24997e-08 -1.41194e-06
10.975 -6.89296e-08 -1.35485e-06
11 -6.5514e-08 -1.29997e-06
11.025 -6.22457e-08 -1.24723e-06
11.05 -5.9118e-08 -1.19653e-06
11.075 -5.61246e-08 -1.14778e-06
11.1 -5.32597e-08 -1.10091e-06
11.125 -5.05179e-08 -1.05584e-06
11.15 -4.78942e-08 -1.0125e-06
11.175 -4.53839e-08 -9.70816e-07
11.2 -4.29826e-08 -9.30732e-07
11.225 -4.0686e-08 -8.92183e-07
11.25 -3.84904e-08 -8.5511e-07
11.275 -3.63918e-08 -8.19458e-07
11.3 -3.43869e-08 -7.85172e-07
11.325 -3.24722e-08 -7.52204e-07
11.35 -3.06445e-08 -7.20503e-07
11.375 -2.89006e-08 -6.90025e-07
11.4 -2.72376e-08 -6.60725e-07
11.425 -2.56524e-08 -6.3256e-07
11.45 -2.41424e-08 -6.05491e-07
11.475 -2.27047e-08 -5.79478e-07
11.5 -2.13367e-08 -5.54484e-07
11.525 -2.00358e-08 -5.30474e-07
11.55 -1.87994e-08 -5.07412e-07
11.575 -1.7625e-08 -4.85267e-07
11.6 -1.65104e-08 -4.64005e-07
11.625 -1.5453e-08 -4.43596e-07
11.65 -1.44505e-08 -4.2401e-07
11.675 -1.35008e-08 -4.05218e-07
11.7 -1.26016e-08 -3.87193e-07
11.725 -1.17508e-08 -3.69908e-07
11.75 -1.09463e-08 -3.53336e-07
11.775 -1.01861e-08 -3.37452e-07
11.8 -9.46815e-09 -3.22232e-07
11.825 -8.79062e-09 -3.07651e-07
11.85 -8.15165e-09 -2.93687e-07
11.875 -7.54945e-09 -2.80317e-07
11.9 -6.98229e-09 -2.67519e-07
11.925 -6.44853e-09 -2.55272e-07
11.95 -5.94657e-09 -2.43555e-07
11.975 -5.47487e-09 -2.32349e-07
12 -5.03198e-09 -2.21633e-07
12.025 -4.61648e-09 -2.11389e-07
12.05 -4.22704e-09 -2.01599e-07
12.075 -3.86238e-09 -1.92244e-07
12.1 -3.52128e-09 -1.83308e-07
12.125 -3.20257e-09 -1.74773e-07
12.15 -2.90515e-09 -1.66624e-07
12.175 -2.62798e-09 -1.58845e-07
12.2 -2.37005e-09 -1.5142e-07
12.225 -2.13042e-09 -1.44334e-07
12.25 -1.90819e-09 -1.37575e-07
12.275 -1.70251e-09 -1.31126e-07
12.3 -1.51255e-09 -1.24977e-07
12.325 -1.33756e-09 -1.19113e-07
12.35 -1.17678e-09 -1.13523e-07
12.375 -1.02953e-09 -1.08194e-07
12.4 -8.95134e-10 -1.03115e-07
12.425 -7.72941e-10 -9.8276e-08
12.45 -6.6234e-10 -9.36654e-08
12.475 -5.62737e-10 -8.92736e-08
12.5 -4.73559e-10 -8.50909e-08
12.525 -3.94255e-10 -8.11079e-08
12.55 -3.24287e-10 -7.7316e-08
12.575 -2.63136e-10 -7.37066e-08
12.6 -2.10293e-10 -7.02716e-08
12.625 -1.65264e-10 -6.70034e-08
12.65 -1.27563e-10 -6.38945e-08
12.675 -9.67171e-11 -6.09378e-08
12.7 -7.22599e-11 -5.81267e-08
12.725 -5.37346e-11 -5.54546e-08
12.75 -4.06923e-11 -5.29154e-08
12.775 -3.26918e-11 -5.05031e-08
12.8 -2.92997e-11 -4.82122e-08
12.825 -3.00906e-11 -4.60372e-08
12.85 -3.46471e-11 -4.39729e-08
12.875 -4.25602e-11 -4.20144e-08
12.9 -5.34301e-11 -4.01567e-08
12.925 -6.68666e-11 -3.83953e-08
12.95 -8.24896e-11 -3.67258e-08
12.975 -9.99302e-11 -3.51437e-08
13 -1.18831e-10 -3.3645e-08
13.025 -1.38848e-10 -3.22255e-08
13.05 -1.59649e-10 -3.08814e-08
13.075 -1.80919e-10 -2.96088e-08
13.1 -2.02354e-10 -2.8404e-08
13.125 -2.23668e-10 -2.72633e-08
13.15 -2.44593e-10 -2.61831e-08
13.175 -2.64875e-10 -2.516e-08
13.2 -2.8428e-10 -2.41905e-08
13.225 -3.0259e-10 -2.32713e-08
13.25 -3.19608e-10 -2.2399e-08
13.275 -3.35154e-10 -2.15704e-08
13.3 -3.49067e-10 -2.07823e-08
13.325 -3.61205e-10 -2.00315e-08
13.35 -3.71447e-10 -1.9315e-08
13.375 -3.79688e-10 -1.86298e-08
13.4 -3.85843e-10 -1.79728e-08
13.425 -3.89845e-10 -1.73412e-08
13.45 -3.91645e-10 -1.6732e-08
13.475 -3.91211e-10 -1.61426e-08
13.5 -3.88527e-10 -1.55701e-08
13.525 -3.83593e-10 -1.5012e-08
13.55 -3.76424e-10 -1.44656e-08
13.575 -3.6705e-10 -1.39285e-08
13.6 -3.55512e-10 -1.33982e-08
13.625 -3.41865e-10 -1.28725e-08
13.65 -3.26174e-10 -1.23492e-08
13.675 -3.08514e-10 -1.1826e-08
13.7 -2.88971e-10 -1.13012e-08
13.725 -2.67635e-10 -1.07726e-08
13.75 -2.44605e-10 -1.02387e-08
13.775 -2.19985e-10 -9.69771e-09
13.8 -1.93885e-10 -9.14814e-09
13.825 -1.66416e-10 -8.58862e-09
13.85 -1.37692e-10 -8.01788e-09
13.875 -1.0783e-10 -7.43483e-09
13.9 -7.69453e-11 -6.83847e-09
13.925 -4.51542e-11 -6.22799e-09
13.95 -1.2571e-11 -5.60269e-09
13.975 2.06918e-11 -4.96204e-09
14 5.45244e-11 -4.30562e-09
14.025 8.88205e-11 -3.63319e-09
14.05 1.23478e-10 -2.94463e-09
14.075 1.58399e-10 -2.23996e-09
14.1 1.9349e-10 -1.51935e-09
14.125 2.28663e-10 -7.83105e-10
14.15 2.63837e-10 -3.16504e-11
14.175 2.98935e-10 7.34453e-10
14.2 3.33886e-10 1.51452e-09
14.225 3.68625e-10 2.30776e-09
14.25 4.03094e-10 3.11326e-09
14.275 4.3724e-10 3.92999e-09
14.3 4.71015e-10 4.75685e-09
14.325 5.04378e-10 5.59262e-09
14.35 5.37294e-10 6.43602e-09
14.375 5.69732e-10 7.28567e-09
14.4 6.01664e-10 8.14014e-09
14.425 6.33072e-10 8.99793e-09
14.45 6.63936e-10 9.85749e-09
14.475 6.94245e-10 1.07172e-08
14.5 7.23989e-10 1.15755e-08
14.525 7.53161e-10 1.24306e-08
14.55 7.81758e-10 1.3281e-08
14.575 8.09779e-10 1.41248e-08
14.6 8.37225e-10 1.49605e-08
14.625 8.64099e-10 1.57863e-08
14.65 8.90403e-10 1.66006e-08
14.675 9.16143e-10 1.74018e-08
14.7 9.41324e-10 1.81881e-08
14.725 9.65951e-10 1.8958e-08
14.75 9.9003e-10 1.971e-08
14.775 1.01357e-09 2.04426e-08
14.8 1.03656e-09 2.11543e-08
14.825 1.05902e-09 2.18438e-08
14.85 1.08095e-09 2.25097e-08
14.875 1.10235e-09 2.31508e-08
14.9 1.12321e-09 2.3766e-08
14.925 1.14354e-09 2.43542e-08
14.95 1.16334e-09 2.49143e-08
14.975 1.18259e-09 2.54454e-08
15 1.2013e-09 2.59468e-08
15.025 1.21945e-09 2.64176e-08
15.05 1.23703e-09 2.68572e-08
15.075 1.25404e-09 2.72651e-08
15.1 1.27047e-09 2.76407e-08
15.125 1.28629e-09 2.79838e-08
15.15 1.30149e-09 2.8294e-08
15.175 1.31606e-09 2.85711e-08
15.2 1.32998e-09 2.8815e-08
15.225 1.34323e-09 2.90258e-08
15.25 1.3558e-09 2.92035e-08
15.275 1.36766e-09 2.93483e-08
15.3 1.37879e-09 2.94604e-08
15.325 1.38918e-09 2.95401e-08
15.35 1.3988e-09 2.95879e-08
15.375 1.40764e-09 2.96042e-08
15.4 1.41567e-09 2.95895e-08
15.425 1.42288e-09 2.95446e-08
15.45 1.42925e-09 2.947e-08
15.475 1.43477e-09 2.93665e-08
15.5 1.43941e-09 2.92349e-08
15.525 1.44317e-09 2.90761e-08
15.55 1.44603e-09 2.88908e-08
15.575 1.44799e-09 2.86801e-08
15.6 1.44902e-09 2.8445e-08
15.625 1.44912e-09 2.81863e-08
15.65 1.44829e-09 2.79053e-08
15.675 1.44653e-09 2.76028e-08
15.7 1.44383e-09 2.72801e-08
15.725 1.44019e-09 2.69382e-08
15.75 1.43561e-09 2.65782e-08
15.775 1.4301e-09 2.62012e-08
15.8 1.42367e-09 2.58083e-08
15.825 1.41632e-09 2.54008e-08
15.85 1.40807e-09 2.49797e-08
15.875 1.39893e-09 2.4546e-08
15.9 1.38891e-09 2.41011e-08
15.925 1.37803e-09 2.36458e-08
15.95 1.36631e-09 2.31814e-08
15.975 1.35377e-09 2.27089e-08
16 1.34044e-09 2.22293e-08
16.025 1.32634e-09 2.17437e-08
16.05 1.31149e-09 2.12531e-08
16.075 1.29593e-09 2.07584e-08
16.1 1.27967e-09 2.02605e-08
16.125 1.26277e-09 1.97605e-08
16.15 1.24523e-09 1.92592e-08
16.175 1.22711e-09 1.87574e-08
16.2 1.20842e-09 1.8256e-08
16.225 1.18922e-09 1.77558e-08
16.25 1.16952e-09 1.72574e-08
16.275 1.14937e-09 1.67617e-08
16.3 1.1288e-09 1.62692e-08
16.325 1.10785e-09 1.57807e-08
16.35 1.08656e-09 1.52968e-08
16.375 1.06497e-09 1.48179e-08
16.4 1.0431e-09 1.43447e-08
16.425 1.02099e-09 1.38776e-08
16.45 9.98691e-10 1.34171e-08
16.475 9.76227e-10 1.29636e-08
16.5 9.53635e-10 1.25176e-08
16.525 9.3095e-10 1.20792e-08
16.55 9.08206e-10 1.1649e-08
16.575 8.85436e-10 1.12271e-08
16.6 8.62672e-10 1.08139e-08
16.625 8.39945e-10 1.04095e-08
16.65 8.17285e-10 1.00142e-08
16.675 7.94722e-10 9.628e-09
16.7 7.72284e-10 9.2512e-09
16.725 7.49998e-10 8.88385e-09
16.75 7.27889e-10 8.52603e-09
16.775 7.05981e-10 8.17782e-09
16.8 6.84299e-10 7.83924e-09
16.825 6.62864e-10 7.51032e-09
16.85 6.41696e-10 7.19104e-09
16.875 6.20815e-10 6.88137e-09
16.9 6.00239e-10 6.58128e-09
16.925 5.79985e-10 6.29071e-09
16.95 5.60068e-10 6.00956e-09
16.975 5.40502e-10 5.73776e-09
17 5.213e-10 5.47519e-09
17.025 5.02474e-10 5.22173e-09
17.05 4.84034e-10 4.97726e-09
17.075 4.65988e-10 4.74162e-09
17.1 4.48346e-10 4.51466e-09
17.125 4.31113e-10 4.29623e-09
17.15 4.14295e-10 4.08615e-09
17.175 3.97898e-10 3.88425e-09
17.2 3.81923e-10 3.69035e-09
17.225 3.66375e-10 3.50425e-09
17.25 3.51254e-10 3.32577e-09
17.275 3.3656e-10 3.15471e-09
17.3 3.22295e-10 2.99088e-09
17.325 3.08456e-10 2.83407e-09
17.35 2.95042e-10 2.68408e-09
17.375 2.82049e-10 2.5407e-09
17.4 2.69476e-10 2.40374e-09
17.425 2.57317e-10 2.273e-09
17.45 2.45568e-10 2.14826e-09
17.475 2.34224e-10 2.02934e-09
17.5 2.23279e-10 1.91602e-09
17.525 2.12728e-10 1.80811e-09
17.55 2.02562e-10 1.70542e-09
17.575 1.92777e-10 1.60776e-09
17.6 1.83363e-10 1.51493e-09
17.625 1.74314e-10 1.42675e-09
17.65 1.65621e-10 1.34304e-09
17.675 1.57276e-10 1.26361e-09
17.7 1.49272e-10 1.18829e-09
17.725 1.41598e-10 1.11692e-09
17.75 1.34248e-10 1.04932e-09
17.775 1.27211e-10 9.85327e-10
17.8 1.2048e-10 9.24791e-10
17.825 1.14044e-10 8.67554e-10
17.85 1.07896e-10 8.13468e-10
17.875 1.02025e-10 7.62387e-10
17.9 9.6424e-11 7.14172e-10
17.925 9.1083e-11 6.68688e-10
17.95 8.59936e-11 6.25802e-10
17.975 8.11467e-11 5.8539e-10
18 7.65339e-11 5.47328e-10
18.025 7.21465e-11 5.11501e-10
18.05 6.79761e-11 4.77795e-10
18.075 6.40144e-11 4.46101e-10
18.1 6.02533e-11 4.16315e-10
18.125 5.66847e-11 3.88337e-10
18.15 5.33008e-11 3.62072e-10
18.175 5.00941e-11 3.37427e-10
18.2 4.70569e-11 3.14315e-10
18.225 4.41821e-11 2.92652e-10
18.25 4.14625e-11 2.72357e-10
18.275 3.88913e-11 2.53353e-10
18.3 3.64617e-11 2.35568e-10
18.325 3.41673e-11 2.18933e-10
18.35 3.20018e-11 2.0338e-10
18.375 2.99591e-11 1.88846e-10
18.4 2.80334e-11 1.75272e-10
18.425 2.62188e-11 1.62601e-10
18.45 2.45101e-11 1.50778e-10
18.475 2.29018e-11 1.39753e-10
18.5 2.13889e-11 1.29476e-10
18.525 1.99666e-11 1.19901e-10
18.55 1.86301e-11 1.10985e-10
18.575 1.73749e-11 1.02687e-10
18.6 1.61968e-11 9.4967e-11
18.625 1.50915e-11 8.77889e-11
18.65 1.40551e-11 8.11178e-11
18.675 1.30839e-11 7.49207e-11
18.7 1.21742e-11 6.91668e-11
18.725 1.13225e-11 6.3827e-11
18.75 1.05257e-11 5.88738e-11
18.775 9.78041e-12 5.42814e-11
18.8 9.08381e-12 5.00256e-11
18.825 8.43302e-12 4.60835e-11
18.85 7.82533e-12 4.24337e-11
18.875 7.25817e-12 3.90561e-11
18.9 6.72911e-12 3.5932e-11
18.925 6.23583e-12 3.30436e-11
18.95 5.77615e-12 3.03743e-11
18.975 5.34798e-12 2.79088e-11
19 4.94937e-12 2.56325e-11
19.025 4.57845e-12 2.35318e-11
19.05 4.23348e-12 2.15941e-11
19.075 3.91278e-12 1.98075e-11
19.1 3.6148e-12 1.81611e-11
19.125 3.33807e-12 1.66445e-11
19.15 3.08119e-12 1.52481e-11
19.175 2.84284e-12 1.3963e-11
19.2 2.62181e-12 1.27808e-11
19.225 2.41692e-12 1.16938e-11
19.25 2.22709e-12 1.06948e-11
19.275 2.0513e-12 9.77704e-12
19.3 1.88858e-12 8.9343e-12
19.325 1.73803e-12 8.16079e-12
19.35 1.5988e-12 7.45116e-12
19.375 1.47011e-12 6.8004e-12
19.4 1.35121e-12 6.2039e-12
19.425 1.24141e-12 5.65738e-12
19.45 1.14005e-12 5.15687e-12
19.475 1.04653e-12 4.69869e-12
19.5 9.60282e-13 4.27946e-12
19.525 8.80778e-13 3.89603e-12
19.55 8.07523e-13 3.54549e-12
19.575 7.40055e-13 3.22516e-12
19.6 6.77946e-13 2.93257e-12
19.625 6.20795e-13 2.66543e-12
19.65 5.68229e-13 2.42163e-12
19.675 5.19903e-13 2.19923e-12
19.7 4.75493e-13 1.99644e-12
19.725 4.347e-13 1.81161e-12
19.75 3.97246e-13 1.64322e-12
19.775 3.62873e-13 1.48988e-12
19.8 3.31341e-13 1.35029e-12
19.825 3.02428e-13 1.22329e-12
19.85 2.75927e-13 1.10778e-12
19.875 2.51647e-13 1.00277e-12
19.9 2.29413e-13 9.07342e-13
19.925 2.09061e-13 8.20665e-13
19.95 1.90438e-13 7.41968e-13
19.975 1.73406e-13 6.70546e-13
20 1.57835e-13 6.05754e-13
