0 -0.000732208 -0.000745306
0.025 -0.000732208 -0.000745306
0.05 -0.0014636 -0.0014898
0.075 -0.00219338 -0.00223267
0.1 -0.00292072 -0.00297312
0.125 -0.00364483 -0.00371032
0.15 -0.00436489 -0.00444349
0.175 -0.00508012 -0.00517182
0.2 -0.00578971 -0.0058945
0.225 -0.00649288 -0.00661077
0.25 -0.00718885 -0.00731982
0.275 -0.00787684 -0.00802089
0.3 -0.0085561 -0.0087132
0.325 -0.00922586 -0.009396
0.35 -0.00988539 -0.0100685
0.375 -0.010534 -0.0107301
0.4 -0.0111708 -0.0113799
0.425 -0.0117953 -0.0120172
0.45 -0.0124067 -0.0126414
0.475 -0.0130044 -0.0132518
0.5 -0.0135877 -0.0138477
0.525 -0.0141559 -0.0144285
0.55 -0.0147085 -0.0149934
0.575 -0.0152448 -0.015542
0.6 -0.0157643 -0.0160736
0.625 -0.0162664 -0.0165877
0.65 -0.0167507 -0.0170837
0.675 -0.0172166 -0.0175611
0.7 -0.0176636 -0.0180194
0.725 -0.0180913 -0.0184582
0.75 -0.0184994 -0.018877
0.775 -0.0188873 -0.0192755
0.8 -0.0192548 -0.0196531
0.825 -0.0196016 -0.0200097
0.85 -0.0199274 -0.020345
0.875 -0.0202319 -0.0206585
0.9 -0.0205149 -0.0209502
0.925 -0.0207762 -0.0212198
0.95 -0.0210158 -0.0214672
0.975 -0.0212334 -0.0216922
1 -0.0214291 -0.0218948
1.025 -0.0216029 -0.0220749
1.05 -0.0217546 -0.0222326
1.075 -0.0218845 -0.0223678
1.1 -0.0219925 -0.0224806
1.125 -0.0220788 -0.0225712
1.15 -0.0221436 -0.0226397
1.175 -0.0221871 -0.0226863
1.2 -0.0222094 -0.0227112
1.225 -0.022211 -0.0227147
1.25 -0.0221921 -0.0226971
1.275 -0.0221531 -0.0226589
1.3 -0.0220943 -0.0226002
1.325 -0.0220162 -0.0225216
1.35 -0.0219191 -0.0224236
1.375 -0.0218037 -0.0223065
1.4 -0.0216704 -0.0221709
1.425 -0.0215197 -0.0220174
1.45 -0.0213521 -0.0218465
1.475 -0.0211684 -0.0216589
1.5 -0.0209691 -0.021455
1.525 -0.0207547 -0.0212357
1.55 -0.0205261 -0.0210015
1.575 -0.0202837 -0.0207531
1.6 -0.0200284 -0.0204913
1.625 -0.0197608 -0.0202167
1.65 -0.0194815 -0.01993
1.675 -0.0191914 -0.0196321
1.7 -0.0188911 -0.0193236
1.725 -0.0185814 -0.0190052
1.75 -0.018263 -0.0186778
1.775 -0.0179365 -0.0183421
1.8 -0.0176028 -0.0179988
1.825 -0.0172626 -0.0176488
1.85 -0.0169165 -0.0172926
1.875 -0.0165654 -0.0169311
1.9 -0.0162097 -0.016565
1.925 -0.0158504 -0.016195
1.95 -0.015488 -0.0158218
1.975 -0.0151232 -0.0154461
2 -0.0147567 -0.0150686
2.025 -0.0143891 -0.0146899
2.05 -0.014021 -0.0143107
2.075 -0.0136529 -0.0139316
2.1 -0.0132855 -0.0135531
2.125 -0.0129194 -0.0131759
2.15 -0.012555 -0.0128005
2.175 -0.0121928 -0.0124275
2.2 -0.0118334 -0.0120573
2.225 -0.0114771 -0.0116904
2.25 -0.0111245 -0.0113272
2.275 -0.0107759 -0.0109682
2.3 -0.0104318 -0.0106139
2.325 -0.0100923 -0.0102645
2.35 -0.00975802 -0.00992035
2.375 -0.0094291 -0.00958185
2.4 -0.00910586 -0.00924927
2.425 -0.00878856 -0.00892285
2.45 -0.00847742 -0.00860285
2.475 -0.00817265 -0.00828948
2.5 -0.00787443 -0.00798292
2.525 -0.00758291 -0.00768333
2.55 -0.00729823 -0.00739086
2.575 -0.0070205 -0.00710562
2.6 -0.00674982 -0.00682771
2.625 -0.00648625 -0.00655719
2.65 -0.00622984 -0.00629411
2.675 -0.00598062 -0.00603852
2.7 -0.00573861 -0.00579041
2.725 -0.00550381 -0.00554979
2.75 -0.00527618 -0.00531662
2.775 -0.00505569 -0.00509088
2.8 -0.00484231 -0.0048725
2.825 -0.00463595 -0.00466142
2.85 -0.00443654 -0.00445756
2.875 -0.004244 -0.00426082
2.9 -0.00405823 -0.0040711
2.925 -0.00387912 -0.00388828
2.95 -0.00370654 -0.00371223
2.975 -0.00354039 -0.00354284
3 -0.00338052 -0.00337996
3.025 -0.00322679 -0.00322343
3.05 -0.00307907 -0.00307312
3.075 -0.00293721 -0.00292887
3.1 -0.00280105 -0.00279051
3.125 -0.00267043 -0.00265788
3.15 -0.00254521 -0.00253082
3.175 -0.00242523 -0.00240917
3.2 -0.00231032 -0.00229275
3.225 -0.00220032 -0.00218139
3.25 -0.00209507 -0.00207494
3.275 -0.00199442 -0.00197321
3.3 -0.0018982 -0.00187605
3.325 -0.00180626 -0.00178328
3.35 -0.00171844 -0.00169475
3.375 -0.00163459 -0.0016103
3.4 -0.00155455 -0.00152977
3.425 -0.00147819 -0.001453
3.45 -0.00140535 -0.00137984
3.475 -0.00133589 -0.00131015
3.5 -0.00126967 -0.00124377
3.525 -0.00120656 -0.00118058
3.55 -0.00114643 -0.00112042
3.575 -0.00108914 -0.00106318
3.6 -0.00103459 -0.00100872
3.625 -0.000982636 -0.000956909
3.65 -0.000933175 -0.000907638
3.675 -0.000886092 -0.000860789
3.7 -0.000841281 -0.000816248
3.725 -0.000798637 -0.000773909
3.75 -0.00075806 -0.000733668
3.775 -0.000719455 -0.000695426
3.8 -0.00068273 -0.000659088
3.825 -0.000647797 -0.000624562
3.85 -0.00061457 -0.000591763
3.875 -0.00058297 -0.000560606
3.9 -0.000552919 -0.000531011
3.925 -0.000524342 -0.000502902
3.95 -0.00049717 -0.000476208
3.975 -0.000471335 -0.000450857
4 -0.000446772 -0.000426786
4.025 -0.000423421 -0.00040393
4.05 -0.000401223 -0.000382229
4.075 -0.000380123 -0.000361628
4.1 -0.000360068 -0.000342071
4.125 -0.000341007 -0.000323508
4.15 -0.000322892 -0.000305889
4.175 -0.000305678 -0.000289167
4.2 -0.000289322 -0.000273299
4.225 -0.000273782 -0.000258243
4.25 -0.000259019 -0.000243958
4.275 -0.000244996 -0.000230407
4.3 -0.000231678 -0.000217554
4.325 -0.000219031 -0.000205365
4.35 -0.000207022 -0.000193806
4.375 -0.000195622 -0.000182848
4.4 -0.000184801 -0.000172462
4.425 -0.000174532 -0.000162618
4.45 -0.000164789 -0.000153291
4.475 -0.000155546 -0.000144456
4.5 -0.000146781 -0.000136088
4.525 -0.000138469 -0.000128165
4.55 -0.000130591 -0.000120666
4.575 -0.000123125 -0.000113569
4.6 -0.000116052 -0.000106855
4.625 -0.000109353 -0.000100505
4.65 -0.00010301 -9.45026e-05
4.675 -9.70063e-05 -8.88294e-05
4.7 -9.1326e-05 -8.34697e-05
4.725 -8.59535e-05 -7.8408e-05
4.75 -8.0874e-05 -7.36298e-05
4.775 -7.60733e-05 -6.9121e-05
4.8 -7.15381e-05 -6.48682e-05
4.825 -6.72555e-05 -6.08587e-05
4.85 -6.32131e-05 -5.70803e-05
4.875 -5.93993e-05 -5.35214e-05
4.9 -5.58027e-05 -5.01708e-05
4.925 -5.24125e-05 -4.7018e-05
4.95 -4.92186e-05 -4.40528e-05
4.975 -4.62111e-05 -4.12655e-05
5 -4.33805e-05 -3.86469e-05
5.025 -4.07178e-05 -3.61881e-05
5.05 -3.82144e-05 -3.38808e-05
5.075 -3.58621e-05 -3.17167e-05
5.1 -3.36528e-05 -2.96883e-05
5.125 -3.15791e-05 -2.77881e-05
5.15 -2.96338e-05 -2.60091e-05
5.175 -2.78098e-05 -2.43446e-05
5.2 -2.61007e-05 -2.27881e-05
5.225 -2.44999e-05 -2.13335e-05
5.25 -2.30016e-05 -1.9975e-05
5.275 -2.15999e-05 -1.87069e-05
5.3 -2.02892e-05 -1.7524e-05
5.325 -1.90643e-05 -1.64211e-05
5.35 -1.79202e-05 -1.53935e-05
5.375 -1.6852e-05 -1.44364e-05
5.4 -1.58552e-05 -1.35456e-05
5.425 -1.49254e-05 -1.27168e-05
5.45 -1.40584e-05 -1.19461e-05
5.475 -1.32502e-05 -1.12296e-05
5.5 -1.24972e-05 -1.05639e-05
5.525 -1.17956e-05 -9.94544e-06
5.55 -1.11421e-05 -9.37109e-06
5.575 -1.05336e-05 -8.83777e-06
5.6 -9.9668e-06 -8.34261e-06
5.625 -9.43897e-06 -7.88287e-06
5.65 -8.94733e-06 -7.45597e-06
5.675 -8.48929e-06 -7.05951e-06
5.7 -8.06241e-06 -6.69118e-06
5.725 -7.6644e-06 -6.34885e-06
5.75 -7.29309e-06 -6.03051e-06
5.775 -6.94646e-06 -5.73425e-06
5.8 -6.62259e-06 -5.45831e-06
5.825 -6.31971e-06 -5.20104e-06
5.85 -6.03614e-06 -4.9609e-06
5.875 -5.77032e-06 -4.73646e-06
5.9 -5.52082e-06 -4.52638e-06
5.925 -5.28627e-06 -4.32942e-06
5.95 -5.06542e-06 -4.14444e-06
5.975 -4.85713e-06 -3.97039e-06
6 -4.66031e-06 -3.80629e-06
6.025 -4.47398e-06 -3.65125e-06
6.05 -4.29724e-06 -3.50445e-06
6.075 -4.12925e-06 -3.36515e-06
6.1 -3.96926e-06 -3.23266e-06
6.125 -3.81656e-06 -3.10636e-06
6.15 -3.67054e-06 -2.98571e-06
6.175 -3.53063e-06 -2.87018e-06
6.2 -3.3963e-06 -2.75933e-06
6.225 -3.2671e-06 -2.65276e-06
6.25 -3.14261e-06 -2.5501e-06
6.275 -3.02247e-06 -2.45104e-06
6.3 -2.90634e-06 -2.35529e-06
6.325 -2.79394e-06 -2.2626e-06
6.35 -2.68501e-06 -2.17276e-06
6.375 -2.57933e-06 -2.08558e-06
6.4 -2.4767e-06 -2.00091e-06
6.425 -2.37697e-06 -1.9186e-06
6.45 -2.27998e-06 -1.83853e-06
6.475 -2.18562e-06 -1.76062e-06
6.5 -2.09378e-06 -1.68477e-06
6.525 -2.00438e-06 -1.61093e-06
6.55 -1.91734e-06 -1.53904e-06
6.575 -1.83261e-06 -1.46906e-06
6.6 -1.75014e-06 -1.40094e-06
6.625 -1.66989e-06 -1.33468e-06
6.65 -1.59184e-06 -1.27024e-06
6.675 -1.51595e-06 -1.20761e-06
6.7 -1.44221e-06 -1.14678e-06
6.725 -1.3706e-06 -1.08775e-06
6.75 -1.30112e-06 -1.0305e-06
6.775 -1.23375e-06 -9.7504e-07
6.8 -1.16848e-06 -9.21354e-07
6.825 -1.10531e-06 -8.69442e-07
6.85 -1.04423e-06 -8.19297e-07
6.875 -9.85225e-07 -7.70915e-07
6.9 -9.28292e-07 -7.24286e-07
6.925 -8.73416e-07 -6.79402e-07
6.95 -8.20584e-07 -6.36251e-07
6.975 -7.69781e-07 -5.94819e-07
7 -7.2099e-07 -5.55091e-07
7.025 -6.74191e-07 -5.17049e-07
7.05 -6.29361e-07 -4.80671e-07
7.075 -5.86477e-07 -4.45936e-07
7.1 -5.45511e-07 -4.12819e-07
7.125 -5.06434e-07 -3.81293e-07
7.15 -4.69215e-07 -3.51329e-07
7.175 -4.33821e-07 -3.22896e-07
7.2 -4.00215e-07 -2.95962e-07
7.225 -3.68361e-07 -2.70493e-07
7.25 -3.3822e-07 -2.46453e-07
7.275 -3.09751e-07 -2.23806e-07
7.3 -2.82911e-07 -2.02513e-07
7.325 -2.57658e-07 -1.82537e-07
7.35 -2.33947e-07 -1.63836e-07
7.375 -2.11733e-07 -1.46373e-07
7.4 -1.90969e-07 -1.30104e-07
7.425 -1.71608e-07 -1.1499e-07
7.45 -1.53604e-07 -1.00989e-07
7.475 -1.36908e-07 -8.80593e-08
7.5 -1.21473e-07 -7.61596e-08
7.525 -1.07249e-07 -6.52484e-08
7.55 -9.41897e-08 -5.52843e-08
7.575 -8.22454e-08 -4.62262e-08
7.6 -7.13684e-08 -3.80331e-08
7.625 -6.15107e-08 -3.06648e-08
7.65 -5.26248e-08 -2.4081e-08
7.675 -4.46632e-08 -1.8242e-08
7.7 -3.7579e-08 -1.31088e-08
7.725 -3.13259e-08 -8.64255e-09
7.75 -2.58579e-08 -4.80528e-09
7.775 -2.11296e-08 -1.5594e-09
7.8 -1.70965e-08 1.13199e-09
7.825 -1.37144e-08 3.30521e-09
7.85 -1.09401e-08 4.99588e-09
7.875 -8.73106e-09 6.23896e-09
7.9 -7.04552e-09 7.06868e-09
7.925 -5.84267e-09 7.51855e-09
7.95 -5.08254e-09 7.62132e-09
7.975 -4.72615e-09 7.40892e-09
8 -4.7355e-09 6.91247e-09
8.025 -5.07367e-09 6.16222e-09
8.05 -5.7048e-09 5.18752e-09
8.075 -6.59421e-09 4.0168e-09
8.1 -7.70841e-09 2.67748e-09
8.125 -9.01515e-09 1.196e-09
8.15 -1.04835e-08 -4.02262e-10
8.175 -1.20838e-08 -2.09303e-09
8.2 -1.37878e-08 -3.85317e-09
8.225 -1.55688e-08 -5.66069e-09
8.25 -1.74014e-08 -7.49483e-09
8.275 -1.92617e-08 -9.33607e-09
8.3 -2.11276e-08 -1.11662e-08
8.325 -2.29783e-08 -1.29681e-08
8.35 -2.47945e-08 -1.47264e-08
8.375 -2.65589e-08 -1.64266e-08
8.4 -2.82554e-08 -1.80559e-08
8.425 -2.98697e-08 -1.96027e-08
8.45 -3.13891e-08 -2.10567e-08
8.475 -3.28025e-08 -2.24093e-08
8.5 -3.41003e-08 -2.36527e-08
8.525 -3.52747e-08 -2.47809e-08
8.55 -3.6319e-08 -2.5789e-08
8.575 -3.72285e-08 -2.66735e-08
8.6 -3.79993e-08 -2.74318e-08
8.625 -3.86296e-08 -2.8063e-08
8.65 -3.91182e-08 -2.85668e-08
8.675 -3.94658e-08 -2.89444e-08
8.7 -3.96738e-08 -2.91977e-08
8.725 -3.97448e-08 -2.93297e-08
8.75 -3.96826e-08 -2.93444e-08
8.775 -3.94917e-08 -2.92462e-08
8.8 -3.91777e-08 -2.90406e-08
8.825 -3.87465e-08 -2.87335e-08
8.85 -3.82051e-08 -2.83314e-08
8.875 -3.75609e-08 -2.78412e-08
8.9 -3.68215e-08 -2.72704e-08
8.925 -3.59953e-08 -2.66264e-08
8.95 -3.50905e-08 -2.59171e-08
8.975 -3.4116e-08 -2.51505e-08
9 -3.30802e-08 -2.43344e-08
9.025 -3.19921e-08 -2.34768e-08
9.05 -3.086e-08 -2.25854e-08
9.075 -2.96926e-08 -2.16679e-08
9.1 -2.8498e-08 -2.07316e-08
9.125 -2.72843e-08 -1.97836e-08
9.15 -2.60589e-08 -1.88306e-08
9.175 -2.48291e-08 -1.78787e-08
9.2 -2.36017e-08 -1.6934e-08
9.225 -2.23828e-08 -1.60017e-08
9.25 -2.11784e-08 -1.50867e-08
9.275 -1.99935e-08 -1.41934e-08
9.3 -1.8833e-08 -1.33255e-08
9.325 -1.77008e-08 -1.24864e-08
9.35 -1.66006e-08 -1.16787e-08
9.375 -1.55354e-08 -1.09047e-08
9.4 -1.45075e-08 -1.0166e-08
9.425 -1.35189e-08 -9.46376e-09
9.45 -1.2571e-08 -8.79869e-09
9.475 -1.16647e-08 -8.171e-09
9.5 -1.08004e-08 -7.58051e-09
9.525 -9.97821e-09 -7.02663e-09
9.55 -9.19763e-09 -6.5084e-09
9.575 -8.45799e-09 -6.02458e-09
9.6 -7.75824e-09 -5.57363e-09
9.625 -7.09707e-09 -5.15379e-09
9.65 -6.47294e-09 -4.76312e-09
9.675 -5.88412e-09 -4.39951e-09
9.7 -5.32874e-09 -4.06077e-09
9.725 -4.80483e-09 -3.74463e-09
9.75 -4.31035e-09 -3.44883e-09
9.775 -3.84325e-09 -3.17107e-09
9.8 -3.40148e-09 -2.90916e-09
9.825 -2.98305e-09 -2.66095e-09
9.85 -2.58602e-09 -2.42443e-09
9.875 -2.20858e-09 -2.19772e-09
9.9 -1.84904e-09 -1.9791e-09
9.925 -1.50585e-09 -1.76703e-09
9.95 -1.17763e-09 -1.56018e-09
9.975 -8.63171e-10 -1.35742e-09
10 -5.61465e-10 -1.15785e-09
10.025 -2.71685e-10 -9.60765e-10
10.05 6.79921e-12 -7.65711e-10
10.075 2.74425e-10 -5.7244e-10
10.1 5.3144e-10 -3.80922e-10
10.125 7.77912e-10 -1.91327e-10
10.15 1.01374e-09 -4.02071e-12
10.175 1.23866e-09 1.80456e-10
10.2 1.45227e-09 3.61401e-10
10.225 1.65406e-09 5.37972e-10
10.25 1.84338e-09 7.09206e-10
10.275 2.01951e-09 8.74043e-10
10.3 2.18169e-09 1.03135e-09
10.325 2.32908e-09 1.17993e-09
10.35 2.46085e-09 1.31858e-09
10.375 2.57614e-09 1.44607e-09
10.4 2.67414e-09 1.5612e-09
10.425 2.75407e-09 1.66283e-09
10.45 2.81522e-09 1.74984e-09
10.475 2.85695e-09 1.82123e-09
10.5 2.87875e-09 1.8761e-09
10.525 2.88018e-09 1.91365e-09
10.55 2.86095e-09 1.93323e-09
10.575 2.82093e-09 1.93434e-09
10.6 2.7601e-09 1.91662e-09
10.625 2.67863e-09 1.87989e-09
10.65 2.57683e-09 1.82415e-09
10.675 2.45517e-09 1.74956e-09
10.7 2.31431e-09 1.65648e-09
10.725 2.15504e-09 1.54541e-09
10.75 1.97834e-09 1.41706e-09
10.775 1.78531e-09 1.27229e-09
10.8 1.57721e-09 1.11212e-09
10.825 1.35544e-09 9.37721e-10
10.85 1.1215e-09 7.50411e-10
10.875 8.7702e-10 5.51621e-10
10.9 6.23708e-10 3.42899e-10
10.925 3.63357e-10 1.25886e-10
10.95 9.78158e-11 -9.76994e-11
10.975 -1.7102e-10 -3.26078e-10
11 -4.4123e-10 -5.57429e-10
11.025 -7.10887e-10 -7.89908e-10
11.05 -9.78075e-10 -1.02167e-09
11.075 -1.24091e-09 -1.25087e-09
11.1 -1.49754e-09 -1.47571e-09
11.125 -1.7462e-09 -1.69445e-09
11.15 -1.98518e-09 -1.90539e-09
11.175 -2.21289e-09 -2.10693e-09
11.2 -2.42783e-09 -2.29757e-09
11.225 -2.62863e-09 -2.47592e-09
11.25 -2.81405e-09 -2.64071e-09
11.275 -2.98299e-09 -2.79081e-09
11.3 -3.13452e-09 -2.92523e-09
11.325 -3.26786e-09 -3.04314e-09
11.35 -3.38237e-09 -3.14387e-09
11.375 -3.47763e-09 -3.22691e-09
11.4 -3.55333e-09 -3.2919e-09
11.425 -3.60938e-09 -3.33868e-09
11.45 -3.64583e-09 -3.36724e-09
11.475 -3.6629e-09 -3.37771e-09
11.5 -3.66098e-09 -3.37043e-09
11.525 -3.6406e-09 -3.34584e-09
11.55 -3.60245e-09 -3.30458e-09
11.575 -3.54735e-09 -3.24738e-09
11.6 -3.47624e-09 -3.17513e-09
11.625 -3.39018e-09 -3.08882e-09
11.65 -3.29036e-09 -2.98958e-09
11.675 -3.17803e-09 -2.87859e-09
11.7 -3.05452e-09 -2.75714e-09
11.725 -2.92124e-09 -2.62658e-09
11.75 -2.77965e-09 -2.48831e-09
11.775 -2.63123e-09 -2.34378e-09
11.8 -2.47749e-09 -2.19445e-09
11.825 -2.31995e-09 -2.0418e-09
11.85 -2.16012e-09 -1.88731e-09
11.875 -1.9995e-09 -1.73244e-09
11.9 -1.83953e-09 -1.57862e-09
11.925 -1.68164e-09 -1.42723e-09
11.95 -1.52717e-09 -1.2796e-09
11.975 -1.37742e-09 -1.137e-09
12 -1.23358e-09 -1.00062e-09
12.025 -1.09679e-09 -8.71564e-10
12.05 -9.68054e-10 -7.50842e-10
12.075 -8.48304e-10 -6.39363e-10
12.1 -7.38352e-10 -5.37931e-10
12.125 -6.38899e-10 -4.47237e-10
12.15 -5.50529e-10 -3.67856e-10
12.175 -4.73707e-10 -3.00246e-10
12.2 -4.08779e-10 -2.44746e-10
12.225 -3.55972e-10 -2.01572e-10
12.25 -3.15392e-10 -1.70824e-10
12.275 -2.87029e-10 -1.52484e-10
12.3 -2.70762e-10 -1.4642e-10
12.325 -2.66356e-10 -1.52389e-10
12.35 -2.73475e-10 -1.70043e-10
12.375 -2.91683e-10 -1.98933e-10
12.4 -3.20452e-10 -2.38519e-10
12.425 -3.59167e-10 -2.88173e-10
12.45 -4.07139e-10 -3.47187e-10
12.475 -4.63607e-10 -4.14784e-10
12.5 -5.2775e-10 -4.90126e-10
12.525 -5.98696e-10 -5.72318e-10
12.55 -6.7553e-10 -6.60426e-10
12.575 -7.57302e-10 -7.53479e-10
12.6 -8.43041e-10 -8.50478e-10
12.625 -9.31758e-10 -9.50414e-10
12.65 -1.02246e-09 -1.05227e-09
12.675 -1.11416e-09 -1.15502e-09
12.7 -1.20587e-09 -1.25766e-09
12.725 -1.29664e-09 -1.35921e-09
12.75 -1.38553e-09 -1.45871e-09
12.775 -1.47165e-09 -1.55524e-09
12.8 -1.55415e-09 -1.64791e-09
12.825 -1.63223e-09 -1.73589e-09
12.85 -1.70512e-09 -1.8184e-09
12.875 -1.77214e-09 -1.89473e-09
12.9 -1.83266e-09 -1.96421e-09
12.925 -1.88612e-09 -2.02627e-09
12.95 -1.93203e-09 -2.0804e-09
12.975 -1.96998e-09 -2.12615e-09
13 -1.99962e-09 -2.16316e-09
13.025 -2.02069e-09 -2.19115e-09
13.05 -2.03301e-09 -2.20991e-09
13.075 -2.03646e-09 -2.21932e-09
13.1 -2.031e-09 -2.21933e-09
13.125 -2.01668e-09 -2.20995e-09
13.15 -1.9936e-09 -2.19131e-09
13.175 -1.96195e-09 -2.16355e-09
13.2 -1.92198e-09 -2.12694e-09
13.225 -1.87399e-09 -2.08178e-09
13.25 -1.81835e-09 -2.02843e-09
13.275 -1.75551e-09 -1.96733e-09
13.3 -1.68592e-09 -1.89896e-09
13.325 -1.61012e-09 -1.82385e-09
13.35 -1.52868e-09 -1.74256e-09
13.375 -1.44218e-09 -1.65572e-09
13.4 -1.35128e-09 -1.56397e-09
13.425 -1.25662e-09 -1.46797e-09
13.45 -1.15889e-09 -1.36843e-09
13.475 -1.05877e-09 -1.26605e-09
13.5 -9.56979e-10 -1.16156e-09
13.525 -8.54214e-10 -1.05568e-09
13.55 -7.51185e-10 -9.4914e-10
13.575 -6.48592e-10 -8.42667e-10
13.6 -5.47126e-10 -7.36973e-10
13.625 -4.47461e-10 -6.32758e-10
13.65 -3.50253e-10 -5.30703e-10
13.675 -2.56135e-10 -4.31466e-10
13.7 -1.65712e-10 -3.35678e-10
13.725 -7.95564e-11 -2.43941e-10
13.75 1.7897e-12 -1.56822e-10
13.775 7.78229e-11 -7.48518e-11
13.8 1.48078e-10 1.47709e-12
13.825 2.12132e-10 7.17145e-11
13.85 2.69604e-10 1.35453e-10
13.875 3.20157e-10 1.92331e-10
13.9 3.635e-10 2.4203e-10
13.925 3.99388e-10 2.84283e-10
13.95 4.27622e-10 3.18865e-10
13.975 4.48052e-10 3.45603e-10
14 4.6057e-10 3.64369e-10
14.025 4.65118e-10 3.75083e-10
14.05 4.61682e-10 3.77709e-10
14.075 4.50289e-10 3.72259e-10
14.1 4.31013e-10 3.58787e-10
14.125 4.03967e-10 3.3739e-10
14.15 3.69303e-10 3.08207e-10
14.175 3.27212e-10 2.71414e-10
14.2 2.77918e-10 2.27224e-10
14.225 2.21682e-10 1.75885e-10
14.25 1.58792e-10 1.17678e-10
14.275 8.95656e-11 5.29111e-11
14.3 1.43469e-11 -1.80782e-11
14.325 -6.64976e-11 -9.49286e-11
14.35 -1.52581e-10 -1.77257e-10
14.375 -2.43498e-10 -2.64662e-10
14.4 -3.38828e-10 -3.56725e-10
14.425 -4.3814e-10 -4.53015e-10
14.45 -5.40991e-10 -5.53087e-10
14.475 -6.46931e-10 -6.56492e-10
14.5 -7.55507e-10 -7.62773e-10
14.525 -8.66263e-10 -8.71471e-10
14.55 -9.78744e-10 -9.82124e-10
14.575 -1.09249e-09 -1.09428e-09
14.6 -1.20707e-09 -1.20747e-09
14.625 -1.32202e-09 -1.32126e-09
14.65 -1.43693e-09 -1.43521e-09
14.675 -1.55136e-09 -1.54888e-09
14.7 -1.66491e-09 -1.66186e-09
14.725 -1.77718e-09 -1.77374e-09
14.75 -1.88779e-09 -1.88414e-09
14.775 -1.99638e-09 -1.99268e-09
14.8 -2.10261e-09 -2.09901e-09
14.825 -2.20614e-09 -2.20278e-09
14.85 -2.30667e-09 -2.3037e-09
14.875 -2.40392e-09 -2.40144e-09
14.9 -2.49762e-09 -2.49575e-09
14.925 -2.58752e-09 -2.58637e-09
14.95 -2.6734e-09 -2.67306e-09
14.975 -2.75507e-09 -2.75562e-09
15 -2.83234e-09 -2.83386e-09
15.025 -2.90507e-09 -2.90761e-09
15.05 -2.9731e-09 -2.97673e-09
15.075 -3.03634e-09 -3.04109e-09
15.1 -3.0947e-09 -3.10061e-09
15.125 -3.14809e-09 -3.15519e-09
15.15 -3.19648e-09 -3.20479e-09
15.175 -3.23982e-09 -3.24936e-09
15.2 -3.27812e-09 -3.28888e-09
15.225 -3.31137e-09 -3.32336e-09
15.25 -3.3396e-09 -3.35281e-09
15.275 -3.36286e-09 -3.37727e-09
15.3 -3.3812e-09 -3.39678e-09
15.325 -3.39468e-09 -3.41142e-09
15.35 -3.40341e-09 -3.42127e-09
15.375 -3.40746e-09 -3.42642e-09
15.4 -3.40697e-09 -3.42698e-09
15.425 -3.40204e-09 -3.42306e-09
15.45 -3.39282e-09 -3.4148e-09
15.475 -3.37943e-09 -3.40232e-09
15.5 -3.36204e-09 -3.38579e-09
15.525 -3.34079e-09 -3.36536e-09
15.55 -3.31585e-09 -3.34117e-09
15.575 -3.28739e-09 -3.31341e-09
15.6 -3.25558e-09 -3.28224e-09
15.625 -3.2206e-09 -3.24784e-09
15.65 -3.18261e-09 -3.21039e-09
15.675 -3.14182e-09 -3.17006e-09
15.7 -3.09839e-09 -3.12704e-09
15.725 -3.0525e-09 -3.08151e-09
15.75 -3.00435e-09 -3.03365e-09
15.775 -2.95411e-09 -2.98365e-09
15.8 -2.90195e-09 -2.93168e-09
15.825 -2.84807e-09 -2.87792e-09
15.85 -2.79262e-09 -2.82256e-09
15.875 -2.73579e-09 -2.76575e-09
15.9 -2.67773e-09 -2.70767e-09
15.925 -2.61862e-09 -2.64849e-09
15.95 -2.55861e-09 -2.58837e-09
15.975 -2.49785e-09 -2.52745e-09
16 -2.4365e-09 -2.4659e-09
16.025 -2.37469e-09 -2.40386e-09
16.05 -2.31257e-09 -2.34146e-09
16.075 -2.25027e-09 -2.27885e-09
16.1 -2.18792e-09 -2.21615e-09
16.125 -2.12562e-09 -2.15349e-09
16.15 -2.06351e-09 -2.09097e-09
16.175 -2.00169e-09 -2.02872e-09
16.2 -1.94025e-09 -1.96683e-09
16.225 -1.8793e-09 -1.90541e-09
16.25 -1.81893e-09 -1.84454e-09
16.275 -1.75921e-09 -1.78431e-09
16.3 -1.70023e-09 -1.7248e-09
16.325 -1.64206e-09 -1.66609e-09
16.35 -1.58476e-09 -1.60824e-09
16.375 -1.5284e-09 -1.55131e-09
16.4 -1.47302e-09 -1.49537e-09
16.425 -1.41868e-09 -1.44045e-09
16.45 -1.36543e-09 -1.38661e-09
16.475 -1.31329e-09 -1.33389e-09
16.5 -1.26231e-09 -1.28232e-09
16.525 -1.21251e-09 -1.23193e-09
16.55 -1.16391e-09 -1.18274e-09
16.575 -1.11655e-09 -1.13479e-09
16.6 -1.07042e-09 -1.08809e-09
16.625 -1.02556e-09 -1.04264e-09
16.65 -9.81952e-10 -9.98466e-10
16.675 -9.39618e-10 -9.55565e-10
16.7 -8.98553e-10 -9.13941e-10
16.725 -8.58758e-10 -8.73594e-10
16.75 -8.20227e-10 -8.3452e-10
16.775 -7.82952e-10 -7.96712e-10
16.8 -7.46925e-10 -7.60161e-10
16.825 -7.12134e-10 -7.24856e-10
16.85 -6.78563e-10 -6.90783e-10
16.875 -6.46197e-10 -6.57927e-10
16.9 -6.15019e-10 -6.26269e-10
16.925 -5.85008e-10 -5.9579e-10
16.95 -5.56143e-10 -5.6647e-10
16.975 -5.28403e-10 -5.38287e-10
17 -5.01763e-10 -5.11217e-10
17.025 -4.762e-10 -4.85236e-10
17.05 -4.51689e-10 -4.60319e-10
17.075 -4.28202e-10 -4.36439e-10
17.1 -4.05714e-10 -4.13571e-10
17.125 -3.84198e-10 -3.91688e-10
17.15 -3.63625e-10 -3.70761e-10
17.175 -3.43969e-10 -3.50763e-10
17.2 -3.25202e-10 -3.31665e-10
17.225 -3.07295e-10 -3.13441e-10
17.25 -2.90221e-10 -2.96061e-10
17.275 -2.73952e-10 -2.79498e-10
17.3 -2.5846e-10 -2.63723e-10
17.325 -2.43717e-10 -2.48709e-10
17.35 -2.29697e-10 -2.34429e-10
17.375 -2.16372e-10 -2.20855e-10
17.4 -2.03717e-10 -2.07961e-10
17.425 -1.91704e-10 -1.9572e-10
17.45 -1.80308e-10 -1.84106e-10
17.475 -1.69505e-10 -1.73095e-10
17.5 -1.5927e-10 -1.6266e-10
17.525 -1.49578e-10 -1.52779e-10
17.55 -1.40407e-10 -1.43427e-10
17.575 -1.31733e-10 -1.34581e-10
17.6 -1.23535e-10 -1.26219e-10
17.625 -1.1579e-10 -1.18319e-10
17.65 -1.08479e-10 -1.10859e-10
17.675 -1.0158e-10 -1.0382e-10
17.7 -9.50743e-11 -9.71807e-11
17.725 -8.89429e-11 -9.09226e-11
17.75 -8.31673e-11 -8.50272e-11
17.775 -7.77301e-11 -7.94763e-11
17.8 -7.26141e-11 -7.42528e-11
17.825 -6.78031e-11 -6.93401e-11
17.85 -6.32814e-11 -6.47221e-11
17.875 -5.90337e-11 -6.03837e-11
17.9 -5.50458e-11 -5.631e-11
17.925 -5.13036e-11 -5.24869e-11
17.95 -4.77939e-11 -4.89009e-11
17.975 -4.45041e-11 -4.55391e-11
18 -4.14218e-11 -4.23891e-11
18.025 -3.85356e-11 -3.94392e-11
18.05 -3.58343e-11 -3.6678e-11
18.075 -3.33075e-11 -3.40947e-11
18.1 -3.0945e-11 -3.16793e-11
18.125 -2.87372e-11 -2.94218e-11
18.15 -2.66752e-11 -2.73131e-11
18.175 -2.47502e-11 -2.53443e-11
18.2 -2.2954e-11 -2.3507e-11
18.225 -2.12788e-11 -2.17934e-11
18.25 -1.97173e-11 -2.01959e-11
18.275 -1.82624e-11 -1.87073e-11
18.3 -1.69075e-11 -1.73209e-11
18.325 -1.56464e-11 -1.60303e-11
18.35 -1.44732e-11 -1.48295e-11
18.375 -1.33822e-11 -1.37128e-11
18.4 -1.23681e-11 -1.26747e-11
18.425 -1.1426e-11 -1.17103e-11
18.45 -1.05512e-11 -1.08146e-11
18.475 -9.73927e-12 -9.98319e-12
18.5 -8.98603e-12 -9.21183e-12
18.525 -8.28756e-12 -8.49649e-12
18.55 -7.64019e-12 -7.83343e-12
18.575 -7.04045e-12 -7.21909e-12
18.6 -6.48509e-12 -6.65017e-12
18.625 -5.97107e-12 -6.12354e-12
18.65 -5.49552e-12 -5.63628e-12
18.675 -5.05576e-12 -5.18566e-12
18.7 -4.64929e-12 -4.76911e-12
18.725 -4.27374e-12 -4.38422e-12
18.75 -3.92693e-12 -4.02875e-12
18.775 -3.6068e-12 -3.7006e-12
18.8 -3.31143e-12 -3.3978e-12
18.825 -3.03901e-12 -3.11851e-12
18.85 -2.78789e-12 -2.86102e-12
18.875 -2.55648e-12 -2.62374e-12
18.9 -2.34335e-12 -2.40518e-12
18.925 -2.14713e-12 -2.20394e-12
18.95 -1.96656e-12 -2.01873e-12
18.975 -1.80045e-12 -1.84836e-12
19 -1.64773e-12 -1.69169e-12
19.025 -1.50737e-12 -1.54769e-12
19.05 -1.37842e-12 -1.41539e-12
19.075 -1.26e-12 -1.29389e-12
19.1 -1.15131e-12 -1.18236e-12
19.125 -1.05159e-12 -1.08002e-12
19.15 -9.60126e-13 -9.86153e-13
19.175 -8.76279e-13 -9.00095e-13
19.2 -7.99445e-13 -8.21228e-13
19.225 -7.29067e-13 -7.48983e-13
19.25 -6.64628e-13 -6.8283e-13
19.275 -6.05653e-13 -6.2228e-13
19.3 -5.51699e-13 -5.66882e-13
19.325 -5.02359e-13 -5.16219e-13
19.35 -4.57258e-13 -4.69904e-13
19.375 -4.16048e-13 -4.27582e-13
19.4 -3.78408e-13 -3.88924e-13
19.425 -3.44043e-13 -3.53627e-13
19.45 -3.12682e-13 -3.21412e-13
19.475 -2.84072e-13 -2.92022e-13
19.5 -2.57983e-13 -2.65219e-13
19.525 -2.34202e-13 -2.40787e-13
19.55 -2.12534e-13 -2.18523e-13
19.575 -1.92798e-13 -1.98244e-13
19.6 -1.74831e-13 -1.7978e-13
19.625 -1.58479e-13 -1.62975e-13
19.65 -1.43603e-13 -1.47686e-13
19.675 -1.30075e-13 -1.33782e-13
19.7 -1.17779e-13 -1.21142e-13
19.725 -1.06605e-13 -1.09656e-13
19.75 -9.64565e-14 -9.92229e-14
19.775 -8.72419e-14 -8.97494e-14
19.8 -7.88788e-14 -8.11507e-14
19.825 -7.12914e-14 -7.33491e-14
19.85 -6.44104e-14 -6.62734e-14
19.875 -5.81725e-14 -5.98585e-14
19.9 -5.25196e-14 -5.40449e-14
19.925 -4.7399e-14 -4.87784e-14
19.95 -4.27621e-14 -4.40091e-14
19.975 -3.8565e-14 -3.96919e-14
20 -3.47674e-14 -3.57853e-14
