0 0.134641 0.14302 -0.0396496 0.0516854
0.025 0.134641 0.14302 -0.0396496 0.0516854
0.05 0.134645 0.143024 -0.039614 0.051705
0.075 0.134651 0.14303 -0.0395549 0.0517377
0.1 0.13466 0.143039 -0.0394724 0.0517834
0.125 0.134672 0.143051 -0.0393666 0.0518419
0.15 0.134686 0.143064 -0.0392379 0.0519133
0.175 0.134703 0.143081 -0.0390866 0.0519972
0.2 0.134722 0.1431 -0.038913 0.0520935
0.225 0.134745 0.143122 -0.0387177 0.052202
0.25 0.13477 0.143146 -0.0385011 0.0523225
0.275 0.134797 0.143173 -0.0382638 0.0524546
0.3 0.134828 0.143203 -0.0380063 0.0525982
0.325 0.134861 0.143235 -0.0377294 0.0527528
0.35 0.134897 0.14327 -0.0374338 0.0529182
0.375 0.134936 0.143308 -0.0371202 0.053094
0.4 0.134978 0.143349 -0.0367893 0.0532797
0.425 0.135023 0.143392 -0.0364421 0.0534751
0.45 0.135071 0.143439 -0.0360794 0.0536796
0.475 0.135122 0.143488 -0.0357022 0.0538928
0.5 0.135176 0.14354 -0.0353112 0.0541142
0.525 0.135233 0.143595 -0.0349077 0.0543434
0.55 0.135294 0.143652 -0.0344925 0.0545799
0.575 0.135357 0.143713 -0.0340666 0.054823
0.6 0.135423 0.143776 -0.0336312 0.0550724
0.625 0.135493 0.143842 -0.0331873 0.0553274
0.65 0.135565 0.143911 -0.0327359 0.0555875
0.675 0.13564 0.143983 -0.0322783 0.0558521
0.7 0.135719 0.144057 -0.0318153 0.0561207
0.725 0.1358 0.144134 -0.0313483 0.0563926
0.75 0.135884 0.144213 -0.0308782 0.0566673
0.775 0.135971 0.144295 -0.0304063 0.0569442
0.8 0.13606 0.144379 -0.0299335 0.0572226
0.825 0.136152 0.144465 -0.029461 0.057502
0.85 0.136247 0.144554 -0.0289899 0.0577818
0.875 0.136344 0.144644 -0.0285213 0.0580613
0.9 0.136442 0.144736 -0.0280561 0.0583401
0.925 0.136543 0.14483 -0.0275955 0.0586174
0.95 0.136646 0.144926 -0.0271405 0.0588926
0.975 0.136751 0.145023 -0.026692 0.0591654
1 0.136857 0.145121 -0.026251 0.0594349
1.025 0.136964 0.14522 -0.0258184 0.0597007
1.05 0.137072 0.14532 -0.0253951 0.0599623
1.075 0.137181 0.14542 -0.024982 0.0602191
1.1 0.137291 0.145521 -0.0245799 0.0604705
1.125 0.1374 0.145622 -0.0241895 0.0607161
1.15 0.13751 0.145722 -0.0238116 0.0609554
1.175 0.13762 0.145823 -0.023447 0.0611879
1.2 0.13773 0.145923 -0.0230961 0.0614133
1.225 0.137838 0.146022 -0.0227597 0.0616309
1.25 0.137946 0.146119 -0.0224383 0.0618405
1.275 0.138052 0.146216 -0.0221323 0.0620417
1.3 0.138156 0.14631 -0.0218423 0.0622341
1.325 0.138259 0.146403 -0.0215686 0.0624174
1.35 0.13836 0.146494 -0.0213115 0.0625912
1.375 0.138458 0.146582 -0.0210714 0.0627554
1.4 0.138553 0.146668 -0.0208484 0.0629097
1.425 0.138645 0.146751 -0.0206428 0.0630539
1.45 0.138734 0.14683 -0.0204547 0.0631877
1.475 0.138819 0.146906 -0.0202841 0.0633111
1.5 0.1389 0.146979 -0.0201311 0.0634238
1.525 0.138977 0.147047 -0.0199956 0.0635259
1.55 0.13905 0.147112 -0.0198775 0.0636173
1.575 0.139118 0.147173 -0.0197767 0.0636979
1.6 0.139181 0.147229 -0.019693 0.0637678
1.625 0.13924 0.14728 -0.0196261 0.063827
1.65 0.139293 0.147327 -0.0195758 0.0638755
1.675 0.139341 0.147369 -0.0195417 0.0639136
1.7 0.139383 0.147406 -0.0195234 0.0639412
1.725 0.139419 0.147438 -0.0195204 0.0639587
1.75 0.13945 0.147465 -0.0195324 0.0639661
1.775 0.139475 0.147486 -0.0195588 0.0639638
1.8 0.139494 0.147503 -0.0195989 0.063952
1.825 0.139507 0.147514 -0.0196523 0.063931
1.85 0.139514 0.147521 -0.0197184 0.0639011
1.875 0.139515 0.147522 -0.0197963 0.0638627
1.9 0.139511 0.147518 -0.0198855 0.0638161
1.925 0.1395 0.147509 -0.0199853 0.0637618
1.95 0.139484 0.147495 -0.0200948 0.0637002
1.975 0.139462 0.147477 -0.0202133 0.0636317
2 0.139435 0.147454 -0.0203401 0.0635568
2.025 0.139402 0.147427 -0.0204744 0.0634761
2.05 0.139365 0.147395 -0.0206152 0.06339
2.075 0.139323 0.14736 -0.0207619 0.0632991
2.1 0.139276 0.147321 -0.0209135 0.0632039
2.125 0.139225 0.147279 -0.0210692 0.0631049
2.15 0.13917 0.147234 -0.0212281 0.0630029
2.175 0.139111 0.147186 -0.0213895 0.0628983
2.2 0.13905 0.147136 -0.0215525 0.0627917
2.225 0.138985 0.147084 -0.0217161 0.0626838
2.25 0.138918 0.14703 -0.0218797 0.0625752
2.275 0.138849 0.146975 -0.0220424 0.0624664
2.3 0.138779 0.14692 -0.0222033 0.0623582
2.325 0.138707 0.146864 -0.0223618 0.0622511
2.35 0.138636 0.146808 -0.0225169 0.0621457
2.375 0.138564 0.146753 -0.0226679 0.0620427
2.4 0.138492 0.146699 -0.0228142 0.0619426
2.425 0.138422 0.146647 -0.022955 0.0618461
2.45 0.138354 0.146597 -0.0230897 0.0617537
2.475 0.138287 0.146549 -0.0232175 0.061666
2.5 0.138224 0.146505 -0.0233379 0.0615836
2.525 0.138164 0.146464 -0.0234502 0.0615069
2.55 0.138107 0.146427 -0.023554 0.0614367
2.575 0.138056 0.146395 -0.0236487 0.0613732
2.6 0.138009 0.146368 -0.0237338 0.0613171
2.625 0.137968 0.146346 -0.0238089 0.0612688
2.65 0.137933 0.146331 -0.0238736 0.0612287
2.675 0.137905 0.146322 -0.0239275 0.0611972
2.7 0.137885 0.14632 -0.0239703 0.0611748
2.725 0.137872 0.146325 -0.0240017 0.0611617
2.75 0.137867 0.146338 -0.0240215 0.0611584
2.775 0.137872 0.14636 -0.0240296 0.061165
2.8 0.137885 0.146389 -0.0240256 0.0611819
2.825 0.137909 0.146428 -0.0240097 0.0612092
2.85 0.137943 0.146476 -0.0239816 0.0612472
2.875 0.137987 0.146533 -0.0239414 0.061296
2.9 0.138042 0.146601 -0.0238891 0.0613558
2.925 0.138109 0.146678 -0.0238248 0.0614265
2.95 0.138187 0.146765 -0.0237485 0.0615083
2.975 0.138277 0.146863 -0.0236605 0.061601
3 0.138379 0.146971 -0.0235609 0.0617048
3.025 0.138493 0.147089 -0.02345 0.0618195
3.05 0.138619 0.147218 -0.023328 0.061945
3.075 0.138757 0.147357 -0.0231952 0.0620811
3.1 0.138908 0.147507 -0.0230521 0.0622276
3.125 0.139072 0.147668 -0.0228989 0.0623843
3.15 0.139247 0.147838 -0.022736 0.0625509
3.175 0.139435 0.148018 -0.022564 0.0627271
3.2 0.139634 0.148208 -0.0223832 0.0629124
3.225 0.139846 0.148407 -0.0221943 0.0631066
3.25 0.140068 0.148616 -0.0219976 0.0633091
3.275 0.140302 0.148833 -0.0217938 0.0635195
3.3 0.140546 0.149058 -0.0215834 0.0637373
3.325 0.1408 0.149291 -0.021367 0.0639619
3.35 0.141064 0.149531 -0.0211452 0.0641927
3.375 0.141337 0.149777 -0.0209187 0.0644291
3.4 0.141618 0.150029 -0.020688 0.0646706
3.425 0.141907 0.150286 -0.0204538 0.0649162
3.45 0.142202 0.150548 -0.0202168 0.0651655
3.475 0.142504 0.150813 -0.0199776 0.0654176
3.5 0.142811 0.15108 -0.0197369 0.0656718
3.525 0.143122 0.15135 -0.0194953 0.0659272
3.55 0.143436 0.15162 -0.0192536 0.0661831
3.575 0.143752 0.15189 -0.0190123 0.0664387
3.6 0.144069 0.152158 -0.018772 0.0666931
3.625 0.144387 0.152424 -0.0185336 0.0669453
3.65 0.144703 0.152687 -0.0182975 0.0671946
3.675 0.145016 0.152945 -0.0180645 0.06744
3.7 0.145326 0.153196 -0.017835 0.0676807
3.725 0.145631 0.153441 -0.0176098 0.0679157
3.75 0.145929 0.153678 -0.0173893 0.0681441
3.775 0.14622 0.153904 -0.0171742 0.068365
3.8 0.146501 0.15412 -0.0169649 0.0685774
3.825 0.146772 0.154323 -0.0167621 0.0687804
3.85 0.147031 0.154512 -0.0165661 0.0689732
3.875 0.147276 0.154687 -0.0163774 0.0691547
3.9 0.147506 0.154845 -0.0161964 0.0693241
3.925 0.14772 0.154985 -0.0160236 0.0694805
3.95 0.147916 0.155105 -0.0158593 0.069623
3.975 0.148093 0.155205 -0.0157039 0.0697508
4 0.148248 0.155283 -0.0155577 0.0698629
4.025 0.148381 0.155338 -0.0154208 0.0699586
4.05 0.14849 0.155368 -0.0152937 0.070037
4.075 0.148574 0.155371 -0.0151764 0.0700974
4.1 0.14863 0.155347 -0.0150692 0.0701389
4.125 0.148659 0.155294 -0.0149722 0.070161
4.15 0.148657 0.155211 -0.0148854 0.0701628
4.175 0.148625 0.155096 -0.0148091 0.0701437
4.2 0.14856 0.154949 -0.014743 0.070103
4.225 0.148462 0.154768 -0.0146874 0.0700403
4.25 0.148328 0.154552 -0.014642 0.0699548
4.275 0.148159 0.154299 -0.0146069 0.0698462
4.3 0.147952 0.15401 -0.014582 0.0697139
4.325 0.147707 0.153682 -0.014567 0.0695575
4.35 0.147422 0.153315 -0.0145618 0.0693766
4.375 0.147097 0.152908 -0.0145662 0.0691708
4.4 0.146731 0.15246 -0.01458 0.0689399
4.425 0.146323 0.15197 -0.0146028 0.0686837
4.45 0.145872 0.151438 -0.0146343 0.0684018
4.475 0.145377 0.150863 -0.0146743 0.0680942
4.5 0.144838 0.150244 -0.0147224 0.0677608
4.525 0.144254 0.149581 -0.0147782 0.0674015
4.55 0.143625 0.148874 -0.0148412 0.0670163
4.575 0.142951 0.148122 -0.0149111 0.0666053
4.6 0.142231 0.147324 -0.0149874 0.0661685
4.625 0.141465 0.146482 -0.0150695 0.0657062
4.65 0.140653 0.145594 -0.0151571 0.0652185
4.675 0.139795 0.144661 -0.0152497 0.0647057
4.7 0.138891 0.143683 -0.0153466 0.0641681
4.725 0.137941 0.142659 -0.0154474 0.063606
4.75 0.136945 0.141591 -0.0155516 0.0630198
4.775 0.135904 0.140479 -0.0156585 0.06241
4.8 0.134819 0.139322 -0.0157677 0.0617772
4.825 0.133689 0.138122 -0.0158785 0.0611217
4.85 0.132515 0.136879 -0.0159904 0.0604442
4.875 0.131299 0.135594 -0.0161028 0.0597454
4.9 0.13004 0.134267 -0.0162153 0.0590259
4.925 0.12874 0.1329 -0.0163271 0.0582863
4.95 0.1274 0.131493 -0.0164377 0.0575275
4.975 0.12602 0.130047 -0.0165467 0.0567502
5 0.124602 0.128564 -0.0166535 0.0559553
5.025 0.123147 0.127044 -0.0167574 0.0551435
5.05 0.121656 0.12549 -0.0168581 0.0543157
5.075 0.120131 0.123901 -0.016955 0.0534729
5.1 0.118572 0.122279 -0.0170475 0.0526159
5.125 0.116982 0.120627 -0.0171353 0.0517457
5.15 0.115361 0.118944 -0.0172179 0.0508632
5.175 0.113712 0.117234 -0.0172948 0.0499695
5.2 0.112036 0.115496 -0.0173656 0.0490654
5.225 0.110334 0.113734 -0.0174299 0.0481521
5.25 0.108608 0.111948 -0.0174874 0.0472305
5.275 0.10686 0.110141 -0.0175376 0.0463016
5.3 0.105092 0.108313 -0.0175803 0.0453665
5.325 0.103305 0.106467 -0.0176152 0.0444261
5.35 0.101501 0.104605 -0.0176419 0.0434816
5.375 0.0996816 0.102728 -0.0176602 0.0425339
5.4 0.0978492 0.100838 -0.0176699 0.0415839
5.425 0.0960054 0.0989365 -0.0176708 0.0406328
5.45 0.0941518 0.0970258 -0.0176627 0.0396816
5.475 0.0922904 0.0951076 -0.0176454 0.0387311
5.5 0.0904229 0.0931836 -0.0176189 0.0377823
5.525 0.0885512 0.0912557 -0.0175831 0.0368363
5.55 0.086677 0.0893256 -0.0175378 0.0358939
5.575 0.0848021 0.0873951 -0.0174831 0.034956
5.6 0.0829282 0.085466 -0.017419 0.0340235
5.625 0.081057 0.08354 -0.0173454 0.0330973
5.65 0.0791903 0.0816187 -0.0172624 0.0321781
5.675 0.0773297 0.0797038 -0.0171701 0.0312669
5.7 0.0754768 0.077797 -0.0170685 0.0303643
5.725 0.0736332 0.0758999 -0.0169578 0.029471
5.75 0.0718004 0.074014 -0.0168381 0.0285879
5.775 0.0699799 0.0721408 -0.0167096 0.0277156
5.8 0.0681732 0.0702817 -0.0165725 0.0268546
5.825 0.0663816 0.0684383 -0.0164269 0.0260057
5.85 0.0646066 0.0666118 -0.016273 0.0251694
5.875 0.0628493 0.0648035 -0.0161112 0.0243461
5.9 0.061111 0.0630147 -0.0159416 0.0235365
5.925 0.0593928 0.0612466 -0.0157646 0.022741
5.95 0.057696 0.0595003 -0.0155804 0.0219599
5.975 0.0560215 0.0577769 -0.0153894 0.0211938
6 0.0543703 0.0560774 -0.0151918 0.0204428
6.025 0.0527434 0.0544027 -0.0149879 0.0197074
6.05 0.0511416 0.0527538 -0.0147781 0.0189878
6.075 0.0495657 0.0511314 -0.0145628 0.0182843
6.1 0.0480165 0.0495363 -0.0143422 0.0175971
6.125 0.0464946 0.0479692 -0.0141168 0.0169262
6.15 0.0450006 0.0464308 -0.0138868 0.016272
6.175 0.0435352 0.0449215 -0.0136528 0.0156344
6.2 0.0420987 0.043442 -0.0134149 0.0150135
6.225 0.0406917 0.0419926 -0.0131737 0.0144095
6.25 0.0393144 0.0405738 -0.0129294 0.0138222
6.275 0.0379673 0.0391858 -0.0126824 0.0132517
6.3 0.0366504 0.037829 -0.0124331 0.0126979
6.325 0.0353642 0.0365034 -0.0121818 0.0121608
6.35 0.0341086 0.0352094 -0.011929 0.0116402
6.375 0.0328838 0.033947 -0.0116749 0.0111361
6.4 0.0316898 0.0327162 -0.0114199 0.0106482
6.425 0.0305267 0.0315171 -0.0111643 0.0101764
6.45 0.0293943 0.0303495 -0.0109085 0.0097205
6.475 0.0282925 0.0292134 -0.0106528 0.00928031
6.5 0.0272212 0.0281086 -0.0103975 0.00885558
6.525 0.0261803 0.027035 -0.0101429 0.00844608
6.55 0.0251694 0.0259924 -0.00988929 0.00805154
6.575 0.0241883 0.0249803 -0.00963698 0.00767168
6.6 0.0232368 0.0239987 -0.00938624 0.00730621
6.625 0.0223144 0.023047 -0.00913731 0.00695485
6.65 0.0214209 0.022125 -0.00889046 0.00661727
6.675 0.0205558 0.0212322 -0.00864591 0.00629317
6.7 0.0197186 0.0203683 -0.0084039 0.0059822
6.725 0.0189091 0.0195327 -0.00816463 0.00568406
6.75 0.0181266 0.0187251 -0.00792831 0.00539838
6.775 0.0173708 0.0179448 -0.00769511 0.00512484
6.8 0.016641 0.0171914 -0.00746523 0.00486309
6.825 0.0159368 0.0164644 -0.00723881 0.00461278
6.85 0.0152577 0.0157631 -0.007016 0.00437357
6.875 0.0146031 0.0150872 -0.00679695 0.0041451
6.9 0.0139724 0.0144358 -0.00658177 0.00392703
6.925 0.013365 0.0138086 -0.00637059 0.00371901
6.95 0.0127805 0.0132049 -0.00616348 0.0035207
6.975 0.0122182 0.0126241 -0.00596056 0.00333175
7 0.0116775 0.0120655 -0.00576188 0.00315183
7.025 0.0111578 0.0115287 -0.00556752 0.00298061
7.05 0.0106586 0.011013 -0.00537752 0.00281775
7.075 0.0101793 0.0105178 -0.00519194 0.00266294
7.1 0.00971926 0.0100425 -0.0050108 0.00251584
7.125 0.00927791 0.00958647 -0.00483413 0.00237617
7.15 0.00885467 0.00914914 -0.00466194 0.0022436
7.175 0.00844898 0.00872992 -0.00449424 0.00211784
7.2 0.00806026 0.00832823 -0.00433102 0.0019986
7.225 0.00768795 0.00794347 -0.00417227 0.0018856
7.25 0.00733149 0.00757509 -0.00401797 0.00177856
7.275 0.00699035 0.00722251 -0.0038681 0.00167721
7.3 0.00666397 0.00688519 -0.00372261 0.00158129
7.325 0.00635184 0.00656258 -0.00358148 0.00149055
7.35 0.00605343 0.00625414 -0.00344464 0.00140475
7.375 0.00576824 0.00595936 -0.00331206 0.00132365
7.4 0.00549577 0.00567771 -0.00318367 0.00124702
7.425 0.00523553 0.00540871 -0.00305941 0.00117465
7.45 0.00498705 0.00515185 -0.00293922 0.00110631
7.475 0.00474987 0.00490667 -0.00282303 0.00104182
7.5 0.00452354 0.0046727 -0.00271076 0.000980969
7.525 0.00430762 0.00444949 -0.00260234 0.000923573
7.55 0.00410169 0.00423659 -0.00249769 0.000869453
7.575 0.00390532 0.00403359 -0.00239672 0.000818435
7.6 0.00371813 0.00384007 -0.00229936 0.000770356
7.625 0.00353973 0.00365563 -0.00220551 0.000725057
7.65 0.00336973 0.00347988 -0.0021151 0.000682387
7.675 0.00320778 0.00331244 -0.00202804 0.000642203
7.7 0.00305352 0.00315296 -0.00194423 0.000604368
7.725 0.00290662 0.00300109 -0.00186359 0.000568751
7.75 0.00276675 0.00285648 -0.00178602 0.000535228
7.775 0.00263359 0.00271881 -0.00171145 0.00050368
7.8 0.00250684 0.00258777 -0.00163978 0.000473996
7.825 0.00238621 0.00246306 -0.00157092 0.000446068
7.85 0.00227141 0.00234438 -0.00150479 0.000419796
7.875 0.00216219 0.00223146 -0.00144129 0.000395083
7.9 0.00205827 0.00212402 -0.00138035 0.000371839
7.925 0.00195941 0.00202182 -0.00132187 0.000349977
7.95 0.00186537 0.00192461 -0.00126577 0.000329417
7.975 0.00177593 0.00183214 -0.00121198 0.000310082
8 0.00169085 0.0017442 -0.0011604 0.000291898
8.025 0.00160994 0.00166056 -0.00111096 0.000274797
8.05 0.001533 0.00158102 -0.00106359 0.000258714
8.075 0.00145982 0.00150538 -0.0010182 0.000243589
8.1 0.00139023 0.00143345 -0.000974719 0.000229363
8.125 0.00132405 0.00136504 -0.000933078 0.000215983
8.15 0.00126112 0.0013 -0.000893205 0.000203397
8.175 0.00120127 0.00123815 -0.00085503 0.000191558
8.2 0.00114435 0.00117933 -0.000818487 0.00018042
8.225 0.00109022 0.00112339 -0.00078351 0.00016994
8.25 0.00103875 0.0010702 -0.000750037 0.000160079
8.275 0.000989783 0.0010196 -0.000718006 0.000150799
8.3 0.000943213 0.000971489 -0.000687358 0.000142065
8.325 0.000898915 0.000925723 -0.000658035 0.000133844
8.35 0.000856776 0.000882192 -0.000629983 0.000126105
8.375 0.000816687 0.000840781 -0.000603147 0.000118817
8.4 0.000778545 0.000801386 -0.000577476 0.000111955
8.425 0.000742254 0.000763906 -0.000552921 0.000105492
8.45 0.000707719 0.000728243 -0.000529433 9.94051e-05
8.475 0.000674854 0.000694307 -0.000506966 9.36704e-05
8.5 0.000643572 0.00066201 -0.000485476 8.82674e-05
8.525 0.000613797 0.000631272 -0.00046492 8.31761e-05
8.55 0.00058545 0.000602013 -0.000445257 7.83779e-05
8.575 0.000558462 0.000574159 -0.000426448 7.38554e-05
8.6 0.000532763 0.000547639 -0.000408455 6.95923e-05
8.625 0.00050829 0.000522388 -0.000391241 6.55732e-05
8.65 0.00048498 0.00049834 -0.000374773 6.17837e-05
8.675 0.000462776 0.000475437 -0.000359016 5.82105e-05
8.7 0.000441623 0.000453621 -0.00034394 5.48409e-05
8.725 0.000421468 0.000432838 -0.000329512 5.1663e-05
8.75 0.000402262 0.000413037 -0.000315705 4.86657e-05
8.775 0.000383958 0.000394168 -0.000302491 4.58386e-05
8.8 0.00036651 0.000376187 -0.000289843 4.3172e-05
8.825 0.000349878 0.000359048 -0.000277735 4.06566e-05
8.85 0.00033402 0.00034271 -0.000266143 3.82839e-05
8.875 0.000318899 0.000327135 -0.000255044 3.60457e-05
8.9 0.000304479 0.000312285 -0.000244416 3.39344e-05
8.925 0.000290726 0.000298123 -0.000234237 3.1943e-05
8.95 0.000277606 0.000284618 -0.000224489 3.00646e-05
8.975 0.000265091 0.000271737 -0.000215151 2.8293e-05
9 0.000253149 0.000259449 -0.000206205 2.66221e-05
9.025 0.000241754 0.000247727 -0.000197634 2.50465e-05
9.05 0.00023088 0.000236542 -0.000189421 2.35607e-05
9.075 0.000220502 0.00022587 -0.00018155 2.21599e-05
9.1 0.000210596 0.000215685 -0.000174006 2.08394e-05
9.125 0.000201139 0.000205965 -0.000166776 1.95947e-05
9.15 0.000192111 0.000196688 -0.000159845 1.84216e-05
9.175 0.000183491 0.000187832 -0.0001532 1.73162e-05
9.2 0.00017526 0.000179378 -0.000146829 1.62748e-05
9.225 0.000167401 0.000171307 -0.00014072 1.52939e-05
9.25 0.000159895 0.000163602 -0.000134861 1.43702e-05
9.275 0.000152727 0.000156244 -0.000129243 1.35004e-05
9.3 0.00014588 0.000149218 -0.000123855 1.26816e-05
9.325 0.00013934 0.000142509 -0.000118687 1.19111e-05
9.35 0.000133093 0.000136102 -0.000113729 1.11861e-05
9.375 0.000127126 0.000129982 -0.000108974 1.05041e-05
9.4 0.000121426 0.000124138 -0.000104413 9.86276e-06
9.425 0.00011598 0.000118556 -0.000100037 9.25977e-06
9.45 0.000110777 0.000113225 -9.58391e-05 8.69301e-06
9.475 0.000105807 0.000108133 -9.18119e-05 8.16043e-06
9.5 0.000101058 0.000103269 -8.79486e-05 7.66012e-06
9.525 9.65211e-05 9.86228e-05 -8.42423e-05 7.19024e-06
9.55 9.21866e-05 9.4185e-05 -8.06869e-05 6.74908e-06
9.575 8.80453e-05 8.9946e-05 -7.72761e-05 6.33498e-06
9.6 8.40888e-05 8.58969e-05 -7.40042e-05 5.9464e-06
9.625 8.03088e-05 8.20293e-05 -7.08656e-05 5.58186e-06
9.65 7.66975e-05 7.83351e-05 -6.78551e-05 5.23998e-06
9.675 7.32474e-05 7.48065e-05 -6.49676e-05 4.91942e-06
9.7 6.99515e-05 7.14361e-05 -6.21982e-05 4.61895e-06
9.725 6.68029e-05 6.82171e-05 -5.95424e-05 4.33736e-06
9.75 6.37952e-05 6.51426e-05 -5.69955e-05 4.07355e-06
9.775 6.09222e-05 6.22063e-05 -5.45534e-05 3.82645e-06
9.8 5.81779e-05 5.9402e-05 -5.22119e-05 3.59505e-06
9.825 5.55567e-05 5.6724e-05 -4.99672e-05 3.37841e-06
9.85 5.30533e-05 5.41667e-05 -4.78154e-05 3.17562e-06
9.875 5.06624e-05 5.17247e-05 -4.5753e-05 2.98585e-06
9.9 4.83791e-05 4.93929e-05 -4.37764e-05 2.80827e-06
9.925 4.61988e-05 4.71666e-05 -4.18823e-05 2.64215e-06
9.95 4.41169e-05 4.5041e-05 -4.00674e-05 2.48675e-06
9.975 4.21291e-05 4.30117e-05 -3.83288e-05 2.34141e-06
10 4.02313e-05 4.10744e-05 -3.66634e-05 2.20549e-06
10.025 3.84194e-05 3.92251e-05 -3.50684e-05 2.07839e-06
10.05 3.66899e-05 3.746e-05 -3.35409e-05 1.95953e-06
10.075 3.50389e-05 3.57752e-05 -3.20784e-05 1.84839e-06
10.1 3.34632e-05 3.41672e-05 -3.06783e-05 1.74446e-06
10.125 3.19593e-05 3.26327e-05 -2.93381e-05 1.64728e-06
10.15 3.0524e-05 3.11683e-05 -2.80555e-05 1.55639e-06
10.175 2.91545e-05 2.97709e-05 -2.68281e-05 1.47137e-06
10.2 2.78476e-05 2.84375e-05 -2.56538e-05 1.39184e-06
10.225 2.66007e-05 2.71653e-05 -2.45305e-05 1.31742e-06
10.25 2.5411e-05 2.59515e-05 -2.3456e-05 1.24777e-06
10.275 2.42761e-05 2.47936e-05 -2.24285e-05 1.18255e-06
10.3 2.31934e-05 2.36889e-05 -2.1446e-05 1.12147e-06
10.325 2.21606e-05 2.26352e-05 -2.05067e-05 1.06424e-06
10.35 2.11755e-05 2.163e-05 -1.96089e-05 1.01058e-06
10.375 2.02359e-05 2.06713e-05 -1.87507e-05 9.60256e-07
10.4 1.93397e-05 1.97568e-05 -1.79307e-05 9.13024e-07
10.425 1.84851e-05 1.88845e-05 -1.71472e-05 8.68666e-07
10.45 1.767e-05 1.80527e-05 -1.63987e-05 8.26976e-07
10.475 1.68927e-05 1.72593e-05 -1.56837e-05 7.87765e-07
10.5 1.61514e-05 1.65026e-05 -1.50009e-05 7.50853e-07
10.525 1.54445e-05 1.57809e-05 -1.43488e-05 7.16074e-07
10.55 1.47705e-05 1.50927e-05 -1.37261e-05 6.83273e-07
10.575 1.41277e-05 1.44363e-05 -1.31317e-05 6.52307e-07
10.6 1.35147e-05 1.38103e-05 -1.25642e-05 6.23042e-07
10.625 1.29302e-05 1.32133e-05 -1.20226e-05 5.95355e-07
10.65 1.23727e-05 1.26439e-05 -1.15056e-05 5.6913e-07
10.675 1.18412e-05 1.21008e-05 -1.10123e-05 5.44262e-07
10.7 1.13342e-05 1.15828e-05 -1.05415e-05 5.20652e-07
10.725 1.08508e-05 1.10887e-05 -1.00923e-05 4.9821e-07
10.75 1.03896e-05 1.06174e-05 -9.66371e-06 4.76852e-07
10.775 9.94983e-06 1.01678e-05 -9.25482e-06 4.56503e-07
10.8 9.53032e-06 9.73893e-06 -8.86475e-06 4.3709e-07
10.825 9.13013e-06 9.32972e-06 -8.49262e-06 4.18551e-07
10.85 8.74835e-06 8.93929e-06 -8.13764e-06 4.00825e-07
10.875 8.38409e-06 8.56673e-06 -7.79901e-06 3.83859e-07
10.9 8.03653e-06 8.21119e-06 -7.47599e-06 3.67603e-07
10.925 7.70486e-06 7.87187e-06 -7.16784e-06 3.52012e-07
10.95 7.38831e-06 7.54798e-06 -6.87388e-06 3.37046e-07
10.975 7.08617e-06 7.23878e-06 -6.59345e-06 3.22668e-07
11 6.79773e-06 6.94359e-06 -6.3259e-06 3.08844e-07
11.025 6.52234e-06 6.66171e-06 -6.07062e-06 2.95544e-07
11.05 6.25937e-06 6.39252e-06 -5.82704e-06 2.8274e-07
11.075 6.00821e-06 6.1354e-06 -5.59458e-06 2.70408e-07
11.1 5.7683e-06 5.88977e-06 -5.37272e-06 2.58525e-07
11.125 5.53909e-06 5.65508e-06 -5.16094e-06 2.47072e-07
11.15 5.32006e-06 5.43081e-06 -4.95875e-06 2.3603e-07
11.175 5.11073e-06 5.21645e-06 -4.76568e-06 2.25384e-07
11.2 4.91062e-06 5.01152e-06 -4.58129e-06 2.15117e-07
11.225 4.71928e-06 4.81558e-06 -4.40514e-06 2.05218e-07
11.25 4.53629e-06 4.62817e-06 -4.23682e-06 1.95674e-07
11.275 4.36124e-06 4.44891e-06 -4.07596e-06 1.86474e-07
11.3 4.19375e-06 4.27738e-06 -3.92216e-06 1.77609e-07
11.325 4.03346e-06 4.11322e-06 -3.77508e-06 1.69068e-07
11.35 3.88001e-06 3.95607e-06 -3.63439e-06 1.60843e-07
11.375 3.73307e-06 3.8056e-06 -3.49975e-06 1.52927e-07
11.4 3.59234e-06 3.66149e-06 -3.37086e-06 1.45311e-07
11.425 3.4575e-06 3.52341e-06 -3.24744e-06 1.37989e-07
11.45 3.32827e-06 3.3911e-06 -3.1292e-06 1.30953e-07
11.475 3.20439e-06 3.26427e-06 -3.01587e-06 1.24197e-07
11.5 3.0856e-06 3.14265e-06 -2.90722e-06 1.17714e-07
11.525 2.97164e-06 3.026e-06 -2.80301e-06 1.11498e-07
11.55 2.8623e-06 2.91408e-06 -2.703e-06 1.05542e-07
11.575 2.75734e-06 2.80667e-06 -2.60699e-06 9.98395e-08
11.6 2.65657e-06 2.70354e-06 -2.51477e-06 9.43846e-08
11.625 2.55977e-06 2.6045e-06 -2.42616e-06 8.91706e-08
11.65 2.46677e-06 2.50936e-06 -2.34097e-06 8.41907e-08
11.675 2.37738e-06 2.41792e-06 -2.25904e-06 7.94384e-08
11.7 2.29143e-06 2.33002e-06 -2.18021e-06 7.4907e-08
11.725 2.20876e-06 2.24549e-06 -2.10431e-06 7.05897e-08
11.75 2.12923e-06 2.16418e-06 -2.03122e-06 6.64796e-08
11.775 2.05268e-06 2.08593e-06 -1.96079e-06 6.25699e-08
11.8 1.97897e-06 2.0106e-06 -1.8929e-06 5.88536e-08
11.825 1.90799e-06 1.93807e-06 -1.82743e-06 5.53238e-08
11.85 1.8396e-06 1.86821e-06 -1.76426e-06 5.19735e-08
11.875 1.77369e-06 1.8009e-06 -1.7033e-06 4.87958e-08
11.9 1.71014e-06 1.73601e-06 -1.64445e-06 4.57838e-08
11.925 1.64886e-06 1.67346e-06 -1.5876e-06 4.29307e-08
11.95 1.58975e-06 1.61313e-06 -1.53267e-06 4.02296e-08
11.975 1.5327e-06 1.55494e-06 -1.47959e-06 3.76739e-08
12 1.47765e-06 1.49878e-06 -1.42827e-06 3.52572e-08
12.025 1.42449e-06 1.44458e-06 -1.37864e-06 3.29729e-08
12.05 1.37315e-06 1.39226e-06 -1.33063e-06 3.08149e-08
12.075 1.32357e-06 1.34173e-06 -1.28418e-06 2.87771e-08
12.1 1.27566e-06 1.29293e-06 -1.23922e-06 2.68537e-08
12.125 1.22936e-06 1.24579e-06 -1.19571e-06 2.5039e-08
12.15 1.18461e-06 1.20024e-06 -1.15359e-06 2.33276e-08
12.175 1.14135e-06 1.15623e-06 -1.1128e-06 2.17144e-08
12.2 1.09952e-06 1.11368e-06 -1.0733e-06 2.01942e-08
12.225 1.05907e-06 1.07256e-06 -1.03504e-06 1.87626e-08
12.25 1.01996e-06 1.03281e-06 -9.97979e-07 1.74148e-08
12.275 9.82119e-07 9.94375e-07 -9.62081e-07 1.61469e-08
12.3 9.4552e-07 9.57213e-07 -9.27304e-07 1.49547e-08
12.325 9.10114e-07 9.2128e-07 -8.93611e-07 1.38346e-08
12.35 8.75862e-07 8.86533e-07 -8.60967e-07 1.2783e-08
12.375 8.42724e-07 8.52931e-07 -8.29338e-07 1.17967e-08
12.4 8.10664e-07 8.20438e-07 -7.98693e-07 1.08726e-08
12.425 7.79647e-07 7.89016e-07 -7.69e-07 1.00079e-08
12.45 7.49639e-07 7.5863e-07 -7.4023e-07 9.19995e-09
12.475 7.20609e-07 7.29248e-07 -7.12355e-07 8.44627e-09
12.5 6.92525e-07 7.00837e-07 -6.85348e-07 7.74458e-09
12.525 6.65359e-07 6.73367e-07 -6.59181e-07 7.09275e-09
12.55 6.39083e-07 6.46808e-07 -6.3383e-07 6.48878e-09
12.575 6.13669e-07 6.21132e-07 -6.0927e-07 5.93082e-09
12.6 5.89091e-07 5.96312e-07 -5.85477e-07 5.41711e-09
12.625 5.65325e-07 5.72321e-07 -5.62429e-07 4.946e-09
12.65 5.42347e-07 5.49134e-07 -5.40103e-07 4.51592e-09
12.675 5.20132e-07 5.26728e-07 -5.18477e-07 4.12537e-09
12.7 4.98659e-07 5.05076e-07 -4.97531e-07 3.77289e-09
12.725 4.77905e-07 4.84158e-07 -4.77244e-07 3.45708e-09
12.75 4.57851e-07 4.63951e-07 -4.57598e-07 3.17658e-09
12.775 4.38475e-07 4.44433e-07 -4.38573e-07 2.93002e-09
12.8 4.19757e-07 4.25583e-07 -4.20151e-07 2.71606e-09
12.825 4.01679e-07 4.07382e-07 -4.02316e-07 2.53336e-09
12.85 3.84221e-07 3.8981e-07 -3.85049e-07 2.38058e-09
12.875 3.67366e-07 3.72847e-07 -3.68334e-07 2.25634e-09
12.9 3.51097e-07 3.56476e-07 -3.52157e-07 2.15929e-09
12.925 3.35396e-07 3.40679e-07 -3.36503e-07 2.08802e-09
12.95 3.20248e-07 3.25438e-07 -3.21356e-07 2.04111e-09
12.975 3.05636e-07 3.10738e-07 -3.06704e-07 2.01713e-09
13 2.91545e-07 2.96563e-07 -2.92534e-07 2.01461e-09
13.025 2.77961e-07 2.82896e-07 -2.78832e-07 2.03207e-09
13.05 2.64869e-07 2.69724e-07 -2.65588e-07 2.06801e-09
13.075 2.52256e-07 2.57032e-07 -2.5279e-07 2.12089e-09
13.1 2.40108e-07 2.44807e-07 -2.40428e-07 2.1892e-09
13.125 2.28413e-07 2.33035e-07 -2.28492e-07 2.27139e-09
13.15 2.1716e-07 2.21705e-07 -2.16973e-07 2.36592e-09
13.175 2.06335e-07 2.10804e-07 -2.05862e-07 2.47125e-09
13.2 1.95928e-07 2.00322e-07 -1.9515e-07 2.58587e-09
13.225 1.8593e-07 1.90246e-07 -1.8483e-07 2.70827e-09
13.25 1.76328e-07 1.80569e-07 -1.74895e-07 2.83698e-09
13.275 1.67115e-07 1.71279e-07 -1.65338e-07 2.97053e-09
13.3 1.58281e-07 1.62367e-07 -1.56152e-07 3.10754e-09
13.325 1.49817e-07 1.53826e-07 -1.47333e-07 3.24665e-09
13.35 1.41716e-07 1.45646e-07 -1.38873e-07 3.38656e-09
13.375 1.33968e-07 1.37821e-07 -1.30769e-07 3.52603e-09
13.4 1.26568e-07 1.30343e-07 -1.23015e-07 3.6639e-09
13.425 1.19508e-07 1.23205e-07 -1.15607e-07 3.79906e-09
13.45 1.12781e-07 1.164e-07 -1.08539e-07 3.93052e-09
13.475 1.06381e-07 1.09924e-07 -1.01809e-07 4.05734e-09
13.5 1.00303e-07 1.0377e-07 -9.54121e-08 4.1787e-09
13.525 9.45401e-08 9.79317e-08 -8.93441e-08 4.29384e-09
13.55 8.90875e-08 9.24055e-08 -8.36012e-08 4.40212e-09
13.575 8.394e-08 8.71858e-08 -7.81798e-08 4.503e-09
13.6 7.90926e-08 8.2268e-08 -7.30759e-08 4.59603e-09
13.625 7.45403e-08 7.76476e-08 -6.82859e-08 4.68086e-09
13.65 7.02787e-08 7.33202e-08 -6.38056e-08 4.75726e-09
13.675 6.6303e-08 6.92814e-08 -5.96312e-08 4.82506e-09
13.7 6.26089e-08 6.5527e-08 -5.57586e-08 4.88424e-09
13.725 5.91918e-08 6.20529e-08 -5.21832e-08 4.93483e-09
13.75 5.60473e-08 5.88548e-08 -4.89008e-08 4.97697e-09
13.775 5.31709e-08 5.59284e-08 -4.59066e-08 5.0109e-09
13.8 5.05582e-08 5.32696e-08 -4.31957e-08 5.03693e-09
13.825 4.82044e-08 5.08737e-08 -4.07628e-08 5.05545e-09
13.85 4.61049e-08 4.87364e-08 -3.86026e-08 5.06691e-09
13.875 4.4255e-08 4.6853e-08 -3.67093e-08 5.07187e-09
13.9 4.26495e-08 4.52186e-08 -3.50768e-08 5.0709e-09
13.925 4.12833e-08 4.38281e-08 -3.36988e-08 5.06466e-09
13.95 4.01512e-08 4.26764e-08 -3.25687e-08 5.05383e-09
13.975 3.92475e-08 4.17578e-08 -3.16795e-08 5.03916e-09
14 3.85665e-08 4.10668e-08 -3.1024e-08 5.02141e-09
14.025 3.81023e-08 4.05973e-08 -3.05946e-08 5.00136e-09
14.05 3.78485e-08 4.03431e-08 -3.03835e-08 4.97984e-09
14.075 3.77986e-08 4.02977e-08 -3.03824e-08 4.95764e-09
14.1 3.79461e-08 4.04542e-08 -3.0583e-08 4.9356e-09
14.125 3.82837e-08 4.08056e-08 -3.09765e-08 4.91453e-09
14.15 3.88045e-08 4.13446e-08 -3.15541e-08 4.89523e-09
14.175 3.95007e-08 4.20635e-08 -3.23065e-08 4.87849e-09
14.2 4.03648e-08 4.29545e-08 -3.32244e-08 4.86507e-09
14.225 4.13887e-08 4.40095e-08 -3.42981e-08 4.85569e-09
14.25 4.25643e-08 4.522e-08 -3.55179e-08 4.85106e-09
14.275 4.38832e-08 4.65776e-08 -3.6874e-08 4.85182e-09
14.3 4.53368e-08 4.80734e-08 -3.83563e-08 4.85857e-09
14.325 4.69163e-08 4.96985e-08 -3.99547e-08 4.87188e-09
14.35 4.86129e-08 5.14437e-08 -4.16592e-08 4.89224e-09
14.375 5.04174e-08 5.32996e-08 -4.34594e-08 4.92009e-09
14.4 5.23208e-08 5.52569e-08 -4.53453e-08 4.95582e-09
14.425 5.43136e-08 5.7306e-08 -4.73065e-08 4.99974e-09
14.45 5.63867e-08 5.94374e-08 -4.93332e-08 5.05211e-09
14.475 5.85306e-08 6.16413e-08 -5.14151e-08 5.11312e-09
14.5 6.07359e-08 6.39082e-08 -5.35424e-08 5.1829e-09
14.525 6.29933e-08 6.62282e-08 -5.57053e-08 5.26149e-09
14.55 6.52933e-08 6.8592e-08 -5.78941e-08 5.3489e-09
14.575 6.76267e-08 7.09897e-08 -6.00996e-08 5.44506e-09
14.6 6.99844e-08 7.3412e-08 -6.23124e-08 5.54982e-09
14.625 7.23571e-08 7.58496e-08 -6.45236e-08 5.66299e-09
14.65 7.4736e-08 7.82932e-08 -6.67246e-08 5.78431e-09
14.675 7.71123e-08 8.07337e-08 -6.89068e-08 5.91347e-09
14.7 7.94775e-08 8.31624e-08 -7.10622e-08 6.05011e-09
14.725 8.1823e-08 8.55706e-08 -7.3183e-08 6.1938e-09
14.75 8.41409e-08 8.795e-08 -7.52619e-08 6.34407e-09
14.775 8.64232e-08 9.02925e-08 -7.72916e-08 6.50043e-09
14.8 8.86624e-08 9.25902e-08 -7.92656e-08 6.66231e-09
14.825 9.08512e-08 9.48358e-08 -8.11775e-08 6.82914e-09
14.85 9.29826e-08 9.7022e-08 -8.30214e-08 7.0003e-09
14.875 9.505e-08 9.9142e-08 -8.47917e-08 7.17514e-09
14.9 9.70472e-08 1.01189e-07 -8.64835e-08 7.35299e-09
14.925 9.89682e-08 1.03158e-07 -8.80919e-08 7.53318e-09
14.95 1.00808e-07 1.05043e-07 -8.96128e-08 7.71499e-09
14.975 1.0256e-07 1.06838e-07 -9.10422e-08 7.89773e-09
15 1.04221e-07 1.08538e-07 -9.23769e-08 8.08066e-09
15.025 1.05786e-07 1.1014e-07 -9.36137e-08 8.26308e-09
15.05 1.07252e-07 1.11639e-07 -9.475e-08 8.44428e-09
15.075 1.08614e-07 1.13031e-07 -9.57838e-08 8.62353e-09
15.1 1.09869e-07 1.14313e-07 -9.67132e-08 8.80015e-09
15.125 1.11016e-07 1.15484e-07 -9.75368e-08 8.97345e-09
15.15 1.12051e-07 1.16539e-07 -9.82537e-08 9.14276e-09
15.175 1.12973e-07 1.17478e-07 -9.88632e-08 9.30744e-09
15.2 1.13781e-07 1.18299e-07 -9.93652e-08 9.46686e-09
15.225 1.14472e-07 1.19001e-07 -9.97597e-08 9.62044e-09
15.25 1.15047e-07 1.19582e-07 -1.00047e-07 9.76759e-09
15.275 1.15506e-07 1.20044e-07 -1.00228e-07 9.90779e-09
15.3 1.15847e-07 1.20386e-07 -1.00305e-07 1.00405e-08
15.325 1.16073e-07 1.20608e-07 -1.00277e-07 1.01654e-08
15.35 1.16183e-07 1.20711e-07 -1.00147e-07 1.02818e-08
15.375 1.16179e-07 1.20697e-07 -9.99174e-08 1.03895e-08
15.4 1.16062e-07 1.20566e-07 -9.95897e-08 1.04881e-08
15.425 1.15833e-07 1.20321e-07 -9.91663e-08 1.05773e-08
15.45 1.15495e-07 1.19964e-07 -9.86501e-08 1.06568e-08
15.475 1.15051e-07 1.19497e-07 -9.80438e-08 1.07264e-08
15.5 1.14502e-07 1.18922e-07 -9.73504e-08 1.07858e-08
15.525 1.13851e-07 1.18243e-07 -9.6573e-08 1.08349e-08
15.55 1.13102e-07 1.17462e-07 -9.5715e-08 1.08737e-08
15.575 1.12257e-07 1.16584e-07 -9.47798e-08 1.0902e-08
15.6 1.11321e-07 1.1561e-07 -9.37709e-08 1.09197e-08
15.625 1.10295e-07 1.14546e-07 -9.2692e-08 1.0927e-08
15.65 1.09185e-07 1.13394e-07 -9.15468e-08 1.09238e-08
15.675 1.07993e-07 1.12159e-07 -9.03389e-08 1.09101e-08
15.7 1.06725e-07 1.10845e-07 -8.90723e-08 1.08862e-08
15.725 1.05383e-07 1.09455e-07 -8.77508e-08 1.08521e-08
15.75 1.03972e-07 1.07994e-07 -8.63781e-08 1.0808e-08
15.775 1.02496e-07 1.06467e-07 -8.49582e-08 1.07542e-08
15.8 1.0096e-07 1.04876e-07 -8.3495e-08 1.06907e-08
15.825 9.93664e-08 1.03228e-07 -8.19921e-08 1.0618e-08
15.85 9.77207e-08 1.01526e-07 -8.04535e-08 1.05361e-08
15.875 9.60269e-08 9.9774e-08 -7.88828e-08 1.04456e-08
15.9 9.42892e-08 9.79769e-08 -7.72837e-08 1.03466e-08
15.925 9.25117e-08 9.61389e-08 -7.56599e-08 1.02395e-08
15.95 9.06986e-08 9.42642e-08 -7.40149e-08 1.01247e-08
15.975 8.88539e-08 9.23569e-08 -7.23521e-08 1.00024e-08
16 8.69816e-08 9.04213e-08 -7.06749e-08 9.87318e-09
16.025 8.50857e-08 8.84612e-08 -6.89866e-08 9.7373e-09
16.05 8.31701e-08 8.64808e-08 -6.72904e-08 9.59519e-09
16.075 8.12385e-08 8.44838e-08 -6.55892e-08 9.44725e-09
16.1 7.92945e-08 8.24739e-08 -6.38862e-08 9.29388e-09
16.125 7.73417e-08 8.0455e-08 -6.2184e-08 9.13549e-09
16.15 7.53836e-08 7.84304e-08 -6.04854e-08 8.9725e-09
16.175 7.34235e-08 7.64036e-08 -5.8793e-08 8.8053e-09
16.2 7.14646e-08 7.43778e-08 -5.71092e-08 8.6343e-09
16.225 6.95098e-08 7.23563e-08 -5.54364e-08 8.45992e-09
16.25 6.75623e-08 7.0342e-08 -5.37769e-08 8.28255e-09
16.275 6.56246e-08 6.83377e-08 -5.21326e-08 8.10258e-09
16.3 6.36996e-08 6.63463e-08 -5.05055e-08 7.92041e-09
16.325 6.17897e-08 6.43703e-08 -4.88975e-08 7.73642e-09
16.35 5.98974e-08 6.24122e-08 -4.73102e-08 7.55096e-09
16.375 5.80247e-08 6.04742e-08 -4.57453e-08 7.36442e-09
16.4 5.61738e-08 5.85585e-08 -4.42042e-08 7.17712e-09
16.425 5.43468e-08 5.6667e-08 -4.26882e-08 6.98942e-09
16.45 5.25453e-08 5.48018e-08 -4.11985e-08 6.80165e-09
16.475 5.0771e-08 5.29645e-08 -3.97363e-08 6.61411e-09
16.5 4.90256e-08 5.11566e-08 -3.83024e-08 6.4271e-09
16.525 4.73103e-08 4.93797e-08 -3.68978e-08 6.24092e-09
16.55 4.56265e-08 4.7635e-08 -3.55233e-08 6.05584e-09
16.575 4.39753e-08 4.59237e-08 -3.41795e-08 5.87211e-09
16.6 4.23576e-08 4.42469e-08 -3.28669e-08 5.68999e-09
16.625 4.07745e-08 4.26055e-08 -3.15861e-08 5.5097e-09
16.65 3.92267e-08 4.10003e-08 -3.03374e-08 5.33147e-09
16.675 3.77148e-08 3.9432e-08 -2.91211e-08 5.15548e-09
16.7 3.62394e-08 3.79012e-08 -2.79373e-08 4.98194e-09
16.725 3.48009e-08 3.64083e-08 -2.67863e-08 4.811e-09
16.75 3.33997e-08 3.49537e-08 -2.56681e-08 4.64285e-09
16.775 3.20361e-08 3.35377e-08 -2.45825e-08 4.47761e-09
16.8 3.07101e-08 3.21605e-08 -2.35297e-08 4.31542e-09
16.825 2.94218e-08 3.08221e-08 -2.25093e-08 4.1564e-09
16.85 2.81713e-08 2.95225e-08 -2.15212e-08 4.00065e-09
16.875 2.69585e-08 2.82616e-08 -2.05651e-08 3.84827e-09
16.9 2.57831e-08 2.70393e-08 -1.96406e-08 3.69934e-09
16.925 2.46449e-08 2.58554e-08 -1.87475e-08 3.55392e-09
16.95 2.35437e-08 2.47095e-08 -1.78853e-08 3.41207e-09
16.975 2.2479e-08 2.36013e-08 -1.70536e-08 3.27385e-09
17 2.14505e-08 2.25303e-08 -1.62518e-08 3.13928e-09
17.025 2.04577e-08 2.14962e-08 -1.54794e-08 3.00839e-09
17.05 1.95e-08 2.04983e-08 -1.4736e-08 2.88119e-09
17.075 1.8577e-08 1.95362e-08 -1.40208e-08 2.7577e-09
17.1 1.7688e-08 1.86092e-08 -1.33334e-08 2.63792e-09
17.125 1.68324e-08 1.77167e-08 -1.26731e-08 2.52182e-09
17.15 1.60095e-08 1.6858e-08 -1.20392e-08 2.4094e-09
17.175 1.52187e-08 1.60324e-08 -1.14311e-08 2.30063e-09
17.2 1.44592e-08 1.52392e-08 -1.08482e-08 2.19548e-09
17.225 1.37302e-08 1.44776e-08 -1.02898e-08 2.09392e-09
17.25 1.30312e-08 1.37469e-08 -9.75515e-09 1.99589e-09
17.275 1.23612e-08 1.30463e-08 -9.24363e-09 1.90136e-09
17.3 1.17195e-08 1.23751e-08 -8.75453e-09 1.81026e-09
17.325 1.11053e-08 1.17323e-08 -8.28717e-09 1.72255e-09
17.35 1.05178e-08 1.11172e-08 -7.84086e-09 1.63816e-09
17.375 9.95629e-09 1.0529e-08 -7.41493e-09 1.55703e-09
17.4 9.41989e-09 9.96686e-09 -7.00868e-09 1.47909e-09
17.425 8.90784e-09 9.42998e-09 -6.62144e-09 1.40427e-09
17.45 8.41932e-09 8.91754e-09 -6.25256e-09 1.33249e-09
17.475 7.95357e-09 8.42874e-09 -5.90136e-09 1.26369e-09
17.5 7.50978e-09 7.96277e-09 -5.5672e-09 1.19779e-09
17.525 7.0872e-09 7.51884e-09 -5.24944e-09 1.1347e-09
17.55 6.68505e-09 7.09617e-09 -4.94745e-09 1.07436e-09
17.575 6.30258e-09 6.69397e-09 -4.66061e-09 1.01668e-09
17.6 5.93905e-09 6.31148e-09 -4.38833e-09 9.61578e-10
17.625 5.59373e-09 5.94796e-09 -4.13e-09 9.0898e-10
17.65 5.26589e-09 5.60267e-09 -3.88506e-09 8.58805e-10
17.675 4.95484e-09 5.27487e-09 -3.65293e-09 8.10971e-10
17.7 4.6599e-09 4.96388e-09 -3.43308e-09 7.65401e-10
17.725 4.38038e-09 4.66899e-09 -3.22496e-09 7.22015e-10
17.75 4.11564e-09 4.38953e-09 -3.02806e-09 6.80735e-10
17.775 3.86504e-09 4.12484e-09 -2.84188e-09 6.41483e-10
17.8 3.62796e-09 3.87429e-09 -2.66592e-09 6.04185e-10
17.825 3.4038e-09 3.63725e-09 -2.49972e-09 5.68764e-10
17.85 3.19197e-09 3.41311e-09 -2.34282e-09 5.35148e-10
17.875 2.9919e-09 3.2013e-09 -2.19477e-09 5.03264e-10
17.9 2.80306e-09 3.00124e-09 -2.05516e-09 4.73041e-10
17.925 2.62489e-09 2.81238e-09 -1.92356e-09 4.4441e-10
17.95 2.45691e-09 2.63419e-09 -1.79958e-09 4.17304e-10
17.975 2.2986e-09 2.46616e-09 -1.68285e-09 3.91656e-10
18 2.14949e-09 2.3078e-09 -1.57299e-09 3.67403e-10
18.025 2.00912e-09 2.15862e-09 -1.46966e-09 3.44483e-10
18.05 1.87706e-09 2.01817e-09 -1.3725e-09 3.22834e-10
18.075 1.75287e-09 1.88601e-09 -1.28121e-09 3.02398e-10
18.1 1.63615e-09 1.76171e-09 -1.19547e-09 2.83118e-10
18.125 1.5265e-09 1.64487e-09 -1.11499e-09 2.64939e-10
18.15 1.42355e-09 1.53509e-09 -1.03947e-09 2.47808e-10
18.175 1.32695e-09 1.43199e-09 -9.68648e-10 2.31673e-10
18.2 1.23634e-09 1.33524e-09 -9.02264e-10 2.16486e-10
18.225 1.15141e-09 1.24447e-09 -8.40069e-10 2.02198e-10
18.25 1.07182e-09 1.15936e-09 -7.81827e-10 1.88764e-10
18.275 9.97297e-10 1.07959e-09 -7.27314e-10 1.7614e-10
18.3 9.27539e-10 1.00488e-09 -6.76315e-10 1.64282e-10
18.325 8.62277e-10 9.34928e-10 -6.28626e-10 1.53151e-10
18.35 8.01253e-10 8.6947e-10 -5.84054e-10 1.42708e-10
18.375 7.4422e-10 8.08245e-10 -5.42415e-10 1.32915e-10
18.4 6.90943e-10 7.51008e-10 -5.03533e-10 1.23737e-10
18.425 6.41199e-10 6.97525e-10 -4.67244e-10 1.1514e-10
18.45 5.94777e-10 6.47573e-10 -4.3339e-10 1.07091e-10
18.475 5.51475e-10 6.00942e-10 -4.01823e-10 9.95593e-11
18.5 5.11105e-10 5.57432e-10 -3.72401e-10 9.25152e-11
18.525 4.73485e-10 5.16853e-10 -3.44992e-10 8.59305e-11
18.55 4.38445e-10 4.79026e-10 -3.19469e-10 7.97784e-11
18.575 4.05824e-10 4.4378e-10 -2.95713e-10 7.40334e-11
18.6 3.75469e-10 4.10955e-10 -2.73612e-10 6.86714e-11
18.625 3.47237e-10 3.80399e-10 -2.5306e-10 6.36693e-11
18.65 3.20991e-10 3.51968e-10 -2.33958e-10 5.90052e-11
18.675 2.96602e-10 3.25527e-10 -2.16209e-10 5.46586e-11
18.7 2.73951e-10 3.00947e-10 -1.99727e-10 5.06099e-11
18.725 2.52923e-10 2.78108e-10 -1.84428e-10 4.68404e-11
18.75 2.3341e-10 2.56897e-10 -1.70232e-10 4.33326e-11
18.775 2.15313e-10 2.37206e-10 -1.57066e-10 4.007e-11
18.8 1.98536e-10 2.18935e-10 -1.44861e-10 3.7037e-11
18.825 1.8299e-10 2.01988e-10 -1.33551e-10 3.42186e-11
18.85 1.68591e-10 1.86278e-10 -1.23076e-10 3.1601e-11
18.875 1.5526e-10 1.7172e-10 -1.13377e-10 2.91711e-11
18.9 1.42925e-10 1.58235e-10 -1.04402e-10 2.69164e-11
18.925 1.31515e-10 1.45751e-10 -9.60999e-11 2.48254e-11
18.95 1.20967e-10 1.34197e-10 -8.84232e-11 2.28871e-11
18.975 1.11219e-10 1.2351e-10 -8.1328e-11 2.10911e-11
19 1.02214e-10 1.13629e-10 -7.47731e-11 1.94278e-11
19.025 9.39005e-11 1.04496e-10 -6.87199e-11 1.78881e-11
19.05 8.6228e-11 9.60591e-11 -6.31323e-11 1.64634e-11
19.075 7.91502e-11 8.82684e-11 -5.79766e-11 1.51459e-11
19.1 7.2624e-11 8.10775e-11 -5.32216e-11 1.3928e-11
19.125 6.6609e-11 7.44431e-11 -4.88378e-11 1.28026e-11
19.15 6.10676e-11 6.83246e-11 -4.4798e-11 1.17633e-11
19.175 5.59648e-11 6.26844e-11 -4.10766e-11 1.08039e-11
19.2 5.12678e-11 5.74873e-11 -3.76501e-11 9.9186e-12
19.225 4.69462e-11 5.27005e-11 -3.44963e-11 9.10209e-12
19.25 4.29718e-11 4.82935e-11 -3.15948e-11 8.34937e-12
19.275 3.93182e-11 4.42378e-11 -2.89263e-11 7.65575e-12
19.3 3.5961e-11 4.05071e-11 -2.64733e-11 7.01688e-12
19.325 3.28775e-11 3.70766e-11 -2.42192e-11 6.4287e-12
19.35 3.00465e-11 3.39236e-11 -2.21488e-11 5.88743e-12
19.375 2.74484e-11 3.10268e-11 -2.02477e-11 5.38954e-12
19.4 2.50652e-11 2.83665e-11 -1.8503e-11 4.93177e-12
19.425 2.28799e-11 2.59244e-11 -1.69023e-11 4.51105e-12
19.45 2.0877e-11 2.36835e-11 -1.54343e-11 4.12457e-12
19.475 1.9042e-11 2.1628e-11 -1.40887e-11 3.76969e-12
19.5 1.73615e-11 1.97435e-11 -1.28556e-11 3.44396e-12
19.525 1.58232e-11 1.80163e-11 -1.17261e-11 3.14512e-12
19.55 1.44156e-11 1.64341e-11 -1.06919e-11 2.87107e-12
19.575 1.31281e-11 1.49851e-11 -9.74537e-12 2.61986e-12
19.6 1.1951e-11 1.36587e-11 -8.87938e-12 2.38969e-12
19.625 1.08753e-11 1.24451e-11 -8.08739e-12 2.17887e-12
19.65 9.89262e-12 1.13351e-11 -7.36336e-12 1.98587e-12
19.675 8.99528e-12 1.03202e-11 -6.70172e-12 1.80926e-12
19.7 8.1762e-12 9.39273e-12 -6.09732e-12 1.64771e-12
19.725 7.42888e-12 8.54541e-12 -5.54543e-12 1.49999e-12
19.75 6.74729e-12 7.77165e-12 -5.04167e-12 1.36499e-12
19.775 6.12592e-12 7.06533e-12 -4.58202e-12 1.24165e-12
19.8 5.55966e-12 6.42084e-12 -4.16279e-12 1.12902e-12
19.825 5.04383e-12 5.83299e-12 -3.78055e-12 1.02622e-12
19.85 4.57414e-12 5.29701e-12 -3.43219e-12 9.32407e-13
19.875 4.14663e-12 4.80852e-12 -3.11482e-12 8.46848e-13
19.9 3.75766e-12 4.36348e-12 -2.82579e-12 7.68845e-13
19.925 3.4039e-12 3.95819e-12 -2.56267e-12 6.9776e-13
19.95 3.08229e-12 3.58923e-12 -2.32322e-12 6.33004e-13
19.975 2.79003e-12 3.25348e-12 -2.10541e-12 5.7404e-13
20 2.52454e-12 2.94808e-12 -1.90734e-12 5.2037e-13
