0 0.247311 0.247315 -0.00206785 0.122624
0.025 0.247311 0.247315 -0.00206785 0.122624
0.05 0.247262 0.247278 -0.00206843 0.122605
0.075 0.24718 0.247217 -0.0020694 0.122574
0.1 0.247066 0.247131 -0.00207074 0.12253
0.125 0.246918 0.24702 -0.00207244 0.122474
0.15 0.246737 0.246882 -0.00207447 0.122404
0.175 0.246521 0.246719 -0.00207681 0.122321
0.2 0.246271 0.246528 -0.00207943 0.122224
0.225 0.245986 0.246309 -0.00208229 0.122113
0.25 0.245665 0.246061 -0.00208536 0.121988
0.275 0.245307 0.245784 -0.0020886 0.121847
0.3 0.244912 0.245475 -0.00209196 0.121691
0.325 0.244479 0.245134 -0.0020954 0.121519
0.35 0.244007 0.24476 -0.00209886 0.12133
0.375 0.243494 0.244351 -0.00210229 0.121124
0.4 0.242941 0.243906 -0.00210563 0.1209
0.425 0.242345 0.243423 -0.00210883 0.120657
0.45 0.241707 0.242902 -0.00211182 0.120395
0.475 0.241024 0.24234 -0.00211456 0.120113
0.5 0.240296 0.241736 -0.00211696 0.11981
0.525 0.239522 0.241089 -0.00211897 0.119485
0.55 0.2387 0.240396 -0.00212053 0.119138
0.575 0.23783 0.239658 -0.00212158 0.118768
0.6 0.236911 0.238871 -0.00212204 0.118374
0.625 0.235941 0.238034 -0.00212186 0.117956
0.65 0.234919 0.237147 -0.00212097 0.117513
0.675 0.233845 0.236208 -0.00211933 0.117044
0.7 0.232717 0.235214 -0.00211685 0.116549
0.725 0.231536 0.234166 -0.0021135 0.116026
0.75 0.230299 0.233061 -0.00210921 0.115476
0.775 0.229006 0.231899 -0.00210394 0.114898
0.8 0.227657 0.230679 -0.00209763 0.11429
0.825 0.226251 0.229398 -0.00209025 0.113654
0.85 0.224787 0.228058 -0.00208173 0.112988
0.875 0.223265 0.226656 -0.00207206 0.112292
0.9 0.221685 0.225193 -0.00206119 0.111566
0.925 0.220046 0.223667 -0.00204909 0.110809
0.95 0.218349 0.222078 -0.00203573 0.110021
0.975 0.216593 0.220426 -0.0020211 0.109202
1 0.214778 0.21871 -0.00200517 0.108353
1.025 0.212904 0.216931 -0.00198793 0.107472
1.05 0.210973 0.215089 -0.00196937 0.10656
1.075 0.208983 0.213184 -0.00194949 0.105617
1.1 0.206937 0.211216 -0.00192828 0.104644
1.125 0.204833 0.209186 -0.00190576 0.10364
1.15 0.202674 0.207094 -0.00188193 0.102606
1.175 0.200461 0.204941 -0.00185681 0.101542
1.2 0.198193 0.202729 -0.00183041 0.100449
1.225 0.195873 0.200458 -0.00180276 0.0993277
1.25 0.193501 0.19813 -0.00177389 0.0981778
1.275 0.191079 0.195745 -0.00174383 0.0970005
1.3 0.188608 0.193306 -0.00171261 0.0957965
1.325 0.186091 0.190813 -0.00168028 0.0945665
1.35 0.183528 0.18827 -0.00164687 0.0933114
1.375 0.180922 0.185677 -0.00161245 0.0920322
1.4 0.178274 0.183037 -0.00157705 0.0907298
1.425 0.175587 0.180351 -0.00154073 0.0894052
1.45 0.172862 0.177622 -0.00150356 0.0880595
1.475 0.170102 0.174853 -0.00146558 0.0866938
1.5 0.167308 0.172046 -0.00142686 0.0853093
1.525 0.164484 0.169202 -0.00138747 0.0839073
1.55 0.161632 0.166325 -0.00134747 0.0824889
1.575 0.158754 0.163418 -0.00130693 0.0810555
1.6 0.155852 0.160483 -0.00126591 0.0796084
1.625 0.15293 0.157522 -0.0012245 0.0781489
1.65 0.14999 0.15454 -0.00118275 0.0766784
1.675 0.147034 0.151537 -0.00114074 0.0751983
1.7 0.144065 0.148518 -0.00109854 0.0737099
1.725 0.141086 0.145486 -0.00105623 0.0722148
1.75 0.138099 0.142442 -0.00101386 0.0707143
1.775 0.135108 0.139391 -0.000971525 0.0692098
1.8 0.132114 0.136335 -0.000929278 0.0677029
1.825 0.129121 0.133277 -0.000887192 0.0661948
1.85 0.126131 0.130219 -0.000845334 0.064687
1.875 0.123147 0.127166 -0.000803769 0.0631809
1.9 0.120172 0.124119 -0.000762562 0.061678
1.925 0.117208 0.121081 -0.000721772 0.0601795
1.95 0.114257 0.118055 -0.000681462 0.0586868
1.975 0.111323 0.115044 -0.000641686 0.0572012
2 0.108406 0.112051 -0.0006025 0.0557241
2.025 0.105511 0.109077 -0.000563957 0.0542566
2.05 0.102639 0.106126 -0.000526105 0.0528
2.075 0.0997931 0.1032 -0.000488992 0.0513554
2.1 0.0969743 0.100301 -0.00045266 0.0499241
2.125 0.0941852 0.0974314 -0.00041715 0.0485071
2.15 0.0914278 0.0945936 -0.0003825 0.0471055
2.175 0.0887041 0.0917894 -0.000348744 0.0457203
2.2 0.0860158 0.0890209 -0.000315913 0.0443525
2.225 0.0833647 0.0862898 -0.000284035 0.0430029
2.25 0.0807524 0.0835981 -0.000253136 0.0416725
2.275 0.0781804 0.0809472 -0.000223236 0.040362
2.3 0.0756502 0.0783388 -0.000194354 0.0390722
2.325 0.0731632 0.0757743 -0.000166506 0.0378039
2.35 0.0707205 0.0732549 -0.000139704 0.0365576
2.375 0.0683232 0.070782 -0.000113957 0.035334
2.4 0.0659725 0.0683567 -8.92705e-05 0.0341337
2.425 0.0636692 0.0659798 -6.56493e-05 0.0329571
2.45 0.0614141 0.0636523 -4.30934e-05 0.0318046
2.475 0.059208 0.061375 -2.1601e-05 0.0306767
2.5 0.0570515 0.0591485 -1.16726e-06 0.0295737
2.525 0.0549451 0.0569734 1.82148e-05 0.0284958
2.55 0.0528892 0.0548502 3.65547e-05 0.0274434
2.575 0.0508841 0.0527792 5.38641e-05 0.0264165
2.6 0.0489301 0.0507606 7.01567e-05 0.0254154
2.625 0.0470273 0.0487947 8.54485e-05 0.0244401
2.65 0.0451758 0.0468814 9.97569e-05 0.0234906
2.675 0.0433755 0.0450208 0.000113101 0.0225669
2.7 0.0416262 0.0432127 0.000125503 0.0216691
2.725 0.0399279 0.041457 0.000136984 0.020797
2.75 0.0382802 0.0397533 0.000147567 0.0199505
2.775 0.0366828 0.0381014 0.000157279 0.0191293
2.8 0.0351352 0.0365008 0.000166144 0.0183335
2.825 0.0336369 0.0349509 0.00017419 0.0175626
2.85 0.0321875 0.0334513 0.000181444 0.0168164
2.875 0.0307863 0.0320014 0.000187934 0.0160946
2.9 0.0294326 0.0306003 0.000193689 0.015397
2.925 0.0281258 0.0292475 0.000198739 0.0147231
2.95 0.026865 0.0279421 0.000203112 0.0140726
2.975 0.0256495 0.0266833 0.000206838 0.0134451
3 0.0244784 0.0254703 0.000209947 0.0128401
3.025 0.0233509 0.0243022 0.000212469 0.0122573
3.05 0.022266 0.0231779 0.000214433 0.0116962
3.075 0.0212228 0.0220966 0.000215869 0.0111563
3.1 0.0202204 0.0210573 0.000216805 0.0106371
3.125 0.0192577 0.020059 0.00021727 0.0101381
3.15 0.0183337 0.0191006 0.000217293 0.00965897
3.175 0.0174475 0.0181812 0.000216901 0.00919903
3.2 0.0165981 0.0172995 0.000216122 0.00875783
3.225 0.0157843 0.0164547 0.000214982 0.00833484
3.25 0.0150051 0.0156456 0.000213507 0.00792955
3.275 0.0142595 0.0148711 0.000211722 0.00754143
3.3 0.0135465 0.0141303 0.000209651 0.00716996
3.325 0.012865 0.0134219 0.000207318 0.00681463
3.35 0.012214 0.0127451 0.000204747 0.00647491
3.375 0.0115924 0.0120986 0.000201958 0.00615028
3.4 0.0109993 0.0114815 0.000198973 0.00584024
3.425 0.0104335 0.0108928 0.000195812 0.00554429
3.45 0.00989421 0.0103313 0.000192495 0.00526191
3.475 0.00938034 0.00979619 0.00018904 0.00499261
3.5 0.00889094 0.00928638 0.000185464 0.00473592
3.525 0.00842508 0.00880093 0.000181784 0.00449136
3.55 0.00798182 0.00833887 0.000178017 0.00425844
3.575 0.00756025 0.00789928 0.000174176 0.00403673
3.6 0.00715948 0.00748125 0.000170277 0.00382576
3.625 0.00677864 0.00708389 0.000166331 0.00362511
3.65 0.00641689 0.00670632 0.000162352 0.00343434
3.675 0.00607341 0.00634771 0.000158352 0.00325303
3.7 0.00574739 0.00600723 0.00015434 0.00308079
3.725 0.00543806 0.00568409 0.000150327 0.00291721
3.75 0.00514467 0.00537752 0.000146322 0.00276192
3.775 0.00486648 0.00508675 0.000142334 0.00261454
3.8 0.0046028 0.00481108 0.00013837 0.00247473
3.825 0.00435295 0.0045498 0.000134439 0.00234212
3.85 0.00411626 0.00430223 0.000130545 0.00221639
3.875 0.0038921 0.00406772 0.000126696 0.00209721
3.9 0.00367987 0.00384564 0.000122896 0.00198427
3.925 0.00347898 0.00363539 0.000119151 0.00187727
3.95 0.00328886 0.0034364 0.000115464 0.00177593
3.975 0.00310898 0.00324809 0.000111839 0.00167996
4 0.00293882 0.00306993 0.00010828 0.00158911
4.025 0.00277788 0.00290142 0.00010479 0.00150311
4.05 0.00262569 0.00274206 0.00010137 0.00142171
4.075 0.0024818 0.00259138 9.80232e-05 0.0013447
4.1 0.00234577 0.00244892 9.47509e-05 0.00127184
4.125 0.00221719 0.00231427 9.15544e-05 0.00120291
4.15 0.00209566 0.00218701 8.84348e-05 0.00113772
4.175 0.0019808 0.00206674 8.53927e-05 0.00107607
4.2 0.00187227 0.0019531 8.24286e-05 0.00101777
4.225 0.00176972 0.00184574 7.95427e-05 0.000962639
4.25 0.00167282 0.0017443 7.6735e-05 0.000910518
4.275 0.00158126 0.00164848 7.40051e-05 0.000861241
4.3 0.00149477 0.00155796 7.13528e-05 0.000814655
4.325 0.00141305 0.00147245 6.87774e-05 0.000770616
4.35 0.00133584 0.00139169 6.6278e-05 0.000728985
4.375 0.00126289 0.00131541 6.3854e-05 0.00068963
4.4 0.00119398 0.00124335 6.15042e-05 0.000652429
4.425 0.00112887 0.00117529 5.92275e-05 0.000617261
4.45 0.00106735 0.00111101 5.70227e-05 0.000584016
4.475 0.00100922 0.00105029 5.48885e-05 0.000552588
4.5 0.000954297 0.000992929 5.28236e-05 0.000522876
4.525 0.000902396 0.000938745 5.08266e-05 0.000494786
4.55 0.000853348 0.000887559 4.88959e-05 0.000468227
4.575 0.000806995 0.000839201 4.70302e-05 0.000443115
4.6 0.000763186 0.000793512 4.52277e-05 0.00041937
4.625 0.000721777 0.000750343 4.34871e-05 0.000396915
4.65 0.000682635 0.000709551 4.18066e-05 0.000375679
4.675 0.000645632 0.000671003 4.01848e-05 0.000355594
4.7 0.00061065 0.000634573 3.862e-05 0.000336596
4.725 0.000577575 0.000600141 3.71107e-05 0.000318626
4.75 0.000546301 0.000567595 3.56552e-05 0.000301625
4.775 0.000516727 0.00053683 3.42521e-05 0.000285541
4.8 0.00048876 0.000507746 3.28997e-05 0.000270323
4.825 0.00046231 0.000480248 3.15965e-05 0.000255922
4.85 0.000437294 0.000454248 3.0341e-05 0.000242295
4.875 0.000413631 0.000429663 2.91318e-05 0.000229397
4.9 0.000391249 0.000406413 2.79673e-05 0.00021719
4.925 0.000370075 0.000384425 2.68462e-05 0.000205636
4.95 0.000350045 0.000363629 2.57669e-05 0.000194698
4.975 0.000331095 0.000343959 2.47282e-05 0.000184343
5 0.000313167 0.000325353 2.37287e-05 0.000174541
5.025 0.000296205 0.000307752 2.2767e-05 0.000165259
5.05 0.000280156 0.000291101 2.1842e-05 0.000156472
5.075 0.000264973 0.000275349 2.09523e-05 0.000148151
5.1 0.000250607 0.000260447 2.00968e-05 0.000140272
5.125 0.000237015 0.000246348 1.92742e-05 0.000132811
5.15 0.000224155 0.000233008 1.84834e-05 0.000125746
5.175 0.000211989 0.000220387 1.77233e-05 0.000119055
5.2 0.000200478 0.000208447 1.69929e-05 0.00011272
5.225 0.000189589 0.000197149 1.6291e-05 0.00010672
5.25 0.000179287 0.00018646 1.56166e-05 0.000101038
5.275 0.000169542 0.000176348 1.49688e-05 9.56583e-05
5.3 0.000160325 0.000166781 1.43466e-05 9.05636e-05
5.325 0.000151607 0.00015773 1.37491e-05 8.57393e-05
5.35 0.000143361 0.000149167 1.31753e-05 8.11714e-05
5.375 0.000135563 0.000141068 1.26245e-05 7.68462e-05
5.4 0.000128189 0.000133407 1.20957e-05 7.27512e-05
5.425 0.000121216 0.00012616 1.15883e-05 6.88743e-05
5.45 0.000114624 0.000119307 1.11012e-05 6.5204e-05
5.475 0.000108392 0.000112825 1.06339e-05 6.17296e-05
5.5 0.0001025 0.000106696 1.01856e-05 5.84408e-05
5.525 9.69311e-05 0.0001009 9.75554e-06 5.5328e-05
5.55 9.16677e-05 9.54207e-05 9.34306e-06 5.23819e-05
5.575 8.66935e-05 9.024e-05 8.94749e-06 4.95938e-05
5.6 8.1993e-05 8.53426e-05 8.56821e-06 4.69554e-05
5.625 7.75515e-05 8.07133e-05 8.20457e-06 4.44589e-05
5.65 7.33551e-05 7.63378e-05 7.85599e-06 4.20969e-05
5.675 6.93906e-05 7.22025e-05 7.52188e-06 3.98622e-05
5.7 6.56454e-05 6.82947e-05 7.20169e-06 3.77482e-05
5.725 6.21076e-05 6.46021e-05 6.89487e-06 3.57485e-05
5.75 5.87659e-05 6.11131e-05 6.6009e-06 3.3857e-05
5.775 5.56096e-05 5.78167e-05 6.31928e-06 3.2068e-05
5.8 5.26286e-05 5.47026e-05 6.04952e-06 3.03761e-05
5.825 4.98131e-05 5.17608e-05 5.79115e-06 2.8776e-05
5.85 4.71541e-05 4.8982e-05 5.54371e-06 2.72629e-05
5.875 4.46429e-05 4.63572e-05 5.30677e-06 2.5832e-05
5.9 4.22712e-05 4.38781e-05 5.0799e-06 2.4479e-05
5.925 4.00314e-05 4.15366e-05 4.86269e-06 2.31996e-05
5.95 3.79158e-05 3.93251e-05 4.65476e-06 2.19899e-05
5.975 3.59177e-05 3.72364e-05 4.45572e-06 2.08461e-05
6 3.40304e-05 3.52637e-05 4.2652e-06 1.97644e-05
6.025 3.22475e-05 3.34005e-05 4.08285e-06 1.87417e-05
6.05 3.05632e-05 3.16406e-05 3.90833e-06 1.77745e-05
6.075 2.89719e-05 2.99783e-05 3.74132e-06 1.68598e-05
6.1 2.74682e-05 2.84081e-05 3.58149e-06 1.59948e-05
6.125 2.60471e-05 2.69247e-05 3.42855e-06 1.51766e-05
6.15 2.47039e-05 2.55232e-05 3.2822e-06 1.44027e-05
6.175 2.3434e-05 2.41989e-05 3.14216e-06 1.36705e-05
6.2 2.22334e-05 2.29474e-05 3.00816e-06 1.29778e-05
6.225 2.10979e-05 2.17645e-05 2.87993e-06 1.23222e-05
6.25 2.00238e-05 2.06463e-05 2.75724e-06 1.17018e-05
6.275 1.90076e-05 1.95891e-05 2.63983e-06 1.11145e-05
6.3 1.80459e-05 1.85893e-05 2.52749e-06 1.05584e-05
6.325 1.71355e-05 1.76436e-05 2.41998e-06 1.00318e-05
6.35 1.62735e-05 1.67489e-05 2.31709e-06 9.53301e-06
6.375 1.54571e-05 1.59022e-05 2.21863e-06 9.06043e-06
6.4 1.46836e-05 1.51008e-05 2.12439e-06 8.61258e-06
6.425 1.39506e-05 1.43419e-05 2.03419e-06 8.18806e-06
6.45 1.32557e-05 1.36232e-05 1.94785e-06 7.78553e-06
6.475 1.25967e-05 1.29423e-05 1.8652e-06 7.40375e-06
6.5 1.19716e-05 1.2297e-05 1.78607e-06 7.04155e-06
6.525 1.13785e-05 1.16853e-05 1.71032e-06 6.69781e-06
6.55 1.08154e-05 1.11052e-05 1.63778e-06 6.3715e-06
6.575 1.02808e-05 1.0555e-05 1.56832e-06 6.06164e-06
6.6 9.77305e-06 1.00328e-05 1.50179e-06 5.76731e-06
6.625 9.29059e-06 9.53721e-06 1.43808e-06 5.48765e-06
6.65 8.83206e-06 9.06661e-06 1.37705e-06 5.22183e-06
6.675 8.39613e-06 8.61961e-06 1.31858e-06 4.9691e-06
6.7 7.98156e-06 8.19491e-06 1.26257e-06 4.72874e-06
6.725 7.58721e-06 7.79125e-06 1.2089e-06 4.50008e-06
6.75 7.21199e-06 7.40749e-06 1.15747e-06 4.28248e-06
6.775 6.85488e-06 7.04254e-06 1.10819e-06 4.07537e-06
6.8 6.51494e-06 6.69538e-06 1.06096e-06 3.87817e-06
6.825 6.19127e-06 6.36506e-06 1.01569e-06 3.69037e-06
6.85 5.88305e-06 6.05068e-06 9.72297e-07 3.51149e-06
6.875 5.58949e-06 5.75141e-06 9.30701e-07 3.34106e-06
6.9 5.30985e-06 5.46647e-06 8.90825e-07 3.17865e-06
6.925 5.04347e-06 5.19512e-06 8.52596e-07 3.02386e-06
6.95 4.78968e-06 4.93666e-06 8.15946e-07 2.87631e-06
6.975 4.54789e-06 4.69047e-06 7.80808e-07 2.73564e-06
7 4.31753e-06 4.45593e-06 7.47118e-07 2.60152e-06
7.025 4.09807e-06 4.23246e-06 7.14818e-07 2.47364e-06
7.05 3.889e-06 4.01955e-06 6.8385e-07 2.3517e-06
7.075 3.68986e-06 3.81669e-06 6.5416e-07 2.23542e-06
7.1 3.50019e-06 3.62339e-06 6.25696e-07 2.12454e-06
7.125 3.31957e-06 3.43923e-06 5.98408e-07 2.01882e-06
7.15 3.14761e-06 3.26378e-06 5.72251e-07 1.91801e-06
7.175 2.98393e-06 3.09664e-06 5.47178e-07 1.82191e-06
7.2 2.82816e-06 2.93744e-06 5.23147e-07 1.73029e-06
7.225 2.67997e-06 2.78583e-06 5.00117e-07 1.64297e-06
7.25 2.53903e-06 2.64148e-06 4.78049e-07 1.55976e-06
7.275 2.40504e-06 2.50406e-06 4.56905e-07 1.48048e-06
7.3 2.27768e-06 2.37327e-06 4.3665e-07 1.40496e-06
7.325 2.15669e-06 2.24883e-06 4.17249e-07 1.33304e-06
7.35 2.04178e-06 2.13047e-06 3.98669e-07 1.26457e-06
7.375 1.9327e-06 2.01792e-06 3.80878e-07 1.1994e-06
7.4 1.82919e-06 1.91094e-06 3.63847e-07 1.13739e-06
7.425 1.73101e-06 1.80928e-06 3.47546e-07 1.07841e-06
7.45 1.63793e-06 1.71273e-06 3.31947e-07 1.02234e-06
7.475 1.54972e-06 1.62106e-06 3.17023e-07 9.69039e-07
7.5 1.46617e-06 1.53406e-06 3.02749e-07 9.18403e-07
7.525 1.38706e-06 1.45153e-06 2.89098e-07 8.70314e-07
7.55 1.3122e-06 1.37328e-06 2.76047e-07 8.24664e-07
7.575 1.24138e-06 1.29912e-06 2.63574e-07 7.81348e-07
7.6 1.17442e-06 1.22888e-06 2.51654e-07 7.40265e-07
7.625 1.11113e-06 1.16237e-06 2.40267e-07 7.01317e-07
7.65 1.05134e-06 1.09943e-06 2.29391e-07 6.64409e-07
7.675 9.94872e-07 1.0399e-06 2.19006e-07 6.29452e-07
7.7 9.41569e-07 9.83618e-07 2.09093e-07 5.96356e-07
7.725 8.91269e-07 9.3044e-07 1.99632e-07 5.65036e-07
7.75 8.43819e-07 8.80217e-07 1.90606e-07 5.35411e-07
7.775 7.99073e-07 8.32808e-07 1.81995e-07 5.07402e-07
7.8 7.5689e-07 7.88075e-07 1.73784e-07 4.8093e-07
7.825 7.17132e-07 7.45888e-07 1.65955e-07 4.55921e-07
7.85 6.79671e-07 7.06118e-07 1.58492e-07 4.32305e-07
7.875 6.4438e-07 6.68643e-07 1.5138e-07 4.10012e-07
7.9 6.11141e-07 6.33345e-07 1.44603e-07 3.88974e-07
7.925 5.79839e-07 6.00107e-07 1.38147e-07 3.69127e-07
7.95 5.50364e-07 5.68821e-07 1.31997e-07 3.50409e-07
7.975 5.22613e-07 5.39379e-07 1.2614e-07 3.3276e-07
8 4.96484e-07 5.1168e-07 1.20562e-07 3.16121e-07
8.025 4.71885e-07 4.85626e-07 1.15252e-07 3.00439e-07
8.05 4.48723e-07 4.61121e-07 1.10195e-07 2.85658e-07
8.075 4.26913e-07 4.38076e-07 1.05381e-07 2.71728e-07
8.1 4.06374e-07 4.16404e-07 1.00797e-07 2.58601e-07
8.125 3.87027e-07 3.96022e-07 9.64332e-08 2.46228e-07
8.15 3.688e-07 3.76851e-07 9.22781e-08 2.34565e-07
8.175 3.51621e-07 3.58815e-07 8.83216e-08 2.23569e-07
8.2 3.35425e-07 3.41843e-07 8.45538e-08 2.13199e-07
8.225 3.20148e-07 3.25866e-07 8.0965e-08 2.03416e-07
8.25 3.05732e-07 3.1082e-07 7.75462e-08 1.94183e-07
8.275 2.92119e-07 2.96642e-07 7.42886e-08 1.85465e-07
8.3 2.79257e-07 2.83275e-07 7.11837e-08 1.77229e-07
8.325 2.67095e-07 2.70663e-07 6.82235e-08 1.69443e-07
8.35 2.55586e-07 2.58755e-07 6.54003e-08 1.62078e-07
8.375 2.44684e-07 2.47502e-07 6.27068e-08 1.55104e-07
8.4 2.34348e-07 2.36857e-07 6.01359e-08 1.48497e-07
8.425 2.24537e-07 2.26778e-07 5.7681e-08 1.4223e-07
8.45 2.15214e-07 2.17225e-07 5.53358e-08 1.3628e-07
8.475 2.06344e-07 2.08159e-07 5.30942e-08 1.30627e-07
8.5 1.97894e-07 1.99546e-07 5.09505e-08 1.25248e-07
8.525 1.89833e-07 1.91353e-07 4.88994e-08 1.20126e-07
8.55 1.82133e-07 1.83548e-07 4.69357e-08 1.15242e-07
8.575 1.74766e-07 1.76105e-07 4.50547e-08 1.1058e-07
8.6 1.67709e-07 1.68997e-07 4.32517e-08 1.06124e-07
8.625 1.60937e-07 1.622e-07 4.15226e-08 1.01861e-07
8.65 1.54431e-07 1.55691e-07 3.98633e-08 9.77771e-08
8.675 1.48171e-07 1.4945e-07 3.82701e-08 9.38602e-08
8.7 1.42139e-07 1.43459e-07 3.67394e-08 9.00993e-08
8.725 1.3632e-07 1.377e-07 3.5268e-08 8.64842e-08
8.75 1.30699e-07 1.32158e-07 3.38528e-08 8.30056e-08
8.775 1.25263e-07 1.26819e-07 3.2491e-08 7.9655e-08
8.8 1.20002e-07 1.21669e-07 3.11798e-08 7.64245e-08
8.825 1.14905e-07 1.16698e-07 2.99169e-08 7.33073e-08
8.85 1.09963e-07 1.11894e-07 2.86999e-08 7.02967e-08
8.875 1.0517e-07 1.07248e-07 2.75267e-08 6.73873e-08
8.9 1.00518e-07 1.02752e-07 2.63954e-08 6.45736e-08
8.925 9.60024e-08 9.83981e-08 2.53042e-08 6.18511e-08
8.95 9.16191e-08 9.41801e-08 2.42513e-08 5.92157e-08
8.975 8.73644e-08 9.0092e-08 2.32353e-08 5.66636e-08
9 8.32355e-08 8.61285e-08 2.22546e-08 5.41916e-08
9.025 7.92304e-08 8.22854e-08 2.13081e-08 5.17967e-08
9.05 7.53476e-08 7.85586e-08 2.03944e-08 4.94765e-08
9.075 7.15859e-08 7.49447e-08 1.95124e-08 4.72286e-08
9.1 6.79449e-08 7.14411e-08 1.86612e-08 4.50511e-08
9.125 6.4424e-08 6.8045e-08 1.78397e-08 4.29424e-08
9.15 6.10231e-08 6.47546e-08 1.7047e-08 4.09008e-08
9.175 5.77422e-08 6.15681e-08 1.62824e-08 3.89252e-08
9.2 5.45813e-08 5.84838e-08 1.55449e-08 3.70144e-08
9.225 5.15402e-08 5.55007e-08 1.48339e-08 3.51673e-08
9.25 4.8619e-08 5.26177e-08 1.41488e-08 3.33832e-08
9.275 4.58173e-08 4.98338e-08 1.34887e-08 3.16613e-08
9.3 4.31346e-08 4.71482e-08 1.28532e-08 3.00007e-08
9.325 4.05704e-08 4.45603e-08 1.22417e-08 2.8401e-08
9.35 3.81235e-08 4.20693e-08 1.16534e-08 2.68613e-08
9.375 3.57929e-08 3.96745e-08 1.1088e-08 2.53813e-08
9.4 3.3577e-08 3.73754e-08 1.05448e-08 2.39601e-08
9.425 3.14738e-08 3.51712e-08 1.00234e-08 2.25973e-08
9.45 2.94813e-08 3.3061e-08 9.52327e-09 2.12921e-08
9.475 2.75969e-08 3.1044e-08 9.04384e-09 2.00439e-08
9.5 2.5818e-08 2.91193e-08 8.58466e-09 1.8852e-08
9.525 2.41415e-08 2.72857e-08 8.14522e-09 1.77155e-08
9.55 2.25641e-08 2.5542e-08 7.72506e-09 1.66335e-08
9.575 2.10823e-08 2.38869e-08 7.32367e-09 1.56053e-08
9.6 1.96924e-08 2.23188e-08 6.94058e-09 1.46297e-08
9.625 1.83907e-08 2.08361e-08 6.57531e-09 1.37057e-08
9.65 1.71731e-08 1.94369e-08 6.22737e-09 1.28321e-08
9.675 1.60357e-08 1.81194e-08 5.89628e-09 1.20078e-08
9.7 1.49743e-08 1.68814e-08 5.58156e-09 1.12315e-08
9.725 1.3985e-08 1.57207e-08 5.28272e-09 1.05017e-08
9.75 1.30638e-08 1.46349e-08 4.99927e-09 9.8171e-09
9.775 1.22065e-08 1.36216e-08 4.73074e-09 9.17615e-09
9.8 1.14095e-08 1.2678e-08 4.47663e-09 8.57733e-09
9.825 1.06689e-08 1.18016e-08 4.23645e-09 8.01904e-09
9.85 9.98122e-09 1.09896e-08 4.00972e-09 7.49965e-09
9.875 9.343e-09 1.0239e-08 3.79594e-09 7.0175e-09
9.9 8.75104e-09 9.54714e-09 3.59464e-09 6.57089e-09
9.925 8.20231e-09 8.91092e-09 3.40533e-09 6.15812e-09
9.95 7.694e-09 8.32745e-09 3.22751e-09 5.77748e-09
9.975 7.22349e-09 7.79378e-09 3.06072e-09 5.42725e-09
10 6.78839e-09 7.30697e-09 2.90445e-09 5.10571e-09
10.025 6.3865e-09 6.86413e-09 2.75825e-09 4.81119e-09
10.05 6.01582e-09 6.4624e-09 2.62163e-09 4.54202e-09
10.075 5.67452e-09 6.09897e-09 2.49413e-09 4.29655e-09
10.1 5.36098e-09 5.77112e-09 2.37527e-09 4.07319e-09
10.125 5.07367e-09 5.47619e-09 2.26461e-09 3.8704e-09
10.15 4.81126e-09 5.21164e-09 2.16169e-09 3.68666e-09
10.175 4.57248e-09 4.975e-09 2.06605e-09 3.52053e-09
10.2 4.35619e-09 4.76394e-09 1.97727e-09 3.3706e-09
10.225 4.16131e-09 4.57621e-09 1.89491e-09 3.23556e-09
10.25 3.98682e-09 4.4097e-09 1.81856e-09 3.11413e-09
10.275 3.83174e-09 4.26241e-09 1.74779e-09 3.0051e-09
10.3 3.6951e-09 4.13247e-09 1.68222e-09 2.90734e-09
10.325 3.57592e-09 4.0181e-09 1.62144e-09 2.81977e-09
10.35 3.47323e-09 3.91769e-09 1.56509e-09 2.74139e-09
10.375 3.38603e-09 3.82969e-09 1.5128e-09 2.67125e-09
10.4 3.31328e-09 3.7527e-09 1.46422e-09 2.60846e-09
10.425 3.25389e-09 3.68541e-09 1.41901e-09 2.55221e-09
10.45 3.20674e-09 3.62661e-09 1.37685e-09 2.50173e-09
10.475 3.17066e-09 3.57519e-09 1.33743e-09 2.45631e-09
10.5 3.14443e-09 3.53013e-09 1.30045e-09 2.41529e-09
10.525 3.12678e-09 3.49049e-09 1.26566e-09 2.37807e-09
10.55 3.11641e-09 3.45541e-09 1.23277e-09 2.34409e-09
10.575 3.11201e-09 3.42408e-09 1.20155e-09 2.31282e-09
10.6 3.11222e-09 3.39577e-09 1.17178e-09 2.28378e-09
10.625 3.1157e-09 3.36981e-09 1.14324e-09 2.25653e-09
10.65 3.12111e-09 3.34557e-09 1.11574e-09 2.23065e-09
10.675 3.12712e-09 3.32245e-09 1.0891e-09 2.20578e-09
10.7 3.13247e-09 3.29993e-09 1.06317e-09 2.18155e-09
10.725 3.13591e-09 3.27749e-09 1.0378e-09 2.15765e-09
10.75 3.13628e-09 3.25467e-09 1.01286e-09 2.13377e-09
10.775 3.13251e-09 3.23101e-09 9.88247e-10 2.10963e-09
10.8 3.12361e-09 3.20611e-09 9.63858e-10 2.08499e-09
10.825 3.1087e-09 3.17959e-09 9.39611e-10 2.0596e-09
10.85 3.08703e-09 3.15109e-09 9.1544e-10 2.03326e-09
10.875 3.05795e-09 3.12027e-09 8.91288e-10 2.00578e-09
10.9 3.02098e-09 3.08684e-09 8.67114e-10 1.97698e-09
10.925 2.97576e-09 3.05054e-09 8.42885e-10 1.94671e-09
10.95 2.92208e-09 3.01111e-09 8.18582e-10 1.91485e-09
10.975 2.85988e-09 2.96835e-09 7.94195e-10 1.88127e-09
11 2.78922e-09 2.9221e-09 7.69721e-10 1.84591e-09
11.025 2.71034e-09 2.87221e-09 7.45168e-10 1.80869e-09
11.05 2.62357e-09 2.81859e-09 7.20548e-10 1.76957e-09
11.075 2.5294e-09 2.76119e-09 6.95881e-10 1.72853e-09
11.1 2.42842e-09 2.69998e-09 6.71193e-10 1.68559e-09
11.125 2.32133e-09 2.635e-09 6.46513e-10 1.64075e-09
11.15 2.20891e-09 2.56631e-09 6.21874e-10 1.59409e-09
11.175 2.09202e-09 2.49403e-09 5.97313e-10 1.54567e-09
11.2 1.9716e-09 2.41832e-09 5.72866e-10 1.49559e-09
11.225 1.84861e-09 2.33937e-09 5.48572e-10 1.44397e-09
11.25 1.72405e-09 2.25744e-09 5.24473e-10 1.39096e-09
11.275 1.59893e-09 2.1728e-09 5.00607e-10 1.3367e-09
11.3 1.47426e-09 2.08577e-09 4.77013e-10 1.28139e-09
11.325 1.35103e-09 1.9967e-09 4.53731e-10 1.22521e-09
11.35 1.23018e-09 1.90597e-09 4.30796e-10 1.16838e-09
11.375 1.1126e-09 1.81398e-09 4.08245e-10 1.11111e-09
11.4 9.99138e-10 1.72117e-09 3.86109e-10 1.05364e-09
11.425 8.90548e-10 1.62797e-09 3.64421e-10 9.96195e-10
11.45 7.87503e-10 1.53484e-09 3.43208e-10 9.39024e-10
11.475 6.90581e-10 1.44223e-09 3.22497e-10 8.82365e-10
11.5 6.00262e-10 1.35061e-09 3.0231e-10 8.2646e-10
11.525 5.16918e-10 1.26042e-09 2.8267e-10 7.71544e-10
11.55 4.40816e-10 1.1721e-09 2.63593e-10 7.17844e-10
11.575 3.72111e-10 1.08606e-09 2.45097e-10 6.6558e-10
11.6 3.10853e-10 1.00272e-09 2.27194e-10 6.14956e-10
11.625 2.56987e-10 9.22429e-10 2.09896e-10 5.66162e-10
11.65 2.10357e-10 8.45535e-10 1.93211e-10 5.19373e-10
11.675 1.70715e-10 7.72337e-10 1.77148e-10 4.74742e-10
11.7 1.37726e-10 7.03097e-10 1.61711e-10 4.32404e-10
11.725 1.10978e-10 6.38033e-10 1.46904e-10 3.92468e-10
11.75 8.99921e-11 5.77322e-10 1.32729e-10 3.55026e-10
11.775 7.42342e-11 5.21092e-10 1.19188e-10 3.2014e-10
11.8 6.31248e-11 4.69426e-10 1.06281e-10 2.87853e-10
11.825 5.60522e-11 4.22359e-10 9.40053e-11 2.58182e-10
11.85 5.2384e-11 3.79881e-10 8.23599e-11 2.3112e-10
11.875 5.14795e-11 3.41937e-10 7.13416e-11 2.06639e-10
11.9 5.2701e-11 3.08429e-10 6.09469e-11 1.84688e-10
11.925 5.54256e-11 2.7922e-10 5.11714e-11 1.65196e-10
11.95 5.90556e-11 2.54133e-10 4.20103e-11 1.48072e-10
11.975 6.30286e-11 2.32962e-10 3.34579e-11 1.3321e-10
12 6.68258e-11 2.15467e-10 2.55081e-11 1.20488e-10
12.025 6.99804e-11 2.01388e-10 1.81541e-11 1.09771e-10
12.05 7.20837e-11 1.90441e-10 1.13883e-11 1.00915e-10
12.075 7.27905e-11 1.82329e-10 5.20268e-12 9.37657e-11
12.1 7.18227e-11 1.76742e-10 -4.11876e-13 8.81653e-11
12.125 6.89722e-11 1.73369e-10 -5.46516e-12 8.39518e-11
12.15 6.41018e-11 1.71893e-10 -9.96793e-12 8.09627e-11
12.175 5.71447e-11 1.72007e-10 -1.39319e-11 7.90373e-11
12.2 4.81035e-11 1.73407e-10 -1.73699e-11 7.80186e-11
12.225 3.70466e-11 1.75807e-10 -2.02959e-11 7.77557e-11
12.25 2.41049e-11 1.78935e-10 -2.2725e-11 7.81052e-11
12.275 9.46621e-12 1.8254e-10 -2.46735e-11 7.89335e-11
12.3 -6.63039e-12 1.86395e-10 -2.61591e-11 8.01179e-11
12.325 -2.39015e-11 1.90296e-10 -2.72006e-11 8.15477e-11
12.35 -4.20266e-11 1.94069e-10 -2.78184e-11 8.31255e-11
12.375 -6.06564e-11 1.97569e-10 -2.80338e-11 8.47676e-11
12.4 -7.94207e-11 2.00679e-10 -2.78697e-11 8.64044e-11
12.425 -9.7937e-11 2.03311e-10 -2.73499e-11 8.79808e-11
12.45 -1.15819e-10 2.05411e-10 -2.64996e-11 8.94556e-11
12.475 -1.32684e-10 2.06948e-10 -2.53446e-11 9.08018e-11
12.5 -1.48164e-10 2.07923e-10 -2.39121e-11 9.20052e-11
12.525 -1.61908e-10 2.08358e-10 -2.22297e-11 9.30642e-11
12.55 -1.73594e-10 2.08302e-10 -2.03258e-11 9.39882e-11
12.575 -1.82934e-10 2.07823e-10 -1.82291e-11 9.4797e-11
12.6 -1.89677e-10 2.07007e-10 -1.59686e-11 9.5519e-11
12.625 -1.93617e-10 2.05953e-10 -1.35735e-11 9.61897e-11
12.65 -1.94597e-10 2.04774e-10 -1.10728e-11 9.68504e-11
12.675 -1.92509e-10 2.03588e-10 -8.49498e-12 9.75467e-11
12.7 -1.87298e-10 2.02521e-10 -5.86828e-12 9.83264e-11
12.725 -1.78963e-10 2.01697e-10 -3.22e-12 9.92383e-11
12.75 -1.67556e-10 2.01237e-10 -5.76555e-13 1.0033e-10
12.775 -1.53181e-10 2.0126e-10 2.03682e-12 1.01649e-10
12.8 -1.35993e-10 2.01874e-10 4.59622e-12 1.03235e-10
12.825 -1.16196e-10 2.03174e-10 7.07923e-12 1.05127e-10
12.85 -9.4036e-11 2.05246e-10 9.46514e-12 1.07355e-10
12.875 -6.9799e-11 2.08155e-10 1.1735e-11 1.09945e-10
12.9 -4.38064e-11 2.11952e-10 1.38719e-11 1.12912e-10
12.925 -1.64082e-11 2.16667e-10 1.58608e-11 1.16264e-10
12.95 1.2022e-11 2.22312e-10 1.7689e-11 1.2e-10
12.975 4.10941e-11 2.28876e-10 1.93457e-11 1.24111e-10
13 7.04073e-11 2.3633e-10 2.08225e-11 1.28576e-10
13.025 9.95568e-11 2.44623e-10 2.21132e-11 1.33368e-10
13.05 1.28141e-10 2.53686e-10 2.32137e-11 1.3845e-10
13.075 1.55766e-10 2.63431e-10 2.41221e-11 1.43777e-10
13.1 1.82055e-10 2.73753e-10 2.48386e-11 1.49296e-10
13.125 2.06651e-10 2.84531e-10 2.53653e-11 1.54948e-10
13.15 2.29223e-10 2.95633e-10 2.57063e-11 1.6067e-10
13.175 2.49473e-10 3.06915e-10 2.58675e-11 1.66391e-10
13.2 2.67137e-10 3.18225e-10 2.58561e-11 1.7204e-10
13.225 2.81992e-10 3.29404e-10 2.56812e-11 1.77543e-10
13.25 2.93856e-10 3.40293e-10 2.53528e-11 1.82823e-10
13.275 3.02592e-10 3.50731e-10 2.48822e-11 1.87807e-10
13.3 3.08111e-10 3.6056e-10 2.42816e-11 1.92421e-10
13.325 3.10368e-10 3.69627e-10 2.35638e-11 1.96595e-10
13.35 3.09367e-10 3.77787e-10 2.27422e-11 2.00265e-10
13.375 3.05159e-10 3.84907e-10 2.18306e-11 2.03369e-10
13.4 2.97839e-10 3.90866e-10 2.08427e-11 2.05854e-10
13.425 2.87545e-10 3.95557e-10 1.97923e-11 2.07675e-10
13.45 2.74458e-10 3.98891e-10 1.8693e-11 2.08792e-10
13.475 2.58793e-10 4.00797e-10 1.7558e-11 2.09177e-10
13.5 2.408e-10 4.01222e-10 1.63999e-11 2.08811e-10
13.525 2.20758e-10 4.00137e-10 1.52306e-11 2.07684e-10
13.55 1.98972e-10 3.97529e-10 1.40611e-11 2.05795e-10
13.575 1.75764e-10 3.93411e-10 1.29017e-11 2.03157e-10
13.6 1.51475e-10 3.87815e-10 1.17615e-11 1.99788e-10
13.625 1.26453e-10 3.80793e-10 1.06485e-11 1.95721e-10
13.65 1.01051e-10 3.72417e-10 9.5699e-12 1.90993e-10
13.675 7.56212e-11 3.62779e-10 8.5313e-12 1.85655e-10
13.7 5.05119e-11 3.51988e-10 7.53736e-12 1.79763e-10
13.725 2.60591e-11 3.40168e-10 6.59151e-12 1.7338e-10
13.75 2.5842e-12 3.27457e-10 5.69605e-12 1.66577e-10
13.775 -1.96108e-11 3.14007e-10 4.85217e-12 1.59429e-10
13.8 -4.02473e-11 2.99976e-10 4.05998e-12 1.52018e-10
13.825 -5.90739e-11 2.85533e-10 3.31863e-12 1.44426e-10
13.85 -7.58688e-11 2.70848e-10 2.62635e-12 1.36737e-10
13.875 -9.0443e-11 2.56096e-10 1.98057e-12 1.29039e-10
13.9 -1.02642e-10 2.41452e-10 1.37801e-12 1.21415e-10
13.925 -1.12348e-10 2.27087e-10 8.14773e-13 1.13951e-10
13.95 -1.19478e-10 2.13167e-10 2.86484e-13 1.06727e-10
13.975 -1.2399e-10 1.99851e-10 -2.11604e-13 9.98198e-11
14 -1.25877e-10 1.87288e-10 -6.84492e-13 9.3302e-11
14.025 -1.25169e-10 1.75617e-10 -1.13732e-12 8.72396e-11
14.05 -1.21931e-10 1.6496e-10 -1.57524e-12 8.16924e-11
14.075 -1.16263e-10 1.55428e-10 -2.00331e-12 7.67122e-11
14.1 -1.08297e-10 1.47113e-10 -2.42643e-12 7.23431e-11
14.125 -9.81924e-11 1.4009e-10 -2.84915e-12 6.86203e-11
14.15 -8.61366e-11 1.34416e-10 -3.27567e-12 6.55701e-11
14.175 -7.23401e-11 1.30129e-10 -3.70972e-12 6.32096e-11
14.2 -5.70331e-11 1.27247e-10 -4.1545e-12 6.15465e-11
14.225 -4.04623e-11 1.25771e-10 -4.61262e-12 6.05791e-11
14.25 -2.2887e-11 1.25679e-10 -5.08605e-12 6.02966e-11
14.275 -4.57524e-12 1.26935e-10 -5.57609e-12 6.06792e-11
14.3 1.41999e-11 1.29481e-10 -6.08336e-12 6.16988e-11
14.325 3.31644e-11 1.33246e-10 -6.60778e-12 6.33189e-11
14.35 5.20468e-11 1.38141e-10 -7.14856e-12 6.54961e-11
14.375 7.05818e-11 1.44064e-10 -7.70427e-12 6.818e-11
14.4 8.8514e-11 1.50902e-10 -8.27279e-12 7.13145e-11
14.425 1.05601e-10 1.58528e-10 -8.85143e-12 7.48383e-11
14.45 1.21617e-10 1.66809e-10 -9.43692e-12 7.86862e-11
14.475 1.36353e-10 1.75605e-10 -1.00255e-11 8.27897e-11
14.5 1.49624e-10 1.84769e-10 -1.06129e-11 8.70783e-11
14.525 1.61266e-10 1.94155e-10 -1.11946e-11 9.14801e-11
14.55 1.71141e-10 2.03612e-10 -1.17658e-11 9.59232e-11
14.575 1.79136e-10 2.12994e-10 -1.23213e-11 1.00336e-10
14.6 1.85168e-10 2.22157e-10 -1.28559e-11 1.0465e-10
14.625 1.89178e-10 2.30961e-10 -1.33646e-11 1.08798e-10
14.65 1.91137e-10 2.39276e-10 -1.3842e-11 1.12717e-10
14.675 1.91045e-10 2.46979e-10 -1.42831e-11 1.16348e-10
14.7 1.88927e-10 2.53956e-10 -1.46831e-11 1.19636e-10
14.725 1.84835e-10 2.60107e-10 -1.50374e-11 1.22535e-10
14.75 1.78847e-10 2.65344e-10 -1.5342e-11 1.25001e-10
14.775 1.71064e-10 2.69592e-10 -1.55931e-11 1.27e-10
14.8 1.61609e-10 2.72792e-10 -1.57874e-11 1.28502e-10
14.825 1.50625e-10 2.74899e-10 -1.59223e-11 1.29488e-10
14.85 1.38272e-10 2.75884e-10 -1.59958e-11 1.29944e-10
14.875 1.24726e-10 2.75734e-10 -1.60063e-11 1.29864e-10
14.9 1.10175e-10 2.74449e-10 -1.59532e-11 1.29248e-10
14.925 9.48183e-11 2.72049e-10 -1.58364e-11 1.28106e-10
14.95 7.88611e-11 2.68565e-10 -1.56564e-11 1.26454e-10
14.975 6.25141e-11 2.64043e-10 -1.54148e-11 1.24314e-10
15 4.59897e-11 2.58543e-10 -1.51133e-11 1.21715e-10
15.025 2.94993e-11 2.52137e-10 -1.47548e-11 1.18691e-10
15.05 1.3251e-11 2.44908e-10 -1.43425e-11 1.15283e-10
15.075 -2.55306e-12 2.3695e-10 -1.38805e-11 1.11535e-10
15.1 -1.77191e-11 2.28363e-10 -1.33732e-11 1.07495e-10
15.125 -3.20638e-11 2.19258e-10 -1.28257e-11 1.03216e-10
15.15 -4.54168e-11 2.09748e-10 -1.22435e-11 9.87525e-11
15.175 -5.76219e-11 1.99953e-10 -1.16324e-11 9.41602e-11
15.2 -6.85392e-11 1.89992e-10 -1.09987e-11 8.94966e-11
15.225 -7.80463e-11 1.79988e-10 -1.03489e-11 8.48194e-11
15.25 -8.60393e-11 1.70061e-10 -9.68976e-12 8.01859e-11
15.275 -9.24343e-11 1.60332e-10 -9.02799e-12 7.56519e-11
15.3 -9.71673e-11 1.50914e-10 -8.37048e-12 7.12718e-11
15.325 -1.00195e-10 1.41918e-10 -7.72405e-12 6.70971e-11
15.35 -1.01495e-10 1.33448e-10 -7.0954e-12 6.31762e-11
15.375 -1.01066e-10 1.25599e-10 -6.49107e-12 5.95538e-11
15.4 -9.89263e-11 1.18458e-10 -5.91732e-12 5.62705e-11
15.425 -9.51143e-11 1.12104e-10 -5.38009e-12 5.3362e-11
15.45 -8.96877e-11 1.06603e-10 -4.88496e-12 5.0859e-11
15.475 -8.27219e-11 1.02011e-10 -4.43704e-12 4.87868e-11
15.5 -7.43094e-11 9.83715e-11 -4.04095e-12 4.71653e-11
15.525 -6.4558e-11 9.57172e-11 -3.70076e-12 4.60082e-11
15.55 -5.35897e-11 9.40676e-11 -3.41997e-12 4.53238e-11
15.575 -4.15387e-11 9.34298e-11 -3.20143e-12 4.51142e-11
15.6 -2.85503e-11 9.37987e-11 -3.04738e-12 4.53757e-11
15.625 -1.47782e-11 9.51572e-11 -2.95935e-12 4.60989e-11
15.65 -3.83523e-13 9.74764e-11 -2.93821e-12 4.72691e-11
15.675 1.44676e-11 1.00716e-10 -2.98414e-12 4.88661e-11
15.7 2.96058e-11 1.04826e-10 -3.09663e-12 5.08648e-11
15.725 4.48605e-11 1.09746e-10 -3.27449e-12 5.32356e-11
15.75 6.00614e-11 1.15405e-10 -3.51587e-12 5.59448e-11
15.775 7.50409e-11 1.21728e-10 -3.81827e-12 5.89547e-11
15.8 8.96354e-11 1.28628e-10 -4.17859e-12 6.22248e-11
15.825 1.03687e-10 1.36017e-10 -4.59314e-12 6.57118e-11
15.85 1.17046e-10 1.43798e-10 -5.05768e-12 6.93701e-11
15.875 1.29571e-10 1.51873e-10 -5.56749e-12 7.31527e-11
15.9 1.4113e-10 1.60141e-10 -6.11739e-12 7.70116e-11
15.925 1.51604e-10 1.68499e-10 -6.7018e-12 8.08985e-11
15.95 1.60887e-10 1.76845e-10 -7.31481e-12 8.4765e-11
15.975 1.68884e-10 1.85078e-10 -7.95022e-12 8.85638e-11
16 1.75517e-10 1.93099e-10 -8.6016e-12 9.22485e-11
16.025 1.80721e-10 2.00812e-10 -9.26235e-12 9.57748e-11
16.05 1.84447e-10 2.08127e-10 -9.92578e-12 9.91004e-11
16.075 1.86663e-10 2.14958e-10 -1.05851e-11 1.02186e-10
16.1 1.8735e-10 2.21226e-10 -1.12337e-11 1.04996e-10
16.125 1.86507e-10 2.26859e-10 -1.18648e-11 1.07497e-10
16.15 1.84147e-10 2.31793e-10 -1.2472e-11 1.09661e-10
16.175 1.80299e-10 2.35974e-10 -1.30489e-11 1.11463e-10
16.2 1.75007e-10 2.39355e-10 -1.35895e-11 1.12883e-10
16.225 1.68329e-10 2.419e-10 -1.40879e-11 1.13906e-10
16.25 1.60336e-10 2.43582e-10 -1.45387e-11 1.14522e-10
16.275 1.51111e-10 2.44385e-10 -1.49368e-11 1.14724e-10
16.3 1.4075e-10 2.44303e-10 -1.52776e-11 1.14513e-10
16.325 1.2936e-10 2.43341e-10 -1.55569e-11 1.13892e-10
16.35 1.17056e-10 2.41512e-10 -1.57708e-11 1.12871e-10
16.375 1.03962e-10 2.38842e-10 -1.59164e-11 1.11463e-10
16.4 9.02101e-11 2.35366e-10 -1.59907e-11 1.09687e-10
16.425 7.59369e-11 2.31125e-10 -1.59917e-11 1.07567e-10
16.45 6.12849e-11 2.26174e-10 -1.59178e-11 1.05128e-10
16.475 4.63998e-11 2.20574e-10 -1.57679e-11 1.02403e-10
16.5 3.14292e-11 2.14392e-10 -1.55415e-11 9.94252e-11
16.525 1.65219e-11 2.07705e-10 -1.52387e-11 9.62333e-11
16.55 1.82624e-12 2.00595e-10 -1.486e-11 9.28677e-11
16.575 -1.25108e-11 1.9315e-10 -1.44066e-11 8.93718e-11
16.6 -2.63452e-11 1.85462e-10 -1.38801e-11 8.5791e-11
16.625 -3.95365e-11 1.77627e-10 -1.32827e-11 8.21722e-11
16.65 -5.19492e-11 1.69745e-10 -1.26169e-11 7.85638e-11
16.675 -6.34538e-11 1.61916e-10 -1.18857e-11 7.5015e-11
16.7 -7.39275e-11 1.54243e-10 -1.10927e-11 7.15751e-11
16.725 -8.32549e-11 1.46829e-10 -1.02416e-11 6.82937e-11
16.75 -9.13294e-11 1.39776e-10 -9.33656e-12 6.52197e-11
16.775 -9.80532e-11 1.33185e-10 -8.38212e-12 6.24013e-11
16.8 -1.03338e-10 1.27153e-10 -7.383e-12 5.98852e-11
16.825 -1.07107e-10 1.21777e-10 -6.34418e-12 5.77165e-11
16.85 -1.09291e-10 1.17148e-10 -5.27083e-12 5.59385e-11
16.875 -1.09834e-10 1.13352e-10 -4.16828e-12 5.45917e-11
16.9 -1.08692e-10 1.10471e-10 -3.04197e-12 5.37144e-11
16.925 -1.05829e-10 1.0858e-10 -1.89741e-12 5.33415e-11
16.95 -1.01224e-10 1.0775e-10 -7.40166e-13 5.35049e-11
16.975 -9.48629e-11 1.08042e-10 4.24219e-13 5.42329e-11
17 -8.67466e-11 1.09511e-10 1.59023e-12 5.55504e-11
17.025 -7.68849e-11 1.12204e-10 2.75241e-12 5.74782e-11
17.05 -6.52989e-11 1.16161e-10 3.90544e-12 6.00333e-11
17.075 -5.20195e-11 1.21413e-10 5.04411e-12 6.32285e-11
17.1 -3.70878e-11 1.27982e-10 6.16339e-12 6.70727e-11
17.125 -2.05543e-11 1.35883e-10 7.25845e-12 7.15705e-11
17.15 -2.47832e-12 1.4512e-10 8.32466e-12 7.67223e-11
17.175 1.70725e-11 1.55692e-10 9.35766e-12 8.25246e-11
17.2 3.80229e-11 1.67586e-10 1.03533e-11 8.89697e-11
17.225 6.02902e-11 1.80784e-10 1.13079e-11 9.60458e-11
17.25 8.37856e-11 1.95257e-10 1.22177e-11 1.03738e-10
17.275 1.08414e-10 2.10972e-10 1.30796e-11 1.12026e-10
17.3 1.34077e-10 2.27884e-10 1.38907e-11 1.20887e-10
17.325 1.60669e-10 2.45944e-10 1.46485e-11 1.30296e-10
17.35 1.88084e-10 2.65096e-10 1.53506e-11 1.40223e-10
17.375 2.1621e-10 2.85277e-10 1.59952e-11 1.50636e-10
17.4 2.44935e-10 3.06419e-10 1.65807e-11 1.615e-10
17.425 2.74146e-10 3.28448e-10 1.71059e-11 1.72777e-10
17.45 3.03726e-10 3.51286e-10 1.75698e-11 1.84428e-10
17.475 3.33561e-10 3.7485e-10 1.7972e-11 1.96411e-10
17.5 3.63537e-10 3.99055e-10 1.83121e-11 2.08684e-10
17.525 3.9354e-10 4.23811e-10 1.85902e-11 2.21201e-10
17.55 4.23459e-10 4.49027e-10 1.88067e-11 2.33917e-10
17.575 4.53184e-10 4.74609e-10 1.89622e-11 2.46786e-10
17.6 4.82609e-10 5.00463e-10 1.90575e-11 2.5976e-10
17.625 5.11631e-10 5.26492e-10 1.9094e-11 2.72793e-10
17.65 5.40151e-10 5.52601e-10 1.90729e-11 2.85837e-10
17.675 5.68074e-10 5.78694e-10 1.89958e-11 2.98845e-10
17.7 5.95308e-10 6.04677e-10 1.88648e-11 3.11771e-10
17.725 6.21769e-10 6.30457e-10 1.86817e-11 3.24569e-10
17.75 6.47375e-10 6.55941e-10 1.84487e-11 3.37195e-10
17.775 6.72052e-10 6.81041e-10 1.81683e-11 3.49605e-10
17.8 6.9573e-10 7.0567e-10 1.78429e-11 3.61756e-10
17.825 7.18346e-10 7.29744e-10 1.7475e-11 3.73609e-10
17.85 7.3984e-10 7.53183e-10 1.70675e-11 3.85125e-10
17.875 7.60162e-10 7.75912e-10 1.6623e-11 3.96268e-10
17.9 7.79266e-10 7.97857e-10 1.61445e-11 4.07001e-10
17.925 7.97112e-10 8.18952e-10 1.56347e-11 4.17293e-10
17.95 8.13666e-10 8.39131e-10 1.50966e-11 4.27114e-10
17.975 8.289e-10 8.58337e-10 1.45332e-11 4.36435e-10
18 8.42792e-10 8.76517e-10 1.39472e-11 4.45232e-10
18.025 8.55327e-10 8.9362e-10 1.33417e-11 4.53481e-10
18.05 8.66493e-10 9.09605e-10 1.27195e-11 4.61162e-10
18.075 8.76286e-10 9.24431e-10 1.20834e-11 4.68257e-10
18.1 8.84706e-10 9.38067e-10 1.14361e-11 4.74752e-10
18.125 8.91758e-10 9.50484e-10 1.07804e-11 4.80632e-10
18.15 8.97452e-10 9.6166e-10 1.01188e-11 4.85889e-10
18.175 9.01803e-10 9.71576e-10 9.45399e-12 4.90515e-10
18.2 9.0483e-10 9.80221e-10 8.78825e-12 4.94505e-10
18.225 9.06556e-10 9.87587e-10 8.12393e-12 4.97855e-10
18.25 9.07009e-10 9.9367e-10 7.46326e-12 5.00567e-10
18.275 9.06218e-10 9.98474e-10 6.80834e-12 5.02641e-10
18.3 9.04218e-10 1.002e-09 6.16113e-12 5.04083e-10
18.325 9.01046e-10 1.00427e-09 5.5235e-12 5.04898e-10
18.35 8.96742e-10 1.00529e-09 4.89716e-12 5.05095e-10
18.375 8.91346e-10 1.00509e-09 4.28372e-12 5.04684e-10
18.4 8.84904e-10 1.00367e-09 3.68465e-12 5.03678e-10
18.425 8.77461e-10 1.00108e-09 3.10129e-12 5.02089e-10
18.45 8.69064e-10 9.97331e-10 2.53485e-12 4.99933e-10
18.475 8.59764e-10 9.92468e-10 1.98642e-12 4.97227e-10
18.5 8.49608e-10 9.86522e-10 1.45695e-12 4.93989e-10
18.525 8.38649e-10 9.7953e-10 9.47278e-13 4.90239e-10
18.55 8.26938e-10 9.71532e-10 4.58118e-13 4.85995e-10
18.575 8.14525e-10 9.6257e-10 -9.93442e-15 4.8128e-10
18.6 8.01463e-10 9.52688e-10 -4.56397e-13 4.76116e-10
18.625 7.87803e-10 9.4193e-10 -8.80897e-13 4.70525e-10
18.65 7.73596e-10 9.30344e-10 -1.28317e-12 4.6453e-10
18.675 7.58894e-10 9.17975e-10 -1.66304e-12 4.58156e-10
18.7 7.43745e-10 9.04872e-10 -2.02046e-12 4.51426e-10
18.725 7.282e-10 8.91085e-10 -2.35542e-12 4.44365e-10
18.75 7.12307e-10 8.76661e-10 -2.66805e-12 4.36996e-10
18.775 6.96112e-10 8.6165e-10 -2.95852e-12 4.29346e-10
18.8 6.79662e-10 8.46101e-10 -3.22709e-12 4.21437e-10
18.825 6.63001e-10 8.30063e-10 -3.4741e-12 4.13294e-10
18.85 6.46172e-10 8.13583e-10 -3.69993e-12 4.04942e-10
18.875 6.29217e-10 7.96711e-10 -3.90503e-12 3.96403e-10
18.9 6.12176e-10 7.79492e-10 -4.08991e-12 3.87701e-10
18.925 5.95086e-10 7.61974e-10 -4.25511e-12 3.78859e-10
18.95 5.77985e-10 7.442e-10 -4.40122e-12 3.69899e-10
18.975 5.60907e-10 7.26215e-10 -4.52886e-12 3.60843e-10
19 5.43886e-10 7.08062e-10 -4.63871e-12 3.51712e-10
19.025 5.26952e-10 6.89782e-10 -4.73143e-12 3.42525e-10
19.05 5.10135e-10 6.71415e-10 -4.80774e-12 3.33304e-10
19.075 4.93461e-10 6.53e-10 -4.86836e-12 3.24066e-10
19.1 4.76958e-10 6.34573e-10 -4.91402e-12 3.14829e-10
19.125 4.60649e-10 6.16169e-10 -4.94548e-12 3.05612e-10
19.15 4.44556e-10 5.97822e-10 -4.96348e-12 2.96429e-10
19.175 4.28698e-10 5.79565e-10 -4.96878e-12 2.87298e-10
19.2 4.13096e-10 5.61426e-10 -4.96213e-12 2.78232e-10
19.225 3.97765e-10 5.43434e-10 -4.94428e-12 2.69245e-10
19.25 3.82721e-10 5.25617e-10 -4.91597e-12 2.6035e-10
19.275 3.67978e-10 5.07998e-10 -4.87792e-12 2.5156e-10
19.3 3.53547e-10 4.90602e-10 -4.83087e-12 2.42885e-10
19.325 3.39439e-10 4.73449e-10 -4.77551e-12 2.34337e-10
19.35 3.25664e-10 4.56558e-10 -4.71253e-12 2.25923e-10
19.375 3.12229e-10 4.3995e-10 -4.64259e-12 2.17653e-10
19.4 2.99139e-10 4.23638e-10 -4.56635e-12 2.09536e-10
19.425 2.86402e-10 4.07639e-10 -4.48444e-12 2.01577e-10
19.45 2.74019e-10 3.91965e-10 -4.39746e-12 1.93784e-10
19.475 2.61995e-10 3.76628e-10 -4.306e-12 1.86161e-10
19.5 2.5033e-10 3.61638e-10 -4.2106e-12 1.78714e-10
19.525 2.39026e-10 3.47004e-10 -4.11182e-12 1.71446e-10
19.55 2.28081e-10 3.32733e-10 -4.01015e-12 1.64361e-10
19.575 2.17496e-10 3.18832e-10 -3.90608e-12 1.57463e-10
19.6 2.07267e-10 3.05305e-10 -3.80007e-12 1.50752e-10
19.625 1.97393e-10 2.92155e-10 -3.69255e-12 1.44231e-10
19.65 1.87869e-10 2.79386e-10 -3.58394e-12 1.37901e-10
19.675 1.78691e-10 2.66998e-10 -3.4746e-12 1.31762e-10
19.7 1.69855e-10 2.54992e-10 -3.36491e-12 1.25813e-10
19.725 1.61355e-10 2.43367e-10 -3.2552e-12 1.20056e-10
19.75 1.53185e-10 2.32122e-10 -3.14577e-12 1.14488e-10
19.775 1.4534e-10 2.21255e-10 -3.03691e-12 1.09109e-10
19.8 1.37813e-10 2.10762e-10 -2.92889e-12 1.03917e-10
19.825 1.30596e-10 2.0064e-10 -2.82194e-12 9.89092e-11
19.85 1.23683e-10 1.90884e-10 -2.71629e-12 9.4084e-11
19.875 1.17066e-10 1.81489e-10 -2.61213e-12 8.94386e-11
19.9 1.10737e-10 1.7245e-10 -2.50965e-12 8.49702e-11
19.925 1.04689e-10 1.6376e-10 -2.40901e-12 8.06755e-11
19.95 9.89129e-11 1.55413e-10 -2.31034e-12 7.65512e-11
19.975 9.34014e-11 1.47401e-10 -2.21378e-12 7.25938e-11
20 8.81461e-11 1.39719e-10 -2.11942e-12 6.87997e-11
