0 0.142231 0.152143 -0.0483048 0.0519193
0.025 0.142231 0.152143 -0.0483048 0.0519193
0.05 0.142229 0.152142 -0.0482676 0.0519374
0.075 0.142227 0.152141 -0.0482057 0.0519675
0.1 0.142223 0.152138 -0.0481193 0.0520096
0.125 0.142219 0.152136 -0.0480085 0.0520636
0.15 0.142214 0.152132 -0.0478738 0.0521293
0.175 0.142209 0.152129 -0.0477155 0.0522066
0.2 0.142202 0.152125 -0.047534 0.0522953
0.225 0.142196 0.15212 -0.0473298 0.0523953
0.25 0.142189 0.152116 -0.0471034 0.0525063
0.275 0.142182 0.152112 -0.0468555 0.0526281
0.3 0.142175 0.152108 -0.0465867 0.0527605
0.325 0.142168 0.152104 -0.0462978 0.0529031
0.35 0.142162 0.152101 -0.0459896 0.0530556
0.375 0.142156 0.152098 -0.0456628 0.0532177
0.4 0.142151 0.152097 -0.0453183 0.0533891
0.425 0.142147 0.152096 -0.0449571 0.0535694
0.45 0.142145 0.152096 -0.0445801 0.0537581
0.475 0.142143 0.152098 -0.0441883 0.053955
0.5 0.142144 0.152102 -0.0437826 0.0541595
0.525 0.142146 0.152107 -0.0433643 0.0543711
0.55 0.14215 0.152114 -0.0429344 0.0545896
0.575 0.142157 0.152122 -0.0424939 0.0548143
0.6 0.142165 0.152134 -0.042044 0.0550448
0.625 0.142177 0.152147 -0.0415858 0.0552806
0.65 0.142191 0.152163 -0.0411206 0.0555211
0.675 0.142208 0.152181 -0.0406495 0.0557659
0.7 0.142228 0.152202 -0.0401735 0.0560143
0.725 0.142251 0.152226 -0.0396941 0.056266
0.75 0.142277 0.152253 -0.0392122 0.0565203
0.775 0.142307 0.152282 -0.038729 0.0567766
0.8 0.14234 0.152315 -0.0382458 0.0570344
0.825 0.142377 0.15235 -0.0377637 0.0572932
0.85 0.142417 0.152388 -0.0372838 0.0575524
0.875 0.14246 0.15243 -0.0368071 0.0578114
0.9 0.142507 0.152474 -0.0363349 0.0580696
0.925 0.142558 0.152521 -0.0358681 0.0583266
0.95 0.142612 0.152571 -0.0354079 0.0585817
0.975 0.142669 0.152624 -0.0349551 0.0588345
1 0.142729 0.152679 -0.0345108 0.0590843
1.025 0.142792 0.152737 -0.0340758 0.0593307
1.05 0.142858 0.152797 -0.0336512 0.0595731
1.075 0.142927 0.15286 -0.0332377 0.059811
1.1 0.142998 0.152924 -0.0328361 0.0600439
1.125 0.143072 0.15299 -0.0324472 0.0602715
1.15 0.143148 0.153058 -0.0320717 0.0604931
1.175 0.143225 0.153127 -0.0317102 0.0607083
1.2 0.143304 0.153197 -0.0313634 0.0609168
1.225 0.143384 0.153268 -0.0310318 0.0611181
1.25 0.143466 0.15334 -0.0307159 0.0613119
1.275 0.143547 0.153411 -0.0304161 0.0614977
1.3 0.143629 0.153483 -0.0301329 0.0616753
1.325 0.143712 0.153555 -0.0298665 0.0618443
1.35 0.143793 0.153626 -0.0296173 0.0620044
1.375 0.143874 0.153696 -0.0293854 0.0621555
1.4 0.143954 0.153765 -0.029171 0.0622972
1.425 0.144033 0.153833 -0.0289743 0.0624294
1.45 0.144109 0.153899 -0.0287951 0.0625518
1.475 0.144184 0.153963 -0.0286336 0.0626645
1.5 0.144256 0.154024 -0.0284896 0.0627672
1.525 0.144325 0.154083 -0.0283631 0.0628598
1.55 0.144391 0.154139 -0.0282538 0.0629424
1.575 0.144454 0.154191 -0.0281616 0.0630149
1.6 0.144512 0.154241 -0.028086 0.0630773
1.625 0.144567 0.154286 -0.0280269 0.0631297
1.65 0.144618 0.154328 -0.0279838 0.0631721
1.675 0.144663 0.154366 -0.0279562 0.0632048
1.7 0.144704 0.154399 -0.0279437 0.0632277
1.725 0.14474 0.154428 -0.0279459 0.0632412
1.75 0.144771 0.154453 -0.027962 0.0632454
1.775 0.144796 0.154473 -0.0279916 0.0632406
1.8 0.144815 0.154488 -0.0280339 0.063227
1.825 0.144829 0.154498 -0.0280884 0.063205
1.85 0.144837 0.154504 -0.0281543 0.0631748
1.875 0.144839 0.154505 -0.0282308 0.0631369
1.9 0.144836 0.154501 -0.0283173 0.0630916
1.925 0.144826 0.154492 -0.028413 0.0630393
1.95 0.144811 0.154478 -0.028517 0.0629806
1.975 0.14479 0.15446 -0.0286286 0.0629157
2 0.144764 0.154437 -0.0287469 0.0628453
2.025 0.144732 0.154411 -0.0288711 0.0627698
2.05 0.144694 0.15438 -0.0290003 0.0626897
2.075 0.144652 0.154345 -0.0291336 0.0626056
2.1 0.144605 0.154306 -0.0292703 0.062518
2.125 0.144553 0.154265 -0.0294095 0.0624276
2.15 0.144497 0.15422 -0.0295503 0.0623348
2.175 0.144438 0.154172 -0.0296919 0.0622403
2.2 0.144374 0.154123 -0.0298334 0.0621446
2.225 0.144308 0.154071 -0.0299741 0.0620484
2.25 0.144239 0.154018 -0.030113 0.0619522
2.275 0.144168 0.153963 -0.0302495 0.0618568
2.3 0.144095 0.153908 -0.0303828 0.0617625
2.325 0.144021 0.153852 -0.030512 0.0616702
2.35 0.143947 0.153797 -0.0306366 0.0615804
2.375 0.143872 0.153743 -0.0307557 0.0614936
2.4 0.143798 0.15369 -0.0308688 0.0614104
2.425 0.143725 0.153638 -0.0309752 0.0613315
2.45 0.143654 0.153589 -0.0310743 0.0612574
2.475 0.143585 0.153543 -0.0311656 0.0611886
2.5 0.143519 0.1535 -0.0312484 0.0611256
2.525 0.143456 0.153461 -0.0313225 0.061069
2.55 0.143398 0.153426 -0.0313872 0.0610193
2.575 0.143345 0.153396 -0.0314422 0.0609768
2.6 0.143297 0.153371 -0.0314871 0.0609422
2.625 0.143256 0.153353 -0.0315217 0.0609156
2.65 0.143221 0.153341 -0.0315456 0.0608977
2.675 0.143194 0.153336 -0.0315586 0.0608886
2.7 0.143175 0.153338 -0.0315605 0.0608888
2.725 0.143164 0.153348 -0.0315513 0.0608985
2.75 0.143162 0.153367 -0.0315307 0.060918
2.775 0.143171 0.153394 -0.0314988 0.0609475
2.8 0.143189 0.15343 -0.0314555 0.0609873
2.825 0.143218 0.153476 -0.0314009 0.0610374
2.85 0.143258 0.153531 -0.031335 0.061098
2.875 0.14331 0.153596 -0.031258 0.0611692
2.9 0.143374 0.153672 -0.0311701 0.061251
2.925 0.14345 0.153758 -0.0310714 0.0613434
2.95 0.143539 0.153855 -0.0309622 0.0614464
2.975 0.143641 0.153963 -0.0308428 0.0615599
3 0.143756 0.154081 -0.0307134 0.0616838
3.025 0.143884 0.15421 -0.0305745 0.0618179
3.05 0.144025 0.15435 -0.0304264 0.0619621
3.075 0.14418 0.154502 -0.0302694 0.062116
3.1 0.144349 0.154663 -0.0301042 0.0622796
3.125 0.14453 0.154836 -0.029931 0.0624523
3.15 0.144725 0.155018 -0.0297505 0.0626339
3.175 0.144933 0.155211 -0.029563 0.062824
3.2 0.145153 0.155414 -0.0293692 0.0630222
3.225 0.145386 0.155625 -0.0291694 0.0632279
3.25 0.145631 0.155846 -0.0289644 0.0634408
3.275 0.145887 0.156075 -0.0287547 0.0636603
3.3 0.146155 0.156312 -0.0285408 0.0638858
3.325 0.146433 0.156557 -0.0283232 0.0641167
3.35 0.146721 0.156807 -0.0281026 0.0643524
3.375 0.147018 0.157064 -0.0278796 0.0645923
3.4 0.147323 0.157326 -0.0276546 0.0648357
3.425 0.147636 0.157592 -0.0274283 0.0650818
3.45 0.147955 0.157861 -0.0272013 0.06533
3.475 0.14828 0.158133 -0.026974 0.0655795
3.5 0.14861 0.158406 -0.026747 0.0658296
3.525 0.148943 0.158679 -0.0265208 0.0660793
3.55 0.149278 0.158952 -0.0262959 0.0663281
3.575 0.149614 0.159223 -0.0260728 0.066575
3.6 0.14995 0.15949 -0.025852 0.0668191
3.625 0.150285 0.159753 -0.0256339 0.0670598
3.65 0.150616 0.160011 -0.0254188 0.067296
3.675 0.150943 0.160261 -0.0252073 0.067527
3.7 0.151265 0.160503 -0.0249996 0.0677519
3.725 0.151579 0.160736 -0.0247961 0.0679698
3.75 0.151884 0.160957 -0.024597 0.0681799
3.775 0.152179 0.161165 -0.0244027 0.0683813
3.8 0.152462 0.16136 -0.0242134 0.0685732
3.825 0.152731 0.161539 -0.0240292 0.0687546
3.85 0.152985 0.1617 -0.0238505 0.0689249
3.875 0.153222 0.161843 -0.0236772 0.069083
3.9 0.15344 0.161966 -0.0235095 0.0692283
3.925 0.153639 0.162067 -0.0233475 0.0693598
3.95 0.153815 0.162145 -0.0231913 0.0694769
3.975 0.153967 0.162198 -0.0230408 0.0695787
4 0.154095 0.162225 -0.022896 0.0696645
4.025 0.154195 0.162224 -0.0227568 0.0697336
4.05 0.154267 0.162194 -0.0226233 0.0697852
4.075 0.154309 0.162133 -0.0224952 0.0698188
4.1 0.154319 0.162039 -0.0223725 0.0698335
4.125 0.154296 0.161913 -0.0222549 0.0698289
4.15 0.154238 0.161751 -0.0221423 0.0698042
4.175 0.154144 0.161553 -0.0220345 0.0697591
4.2 0.154012 0.161317 -0.0219311 0.0696928
4.225 0.153841 0.161042 -0.0218321 0.069605
4.25 0.15363 0.160727 -0.021737 0.0694952
4.275 0.153378 0.160371 -0.0216456 0.0693629
4.3 0.153083 0.159973 -0.0215576 0.0692079
4.325 0.152744 0.159532 -0.0214727 0.0690297
4.35 0.15236 0.159046 -0.0213904 0.068828
4.375 0.151931 0.158516 -0.0213105 0.0686026
4.4 0.151455 0.157939 -0.0212327 0.0683533
4.425 0.150932 0.157316 -0.0211565 0.0680799
4.45 0.150361 0.156646 -0.0210816 0.0677823
4.475 0.149742 0.155928 -0.0210075 0.0674604
4.5 0.149073 0.155162 -0.0209341 0.0671141
4.525 0.148355 0.154348 -0.0208608 0.0667435
4.55 0.147587 0.153485 -0.0207873 0.0663486
4.575 0.146769 0.152572 -0.0207133 0.0659295
4.6 0.145901 0.151611 -0.0206384 0.0654863
4.625 0.144983 0.150601 -0.0205622 0.0650193
4.65 0.144015 0.149542 -0.0204845 0.0645285
4.675 0.142997 0.148434 -0.0204048 0.0640144
4.7 0.14193 0.147277 -0.020323 0.0634772
4.725 0.140814 0.146073 -0.0202386 0.0629172
4.75 0.139649 0.144821 -0.0201514 0.0623349
4.775 0.138437 0.143523 -0.0200611 0.0617307
4.8 0.137177 0.142178 -0.0199675 0.0611051
4.825 0.13587 0.140787 -0.0198704 0.0604585
4.85 0.134519 0.139353 -0.0197695 0.0597916
4.875 0.133122 0.137874 -0.0196645 0.0591049
4.9 0.131683 0.136353 -0.0195555 0.058399
4.925 0.130201 0.134791 -0.0194421 0.0576746
4.95 0.128678 0.133189 -0.0193243 0.0569324
4.975 0.127115 0.131548 -0.0192019 0.056173
5 0.125514 0.129869 -0.0190748 0.0553973
5.025 0.123877 0.128155 -0.018943 0.0546059
5.05 0.122204 0.126406 -0.0188063 0.0537998
5.075 0.120498 0.124624 -0.0186648 0.0529796
5.1 0.11876 0.122811 -0.0185185 0.0521463
5.125 0.116991 0.120968 -0.0183672 0.0513006
5.15 0.115195 0.119098 -0.0182111 0.0504436
5.175 0.113371 0.117202 -0.0180502 0.0495759
5.2 0.111524 0.115282 -0.0178845 0.0486987
5.225 0.109653 0.113339 -0.0177141 0.0478126
5.25 0.107762 0.111377 -0.0175391 0.0469188
5.275 0.105851 0.109396 -0.0173595 0.046018
5.3 0.103924 0.107398 -0.0171756 0.0451113
5.325 0.101982 0.105386 -0.0169873 0.0441995
5.35 0.100027 0.103362 -0.016795 0.0432836
5.375 0.0980616 0.101328 -0.0165986 0.0423645
5.4 0.0960871 0.0992848 -0.0163984 0.0414432
5.425 0.0941057 0.0972355 -0.0161946 0.0405205
5.45 0.0921195 0.0951818 -0.0159873 0.0395973
5.475 0.0901305 0.0931258 -0.0157767 0.0386746
5.5 0.0881406 0.0910693 -0.015563 0.0377532
5.525 0.0861517 0.0890144 -0.0153464 0.036834
5.55 0.0841657 0.0869628 -0.0151271 0.0359179
5.575 0.0821845 0.0849165 -0.0149053 0.0350056
5.6 0.08021 0.0828774 -0.0146813 0.0340981
5.625 0.0782439 0.0808473 -0.0144552 0.033196
5.65 0.076288 0.0788278 -0.0142273 0.0323002
5.675 0.074344 0.0768207 -0.0139978 0.0314115
5.7 0.0724134 0.0748278 -0.0137668 0.0305305
5.725 0.070498 0.0728505 -0.0135347 0.0296579
5.75 0.0685992 0.0708905 -0.0133016 0.0287944
5.775 0.0667186 0.0689492 -0.0130677 0.0279407
5.8 0.0648574 0.0670281 -0.0128333 0.0270974
5.825 0.0630171 0.0651285 -0.0125986 0.026265
5.85 0.061199 0.0632518 -0.0123636 0.0254441
5.875 0.0594042 0.0613991 -0.0121288 0.0246352
5.9 0.057634 0.0595717 -0.0118941 0.0238388
5.925 0.0558893 0.0577707 -0.01166 0.0230554
5.95 0.0541712 0.055997 -0.0114264 0.0222853
5.975 0.0524806 0.0542517 -0.0111936 0.0215291
6 0.0508184 0.0525356 -0.0109617 0.0207869
6.025 0.0491854 0.0508495 -0.010731 0.0200592
6.05 0.0475823 0.0491942 -0.0105016 0.0193463
6.075 0.0460097 0.0475703 -0.0102736 0.0186484
6.1 0.0444683 0.0459785 -0.0100471 0.0179657
6.125 0.0429585 0.0444192 -0.00982243 0.0172984
6.15 0.0414808 0.042893 -0.00959956 0.0166467
6.175 0.0400355 0.0414002 -0.00937865 0.0160108
6.2 0.0386231 0.0399411 -0.00915983 0.0153906
6.225 0.0372436 0.0385161 -0.00894321 0.0147864
6.25 0.0358974 0.0371253 -0.00872889 0.0141982
6.275 0.0345845 0.0357688 -0.00851697 0.0136259
6.3 0.033305 0.0344467 -0.00830753 0.0130696
6.325 0.032059 0.0331591 -0.00810068 0.0125292
6.35 0.0308463 0.0319058 -0.00789648 0.0120047
6.375 0.0296668 0.0306869 -0.00769501 0.0114959
6.4 0.0285205 0.0295021 -0.00749633 0.0110029
6.425 0.0274072 0.0283513 -0.00730051 0.0105254
6.45 0.0263265 0.0272341 -0.00710761 0.0100633
6.475 0.0252783 0.0261505 -0.00691766 0.00961641
6.5 0.0242621 0.0250999 -0.00673073 0.00918459
6.525 0.0232777 0.0240821 -0.00654684 0.00876762
6.55 0.0223246 0.0230966 -0.00636604 0.00836527
6.575 0.0214025 0.022143 -0.00618836 0.00797732
6.6 0.0205107 0.0212208 -0.00601381 0.00760351
6.625 0.019649 0.0203296 -0.00584244 0.00724359
6.65 0.0188167 0.0194688 -0.00567424 0.00689727
6.675 0.0180133 0.0186378 -0.00550924 0.00656429
6.7 0.0172382 0.0178362 -0.00534745 0.00624435
6.725 0.016491 0.0170632 -0.00518887 0.00593715
6.75 0.0157709 0.0163183 -0.00503351 0.00564239
6.775 0.0150774 0.0156009 -0.00488137 0.00535974
6.8 0.0144099 0.0149103 -0.00473244 0.00508891
6.825 0.0137677 0.0142458 -0.00458672 0.00482956
6.85 0.0131502 0.0136069 -0.00444419 0.00458138
6.875 0.0125567 0.0129929 -0.00430485 0.00434403
6.9 0.0119867 0.0124031 -0.00416869 0.0041172
6.925 0.0114394 0.0118368 -0.00403567 0.00390055
6.95 0.0109143 0.0112933 -0.0039058 0.00369376
6.975 0.0104105 0.010772 -0.00377903 0.00349651
7 0.00992761 0.0102723 -0.00365536 0.00330846
7.025 0.00946485 0.00979337 -0.00353475 0.00312931
7.05 0.00902159 0.00933463 -0.00341717 0.00295873
7.075 0.00859721 0.00889542 -0.0033026 0.00279641
7.1 0.00819108 0.00847508 -0.00319101 0.00264203
7.125 0.00780257 0.00807297 -0.00308235 0.00249531
7.15 0.00743107 0.00768846 -0.0029766 0.00235593
7.175 0.00707598 0.00732092 -0.00287372 0.0022236
7.2 0.0067367 0.00696974 -0.00277368 0.00209803
7.225 0.00641264 0.00663432 -0.00267642 0.00197895
7.25 0.00610325 0.00631407 -0.00258192 0.00186608
7.275 0.00580796 0.00600841 -0.00249012 0.00175914
7.3 0.00552621 0.00571677 -0.002401 0.00165789
7.325 0.00525749 0.0054386 -0.0023145 0.00156205
7.35 0.00500126 0.00517337 -0.00223057 0.0014714
7.375 0.00475703 0.00492055 -0.00214919 0.00138568
7.4 0.00452429 0.00467963 -0.00207029 0.00130467
7.425 0.00430257 0.00445012 -0.00199383 0.00122814
7.45 0.00409141 0.00423153 -0.00191977 0.00115588
7.475 0.00389035 0.0040234 -0.00184805 0.00108767
7.5 0.00369896 0.00382527 -0.00177864 0.00102332
7.525 0.00351682 0.00363672 -0.00171147 0.000962627
7.55 0.00334351 0.00345731 -0.0016465 0.000905409
7.575 0.00317865 0.00328665 -0.00158368 0.000851484
7.6 0.00302185 0.00312433 -0.00152296 0.000800683
7.625 0.00287274 0.00296998 -0.0014643 0.000752838
7.65 0.00273098 0.00282323 -0.00140764 0.000707793
7.675 0.00259622 0.00268372 -0.00135293 0.000665396
7.7 0.00246813 0.00255113 -0.00130013 0.000625503
7.725 0.00234641 0.00242513 -0.00124918 0.000587976
7.75 0.00223075 0.0023054 -0.00120003 0.000552683
7.775 0.00212086 0.00219164 -0.00115265 0.000519499
7.8 0.00201646 0.00208358 -0.00110697 0.000488304
7.825 0.00191729 0.00198092 -0.00106295 0.000458986
7.85 0.0018231 0.00188342 -0.00102055 0.000431436
7.875 0.00173363 0.00179081 -0.000979707 0.000405552
7.9 0.00164866 0.00170286 -0.000940389 0.000381235
7.925 0.00156797 0.00161934 -0.000902545 0.000358395
7.95 0.00149134 0.00154002 -0.000866129 0.000336944
7.975 0.00141857 0.0014647 -0.000831098 0.000316799
8 0.00134946 0.00139317 -0.000797407 0.000297882
8.025 0.00128384 0.00132525 -0.000765014 0.000280119
8.05 0.00122152 0.00126076 -0.000733876 0.00026344
8.075 0.00116234 0.00119951 -0.000703951 0.00024778
8.1 0.00110614 0.00114135 -0.000675199 0.000233075
8.125 0.00105277 0.00108612 -0.00064758 0.000219268
8.15 0.00100208 0.00103366 -0.000621056 0.000206303
8.175 0.000953929 0.000983843 -0.000595587 0.000194128
8.2 0.000908198 0.000936525 -0.000571137 0.000182694
8.225 0.000864758 0.00089158 -0.000547669 0.000171956
8.25 0.00082349 0.000848886 -0.000525148 0.000161869
8.275 0.000784283 0.000808326 -0.000503539 0.000152394
8.3 0.00074703 0.000769792 -0.000482808 0.000143492
8.325 0.000711632 0.000733178 -0.000462924 0.000135127
8.35 0.000677991 0.000698385 -0.000443854 0.000127266
8.375 0.000646018 0.000665319 -0.000425566 0.000119876
8.4 0.000615625 0.000633892 -0.000408032 0.00011293
8.425 0.000586733 0.000604018 -0.000391222 0.000106398
8.45 0.000559262 0.000575618 -0.000375108 0.000100255
8.475 0.000533141 0.000548616 -0.000359663 9.44767e-05
8.5 0.000508298 0.000522939 -0.000344859 8.90401e-05
8.525 0.00048467 0.00049852 -0.000330672 8.39241e-05
8.55 0.000462192 0.000475294 -0.000317077 7.91087e-05
8.575 0.000440806 0.0004532 -0.000304049 7.45752e-05
8.6 0.000420457 0.000432179 -0.000291567 7.03062e-05
8.625 0.000401091 0.000412177 -0.000279606 6.62854e-05
8.65 0.000382657 0.000393142 -0.000268147 6.24975e-05
8.675 0.000365109 0.000375024 -0.000257167 5.89282e-05
8.7 0.000348401 0.000357777 -0.000246648 5.55643e-05
8.725 0.000332491 0.000341357 -0.00023657 5.23931e-05
8.75 0.000317338 0.000325721 -0.000226915 4.94032e-05
8.775 0.000302904 0.000310831 -0.000217663 4.65836e-05
8.8 0.000289153 0.000296648 -0.0002088 4.3924e-05
8.825 0.000276051 0.000283137 -0.000200307 4.1415e-05
8.85 0.000263565 0.000270265 -0.00019217 3.90476e-05
8.875 0.000251664 0.000257999 -0.000184372 3.68135e-05
8.9 0.00024032 0.000246309 -0.000176899 3.47049e-05
8.925 0.000229504 0.000235167 -0.000169738 3.27144e-05
8.95 0.000219191 0.000224546 -0.000162875 3.08353e-05
8.975 0.000209356 0.000214419 -0.000156297 2.90612e-05
9 0.000199975 0.000204764 -0.000149991 2.7386e-05
9.025 0.000191027 0.000195555 -0.000143947 2.58042e-05
9.05 0.000182489 0.000186772 -0.000138151 2.43103e-05
9.075 0.000174343 0.000178394 -0.000132595 2.28997e-05
9.1 0.000166569 0.000170401 -0.000127266 2.15675e-05
9.125 0.00015915 0.000162775 -0.000122156 2.03094e-05
9.15 0.000152067 0.000155497 -0.000117255 1.91214e-05
9.175 0.000145306 0.000148552 -0.000112553 1.79995e-05
9.2 0.000138851 0.000141923 -0.000108042 1.69403e-05
9.225 0.000132686 0.000135595 -0.000103715 1.59402e-05
9.25 0.0001268 0.000129554 -9.95615e-05 1.49962e-05
9.275 0.000121178 0.000123786 -9.55759e-05 1.41051e-05
9.3 0.000115808 0.000118278 -9.17503e-05 1.32641e-05
9.325 0.000110678 0.000113019 -8.80779e-05 1.24705e-05
9.35 0.000105777 0.000107996 -8.45521e-05 1.17219e-05
9.375 0.000101095 0.000103198 -8.11667e-05 1.10158e-05
9.4 9.66205e-05 9.86155e-05 -7.79156e-05 1.03499e-05
9.425 9.23451e-05 9.42376e-05 -7.47933e-05 9.72217e-06
9.45 8.82592e-05 9.00552e-05 -7.17942e-05 9.1305e-06
9.475 8.43542e-05 8.60592e-05 -6.89132e-05 8.573e-06
9.5 8.06218e-05 8.22411e-05 -6.61453e-05 8.04786e-06
9.525 7.70542e-05 7.85926e-05 -6.34859e-05 7.55335e-06
9.55 7.36439e-05 7.51061e-05 -6.09305e-05 7.08783e-06
9.575 7.03838e-05 7.17742e-05 -5.84747e-05 6.64976e-06
9.6 6.72671e-05 6.85899e-05 -5.61146e-05 6.23766e-06
9.625 6.42875e-05 6.55464e-05 -5.38462e-05 5.85013e-06
9.65 6.14387e-05 6.26375e-05 -5.16658e-05 5.48585e-06
9.675 5.8715e-05 5.98571e-05 -4.957e-05 5.14355e-06
9.7 5.61108e-05 5.71994e-05 -4.75553e-05 4.82204e-06
9.725 5.36208e-05 5.46589e-05 -4.56186e-05 4.52016e-06
9.75 5.124e-05 5.22304e-05 -4.37568e-05 4.23684e-06
9.775 4.89635e-05 4.9909e-05 -4.19669e-05 3.97104e-06
9.8 4.67868e-05 4.76898e-05 -4.02463e-05 3.72178e-06
9.825 4.47054e-05 4.55684e-05 -3.85922e-05 3.48812e-06
9.85 4.27153e-05 4.35404e-05 -3.7002e-05 3.26919e-06
9.875 4.08125e-05 4.16018e-05 -3.54735e-05 3.06413e-06
9.9 3.89931e-05 3.97485e-05 -3.40042e-05 2.87213e-06
9.925 3.72536e-05 3.79769e-05 -3.2592e-05 2.69245e-06
9.95 3.55905e-05 3.62834e-05 -3.12347e-05 2.52435e-06
9.975 3.40004e-05 3.46646e-05 -2.99303e-05 2.36714e-06
10 3.24803e-05 3.31172e-05 -2.86768e-05 2.22018e-06
10.025 3.10272e-05 3.16381e-05 -2.74724e-05 2.08283e-06
10.05 2.96381e-05 3.02243e-05 -2.63153e-05 1.95452e-06
10.075 2.83103e-05 2.88731e-05 -2.52038e-05 1.83468e-06
10.1 2.70412e-05 2.75818e-05 -2.41362e-05 1.72279e-06
10.125 2.58283e-05 2.63476e-05 -2.31109e-05 1.61835e-06
10.15 2.46691e-05 2.51683e-05 -2.21265e-05 1.52088e-06
10.175 2.35615e-05 2.40413e-05 -2.11814e-05 1.42994e-06
10.2 2.25031e-05 2.29645e-05 -2.02743e-05 1.3451e-06
10.225 2.14919e-05 2.19357e-05 -1.94038e-05 1.26597e-06
10.25 2.05259e-05 2.09528e-05 -1.85685e-05 1.19216e-06
10.275 1.96032e-05 2.00139e-05 -1.77672e-05 1.12333e-06
10.3 1.87219e-05 1.91171e-05 -1.69988e-05 1.05913e-06
10.325 1.78802e-05 1.82605e-05 -1.6262e-05 9.99267e-07
10.35 1.70764e-05 1.74424e-05 -1.55556e-05 9.43429e-07
10.375 1.6309e-05 1.66613e-05 -1.48786e-05 8.91344e-07
10.4 1.55763e-05 1.59154e-05 -1.42299e-05 8.42751e-07
10.425 1.4877e-05 1.52033e-05 -1.36085e-05 7.97407e-07
10.45 1.42095e-05 1.45236e-05 -1.30134e-05 7.55081e-07
10.475 1.35725e-05 1.38748e-05 -1.24436e-05 7.15562e-07
10.5 1.29647e-05 1.32555e-05 -1.18982e-05 6.78647e-07
10.525 1.23848e-05 1.26646e-05 -1.13763e-05 6.44152e-07
10.55 1.18316e-05 1.21008e-05 -1.0877e-05 6.11901e-07
10.575 1.13039e-05 1.15629e-05 -1.03994e-05 5.81732e-07
10.6 1.08007e-05 1.10497e-05 -9.94273e-06 5.53494e-07
10.625 1.03208e-05 1.05603e-05 -9.50619e-06 5.27045e-07
10.65 9.86335e-06 1.00935e-05 -9.089e-06 5.02255e-07
10.675 9.4272e-06 9.6484e-06 -8.6904e-06 4.79001e-07
10.7 9.01147e-06 9.224e-06 -8.30966e-06 4.57172e-07
10.725 8.61525e-06 8.8194e-06 -7.94608e-06 4.36662e-07
10.75 8.23766e-06 8.43371e-06 -7.59897e-06 4.17373e-07
10.775 7.87787e-06 8.06609e-06 -7.26766e-06 3.99216e-07
10.8 7.53508e-06 7.71572e-06 -6.95151e-06 3.82106e-07
10.825 7.2085e-06 7.38184e-06 -6.6499e-06 3.65968e-07
10.85 6.89742e-06 7.06368e-06 -6.36222e-06 3.50729e-07
10.875 6.6011e-06 6.76054e-06 -6.08789e-06 3.36324e-07
10.9 6.31887e-06 6.47172e-06 -5.82634e-06 3.22691e-07
10.925 6.05008e-06 6.19657e-06 -5.57702e-06 3.09774e-07
10.95 5.7941e-06 5.93445e-06 -5.33941e-06 2.9752e-07
10.975 5.55032e-06 5.68475e-06 -5.11299e-06 2.85882e-07
11 5.31817e-06 5.44689e-06 -4.89726e-06 2.74816e-07
11.025 5.0971e-06 5.22031e-06 -4.69176e-06 2.6428e-07
11.05 4.88656e-06 5.00448e-06 -4.49601e-06 2.54236e-07
11.075 4.68606e-06 4.79887e-06 -4.30957e-06 2.44649e-07
11.1 4.49511e-06 4.603e-06 -4.13202e-06 2.35488e-07
11.125 4.31323e-06 4.41639e-06 -3.96295e-06 2.26722e-07
11.15 4.13999e-06 4.2386e-06 -3.80195e-06 2.18324e-07
11.175 3.97496e-06 4.06918e-06 -3.64864e-06 2.10269e-07
11.2 3.81772e-06 3.90773e-06 -3.50266e-06 2.02534e-07
11.225 3.6679e-06 3.75385e-06 -3.36366e-06 1.95096e-07
11.25 3.5251e-06 3.60716e-06 -3.23129e-06 1.87937e-07
11.275 3.38899e-06 3.46731e-06 -3.10523e-06 1.81037e-07
11.3 3.25921e-06 3.33394e-06 -2.98517e-06 1.7438e-07
11.325 3.13545e-06 3.20672e-06 -2.87082e-06 1.67951e-07
11.35 3.0174e-06 3.08535e-06 -2.76188e-06 1.61736e-07
11.375 2.90476e-06 2.96953e-06 -2.65808e-06 1.55721e-07
11.4 2.79726e-06 2.85896e-06 -2.55917e-06 1.49895e-07
11.425 2.69463e-06 2.75339e-06 -2.46489e-06 1.44247e-07
11.45 2.5966e-06 2.65254e-06 -2.37501e-06 1.38766e-07
11.475 2.50296e-06 2.55619e-06 -2.2893e-06 1.33445e-07
11.5 2.41346e-06 2.46409e-06 -2.20754e-06 1.28274e-07
11.525 2.32789e-06 2.37603e-06 -2.12953e-06 1.23247e-07
11.55 2.24605e-06 2.29179e-06 -2.05508e-06 1.18356e-07
11.575 2.16774e-06 2.21118e-06 -1.98398e-06 1.13596e-07
11.6 2.09277e-06 2.13401e-06 -1.91608e-06 1.08963e-07
11.625 2.02098e-06 2.0601e-06 -1.8512e-06 1.0445e-07
11.65 1.9522e-06 1.98929e-06 -1.78918e-06 1.00054e-07
11.675 1.88626e-06 1.92141e-06 -1.72987e-06 9.57711e-08
11.7 1.82303e-06 1.85632e-06 -1.67312e-06 9.15989e-08
11.725 1.76237e-06 1.79387e-06 -1.61881e-06 8.75345e-08
11.75 1.70414e-06 1.73394e-06 -1.56679e-06 8.35756e-08
11.775 1.64822e-06 1.67638e-06 -1.51694e-06 7.97206e-08
11.8 1.59449e-06 1.62109e-06 -1.46915e-06 7.59681e-08
11.825 1.54284e-06 1.56795e-06 -1.42332e-06 7.23168e-08
11.85 1.49316e-06 1.51685e-06 -1.37932e-06 6.8766e-08
11.875 1.44536e-06 1.4677e-06 -1.33707e-06 6.53152e-08
11.9 1.39935e-06 1.42039e-06 -1.29646e-06 6.1964e-08
11.925 1.35502e-06 1.37484e-06 -1.25742e-06 5.87121e-08
11.95 1.31231e-06 1.33097e-06 -1.21985e-06 5.55597e-08
11.975 1.27113e-06 1.28868e-06 -1.18367e-06 5.25068e-08
12 1.23141e-06 1.24792e-06 -1.14881e-06 4.95535e-08
12.025 1.19307e-06 1.20859e-06 -1.11519e-06 4.67002e-08
12.05 1.15605e-06 1.17064e-06 -1.08275e-06 4.39471e-08
12.075 1.12028e-06 1.13401e-06 -1.05142e-06 4.12946e-08
12.1 1.08571e-06 1.09862e-06 -1.02113e-06 3.87427e-08
12.125 1.05228e-06 1.06442e-06 -9.91833e-07 3.62919e-08
12.15 1.01992e-06 1.03135e-06 -9.63466e-07 3.39421e-08
12.175 9.88601e-07 9.99363e-07 -9.35976e-07 3.16934e-08
12.2 9.58258e-07 9.68406e-07 -9.09314e-07 2.95457e-08
12.225 9.28847e-07 9.38429e-07 -8.83431e-07 2.74988e-08
12.25 9.00325e-07 9.09386e-07 -8.58282e-07 2.55524e-08
12.275 8.72647e-07 8.81233e-07 -8.33822e-07 2.37057e-08
12.3 8.45774e-07 8.53927e-07 -8.1001e-07 2.19582e-08
12.325 8.19666e-07 8.27427e-07 -7.86809e-07 2.03089e-08
12.35 7.94286e-07 8.01694e-07 -7.64181e-07 1.87566e-08
12.375 7.69598e-07 7.76692e-07 -7.42092e-07 1.73001e-08
12.4 7.4557e-07 7.52385e-07 -7.20509e-07 1.59379e-08
12.425 7.22169e-07 7.28738e-07 -6.99402e-07 1.4668e-08
12.45 6.99363e-07 7.05719e-07 -6.78742e-07 1.34887e-08
12.475 6.77126e-07 6.83298e-07 -6.58502e-07 1.23978e-08
12.5 6.55429e-07 6.61445e-07 -6.38659e-07 1.13928e-08
12.525 6.34246e-07 6.40132e-07 -6.19189e-07 1.04713e-08
12.55 6.13553e-07 6.19333e-07 -6.00072e-07 9.6304e-09
12.575 5.93328e-07 5.99023e-07 -5.81288e-07 8.86733e-09
12.6 5.7355e-07 5.79179e-07 -5.62821e-07 8.17895e-09
12.625 5.54198e-07 5.5978e-07 -5.44655e-07 7.56204e-09
12.65 5.35254e-07 5.40804e-07 -5.26777e-07 7.01325e-09
12.675 5.16703e-07 5.22234e-07 -5.09176e-07 6.52909e-09
12.7 4.98528e-07 5.04052e-07 -4.9184e-07 6.10599e-09
12.725 4.80716e-07 4.86244e-07 -4.74763e-07 5.7403e-09
12.75 4.63255e-07 4.68794e-07 -4.57937e-07 5.4283e-09
12.775 4.46135e-07 4.51691e-07 -4.41359e-07 5.16623e-09
12.8 4.29346e-07 4.34925e-07 -4.25024e-07 4.9503e-09
12.825 4.12882e-07 4.18485e-07 -4.08932e-07 4.77673e-09
12.85 3.96734e-07 4.02365e-07 -3.93082e-07 4.64174e-09
12.875 3.809e-07 3.86558e-07 -3.77475e-07 4.54162e-09
12.9 3.65376e-07 3.71061e-07 -3.62116e-07 4.47267e-09
12.925 3.50159e-07 3.55869e-07 -3.47007e-07 4.4313e-09
12.95 3.3525e-07 3.40982e-07 -3.32154e-07 4.41401e-09
12.975 3.2065e-07 3.264e-07 -3.17565e-07 4.41738e-09
13 3.06359e-07 3.12123e-07 -3.03246e-07 4.43815e-09
13.025 2.92382e-07 2.98154e-07 -2.89208e-07 4.4732e-09
13.05 2.78722e-07 2.84498e-07 -2.75458e-07 4.51954e-09
13.075 2.65385e-07 2.71158e-07 -2.62009e-07 4.57437e-09
13.1 2.52378e-07 2.58142e-07 -2.48871e-07 4.63507e-09
13.125 2.39708e-07 2.45455e-07 -2.36057e-07 4.69919e-09
13.15 2.27382e-07 2.33108e-07 -2.23579e-07 4.76451e-09
13.175 2.15409e-07 2.21107e-07 -2.11449e-07 4.829e-09
13.2 2.03799e-07 2.09462e-07 -1.99681e-07 4.89083e-09
13.225 1.92562e-07 1.98185e-07 -1.88288e-07 4.94839e-09
13.25 1.81707e-07 1.87284e-07 -1.77284e-07 5.00031e-09
13.275 1.71246e-07 1.76773e-07 -1.66682e-07 5.0454e-09
13.3 1.61189e-07 1.6666e-07 -1.56495e-07 5.08273e-09
13.325 1.51548e-07 1.56959e-07 -1.46736e-07 5.11154e-09
13.35 1.42332e-07 1.47681e-07 -1.37419e-07 5.13131e-09
13.375 1.33553e-07 1.38837e-07 -1.28554e-07 5.14172e-09
13.4 1.25222e-07 1.30438e-07 -1.20153e-07 5.14264e-09
13.425 1.17347e-07 1.22496e-07 -1.12228e-07 5.13415e-09
13.45 1.09941e-07 1.1502e-07 -1.04787e-07 5.11649e-09
13.475 1.0301e-07 1.08022e-07 -9.78417e-08 5.09009e-09
13.5 9.65644e-08 1.0151e-07 -9.13985e-08 5.05554e-09
13.525 9.06117e-08 9.54923e-08 -8.54652e-08 5.01356e-09
13.55 8.51588e-08 8.99777e-08 -8.00477e-08 4.96502e-09
13.575 8.02118e-08 8.49729e-08 -7.5151e-08 4.91094e-09
13.6 7.57759e-08 8.04836e-08 -7.07788e-08 4.8524e-09
13.625 7.18552e-08 7.65148e-08 -6.69335e-08 4.79061e-09
13.65 6.84526e-08 7.307e-08 -6.36163e-08 4.72687e-09
13.675 6.55699e-08 7.01519e-08 -6.08268e-08 4.66251e-09
13.7 6.32077e-08 6.77614e-08 -5.85635e-08 4.59895e-09
13.725 6.13653e-08 6.58986e-08 -5.68234e-08 4.53762e-09
13.75 6.00407e-08 6.4562e-08 -5.5602e-08 4.48e-09
13.775 5.92305e-08 6.37487e-08 -5.48936e-08 4.42755e-09
13.8 5.89302e-08 6.34543e-08 -5.46908e-08 4.38175e-09
13.825 5.91335e-08 6.36733e-08 -5.49852e-08 4.34406e-09
13.85 5.98332e-08 6.43985e-08 -5.57667e-08 4.31589e-09
13.875 6.10205e-08 6.56214e-08 -5.70241e-08 4.29862e-09
13.9 6.26853e-08 6.73319e-08 -5.87447e-08 4.29358e-09
13.925 6.48161e-08 6.95188e-08 -6.09148e-08 4.30203e-09
13.95 6.74003e-08 7.21694e-08 -6.35191e-08 4.32515e-09
13.975 7.04238e-08 7.52696e-08 -6.65415e-08 4.36404e-09
14 7.38715e-08 7.88042e-08 -6.99647e-08 4.41971e-09
14.025 7.7727e-08 8.27565e-08 -7.37704e-08 4.49306e-09
14.05 8.19728e-08 8.71089e-08 -7.79391e-08 4.5849e-09
14.075 8.65904e-08 9.18426e-08 -8.24509e-08 4.69589e-09
14.1 9.15603e-08 9.69378e-08 -8.72845e-08 4.82663e-09
14.125 9.6862e-08 1.02374e-07 -9.24185e-08 4.97754e-09
14.15 1.02474e-07 1.08128e-07 -9.78303e-08 5.14896e-09
14.175 1.08375e-07 1.14179e-07 -1.03497e-07 5.34108e-09
14.2 1.14542e-07 1.20504e-07 -1.09396e-07 5.55398e-09
14.225 1.20951e-07 1.27077e-07 -1.15502e-07 5.7876e-09
14.25 1.27579e-07 1.33876e-07 -1.21792e-07 6.04177e-09
14.275 1.34401e-07 1.40874e-07 -1.28242e-07 6.31619e-09
14.3 1.41394e-07 1.48048e-07 -1.34827e-07 6.61043e-09
14.325 1.48531e-07 1.55371e-07 -1.41523e-07 6.92397e-09
14.35 1.5579e-07 1.62819e-07 -1.48306e-07 7.25614e-09
14.375 1.63143e-07 1.70364e-07 -1.55152e-07 7.60619e-09
14.4 1.70567e-07 1.77983e-07 -1.62036e-07 7.97326e-09
14.425 1.78037e-07 1.85649e-07 -1.68936e-07 8.3564e-09
14.45 1.85528e-07 1.93337e-07 -1.75827e-07 8.75456e-09
14.475 1.93015e-07 2.01022e-07 -1.82689e-07 9.16661e-09
14.5 2.00476e-07 2.0868e-07 -1.89497e-07 9.59134e-09
14.525 2.07887e-07 2.16286e-07 -1.96231e-07 1.00275e-08
14.55 2.15225e-07 2.23818e-07 -2.02871e-07 1.04737e-08
14.575 2.22467e-07 2.31252e-07 -2.09395e-07 1.09286e-08
14.6 2.29593e-07 2.38566e-07 -2.15785e-07 1.13908e-08
14.625 2.36581e-07 2.45739e-07 -2.22022e-07 1.18588e-08
14.65 2.43411e-07 2.52751e-07 -2.28089e-07 1.23311e-08
14.675 2.50065e-07 2.59581e-07 -2.33969e-07 1.28061e-08
14.7 2.56524e-07 2.66211e-07 -2.39646e-07 1.32824e-08
14.725 2.62771e-07 2.72623e-07 -2.45106e-07 1.37585e-08
14.75 2.6879e-07 2.78801e-07 -2.50336e-07 1.42328e-08
14.775 2.74565e-07 2.8473e-07 -2.55322e-07 1.47037e-08
14.8 2.80083e-07 2.90393e-07 -2.60053e-07 1.51699e-08
14.825 2.85331e-07 2.95779e-07 -2.64519e-07 1.56298e-08
14.85 2.90296e-07 3.00875e-07 -2.68711e-07 1.6082e-08
14.875 2.94968e-07 3.0567e-07 -2.72619e-07 1.65251e-08
14.9 2.99337e-07 3.10153e-07 -2.76238e-07 1.69577e-08
14.925 3.03395e-07 3.14317e-07 -2.7956e-07 1.73786e-08
14.95 3.07134e-07 3.18154e-07 -2.82581e-07 1.77865e-08
14.975 3.10549e-07 3.21658e-07 -2.85297e-07 1.81802e-08
15 3.13634e-07 3.24822e-07 -2.87705e-07 1.85585e-08
15.025 3.16385e-07 3.27644e-07 -2.89802e-07 1.89206e-08
15.05 3.18799e-07 3.30119e-07 -2.91589e-07 1.92652e-08
15.075 3.20875e-07 3.32248e-07 -2.93064e-07 1.95917e-08
15.1 3.22612e-07 3.34028e-07 -2.9423e-07 1.9899e-08
15.125 3.2401e-07 3.35459e-07 -2.95086e-07 2.01865e-08
15.15 3.2507e-07 3.36544e-07 -2.95637e-07 2.04534e-08
15.175 3.25795e-07 3.37285e-07 -2.95886e-07 2.06993e-08
15.2 3.26187e-07 3.37684e-07 -2.95837e-07 2.09235e-08
15.225 3.26252e-07 3.37746e-07 -2.95495e-07 2.11257e-08
15.25 3.25992e-07 3.37476e-07 -2.94865e-07 2.13054e-08
15.275 3.25416e-07 3.3688e-07 -2.93955e-07 2.14625e-08
15.3 3.24527e-07 3.35963e-07 -2.9277e-07 2.15967e-08
15.325 3.23335e-07 3.34735e-07 -2.91319e-07 2.17079e-08
15.35 3.21846e-07 3.33201e-07 -2.89609e-07 2.17961e-08
15.375 3.20069e-07 3.31372e-07 -2.87649e-07 2.18613e-08
15.4 3.18012e-07 3.29256e-07 -2.85449e-07 2.19036e-08
15.425 3.15686e-07 3.26862e-07 -2.83016e-07 2.19232e-08
15.45 3.131e-07 3.24202e-07 -2.80361e-07 2.19203e-08
15.475 3.10264e-07 3.21285e-07 -2.77494e-07 2.18953e-08
15.5 3.07189e-07 3.18122e-07 -2.74425e-07 2.18484e-08
15.525 3.03886e-07 3.14725e-07 -2.71164e-07 2.17802e-08
15.55 3.00366e-07 3.11104e-07 -2.67722e-07 2.16911e-08
15.575 2.96641e-07 3.07273e-07 -2.64109e-07 2.15816e-08
15.6 2.92722e-07 3.03242e-07 -2.60337e-07 2.14524e-08
15.625 2.88621e-07 2.99023e-07 -2.56415e-07 2.13039e-08
15.65 2.84349e-07 2.9463e-07 -2.52356e-07 2.11369e-08
15.675 2.79919e-07 2.90073e-07 -2.48169e-07 2.09521e-08
15.7 2.75342e-07 2.85365e-07 -2.43865e-07 2.07502e-08
15.725 2.70631e-07 2.80518e-07 -2.39454e-07 2.05319e-08
15.75 2.65796e-07 2.75545e-07 -2.34949e-07 2.02981e-08
15.775 2.60851e-07 2.70456e-07 -2.30358e-07 2.00494e-08
15.8 2.55805e-07 2.65265e-07 -2.25691e-07 1.97868e-08
15.825 2.50671e-07 2.59982e-07 -2.2096e-07 1.95109e-08
15.85 2.4546e-07 2.54619e-07 -2.16173e-07 1.92228e-08
15.875 2.40182e-07 2.49187e-07 -2.11341e-07 1.89232e-08
15.9 2.34849e-07 2.43697e-07 -2.06472e-07 1.86129e-08
15.925 2.2947e-07 2.3816e-07 -2.01575e-07 1.82928e-08
15.95 2.24056e-07 2.32586e-07 -1.96659e-07 1.79638e-08
15.975 2.18617e-07 2.26986e-07 -1.91733e-07 1.76266e-08
16 2.13162e-07 2.21368e-07 -1.86804e-07 1.72821e-08
16.025 2.07701e-07 2.15743e-07 -1.8188e-07 1.69312e-08
16.05 2.02241e-07 2.10119e-07 -1.7697e-07 1.65745e-08
16.075 1.96793e-07 2.04505e-07 -1.72079e-07 1.6213e-08
16.1 1.91363e-07 1.98909e-07 -1.67214e-07 1.58474e-08
16.125 1.85959e-07 1.9334e-07 -1.62383e-07 1.54784e-08
16.15 1.80589e-07 1.87804e-07 -1.57591e-07 1.51068e-08
16.175 1.7526e-07 1.8231e-07 -1.52843e-07 1.47332e-08
16.2 1.69978e-07 1.76862e-07 -1.48146e-07 1.43585e-08
16.225 1.64749e-07 1.71469e-07 -1.43503e-07 1.39831e-08
16.25 1.5958e-07 1.66136e-07 -1.3892e-07 1.36079e-08
16.275 1.54475e-07 1.60868e-07 -1.34402e-07 1.32333e-08
16.3 1.4944e-07 1.55671e-07 -1.29951e-07 1.286e-08
16.325 1.44479e-07 1.50549e-07 -1.25572e-07 1.24886e-08
16.35 1.39596e-07 1.45507e-07 -1.21268e-07 1.21195e-08
16.375 1.34796e-07 1.40549e-07 -1.17042e-07 1.17532e-08
16.4 1.30081e-07 1.35678e-07 -1.12897e-07 1.13903e-08
16.425 1.25456e-07 1.30898e-07 -1.08836e-07 1.10312e-08
16.45 1.20922e-07 1.26211e-07 -1.04859e-07 1.06763e-08
16.475 1.16483e-07 1.21621e-07 -1.00969e-07 1.03259e-08
16.5 1.1214e-07 1.1713e-07 -9.71686e-08 9.9805e-09
16.525 1.07896e-07 1.12738e-07 -9.34577e-08 9.64036e-09
16.55 1.03752e-07 1.08449e-07 -8.98379e-08 9.30579e-09
16.575 9.97092e-08 1.04264e-07 -8.63099e-08 8.97707e-09
16.6 9.57687e-08 1.00183e-07 -8.28743e-08 8.65444e-09
16.625 9.19313e-08 9.62078e-08 -7.95316e-08 8.33814e-09
16.65 8.81975e-08 9.23384e-08 -7.62817e-08 8.02836e-09
16.675 8.45675e-08 8.85753e-08 -7.31247e-08 7.72528e-09
16.7 8.10414e-08 8.49185e-08 -7.00604e-08 7.42904e-09
16.725 7.76189e-08 8.13679e-08 -6.70884e-08 7.13978e-09
16.75 7.42997e-08 7.79232e-08 -6.4208e-08 6.8576e-09
16.775 7.10833e-08 7.45838e-08 -6.14186e-08 6.58258e-09
16.8 6.79687e-08 7.1349e-08 -5.87194e-08 6.3148e-09
16.825 6.49552e-08 6.82178e-08 -5.61093e-08 6.05429e-09
16.85 6.20417e-08 6.51893e-08 -5.35871e-08 5.80109e-09
16.875 5.9227e-08 6.22622e-08 -5.11518e-08 5.5552e-09
16.9 5.65096e-08 5.94352e-08 -4.88019e-08 5.31662e-09
16.925 5.38882e-08 5.67068e-08 -4.65361e-08 5.08533e-09
16.95 5.13611e-08 5.40754e-08 -4.43529e-08 4.86129e-09
16.975 4.89268e-08 5.15395e-08 -4.22506e-08 4.64446e-09
17 4.65834e-08 4.90971e-08 -4.02276e-08 4.43476e-09
17.025 4.43291e-08 4.67465e-08 -3.82822e-08 4.23213e-09
17.05 4.2162e-08 4.44857e-08 -3.64128e-08 4.03648e-09
17.075 4.00802e-08 4.23128e-08 -3.46174e-08 3.84772e-09
17.1 3.80816e-08 4.02258e-08 -3.28943e-08 3.66574e-09
17.125 3.61641e-08 3.82225e-08 -3.12416e-08 3.49044e-09
17.15 3.43258e-08 3.63008e-08 -2.96574e-08 3.32169e-09
17.175 3.25644e-08 3.44586e-08 -2.81399e-08 3.15936e-09
17.2 3.08779e-08 3.26937e-08 -2.6687e-08 3.00334e-09
17.225 2.92641e-08 3.1004e-08 -2.5297e-08 2.85347e-09
17.25 2.77207e-08 2.93872e-08 -2.39679e-08 2.70963e-09
17.275 2.62458e-08 2.78412e-08 -2.26978e-08 2.57166e-09
17.3 2.48371e-08 2.63637e-08 -2.14849e-08 2.43941e-09
17.325 2.34924e-08 2.49526e-08 -2.03271e-08 2.31274e-09
17.35 2.22096e-08 2.36056e-08 -1.92226e-08 2.1915e-09
17.375 2.09867e-08 2.23207e-08 -1.81697e-08 2.07552e-09
17.4 1.98215e-08 2.10958e-08 -1.71665e-08 1.96465e-09
17.425 1.8712e-08 1.99286e-08 -1.62111e-08 1.85874e-09
17.45 1.76561e-08 1.88171e-08 -1.53018e-08 1.75764e-09
17.475 1.66518e-08 1.77592e-08 -1.44369e-08 1.66118e-09
17.5 1.56971e-08 1.67531e-08 -1.36146e-08 1.56921e-09
17.525 1.47902e-08 1.57965e-08 -1.28334e-08 1.48158e-09
17.55 1.39291e-08 1.48877e-08 -1.20914e-08 1.39814e-09
17.575 1.31119e-08 1.40247e-08 -1.13873e-08 1.31873e-09
17.6 1.23369e-08 1.32057e-08 -1.07193e-08 1.24321e-09
17.625 1.16023e-08 1.24288e-08 -1.00859e-08 1.17143e-09
17.65 1.09064e-08 1.16923e-08 -9.4858e-09 1.10325e-09
17.675 1.02475e-08 1.09944e-08 -8.91741e-09 1.03852e-09
17.7 9.62395e-09 1.03336e-08 -8.37937e-09 9.77107e-10
17.725 9.0342e-09 9.70809e-09 -7.87033e-09 9.18878e-10
17.75 8.47672e-09 9.11636e-09 -7.38897e-09 8.63697e-10
17.775 7.95002e-09 8.55689e-09 -6.93401e-09 8.11436e-10
17.8 7.45266e-09 8.02818e-09 -6.50424e-09 7.61969e-10
17.825 6.98326e-09 7.52881e-09 -6.09846e-09 7.15173e-10
17.85 6.54049e-09 7.05739e-09 -5.71552e-09 6.7093e-10
17.875 6.12304e-09 6.61258e-09 -5.35433e-09 6.29124e-10
17.9 5.72967e-09 6.1931e-09 -5.01381e-09 5.89643e-10
17.925 5.35919e-09 5.7977e-09 -4.69294e-09 5.52378e-10
17.95 5.01045e-09 5.42519e-09 -4.39074e-09 5.17225e-10
17.975 4.68233e-09 5.07442e-09 -4.10626e-09 4.84082e-10
18 4.37377e-09 4.74428e-09 -3.83858e-09 4.5285e-10
18.025 4.08375e-09 4.43372e-09 -3.58685e-09 4.23437e-10
18.05 3.8113e-09 4.14172e-09 -3.35021e-09 3.95751e-10
18.075 3.55548e-09 3.86729e-09 -3.12789e-09 3.69704e-10
18.1 3.31538e-09 3.60952e-09 -2.91909e-09 3.45213e-10
18.125 3.09017e-09 3.3675e-09 -2.72311e-09 3.22196e-10
18.15 2.87901e-09 3.14039e-09 -2.53923e-09 3.00577e-10
18.175 2.68113e-09 2.92736e-09 -2.3668e-09 2.80282e-10
18.2 2.49578e-09 2.72764e-09 -2.20516e-09 2.61238e-10
18.225 2.32225e-09 2.54048e-09 -2.05373e-09 2.43378e-10
18.25 2.15987e-09 2.36519e-09 -1.91191e-09 2.26638e-10
18.275 2.008e-09 2.20107e-09 -1.77916e-09 2.10954e-10
18.3 1.86601e-09 2.0475e-09 -1.65496e-09 1.96268e-10
18.325 1.73333e-09 1.90385e-09 -1.53881e-09 1.82524e-10
18.35 1.60941e-09 1.76956e-09 -1.43023e-09 1.69666e-10
18.375 1.49373e-09 1.64407e-09 -1.32878e-09 1.57645e-10
18.4 1.38578e-09 1.52685e-09 -1.23403e-09 1.46411e-10
18.425 1.2851e-09 1.41742e-09 -1.14558e-09 1.35918e-10
18.45 1.19124e-09 1.31529e-09 -1.06305e-09 1.26122e-10
18.475 1.10378e-09 1.22003e-09 -9.86067e-10 1.16981e-10
18.5 1.02232e-09 1.13121e-09 -9.143e-10 1.08456e-10
18.525 9.4648e-10 1.04844e-09 -8.47423e-10 1.00508e-10
18.55 8.75909e-10 9.71334e-10 -7.85129e-10 9.31026e-11
18.575 8.10269e-10 8.9954e-10 -7.27128e-10 8.62058e-11
18.6 7.49243e-10 8.32721e-10 -6.7315e-10 7.97857e-11
18.625 6.92532e-10 7.70559e-10 -6.22935e-10 7.38122e-11
18.65 6.39854e-10 7.12756e-10 -5.76242e-10 6.82569e-11
18.675 5.90945e-10 6.59029e-10 -5.32843e-10 6.30929e-11
18.7 5.45555e-10 6.09111e-10 -4.92521e-10 5.8295e-11
18.725 5.03449e-10 5.62754e-10 -4.55076e-10 5.38392e-11
18.75 4.64408e-10 5.19722e-10 -4.20316e-10 4.97031e-11
18.775 4.28222e-10 4.79793e-10 -3.88062e-10 4.58656e-11
18.8 3.947e-10 4.42759e-10 -3.58146e-10 4.23066e-11
18.825 3.63657e-10 4.08425e-10 -3.3041e-10 3.90076e-11
18.85 3.34923e-10 3.76608e-10 -3.04707e-10 3.59509e-11
18.875 3.08338e-10 3.47136e-10 -2.80896e-10 3.312e-11
18.9 2.83751e-10 3.19847e-10 -2.58848e-10 3.04995e-11
18.925 2.61022e-10 2.9459e-10 -2.38441e-10 2.80747e-11
18.95 2.4002e-10 2.71224e-10 -2.1956e-10 2.58321e-11
18.975 2.20622e-10 2.49616e-10 -2.02098e-10 2.37589e-11
19 2.02713e-10 2.29641e-10 -1.85955e-10 2.18432e-11
19.025 1.86185e-10 2.11185e-10 -1.71038e-10 2.00738e-11
19.05 1.70938e-10 1.94139e-10 -1.57258e-10 1.84403e-11
19.075 1.56879e-10 1.78401e-10 -1.44536e-10 1.69328e-11
19.1 1.43922e-10 1.63877e-10 -1.32793e-10 1.55423e-11
19.125 1.31983e-10 1.50479e-10 -1.21959e-10 1.42603e-11
19.15 1.20989e-10 1.38125e-10 -1.11968e-10 1.30787e-11
19.175 1.10868e-10 1.26737e-10 -1.02757e-10 1.19903e-11
19.2 1.01555e-10 1.16245e-10 -9.42694e-11 1.0988e-11
19.225 9.29884e-11 1.06582e-10 -8.64512e-11 1.00655e-11
19.25 8.51125e-11 9.76861e-11 -7.92524e-11 9.21683e-12
19.275 7.78741e-11 8.94993e-11 -7.26266e-11 8.43635e-12
19.3 7.12245e-11 8.19683e-11 -6.65305e-11 7.71892e-12
19.325 6.5118e-11 7.50433e-11 -6.09239e-11 7.05972e-12
19.35 5.95128e-11 6.86782e-11 -5.57696e-11 6.45427e-12
19.375 5.43696e-11 6.28298e-11 -5.10329e-11 5.89844e-12
19.4 4.96523e-11 5.74585e-11 -4.66817e-11 5.38837e-12
19.425 4.53274e-11 5.25271e-11 -4.26861e-11 4.92049e-12
19.45 4.13638e-11 4.80015e-11 -3.90185e-11 4.49149e-12
19.475 3.77328e-11 4.38499e-11 -3.56533e-11 4.09831e-12
19.5 3.44077e-11 4.00428e-11 -3.25666e-11 3.73809e-12
19.525 3.13641e-11 3.6553e-11 -2.97365e-11 3.40822e-12
19.55 2.85791e-11 3.33553e-11 -2.71427e-11 3.10626e-12
19.575 2.60319e-11 3.04263e-11 -2.47664e-11 2.82997e-12
19.6 2.3703e-11 2.77446e-11 -2.25901e-11 2.57727e-12
19.625 2.15745e-11 2.52902e-11 -2.05977e-11 2.34623e-12
19.65 1.96299e-11 2.30446e-11 -1.87744e-11 2.13509e-12
19.675 1.78542e-11 2.09909e-11 -1.71065e-11 1.94221e-12
19.7 1.62331e-11 1.91134e-11 -1.55813e-11 1.76609e-12
19.725 1.47539e-11 1.73977e-11 -1.41871e-11 1.60533e-12
19.75 1.34046e-11 1.58304e-11 -1.29131e-11 1.45865e-12
19.775 1.21743e-11 1.43991e-11 -1.17494e-11 1.32487e-12
19.8 1.10529e-11 1.30926e-11 -1.06868e-11 1.20291e-12
19.825 1.00312e-11 1.19005e-11 -9.71697e-12 1.09177e-12
19.85 9.10064e-12 1.08131e-11 -8.83206e-12 9.9052e-13
19.875 8.25347e-12 9.82161e-12 -8.02495e-12 8.98327e-13
19.9 7.48248e-12 8.9179e-12 -7.28908e-12 8.14412e-13
19.925 6.78109e-12 8.09451e-12 -6.61839e-12 7.38061e-13
19.95 6.14325e-12 7.34458e-12 -6.00734e-12 6.68619e-13
19.975 5.56343e-12 6.6618e-12 -5.45083e-12 6.05486e-13
20 5.03655e-12 6.04039e-12 -4.94417e-12 5.48112e-13
