0 0.262022 0.262026 -0.00157689 0.130224
0.025 0.262022 0.262026 -0.00157689 0.130224
0.05 0.261963 0.26198 -0.00157819 0.130201
0.075 0.261865 0.261904 -0.00158034 0.130162
0.1 0.261728 0.261796 -0.00158333 0.130106
0.125 0.261552 0.261657 -0.00158714 0.130035
0.15 0.261335 0.261486 -0.00159175 0.129947
0.175 0.261077 0.261282 -0.00159711 0.129842
0.2 0.260778 0.261045 -0.0016032 0.129721
0.225 0.260437 0.260773 -0.00160998 0.129582
0.25 0.260054 0.260466 -0.00161738 0.129424
0.275 0.259626 0.260123 -0.00162537 0.129249
0.3 0.259155 0.259742 -0.00163388 0.129054
0.325 0.258638 0.259322 -0.00164286 0.128839
0.35 0.258075 0.258862 -0.00165224 0.128605
0.375 0.257465 0.25836 -0.00166194 0.128349
0.4 0.256806 0.257816 -0.00167191 0.128072
0.425 0.256098 0.257227 -0.00168207 0.127772
0.45 0.255339 0.256592 -0.00169233 0.12745
0.475 0.254528 0.25591 -0.00170262 0.127104
0.5 0.253665 0.255178 -0.00171287 0.126733
0.525 0.252747 0.254396 -0.00172298 0.126337
0.55 0.251775 0.253562 -0.00173288 0.125915
0.575 0.250746 0.252674 -0.00174249 0.125466
0.6 0.24966 0.251731 -0.00175172 0.12499
0.625 0.248516 0.250732 -0.00176048 0.124486
0.65 0.247312 0.249674 -0.00176871 0.123953
0.675 0.246049 0.248557 -0.00177632 0.12339
0.7 0.244724 0.247379 -0.00178322 0.122798
0.725 0.243338 0.246139 -0.00178935 0.122175
0.75 0.24189 0.244836 -0.00179463 0.121521
0.775 0.240378 0.243469 -0.00179899 0.120835
0.8 0.238803 0.242036 -0.00180236 0.120117
0.825 0.237164 0.240538 -0.00180468 0.119367
0.85 0.235461 0.238974 -0.00180589 0.118584
0.875 0.233693 0.237342 -0.00180592 0.117768
0.9 0.231862 0.235642 -0.00180473 0.116919
0.925 0.229965 0.233874 -0.00180228 0.116036
0.95 0.228005 0.232039 -0.0017985 0.11512
0.975 0.225981 0.230135 -0.00179338 0.114171
1 0.223893 0.228163 -0.00178687 0.113188
1.025 0.221742 0.226124 -0.00177895 0.112172
1.05 0.21953 0.224017 -0.00176959 0.111124
1.075 0.217256 0.221843 -0.00175878 0.110042
1.1 0.214922 0.219604 -0.0017465 0.108929
1.125 0.212529 0.217299 -0.00173275 0.107783
1.15 0.210078 0.214931 -0.00171753 0.106607
1.175 0.20757 0.212499 -0.00170084 0.105399
1.2 0.205007 0.210007 -0.00168269 0.104162
1.225 0.202391 0.207454 -0.0016631 0.102896
1.25 0.199724 0.204844 -0.00164209 0.101601
1.275 0.197007 0.202177 -0.00161968 0.100278
1.3 0.194242 0.199455 -0.0015959 0.0989296
1.325 0.191431 0.196681 -0.00157079 0.0975553
1.35 0.188577 0.193857 -0.00154438 0.0961565
1.375 0.185682 0.190986 -0.00151673 0.0947345
1.4 0.182749 0.188069 -0.00148788 0.0932904
1.425 0.179779 0.185109 -0.00145787 0.0918254
1.45 0.176775 0.182109 -0.00142678 0.0903409
1.475 0.173741 0.179071 -0.00139465 0.0888383
1.5 0.170678 0.175999 -0.00136154 0.0873188
1.525 0.16759 0.172895 -0.00132753 0.0857839
1.55 0.164479 0.169763 -0.00129268 0.0842351
1.575 0.161349 0.166605 -0.00125705 0.0826737
1.6 0.158201 0.163424 -0.00122073 0.0811014
1.625 0.155039 0.160223 -0.00118377 0.0795197
1.65 0.151866 0.157006 -0.00114626 0.0779299
1.675 0.148685 0.153776 -0.00110827 0.0763338
1.7 0.145499 0.150535 -0.00106988 0.0747328
1.725 0.14231 0.147288 -0.00103115 0.0731284
1.75 0.139121 0.144037 -0.000992176 0.0715223
1.775 0.135936 0.140785 -0.000953021 0.0699159
1.8 0.132757 0.137535 -0.000913763 0.0683107
1.825 0.129588 0.134291 -0.000874475 0.0667082
1.85 0.12643 0.131055 -0.000835231 0.06511
1.875 0.123286 0.127831 -0.000796101 0.0635174
1.9 0.12016 0.124621 -0.000757156 0.061932
1.925 0.117053 0.121428 -0.000718463 0.060355
1.95 0.113969 0.118256 -0.000680089 0.0587878
1.975 0.110909 0.115106 -0.000642097 0.0572318
2 0.107877 0.111981 -0.000604549 0.0556883
2.025 0.104874 0.108884 -0.000567503 0.0541584
2.05 0.101902 0.105818 -0.000531015 0.0526434
2.075 0.0989645 0.102784 -0.000495138 0.0511444
2.1 0.0960623 0.099785 -0.000459922 0.0496625
2.125 0.0931976 0.096823 -0.000425414 0.0481988
2.15 0.0903723 0.0939 -0.000391659 0.0467541
2.175 0.087588 0.0910179 -0.000358696 0.0453296
2.2 0.0848464 0.0881785 -0.000326563 0.043926
2.225 0.0821489 0.0853835 -0.000295294 0.0425441
2.25 0.0794969 0.0826345 -0.000264919 0.0411848
2.275 0.0768916 0.0799328 -0.000235467 0.0398487
2.3 0.0743343 0.0772798 -0.00020696 0.0385364
2.325 0.071826 0.0746768 -0.000179419 0.0372487
2.35 0.0693675 0.0721247 -0.000152862 0.0359859
2.375 0.0669598 0.0696245 -0.000127303 0.0347486
2.4 0.0646036 0.0671772 -0.000102753 0.0335372
2.425 0.0622994 0.0647834 -7.92193e-05 0.0323521
2.45 0.0600479 0.0624437 -5.67077e-05 0.0311935
2.475 0.0578494 0.0601587 -3.52198e-05 0.0300617
2.5 0.0557041 0.0579287 -1.4755e-05 0.028957
2.525 0.0536125 0.0557541 4.69026e-06 0.0278794
2.55 0.0515745 0.053635 2.3122e-05 0.026829
2.575 0.0495902 0.0515715 4.05486e-05 0.025806
2.6 0.0476596 0.0495637 5.69809e-05 0.0248103
2.625 0.0457825 0.0476113 7.24319e-05 0.0238419
2.65 0.0439587 0.0457144 8.69165e-05 0.0229006
2.675 0.0421879 0.0438725 0.000100452 0.0219865
2.7 0.0404698 0.0420853 0.000113056 0.0210992
2.725 0.0388038 0.0403523 0.00012475 0.0202385
2.75 0.0371896 0.0386732 0.000135555 0.0194044
2.775 0.0356265 0.0370473 0.000145494 0.0185964
2.8 0.0341139 0.035474 0.000154592 0.0178143
2.825 0.0326511 0.0339525 0.000162873 0.0170577
2.85 0.0312374 0.0324822 0.000170365 0.0163263
2.875 0.0298721 0.0310622 0.000177094 0.0156197
2.9 0.0285542 0.0296918 0.000183088 0.0149374
2.925 0.027283 0.0283699 0.000188375 0.0142791
2.95 0.0260576 0.0270957 0.000192984 0.0136444
2.975 0.024877 0.0258682 0.000196943 0.0130326
3 0.0237402 0.0246865 0.000200282 0.0124434
3.025 0.0226464 0.0235495 0.00020303 0.0118762
3.05 0.0215945 0.0224561 0.000205216 0.0113306
3.075 0.0205835 0.0214053 0.000206868 0.0108061
3.1 0.0196123 0.0203961 0.000208017 0.010302
3.125 0.0186799 0.0194272 0.000208689 0.00981797
3.15 0.0177854 0.0184978 0.000208914 0.00935335
3.175 0.0169275 0.0176065 0.000208718 0.00890763
3.2 0.0161053 0.0167524 0.000208129 0.00848028
3.225 0.0153177 0.0159343 0.000207173 0.00807076
3.25 0.0145637 0.0151512 0.000205877 0.00767852
3.275 0.0138421 0.0144018 0.000204265 0.00730304
3.3 0.0131521 0.0136852 0.000202362 0.00694376
3.325 0.0124924 0.0130001 0.000200191 0.00660017
3.35 0.0118621 0.0123457 0.000197776 0.00627173
3.375 0.0112602 0.0117207 0.000195138 0.00595794
3.4 0.0106857 0.0111242 0.000192299 0.00565826
3.425 0.0101375 0.0105551 0.000189279 0.0053722
3.45 0.00961479 0.0100124 0.000186097 0.00509927
3.475 0.00911654 0.00949515 0.000182773 0.00483896
3.5 0.00864183 0.0090023 0.000179323 0.00459081
3.525 0.00818974 0.00853293 0.000175766 0.00435435
3.55 0.00775938 0.00808611 0.000172116 0.00412911
3.575 0.00734987 0.00766091 0.000168389 0.00391465
3.6 0.00696037 0.00725647 0.000164599 0.00371053
3.625 0.00659005 0.0068719 0.00016076 0.00351633
3.65 0.00623809 0.00650638 0.000156884 0.00333163
3.675 0.00590373 0.00615908 0.000152982 0.00315603
3.7 0.00558619 0.00582922 0.000149067 0.00298914
3.725 0.00528474 0.00551602 0.000145147 0.00283058
3.75 0.00499866 0.00521874 0.000141234 0.00267999
3.775 0.00472727 0.00493667 0.000137334 0.002537
3.8 0.00446989 0.00466911 0.000133456 0.00240128
3.825 0.00422588 0.00441539 0.000129609 0.0022725
3.85 0.00399462 0.00417487 0.000125797 0.00215033
3.875 0.00377551 0.00394691 0.000122028 0.00203447
3.9 0.00356796 0.00373093 0.000118306 0.00192462
3.925 0.00337143 0.00352635 0.000114638 0.0018205
3.95 0.00318538 0.00333262 0.000111027 0.00172182
3.975 0.0030093 0.0031492 0.000107476 0.00162834
4 0.00284269 0.00297558 0.000103991 0.00153979
4.025 0.00268508 0.00281129 0.000100572 0.00145593
4.05 0.00253602 0.00265584 9.72242e-05 0.00137653
4.075 0.00239508 0.0025088 9.3948e-05 0.00130137
4.1 0.00226183 0.00236973 9.07458e-05 0.00123024
4.125 0.0021359 0.00223822 8.76188e-05 0.00116292
4.15 0.00201689 0.0021139 8.45682e-05 0.00109923
4.175 0.00190444 0.00199638 8.15948e-05 0.00103899
4.2 0.00179822 0.0018853 7.8699e-05 0.000982002
4.225 0.00169788 0.00178034 7.58813e-05 0.000928111
4.25 0.00160313 0.00168117 7.31414e-05 0.000877154
4.275 0.00151365 0.00158747 7.04793e-05 0.000828975
4.3 0.00142917 0.00149896 6.78946e-05 0.000783429
4.325 0.00134942 0.00141537 6.53868e-05 0.000740377
4.35 0.00127413 0.00133642 6.2955e-05 0.000699686
4.375 0.00120307 0.00126186 6.05984e-05 0.00066123
4.4 0.001136 0.00119146 5.8316e-05 0.000624889
4.425 0.0010727 0.00112499 5.61068e-05 0.00059055
4.45 0.00101296 0.00106224 5.39695e-05 0.000558105
4.475 0.000956596 0.001003 5.19027e-05 0.000527451
4.5 0.000903406 0.000947076 4.99052e-05 0.00049849
4.525 0.000853217 0.000894289 4.79756e-05 0.000471132
4.55 0.000805861 0.000844464 4.61122e-05 0.000445288
4.575 0.000761177 0.000797437 4.43136e-05 0.000420875
4.6 0.000719017 0.000753052 4.25783e-05 0.000397815
4.625 0.000679235 0.000711163 4.09046e-05 0.000376034
4.65 0.000641699 0.00067163 3.92909e-05 0.000355461
4.675 0.000606281 0.000634322 3.77356e-05 0.000336029
4.7 0.00057286 0.000599112 3.62371e-05 0.000317675
4.725 0.000541323 0.000565885 3.47937e-05 0.000300339
4.75 0.000511562 0.000534528 3.34038e-05 0.000283966
4.775 0.000483476 0.000504936 3.20659e-05 0.000268501
4.8 0.000456969 0.00047701 3.07782e-05 0.000253894
4.825 0.000431951 0.000450656 2.95393e-05 0.000240097
4.85 0.000408337 0.000425784 2.83475e-05 0.000227066
4.875 0.000386047 0.000402312 2.72013e-05 0.000214756
4.9 0.000365005 0.000380159 2.60992e-05 0.000203129
4.925 0.000345139 0.000359251 2.50397e-05 0.000192145
4.95 0.000326383 0.000339518 2.40213e-05 0.00018177
4.975 0.000308672 0.000320893 2.30427e-05 0.000171968
5 0.000291948 0.000303313 2.21024e-05 0.000162708
5.025 0.000276153 0.000286719 2.11991e-05 0.000153959
5.05 0.000261235 0.000271055 2.03314e-05 0.000145693
5.075 0.000247145 0.000256267 1.9498e-05 0.000137883
5.1 0.000233833 0.000242307 1.86978e-05 0.000130503
5.125 0.000221257 0.000229127 1.79294e-05 0.000123528
5.15 0.000209375 0.000216683 1.71916e-05 0.000116937
5.175 0.000198147 0.000204933 1.64834e-05 0.000110708
5.2 0.000187535 0.000193837 1.58037e-05 0.000104821
5.225 0.000177506 0.000183359 1.51512e-05 9.92552e-05
5.25 0.000168027 0.000173464 1.4525e-05 9.39943e-05
5.275 0.000159065 0.000164117 1.39242e-05 8.90206e-05
5.3 0.000150592 0.000155289 1.33476e-05 8.43181e-05
5.325 0.000142581 0.000146949 1.27943e-05 7.98716e-05
5.35 0.000135006 0.00013907 1.22635e-05 7.56669e-05
5.375 0.000127841 0.000131626 1.17543e-05 7.16904e-05
5.4 0.000121065 0.000124593 1.12658e-05 6.79293e-05
5.425 0.000114655 0.000117946 1.07971e-05 6.43717e-05
5.45 0.000108591 0.000111665 1.03476e-05 6.10063e-05
5.475 0.000102853 0.000105728 9.91639e-06 5.78222e-05
5.5 9.74239e-05 0.000100116 9.5028e-06 5.48095e-05
5.525 9.22861e-05 9.48109e-05 9.10612e-06 5.19585e-05
5.55 8.74234e-05 8.97951e-05 8.72566e-06 4.92604e-05
5.575 8.28206e-05 8.50524e-05 8.36078e-06 4.67066e-05
5.6 7.84635e-05 8.05675e-05 8.01084e-06 4.42892e-05
5.625 7.43383e-05 7.63259e-05 7.67525e-06 4.20006e-05
5.65 7.04325e-05 7.23138e-05 7.35341e-06 3.98336e-05
5.675 6.67338e-05 6.85185e-05 7.04478e-06 3.77816e-05
5.7 6.32311e-05 6.49278e-05 6.74882e-06 3.58383e-05
5.725 5.99135e-05 6.15303e-05 6.46502e-06 3.39977e-05
5.75 5.6771e-05 5.83152e-05 6.19287e-06 3.2254e-05
5.775 5.37941e-05 5.52723e-05 5.93191e-06 3.06021e-05
5.8 5.09738e-05 5.2392e-05 5.68168e-06 2.90368e-05
5.825 4.83017e-05 4.96653e-05 5.44175e-06 2.75535e-05
5.85 4.57696e-05 4.70837e-05 5.21168e-06 2.61477e-05
5.875 4.33702e-05 4.46391e-05 4.99109e-06 2.48151e-05
5.9 4.10962e-05 4.2324e-05 4.77958e-06 2.35518e-05
5.925 3.8941e-05 4.01311e-05 4.57679e-06 2.2354e-05
5.95 3.68983e-05 3.80538e-05 4.38236e-06 2.12181e-05
5.975 3.4962e-05 3.60858e-05 4.19594e-06 2.01409e-05
6 3.31266e-05 3.42209e-05 4.01722e-06 1.91191e-05
6.025 3.13868e-05 3.24536e-05 3.84587e-06 1.81497e-05
6.05 2.97374e-05 3.07785e-05 3.68161e-06 1.72301e-05
6.075 2.81737e-05 2.91906e-05 3.52413e-06 1.63574e-05
6.1 2.66914e-05 2.76852e-05 3.37316e-06 1.55292e-05
6.125 2.5286e-05 2.62578e-05 3.22844e-06 1.47431e-05
6.15 2.39537e-05 2.49041e-05 3.08972e-06 1.39969e-05
6.175 2.26907e-05 2.36202e-05 2.95675e-06 1.32885e-05
6.2 2.14933e-05 2.24023e-05 2.82929e-06 1.26158e-05
6.225 2.03582e-05 2.1247e-05 2.70713e-06 1.19771e-05
6.25 1.92821e-05 2.01508e-05 2.59005e-06 1.13704e-05
6.275 1.82622e-05 1.91106e-05 2.47785e-06 1.07942e-05
6.3 1.72954e-05 1.81235e-05 2.37031e-06 1.02469e-05
6.325 1.6379e-05 1.71866e-05 2.26727e-06 9.72691e-06
6.35 1.55105e-05 1.62973e-05 2.16853e-06 9.2329e-06
6.375 1.46875e-05 1.54531e-05 2.07393e-06 8.76351e-06
6.4 1.39076e-05 1.46517e-05 1.98329e-06 8.31749e-06
6.425 1.31686e-05 1.38908e-05 1.89646e-06 7.89364e-06
6.45 1.24684e-05 1.31684e-05 1.81328e-06 7.49085e-06
6.475 1.18051e-05 1.24825e-05 1.7336e-06 7.10806e-06
6.5 1.11767e-05 1.18312e-05 1.65729e-06 6.74426e-06
6.525 1.05815e-05 1.12128e-05 1.58421e-06 6.39851e-06
6.55 1.00177e-05 1.06256e-05 1.51422e-06 6.06991e-06
6.575 9.48384e-06 1.0068e-05 1.44721e-06 5.75761e-06
6.6 8.97826e-06 9.5386e-06 1.38305e-06 5.46083e-06
6.625 8.49953e-06 9.03595e-06 1.32163e-06 5.17879e-06
6.65 8.04626e-06 8.55873e-06 1.26284e-06 4.91079e-06
6.675 7.61713e-06 8.1057e-06 1.20657e-06 4.65614e-06
6.7 7.21088e-06 7.67567e-06 1.15272e-06 4.4142e-06
6.725 6.82631e-06 7.26752e-06 1.1012e-06 4.18436e-06
6.75 6.4623e-06 6.88018e-06 1.0519e-06 3.96604e-06
6.775 6.11775e-06 6.51266e-06 1.00473e-06 3.7587e-06
6.8 5.79165e-06 6.16399e-06 9.59621e-07 3.5618e-06
6.825 5.48301e-06 5.83326e-06 9.16476e-07 3.37487e-06
6.85 5.19092e-06 5.51962e-06 8.75218e-07 3.19742e-06
6.875 4.91449e-06 5.22224e-06 8.3577e-07 3.02901e-06
6.9 4.65289e-06 4.94035e-06 7.98058e-07 2.8692e-06
6.925 4.40533e-06 4.6732e-06 7.6201e-07 2.71761e-06
6.95 4.17105e-06 4.42009e-06 7.27559e-07 2.57383e-06
6.975 3.94936e-06 4.18035e-06 6.94637e-07 2.43749e-06
7 3.73957e-06 3.95332e-06 6.63183e-07 2.30825e-06
7.025 3.54105e-06 3.73839e-06 6.33135e-07 2.18576e-06
7.05 3.35319e-06 3.53499e-06 6.04434e-07 2.06971e-06
7.075 3.17544e-06 3.34254e-06 5.77025e-07 1.95978e-06
7.1 3.00724e-06 3.16052e-06 5.50853e-07 1.85568e-06
7.125 2.84808e-06 2.9884e-06 5.25866e-07 1.75713e-06
7.15 2.6975e-06 2.8257e-06 5.02014e-07 1.66386e-06
7.175 2.55503e-06 2.67196e-06 4.7925e-07 1.5756e-06
7.2 2.42024e-06 2.52671e-06 4.57527e-07 1.49212e-06
7.225 2.29274e-06 2.38953e-06 4.368e-07 1.41317e-06
7.25 2.17213e-06 2.26001e-06 4.17027e-07 1.33852e-06
7.275 2.05805e-06 2.13776e-06 3.98166e-07 1.26796e-06
7.3 1.95017e-06 2.02239e-06 3.80179e-07 1.20128e-06
7.325 1.84816e-06 1.91354e-06 3.63027e-07 1.13828e-06
7.35 1.75172e-06 1.81087e-06 3.46674e-07 1.07877e-06
7.375 1.66055e-06 1.71405e-06 3.31084e-07 1.02257e-06
7.4 1.5744e-06 1.62276e-06 3.16224e-07 9.69491e-07
7.425 1.49298e-06 1.5367e-06 3.02062e-07 9.19381e-07
7.45 1.41607e-06 1.45559e-06 2.88565e-07 8.72075e-07
7.475 1.34342e-06 1.37914e-06 2.75705e-07 8.27422e-07
7.5 1.27482e-06 1.3071e-06 2.63452e-07 7.85277e-07
7.525 1.21005e-06 1.23922e-06 2.51779e-07 7.455e-07
7.55 1.14892e-06 1.17526e-06 2.40659e-07 7.07961e-07
7.575 1.09122e-06 1.115e-06 2.30067e-07 6.72535e-07
7.6 1.03679e-06 1.05822e-06 2.19978e-07 6.39101e-07
7.625 9.85433e-07 1.00473e-06 2.10368e-07 6.07548e-07
7.65 9.36995e-07 9.54319e-07 2.01215e-07 5.77767e-07
7.675 8.91312e-07 9.06817e-07 1.92498e-07 5.49657e-07
7.7 8.4823e-07 8.6205e-07 1.84194e-07 5.23122e-07
7.725 8.07602e-07 8.19856e-07 1.76285e-07 4.9807e-07
7.75 7.69286e-07 7.8008e-07 1.6875e-07 4.74415e-07
7.775 7.33148e-07 7.42578e-07 1.61573e-07 4.52075e-07
7.8 6.99056e-07 7.07214e-07 1.54734e-07 4.30974e-07
7.825 6.66886e-07 6.73858e-07 1.48218e-07 4.11038e-07
7.85 6.36519e-07 6.42389e-07 1.42007e-07 3.92198e-07
7.875 6.07841e-07 6.12694e-07 1.36087e-07 3.74391e-07
7.9 5.80742e-07 5.84665e-07 1.30442e-07 3.57554e-07
7.925 5.55118e-07 5.582e-07 1.25059e-07 3.4163e-07
7.95 5.30869e-07 5.33206e-07 1.19925e-07 3.26565e-07
7.975 5.07902e-07 5.09591e-07 1.15025e-07 3.12308e-07
8 4.86126e-07 4.87272e-07 1.10348e-07 2.9881e-07
8.025 4.65456e-07 4.6617e-07 1.05882e-07 2.86026e-07
8.05 4.45813e-07 4.4621e-07 1.01616e-07 2.73913e-07
8.075 4.2712e-07 4.27321e-07 9.75393e-08 2.6243e-07
8.1 4.09308e-07 4.09438e-07 9.3642e-08 2.5154e-07
8.125 3.9231e-07 3.92498e-07 8.99143e-08 2.41206e-07
8.15 3.76066e-07 3.76442e-07 8.63473e-08 2.31395e-07
8.175 3.60517e-07 3.61214e-07 8.29323e-08 2.22073e-07
8.2 3.45612e-07 3.46762e-07 7.96612e-08 2.13212e-07
8.225 3.31303e-07 3.33036e-07 7.65262e-08 2.04781e-07
8.25 3.17545e-07 3.19989e-07 7.35203e-08 1.96755e-07
8.275 3.04301e-07 3.07577e-07 7.06364e-08 1.89107e-07
8.3 2.91533e-07 2.95758e-07 6.78682e-08 1.81813e-07
8.325 2.7921e-07 2.84492e-07 6.52096e-08 1.74851e-07
8.35 2.67304e-07 2.73741e-07 6.26549e-08 1.68198e-07
8.375 2.55791e-07 2.6347e-07 6.01989e-08 1.61834e-07
8.4 2.44648e-07 2.53646e-07 5.78363e-08 1.55741e-07
8.425 2.33859e-07 2.44237e-07 5.55627e-08 1.499e-07
8.45 2.23406e-07 2.35214e-07 5.33736e-08 1.44294e-07
8.475 2.13277e-07 2.26548e-07 5.12649e-08 1.38906e-07
8.5 2.03462e-07 2.18214e-07 4.92329e-08 1.33723e-07
8.525 1.93951e-07 2.10187e-07 4.72738e-08 1.2873e-07
8.55 1.84738e-07 2.02445e-07 4.53845e-08 1.23915e-07
8.575 1.75819e-07 1.94967e-07 4.35619e-08 1.19264e-07
8.6 1.67188e-07 1.87733e-07 4.1803e-08 1.14768e-07
8.625 1.58844e-07 1.80725e-07 4.01053e-08 1.10415e-07
8.65 1.50784e-07 1.73929e-07 3.84662e-08 1.06197e-07
8.675 1.43007e-07 1.67328e-07 3.68833e-08 1.02106e-07
8.7 1.35513e-07 1.6091e-07 3.53547e-08 9.81323e-08
8.725 1.28301e-07 1.54663e-07 3.38782e-08 9.42706e-08
8.75 1.2137e-07 1.48577e-07 3.2452e-08 9.05145e-08
8.775 1.1472e-07 1.42643e-07 3.10744e-08 8.68586e-08
8.8 1.0835e-07 1.36853e-07 2.97436e-08 8.32983e-08
8.825 1.02259e-07 1.31201e-07 2.84583e-08 7.98297e-08
8.85 9.64443e-08 1.25682e-07 2.7217e-08 7.64495e-08
8.875 9.09043e-08 1.20292e-07 2.60182e-08 7.31549e-08
8.9 8.56356e-08 1.15027e-07 2.48609e-08 6.99439e-08
8.925 8.06343e-08 1.09886e-07 2.37437e-08 6.68148e-08
8.95 7.58959e-08 1.04867e-07 2.26655e-08 6.37664e-08
8.975 7.14148e-08 9.99705e-08 2.16253e-08 6.07979e-08
9 6.71849e-08 9.5196e-08 2.06219e-08 5.79089e-08
9.025 6.31991e-08 9.05444e-08 1.96545e-08 5.50994e-08
9.05 5.94495e-08 8.60171e-08 1.8722e-08 5.23696e-08
9.075 5.59278e-08 8.16159e-08 1.78236e-08 4.97198e-08
9.1 5.26246e-08 7.73428e-08 1.69583e-08 4.71505e-08
9.125 4.95302e-08 7.31999e-08 1.61253e-08 4.46626e-08
9.15 4.66344e-08 6.91897e-08 1.53237e-08 4.22567e-08
9.175 4.39264e-08 6.53144e-08 1.45528e-08 3.99336e-08
9.2 4.13951e-08 6.15765e-08 1.38117e-08 3.76941e-08
9.225 3.90294e-08 5.79782e-08 1.30997e-08 3.55389e-08
9.25 3.68176e-08 5.45213e-08 1.24159e-08 3.34686e-08
9.275 3.47485e-08 5.12077e-08 1.17596e-08 3.14836e-08
9.3 3.28106e-08 4.80386e-08 1.11301e-08 2.95844e-08
9.325 3.09926e-08 4.50151e-08 1.05267e-08 2.77709e-08
9.35 2.92837e-08 4.21377e-08 9.94865e-09 2.60432e-08
9.375 2.76731e-08 3.94065e-08 9.39522e-09 2.44009e-08
9.4 2.61507e-08 3.68211e-08 8.86575e-09 2.28434e-08
9.425 2.47069e-08 3.43805e-08 8.35955e-09 2.137e-08
9.45 2.33326e-08 3.20832e-08 7.87595e-09 1.99796e-08
9.475 2.20193e-08 2.99272e-08 7.41432e-09 1.86708e-08
9.5 2.07593e-08 2.791e-08 6.97399e-09 1.7442e-08
9.525 1.95457e-08 2.60286e-08 6.55434e-09 1.62914e-08
9.55 1.83721e-08 2.42792e-08 6.15475e-09 1.5217e-08
9.575 1.72332e-08 2.26579e-08 5.77462e-09 1.42163e-08
9.6 1.61244e-08 2.11602e-08 5.41334e-09 1.32868e-08
9.625 1.50417e-08 1.97813e-08 5.07033e-09 1.24258e-08
9.65 1.39823e-08 1.85157e-08 4.74502e-09 1.16304e-08
9.675 1.29438e-08 1.7358e-08 4.43684e-09 1.08974e-08
9.7 1.19248e-08 1.63023e-08 4.14526e-09 1.02238e-08
9.725 1.09244e-08 1.53425e-08 3.86972e-09 9.60613e-09
9.75 9.94256e-09 1.44725e-08 3.60969e-09 9.04111e-09
9.775 8.97968e-09 1.36859e-08 3.36466e-09 8.5253e-09
9.8 8.03683e-09 1.29764e-08 3.13412e-09 8.05525e-09
9.825 7.11552e-09 1.23376e-08 2.91756e-09 7.62756e-09
9.85 6.21772e-09 1.17631e-08 2.71449e-09 7.23881e-09
9.875 5.34572e-09 1.12469e-08 2.52442e-09 6.88568e-09
9.9 4.50211e-09 1.0783e-08 2.34689e-09 6.56494e-09
9.925 3.68971e-09 1.03655e-08 2.18142e-09 6.27344e-09
9.95 2.91143e-09 9.98883e-09 2.02754e-09 6.00818e-09
9.975 2.17028e-09 9.64784e-09 1.88479e-09 5.76632e-09
10 1.46926e-09 9.33759e-09 1.75273e-09 5.54516e-09
10.025 8.11294e-10 9.0535e-09 1.6309e-09 5.3422e-09
10.05 1.99164e-10 8.79139e-09 1.51887e-09 5.15513e-09
10.075 -3.6454e-10 8.54748e-09 1.41619e-09 4.98183e-09
10.1 -8.77478e-10 8.3184e-09 1.32242e-09 4.82041e-09
10.125 -1.33761e-09 8.1012e-09 1.23715e-09 4.66918e-09
10.15 -1.74325e-09 7.89335e-09 1.15993e-09 4.52664e-09
10.175 -2.09308e-09 7.69274e-09 1.09036e-09 4.39155e-09
10.2 -2.3862e-09 7.49767e-09 1.028e-09 4.26284e-09
10.225 -2.62215e-09 7.30684e-09 9.72451e-10 4.13965e-09
10.25 -2.80091e-09 7.11933e-09 9.23295e-10 4.02131e-09
10.275 -2.92294e-09 6.93458e-09 8.80128e-10 3.90735e-09
10.3 -2.98914e-09 6.75236e-09 8.42549e-10 3.79745e-09
10.325 -3.00089e-09 6.57275e-09 8.10165e-10 3.69146e-09
10.35 -2.96002e-09 6.39612e-09 7.82586e-10 3.58935e-09
10.375 -2.86878e-09 6.22305e-09 7.59431e-10 3.49124e-09
10.4 -2.72986e-09 6.05435e-09 7.40323e-10 3.39734e-09
10.425 -2.5463e-09 5.89101e-09 7.24898e-10 3.30795e-09
10.45 -2.32152e-09 5.73412e-09 7.12798e-10 3.22346e-09
10.475 -2.05925e-09 5.58489e-09 7.03672e-10 3.14428e-09
10.5 -1.76349e-09 5.4446e-09 6.97185e-10 3.07089e-09
10.525 -1.43848e-09 5.31453e-09 6.93007e-10 3.00377e-09
10.55 -1.08864e-09 5.19596e-09 6.90824e-10 2.94339e-09
10.575 -7.18548e-10 5.09013e-09 6.90333e-10 2.89023e-09
10.6 -3.32864e-10 4.99821e-09 6.91244e-10 2.84473e-09
10.625 6.37056e-11 4.92124e-09 6.9328e-10 2.80726e-09
10.65 4.66458e-10 4.86017e-09 6.9618e-10 2.77818e-09
10.675 8.70742e-10 4.81578e-09 6.99697e-10 2.75774e-09
10.7 1.27201e-09 4.78867e-09 7.03599e-10 2.74613e-09
10.725 1.66584e-09 4.77927e-09 7.07671e-10 2.74347e-09
10.75 2.04801e-09 4.7878e-09 7.11714e-10 2.74976e-09
10.775 2.41453e-09 4.81428e-09 7.15544e-10 2.76491e-09
10.8 2.76166e-09 4.85851e-09 7.18995e-10 2.78875e-09
10.825 3.08595e-09 4.92008e-09 7.21918e-10 2.821e-09
10.85 3.38428e-09 4.99835e-09 7.2418e-10 2.86126e-09
10.875 3.65387e-09 5.09249e-09 7.25664e-10 2.90908e-09
10.9 3.89232e-09 5.20146e-09 7.2627e-10 2.96386e-09
10.925 4.09761e-09 5.32403e-09 7.25915e-10 3.02497e-09
10.95 4.26811e-09 5.45879e-09 7.2453e-10 3.09166e-09
10.975 4.40261e-09 5.60417e-09 7.22062e-10 3.16312e-09
11 4.50028e-09 5.75847e-09 7.18474e-10 3.23847e-09
11.025 4.56071e-09 5.91984e-09 7.1374e-10 3.31679e-09
11.05 4.5839e-09 6.08637e-09 7.07851e-10 3.39711e-09
11.075 4.57022e-09 6.25603e-09 7.00809e-10 3.47842e-09
11.1 4.52042e-09 6.42677e-09 6.92626e-10 3.5597e-09
11.125 4.4356e-09 6.5965e-09 6.83328e-10 3.63991e-09
11.15 4.31722e-09 6.76311e-09 6.72949e-10 3.71803e-09
11.175 4.16702e-09 6.92454e-09 6.61533e-10 3.79304e-09
11.2 3.98706e-09 7.07875e-09 6.49132e-10 3.86394e-09
11.225 3.77963e-09 7.22379e-09 6.35805e-10 3.9298e-09
11.25 3.54727e-09 7.35779e-09 6.21617e-10 3.98971e-09
11.275 3.29269e-09 7.47899e-09 6.06637e-10 4.04282e-09
11.3 3.01878e-09 7.58577e-09 5.90941e-10 4.08835e-09
11.325 2.72856e-09 7.67665e-09 5.74605e-10 4.12563e-09
11.35 2.42513e-09 7.75031e-09 5.5771e-10 4.15401e-09
11.375 2.11166e-09 7.80565e-09 5.40335e-10 4.17299e-09
11.4 1.79134e-09 7.8417e-09 5.22563e-10 4.18213e-09
11.425 1.46736e-09 7.85774e-09 5.04473e-10 4.18111e-09
11.45 1.14285e-09 7.85324e-09 4.86146e-10 4.1697e-09
11.475 8.20894e-10 7.82788e-09 4.67659e-10 4.14777e-09
11.5 5.04459e-10 7.78155e-09 4.49086e-10 4.11532e-09
11.525 1.96391e-10 7.71436e-09 4.305e-10 4.07243e-09
11.55 -1.00619e-10 7.62664e-09 4.11968e-10 4.0193e-09
11.575 -3.84053e-10 7.51889e-09 3.93554e-10 3.95622e-09
11.6 -6.51593e-10 7.39185e-09 3.75316e-10 3.88358e-09
11.625 -9.01131e-10 7.24642e-09 3.57309e-10 3.80186e-09
11.65 -1.13079e-09 7.08368e-09 3.39581e-10 3.71163e-09
11.675 -1.33894e-09 6.9049e-09 3.22175e-10 3.61354e-09
11.7 -1.52419e-09 6.71146e-09 3.05129e-10 3.50829e-09
11.725 -1.68542e-09 6.5049e-09 2.88475e-10 3.39669e-09
11.75 -1.82176e-09 6.28686e-09 2.72239e-10 3.27955e-09
11.775 -1.93262e-09 6.05908e-09 2.56443e-10 3.15776e-09
11.8 -2.01765e-09 5.8234e-09 2.41101e-10 3.03225e-09
11.825 -2.07677e-09 5.58168e-09 2.26223e-10 2.90395e-09
11.85 -2.11017e-09 5.33585e-09 2.11816e-10 2.77384e-09
11.875 -2.11824e-09 5.08785e-09 1.97879e-10 2.64287e-09
11.9 -2.10165e-09 4.83962e-09 1.84409e-10 2.51201e-09
11.925 -2.06125e-09 4.59306e-09 1.71398e-10 2.38223e-09
11.95 -1.99813e-09 4.35007e-09 1.58833e-10 2.25445e-09
11.975 -1.91355e-09 4.11246e-09 1.46701e-10 2.12958e-09
12 -1.80893e-09 3.88198e-09 1.34984e-10 2.00848e-09
12.025 -1.68587e-09 3.6603e-09 1.23661e-10 1.89198e-09
12.05 -1.5461e-09 3.44896e-09 1.1271e-10 1.78083e-09
12.075 -1.39146e-09 3.2494e-09 1.02108e-10 1.67575e-09
12.1 -1.22387e-09 3.06292e-09 9.18304e-11 1.57738e-09
12.125 -1.04534e-09 2.8907e-09 8.18513e-11 1.48628e-09
12.15 -8.57942e-10 2.73375e-09 7.21453e-11 1.40295e-09
12.175 -6.63756e-10 2.59291e-09 6.2687e-11 1.3278e-09
12.2 -4.64889e-10 2.4689e-09 5.34515e-11 1.26118e-09
12.225 -2.63435e-10 2.36224e-09 4.44147e-11 1.20333e-09
12.25 -6.1465e-11 2.27329e-09 3.55539e-11 1.15442e-09
12.275 1.38999e-10 2.20225e-09 2.6848e-11 1.11455e-09
12.3 3.35996e-10 2.14915e-09 1.82774e-11 1.08371e-09
12.325 5.27643e-10 2.11384e-09 9.82494e-12 1.06183e-09
12.35 7.12151e-10 2.09603e-09 1.47542e-12 1.04875e-09
12.375 8.87839e-10 2.09526e-09 -6.7838e-12 1.04424e-09
12.4 1.05314e-09 2.11096e-09 -1.49628e-11 1.048e-09
12.425 1.20663e-09 2.14236e-09 -2.3069e-11 1.05965e-09
12.45 1.34701e-09 2.18862e-09 -3.11072e-11 1.07876e-09
12.475 1.47314e-09 2.24876e-09 -3.90793e-11 1.10484e-09
12.5 1.58401e-09 2.32168e-09 -4.69845e-11 1.13735e-09
12.525 1.6788e-09 2.4062e-09 -5.48194e-11 1.17569e-09
12.55 1.75683e-09 2.50107e-09 -6.25778e-11 1.21925e-09
12.575 1.8176e-09 2.60495e-09 -7.02511e-11 1.26735e-09
12.6 1.86073e-09 2.71645e-09 -7.78282e-11 1.31931e-09
12.625 1.88606e-09 2.83417e-09 -8.52959e-11 1.37443e-09
12.65 1.89355e-09 2.95663e-09 -9.26387e-11 1.432e-09
12.675 1.88333e-09 3.08239e-09 -9.98395e-11 1.49128e-09
12.7 1.85567e-09 3.20998e-09 -1.06879e-10 1.55155e-09
12.725 1.81098e-09 3.33795e-09 -1.13738e-10 1.61211e-09
12.75 1.74983e-09 3.46489e-09 -1.20393e-10 1.67225e-09
12.775 1.67289e-09 3.58942e-09 -1.26824e-10 1.7313e-09
12.8 1.58098e-09 3.7102e-09 -1.33005e-10 1.7886e-09
12.825 1.47499e-09 3.82597e-09 -1.38915e-10 1.84353e-09
12.85 1.35594e-09 3.93554e-09 -1.44529e-10 1.8955e-09
12.875 1.22494e-09 4.03779e-09 -1.49823e-10 1.94398e-09
12.9 1.08315e-09 4.13171e-09 -1.54775e-10 1.98847e-09
12.925 9.31833e-10 4.21636e-09 -1.5936e-10 2.0285e-09
12.95 7.72277e-10 4.29093e-09 -1.63559e-10 2.06368e-09
12.975 6.0583e-10 4.3547e-09 -1.67349e-10 2.09367e-09
13 4.33865e-10 4.40707e-09 -1.70711e-10 2.11818e-09
13.025 2.5778e-10 4.44755e-09 -1.73627e-10 2.13696e-09
13.05 7.89796e-11 4.47578e-09 -1.7608e-10 2.14985e-09
13.075 -1.01132e-10 4.49151e-09 -1.78057e-10 2.15672e-09
13.1 -2.81161e-10 4.4946e-09 -1.79544e-10 2.15753e-09
13.125 -4.59738e-10 4.48504e-09 -1.8053e-10 2.15226e-09
13.15 -6.35523e-10 4.46294e-09 -1.81009e-10 2.14097e-09
13.175 -8.07217e-10 4.4285e-09 -1.80972e-10 2.12377e-09
13.2 -9.73568e-10 4.38205e-09 -1.80417e-10 2.10082e-09
13.225 -1.13338e-09 4.32401e-09 -1.79343e-10 2.07234e-09
13.25 -1.28553e-09 4.25491e-09 -1.77751e-10 2.03858e-09
13.275 -1.42895e-09 4.17535e-09 -1.75644e-10 1.99985e-09
13.3 -1.56266e-09 4.08604e-09 -1.73029e-10 1.95651e-09
13.325 -1.68574e-09 3.98776e-09 -1.69913e-10 1.90892e-09
13.35 -1.79738e-09 3.88135e-09 -1.66309e-10 1.85752e-09
13.375 -1.89684e-09 3.76773e-09 -1.62229e-10 1.80275e-09
13.4 -1.98348e-09 3.64785e-09 -1.57689e-10 1.74508e-09
13.425 -2.05674e-09 3.52273e-09 -1.52706e-10 1.68501e-09
13.45 -2.11616e-09 3.39342e-09 -1.47299e-10 1.62306e-09
13.475 -2.16138e-09 3.26099e-09 -1.41491e-10 1.55975e-09
13.5 -2.19212e-09 3.12653e-09 -1.35303e-10 1.49561e-09
13.525 -2.2082e-09 2.99114e-09 -1.28762e-10 1.43119e-09
13.55 -2.20953e-09 2.85593e-09 -1.21892e-10 1.36702e-09
13.575 -2.1961e-09 2.72201e-09 -1.14722e-10 1.30364e-09
13.6 -2.16801e-09 2.59045e-09 -1.07281e-10 1.24159e-09
13.625 -2.12541e-09 2.46232e-09 -9.95961e-11 1.18136e-09
13.65 -2.06855e-09 2.33865e-09 -9.16995e-11 1.12348e-09
13.675 -1.99776e-09 2.22044e-09 -8.36214e-11 1.06841e-09
13.7 -1.91342e-09 2.10863e-09 -7.53932e-11 1.01662e-09
13.725 -1.816e-09 2.00415e-09 -6.70462e-11 9.6855e-10
13.75 -1.70602e-09 1.90782e-09 -5.8612e-11 9.24605e-10
13.775 -1.58406e-09 1.82045e-09 -5.01219e-11 8.85165e-10
13.8 -1.45074e-09 1.74276e-09 -4.16073e-11 8.50578e-10
13.825 -1.30675e-09 1.67541e-09 -3.30986e-11 8.21157e-10
13.85 -1.15279e-09 1.61899e-09 -2.46262e-11 7.97182e-10
13.875 -9.89634e-10 1.57401e-09 -1.62193e-11 7.78893e-10
13.9 -8.18051e-10 1.5409e-09 -7.90657e-12 7.66497e-10
13.925 -6.38851e-10 1.52004e-09 2.84526e-13 7.6016e-10
13.95 -4.52862e-10 1.51169e-09 8.32751e-12 7.60011e-10
13.975 -2.60923e-10 1.51608e-09 1.61972e-11 7.66139e-10
14 -6.38828e-11 1.53332e-09 2.38696e-11 7.78595e-10
14.025 1.37405e-10 1.56347e-09 3.13222e-11 7.97394e-10
14.05 3.42088e-10 1.60649e-09 3.8534e-11 8.22511e-10
14.075 5.49321e-10 1.66229e-09 4.54854e-11 8.53886e-10
14.1 7.58268e-10 1.73069e-09 5.21586e-11 8.91423e-10
14.125 9.68105e-10 1.81145e-09 5.85373e-11 9.34993e-10
14.15 1.17803e-09 1.90426e-09 6.46068e-11 9.84432e-10
14.175 1.38726e-09 2.00874e-09 7.03542e-11 1.03955e-09
14.2 1.59503e-09 2.12447e-09 7.57683e-11 1.10012e-09
14.225 1.80062e-09 2.25095e-09 8.08395e-11 1.16589e-09
14.25 2.00333e-09 2.38764e-09 8.556e-11 1.2366e-09
14.275 2.20248e-09 2.53395e-09 8.99235e-11 1.31194e-09
14.3 2.39746e-09 2.68925e-09 9.39257e-11 1.39159e-09
14.325 2.58765e-09 2.85287e-09 9.75636e-11 1.47521e-09
14.35 2.77251e-09 3.02409e-09 1.00836e-10 1.56246e-09
14.375 2.95152e-09 3.2022e-09 1.03742e-10 1.65297e-09
14.4 3.1242e-09 3.38642e-09 1.06285e-10 1.74635e-09
14.425 3.29012e-09 3.57597e-09 1.08467e-10 1.84222e-09
14.45 3.44888e-09 3.77008e-09 1.10293e-10 1.94018e-09
14.475 3.60014e-09 3.96792e-09 1.11768e-10 2.03984e-09
14.5 3.74357e-09 4.16868e-09 1.12899e-10 2.14079e-09
14.525 3.87892e-09 4.37157e-09 1.13695e-10 2.24263e-09
14.55 4.00596e-09 4.57576e-09 1.14163e-10 2.34496e-09
14.575 4.12451e-09 4.78045e-09 1.14315e-10 2.44738e-09
14.6 4.2344e-09 4.98485e-09 1.1416e-10 2.54951e-09
14.625 4.33555e-09 5.18819e-09 1.13711e-10 2.65095e-09
14.65 4.42787e-09 5.38971e-09 1.1298e-10 2.75134e-09
14.675 4.51133e-09 5.58866e-09 1.1198e-10 2.85032e-09
14.7 4.58593e-09 5.78433e-09 1.10724e-10 2.94753e-09
14.725 4.6517e-09 5.97604e-09 1.09227e-10 3.04263e-09
14.75 4.70872e-09 6.16314e-09 1.07502e-10 3.13532e-09
14.775 4.75706e-09 6.34498e-09 1.05564e-10 3.22527e-09
14.8 4.79686e-09 6.521e-09 1.03428e-10 3.31221e-09
14.825 4.82827e-09 6.69062e-09 1.01109e-10 3.39587e-09
14.85 4.85144e-09 6.85334e-09 9.86214e-11 3.47598e-09
14.875 4.86659e-09 7.00868e-09 9.59807e-11 3.55233e-09
14.9 4.87392e-09 7.15619e-09 9.32016e-11 3.62469e-09
14.925 4.87368e-09 7.29547e-09 9.02989e-11 3.69289e-09
14.95 4.8661e-09 7.42618e-09 8.7287e-11 3.75673e-09
14.975 4.85145e-09 7.54799e-09 8.41804e-11 3.81608e-09
15 4.83002e-09 7.66062e-09 8.0993e-11 3.87081e-09
15.025 4.80209e-09 7.76385e-09 7.77384e-11 3.9208e-09
15.05 4.76797e-09 7.85748e-09 7.44299e-11 3.96595e-09
15.075 4.72795e-09 7.94135e-09 7.10804e-11 4.00622e-09
15.1 4.68235e-09 8.01536e-09 6.77022e-11 4.04153e-09
15.125 4.63149e-09 8.07942e-09 6.43072e-11 4.07186e-09
15.15 4.57569e-09 8.13349e-09 6.09068e-11 4.0972e-09
15.175 4.51527e-09 8.17758e-09 5.75118e-11 4.11755e-09
15.2 4.45055e-09 8.21173e-09 5.41325e-11 4.13293e-09
15.225 4.38186e-09 8.23598e-09 5.07785e-11 4.14338e-09
15.25 4.3095e-09 8.25045e-09 4.74589e-11 4.14895e-09
15.275 4.2338e-09 8.25526e-09 4.41824e-11 4.14972e-09
15.3 4.15507e-09 8.25057e-09 4.09568e-11 4.14576e-09
15.325 4.07361e-09 8.23657e-09 3.77894e-11 4.13718e-09
15.35 3.98972e-09 8.21346e-09 3.46869e-11 4.12407e-09
15.375 3.90368e-09 8.18147e-09 3.16556e-11 4.10657e-09
15.4 3.8158e-09 8.14087e-09 2.87009e-11 4.08479e-09
15.425 3.72633e-09 8.09193e-09 2.58279e-11 4.05888e-09
15.45 3.63555e-09 8.03493e-09 2.30409e-11 4.02899e-09
15.475 3.54371e-09 7.97019e-09 2.03438e-11 3.99527e-09
15.5 3.45106e-09 7.89802e-09 1.77399e-11 3.95788e-09
15.525 3.35783e-09 7.81877e-09 1.52321e-11 3.917e-09
15.55 3.26425e-09 7.73276e-09 1.28226e-11 3.87279e-09
15.575 3.17054e-09 7.64037e-09 1.05134e-11 3.82544e-09
15.6 3.07689e-09 7.54194e-09 8.30566e-12 3.77512e-09
15.625 2.9835e-09 7.43784e-09 6.20044e-12 3.72202e-09
15.65 2.89055e-09 7.32843e-09 4.19824e-12 3.66632e-09
15.675 2.79821e-09 7.2141e-09 2.29917e-12 3.6082e-09
15.7 2.70664e-09 7.09521e-09 5.02976e-13 3.54785e-09
15.725 2.61599e-09 6.97212e-09 -1.19092e-12 3.48546e-09
15.75 2.52639e-09 6.84521e-09 -2.78345e-12 3.42121e-09
15.775 2.43797e-09 6.71485e-09 -4.27583e-12 3.35529e-09
15.8 2.35085e-09 6.58138e-09 -5.66955e-12 3.28786e-09
15.825 2.26513e-09 6.44517e-09 -6.96635e-12 3.2191e-09
15.85 2.18091e-09 6.30657e-09 -8.16823e-12 3.1492e-09
15.875 2.09828e-09 6.16591e-09 -9.27735e-12 3.07832e-09
15.9 2.0173e-09 6.02352e-09 -1.02961e-11 3.00661e-09
15.925 1.93805e-09 5.87974e-09 -1.1227e-11 2.93426e-09
15.95 1.86059e-09 5.73486e-09 -1.20728e-11 2.86139e-09
15.975 1.78497e-09 5.5892e-09 -1.28362e-11 2.78818e-09
16 1.71123e-09 5.44305e-09 -1.35202e-11 2.71476e-09
16.025 1.6394e-09 5.29668e-09 -1.41277e-11 2.64127e-09
16.05 1.56952e-09 5.15036e-09 -1.46619e-11 2.56785e-09
16.075 1.5016e-09 5.00435e-09 -1.51258e-11 2.49461e-09
16.1 1.43566e-09 4.8589e-09 -1.55227e-11 2.42169e-09
16.125 1.37171e-09 4.71424e-09 -1.58556e-11 2.34919e-09
16.15 1.30975e-09 4.57057e-09 -1.61278e-11 2.27722e-09
16.175 1.24977e-09 4.42812e-09 -1.63424e-11 2.20589e-09
16.2 1.19178e-09 4.28707e-09 -1.65027e-11 2.13528e-09
16.225 1.13575e-09 4.1476e-09 -1.66117e-11 2.06549e-09
16.25 1.08167e-09 4.00988e-09 -1.66727e-11 1.9966e-09
16.275 1.02953e-09 3.87407e-09 -1.66885e-11 1.92869e-09
16.3 9.79285e-10 3.7403e-09 -1.66622e-11 1.86182e-09
16.325 9.30924e-10 3.60872e-09 -1.65968e-11 1.79606e-09
16.35 8.84412e-10 3.47944e-09 -1.64951e-11 1.73147e-09
16.375 8.39716e-10 3.35256e-09 -1.63599e-11 1.6681e-09
16.4 7.96802e-10 3.22819e-09 -1.61939e-11 1.606e-09
16.425 7.55632e-10 3.1064e-09 -1.59996e-11 1.5452e-09
16.45 7.16167e-10 2.98728e-09 -1.57798e-11 1.48575e-09
16.475 6.78367e-10 2.87088e-09 -1.55367e-11 1.42767e-09
16.5 6.42189e-10 2.75726e-09 -1.52727e-11 1.371e-09
16.525 6.07592e-10 2.64647e-09 -1.49901e-11 1.31574e-09
16.55 5.7453e-10 2.53855e-09 -1.4691e-11 1.26193e-09
16.575 5.4296e-10 2.43351e-09 -1.43774e-11 1.20957e-09
16.6 5.12836e-10 2.33139e-09 -1.40512e-11 1.15867e-09
16.625 4.84114e-10 2.23218e-09 -1.37144e-11 1.10924e-09
16.65 4.56747e-10 2.13591e-09 -1.33687e-11 1.06127e-09
16.675 4.30691e-10 2.04255e-09 -1.30156e-11 1.01477e-09
16.7 4.059e-10 1.95211e-09 -1.26568e-11 9.69726e-10
16.725 3.82328e-10 1.86456e-09 -1.22936e-11 9.26135e-10
16.75 3.59933e-10 1.7799e-09 -1.19275e-11 8.83985e-10
16.775 3.38668e-10 1.69808e-09 -1.15597e-11 8.43261e-10
16.8 3.18491e-10 1.61909e-09 -1.11914e-11 8.03948e-10
16.825 2.99358e-10 1.54288e-09 -1.08237e-11 7.66027e-10
16.85 2.81228e-10 1.46941e-09 -1.04574e-11 7.29478e-10
16.875 2.64059e-10 1.39865e-09 -1.00937e-11 6.94278e-10
16.9 2.4781e-10 1.33054e-09 -9.73327e-12 6.60405e-10
16.925 2.32442e-10 1.26504e-09 -9.37692e-12 6.27833e-10
16.95 2.17917e-10 1.2021e-09 -9.02534e-12 5.96535e-10
16.975 2.04196e-10 1.14165e-09 -8.67914e-12 5.66484e-10
17 1.91243e-10 1.08364e-09 -8.33889e-12 5.37651e-10
17.025 1.79022e-10 1.02802e-09 -8.00508e-12 5.10008e-10
17.05 1.675e-10 9.74724e-10 -7.67814e-12 4.83523e-10
17.075 1.56642e-10 9.23691e-10 -7.35844e-12 4.58166e-10
17.1 1.46416e-10 8.74859e-10 -7.04631e-12 4.33906e-10
17.125 1.36792e-10 8.28167e-10 -6.74202e-12 4.10712e-10
17.15 1.27738e-10 7.8355e-10 -6.4458e-12 3.88552e-10
17.175 1.19227e-10 7.40945e-10 -6.15782e-12 3.67394e-10
17.2 1.1123e-10 7.00289e-10 -5.87823e-12 3.47206e-10
17.225 1.0372e-10 6.61519e-10 -5.60713e-12 3.27956e-10
17.25 9.66717e-11 6.2457e-10 -5.34458e-12 3.09613e-10
17.275 9.00603e-11 5.89381e-10 -5.09061e-12 2.92145e-10
17.3 8.38621e-11 5.55889e-10 -4.84524e-12 2.75522e-10
17.325 7.80545e-11 5.24032e-10 -4.60843e-12 2.59712e-10
17.35 7.26158e-11 4.9375e-10 -4.38014e-12 2.44685e-10
17.375 6.75253e-11 4.64983e-10 -4.16029e-12 2.30411e-10
17.4 6.27632e-11 4.37672e-10 -3.94879e-12 2.16861e-10
17.425 5.83108e-11 4.11758e-10 -3.74552e-12 2.04006e-10
17.45 5.41499e-11 3.87187e-10 -3.55037e-12 1.91818e-10
17.475 5.02636e-11 3.63901e-10 -3.36317e-12 1.80269e-10
17.5 4.66357e-11 3.41847e-10 -3.18379e-12 1.69332e-10
17.525 4.32506e-11 3.20973e-10 -3.01204e-12 1.5898e-10
17.55 4.00937e-11 3.01226e-10 -2.84775e-12 1.49189e-10
17.575 3.71511e-11 2.82557e-10 -2.69073e-12 1.39933e-10
17.6 3.44097e-11 2.64916e-10 -2.5408e-12 1.31188e-10
17.625 3.18569e-11 2.48258e-10 -2.39775e-12 1.2293e-10
17.65 2.94809e-11 2.32536e-10 -2.26138e-12 1.15137e-10
17.675 2.72706e-11 2.17705e-10 -2.13149e-12 1.07787e-10
17.7 2.52155e-11 2.03724e-10 -2.00786e-12 1.00858e-10
17.725 2.33054e-11 1.90551e-10 -1.89028e-12 9.43302e-11
17.75 2.15311e-11 1.78145e-10 -1.77855e-12 8.81834e-11
17.775 1.98836e-11 1.6647e-10 -1.67245e-12 8.23986e-11
17.8 1.83547e-11 1.55487e-10 -1.57179e-12 7.69575e-11
17.825 1.69365e-11 1.45161e-10 -1.47634e-12 7.18423e-11
17.85 1.56214e-11 1.35458e-10 -1.3859e-12 6.70363e-11
17.875 1.44027e-11 1.26346e-10 -1.30028e-12 6.2523e-11
17.9 1.32738e-11 1.17793e-10 -1.21927e-12 5.82868e-11
17.925 1.22284e-11 1.09769e-10 -1.14267e-12 5.4313e-11
17.95 1.1261e-11 1.02244e-10 -1.07031e-12 5.05871e-11
17.975 1.0366e-11 9.51929e-11 -1.00198e-12 4.70955e-11
18 9.53836e-12 8.85878e-11 -9.37514e-13 4.38251e-11
18.025 8.77343e-12 8.2404e-11 -8.76725e-13 4.07636e-11
18.05 8.06672e-12 7.66175e-11 -8.19444e-13 3.7899e-11
18.075 7.4141e-12 7.12057e-11 -7.65502e-13 3.52201e-11
18.1 6.81168e-12 6.61467e-11 -7.14738e-13 3.2716e-11
18.125 6.25583e-12 6.142e-11 -6.66994e-13 3.03765e-11
18.15 5.74318e-12 5.7006e-11 -6.22118e-13 2.81919e-11
18.175 5.27057e-12 5.2886e-11 -5.79965e-13 2.6153e-11
18.2 4.83505e-12 4.90422e-11 -5.40394e-13 2.42509e-11
18.225 4.43387e-12 4.54581e-11 -5.03268e-13 2.24774e-11
18.25 4.06449e-12 4.21176e-11 -4.68457e-13 2.08246e-11
18.275 3.72453e-12 3.90057e-11 -4.35837e-13 1.92849e-11
18.3 3.41176e-12 3.61082e-11 -4.05287e-13 1.78515e-11
18.325 3.12413e-12 3.34116e-11 -3.76693e-13 1.65174e-11
18.35 2.85972e-12 3.09031e-11 -3.49945e-13 1.52766e-11
18.375 2.61676e-12 2.85708e-11 -3.24938e-13 1.41229e-11
18.4 2.39359e-12 2.64033e-11 -3.01572e-13 1.30508e-11
18.425 2.18869e-12 2.43899e-11 -2.79752e-13 1.20551e-11
18.45 2.00063e-12 2.25205e-11 -2.59386e-13 1.11306e-11
18.475 1.82809e-12 2.07856e-11 -2.40388e-13 1.02726e-11
18.5 1.66985e-12 1.91764e-11 -2.22677e-13 9.47687e-12
18.525 1.52479e-12 1.76844e-11 -2.06173e-13 8.7391e-12
18.55 1.39186e-12 1.63016e-11 -1.90803e-13 8.05541e-12
18.575 1.27009e-12 1.50208e-11 -1.76496e-13 7.42213e-12
18.6 1.15858e-12 1.38348e-11 -1.63187e-13 6.83582e-12
18.625 1.0565e-12 1.27373e-11 -1.50812e-13 6.29322e-12
18.65 9.63105e-13 1.17219e-11 -1.39311e-13 5.79131e-12
18.675 8.77673e-13 1.07831e-11 -1.28628e-13 5.32726e-12
18.7 7.99556e-13 9.91547e-12 -1.18711e-13 4.89838e-12
18.725 7.28156e-13 9.11391e-12 -1.09509e-13 4.5022e-12
18.75 6.62916e-13 8.37375e-12 -1.00974e-13 4.13639e-12
18.775 6.03328e-13 7.69058e-12 -9.30632e-14 3.79876e-12
18.8 5.4892e-13 7.06029e-12 -8.57338e-14 3.48728e-12
18.825 4.99261e-13 6.47906e-12 -7.89465e-14 3.20005e-12
18.85 4.53951e-13 5.94328e-12 -7.26645e-14 2.93531e-12
18.875 4.12623e-13 5.44963e-12 -6.68529e-14 2.69139e-12
18.9 3.74941e-13 4.99499e-12 -6.14791e-14 2.46676e-12
18.925 3.40595e-13 4.57646e-12 -5.65126e-14 2.25997e-12
18.95 3.093e-13 4.19134e-12 -5.19248e-14 2.06971e-12
18.975 2.80794e-13 3.8371e-12 -4.76888e-14 1.89471e-12
19 2.54839e-13 3.51142e-12 -4.37795e-14 1.73382e-12
19.025 2.31212e-13 3.21211e-12 -4.01734e-14 1.58597e-12
19.05 2.09713e-13 2.93717e-12 -3.68486e-14 1.45016e-12
19.075 1.90157e-13 2.68471e-12 -3.37846e-14 1.32546e-12
19.1 1.72373e-13 2.45299e-12 -3.09622e-14 1.21102e-12
19.125 1.56206e-13 2.2404e-12 -2.83636e-14 1.10602e-12
19.15 1.41514e-13 2.04544e-12 -2.59722e-14 1.00973e-12
19.175 1.28167e-13 1.86672e-12 -2.37724e-14 9.21476e-13
19.2 1.16045e-13 1.70296e-12 -2.17499e-14 8.40607e-13
19.225 1.05039e-13 1.55297e-12 -1.98912e-14 7.66541e-13
19.25 9.50504e-14 1.41565e-12 -1.81838e-14 6.98732e-13
19.275 8.59868e-14 1.28997e-12 -1.6616e-14 6.36677e-13
19.3 7.77656e-14 1.175e-12 -1.51772e-14 5.79913e-13
19.325 7.03106e-14 1.06987e-12 -1.38573e-14 5.28008e-13
19.35 6.35526e-14 9.73779e-13 -1.2647e-14 4.80566e-13
19.375 5.74282e-14 8.8598e-13 -1.15377e-14 4.37221e-13
19.4 5.18796e-14 8.05792e-13 -1.05215e-14 3.97635e-13
19.425 4.68543e-14 7.32586e-13 -9.59085e-15 3.61497e-13
19.45 4.23042e-14 6.65779e-13 -8.73901e-15 3.2852e-13
19.475 3.81857e-14 6.04837e-13 -7.95964e-15 2.98439e-13
19.5 3.44587e-14 5.49268e-13 -7.24686e-15 2.71011e-13
19.525 3.10872e-14 4.98618e-13 -6.59529e-15 2.46011e-13
19.55 2.80381e-14 4.5247e-13 -5.99991e-15 2.23235e-13
19.575 2.52813e-14 4.1044e-13 -5.45611e-15 2.02492e-13
19.6 2.27896e-14 3.72176e-13 -4.95964e-15 1.83608e-13
19.625 2.0538e-14 3.37354e-13 -4.50656e-15 1.66424e-13
19.65 1.8504e-14 3.05677e-13 -4.09327e-15 1.50792e-13
19.675 1.66671e-14 2.76873e-13 -3.71642e-15 1.36578e-13
19.7 1.50087e-14 2.5069e-13 -3.37295e-15 1.23659e-13
19.725 1.35118e-14 2.269e-13 -3.06003e-15 1.1192e-13
19.75 1.21611e-14 2.05293e-13 -2.77507e-15 1.01259e-13
19.775 1.09426e-14 1.85675e-13 -2.51567e-15 9.15798e-14
19.8 9.84366e-15 1.67871e-13 -2.27963e-15 8.27957e-14
19.825 8.85285e-15 1.51719e-13 -2.06495e-15 7.48269e-14
19.85 7.95975e-15 1.37071e-13 -1.86976e-15 6.76005e-14
19.875 7.15496e-15 1.23792e-13 -1.69238e-15 6.105e-14
19.9 6.42992e-15 1.1176e-13 -1.53124e-15 5.51142e-14
19.925 5.7769e-15 1.0086e-13 -1.38492e-15 4.97377e-14
19.95 5.18892e-15 9.0991e-14 -1.2521e-15 4.48694e-14
19.975 4.65962e-15 8.2058e-14 -1.1316e-15 4.04632e-14
20 4.18328e-15 7.39754e-14 -1.0223e-15 3.64766e-14
