0 9.62542e-05 -6.36366e-05
0.025 9.62542e-05 -6.36366e-05
0.05 0.000192289 -0.000127072
0.075 0.000287884 -0.000190107
0.1 0.000382823 -0.000252541
0.125 0.000476889 -0.000314179
0.15 0.000569868 -0.000374827
0.175 0.00066155 -0.000434296
0.2 0.000751727 -0.000492401
0.225 0.000840198 -0.000548961
0.25 0.000926764 -0.000603802
0.275 0.00101123 -0.000656757
0.3 0.00109342 -0.000707665
0.325 0.00117314 -0.000756373
0.35 0.00125022 -0.000802736
0.375 0.00132449 -0.000846619
0.4 0.0013958 -0.000887894
0.425 0.001464 -0.000926444
0.45 0.00152895 -0.000962161
0.475 0.0015905 -0.000994949
0.5 0.00164855 -0.00102472
0.525 0.00170297 -0.0010514
0.55 0.00175366 -0.00107492
0.575 0.00180053 -0.00109523
0.6 0.00184349 -0.00111229
0.625 0.00188248 -0.00112607
0.65 0.00191743 -0.00113654
0.675 0.00194828 -0.00114369
0.7 0.00197501 -0.00114754
0.725 0.00199758 -0.00114808
0.75 0.00201598 -0.00114535
0.775 0.0020302 -0.00113938
0.8 0.00204024 -0.00113022
0.825 0.00204612 -0.00111791
0.85 0.00204788 -0.00110253
0.875 0.00204554 -0.00108414
0.9 0.00203917 -0.00106284
0.925 0.00202881 -0.0010387
0.95 0.00201454 -0.00101182
0.975 0.00199645 -0.00098232
1 0.00197463 -0.000950302
1.025 0.00194917 -0.000915888
1.05 0.00192019 -0.0008792
1.075 0.00188781 -0.000840369
1.1 0.00185216 -0.00079953
1.125 0.00181337 -0.000756818
1.15 0.00177161 -0.000712378
1.175 0.00172702 -0.000666351
1.2 0.00167976 -0.000618885
1.225 0.00163 -0.000570128
1.25 0.00157792 -0.000520229
1.275 0.00152371 -0.000469337
1.3 0.00146755 -0.000417601
1.325 0.00140964 -0.000365169
1.35 0.00135017 -0.000312189
1.375 0.00128935 -0.000258806
1.4 0.00122738 -0.000205163
1.425 0.00116448 -0.0001514
1.45 0.00110085 -9.76543e-05
1.475 0.00103672 -4.4058e-05
1.5 0.000972294 9.25977e-06
1.525 0.000907797 6.21748e-05
1.55 0.000843446 0.000114568
1.575 0.000779457 0.000166325
1.6 0.000716049 0.000217338
1.625 0.000653438 0.000267505
1.65 0.000591838 0.000316729
1.675 0.000531461 0.000364921
1.7 0.000472515 0.000411998
1.725 0.000415206 0.000457883
1.75 0.000359735 0.000502507
1.775 0.000306297 0.000545808
1.8 0.000255084 0.000587729
1.825 0.00020628 0.000628223
1.85 0.000160063 0.000667248
1.875 0.000116604 0.000704769
1.9 7.60668e-05 0.00074076
1.925 3.86055e-05 0.0007752
1.95 4.36648e-06 0.000808075
1.975 -2.65136e-05 0.000839376
2 -5.39079e-05 0.000869104
2.025 -7.77e-05 0.000897262
2.05 -9.77845e-05 0.000923862
2.075 -0.000114067 0.00094892
2.1 -0.000126466 0.000972456
2.125 -0.00013491 0.000994498
2.15 -0.000139343 0.00101508
2.175 -0.00013972 0.00103422
2.2 -0.000136011 0.00105198
2.225 -0.000128197 0.00106839
2.25 -0.000116277 0.00108349
2.275 -0.00010026 0.00109733
2.3 -8.01732e-05 0.00110996
2.325 -5.60563e-05 0.00112143
2.35 -2.79646e-05 0.00113179
2.375 4.03176e-06 0.00114109
2.4 3.98476e-05 0.00114938
2.425 7.93827e-05 0.00115671
2.45 0.000122522 0.00116313
2.475 0.000169135 0.00116869
2.5 0.000219076 0.00117342
2.525 0.000272187 0.00117738
2.55 0.000328292 0.00118059
2.575 0.000387204 0.0011831
2.6 0.00044872 0.00118494
2.625 0.000512625 0.00118612
2.65 0.000578689 0.00118667
2.675 0.000646673 0.00118661
2.7 0.000716321 0.00118594
2.725 0.00078737 0.00118467
2.75 0.000859544 0.00118279
2.775 0.000932557 0.00118029
2.8 0.00100611 0.00117716
2.825 0.00107991 0.00117336
2.85 0.00115364 0.00116887
2.875 0.00122698 0.00116365
2.9 0.00129961 0.00115764
2.925 0.00137119 0.0011508
2.95 0.0014414 0.00114305
2.975 0.00150991 0.00113434
3 0.00157636 0.00112458
3.025 0.00164043 0.00111368
3.05 0.00170178 0.00110156
3.075 0.00176007 0.00108812
3.1 0.00181496 0.00107325
3.125 0.00186614 0.00105684
3.15 0.00191327 0.00103877
3.175 0.00195604 0.00101893
3.2 0.00199414 0.000997179
3.225 0.00202727 0.000973398
3.25 0.00205513 0.00094745
3.275 0.00207745 0.000919199
3.3 0.00209396 0.000888507
3.325 0.00210441 0.000855234
3.35 0.00210855 0.00081924
3.375 0.00210616 0.000780386
3.4 0.00209704 0.000738533
3.425 0.002081 0.000693544
3.45 0.00205786 0.000645284
3.475 0.00202747 0.000593624
3.5 0.00198971 0.000538436
3.525 0.00194445 0.0004796
3.55 0.00189162 0.000417
3.575 0.00183115 0.000350529
3.6 0.00176298 0.000280086
3.625 0.00168711 0.00020558
3.65 0.00160353 0.000126928
3.675 0.00151228 4.40584e-05
3.7 0.00141339 -4.30913e-05
3.725 0.00130695 -0.00013457
3.75 0.00119305 -0.000230417
3.775 0.00107182 -0.000330655
3.8 0.000943404 -0.000435298
3.825 0.000807971 -0.000544342
3.85 0.000665714 -0.000657771
3.875 0.00051685 -0.000775554
3.9 0.000361615 -0.000897646
3.925 0.000200271 -0.00102398
3.95 3.30971e-05 -0.00115449
3.975 -0.000139606 -0.00128908
4 -0.00031752 -0.00142763
4.025 -0.000500306 -0.00157003
4.05 -0.000687611 -0.00171614
4.075 -0.000879063 -0.00186581
4.1 -0.00107428 -0.00201885
4.125 -0.00127286 -0.0021751
4.15 -0.00147439 -0.00233435
4.175 -0.00167845 -0.00249639
4.2 -0.00188462 -0.002661
4.225 -0.00209244 -0.00282793
4.25 -0.00230148 -0.00299695
4.275 -0.00251128 -0.00316777
4.3 -0.0027214 -0.00334014
4.325 -0.00293137 -0.00351378
4.35 -0.00314073 -0.00368839
4.375 -0.00334904 -0.00386367
4.4 -0.00355584 -0.00403931
4.425 -0.00376068 -0.00421502
4.45 -0.00396312 -0.00439047
4.475 -0.00416271 -0.00456534
4.5 -0.00435904 -0.00473931
4.525 -0.00455169 -0.00491205
4.55 -0.00474025 -0.00508325
4.575 -0.00492432 -0.00525257
4.6 -0.00510353 -0.0054197
4.625 -0.00527752 -0.00558431
4.65 -0.00544592 -0.00574609
4.675 -0.00560842 -0.00590473
4.7 -0.0057647 -0.00605992
4.725 -0.00591446 -0.00621137
4.75 -0.00605743 -0.00635879
4.775 -0.00619336 -0.0065019
4.8 -0.006322 -0.00664042
4.825 -0.00644317 -0.00677411
4.85 -0.00655665 -0.0069027
4.875 -0.00666229 -0.00702597
4.9 -0.00675995 -0.0071437
4.925 -0.0068495 -0.00725568
4.95 -0.00693084 -0.00736171
4.975 -0.00700391 -0.00746162
5 -0.00706864 -0.00755524
5.025 -0.00712502 -0.00764243
5.05 -0.00717303 -0.00772306
5.075 -0.0072127 -0.00779701
5.1 -0.00724405 -0.00786419
5.125 -0.00726715 -0.00792452
5.15 -0.00728208 -0.00797794
5.175 -0.00728894 -0.00802439
5.2 -0.00728784 -0.00806386
5.225 -0.00727893 -0.00809633
5.25 -0.00726235 -0.0081218
5.275 -0.00723829 -0.0081403
5.3 -0.00720692 -0.00815186
5.325 -0.00716845 -0.00815655
5.35 -0.0071231 -0.00815441
5.375 -0.00707109 -0.00814555
5.4 -0.00701267 -0.00813006
5.425 -0.00694809 -0.00810805
5.45 -0.00687761 -0.00807964
5.475 -0.00680149 -0.00804497
5.5 -0.00672003 -0.0080042
5.525 -0.00663348 -0.00795748
5.55 -0.00654216 -0.00790499
5.575 -0.00644634 -0.0078469
5.6 -0.00634633 -0.0077834
5.625 -0.00624242 -0.0077147
5.65 -0.00613491 -0.00764101
5.675 -0.0060241 -0.00756252
5.7 -0.00591028 -0.00747946
5.725 -0.00579376 -0.00739206
5.75 -0.00567482 -0.00730054
5.775 -0.00555375 -0.00720513
5.8 -0.00543084 -0.00710606
5.825 -0.00530636 -0.00700358
5.85 -0.00518059 -0.00689791
5.875 -0.0050538 -0.0067893
5.9 -0.00492624 -0.00667797
5.925 -0.00479817 -0.00656418
5.95 -0.00466982 -0.00644815
5.975 -0.00454144 -0.00633011
6 -0.00441325 -0.00621029
6.025 -0.00428547 -0.00608892
6.05 -0.00415829 -0.00596621
6.075 -0.00403192 -0.0058424
6.1 -0.00390655 -0.00571768
6.125 -0.00378234 -0.00559227
6.15 -0.00365946 -0.00546637
6.175 -0.00353808 -0.00534018
6.2 -0.00341832 -0.00521387
6.225 -0.00330032 -0.00508764
6.25 -0.00318422 -0.00496166
6.275 -0.00307011 -0.00483609
6.3 -0.0029581 -0.0047111
6.325 -0.00284828 -0.00458685
6.35 -0.00274074 -0.00446347
6.375 -0.00263555 -0.00434111
6.4 -0.00253277 -0.00421989
6.425 -0.00243245 -0.00409994
6.45 -0.00233464 -0.00398137
6.475 -0.00223938 -0.00386429
6.5 -0.00214669 -0.0037488
6.525 -0.00205661 -0.00363499
6.55 -0.00196913 -0.00352294
6.575 -0.00188427 -0.00341273
6.6 -0.00180202 -0.00330443
6.625 -0.00172239 -0.00319811
6.65 -0.00164535 -0.00309381
6.675 -0.0015709 -0.00299159
6.7 -0.001499 -0.00289149
6.725 -0.00142963 -0.00279354
6.75 -0.00136275 -0.00269778
6.775 -0.00129834 -0.00260423
6.8 -0.00123635 -0.0025129
6.825 -0.00117674 -0.00242382
6.85 -0.00111946 -0.00233698
6.875 -0.00106446 -0.00225239
6.9 -0.00101169 -0.00217006
6.925 -0.000961109 -0.00208997
6.95 -0.000912648 -0.00201212
6.975 -0.000866255 -0.00193649
7 -0.000821873 -0.00186306
7.025 -0.000779445 -0.00179182
7.05 -0.00073891 -0.00172274
7.075 -0.000700211 -0.0016558
7.1 -0.000663287 -0.00159096
7.125 -0.00062808 -0.0015282
7.15 -0.000594529 -0.00146748
7.175 -0.000562576 -0.00140876
7.2 -0.000532162 -0.00135202
7.225 -0.00050323 -0.00129721
7.25 -0.000475723 -0.00124429
7.275 -0.000449584 -0.00119322
7.3 -0.000424758 -0.00114397
7.325 -0.000401192 -0.00109648
7.35 -0.000378831 -0.00105071
7.375 -0.000357626 -0.00100663
7.4 -0.000337524 -0.00096418
7.425 -0.000318477 -0.000923325
7.45 -0.000300438 -0.000884018
7.475 -0.00028336 -0.000846215
7.5 -0.000267199 -0.000809873
7.525 -0.00025191 -0.000774947
7.55 -0.000237453 -0.000741394
7.575 -0.000223786 -0.000709171
7.6 -0.000210871 -0.000678235
7.625 -0.000198671 -0.000648544
7.65 -0.000187149 -0.000620057
7.675 -0.000176271 -0.000592733
7.7 -0.000166003 -0.000566532
7.725 -0.000156315 -0.000541415
7.75 -0.000147175 -0.000517343
7.775 -0.000138554 -0.000494279
7.8 -0.000130425 -0.000472186
7.825 -0.000122762 -0.000451028
7.85 -0.000115538 -0.00043077
7.875 -0.00010873 -0.000411377
7.9 -0.000102315 -0.000392818
7.925 -9.62721e-05 -0.000375059
7.95 -9.05793e-05 -0.00035807
7.975 -8.52174e-05 -0.00034182
8 -8.01679e-05 -0.000326279
8.025 -7.5413e-05 -0.000311419
8.05 -7.09359e-05 -0.000297213
8.075 -6.67209e-05 -0.000283634
8.1 -6.27529e-05 -0.000270655
8.125 -5.90177e-05 -0.000258254
8.15 -5.55019e-05 -0.000246404
8.175 -5.21927e-05 -0.000235083
8.2 -4.90783e-05 -0.00022427
8.225 -4.61472e-05 -0.000213941
8.25 -4.33888e-05 -0.000204077
8.275 -4.07931e-05 -0.000194658
8.3 -3.83504e-05 -0.000185665
8.325 -3.6052e-05 -0.000177078
8.35 -3.38892e-05 -0.000168882
8.375 -3.18542e-05 -0.000161057
8.4 -2.99395e-05 -0.000153589
8.425 -2.8138e-05 -0.000146462
8.45 -2.6443e-05 -0.00013966
8.475 -2.48484e-05 -0.000133169
8.5 -2.33482e-05 -0.000126976
8.525 -2.19369e-05 -0.000121067
8.55 -2.06093e-05 -0.00011543
8.575 -1.93605e-05 -0.000110052
8.6 -1.81858e-05 -0.000104922
8.625 -1.70809e-05 -0.000100029
8.65 -1.60417e-05 -9.53612e-05
8.675 -1.50644e-05 -9.09099e-05
8.7 -1.41454e-05 -8.66647e-05
8.725 -1.32812e-05 -8.26165e-05
8.75 -1.24686e-05 -7.87562e-05
8.775 -1.17047e-05 -7.50754e-05
8.8 -1.09866e-05 -7.1566e-05
8.825 -1.03115e-05 -6.82201e-05
8.85 -9.67709e-06 -6.50303e-05
8.875 -9.08087e-06 -6.19896e-05
8.9 -8.52064e-06 -5.90911e-05
8.925 -7.9943e-06 -5.63283e-05
8.95 -7.49985e-06 -5.36951e-05
8.975 -7.03545e-06 -5.11854e-05
9 -6.59932e-06 -4.87938e-05
9.025 -6.1898e-06 -4.65146e-05
9.05 -5.80535e-06 -4.43428e-05
9.075 -5.44447e-06 -4.22734e-05
9.1 -5.10578e-06 -4.03018e-05
9.125 -4.78798e-06 -3.84233e-05
9.15 -4.48982e-06 -3.66337e-05
9.175 -4.21015e-06 -3.49289e-05
9.2 -3.94786e-06 -3.33049e-05
9.225 -3.70191e-06 -3.1758e-05
9.25 -3.47133e-06 -3.02846e-05
9.275 -3.25519e-06 -2.88812e-05
9.3 -3.05264e-06 -2.75447e-05
9.325 -2.86284e-06 -2.62718e-05
9.35 -2.68502e-06 -2.50595e-05
9.375 -2.51845e-06 -2.39051e-05
9.4 -2.36245e-06 -2.28057e-05
9.425 -2.21637e-06 -2.17588e-05
9.45 -2.07959e-06 -2.0762e-05
9.475 -1.95155e-06 -1.98127e-05
9.5 -1.83169e-06 -1.89088e-05
9.525 -1.71951e-06 -1.8048e-05
9.55 -1.61452e-06 -1.72284e-05
9.575 -1.51628e-06 -1.64479e-05
9.6 -1.42435e-06 -1.57046e-05
9.625 -1.33833e-06 -1.49968e-05
9.65 -1.25785e-06 -1.43228e-05
9.675 -1.18255e-06 -1.36808e-05
9.7 -1.11209e-06 -1.30694e-05
9.725 -1.04617e-06 -1.2487e-05
9.75 -9.84488e-07 -1.19323e-05
9.775 -9.26765e-07 -1.14039e-05
9.8 -8.72743e-07 -1.09004e-05
9.825 -8.22179e-07 -1.04207e-05
9.85 -7.74844e-07 -9.96366e-06
9.875 -7.30523e-07 -9.52806e-06
9.9 -6.89016e-07 -9.11289e-06
9.925 -6.50135e-07 -8.71713e-06
9.95 -6.13703e-07 -8.33983e-06
9.975 -5.79556e-07 -7.98008e-06
10 -5.4754e-07 -7.63699e-06
10.025 -5.1751e-07 -7.30976e-06
10.05 -4.89333e-07 -6.99759e-06
10.075 -4.62882e-07 -6.69973e-06
10.1 -4.3804e-07 -6.41549e-06
10.125 -4.14697e-07 -6.14418e-06
10.15 -3.92752e-07 -5.88517e-06
10.175 -3.7211e-07 -5.63785e-06
10.2 -3.5268e-07 -5.40164e-06
10.225 -3.34382e-07 -5.176e-06
10.25 -3.17139e-07 -4.96041e-06
10.275 -3.00878e-07 -4.75437e-06
10.3 -2.85533e-07 -4.55743e-06
10.325 -2.71044e-07 -4.36912e-06
10.35 -2.57352e-07 -4.18905e-06
10.375 -2.44404e-07 -4.0168e-06
10.4 -2.32151e-07 -3.852e-06
10.425 -2.20548e-07 -3.69429e-06
10.45 -2.09552e-07 -3.54334e-06
10.475 -1.99124e-07 -3.39881e-06
10.5 -1.89228e-07 -3.26041e-06
10.525 -1.7983e-07 -3.12785e-06
10.55 -1.70898e-07 -3.00084e-06
10.575 -1.62406e-07 -2.87914e-06
10.6 -1.54325e-07 -2.76249e-06
10.625 -1.46631e-07 -2.65065e-06
10.65 -1.39303e-07 -2.54342e-06
10.675 -1.32318e-07 -2.44057e-06
10.7 -1.25659e-07 -2.34192e-06
10.725 -1.19306e-07 -2.24726e-06
10.75 -1.13244e-07 -2.15642e-06
10.775 -1.07458e-07 -2.06923e-06
10.8 -1.01933e-07 -1.98552e-06
10.825 -9.66562e-08 -1.90515e-06
10.85 -9.16164e-08 -1.82797e-06
10.875 -8.68021e-08 -1.75384e-06
10.9 -8.22029e-08 -1.68263e-06
10.925 -7.78094e-08 -1.61422e-06
10.95 -7.36126e-08 -1.54848e-06
10.975 -6.96042e-08 -1.48531e-06
11 -6.57764e-08 -1.42459e-06
11.025 -6.2122e-08 -1.36624e-06
11.05 -5.86341e-08 -1.31014e-06
11.075 -5.53061e-08 -1.25621e-06
11.1 -5.21321e-08 -1.20437e-06
11.125 -4.91062e-08 -1.15452e-06
11.15 -4.62229e-08 -1.1066e-06
11.175 -4.34769e-08 -1.06053e-06
11.2 -4.08632e-08 -1.01623e-06
11.225 -3.83768e-08 -9.73635e-07
11.25 -3.60131e-08 -9.32687e-07
11.275 -3.37675e-08 -8.93321e-07
11.3 -3.16357e-08 -8.55479e-07
11.325 -2.96133e-08 -8.19104e-07
11.35 -2.76963e-08 -7.84142e-07
11.375 -2.58805e-08 -7.50544e-07
11.4 -2.41619e-08 -7.1826e-07
11.425 -2.25368e-08 -6.87242e-07
11.45 -2.10014e-08 -6.57448e-07
11.475 -1.95518e-08 -6.28832e-07
11.5 -1.81846e-08 -6.01354e-07
11.525 -1.6896e-08 -5.74975e-07
11.55 -1.56828e-08 -5.49656e-07
11.575 -1.45415e-08 -5.2536e-07
11.6 -1.34687e-08 -5.02052e-07
11.625 -1.24613e-08 -4.79698e-07
11.65 -1.15161e-08 -4.58264e-07
11.675 -1.06301e-08 -4.37718e-07
11.7 -9.80025e-09 -4.1803e-07
11.725 -9.02369e-09 -3.99169e-07
11.75 -8.29765e-09 -3.81106e-07
11.775 -7.61943e-09 -3.63812e-07
11.8 -6.98643e-09 -3.47261e-07
11.825 -6.39615e-09 -3.31425e-07
11.85 -5.84617e-09 -3.16278e-07
11.875 -5.33421e-09 -3.01795e-07
11.9 -4.85805e-09 -2.8795e-07
11.925 -4.41558e-09 -2.74721e-07
11.95 -4.00481e-09 -2.62083e-07
11.975 -3.62382e-09 -2.50013e-07
12 -3.2708e-09 -2.3849e-07
12.025 -2.94404e-09 -2.2749e-07
12.05 -2.64191e-09 -2.16994e-07
12.075 -2.36289e-09 -2.06981e-07
12.1 -2.10552e-09 -1.9743e-07
12.125 -1.86846e-09 -1.88322e-07
12.15 -1.65043e-09 -1.79638e-07
12.175 -1.45024e-09 -1.7136e-07
12.2 -1.26676e-09 -1.6347e-07
12.225 -1.09894e-09 -1.55951e-07
12.25 -9.45801e-10 -1.48786e-07
12.275 -8.06425e-10 -1.41959e-07
12.3 -6.7995e-10 -1.35454e-07
12.325 -5.65572e-10 -1.29257e-07
12.35 -4.62537e-10 -1.23352e-07
12.375 -3.70137e-10 -1.17727e-07
12.4 -2.87709e-10 -1.12368e-07
12.425 -2.1463e-10 -1.07262e-07
12.45 -1.5031e-10 -1.02397e-07
12.475 -9.41933e-11 -9.77607e-08
12.5 -4.57544e-11 -9.33431e-08
12.525 -4.49278e-12 -8.91332e-08
12.55 3.00683e-11 -8.51208e-08
12.575 5.83844e-11 -8.12966e-08
12.6 8.08923e-11 -7.76513e-08
12.625 9.80122e-11 -7.41765e-08
12.65 1.10149e-10 -7.0864e-08
12.675 1.17695e-10 -6.77061e-08
12.7 1.21031e-10 -6.46956e-08
12.725 1.20524e-10 -6.18256e-08
12.75 1.16534e-10 -5.90897e-08
12.775 1.09411e-10 -5.64817e-08
12.8 9.94954e-11 -5.39958e-08
12.825 8.71194e-11 -5.16267e-08
12.85 7.26072e-11 -4.93691e-08
12.875 5.62742e-11 -4.72182e-08
12.9 3.84279e-11 -4.51693e-08
12.925 1.93669e-11 -4.3218e-08
12.95 -6.18907e-13 -4.13602e-08
12.975 -2.12489e-11 -3.95917e-08
13 -4.2252e-11 -3.79088e-08
13.025 -6.33671e-11 -3.63077e-08
13.05 -8.43436e-11 -3.47849e-08
13.075 -1.04942e-10 -3.33369e-08
13.1 -1.24933e-10 -3.19603e-08
13.125 -1.44101e-10 -3.06517e-08
13.15 -1.6224e-10 -2.9408e-08
13.175 -1.79159e-10 -2.82259e-08
13.2 -1.94678e-10 -2.71024e-08
13.225 -2.0863e-10 -2.60342e-08
13.25 -2.20862e-10 -2.50182e-08
13.275 -2.31233e-10 -2.40515e-08
13.3 -2.39616e-10 -2.31309e-08
13.325 -2.45896e-10 -2.22533e-08
13.35 -2.49973e-10 -2.14157e-08
13.375 -2.51758e-10 -2.06151e-08
13.4 -2.51175e-10 -1.98483e-08
13.425 -2.48161e-10 -1.91123e-08
13.45 -2.42662e-10 -1.84042e-08
13.475 -2.3464e-10 -1.77209e-08
13.5 -2.24064e-10 -1.70593e-08
13.525 -2.10916e-10 -1.64167e-08
13.55 -1.95185e-10 -1.57899e-08
13.575 -1.76872e-10 -1.51762e-08
13.6 -1.55985e-10 -1.45726e-08
13.625 -1.32541e-10 -1.39765e-08
13.65 -1.06565e-10 -1.33852e-08
13.675 -7.80856e-11 -1.27959e-08
13.7 -4.71417e-11 -1.22063e-08
13.725 -1.37754e-11 -1.16137e-08
13.75 2.19655e-11 -1.1016e-08
13.775 6.00289e-11 -1.0411e-08
13.8 1.00359e-10 -9.79645e-09
13.825 1.42895e-10 -9.17054e-09
13.85 1.87576e-10 -8.53144e-09
13.875 2.34336e-10 -7.87752e-09
13.9 2.83108e-10 -7.20727e-09
13.925 3.33823e-10 -6.51939e-09
13.95 3.86409e-10 -5.81273e-09
13.975 4.40796e-10 -5.0863e-09
14 4.96909e-10 -4.3393e-09
14.025 5.54676e-10 -3.57113e-09
14.05 6.1402e-10 -2.78134e-09
14.075 6.74867e-10 -1.96967e-09
14.1 7.37141e-10 -1.13606e-09
14.125 8.00764e-10 -2.80616e-10
14.15 8.65659e-10 5.96376e-10
14.175 9.31748e-10 1.49445e-09
14.2 9.98952e-10 2.41297e-09
14.225 1.06719e-09 3.35114e-09
14.25 1.13639e-09 4.308e-09
14.275 1.20645e-09 5.28243e-09
14.3 1.27731e-09 6.27316e-09
14.325 1.34888e-09 7.27881e-09
14.35 1.42106e-09 8.29784e-09
14.375 1.49379e-09 9.3286e-09
14.4 1.56695e-09 1.03693e-08
14.425 1.64048e-09 1.14182e-08
14.45 1.71427e-09 1.24732e-08
14.475 1.78824e-09 1.35324e-08
14.5 1.86228e-09 1.45936e-08
14.525 1.9363e-09 1.56548e-08
14.55 2.01021e-09 1.67137e-08
14.575 2.0839e-09 1.77681e-08
14.6 2.15727e-09 1.88157e-08
14.625 2.23022e-09 1.98544e-08
14.65 2.30265e-09 2.08819e-08
14.675 2.37444e-09 2.18959e-08
14.7 2.4455e-09 2.28942e-08
14.725 2.51571e-09 2.38747e-08
14.75 2.58497e-09 2.48352e-08
14.775 2.65316e-09 2.57737e-08
14.8 2.72018e-09 2.66881e-08
14.825 2.78593e-09 2.75766e-08
14.85 2.85028e-09 2.84372e-08
14.875 2.91314e-09 2.92682e-08
14.9 2.9744e-09 3.00679e-08
14.925 3.03396e-09 3.08347e-08
14.95 3.0917e-09 3.15671e-08
14.975 3.14754e-09 3.22639e-08
15 3.20137e-09 3.29237e-08
15.025 3.2531e-09 3.35454e-08
15.05 3.30264e-09 3.4128e-08
15.075 3.3499e-09 3.46706e-08
15.1 3.39479e-09 3.51725e-08
15.125 3.43723e-09 3.56329e-08
15.15 3.47716e-09 3.60515e-08
15.175 3.51449e-09 3.64278e-08
15.2 3.54917e-09 3.67616e-08
15.225 3.58114e-09 3.70526e-08
15.25 3.61034e-09 3.7301e-08
15.275 3.63672e-09 3.75067e-08
15.3 3.66024e-09 3.767e-08
15.325 3.68087e-09 3.77913e-08
15.35 3.69858e-09 3.78709e-08
15.375 3.71335e-09 3.79094e-08
15.4 3.72515e-09 3.79075e-08
15.425 3.73399e-09 3.78658e-08
15.45 3.73986e-09 3.77853e-08
15.475 3.74275e-09 3.76667e-08
15.5 3.74269e-09 3.7511e-08
15.525 3.7397e-09 3.73195e-08
15.55 3.73379e-09 3.7093e-08
15.575 3.72499e-09 3.68329e-08
15.6 3.71335e-09 3.65404e-08
15.625 3.6989e-09 3.62168e-08
15.65 3.6817e-09 3.58634e-08
15.675 3.66179e-09 3.54815e-08
15.7 3.63924e-09 3.50727e-08
15.725 3.61412e-09 3.46383e-08
15.75 3.58649e-09 3.41797e-08
15.775 3.55642e-09 3.36985e-08
15.8 3.52401e-09 3.31961e-08
15.825 3.48932e-09 3.2674e-08
15.85 3.45244e-09 3.21337e-08
15.875 3.41348e-09 3.15766e-08
15.9 3.37251e-09 3.10043e-08
15.925 3.32963e-09 3.04182e-08
15.95 3.28495e-09 2.98197e-08
15.975 3.23856e-09 2.92103e-08
16 3.19056e-09 2.85913e-08
16.025 3.14106e-09 2.7964e-08
16.05 3.09015e-09 2.733e-08
16.075 3.03796e-09 2.66904e-08
16.1 2.98457e-09 2.60464e-08
16.125 2.9301e-09 2.53994e-08
16.15 2.87465e-09 2.47505e-08
16.175 2.81832e-09 2.41008e-08
16.2 2.76122e-09 2.34514e-08
16.225 2.70344e-09 2.28034e-08
16.25 2.6451e-09 2.21578e-08
16.275 2.58629e-09 2.15155e-08
16.3 2.5271e-09 2.08775e-08
16.325 2.46763e-09 2.02445e-08
16.35 2.40797e-09 1.96174e-08
16.375 2.34822e-09 1.8997e-08
16.4 2.28846e-09 1.83839e-08
16.425 2.22877e-09 1.77789e-08
16.45 2.16924e-09 1.71824e-08
16.475 2.10995e-09 1.65952e-08
16.5 2.05097e-09 1.60176e-08
16.525 1.99236e-09 1.54503e-08
16.55 1.93422e-09 1.48935e-08
16.575 1.87658e-09 1.43477e-08
16.6 1.81953e-09 1.38132e-08
16.625 1.76311e-09 1.32903e-08
16.65 1.70739e-09 1.27792e-08
16.675 1.65241e-09 1.22803e-08
16.7 1.59822e-09 1.17936e-08
16.725 1.54486e-09 1.13193e-08
16.75 1.49238e-09 1.08575e-08
16.775 1.44081e-09 1.04082e-08
16.8 1.39018e-09 9.97165e-09
16.825 1.34054e-09 9.5477e-09
16.85 1.2919e-09 9.13639e-09
16.875 1.24428e-09 8.73766e-09
16.9 1.19772e-09 8.35147e-09
16.925 1.15222e-09 7.97771e-09
16.95 1.1078e-09 7.61629e-09
16.975 1.06448e-09 7.26708e-09
17 1.02226e-09 6.92992e-09
17.025 9.81149e-10 6.60466e-09
17.05 9.41153e-10 6.29111e-09
17.075 9.02274e-10 5.98909e-09
17.1 8.6451e-10 5.69838e-09
17.125 8.27859e-10 5.41877e-09
17.15 7.92317e-10 5.15004e-09
17.175 7.57876e-10 4.89194e-09
17.2 7.24529e-10 4.64424e-09
17.225 6.92266e-10 4.40667e-09
17.25 6.61075e-10 4.179e-09
17.275 6.30942e-10 3.96095e-09
17.3 6.01854e-10 3.75226e-09
17.325 5.73794e-10 3.55267e-09
17.35 5.46746e-10 3.3619e-09
17.375 5.20692e-10 3.1797e-09
17.4 4.95614e-10 3.00578e-09
17.425 4.71491e-10 2.83989e-09
17.45 4.48304e-10 2.68175e-09
17.475 4.2603e-10 2.5311e-09
17.5 4.0465e-10 2.38767e-09
17.525 3.84141e-10 2.25121e-09
17.55 3.64481e-10 2.12145e-09
17.575 3.45646e-10 1.99816e-09
17.6 3.27615e-10 1.88106e-09
17.625 3.10364e-10 1.76993e-09
17.65 2.9387e-10 1.66453e-09
17.675 2.7811e-10 1.56461e-09
17.7 2.63061e-10 1.46995e-09
17.725 2.487e-10 1.38033e-09
17.75 2.35003e-10 1.29553e-09
17.775 2.21949e-10 1.21533e-09
17.8 2.09515e-10 1.13953e-09
17.825 1.97679e-10 1.06793e-09
17.85 1.86418e-10 1.00034e-09
17.875 1.75712e-10 9.36573e-10
17.9 1.65538e-10 8.7644e-10
17.925 1.55877e-10 8.19768e-10
17.95 1.46707e-10 7.6639e-10
17.975 1.3801e-10 7.1614e-10
18 1.29765e-10 6.68863e-10
18.025 1.21953e-10 6.24407e-10
18.05 1.14556e-10 5.82627e-10
18.075 1.07556e-10 5.43383e-10
18.1 1.00936e-10 5.06542e-10
18.125 9.46773e-11 4.71974e-10
18.15 8.87646e-11 4.39557e-10
18.175 8.31817e-11 4.09174e-10
18.2 7.79131e-11 3.80711e-10
18.225 7.29438e-11 3.54063e-10
18.25 6.82594e-11 3.29126e-10
18.275 6.3846e-11 3.05802e-10
18.3 5.969e-11 2.83999e-10
18.325 5.57787e-11 2.63628e-10
18.35 5.20995e-11 2.44605e-10
18.375 4.86406e-11 2.26851e-10
18.4 4.53904e-11 2.10288e-10
18.425 4.2338e-11 1.94844e-10
18.45 3.94729e-11 1.80452e-10
18.475 3.67848e-11 1.67047e-10
18.5 3.42643e-11 1.54567e-10
18.525 3.19021e-11 1.42955e-10
18.55 2.96893e-11 1.32155e-10
18.575 2.76176e-11 1.22115e-10
18.6 2.56789e-11 1.12787e-10
18.625 2.38657e-11 1.04125e-10
18.65 2.21706e-11 9.60847e-11
18.675 2.05868e-11 8.86254e-11
18.7 1.91077e-11 8.17086e-11
18.725 1.77271e-11 7.5298e-11
18.75 1.64389e-11 6.93593e-11
18.775 1.52377e-11 6.38605e-11
18.8 1.41181e-11 5.87715e-11
18.825 1.30751e-11 5.40641e-11
18.85 1.21039e-11 4.97116e-11
18.875 1.11999e-11 4.56893e-11
18.9 1.0359e-11 4.1974e-11
18.925 9.57715e-12 3.85437e-11
18.95 8.85048e-12 3.53782e-11
18.975 8.17545e-12 3.24584e-11
19 7.54868e-12 2.97666e-11
19.025 6.967e-12 2.7286e-11
19.05 6.42742e-12 2.50011e-11
19.075 5.92711e-12 2.28976e-11
19.1 5.46345e-12 2.09619e-11
19.125 5.03394e-12 1.91815e-11
19.15 4.63625e-12 1.75447e-11
19.175 4.26819e-12 1.60406e-11
19.2 3.92772e-12 1.4659e-11
19.225 3.6129e-12 1.33907e-11
19.25 3.32193e-12 1.22268e-11
19.275 3.05314e-12 1.11592e-11
19.3 2.80493e-12 1.01804e-11
19.325 2.57585e-12 9.28347e-12
19.35 2.3645e-12 8.46191e-12
19.375 2.16961e-12 7.70973e-12
19.4 1.98996e-12 7.02138e-12
19.425 1.82445e-12 6.39174e-12
19.45 1.67203e-12 5.81606e-12
19.475 1.53171e-12 5.28995e-12
19.5 1.40261e-12 4.80937e-12
19.525 1.28387e-12 4.37057e-12
19.55 1.17471e-12 3.9701e-12
19.575 1.0744e-12 3.60478e-12
19.6 9.82263e-13 3.27167e-12
19.625 8.97669e-13 2.96808e-12
19.65 8.20033e-13 2.6915e-12
19.675 7.48814e-13 2.43964e-12
19.7 6.8351e-13 2.21041e-12
19.725 6.23654e-13 2.00186e-12
19.75 5.68815e-13 1.81221e-12
19.775 5.18594e-13 1.63983e-12
19.8 4.72622e-13 1.4832e-12
19.825 4.30557e-13 1.34097e-12
19.85 3.92082e-13 1.21185e-12
19.875 3.56906e-13 1.0947e-12
19.9 3.24759e-13 9.88444e-13
19.925 2.95394e-13 8.92124e-13
19.95 2.68579e-13 8.04844e-13
19.975 2.44105e-13 7.25791e-13
20 2.21775e-13 6.54223e-13
