0 -0.000721115 -0.00073411
0.025 -0.000721115 -0.00073411
0.05 -0.00144144 -0.00146743
0.075 -0.00216019 -0.00219917
0.1 -0.00287656 -0.00292855
0.125 -0.00358978 -0.00365477
0.15 -0.00429907 -0.00437705
0.175 -0.00500364 -0.00509462
0.2 -0.00570272 -0.0058067
0.225 -0.00639555 -0.00651252
0.25 -0.00708136 -0.00721132
0.275 -0.00775939 -0.00790233
0.3 -0.00842891 -0.00858481
0.325 -0.00908917 -0.00925801
0.35 -0.00973945 -0.0099212
0.375 -0.010379 -0.0105737
0.4 -0.0110072 -0.0112147
0.425 -0.0116233 -0.0118436
0.45 -0.0122266 -0.0124596
0.475 -0.0128166 -0.0130622
0.5 -0.0133924 -0.0136506
0.525 -0.0139536 -0.0142242
0.55 -0.0144995 -0.0147824
0.575 -0.0150295 -0.0153246
0.6 -0.015543 -0.0158502
0.625 -0.0160396 -0.0163586
0.65 -0.0165187 -0.0168494
0.675 -0.0169798 -0.017322
0.7 -0.0174225 -0.0177759
0.725 -0.0178463 -0.0182107
0.75 -0.0182508 -0.0186259
0.775 -0.0186356 -0.0190211
0.8 -0.0190004 -0.0193961
0.825 -0.0193449 -0.0197503
0.85 -0.0196687 -0.0200836
0.875 -0.0199717 -0.0203957
0.9 -0.0202536 -0.0206863
0.925 -0.0205143 -0.0209552
0.95 -0.0207535 -0.0212022
0.975 -0.0209713 -0.0214273
1 -0.0211674 -0.0216304
1.025 -0.021342 -0.0218113
1.05 -0.021495 -0.0219702
1.075 -0.0216264 -0.0221069
1.1 -0.0217363 -0.0222217
1.125 -0.0218248 -0.0223145
1.15 -0.0218921 -0.0223856
1.175 -0.0219385 -0.022435
1.2 -0.021964 -0.0224631
1.225 -0.021969 -0.0224701
1.25 -0.0219538 -0.0224563
1.275 -0.0219187 -0.022422
1.3 -0.021864 -0.0223675
1.325 -0.0217903 -0.0222934
1.35 -0.0216979 -0.0222
1.375 -0.0215872 -0.0220878
1.4 -0.0214588 -0.0219572
1.425 -0.0213132 -0.0218089
1.45 -0.021151 -0.0216433
1.475 -0.0209726 -0.0214611
1.5 -0.0207788 -0.0212629
1.525 -0.02057 -0.0210492
1.55 -0.0203471 -0.0208208
1.575 -0.0201105 -0.0205782
1.6 -0.0198609 -0.0203222
1.625 -0.0195991 -0.0200535
1.65 -0.0193257 -0.0197728
1.675 -0.0190415 -0.0194808
1.7 -0.018747 -0.0191782
1.725 -0.0184432 -0.0188658
1.75 -0.0181305 -0.0185443
1.775 -0.0178098 -0.0182144
1.8 -0.0174819 -0.0178769
1.825 -0.0171472 -0.0175326
1.85 -0.0168067 -0.017182
1.875 -0.016461 -0.0168261
1.9 -0.0161108 -0.0164655
1.925 -0.0157568 -0.0161008
1.95 -0.0153995 -0.0157329
1.975 -0.0150398 -0.0153623
2 -0.0146782 -0.0149898
2.025 -0.0143154 -0.014616
2.05 -0.0139519 -0.0142415
2.075 -0.0135884 -0.0138669
2.1 -0.0132254 -0.0134929
2.125 -0.0128635 -0.01312
2.15 -0.0125032 -0.0127487
2.175 -0.0121449 -0.0123796
2.2 -0.0117893 -0.0120132
2.225 -0.0114366 -0.01165
2.25 -0.0110875 -0.0112903
2.275 -0.0107422 -0.0109347
2.3 -0.0104012 -0.0105835
2.325 -0.0100648 -0.0102372
2.35 -0.00973331 -0.00989592
2.375 -0.00940709 -0.00956014
2.4 -0.00908641 -0.00923013
2.425 -0.00877151 -0.00890613
2.45 -0.00846263 -0.00858841
2.475 -0.00815997 -0.00827716
2.5 -0.00786373 -0.00797259
2.525 -0.00757406 -0.00767486
2.55 -0.00729111 -0.00738412
2.575 -0.00701497 -0.00710047
2.6 -0.00674576 -0.00682403
2.625 -0.00648355 -0.00655487
2.65 -0.00622838 -0.00629303
2.675 -0.0059803 -0.00603857
2.7 -0.00573932 -0.00579149
2.725 -0.00550545 -0.00555179
2.75 -0.00527866 -0.00531946
2.775 -0.00505893 -0.00509446
2.8 -0.00484621 -0.00487674
2.825 -0.00464044 -0.00466623
2.85 -0.00444154 -0.00446287
2.875 -0.00424944 -0.00426656
2.9 -0.00406405 -0.0040772
2.925 -0.00388525 -0.00389468
2.95 -0.00371293 -0.00371888
2.975 -0.00354698 -0.00354967
3 -0.00338726 -0.00338693
3.025 -0.00323364 -0.0032305
3.05 -0.00308599 -0.00308024
3.075 -0.00294415 -0.002936
3.1 -0.00280799 -0.00279762
3.125 -0.00267734 -0.00266495
3.15 -0.00255205 -0.00253782
3.175 -0.00243198 -0.00241606
3.2 -0.00231696 -0.00229951
3.225 -0.00220683 -0.00218802
3.25 -0.00210143 -0.0020814
3.275 -0.00200062 -0.0019795
3.3 -0.00190423 -0.00188216
3.325 -0.00181211 -0.0017892
3.35 -0.0017241 -0.00170047
3.375 -0.00164005 -0.00161581
3.4 -0.00155981 -0.00153507
3.425 -0.00148324 -0.00145809
3.45 -0.00141019 -0.00138472
3.475 -0.00134053 -0.00131481
3.5 -0.00127411 -0.00124822
3.525 -0.00121079 -0.00118482
3.55 -0.00115046 -0.00112446
3.575 -0.00109298 -0.00106701
3.6 -0.00103823 -0.00101235
3.625 -0.000986089 -0.000960352
3.65 -0.000936446 -0.000910895
3.675 -0.000889186 -0.000863865
3.7 -0.000844204 -0.00081915
3.725 -0.000801395 -0.000776643
3.75 -0.000760661 -0.000736242
3.775 -0.000721905 -0.000697847
3.8 -0.000685036 -0.000661362
3.825 -0.000649965 -0.000626698
3.85 -0.000616608 -0.000593767
3.875 -0.000584884 -0.000562485
3.9 -0.000554716 -0.000532773
3.925 -0.000526029 -0.000504553
3.95 -0.000498753 -0.000477754
3.975 -0.000472821 -0.000452307
4 -0.000448167 -0.000428144
4.025 -0.000424731 -0.000405202
4.05 -0.000402454 -0.000383422
4.075 -0.00038128 -0.000362747
4.1 -0.000361156 -0.000343122
4.125 -0.000342031 -0.000324495
4.15 -0.000323858 -0.000306817
4.175 -0.000306589 -0.000290041
4.2 -0.000290183 -0.000274124
4.225 -0.000274597 -0.000259021
4.25 -0.000259792 -0.000244695
4.275 -0.00024573 -0.000231105
4.3 -0.000232376 -0.000218217
4.325 -0.000219696 -0.000205995
4.35 -0.000207657 -0.000194407
4.375 -0.00019623 -0.000183422
4.4 -0.000185384 -0.00017301
4.425 -0.000175092 -0.000163144
4.45 -0.000165327 -0.000153797
4.475 -0.000156066 -0.000144942
4.5 -0.000147282 -0.000136557
4.525 -0.000138955 -0.000128619
4.55 -0.000131062 -0.000121105
4.575 -0.000123582 -0.000113994
4.6 -0.000116496 -0.000107268
4.625 -0.000109785 -0.000100907
4.65 -0.000103431 -9.48931e-05
4.675 -9.74167e-05 -8.92097e-05
4.7 -9.17265e-05 -8.38403e-05
4.725 -8.63445e-05 -7.87695e-05
4.75 -8.12559e-05 -7.39826e-05
4.775 -7.64466e-05 -6.94654e-05
4.8 -7.19029e-05 -6.52045e-05
4.825 -6.76121e-05 -6.11871e-05
4.85 -6.35617e-05 -5.74009e-05
4.875 -5.974e-05 -5.38344e-05
4.9 -5.61356e-05 -5.04764e-05
4.925 -5.27378e-05 -4.73162e-05
4.95 -4.95362e-05 -4.43436e-05
4.975 -4.6521e-05 -4.15491e-05
5 -4.36828e-05 -3.89232e-05
5.025 -4.10125e-05 -3.64572e-05
5.05 -3.85015e-05 -3.41426e-05
5.075 -3.61415e-05 -3.19713e-05
5.1 -3.39246e-05 -2.99356e-05
5.125 -3.18432e-05 -2.80281e-05
5.15 -2.98901e-05 -2.62418e-05
5.175 -2.80585e-05 -2.457e-05
5.2 -2.63415e-05 -2.30062e-05
5.225 -2.47331e-05 -2.15444e-05
5.25 -2.3227e-05 -2.01786e-05
5.275 -2.18175e-05 -1.89033e-05
5.3 -2.04992e-05 -1.77131e-05
5.325 -1.92666e-05 -1.66031e-05
5.35 -1.81149e-05 -1.55683e-05
5.375 -1.70391e-05 -1.46042e-05
5.4 -1.60348e-05 -1.37063e-05
5.425 -1.50975e-05 -1.28706e-05
5.45 -1.42231e-05 -1.2093e-05
5.475 -1.34076e-05 -1.13699e-05
5.5 -1.26474e-05 -1.06975e-05
5.525 -1.19388e-05 -1.00725e-05
5.55 -1.12784e-05 -9.49178e-06
5.575 -1.0663e-05 -8.95221e-06
5.6 -1.00895e-05 -8.45092e-06
5.625 -9.5552e-06 -7.9852e-06
5.65 -9.0572e-06 -7.55249e-06
5.675 -8.59297e-06 -7.15036e-06
5.7 -8.16007e-06 -6.77655e-06
5.725 -7.75622e-06 -6.4289e-06
5.75 -7.37925e-06 -6.1054e-06
5.775 -7.02715e-06 -5.80418e-06
5.8 -6.69801e-06 -5.52346e-06
5.825 -6.39005e-06 -5.2616e-06
5.85 -6.1016e-06 -5.01706e-06
5.875 -5.83111e-06 -4.7884e-06
5.9 -5.57713e-06 -4.57429e-06
5.925 -5.33831e-06 -4.3735e-06
5.95 -5.1134e-06 -4.18488e-06
5.975 -4.90124e-06 -4.00737e-06
6 -4.70077e-06 -3.84001e-06
6.025 -4.51098e-06 -3.6819e-06
6.05 -4.33098e-06 -3.53221e-06
6.075 -4.15993e-06 -3.39019e-06
6.1 -3.99707e-06 -3.25517e-06
6.125 -3.84169e-06 -3.12652e-06
6.15 -3.69318e-06 -3.00367e-06
6.175 -3.55095e-06 -2.88612e-06
6.2 -3.41448e-06 -2.77341e-06
6.225 -3.28331e-06 -2.66513e-06
6.25 -3.15701e-06 -2.56091e-06
6.275 -3.03521e-06 -2.46043e-06
6.3 -2.91758e-06 -2.36339e-06
6.325 -2.80382e-06 -2.26955e-06
6.35 -2.69367e-06 -2.17869e-06
6.375 -2.5869e-06 -2.0906e-06
6.4 -2.48331e-06 -2.00512e-06
6.425 -2.38272e-06 -1.9221e-06
6.45 -2.28499e-06 -1.84144e-06
6.475 -2.18998e-06 -1.76301e-06
6.5 -2.09759e-06 -1.68673e-06
6.525 -2.00773e-06 -1.61254e-06
6.55 -1.9203e-06 -1.54036e-06
6.575 -1.83526e-06 -1.47015e-06
6.6 -1.75254e-06 -1.40187e-06
6.625 -1.67211e-06 -1.33549e-06
6.65 -1.59392e-06 -1.27098e-06
6.675 -1.51794e-06 -1.20832e-06
6.7 -1.44416e-06 -1.1475e-06
6.725 -1.37255e-06 -1.0885e-06
6.75 -1.30309e-06 -1.03131e-06
6.775 -1.23577e-06 -9.75932e-07
6.8 -1.17057e-06 -9.22344e-07
6.825 -1.10749e-06 -8.70542e-07
6.85 -1.04651e-06 -8.20519e-07
6.875 -9.87625e-07 -7.72264e-07
6.9 -9.30814e-07 -7.25768e-07
6.925 -8.76065e-07 -6.81017e-07
6.95 -8.23362e-07 -6.38e-07
6.975 -7.72688e-07 -5.96699e-07
7 -7.24024e-07 -5.57098e-07
7.025 -6.77348e-07 -5.19178e-07
7.05 -6.32636e-07 -4.82916e-07
7.075 -5.89863e-07 -4.4829e-07
7.1 -5.49e-07 -4.15273e-07
7.125 -5.10019e-07 -3.83839e-07
7.15 -4.72888e-07 -3.53958e-07
7.175 -4.37571e-07 -3.256e-07
7.2 -4.04034e-07 -2.98732e-07
7.225 -3.72239e-07 -2.73319e-07
7.25 -3.42147e-07 -2.49327e-07
7.275 -3.13718e-07 -2.26719e-07
7.3 -2.86909e-07 -2.05457e-07
7.325 -2.61677e-07 -1.85503e-07
7.35 -2.37979e-07 -1.66819e-07
7.375 -2.15768e-07 -1.49363e-07
7.4 -1.95e-07 -1.33095e-07
7.425 -1.75628e-07 -1.17976e-07
7.45 -1.57604e-07 -1.03964e-07
7.475 -1.40882e-07 -9.10172e-08
7.5 -1.25413e-07 -7.90952e-08
7.525 -1.11149e-07 -6.81566e-08
7.55 -9.80431e-08 -5.81604e-08
7.575 -8.60468e-08 -4.90658e-08
7.6 -7.51122e-08 -4.08321e-08
7.625 -6.51916e-08 -3.3419e-08
7.65 -5.62377e-08 -2.67867e-08
7.675 -4.82032e-08 -2.08956e-08
7.7 -4.10416e-08 -1.57067e-08
7.725 -3.47066e-08 -1.11814e-08
7.75 -2.91525e-08 -7.28167e-09
7.775 -2.4334e-08 -3.97016e-09
7.8 -2.02068e-08 -1.20999e-09
7.825 -1.67269e-08 1.03506e-09
7.85 -1.38512e-08 2.80053e-09
7.875 -1.15375e-08 4.1213e-09
7.9 -9.74409e-09 5.03151e-09
7.925 -8.43045e-09 5.56453e-09
7.95 -7.55683e-09 5.75299e-09
7.975 -7.0845e-09 5.62866e-09
8 -6.97573e-09 5.22248e-09
8.025 -7.19388e-09 4.5645e-09
8.05 -7.70343e-09 3.68386e-09
8.075 -8.47001e-09 2.6087e-09
8.1 -9.46049e-09 1.36619e-09
8.125 -1.0643e-08 -1.75423e-11
8.15 -1.1987e-08 -1.51745e-09
8.175 -1.34633e-08 -3.10962e-09
8.2 -1.5044e-08 -4.77125e-09
8.225 -1.67028e-08 -6.48076e-09
8.25 -1.84149e-08 -8.21778e-09
8.275 -2.01568e-08 -9.96319e-09
8.3 -2.19067e-08 -1.16991e-08
8.325 -2.36443e-08 -1.34091e-08
8.35 -2.53509e-08 -1.50778e-08
8.375 -2.70093e-08 -1.66914e-08
8.4 -2.8604e-08 -1.82373e-08
8.425 -3.0121e-08 -1.97044e-08
8.45 -3.15481e-08 -2.10827e-08
8.475 -3.28743e-08 -2.23637e-08
8.5 -3.40904e-08 -2.35403e-08
8.525 -3.51887e-08 -2.46064e-08
8.55 -3.61629e-08 -2.55574e-08
8.575 -3.70082e-08 -2.63899e-08
8.6 -3.77212e-08 -2.71016e-08
8.625 -3.82997e-08 -2.76915e-08
8.65 -3.87429e-08 -2.81595e-08
8.675 -3.90512e-08 -2.85067e-08
8.7 -3.9226e-08 -2.8735e-08
8.725 -3.927e-08 -2.88473e-08
8.75 -3.91865e-08 -2.88474e-08
8.775 -3.89801e-08 -2.87396e-08
8.8 -3.86559e-08 -2.85291e-08
8.825 -3.82197e-08 -2.82217e-08
8.85 -3.76782e-08 -2.78235e-08
8.875 -3.70382e-08 -2.73412e-08
8.9 -3.63073e-08 -2.67817e-08
8.925 -3.54933e-08 -2.61525e-08
8.95 -3.46042e-08 -2.54607e-08
8.975 -3.36482e-08 -2.47141e-08
9 -3.26335e-08 -2.39202e-08
9.025 -3.15685e-08 -2.30865e-08
9.05 -3.04613e-08 -2.22203e-08
9.075 -2.93201e-08 -2.13289e-08
9.1 -2.81525e-08 -2.04193e-08
9.125 -2.69663e-08 -1.94981e-08
9.15 -2.57686e-08 -1.85718e-08
9.175 -2.45662e-08 -1.76462e-08
9.2 -2.33656e-08 -1.67269e-08
9.225 -2.21729e-08 -1.5819e-08
9.25 -2.09933e-08 -1.49271e-08
9.275 -1.98321e-08 -1.40553e-08
9.3 -1.86936e-08 -1.32073e-08
9.325 -1.75817e-08 -1.23862e-08
9.35 -1.65e-08 -1.15946e-08
9.375 -1.54512e-08 -1.08345e-08
9.4 -1.44378e-08 -1.01076e-08
9.425 -1.34616e-08 -9.41509e-09
9.45 -1.2524e-08 -8.7576e-09
9.475 -1.16259e-08 -8.13542e-09
9.5 -1.07679e-08 -7.54842e-09
9.525 -9.95008e-09 -6.99611e-09
9.55 -9.17207e-09 -6.47765e-09
9.575 -8.43332e-09 -5.99195e-09
9.6 -7.73293e-09 -5.53761e-09
9.625 -7.06975e-09 -5.11307e-09
9.65 -6.44241e-09 -4.71654e-09
9.675 -5.84937e-09 -4.34613e-09
9.7 -5.28894e-09 -3.99985e-09
9.725 -4.75935e-09 -3.67564e-09
9.75 -4.25876e-09 -3.37141e-09
9.775 -3.7853e-09 -3.08511e-09
9.8 -3.33712e-09 -2.8147e-09
9.825 -2.91239e-09 -2.55825e-09
9.85 -2.50936e-09 -2.31391e-09
9.875 -2.12637e-09 -2.07996e-09
9.9 -1.76186e-09 -1.85484e-09
9.925 -1.41442e-09 -1.63714e-09
9.95 -1.08278e-09 -1.42564e-09
9.975 -7.6582e-10 -1.2193e-09
10 -4.62602e-10 -1.01729e-09
10.025 -1.72353e-10 -8.18983e-10
10.05 1.05522e-10 -6.2394e-10
10.075 3.71447e-10 -4.31931e-10
10.1 6.25677e-10 -2.42918e-10
10.125 8.68302e-10 -5.70448e-11
10.15 1.09926e-09 1.25368e-10
10.175 1.31836e-09 3.03843e-10
10.2 1.52526e-09 4.77758e-10
10.225 1.71954e-09 6.46364e-10
10.25 1.90065e-09 8.08806e-10
10.275 2.06801e-09 9.64143e-10
10.3 2.22094e-09 1.11137e-09
10.325 2.35875e-09 1.24943e-09
10.35 2.48073e-09 1.37725e-09
10.375 2.58617e-09 1.49376e-09
10.4 2.67439e-09 1.5979e-09
10.425 2.74475e-09 1.68866e-09
10.45 2.79668e-09 1.76509e-09
10.475 2.82966e-09 1.82632e-09
10.5 2.84329e-09 1.87158e-09
10.525 2.83727e-09 1.90019e-09
10.55 2.81141e-09 1.91162e-09
10.575 2.76567e-09 1.90547e-09
10.6 2.70011e-09 1.88148e-09
10.625 2.61497e-09 1.83956e-09
10.65 2.51062e-09 1.77975e-09
10.675 2.38759e-09 1.70228e-09
10.7 2.24655e-09 1.60753e-09
10.725 2.08831e-09 1.49605e-09
10.75 1.91384e-09 1.36853e-09
10.775 1.72424e-09 1.22583e-09
10.8 1.52075e-09 1.06895e-09
10.825 1.3047e-09 8.9902e-10
10.85 1.07756e-09 7.17307e-10
10.875 8.40871e-10 5.25179e-10
10.9 5.96279e-10 3.24107e-10
10.925 3.45481e-10 1.15647e-10
10.95 9.0233e-11 -9.85798e-11
10.975 -1.67677e-10 -3.16897e-10
11 -4.26439e-10 -5.37596e-10
11.025 -6.84243e-10 -7.58948e-10
11.05 -9.39292e-10 -9.79225e-10
11.075 -1.18982e-09 -1.19672e-09
11.1 -1.43411e-09 -1.40975e-09
11.125 -1.67051e-09 -1.61668e-09
11.15 -1.89743e-09 -1.81597e-09
11.175 -2.11339e-09 -2.00612e-09
11.2 -2.31702e-09 -2.18574e-09
11.225 -2.50704e-09 -2.35356e-09
11.25 -2.68231e-09 -2.50841e-09
11.275 -2.84184e-09 -2.64926e-09
11.3 -2.98477e-09 -2.77521e-09
11.325 -3.11039e-09 -2.8855e-09
11.35 -3.21813e-09 -2.97952e-09
11.375 -3.30761e-09 -3.05683e-09
11.4 -3.37859e-09 -3.11712e-09
11.425 -3.43099e-09 -3.16025e-09
11.45 -3.46488e-09 -3.18624e-09
11.475 -3.4805e-09 -3.19524e-09
11.5 -3.47822e-09 -3.18757e-09
11.525 -3.45857e-09 -3.16369e-09
11.55 -3.42221e-09 -3.12418e-09
11.575 -3.36992e-09 -3.06977e-09
11.6 -3.3026e-09 -3.0013e-09
11.625 -3.22128e-09 -2.91971e-09
11.65 -3.12704e-09 -2.82605e-09
11.675 -3.02109e-09 -2.72145e-09
11.7 -2.90469e-09 -2.60712e-09
11.725 -2.77916e-09 -2.48433e-09
11.75 -2.64587e-09 -2.35439e-09
11.775 -2.50621e-09 -2.21867e-09
11.8 -2.3616e-09 -2.07852e-09
11.825 -2.21346e-09 -1.93535e-09
11.85 -2.06322e-09 -1.79052e-09
11.875 -1.91226e-09 -1.64541e-09
11.9 -1.76195e-09 -1.50133e-09
11.925 -1.61361e-09 -1.35959e-09
11.95 -1.4685e-09 -1.22142e-09
11.975 -1.32782e-09 -1.088e-09
12 -1.1927e-09 -9.60447e-10
12.025 -1.06418e-09 -8.39774e-10
12.05 -9.43219e-10 -7.26922e-10
12.075 -8.30664e-10 -6.22736e-10
12.1 -7.27276e-10 -5.27958e-10
12.125 -6.33705e-10 -4.43228e-10
12.15 -5.50493e-10 -3.69076e-10
12.175 -4.7807e-10 -3.05923e-10
12.2 -4.16755e-10 -2.54078e-10
12.225 -3.66754e-10 -2.13739e-10
12.25 -3.28164e-10 -1.84992e-10
12.275 -3.00973e-10 -1.67814e-10
12.3 -2.85061e-10 -1.62076e-10
12.325 -2.80209e-10 -1.67548e-10
12.35 -2.86099e-10 -1.839e-10
12.375 -3.02321e-10 -2.1071e-10
12.4 -3.2838e-10 -2.47468e-10
12.425 -3.63703e-10 -2.93587e-10
12.45 -4.07643e-10 -3.48404e-10
12.475 -4.59489e-10 -4.11192e-10
12.5 -5.18476e-10 -4.81166e-10
12.525 -5.8379e-10 -5.57492e-10
12.55 -6.54575e-10 -6.39298e-10
12.575 -7.29949e-10 -7.25675e-10
12.6 -8.09005e-10 -8.15697e-10
12.625 -8.90822e-10 -9.08419e-10
12.65 -9.74475e-10 -1.00289e-09
12.675 -1.05904e-09 -1.09817e-09
12.7 -1.14361e-09 -1.19331e-09
12.725 -1.2273e-09 -1.28741e-09
12.75 -1.30923e-09 -1.37956e-09
12.775 -1.38857e-09 -1.46892e-09
12.8 -1.46453e-09 -1.55465e-09
12.825 -1.53636e-09 -1.63599e-09
12.85 -1.60337e-09 -1.71222e-09
12.875 -1.66491e-09 -1.78267e-09
12.9 -1.7204e-09 -1.84673e-09
12.925 -1.76933e-09 -1.90386e-09
12.95 -1.81123e-09 -1.95359e-09
12.975 -1.84573e-09 -1.99551e-09
13 -1.87251e-09 -2.02929e-09
13.025 -1.89132e-09 -2.05466e-09
13.05 -1.902e-09 -2.07144e-09
13.075 -1.90444e-09 -2.07952e-09
13.1 -1.89861e-09 -2.07884e-09
13.125 -1.88456e-09 -2.06945e-09
13.15 -1.86238e-09 -2.05143e-09
13.175 -1.83225e-09 -2.02495e-09
13.2 -1.7944e-09 -1.99023e-09
13.225 -1.74912e-09 -1.94757e-09
13.25 -1.69676e-09 -1.89732e-09
13.275 -1.63772e-09 -1.83988e-09
13.3 -1.57245e-09 -1.77569e-09
13.325 -1.50143e-09 -1.70525e-09
13.35 -1.4252e-09 -1.6291e-09
13.375 -1.34431e-09 -1.5478e-09
13.4 -1.25935e-09 -1.46197e-09
13.425 -1.17095e-09 -1.37222e-09
13.45 -1.07972e-09 -1.27921e-09
13.475 -9.86327e-10 -1.1836e-09
13.5 -8.91412e-10 -1.08606e-09
13.525 -7.95638e-10 -9.87261e-10
13.55 -6.99662e-10 -8.87892e-10
13.575 -6.04136e-10 -7.88624e-10
13.6 -5.09703e-10 -6.90121e-10
13.625 -4.16991e-10 -5.93035e-10
13.65 -3.26608e-10 -4.97999e-10
13.675 -2.39142e-10 -4.05626e-10
13.7 -1.55156e-10 -3.16504e-10
13.725 -7.51826e-11 -2.31191e-10
13.75 2.75967e-13 -1.50214e-10
13.775 7.07521e-11 -7.40684e-11
13.8 1.35815e-10 -3.20951e-12
13.825 1.95071e-10 6.1944e-11
13.85 2.48167e-10 1.21014e-10
13.875 2.94793e-10 1.73665e-10
13.9 3.34678e-10 2.19603e-10
13.925 3.67598e-10 2.58579e-10
13.95 3.93368e-10 2.90387e-10
13.975 4.11849e-10 3.14866e-10
14 4.22945e-10 3.319e-10
14.025 4.26603e-10 3.41414e-10
14.05 4.2281e-10 3.43379e-10
14.075 4.11597e-10 3.37807e-10
14.1 3.93032e-10 3.24749e-10
14.125 3.67223e-10 3.04299e-10
14.15 3.34313e-10 2.76586e-10
14.175 2.94482e-10 2.41777e-10
14.2 2.47942e-10 2.00072e-10
14.225 1.94935e-10 1.51704e-10
14.25 1.35733e-10 9.6935e-11
14.275 7.06335e-11 3.60556e-11
14.3 -4.23481e-14 -3.06192e-11
14.325 -7.59513e-11 -1.02751e-10
14.35 -1.56731e-10 -1.79983e-10
14.375 -2.42003e-10 -2.61937e-10
14.4 -3.31376e-10 -3.48224e-10
14.425 -4.24443e-10 -4.38439e-10
14.45 -5.20794e-10 -5.32169e-10
14.475 -6.20007e-10 -6.28993e-10
14.5 -7.2166e-10 -7.28484e-10
14.525 -8.25326e-10 -8.30213e-10
14.55 -9.3058e-10 -9.3375e-10
14.575 -1.037e-09 -1.03867e-09
14.6 -1.14416e-09 -1.14454e-09
14.625 -1.25166e-09 -1.25095e-09
14.65 -1.3591e-09 -1.35749e-09
14.675 -1.46607e-09 -1.46376e-09
14.7 -1.57219e-09 -1.56936e-09
14.725 -1.67711e-09 -1.67392e-09
14.75 -1.78045e-09 -1.77707e-09
14.775 -1.88189e-09 -1.87848e-09
14.8 -1.98111e-09 -1.9778e-09
14.825 -2.07779e-09 -2.07473e-09
14.85 -2.17165e-09 -2.16896e-09
14.875 -2.26243e-09 -2.26023e-09
14.9 -2.34988e-09 -2.34827e-09
14.925 -2.43377e-09 -2.43285e-09
14.95 -2.51389e-09 -2.51375e-09
14.975 -2.59007e-09 -2.59078e-09
15 -2.66212e-09 -2.66375e-09
15.025 -2.72992e-09 -2.73253e-09
15.05 -2.79332e-09 -2.79697e-09
15.075 -2.85224e-09 -2.85697e-09
15.1 -2.90658e-09 -2.91242e-09
15.125 -2.95629e-09 -2.96326e-09
15.15 -3.0013e-09 -3.00942e-09
15.175 -3.0416e-09 -3.05089e-09
15.2 -3.07718e-09 -3.08764e-09
15.225 -3.10804e-09 -3.11966e-09
15.25 -3.13421e-09 -3.14698e-09
15.275 -3.15572e-09 -3.16964e-09
15.3 -3.17263e-09 -3.18767e-09
15.325 -3.185e-09 -3.20114e-09
15.35 -3.19293e-09 -3.21014e-09
15.375 -3.19649e-09 -3.21473e-09
15.4 -3.19579e-09 -3.21504e-09
15.425 -3.19096e-09 -3.21116e-09
15.45 -3.1821e-09 -3.20321e-09
15.475 -3.16936e-09 -3.19134e-09
15.5 -3.15287e-09 -3.17567e-09
15.525 -3.13278e-09 -3.15635e-09
15.55 -3.10924e-09 -3.13352e-09
15.575 -3.08242e-09 -3.10736e-09
15.6 -3.05246e-09 -3.078e-09
15.625 -3.01953e-09 -3.04563e-09
15.65 -2.98381e-09 -3.01041e-09
15.675 -2.94546e-09 -2.9725e-09
15.7 -2.90465e-09 -2.93207e-09
15.725 -2.86154e-09 -2.8893e-09
15.75 -2.81632e-09 -2.84436e-09
15.775 -2.76915e-09 -2.79741e-09
15.8 -2.7202e-09 -2.74863e-09
15.825 -2.66963e-09 -2.69817e-09
15.85 -2.6176e-09 -2.64622e-09
15.875 -2.56428e-09 -2.59292e-09
15.9 -2.50982e-09 -2.53843e-09
15.925 -2.45437e-09 -2.48292e-09
15.95 -2.39809e-09 -2.42652e-09
15.975 -2.34111e-09 -2.36939e-09
16 -2.28358e-09 -2.31167e-09
16.025 -2.22563e-09 -2.25349e-09
16.05 -2.16739e-09 -2.19498e-09
16.075 -2.10898e-09 -2.13627e-09
16.1 -2.05052e-09 -2.07749e-09
16.125 -1.99213e-09 -2.01873e-09
16.15 -1.93391e-09 -1.96013e-09
16.175 -1.87596e-09 -1.90177e-09
16.2 -1.81837e-09 -1.84375e-09
16.225 -1.76125e-09 -1.78617e-09
16.25 -1.70466e-09 -1.72911e-09
16.275 -1.6487e-09 -1.67266e-09
16.3 -1.59342e-09 -1.61688e-09
16.325 -1.53891e-09 -1.56184e-09
16.35 -1.48521e-09 -1.50762e-09
16.375 -1.43239e-09 -1.45426e-09
16.4 -1.3805e-09 -1.40182e-09
16.425 -1.32958e-09 -1.35035e-09
16.45 -1.27967e-09 -1.29988e-09
16.475 -1.23081e-09 -1.25047e-09
16.5 -1.18304e-09 -1.20213e-09
16.525 -1.13637e-09 -1.1549e-09
16.55 -1.09084e-09 -1.10881e-09
16.575 -1.04645e-09 -1.06386e-09
16.6 -1.00323e-09 -1.02009e-09
16.625 -9.61189e-10 -9.7749e-10
16.65 -9.20331e-10 -9.36085e-10
16.675 -8.80661e-10 -8.95874e-10
16.7 -8.42181e-10 -8.5686e-10
16.725 -8.04891e-10 -8.19043e-10
16.75 -7.68784e-10 -7.82419e-10
16.775 -7.33856e-10 -7.46981e-10
16.8 -7.00096e-10 -7.12721e-10
16.825 -6.67493e-10 -6.79629e-10
16.85 -6.36035e-10 -6.47691e-10
16.875 -6.05705e-10 -6.16893e-10
16.9 -5.76488e-10 -5.87218e-10
16.925 -5.48364e-10 -5.58648e-10
16.95 -5.21315e-10 -5.31164e-10
16.975 -4.95318e-10 -5.04746e-10
17 -4.70354e-10 -4.7937e-10
17.025 -4.46397e-10 -4.55015e-10
17.05 -4.23426e-10 -4.31657e-10
17.075 -4.01415e-10 -4.09271e-10
17.1 -3.80339e-10 -3.87834e-10
17.125 -3.60174e-10 -3.67318e-10
17.15 -3.40894e-10 -3.47699e-10
17.175 -3.22472e-10 -3.28951e-10
17.2 -3.04882e-10 -3.11047e-10
17.225 -2.88099e-10 -2.93961e-10
17.25 -2.72096e-10 -2.77666e-10
17.275 -2.56848e-10 -2.62137e-10
17.3 -2.42327e-10 -2.47347e-10
17.325 -2.28508e-10 -2.3327e-10
17.35 -2.15367e-10 -2.1988e-10
17.375 -2.02877e-10 -2.07153e-10
17.4 -1.91014e-10 -1.95062e-10
17.425 -1.79754e-10 -1.83584e-10
17.45 -1.69072e-10 -1.72694e-10
17.475 -1.58945e-10 -1.62368e-10
17.5 -1.4935e-10 -1.52584e-10
17.525 -1.40264e-10 -1.43318e-10
17.55 -1.31667e-10 -1.34547e-10
17.575 -1.23535e-10 -1.26252e-10
17.6 -1.15849e-10 -1.1841e-10
17.625 -1.08589e-10 -1.11001e-10
17.65 -1.01734e-10 -1.04005e-10
17.675 -9.52661e-11 -9.74025e-11
17.7 -8.91666e-11 -9.11757e-11
17.725 -8.34178e-11 -8.53062e-11
17.75 -7.80027e-11 -7.97766e-11
17.775 -7.29045e-11 -7.45702e-11
17.8 -6.81076e-11 -6.96706e-11
17.825 -6.35965e-11 -6.50625e-11
17.85 -5.93565e-11 -6.07308e-11
17.875 -5.53735e-11 -5.66611e-11
17.9 -5.16338e-11 -5.28397e-11
17.925 -4.81246e-11 -4.92533e-11
17.95 -4.48334e-11 -4.58893e-11
17.975 -4.17482e-11 -4.27355e-11
18 -3.88576e-11 -3.97804e-11
18.025 -3.61508e-11 -3.70128e-11
18.05 -3.36175e-11 -3.44222e-11
18.075 -3.12476e-11 -3.19986e-11
18.1 -2.90318e-11 -2.97323e-11
18.125 -2.69612e-11 -2.76142e-11
18.15 -2.50271e-11 -2.56356e-11
18.175 -2.32215e-11 -2.37883e-11
18.2 -2.15367e-11 -2.20644e-11
18.225 -1.99654e-11 -2.04564e-11
18.25 -1.85007e-11 -1.89573e-11
18.275 -1.7136e-11 -1.75604e-11
18.3 -1.5865e-11 -1.62594e-11
18.325 -1.4682e-11 -1.50483e-11
18.35 -1.35814e-11 -1.39214e-11
18.375 -1.25579e-11 -1.28733e-11
18.4 -1.16065e-11 -1.18991e-11
18.425 -1.07227e-11 -1.09939e-11
18.45 -9.90196e-12 -1.01533e-11
18.475 -9.14019e-12 -9.37292e-12
18.5 -8.43347e-12 -8.64892e-12
18.525 -7.77813e-12 -7.97748e-12
18.55 -7.17071e-12 -7.3551e-12
18.575 -6.60797e-12 -6.77843e-12
18.6 -6.08687e-12 -6.24439e-12
18.625 -5.60454e-12 -5.75003e-12
18.65 -5.1583e-12 -5.29262e-12
18.675 -4.74563e-12 -4.86959e-12
18.7 -4.36419e-12 -4.47854e-12
18.725 -4.01177e-12 -4.1172e-12
18.75 -3.6863e-12 -3.78347e-12
18.775 -3.38586e-12 -3.47538e-12
18.8 -3.10865e-12 -3.19108e-12
18.825 -2.85299e-12 -2.92885e-12
18.85 -2.61729e-12 -2.68709e-12
18.875 -2.4001e-12 -2.4643e-12
18.9 -2.20006e-12 -2.25907e-12
18.925 -2.01588e-12 -2.0701e-12
18.95 -1.84639e-12 -1.89619e-12
18.975 -1.69048e-12 -1.7362e-12
19 -1.54712e-12 -1.58907e-12
19.025 -1.41536e-12 -1.45384e-12
19.05 -1.29431e-12 -1.3296e-12
19.075 -1.18315e-12 -1.21549e-12
19.1 -1.08111e-12 -1.11075e-12
19.125 -9.8749e-13 -1.01463e-12
19.15 -9.01624e-13 -9.26468e-13
19.175 -8.22906e-13 -8.45638e-13
19.2 -7.50769e-13 -7.71562e-13
19.225 -6.84692e-13 -7.03703e-13
19.25 -6.2419e-13 -6.41564e-13
19.275 -5.68816e-13 -5.84688e-13
19.3 -5.18155e-13 -5.3265e-13
19.325 -4.71827e-13 -4.85057e-13
19.35 -4.29476e-13 -4.41549e-13
19.375 -3.90779e-13 -4.0179e-13
19.4 -3.55434e-13 -3.65473e-13
19.425 -3.23163e-13 -3.32312e-13
19.45 -2.93711e-13 -3.02046e-13
19.475 -2.66843e-13 -2.74433e-13
19.5 -2.42342e-13 -2.49251e-13
19.525 -2.20008e-13 -2.26295e-13
19.55 -1.99658e-13 -2.05376e-13
19.575 -1.81122e-13 -1.86321e-13
19.6 -1.64247e-13 -1.68972e-13
19.625 -1.48888e-13 -1.53181e-13
19.65 -1.34915e-13 -1.38814e-13
19.675 -1.22209e-13 -1.25748e-13
19.7 -1.10659e-13 -1.1387e-13
19.725 -1.00163e-13 -1.03076e-13
19.75 -9.06296e-14 -9.32712e-14
19.775 -8.19736e-14 -8.4368e-14
19.8 -7.41172e-14 -7.62867e-14
19.825 -6.69894e-14 -6.89543e-14
19.85 -6.0525e-14 -6.2304e-14
19.875 -5.46646e-14 -5.62747e-14
19.9 -4.93538e-14 -5.08104e-14
19.925 -4.45428e-14 -4.58601e-14
19.95 -4.01863e-14 -4.13771e-14
19.975 -3.62429e-14 -3.7319e-14
20 -3.26746e-14 -3.36467e-14
