0 0.134702 0.143157 -0.0396467 0.051755
0.025 0.134702 0.143157 -0.0396467 0.051755
0.05 0.134706 0.143161 -0.0396114 0.0517746
0.075 0.134713 0.143167 -0.0395526 0.0518073
0.1 0.134722 0.143176 -0.0394706 0.0518529
0.125 0.134734 0.143188 -0.0393655 0.0519114
0.15 0.134749 0.143203 -0.0392377 0.0519826
0.175 0.134767 0.14322 -0.0390873 0.0520665
0.2 0.134788 0.14324 -0.0389149 0.0521627
0.225 0.134811 0.143263 -0.0387209 0.0522711
0.25 0.134837 0.143288 -0.0385057 0.0523914
0.275 0.134866 0.143317 -0.0382699 0.0525234
0.3 0.134898 0.143348 -0.0380142 0.0526668
0.325 0.134933 0.143382 -0.0377391 0.0528213
0.35 0.134971 0.143418 -0.0374454 0.0529865
0.375 0.135012 0.143458 -0.0371339 0.0531621
0.4 0.135056 0.143501 -0.0368052 0.0533477
0.425 0.135103 0.143546 -0.0364604 0.0535428
0.45 0.135153 0.143594 -0.0361001 0.0537471
0.475 0.135207 0.143646 -0.0357254 0.0539601
0.5 0.135263 0.1437 -0.0353372 0.0541814
0.525 0.135323 0.143757 -0.0349364 0.0544103
0.55 0.135386 0.143817 -0.034524 0.0546466
0.575 0.135452 0.14388 -0.0341011 0.0548895
0.6 0.135521 0.143946 -0.0336687 0.0551386
0.625 0.135593 0.144015 -0.0332279 0.0553934
0.65 0.135669 0.144086 -0.0327798 0.0556533
0.675 0.135747 0.144161 -0.0323253 0.0559177
0.7 0.135829 0.144238 -0.0318657 0.056186
0.725 0.135913 0.144318 -0.0314021 0.0564577
0.75 0.136001 0.1444 -0.0309354 0.0567322
0.775 0.136091 0.144485 -0.0304669 0.0570088
0.8 0.136184 0.144572 -0.0299977 0.057287
0.825 0.136279 0.144661 -0.0295287 0.0575662
0.85 0.136377 0.144753 -0.0290612 0.0578458
0.875 0.136477 0.144846 -0.0285961 0.0581251
0.9 0.13658 0.144942 -0.0281345 0.0584036
0.925 0.136684 0.145039 -0.0276775 0.0586807
0.95 0.136791 0.145138 -0.027226 0.0589557
0.975 0.136899 0.145238 -0.0267811 0.0592282
1 0.137008 0.145339 -0.0263436 0.0594975
1.025 0.137119 0.145441 -0.0259145 0.0597631
1.05 0.13723 0.145544 -0.0254947 0.0600245
1.075 0.137342 0.145647 -0.025085 0.060281
1.1 0.137455 0.145751 -0.0246863 0.0605322
1.125 0.137569 0.145854 -0.0242992 0.0607775
1.15 0.137682 0.145958 -0.0239246 0.0610166
1.175 0.137795 0.146061 -0.0235632 0.0612488
1.2 0.137907 0.146163 -0.0232155 0.0614739
1.225 0.138018 0.146265 -0.0228821 0.0616912
1.25 0.138129 0.146365 -0.0225636 0.0619005
1.275 0.138237 0.146463 -0.0222606 0.0621014
1.3 0.138344 0.14656 -0.0219733 0.0622935
1.325 0.138449 0.146655 -0.0217023 0.0624764
1.35 0.138552 0.146748 -0.0214478 0.0626499
1.375 0.138652 0.146838 -0.0212101 0.0628138
1.4 0.138749 0.146925 -0.0209896 0.0629676
1.425 0.138843 0.147009 -0.0207862 0.0631114
1.45 0.138934 0.14709 -0.0206002 0.0632448
1.475 0.13902 0.147167 -0.0204316 0.0633677
1.5 0.139103 0.14724 -0.0202805 0.06348
1.525 0.139181 0.14731 -0.0201467 0.0635815
1.55 0.139255 0.147375 -0.0200303 0.0636724
1.575 0.139323 0.147436 -0.019931 0.0637524
1.6 0.139387 0.147492 -0.0198486 0.0638217
1.625 0.139446 0.147544 -0.019783 0.0638803
1.65 0.139499 0.14759 -0.0197338 0.0639282
1.675 0.139546 0.147632 -0.0197006 0.0639656
1.7 0.139588 0.147668 -0.0196831 0.0639925
1.725 0.139624 0.147699 -0.0196809 0.0640093
1.75 0.139654 0.147725 -0.0196935 0.064016
1.775 0.139678 0.147746 -0.0197203 0.0640129
1.8 0.139696 0.147761 -0.0197608 0.0640003
1.825 0.139708 0.147771 -0.0198144 0.0639784
1.85 0.139713 0.147776 -0.0198805 0.0639476
1.875 0.139713 0.147775 -0.0199585 0.0639083
1.9 0.139706 0.147769 -0.0200476 0.0638608
1.925 0.139694 0.147758 -0.0201471 0.0638056
1.95 0.139675 0.147742 -0.0202563 0.063743
1.975 0.139651 0.147721 -0.0203745 0.0636735
2 0.139621 0.147696 -0.0205007 0.0635976
2.025 0.139586 0.147666 -0.0206344 0.0635157
2.05 0.139546 0.147632 -0.0207746 0.0634285
2.075 0.1395 0.147593 -0.0209205 0.0633365
2.1 0.13945 0.147551 -0.0210712 0.0632401
2.125 0.139396 0.147506 -0.0212261 0.06314
2.15 0.139338 0.147458 -0.0213841 0.0630367
2.175 0.139275 0.147406 -0.0215446 0.0629309
2.2 0.13921 0.147353 -0.0217065 0.0628231
2.225 0.139142 0.147297 -0.0218692 0.0627139
2.25 0.139071 0.14724 -0.0220318 0.062604
2.275 0.138998 0.147181 -0.0221934 0.0624939
2.3 0.138924 0.147122 -0.0223533 0.0623843
2.325 0.138849 0.147062 -0.0225106 0.0622758
2.35 0.138773 0.147003 -0.0226647 0.062169
2.375 0.138697 0.146944 -0.0228148 0.0620646
2.4 0.138622 0.146886 -0.0229601 0.0619631
2.425 0.138547 0.14683 -0.0230999 0.0618651
2.45 0.138475 0.146776 -0.0232337 0.0617712
2.475 0.138404 0.146725 -0.0233606 0.061682
2.5 0.138337 0.146676 -0.0234802 0.0615981
2.525 0.138272 0.146632 -0.0235918 0.0615199
2.55 0.138212 0.146591 -0.0236949 0.0614481
2.575 0.138156 0.146555 -0.0237891 0.0613831
2.6 0.138106 0.146525 -0.0238737 0.0613254
2.625 0.138061 0.146499 -0.0239484 0.0612755
2.65 0.138023 0.14648 -0.0240128 0.0612338
2.675 0.137991 0.146468 -0.0240665 0.0612008
2.7 0.137967 0.146463 -0.0241092 0.0611767
2.725 0.137951 0.146465 -0.0241407 0.061162
2.75 0.137943 0.146475 -0.0241607 0.0611571
2.775 0.137944 0.146493 -0.024169 0.061162
2.8 0.137955 0.14652 -0.0241655 0.0611773
2.825 0.137976 0.146556 -0.02415 0.061203
2.85 0.138007 0.146601 -0.0241226 0.0612393
2.875 0.138048 0.146656 -0.0240832 0.0612865
2.9 0.138101 0.146721 -0.0240319 0.0613446
2.925 0.138165 0.146796 -0.0239686 0.0614137
2.95 0.138241 0.146881 -0.0238936 0.0614938
2.975 0.138329 0.146977 -0.023807 0.061585
3 0.138429 0.147083 -0.0237089 0.0616872
3.025 0.138542 0.1472 -0.0235996 0.0618003
3.05 0.138667 0.147328 -0.0234793 0.0619242
3.075 0.138804 0.147466 -0.0233485 0.0620588
3.1 0.138954 0.147615 -0.0232073 0.0622038
3.125 0.139117 0.147774 -0.0230562 0.0623591
3.15 0.139292 0.147944 -0.0228956 0.0625242
3.175 0.139479 0.148124 -0.022726 0.062699
3.2 0.139678 0.148314 -0.0225477 0.062883
3.225 0.13989 0.148513 -0.0223613 0.0630758
3.25 0.140113 0.148721 -0.0221672 0.0632771
3.275 0.140347 0.148939 -0.0219661 0.0634863
3.3 0.140592 0.149164 -0.0217585 0.063703
3.325 0.140847 0.149398 -0.021545 0.0639265
3.35 0.141112 0.149639 -0.0213262 0.0641563
3.375 0.141387 0.149886 -0.0211026 0.0643918
3.4 0.141669 0.15014 -0.0208749 0.0646324
3.425 0.14196 0.150398 -0.0206437 0.0648773
3.45 0.142258 0.150662 -0.0204097 0.0651259
3.475 0.142562 0.150928 -0.0201735 0.0653775
3.5 0.142871 0.151198 -0.0199358 0.0656312
3.525 0.143185 0.15147 -0.0196972 0.0658862
3.55 0.143502 0.151742 -0.0194583 0.0661419
3.575 0.143821 0.152014 -0.0192199 0.0663973
3.6 0.144142 0.152286 -0.0189825 0.0666516
3.625 0.144463 0.152555 -0.0187467 0.0669039
3.65 0.144782 0.15282 -0.0185133 0.0671534
3.675 0.1451 0.153081 -0.0182827 0.0673992
3.7 0.145413 0.153336 -0.0180557 0.0676403
3.725 0.145722 0.153585 -0.0178327 0.0678759
3.75 0.146025 0.153824 -0.0176143 0.068105
3.775 0.14632 0.154055 -0.0174012 0.0683267
3.8 0.146606 0.154274 -0.0171937 0.0685401
3.825 0.146881 0.154481 -0.0169924 0.0687443
3.85 0.147145 0.154674 -0.0167977 0.0689383
3.875 0.147395 0.154853 -0.0166102 0.0691212
3.9 0.14763 0.155015 -0.0164302 0.0692922
3.925 0.147849 0.155159 -0.0162581 0.0694502
3.95 0.14805 0.155283 -0.0160943 0.0695945
3.975 0.148231 0.155387 -0.0159391 0.0697242
4 0.148391 0.155469 -0.0157928 0.0698383
4.025 0.148529 0.155528 -0.0156557 0.0699362
4.05 0.148643 0.155562 -0.0155279 0.0700169
4.075 0.148731 0.155569 -0.0154098 0.0700796
4.1 0.148792 0.155549 -0.0153014 0.0701237
4.125 0.148825 0.1555 -0.0152029 0.0701483
4.15 0.148829 0.15542 -0.0151144 0.0701529
4.175 0.148801 0.155309 -0.015036 0.0701366
4.2 0.14874 0.155165 -0.0149676 0.0700988
4.225 0.148646 0.154987 -0.0149093 0.070039
4.25 0.148516 0.154774 -0.014861 0.0699566
4.275 0.14835 0.154525 -0.0148226 0.0698511
4.3 0.148147 0.154238 -0.014794 0.0697219
4.325 0.147905 0.153913 -0.0147752 0.0695687
4.35 0.147623 0.153548 -0.0147658 0.069391
4.375 0.147301 0.153143 -0.0147657 0.0691885
4.4 0.146937 0.152696 -0.0147747 0.0689608
4.425 0.146531 0.152208 -0.0147925 0.0687078
4.45 0.146082 0.151677 -0.0148188 0.0684292
4.475 0.145589 0.151103 -0.0148532 0.0681249
4.5 0.145051 0.150485 -0.0148955 0.0677947
4.525 0.144468 0.149822 -0.0149451 0.0674385
4.55 0.14384 0.149115 -0.0150019 0.0670565
4.575 0.143166 0.148362 -0.0150652 0.0666485
4.6 0.142446 0.147564 -0.0151348 0.0662148
4.625 0.141679 0.146721 -0.01521 0.0657554
4.65 0.140866 0.145832 -0.0152905 0.0652705
4.675 0.140007 0.144897 -0.0153758 0.0647604
4.7 0.139101 0.143916 -0.0154653 0.0642254
4.725 0.138149 0.14289 -0.0155585 0.0636658
4.75 0.137151 0.141819 -0.015655 0.0630821
4.775 0.136107 0.140703 -0.0157541 0.0624746
4.8 0.135018 0.139543 -0.0158554 0.0618438
4.825 0.133885 0.138339 -0.0159583 0.0611903
4.85 0.132707 0.137092 -0.0160622 0.0605147
4.875 0.131487 0.135802 -0.0161666 0.0598175
4.9 0.130223 0.13447 -0.016271 0.0590995
4.925 0.128918 0.133097 -0.0163747 0.0583613
4.95 0.127573 0.131685 -0.0164774 0.0576036
4.975 0.126187 0.130233 -0.0165783 0.0568273
5 0.124763 0.128743 -0.0166771 0.0560331
5.025 0.123302 0.127217 -0.0167732 0.055222
5.05 0.121804 0.125655 -0.016866 0.0543946
5.075 0.120272 0.124059 -0.0169552 0.053552
5.1 0.118706 0.12243 -0.0170402 0.0526951
5.125 0.117109 0.12077 -0.0171205 0.0518248
5.15 0.115481 0.11908 -0.0171958 0.050942
5.175 0.113823 0.117361 -0.0172655 0.0500478
5.2 0.112139 0.115615 -0.0173293 0.0491431
5.225 0.110429 0.113845 -0.0173868 0.0482289
5.25 0.108695 0.11205 -0.0174377 0.0473063
5.275 0.106939 0.110234 -0.0174815 0.0463762
5.3 0.105162 0.108398 -0.017518 0.0454398
5.325 0.103366 0.106543 -0.0175469 0.0444979
5.35 0.101553 0.104671 -0.0175679 0.0435517
5.375 0.0997256 0.102785 -0.0175807 0.0426022
5.4 0.0978845 0.100886 -0.0175852 0.0416504
5.425 0.0960319 0.0989756 -0.0175811 0.0406973
5.45 0.0941697 0.097056 -0.0175683 0.0397438
5.475 0.0922997 0.0951288 -0.0175466 0.0387911
5.5 0.0904236 0.0931959 -0.0175159 0.03784
5.525 0.0885435 0.0912592 -0.0174762 0.0368915
5.55 0.0866609 0.0893204 -0.0174273 0.0359465
5.575 0.0847777 0.0873813 -0.0173693 0.035006
5.6 0.0828958 0.0854437 -0.0173021 0.0340708
5.625 0.0810167 0.0835094 -0.0172257 0.0331419
5.65 0.0791423 0.08158 -0.0171402 0.0322199
5.675 0.0772742 0.0796573 -0.0170456 0.0313058
5.7 0.0754139 0.0777428 -0.0169421 0.0304004
5.725 0.0735632 0.0758382 -0.0168297 0.0295043
5.75 0.0717236 0.0739451 -0.0167086 0.0286183
5.775 0.0698966 0.0720649 -0.0165789 0.027743
5.8 0.0680835 0.0701992 -0.0164408 0.0268792
5.825 0.0662859 0.0683493 -0.0162945 0.0260274
5.85 0.0645051 0.0665167 -0.0161402 0.0251882
5.875 0.0627423 0.0647026 -0.0159782 0.0243622
5.9 0.0609989 0.0629083 -0.0158087 0.0235498
5.925 0.0592759 0.061135 -0.0156319 0.0227515
5.95 0.0575745 0.0593838 -0.0154481 0.0219678
5.975 0.0558958 0.0576558 -0.0152577 0.021199
6 0.0542407 0.055952 -0.0150609 0.0204455
6.025 0.0526102 0.0542734 -0.0148581 0.0197077
6.05 0.0510051 0.0526209 -0.0146495 0.0189857
6.075 0.0494263 0.0509952 -0.0144355 0.0182799
6.1 0.0478745 0.0493972 -0.0142165 0.0175904
6.125 0.0463502 0.0478275 -0.0139927 0.0169174
6.15 0.0448543 0.0462867 -0.0137645 0.0162611
6.175 0.0433872 0.0447755 -0.0135324 0.0156216
6.2 0.0419493 0.0432943 -0.0132966 0.0149989
6.225 0.0405412 0.0418435 -0.0130574 0.014393
6.25 0.0391631 0.0404236 -0.0128154 0.0138041
6.275 0.0378154 0.0390349 -0.0125707 0.0132321
6.3 0.0364984 0.0376775 -0.0123238 0.0126768
6.325 0.0352121 0.0363518 -0.012075 0.0121384
6.35 0.0339568 0.0350578 -0.0118247 0.0116166
6.375 0.0327326 0.0337957 -0.0115732 0.0111112
6.4 0.0315393 0.0325655 -0.0113208 0.0106223
6.425 0.0303772 0.0313671 -0.0110679 0.0101496
6.45 0.029246 0.0302005 -0.0108148 0.00969286
6.475 0.0281456 0.0290657 -0.0105618 0.00925193
6.5 0.0270759 0.0279624 -0.0103092 0.00882655
6.525 0.0260367 0.0268904 -0.0100574 0.0084165
6.55 0.0250278 0.0258495 -0.00980653 0.00802149
6.575 0.0240489 0.0248395 -0.00955696 0.00764125
6.6 0.0230996 0.0238599 -0.00930893 0.00727549
6.625 0.0221796 0.0229105 -0.00906271 0.00692391
6.65 0.0212886 0.0219909 -0.00881854 0.0065862
6.675 0.0204261 0.0211007 -0.00857665 0.00626203
6.7 0.0195917 0.0202394 -0.00833725 0.00595108
6.725 0.0187849 0.0194066 -0.00810057 0.00565301
6.75 0.0180054 0.0186018 -0.0078668 0.00536748
6.775 0.0172525 0.0178244 -0.00763611 0.00509414
6.8 0.0165257 0.017074 -0.00740868 0.00483264
6.825 0.0158246 0.01635 -0.00718468 0.00458264
6.85 0.0151486 0.0156518 -0.00696424 0.00434378
6.875 0.0144971 0.0149789 -0.00674749 0.00411571
6.9 0.0138696 0.0143307 -0.00653457 0.00389808
6.925 0.0132654 0.0137067 -0.00632558 0.00369054
6.95 0.012684 0.0131061 -0.00612062 0.00349274
6.975 0.0121249 0.0125284 -0.00591977 0.00330433
7 0.0115873 0.0119731 -0.00572311 0.00312498
7.025 0.0110708 0.0114394 -0.00553071 0.00295435
7.05 0.0105747 0.0109268 -0.00534261 0.0027921
7.075 0.0100984 0.0104347 -0.00515887 0.00263792
7.1 0.00964143 0.00996245 -0.0049795 0.00249147
7.125 0.00920308 0.00950945 -0.00480455 0.00235245
7.15 0.00878279 0.00907511 -0.00463401 0.00222055
7.175 0.00838 0.00865883 -0.0044679 0.00209546
7.2 0.00799413 0.00826001 -0.00430621 0.0019769
7.225 0.00762461 0.00787809 -0.00414894 0.00186458
7.25 0.00727088 0.00751248 -0.00399605 0.00175821
7.275 0.0069324 0.00716261 -0.00384753 0.00165754
7.3 0.00660862 0.00682793 -0.00370334 0.0015623
7.325 0.00629902 0.0065079 -0.00356345 0.00147223
7.35 0.00600307 0.00620197 -0.0034278 0.00138709
7.375 0.00572027 0.00590963 -0.00329636 0.00130664
7.4 0.00545011 0.00563035 -0.00316905 0.00123065
7.425 0.00519212 0.00536365 -0.00304583 0.00115891
7.45 0.00494581 0.00510901 -0.00292662 0.0010912
7.475 0.00471073 0.00486598 -0.00281136 0.00102731
7.5 0.00448642 0.00463409 -0.00269998 0.000967055
7.525 0.00427246 0.00441288 -0.0025924 0.000910239
7.55 0.0040684 0.00420192 -0.00248855 0.000856684
7.575 0.00387384 0.00400078 -0.00238834 0.000806218
7.6 0.00368839 0.00380904 -0.0022917 0.000758673
7.625 0.00351165 0.00362632 -0.00219853 0.000713893
7.65 0.00334325 0.00345221 -0.00210876 0.000671727
7.675 0.00318283 0.00328636 -0.0020223 0.00063203
7.7 0.00303003 0.00312839 -0.00193906 0.000594665
7.725 0.00288453 0.00297796 -0.00185895 0.000559502
7.75 0.00274599 0.00283473 -0.0017819 0.000526416
7.775 0.0026141 0.00269838 -0.0017078 0.00049529
7.8 0.00248856 0.00256859 -0.00163657 0.000466011
7.825 0.00236908 0.00244507 -0.00156813 0.000438473
7.85 0.00225539 0.00232753 -0.00150238 0.000412575
7.875 0.0021472 0.00221569 -0.00143925 0.000388221
7.9 0.00204427 0.00210928 -0.00137864 0.00036532
7.925 0.00194635 0.00200806 -0.00132048 0.000343787
7.95 0.0018532 0.00191176 -0.00126468 0.000323541
7.975 0.00176459 0.00182017 -0.00121116 0.000304506
8 0.00168031 0.00173305 -0.00115984 0.000286608
8.025 0.00160015 0.0016502 -0.00111064 0.00026978
8.05 0.00152391 0.00157139 -0.00106348 0.000253958
8.075 0.0014514 0.00149645 -0.00101829 0.000239081
8.1 0.00138244 0.00142518 -0.000974995 0.000225091
8.125 0.00131686 0.00135739 -0.000933525 0.000211935
8.15 0.00125448 0.00129293 -0.000893808 0.000199562
8.175 0.00119515 0.00123163 -0.000855777 0.000187925
8.2 0.00113873 0.00117332 -0.000819364 0.000176979
8.225 0.00108506 0.00111787 -0.000784506 0.000166681
8.25 0.00103401 0.00106513 -0.000751141 0.000156992
8.275 0.000985456 0.00101496 -0.000719208 0.000147876
8.3 0.000939264 0.00096724 -0.000688647 0.000139296
8.325 0.00089532 0.000921846 -0.000659404 0.000131221
8.35 0.00085351 0.000878662 -0.000631422 0.00012362
8.375 0.00081373 0.000837576 -0.000604648 0.000116464
8.4 0.000775876 0.000798483 -0.000579033 0.000109725
8.425 0.000739852 0.000761285 -0.000554526 0.000103379
8.45 0.000705566 0.000725884 -0.00053108 9.74023e-05
8.475 0.000672932 0.000692192 -0.000508649 9.17719e-05
8.5 0.000641865 0.000660123 -0.000487189 8.64672e-05
8.525 0.000612289 0.000629596 -0.000466658 8.14687e-05
8.55 0.000584128 0.000600532 -0.000447016 7.67582e-05
8.575 0.000557311 0.000572859 -0.000428222 7.23184e-05
8.6 0.000531771 0.000546508 -0.000410241 6.81334e-05
8.625 0.000507444 0.000521412 -0.000393036 6.4188e-05
8.65 0.000484269 0.000497508 -0.000376572 6.04681e-05
8.675 0.00046219 0.000474737 -0.000360816 5.69605e-05
8.7 0.000441152 0.000453044 -0.000345738 5.36528e-05
8.725 0.000421103 0.000432373 -0.000331306 5.05334e-05
8.75 0.000401994 0.000412675 -0.000317492 4.75914e-05
8.775 0.000383779 0.000393902 -0.000304269 4.48165e-05
8.8 0.000366413 0.000376008 -0.000291609 4.21993e-05
8.825 0.000349855 0.000358949 -0.000279488 3.97306e-05
8.85 0.000334066 0.000342685 -0.000267881 3.7402e-05
8.875 0.000319008 0.000327176 -0.000256765 3.52056e-05
8.9 0.000304644 0.000312387 -0.000246119 3.31339e-05
8.925 0.000290942 0.000298281 -0.000235921 3.118e-05
8.95 0.00027787 0.000284826 -0.000226152 2.93371e-05
8.975 0.000265396 0.000271991 -0.000216792 2.75992e-05
9 0.000253493 0.000259744 -0.000207824 2.59604e-05
9.025 0.000242133 0.000248059 -0.000199229 2.44151e-05
9.05 0.000231289 0.000236908 -0.000190992 2.29583e-05
9.075 0.000220938 0.000226266 -0.000183096 2.1585e-05
9.1 0.000211057 0.000216109 -0.000175527 2.02906e-05
9.125 0.000201622 0.000206413 -0.000168271 1.90709e-05
9.15 0.000192613 0.000197157 -0.000161313 1.79216e-05
9.175 0.000184009 0.00018832 -0.000154642 1.68389e-05
9.2 0.000175793 0.000179882 -0.000148244 1.58191e-05
9.225 0.000167946 0.000171825 -0.000142107 1.48589e-05
9.25 0.000160451 0.000164132 -0.000136222 1.39549e-05
9.275 0.000153291 0.000156784 -0.000130576 1.3104e-05
9.3 0.000146452 0.000149767 -0.00012516 1.23033e-05
9.325 0.000139918 0.000143065 -0.000119965 1.15501e-05
9.35 0.000133675 0.000136663 -0.00011498 1.08416e-05
9.375 0.000127711 0.000130548 -0.000110197 1.01755e-05
9.4 0.000122012 0.000124707 -0.000105608 9.54938e-06
9.425 0.000116567 0.000119127 -0.000101205 8.96097e-06
9.45 0.000111364 0.000113796 -9.69801e-05 8.40817e-06
9.475 0.000106393 0.000108704 -9.29261e-05 7.889e-06
9.5 0.000101642 0.000103839 -8.9036e-05 7.40153e-06
9.525 9.71026e-05 9.91912e-05 -8.53032e-05 6.94398e-06
9.55 9.27646e-05 9.47507e-05 -8.17215e-05 6.51463e-06
9.575 8.86193e-05 9.05084e-05 -7.82847e-05 6.11187e-06
9.6 8.46581e-05 8.64554e-05 -7.49871e-05 5.73416e-06
9.625 8.08729e-05 8.25833e-05 -7.18232e-05 5.38004e-06
9.65 7.72559e-05 7.88839e-05 -6.87877e-05 5.04815e-06
9.675 7.37997e-05 7.53498e-05 -6.58755e-05 4.73716e-06
9.7 7.04971e-05 7.19735e-05 -6.30817e-05 4.44586e-06
9.725 6.73416e-05 6.8748e-05 -6.04019e-05 4.17306e-06
9.75 6.43266e-05 6.56667e-05 -5.78314e-05 3.91766e-06
9.775 6.14459e-05 6.27233e-05 -5.53661e-05 3.67861e-06
9.8 5.86937e-05 5.99116e-05 -5.30018e-05 3.45491e-06
9.825 5.60644e-05 5.72259e-05 -5.07347e-05 3.24564e-06
9.85 5.35526e-05 5.46607e-05 -4.85609e-05 3.0499e-06
9.875 5.11531e-05 5.22106e-05 -4.64768e-05 2.86685e-06
9.9 4.88612e-05 4.98705e-05 -4.44791e-05 2.69571e-06
9.925 4.6672e-05 4.76357e-05 -4.25642e-05 2.53572e-06
9.95 4.45811e-05 4.55015e-05 -4.07291e-05 2.38617e-06
9.975 4.25842e-05 4.34634e-05 -3.89706e-05 2.24642e-06
10 4.06772e-05 4.15174e-05 -3.72857e-05 2.11581e-06
10.025 3.88561e-05 3.96592e-05 -3.56717e-05 1.99377e-06
10.05 3.71173e-05 3.78851e-05 -3.41256e-05 1.87974e-06
10.075 3.54571e-05 3.61913e-05 -3.26449e-05 1.77319e-06
10.1 3.3872e-05 3.45743e-05 -3.12271e-05 1.67363e-06
10.125 3.23588e-05 3.30308e-05 -2.98696e-05 1.58059e-06
10.15 3.09143e-05 3.15573e-05 -2.85701e-05 1.49364e-06
10.175 2.95355e-05 3.01509e-05 -2.73262e-05 1.41236e-06
10.2 2.82195e-05 2.88086e-05 -2.61359e-05 1.33637e-06
10.225 2.69634e-05 2.75275e-05 -2.49969e-05 1.26532e-06
10.25 2.57647e-05 2.63049e-05 -2.39072e-05 1.19885e-06
10.275 2.46208e-05 2.51382e-05 -2.28649e-05 1.13665e-06
10.3 2.35293e-05 2.40249e-05 -2.1868e-05 1.07842e-06
10.325 2.24877e-05 2.29625e-05 -2.09148e-05 1.02388e-06
10.35 2.14939e-05 2.19488e-05 -2.00033e-05 9.72774e-07
10.375 2.05458e-05 2.09817e-05 -1.9132e-05 9.24854e-07
10.4 1.96412e-05 2.00589e-05 -1.82991e-05 8.79891e-07
10.425 1.87783e-05 1.91785e-05 -1.75032e-05 8.37672e-07
10.45 1.7955e-05 1.83386e-05 -1.67426e-05 7.97997e-07
10.475 1.71697e-05 1.75373e-05 -1.60159e-05 7.60681e-07
10.5 1.64206e-05 1.67729e-05 -1.53217e-05 7.25551e-07
10.525 1.5706e-05 1.60436e-05 -1.46587e-05 6.92446e-07
10.55 1.50243e-05 1.53478e-05 -1.40254e-05 6.61216e-07
10.575 1.43741e-05 1.46841e-05 -1.34207e-05 6.31722e-07
10.6 1.37539e-05 1.40509e-05 -1.28433e-05 6.03835e-07
10.625 1.31623e-05 1.34469e-05 -1.2292e-05 5.77436e-07
10.65 1.25979e-05 1.28706e-05 -1.17658e-05 5.52414e-07
10.675 1.20596e-05 1.23208e-05 -1.12634e-05 5.28668e-07
10.7 1.1546e-05 1.17962e-05 -1.0784e-05 5.06103e-07
10.725 1.10561e-05 1.12957e-05 -1.03265e-05 4.84632e-07
10.75 1.05887e-05 1.08182e-05 -9.88981e-06 4.64177e-07
10.775 1.01428e-05 1.03625e-05 -9.47314e-06 4.44663e-07
10.8 9.71731e-06 9.92762e-06 -9.07557e-06 4.26024e-07
10.825 9.31132e-06 9.51263e-06 -8.69623e-06 4.08198e-07
10.85 8.9239e-06 9.11655e-06 -8.33429e-06 3.9113e-07
10.875 8.55416e-06 8.73851e-06 -7.98897e-06 3.74768e-07
10.9 8.20127e-06 8.37764e-06 -7.65951e-06 3.59067e-07
10.925 7.86442e-06 8.03313e-06 -7.34516e-06 3.43984e-07
10.95 7.54285e-06 7.7042e-06 -7.04524e-06 3.29482e-07
10.975 7.23583e-06 7.39012e-06 -6.75907e-06 3.15527e-07
11 6.94266e-06 7.09018e-06 -6.48601e-06 3.02087e-07
11.025 6.66269e-06 6.8037e-06 -6.22543e-06 2.89134e-07
11.05 6.39527e-06 6.53004e-06 -5.97675e-06 2.76645e-07
11.075 6.13981e-06 6.2686e-06 -5.73941e-06 2.64597e-07
11.1 5.89573e-06 6.01878e-06 -5.51284e-06 2.52969e-07
11.125 5.66249e-06 5.78004e-06 -5.29655e-06 2.41745e-07
11.15 5.43957e-06 5.55183e-06 -5.09002e-06 2.30908e-07
11.175 5.22646e-06 5.33367e-06 -4.89278e-06 2.20444e-07
11.2 5.0227e-06 5.12506e-06 -4.70438e-06 2.10341e-07
11.225 4.82784e-06 4.92556e-06 -4.52438e-06 2.00587e-07
11.25 4.64144e-06 4.73472e-06 -4.35237e-06 1.91173e-07
11.275 4.46311e-06 4.55212e-06 -4.18795e-06 1.82088e-07
11.3 4.29245e-06 4.37739e-06 -4.03074e-06 1.73325e-07
11.325 4.12909e-06 4.21013e-06 -3.88037e-06 1.64876e-07
11.35 3.97268e-06 4.04999e-06 -3.73652e-06 1.56735e-07
11.375 3.82289e-06 3.89663e-06 -3.59884e-06 1.48893e-07
11.4 3.67941e-06 3.74972e-06 -3.46703e-06 1.41346e-07
11.425 3.54191e-06 3.60896e-06 -3.34078e-06 1.34088e-07
11.45 3.41013e-06 3.47405e-06 -3.21983e-06 1.27111e-07
11.475 3.28379e-06 3.34471e-06 -3.10389e-06 1.20412e-07
11.5 3.16262e-06 3.22068e-06 -2.99272e-06 1.13984e-07
11.525 3.04637e-06 3.10171e-06 -2.88607e-06 1.07822e-07
11.55 2.93482e-06 2.98755e-06 -2.78371e-06 1.01919e-07
11.575 2.82774e-06 2.87797e-06 -2.68543e-06 9.62706e-08
11.6 2.72492e-06 2.77276e-06 -2.59102e-06 9.08705e-08
11.625 2.62615e-06 2.67172e-06 -2.50029e-06 8.57127e-08
11.65 2.53125e-06 2.57464e-06 -2.41305e-06 8.0791e-08
11.675 2.44003e-06 2.48134e-06 -2.32914e-06 7.60991e-08
11.7 2.35232e-06 2.39164e-06 -2.24838e-06 7.16306e-08
11.725 2.26795e-06 2.30538e-06 -2.17062e-06 6.73789e-08
11.75 2.18678e-06 2.22239e-06 -2.09572e-06 6.33371e-08
11.775 2.10865e-06 2.14253e-06 -2.02353e-06 5.94986e-08
11.8 2.03342e-06 2.06565e-06 -1.95394e-06 5.58563e-08
11.825 1.96096e-06 1.99162e-06 -1.88682e-06 5.24033e-08
11.85 1.89115e-06 1.92031e-06 -1.82205e-06 4.91323e-08
11.875 1.82387e-06 1.8516e-06 -1.75952e-06 4.60364e-08
11.9 1.759e-06 1.78536e-06 -1.69915e-06 4.31084e-08
11.925 1.69644e-06 1.7215e-06 -1.64082e-06 4.03412e-08
11.95 1.63609e-06 1.65991e-06 -1.58446e-06 3.77279e-08
11.975 1.57784e-06 1.60049e-06 -1.52997e-06 3.52613e-08
12 1.52162e-06 1.54315e-06 -1.47728e-06 3.29348e-08
12.025 1.46734e-06 1.4878e-06 -1.42632e-06 3.07415e-08
12.05 1.41491e-06 1.43436e-06 -1.37701e-06 2.8675e-08
12.075 1.36426e-06 1.38275e-06 -1.3293e-06 2.67288e-08
12.1 1.31532e-06 1.3329e-06 -1.28311e-06 2.48967e-08
12.125 1.26802e-06 1.28474e-06 -1.23839e-06 2.31727e-08
12.15 1.22229e-06 1.23819e-06 -1.19509e-06 2.15512e-08
12.175 1.17807e-06 1.1932e-06 -1.15315e-06 2.00267e-08
12.2 1.13531e-06 1.14972e-06 -1.11253e-06 1.85938e-08
12.225 1.09395e-06 1.10767e-06 -1.07318e-06 1.72476e-08
12.25 1.05395e-06 1.06702e-06 -1.03505e-06 1.59834e-08
12.275 1.01524e-06 1.0277e-06 -9.98105e-07 1.47967e-08
12.3 9.77787e-07 9.89673e-07 -9.62306e-07 1.36833e-08
12.325 9.41546e-07 9.52894e-07 -9.27615e-07 1.26395e-08
12.35 9.06473e-07 9.17317e-07 -8.93994e-07 1.16614e-08
12.375 8.7253e-07 8.82901e-07 -8.6141e-07 1.07458e-08
12.4 8.39679e-07 8.49609e-07 -8.2983e-07 9.88941e-09
12.425 8.07884e-07 8.17402e-07 -7.99223e-07 9.08942e-09
12.45 7.77111e-07 7.86244e-07 -7.69558e-07 8.34311e-09
12.475 7.47327e-07 7.56103e-07 -7.40807e-07 7.64801e-09
12.5 7.18501e-07 7.26944e-07 -7.12941e-07 7.00186e-09
12.525 6.90603e-07 6.98738e-07 -6.85933e-07 6.40254e-09
12.55 6.63606e-07 6.71454e-07 -6.59758e-07 5.84814e-09
12.575 6.3748e-07 6.45064e-07 -6.3439e-07 5.33686e-09
12.6 6.12201e-07 6.19539e-07 -6.09805e-07 4.86706e-09
12.625 5.87743e-07 5.94854e-07 -5.8598e-07 4.43719e-09
12.65 5.64082e-07 5.70983e-07 -5.62892e-07 4.0458e-09
12.675 5.41194e-07 5.47901e-07 -5.40518e-07 3.69154e-09
12.7 5.19056e-07 5.25585e-07 -5.18839e-07 3.3731e-09
12.725 4.97647e-07 5.0401e-07 -4.97832e-07 3.08923e-09
12.75 4.76946e-07 4.83156e-07 -4.77479e-07 2.83872e-09
12.775 4.56933e-07 4.63e-07 -4.5776e-07 2.62039e-09
12.8 4.37587e-07 4.43523e-07 -4.38656e-07 2.43304e-09
12.825 4.1889e-07 4.24702e-07 -4.20151e-07 2.2755e-09
12.85 4.00823e-07 4.06521e-07 -4.02227e-07 2.14659e-09
12.875 3.83368e-07 3.88958e-07 -3.84868e-07 2.04509e-09
12.9 3.66509e-07 3.71998e-07 -3.68058e-07 1.96978e-09
12.925 3.50228e-07 3.55621e-07 -3.51782e-07 1.91941e-09
12.95 3.34509e-07 3.39811e-07 -3.36025e-07 1.89269e-09
12.975 3.19338e-07 3.24552e-07 -3.20775e-07 1.88829e-09
13 3.04699e-07 3.09828e-07 -3.06018e-07 1.90487e-09
13.025 2.90577e-07 2.95624e-07 -2.91742e-07 1.94103e-09
13.05 2.76958e-07 2.81926e-07 -2.77935e-07 1.99536e-09
13.075 2.6383e-07 2.68719e-07 -2.64587e-07 2.0664e-09
13.1 2.51179e-07 2.55991e-07 -2.51686e-07 2.15268e-09
13.125 2.38994e-07 2.43729e-07 -2.39224e-07 2.25269e-09
13.15 2.27261e-07 2.31921e-07 -2.27191e-07 2.36494e-09
13.175 2.15971e-07 2.20554e-07 -2.15578e-07 2.4879e-09
13.2 2.05111e-07 2.09619e-07 -2.04379e-07 2.62005e-09
13.225 1.94673e-07 1.99104e-07 -1.93584e-07 2.75988e-09
13.25 1.84646e-07 1.89e-07 -1.83188e-07 2.90589e-09
13.275 1.7502e-07 1.79297e-07 -1.73184e-07 3.0566e-09
13.3 1.65788e-07 1.69987e-07 -1.63566e-07 3.21057e-09
13.325 1.56939e-07 1.61061e-07 -1.54329e-07 3.36639e-09
13.35 1.48468e-07 1.52512e-07 -1.45466e-07 3.5227e-09
13.375 1.40365e-07 1.44331e-07 -1.36974e-07 3.67821e-09
13.4 1.32624e-07 1.36511e-07 -1.28848e-07 3.83167e-09
13.425 1.25238e-07 1.29047e-07 -1.21083e-07 3.98192e-09
13.45 1.18201e-07 1.21932e-07 -1.13676e-07 4.12786e-09
13.475 1.11505e-07 1.15159e-07 -1.06622e-07 4.2685e-09
13.5 1.05146e-07 1.08724e-07 -9.9918e-08 4.40291e-09
13.525 9.91183e-08 1.0262e-07 -9.35598e-08 4.53027e-09
13.55 9.34156e-08 9.68436e-08 -8.75439e-08 4.64986e-09
13.575 8.80333e-08 9.13888e-08 -8.18668e-08 4.76104e-09
13.6 8.29662e-08 8.62512e-08 -7.65246e-08 4.86331e-09
13.625 7.82096e-08 8.14263e-08 -7.15138e-08 4.95625e-09
13.65 7.37586e-08 7.69095e-08 -6.68304e-08 5.03954e-09
13.675 6.96087e-08 7.26965e-08 -6.24705e-08 5.11299e-09
13.7 6.57552e-08 6.87829e-08 -5.84299e-08 5.1765e-09
13.725 6.21935e-08 6.51645e-08 -5.47043e-08 5.23007e-09
13.75 5.8919e-08 6.18367e-08 -5.12891e-08 5.2738e-09
13.775 5.5927e-08 5.87953e-08 -4.81795e-08 5.3079e-09
13.8 5.32128e-08 5.60356e-08 -4.53703e-08 5.33267e-09
13.825 5.07715e-08 5.3553e-08 -4.28561e-08 5.34848e-09
13.85 4.85982e-08 5.13428e-08 -4.06312e-08 5.3558e-09
13.875 4.66877e-08 4.94e-08 -3.86897e-08 5.35517e-09
13.9 4.50348e-08 4.77194e-08 -3.7025e-08 5.3472e-09
13.925 4.36339e-08 4.62956e-08 -3.56304e-08 5.33258e-09
13.95 4.24795e-08 4.5123e-08 -3.4499e-08 5.31202e-09
13.975 4.15654e-08 4.41958e-08 -3.36232e-08 5.28631e-09
14 4.08857e-08 4.35079e-08 -3.29953e-08 5.25627e-09
14.025 4.04338e-08 4.30527e-08 -3.26072e-08 5.22275e-09
14.05 4.02031e-08 4.28237e-08 -3.24505e-08 5.18662e-09
14.075 4.01867e-08 4.28139e-08 -3.25163e-08 5.14879e-09
14.1 4.03773e-08 4.3016e-08 -3.27957e-08 5.11015e-09
14.125 4.07676e-08 4.34224e-08 -3.32792e-08 5.0716e-09
14.15 4.13497e-08 4.40254e-08 -3.39573e-08 5.03405e-09
14.175 4.21156e-08 4.48167e-08 -3.482e-08 4.99837e-09
14.2 4.30573e-08 4.5788e-08 -3.58572e-08 4.96543e-09
14.225 4.41661e-08 4.69307e-08 -3.70586e-08 4.93605e-09
14.25 4.54333e-08 4.82359e-08 -3.84138e-08 4.91105e-09
14.275 4.68501e-08 4.96943e-08 -3.9912e-08 4.89117e-09
14.3 4.84072e-08 5.12968e-08 -4.15425e-08 4.87713e-09
14.325 5.00955e-08 5.30337e-08 -4.32945e-08 4.86959e-09
14.35 5.19054e-08 5.48953e-08 -4.5157e-08 4.86916e-09
14.375 5.38274e-08 5.68718e-08 -4.7119e-08 4.87638e-09
14.4 5.58517e-08 5.89531e-08 -4.91697e-08 4.89174e-09
14.425 5.79685e-08 6.11293e-08 -5.1298e-08 4.91566e-09
14.45 6.0168e-08 6.33902e-08 -5.34932e-08 4.9485e-09
14.475 6.24402e-08 6.57256e-08 -5.57445e-08 4.99053e-09
14.5 6.47753e-08 6.81252e-08 -5.80413e-08 5.04196e-09
14.525 6.71633e-08 7.0579e-08 -6.03731e-08 5.10295e-09
14.55 6.95945e-08 7.30767e-08 -6.27296e-08 5.17355e-09
14.575 7.20589e-08 7.56082e-08 -6.51007e-08 5.25378e-09
14.6 7.4547e-08 7.81638e-08 -6.74766e-08 5.34356e-09
14.625 7.70491e-08 8.07334e-08 -6.98479e-08 5.44276e-09
14.65 7.95559e-08 8.33074e-08 -7.22051e-08 5.55118e-09
14.675 8.20583e-08 8.58765e-08 -7.45394e-08 5.66854e-09
14.7 8.45471e-08 8.84312e-08 -7.68421e-08 5.79453e-09
14.725 8.70136e-08 9.09626e-08 -7.91051e-08 5.92875e-09
14.75 8.94494e-08 9.34619e-08 -8.13204e-08 6.07078e-09
14.775 9.18461e-08 9.59208e-08 -8.34805e-08 6.22012e-09
14.8 9.41959e-08 9.83309e-08 -8.55785e-08 6.37623e-09
14.825 9.64912e-08 1.00685e-07 -8.76075e-08 6.53855e-09
14.85 9.87246e-08 1.02974e-07 -8.95615e-08 6.70645e-09
14.875 1.00889e-07 1.05193e-07 -9.14346e-08 6.87928e-09
14.9 1.02979e-07 1.07334e-07 -9.32215e-08 7.05637e-09
14.925 1.04987e-07 1.09391e-07 -9.49172e-08 7.237e-09
14.95 1.06908e-07 1.11358e-07 -9.65175e-08 7.42047e-09
14.975 1.08737e-07 1.1323e-07 -9.80182e-08 7.60602e-09
15 1.10469e-07 1.15002e-07 -9.94159e-08 7.79292e-09
15.025 1.12098e-07 1.16668e-07 -1.00707e-07 7.9804e-09
15.05 1.13622e-07 1.18226e-07 -1.0189e-07 8.16772e-09
15.075 1.15037e-07 1.1967e-07 -1.02962e-07 8.3541e-09
15.1 1.16338e-07 1.20999e-07 -1.03921e-07 8.53882e-09
15.125 1.17525e-07 1.22209e-07 -1.04766e-07 8.72113e-09
15.15 1.18593e-07 1.23297e-07 -1.05497e-07 8.9003e-09
15.175 1.19543e-07 1.24263e-07 -1.06112e-07 9.07565e-09
15.2 1.20371e-07 1.25104e-07 -1.06611e-07 9.24647e-09
15.225 1.21077e-07 1.25819e-07 -1.06995e-07 9.41213e-09
15.25 1.2166e-07 1.26408e-07 -1.07264e-07 9.57198e-09
15.275 1.2212e-07 1.2687e-07 -1.07419e-07 9.72544e-09
15.3 1.22458e-07 1.27206e-07 -1.07462e-07 9.87192e-09
15.325 1.22673e-07 1.27417e-07 -1.07395e-07 1.00109e-08
15.35 1.22767e-07 1.27502e-07 -1.07218e-07 1.01419e-08
15.375 1.2274e-07 1.27464e-07 -1.06935e-07 1.02644e-08
15.4 1.22595e-07 1.27303e-07 -1.06547e-07 1.03781e-08
15.425 1.22333e-07 1.27023e-07 -1.06058e-07 1.04825e-08
15.45 1.21956e-07 1.26625e-07 -1.0547e-07 1.05774e-08
15.475 1.21467e-07 1.26111e-07 -1.04786e-07 1.06624e-08
15.5 1.20869e-07 1.25485e-07 -1.0401e-07 1.07372e-08
15.525 1.20164e-07 1.24749e-07 -1.03145e-07 1.08017e-08
15.55 1.19355e-07 1.23907e-07 -1.02195e-07 1.08557e-08
15.575 1.18447e-07 1.22962e-07 -1.01164e-07 1.08991e-08
15.6 1.17442e-07 1.21918e-07 -1.00055e-07 1.09318e-08
15.625 1.16344e-07 1.20779e-07 -9.88717e-08 1.09537e-08
15.65 1.15158e-07 1.19549e-07 -9.7619e-08 1.09648e-08
15.675 1.13887e-07 1.18231e-07 -9.63006e-08 1.09652e-08
15.7 1.12535e-07 1.16831e-07 -9.49206e-08 1.0955e-08
15.725 1.11107e-07 1.15352e-07 -9.34832e-08 1.09342e-08
15.75 1.09606e-07 1.13798e-07 -9.19925e-08 1.09029e-08
15.775 1.08038e-07 1.12176e-07 -9.04527e-08 1.08614e-08
15.8 1.06406e-07 1.10488e-07 -8.88677e-08 1.08099e-08
15.825 1.04716e-07 1.08739e-07 -8.72419e-08 1.07485e-08
15.85 1.02971e-07 1.06934e-07 -8.55791e-08 1.06776e-08
15.875 1.01176e-07 1.05078e-07 -8.38834e-08 1.05973e-08
15.9 9.93348e-08 1.03175e-07 -8.21588e-08 1.05081e-08
15.925 9.74528e-08 1.01229e-07 -8.0409e-08 1.04102e-08
15.95 9.55338e-08 9.92459e-08 -7.86379e-08 1.0304e-08
15.975 9.35822e-08 9.72287e-08 -7.68491e-08 1.01898e-08
16 9.16021e-08 9.51823e-08 -7.50462e-08 1.00681e-08
16.025 8.95978e-08 9.31108e-08 -7.32326e-08 9.93907e-09
16.05 8.75732e-08 9.10184e-08 -7.14118e-08 9.80327e-09
16.075 8.55324e-08 8.89091e-08 -6.9587e-08 9.66105e-09
16.1 8.3479e-08 8.67869e-08 -6.77613e-08 9.51283e-09
16.125 8.1417e-08 8.46557e-08 -6.59376e-08 9.35902e-09
16.15 7.93498e-08 8.2519e-08 -6.41189e-08 9.20005e-09
16.175 7.72809e-08 8.03805e-08 -6.23079e-08 9.03632e-09
16.2 7.52137e-08 7.82437e-08 -6.05071e-08 8.86827e-09
16.225 7.31514e-08 7.61117e-08 -5.87191e-08 8.69631e-09
16.25 7.10971e-08 7.39877e-08 -5.6946e-08 8.52085e-09
16.275 6.90537e-08 7.18748e-08 -5.51902e-08 8.3423e-09
16.3 6.70239e-08 6.97758e-08 -5.34537e-08 8.16107e-09
16.325 6.50104e-08 6.76935e-08 -5.17383e-08 7.97756e-09
16.35 6.30156e-08 6.56302e-08 -5.00459e-08 7.79215e-09
16.375 6.1042e-08 6.35885e-08 -4.83781e-08 7.60522e-09
16.4 5.90916e-08 6.15706e-08 -4.67363e-08 7.41715e-09
16.425 5.71666e-08 5.95786e-08 -4.5122e-08 7.22828e-09
16.45 5.52687e-08 5.76144e-08 -4.35364e-08 7.03898e-09
16.475 5.33998e-08 5.56798e-08 -4.19807e-08 6.84957e-09
16.5 5.15615e-08 5.37766e-08 -4.04558e-08 6.66038e-09
16.525 4.97551e-08 5.19061e-08 -3.89627e-08 6.4717e-09
16.55 4.79821e-08 5.00697e-08 -3.7502e-08 6.28385e-09
16.575 4.62436e-08 4.82688e-08 -3.60746e-08 6.09709e-09
16.6 4.45406e-08 4.65043e-08 -3.46809e-08 5.91169e-09
16.625 4.28741e-08 4.47772e-08 -3.33214e-08 5.7279e-09
16.65 4.1245e-08 4.30884e-08 -3.19965e-08 5.54596e-09
16.675 3.96537e-08 4.14385e-08 -3.07064e-08 5.36609e-09
16.7 3.8101e-08 3.98283e-08 -2.94513e-08 5.1885e-09
16.725 3.65874e-08 3.8258e-08 -2.82313e-08 5.01337e-09
16.75 3.5113e-08 3.67282e-08 -2.70465e-08 4.84088e-09
16.775 3.36783e-08 3.52391e-08 -2.58967e-08 4.6712e-09
16.8 3.22833e-08 3.37908e-08 -2.47819e-08 4.50447e-09
16.825 3.09281e-08 3.23835e-08 -2.37018e-08 4.34083e-09
16.85 2.96127e-08 3.10171e-08 -2.26563e-08 4.1804e-09
16.875 2.83369e-08 2.96915e-08 -2.16449e-08 4.02328e-09
16.9 2.71007e-08 2.84065e-08 -2.06674e-08 3.86958e-09
16.925 2.59036e-08 2.71619e-08 -1.97232e-08 3.71936e-09
16.95 2.47455e-08 2.59574e-08 -1.8812e-08 3.5727e-09
16.975 2.36259e-08 2.47926e-08 -1.79333e-08 3.42966e-09
17 2.25444e-08 2.3667e-08 -1.70865e-08 3.29029e-09
17.025 2.15005e-08 2.25802e-08 -1.6271e-08 3.15462e-09
17.05 2.04936e-08 2.15315e-08 -1.54862e-08 3.02267e-09
17.075 1.95232e-08 2.05205e-08 -1.47315e-08 2.89447e-09
17.1 1.85885e-08 1.95464e-08 -1.40064e-08 2.77001e-09
17.125 1.7689e-08 1.86085e-08 -1.33099e-08 2.6493e-09
17.15 1.6824e-08 1.77063e-08 -1.26416e-08 2.53233e-09
17.175 1.59926e-08 1.68388e-08 -1.20007e-08 2.41908e-09
17.2 1.51942e-08 1.60055e-08 -1.13864e-08 2.30952e-09
17.225 1.4428e-08 1.52054e-08 -1.07981e-08 2.20363e-09
17.25 1.36932e-08 1.44377e-08 -1.0235e-08 2.10135e-09
17.275 1.2989e-08 1.37017e-08 -9.69641e-09 2.00266e-09
17.3 1.23146e-08 1.29966e-08 -9.18155e-09 1.9075e-09
17.325 1.16691e-08 1.23213e-08 -8.6897e-09 1.81582e-09
17.35 1.10517e-08 1.16752e-08 -8.22013e-09 1.72755e-09
17.375 1.04615e-08 1.10574e-08 -7.7721e-09 1.64265e-09
17.4 9.89784e-09 1.04669e-08 -7.34488e-09 1.56103e-09
17.425 9.35973e-09 9.90304e-09 -6.93776e-09 1.48264e-09
17.45 8.84637e-09 9.36482e-09 -6.55003e-09 1.4074e-09
17.475 8.35693e-09 8.85143e-09 -6.18097e-09 1.33523e-09
17.5 7.89059e-09 8.36204e-09 -5.8299e-09 1.26607e-09
17.525 7.44654e-09 7.89581e-09 -5.49615e-09 1.19983e-09
17.55 7.02397e-09 7.4519e-09 -5.17902e-09 1.13644e-09
17.575 6.62209e-09 7.02951e-09 -4.87789e-09 1.07581e-09
17.6 6.24011e-09 6.62782e-09 -4.59209e-09 1.01787e-09
17.625 5.87726e-09 6.24606e-09 -4.32101e-09 9.62529e-10
17.65 5.5328e-09 5.88345e-09 -4.06402e-09 9.09713e-10
17.675 5.20598e-09 5.53922e-09 -3.82054e-09 8.5934e-10
17.7 4.89608e-09 5.21263e-09 -3.58998e-09 8.11327e-10
17.725 4.6024e-09 4.90297e-09 -3.37178e-09 7.65595e-10
17.75 4.32425e-09 4.6095e-09 -3.16538e-09 7.22063e-10
17.775 4.06095e-09 4.33156e-09 -2.97025e-09 6.80653e-10
17.8 3.81186e-09 4.06846e-09 -2.78589e-09 6.41285e-10
17.825 3.57635e-09 3.81954e-09 -2.61178e-09 6.03884e-10
17.85 3.35379e-09 3.58419e-09 -2.44744e-09 5.68373e-10
17.875 3.14359e-09 3.36177e-09 -2.29241e-09 5.34677e-10
17.9 2.94518e-09 3.15169e-09 -2.14624e-09 5.02724e-10
17.925 2.758e-09 2.95338e-09 -2.00849e-09 4.72442e-10
17.95 2.58151e-09 2.76627e-09 -1.87875e-09 4.43762e-10
17.975 2.41519e-09 2.58983e-09 -1.75661e-09 4.16614e-10
18 2.25853e-09 2.42354e-09 -1.64168e-09 3.90932e-10
18.025 2.11106e-09 2.2669e-09 -1.5336e-09 3.66652e-10
18.05 1.97231e-09 2.11942e-09 -1.432e-09 3.4371e-10
18.075 1.84184e-09 1.98065e-09 -1.33656e-09 3.22046e-10
18.1 1.71921e-09 1.85013e-09 -1.24693e-09 3.016e-10
18.125 1.60401e-09 1.72744e-09 -1.16281e-09 2.82315e-10
18.15 1.49585e-09 1.61216e-09 -1.08389e-09 2.64135e-10
18.175 1.39436e-09 1.50391e-09 -1.0099e-09 2.47006e-10
18.2 1.29916e-09 1.40231e-09 -9.40554e-10 2.30878e-10
18.225 1.20992e-09 1.30699e-09 -8.75596e-10 2.15699e-10
18.25 1.12631e-09 1.21762e-09 -8.14778e-10 2.01422e-10
18.275 1.04801e-09 1.13387e-09 -7.57863e-10 1.88002e-10
18.3 9.74716e-10 1.05541e-09 -7.04626e-10 1.75392e-10
18.325 9.06148e-10 9.81956e-10 -6.54852e-10 1.63552e-10
18.35 8.42032e-10 9.13218e-10 -6.0834e-10 1.52439e-10
18.375 7.82107e-10 8.48925e-10 -5.64894e-10 1.42015e-10
18.4 7.26129e-10 7.8882e-10 -5.24333e-10 1.32243e-10
18.425 6.73863e-10 7.32655e-10 -4.86483e-10 1.23086e-10
18.45 6.25086e-10 6.80199e-10 -4.51177e-10 1.14511e-10
18.475 5.79588e-10 6.31229e-10 -4.18262e-10 1.06484e-10
18.5 5.37169e-10 5.85537e-10 -3.87588e-10 9.89741e-11
18.525 4.9764e-10 5.42921e-10 -3.59017e-10 9.19523e-11
18.55 4.60821e-10 5.03196e-10 -3.32416e-10 8.53899e-11
18.575 4.26543e-10 4.6618e-10 -3.0766e-10 7.926e-11
18.6 3.94646e-10 4.31707e-10 -2.84633e-10 7.3537e-11
18.625 3.64979e-10 3.99616e-10 -2.63223e-10 6.81967e-11
18.65 3.37399e-10 3.69756e-10 -2.43325e-10 6.32159e-11
18.675 3.1177e-10 3.41986e-10 -2.2484e-10 5.85729e-11
18.7 2.87966e-10 3.1617e-10 -2.07677e-10 5.42467e-11
18.725 2.65868e-10 2.92183e-10 -1.91747e-10 5.02179e-11
18.75 2.45363e-10 2.69904e-10 -1.76968e-10 4.64678e-11
18.775 2.26344e-10 2.49222e-10 -1.63264e-10 4.29789e-11
18.8 2.08712e-10 2.3003e-10 -1.50561e-10 3.97346e-11
18.825 1.92374e-10 2.1223e-10 -1.38792e-10 3.67191e-11
18.85 1.7724e-10 1.95728e-10 -1.27892e-10 3.39178e-11
18.875 1.6323e-10 1.80435e-10 -1.17802e-10 3.13166e-11
18.9 1.50265e-10 1.66271e-10 -1.08466e-10 2.89024e-11
18.925 1.38273e-10 1.53156e-10 -9.98304e-11 2.66629e-11
18.95 1.27186e-10 1.41019e-10 -9.18467e-11 2.45863e-11
18.975 1.1694e-10 1.29792e-10 -8.44687e-11 2.26618e-11
19 1.07475e-10 1.19411e-10 -7.76533e-11 2.0879e-11
19.025 9.87362e-11 1.09817e-10 -7.13602e-11 1.92283e-11
19.05 9.0671e-11 1.00953e-10 -6.55519e-11 1.77007e-11
19.075 8.32309e-11 9.27682e-11 -6.01932e-11 1.62875e-11
19.1 7.63705e-11 8.52132e-11 -5.52515e-11 1.49808e-11
19.125 7.00472e-11 7.82426e-11 -5.06961e-11 1.37732e-11
19.15 6.42217e-11 7.18139e-11 -4.64985e-11 1.26577e-11
19.175 5.88571e-11 6.58876e-11 -4.26323e-11 1.16277e-11
19.2 5.3919e-11 6.04268e-11 -3.90728e-11 1.0677e-11
19.225 4.93755e-11 5.53969e-11 -3.57969e-11 9.80001e-12
19.25 4.51968e-11 5.0766e-11 -3.27833e-11 8.99134e-12
19.275 4.13554e-11 4.65042e-11 -3.00122e-11 8.246e-12
19.3 3.78255e-11 4.25837e-11 -2.7465e-11 7.55935e-12
19.325 3.45832e-11 3.89786e-11 -2.51245e-11 6.92704e-12
19.35 3.16064e-11 3.5665e-11 -2.2975e-11 6.34502e-12
19.375 2.88744e-11 3.26206e-11 -2.10015e-11 5.80955e-12
19.4 2.63683e-11 2.98246e-11 -1.91904e-11 5.31711e-12
19.425 2.40702e-11 2.72579e-11 -1.7529e-11 4.86444e-12
19.45 2.19639e-11 2.49026e-11 -1.60056e-11 4.44851e-12
19.475 2.0034e-11 2.27421e-11 -1.46091e-11 4.06651e-12
19.5 1.82667e-11 2.07612e-11 -1.33296e-11 3.71582e-12
19.525 1.66487e-11 1.89457e-11 -1.21577e-11 3.39401e-12
19.55 1.51683e-11 1.72824e-11 -1.10848e-11 3.09884e-12
19.575 1.38141e-11 1.57592e-11 -1.01028e-11 2.82821e-12
19.6 1.2576e-11 1.43649e-11 -9.20452e-12 2.5802e-12
19.625 1.14445e-11 1.3089e-11 -8.38305e-12 2.353e-12
19.65 1.04107e-11 1.1922e-11 -7.63212e-12 2.14496e-12
19.675 9.46676e-12 1.0855e-11 -6.94594e-12 1.95454e-12
19.7 8.6051e-12 9.87984e-12 -6.31918e-12 1.78033e-12
19.725 7.81889e-12 8.98892e-12 -5.7469e-12 1.62101e-12
19.75 7.10181e-12 8.17532e-12 -5.22458e-12 1.47537e-12
19.775 6.44805e-12 7.43261e-12 -4.74802e-12 1.34229e-12
19.8 5.85226e-12 6.75488e-12 -4.31339e-12 1.22074e-12
19.825 5.30951e-12 6.13669e-12 -3.91715e-12 1.10977e-12
19.85 4.81528e-12 5.57304e-12 -3.55604e-12 1.0085e-12
19.875 4.36542e-12 5.0593e-12 -3.22708e-12 9.1611e-13
19.9 3.9561e-12 4.59124e-12 -2.92751e-12 8.31867e-13
19.925 3.58381e-12 4.16497e-12 -2.6548e-12 7.5508e-13
19.95 3.24535e-12 3.7769e-12 -2.40666e-12 6.85119e-13
19.975 2.93776e-12 3.42374e-12 -2.18094e-12 6.21403e-13
20 2.65833e-12 3.10248e-12 -1.97569e-12 5.63397e-13
