0 0.188812 0.195934 -0.00880165 0.0935661
0.025 0.188812 0.195934 -0.00880165 0.0935661
0.05 0.188723 0.195854 -0.00879716 0.0935282
0.075 0.188574 0.19572 -0.00878968 0.0934651
0.1 0.188366 0.195533 -0.00877926 0.0933771
0.125 0.188099 0.195295 -0.00876594 0.0932643
0.15 0.187775 0.195004 -0.00874977 0.0931272
0.175 0.187395 0.194663 -0.00873081 0.0929659
0.2 0.186958 0.194271 -0.00870915 0.0927812
0.225 0.186467 0.193832 -0.00868488 0.0925733
0.25 0.185924 0.193344 -0.00865809 0.092343
0.275 0.185329 0.192811 -0.00862889 0.0920908
0.3 0.184684 0.192233 -0.00859741 0.0918175
0.325 0.183991 0.191612 -0.00856378 0.0915239
0.35 0.183253 0.19095 -0.00852813 0.0912107
0.375 0.182471 0.190248 -0.00849062 0.0908788
0.4 0.181647 0.18951 -0.00845139 0.0905292
0.425 0.180784 0.188736 -0.00841062 0.0901627
0.45 0.179884 0.187929 -0.00836847 0.0897805
0.475 0.17895 0.187092 -0.00832511 0.0893836
0.5 0.177985 0.186227 -0.00828074 0.088973
0.525 0.176991 0.185335 -0.00823553 0.0885499
0.55 0.175971 0.184421 -0.00818968 0.0881155
0.575 0.174927 0.183485 -0.00814339 0.0876708
0.6 0.173864 0.182531 -0.00809684 0.0872172
0.625 0.172783 0.181562 -0.00805025 0.0867559
0.65 0.171688 0.18058 -0.00800381 0.0862881
0.675 0.170582 0.179588 -0.00795773 0.085815
0.7 0.169468 0.178588 -0.00791221 0.0853379
0.725 0.168348 0.177584 -0.00786745 0.084858
0.75 0.167227 0.176577 -0.00782366 0.0843767
0.775 0.166107 0.175572 -0.00778104 0.0838952
0.8 0.164991 0.174569 -0.00773978 0.0834148
0.825 0.163882 0.173573 -0.00770009 0.0829365
0.85 0.162784 0.172586 -0.00766216 0.0824618
0.875 0.161698 0.17161 -0.00762618 0.0819918
0.9 0.160629 0.170648 -0.00759234 0.0815276
0.925 0.159578 0.169702 -0.00756081 0.0810704
0.95 0.158549 0.168774 -0.00753178 0.0806213
0.975 0.157544 0.167868 -0.00750543 0.0801814
1 0.156565 0.166985 -0.00748191 0.0797517
1.025 0.155616 0.166128 -0.00746139 0.0793333
1.05 0.154698 0.165298 -0.00744403 0.078927
1.075 0.153814 0.164497 -0.00742997 0.0785338
1.1 0.152966 0.163728 -0.00741937 0.0781544
1.125 0.152156 0.162992 -0.00741235 0.0777898
1.15 0.151385 0.16229 -0.00740906 0.0774406
1.175 0.150656 0.161625 -0.0074096 0.0771075
1.2 0.14997 0.160996 -0.0074141 0.0767911
1.225 0.149328 0.160407 -0.00742267 0.0764919
1.25 0.148732 0.159856 -0.00743542 0.0762105
1.275 0.148182 0.159347 -0.00745243 0.0759472
1.3 0.14768 0.158879 -0.00747381 0.0757024
1.325 0.147227 0.158452 -0.00749962 0.0754764
1.35 0.146822 0.158068 -0.00752995 0.0752692
1.375 0.146467 0.157727 -0.00756487 0.0750812
1.4 0.146162 0.157429 -0.00760444 0.0749122
1.425 0.145906 0.157174 -0.00764872 0.0747624
1.45 0.145699 0.156961 -0.00769775 0.0746315
1.475 0.145542 0.156791 -0.00775158 0.0745195
1.5 0.145434 0.156662 -0.00781024 0.074426
1.525 0.145374 0.156575 -0.00787377 0.0743507
1.55 0.145362 0.156529 -0.00794219 0.0742933
1.575 0.145395 0.156522 -0.00801552 0.0742533
1.6 0.145475 0.156554 -0.00809376 0.0742302
1.625 0.145598 0.156624 -0.00817693 0.0742233
1.65 0.145763 0.156729 -0.00826503 0.074232
1.675 0.14597 0.156869 -0.00835804 0.0742556
1.7 0.146215 0.157042 -0.00845597 0.0742932
1.725 0.146498 0.157247 -0.00855878 0.074344
1.75 0.146817 0.157481 -0.00866645 0.0744071
1.775 0.147168 0.157742 -0.00877896 0.0744815
1.8 0.14755 0.158029 -0.00889627 0.0745662
1.825 0.14796 0.158339 -0.00901833 0.0746602
1.85 0.148397 0.15867 -0.00914509 0.0747622
1.875 0.148856 0.159019 -0.0092765 0.0748713
1.9 0.149336 0.159385 -0.0094125 0.0749861
1.925 0.149834 0.159764 -0.00955302 0.0751054
1.95 0.150347 0.160154 -0.00969797 0.075228
1.975 0.150871 0.160553 -0.00984727 0.0753527
2 0.151405 0.160957 -0.0100008 0.075478
2.025 0.151944 0.161364 -0.0101586 0.0756027
2.05 0.152486 0.161771 -0.0103203 0.0757254
2.075 0.153028 0.162176 -0.0104861 0.0758448
2.1 0.153566 0.162574 -0.0106556 0.0759594
2.125 0.154098 0.162965 -0.0108288 0.0760681
2.15 0.15462 0.163344 -0.0110055 0.0761694
2.175 0.155129 0.163709 -0.0111856 0.0762619
2.2 0.155622 0.164058 -0.011369 0.0763443
2.225 0.156096 0.164386 -0.0115554 0.0764153
2.25 0.156547 0.164692 -0.0117446 0.0764736
2.275 0.156974 0.164973 -0.0119366 0.076518
2.3 0.157372 0.165225 -0.012131 0.0765471
2.325 0.157739 0.165447 -0.0123277 0.0765598
2.35 0.158072 0.165636 -0.0125264 0.0765548
2.375 0.158369 0.165789 -0.0127269 0.0765311
2.4 0.158626 0.165904 -0.012929 0.0764875
2.425 0.158842 0.165978 -0.0131324 0.076423
2.45 0.159013 0.16601 -0.0133369 0.0763366
2.475 0.159137 0.165997 -0.0135421 0.0762273
2.5 0.159212 0.165936 -0.0137478 0.0760942
2.525 0.159237 0.165827 -0.0139537 0.0759366
2.55 0.159208 0.165667 -0.0141595 0.0757536
2.575 0.159124 0.165454 -0.0143649 0.0755445
2.6 0.158984 0.165187 -0.0145696 0.0753088
2.625 0.158786 0.164865 -0.0147732 0.0750457
2.65 0.158527 0.164485 -0.0149754 0.0747549
2.675 0.158209 0.164048 -0.0151759 0.0744358
2.7 0.157828 0.163551 -0.0153743 0.0740881
2.725 0.157384 0.162993 -0.0155702 0.0737116
2.75 0.156876 0.162375 -0.0157634 0.073306
2.775 0.156304 0.161696 -0.0159534 0.0728712
2.8 0.155666 0.160954 -0.0161398 0.072407
2.825 0.154964 0.16015 -0.0163224 0.0719136
2.85 0.154196 0.159283 -0.0165007 0.0713909
2.875 0.153362 0.158353 -0.0166744 0.0708392
2.9 0.152463 0.157361 -0.0168431 0.0702587
2.925 0.151499 0.156306 -0.0170065 0.0696496
2.95 0.15047 0.155189 -0.0171641 0.0690124
2.975 0.149378 0.154011 -0.0173156 0.0683475
3 0.148221 0.152771 -0.0174607 0.0676553
3.025 0.147003 0.151472 -0.0175991 0.0669365
3.05 0.145723 0.150114 -0.0177303 0.0661917
3.075 0.144382 0.148697 -0.0178541 0.0654216
3.1 0.142983 0.147224 -0.0179701 0.0646269
3.125 0.141526 0.145695 -0.0180781 0.0638084
3.15 0.140013 0.144112 -0.0181777 0.062967
3.175 0.138445 0.142476 -0.0182687 0.0621037
3.2 0.136825 0.140789 -0.0183507 0.0612193
3.225 0.135154 0.139053 -0.0184236 0.0603148
3.25 0.133434 0.13727 -0.0184871 0.0593914
3.275 0.131667 0.135441 -0.018541 0.05845
3.3 0.129856 0.133569 -0.0185851 0.0574919
3.325 0.128002 0.131655 -0.0186192 0.056518
3.35 0.126108 0.129703 -0.0186431 0.0555297
3.375 0.124176 0.127713 -0.0186568 0.054528
3.4 0.122209 0.125689 -0.0186601 0.0535142
3.425 0.120208 0.123632 -0.0186528 0.0524896
3.45 0.118177 0.121545 -0.018635 0.0514553
3.475 0.116118 0.119432 -0.0186065 0.0504125
3.5 0.114034 0.117293 -0.0185674 0.0493626
3.525 0.111926 0.115131 -0.0185177 0.0483067
3.55 0.109798 0.11295 -0.0184572 0.0472462
3.575 0.107653 0.110751 -0.0183862 0.0461822
3.6 0.105492 0.108537 -0.0183047 0.045116
3.625 0.103318 0.10631 -0.0182127 0.0440487
3.65 0.101134 0.104074 -0.0181103 0.0429817
3.675 0.0989427 0.10183 -0.0179978 0.041916
3.7 0.0967462 0.0995807 -0.0178752 0.0408528
3.725 0.094547 0.0973291 -0.0177427 0.0397932
3.75 0.0923476 0.0950774 -0.0176005 0.0387384
3.775 0.0901503 0.0928277 -0.0174489 0.0376894
3.8 0.0879575 0.0905826 -0.017288 0.0366473
3.825 0.0857714 0.0883443 -0.0171182 0.035613
3.85 0.0835943 0.0861149 -0.0169397 0.0345876
3.875 0.0814284 0.0838966 -0.0167528 0.0335719
3.9 0.0792756 0.0816916 -0.0165577 0.0325669
3.925 0.077138 0.0795018 -0.0163549 0.0315734
3.95 0.0750176 0.0773292 -0.0161447 0.0305923
3.975 0.0729162 0.0751757 -0.0159273 0.0296242
4 0.0708356 0.0730431 -0.0157032 0.02867
4.025 0.0687775 0.0709332 -0.0154727 0.0277302
4.05 0.0667435 0.0688475 -0.0152363 0.0268056
4.075 0.0647352 0.0667876 -0.0149942 0.0258967
4.1 0.0627539 0.064755 -0.0147469 0.025004
4.125 0.0608011 0.0627511 -0.0144949 0.0241281
4.15 0.058878 0.0607772 -0.0142384 0.0232694
4.175 0.0569857 0.0588345 -0.0139779 0.0224283
4.2 0.0551254 0.0569241 -0.0137138 0.0216052
4.225 0.0532981 0.055047 -0.0134465 0.0208003
4.25 0.0515046 0.0532043 -0.0131764 0.020014
4.275 0.0497459 0.0513967 -0.0129039 0.0192464
4.3 0.0480225 0.0496251 -0.0126295 0.0184978
4.325 0.0463352 0.0478901 -0.0123535 0.0177683
4.35 0.0446846 0.0461923 -0.0120763 0.017058
4.375 0.043071 0.0445322 -0.0117982 0.016367
4.4 0.041495 0.0429102 -0.0115198 0.0156952
4.425 0.0399568 0.0413268 -0.0112413 0.0150428
4.45 0.0384567 0.0397822 -0.0109631 0.0144095
4.475 0.0369947 0.0382765 -0.0106855 0.0137955
4.5 0.0355712 0.0368099 -0.010409 0.0132005
4.525 0.0341859 0.0353824 -0.0101337 0.0126244
4.55 0.032839 0.0339941 -0.00986011 0.012067
4.575 0.0315303 0.0326448 -0.00958845 0.0115282
4.6 0.0302596 0.0313344 -0.00931901 0.0110077
4.625 0.0290267 0.0300626 -0.00905209 0.0105053
4.65 0.0278313 0.0288293 -0.00878793 0.0100207
4.675 0.0266732 0.0276341 -0.00852681 0.00955363
4.7 0.0255518 0.0264765 -0.00826893 0.0091038
4.725 0.0244669 0.0253563 -0.00801454 0.00867088
4.75 0.0234178 0.0242729 -0.00776383 0.00825454
4.775 0.0224042 0.0232258 -0.007517 0.00785442
4.8 0.0214254 0.0222145 -0.00727422 0.00747016
4.825 0.0204809 0.0212384 -0.00703565 0.0071014
4.85 0.01957 0.0202969 -0.00680144 0.00674775
4.875 0.0186922 0.0193894 -0.00657173 0.00640882
4.9 0.0178467 0.0185151 -0.00634663 0.00608422
4.925 0.0170329 0.0176733 -0.00612624 0.00577355
4.95 0.0162501 0.0168635 -0.00591066 0.00547641
4.975 0.0154975 0.0160847 -0.00569996 0.00519239
5 0.0147744 0.0153364 -0.00549422 0.00492109
5.025 0.0140801 0.0146177 -0.00529347 0.0046621
5.05 0.0134137 0.0139278 -0.00509776 0.00441502
5.075 0.0127746 0.013266 -0.00490711 0.00417944
5.1 0.012162 0.0126315 -0.00472155 0.00395497
5.125 0.011575 0.0120235 -0.00454107 0.0037412
5.15 0.011013 0.0114412 -0.00436568 0.00353775
5.175 0.0104751 0.0108838 -0.00419535 0.00334422
5.2 0.00996066 0.0103506 -0.00403007 0.00316025
5.225 0.00946878 0.00984067 -0.00386979 0.00298544
5.25 0.00899877 0.00935336 -0.00371448 0.00281944
5.275 0.00854986 0.00888786 -0.00356409 0.00266189
5.3 0.00812133 0.0084434 -0.00341856 0.00251242
5.325 0.00771243 0.00801925 -0.00327783 0.00237071
5.35 0.00732245 0.00761464 -0.00314183 0.00223641
5.375 0.00695067 0.00722887 -0.00301048 0.00210919
5.4 0.00659641 0.00686121 -0.00288371 0.00198875
5.425 0.00625899 0.00651096 -0.00276142 0.00187477
5.45 0.00593772 0.00617744 -0.00264354 0.00176695
5.475 0.00563198 0.00585997 -0.00252997 0.001665
5.5 0.00534111 0.00555791 -0.00242062 0.00156864
5.525 0.0050645 0.0052706 -0.00231538 0.00147761
5.55 0.00480154 0.00499744 -0.00221415 0.00139164
5.575 0.00455166 0.00473781 -0.00211684 0.00131049
5.6 0.00431427 0.00449114 -0.00202334 0.0012339
5.625 0.00408884 0.00425684 -0.00193355 0.00116164
5.65 0.00387481 0.00403437 -0.00184736 0.00109351
5.675 0.00367169 0.00382319 -0.00176466 0.00102927
5.7 0.00347896 0.00362279 -0.00168534 0.000968722
5.725 0.00329614 0.00343266 -0.00160931 0.000911675
5.75 0.00312277 0.00325234 -0.00153646 0.000857939
5.775 0.0029584 0.00308135 -0.00146668 0.000807333
5.8 0.00280259 0.00291924 -0.00139987 0.000759687
5.825 0.00265494 0.00276559 -0.00133592 0.000714836
5.85 0.00251504 0.00261999 -0.00127474 0.000672626
5.875 0.00238251 0.00248204 -0.00121622 0.000632909
5.9 0.00225698 0.00235135 -0.00116027 0.000595542
5.925 0.00213811 0.00222758 -0.00110679 0.000560393
5.95 0.00202554 0.00211035 -0.00105569 0.000527333
5.975 0.00191897 0.00199935 -0.00100687 0.000496243
6 0.00181808 0.00189426 -0.000960243 0.000467008
6.025 0.00172258 0.00179476 -0.000915724 0.000439519
6.05 0.00163219 0.00170057 -0.000873226 0.000413674
6.075 0.00154663 0.00161142 -0.000832665 0.000389376
6.1 0.00146566 0.00152703 -0.000793961 0.000366532
6.125 0.00138903 0.00144715 -0.000757036 0.000345056
6.15 0.00131651 0.00137155 -0.000721814 0.000324867
6.175 0.00124788 0.00129999 -0.00068822 0.000305886
6.2 0.00118293 0.00123227 -0.000656185 0.000288041
6.225 0.00112147 0.00116816 -0.000625639 0.000271263
6.25 0.00106329 0.00110749 -0.000596517 0.000255487
6.275 0.00100823 0.00105006 -0.000568754 0.000240653
6.3 0.000956113 0.000995695 -0.00054229 0.000226703
6.325 0.000906779 0.000944229 -0.000517064 0.000213582
6.35 0.000860075 0.000895504 -0.000493021 0.000201241
6.375 0.000815858 0.000849371 -0.000470107 0.000189632
6.4 0.00077399 0.000805686 -0.000448267 0.000178709
6.425 0.000734342 0.000764317 -0.000427454 0.000168432
6.45 0.000696792 0.000725136 -0.000407618 0.000158759
6.475 0.000661224 0.000688023 -0.000388714 0.000149655
6.5 0.00062753 0.000652865 -0.000370697 0.000141084
6.525 0.000595605 0.000619553 -0.000353526 0.000133014
6.55 0.000565353 0.000587988 -0.00033716 0.000125414
6.575 0.000536682 0.000558074 -0.000321562 0.000118256
6.6 0.000509505 0.000529719 -0.000306694 0.000111513
6.625 0.000483739 0.000502839 -0.000292522 0.000105159
6.65 0.000459308 0.000477354 -0.000279012 9.91712e-05
6.675 0.000436139 0.000453187 -0.000266132 9.35276e-05
6.7 0.000414163 0.000430268 -0.000253853 8.82073e-05
6.725 0.000393316 0.000408527 -0.000242146 8.31909e-05
6.75 0.000373535 0.000387903 -0.000230982 7.84604e-05
6.775 0.000354765 0.000368334 -0.000220337 7.39986e-05
6.8 0.00033695 0.000349765 -0.000210185 6.97898e-05
6.825 0.000320039 0.000332141 -0.000200503 6.58189e-05
6.85 0.000303984 0.000315412 -0.000191268 6.20721e-05
6.875 0.00028874 0.000299531 -0.000182459 5.85362e-05
6.9 0.000274263 0.000284454 -0.000174056 5.51989e-05
6.925 0.000260514 0.000270137 -0.000166039 5.20489e-05
6.95 0.000247454 0.000256541 -0.000158391 4.90752e-05
6.975 0.000235048 0.000243629 -0.000151093 4.62677e-05
7 0.000223261 0.000231364 -0.00014413 4.36171e-05
7.025 0.000212061 0.000219714 -0.000137486 4.11144e-05
7.05 0.000201419 0.000208647 -0.000131145 3.87512e-05
7.075 0.000191306 0.000198133 -0.000125094 3.65197e-05
7.1 0.000181694 0.000188144 -0.000119319 3.44125e-05
7.125 0.00017256 0.000178653 -0.000113807 3.24227e-05
7.15 0.000163877 0.000169635 -0.000108547 3.05439e-05
7.175 0.000155625 0.000161066 -0.000103526 2.87697e-05
7.2 0.000147782 0.000152924 -9.87344e-05 2.70946e-05
7.225 0.000140327 0.000145187 -9.41608e-05 2.55131e-05
7.25 0.00013324 0.000137836 -8.97957e-05 2.402e-05
7.275 0.000126505 0.000130851 -8.56294e-05 2.26106e-05
7.3 0.000120103 0.000124214 -8.16532e-05 2.12803e-05
7.325 0.000114019 0.000117908 -7.78584e-05 2.00248e-05
7.35 0.000108237 0.000111917 -7.42368e-05 1.88401e-05
7.375 0.000102742 0.000106226 -7.07808e-05 1.77224e-05
7.4 9.75212e-05 0.000100819 -6.7483e-05 1.6668e-05
7.425 9.25601e-05 9.56834e-05 -6.43362e-05 1.56736e-05
7.45 8.78468e-05 9.08057e-05 -6.13339e-05 1.47359e-05
7.475 8.33693e-05 8.61733e-05 -5.84695e-05 1.38519e-05
7.5 7.91163e-05 8.17745e-05 -5.5737e-05 1.30187e-05
7.525 7.50771e-05 7.75978e-05 -5.31305e-05 1.22336e-05
7.55 7.12414e-05 7.36325e-05 -5.06445e-05 1.1494e-05
7.575 6.75994e-05 6.98685e-05 -4.82736e-05 1.07974e-05
7.6 6.4142e-05 6.6296e-05 -4.60128e-05 1.01416e-05
7.625 6.08601e-05 6.29057e-05 -4.38572e-05 9.52425e-06
7.65 5.77455e-05 5.96888e-05 -4.18021e-05 8.94335e-06
7.675 5.47901e-05 5.66369e-05 -3.98431e-05 8.39692e-06
7.7 5.19862e-05 5.3742e-05 -3.79759e-05 7.88306e-06
7.725 4.93265e-05 5.09964e-05 -3.61964e-05 7.40001e-06
7.75 4.6804e-05 4.83929e-05 -3.45007e-05 6.94607e-06
7.775 4.44122e-05 4.59244e-05 -3.28852e-05 6.51963e-06
7.8 4.21445e-05 4.35844e-05 -3.13461e-05 6.11917e-06
7.825 3.9995e-05 4.13666e-05 -2.98801e-05 5.74324e-06
7.85 3.79578e-05 3.92648e-05 -2.84838e-05 5.39048e-06
7.875 3.60274e-05 3.72733e-05 -2.71541e-05 5.05957e-06
7.9 3.41986e-05 3.53866e-05 -2.58881e-05 4.74927e-06
7.925 3.24662e-05 3.35995e-05 -2.46826e-05 4.45841e-06
7.95 3.08255e-05 3.19068e-05 -2.35351e-05 4.18587e-06
7.975 2.92718e-05 3.03039e-05 -2.24428e-05 3.93059e-06
8 2.78007e-05 2.87862e-05 -2.14031e-05 3.69156e-06
8.025 2.6408e-05 2.73492e-05 -2.04136e-05 3.46783e-06
8.05 2.50897e-05 2.59889e-05 -1.94719e-05 3.25847e-06
8.075 2.38419e-05 2.47012e-05 -1.85759e-05 3.06264e-06
8.1 2.26611e-05 2.34823e-05 -1.77232e-05 2.87952e-06
8.125 2.15435e-05 2.23286e-05 -1.69119e-05 2.70832e-06
8.15 2.04861e-05 2.12367e-05 -1.614e-05 2.54832e-06
8.175 1.94854e-05 2.02032e-05 -1.54056e-05 2.39881e-06
8.2 1.85386e-05 1.9225e-05 -1.47068e-05 2.25914e-06
8.225 1.76427e-05 1.82992e-05 -1.40419e-05 2.12868e-06
8.25 1.67949e-05 1.74229e-05 -1.34092e-05 2.00684e-06
8.275 1.59926e-05 1.65933e-05 -1.28072e-05 1.89306e-06
8.3 1.52333e-05 1.58079e-05 -1.22343e-05 1.78682e-06
8.325 1.45147e-05 1.50643e-05 -1.16891e-05 1.6876e-06
8.35 1.38344e-05 1.43601e-05 -1.11702e-05 1.59495e-06
8.375 1.31903e-05 1.36931e-05 -1.06762e-05 1.50842e-06
8.4 1.25804e-05 1.30612e-05 -1.0206e-05 1.42759e-06
8.425 1.20027e-05 1.24623e-05 -9.75822e-06 1.35206e-06
8.45 1.14554e-05 1.18947e-05 -9.3318e-06 1.28147e-06
8.475 1.09368e-05 1.13566e-05 -8.92564e-06 1.21546e-06
8.5 1.04451e-05 1.08461e-05 -8.5387e-06 1.15372e-06
8.525 9.97878e-06 1.03618e-05 -8.16998e-06 1.09593e-06
8.55 9.53644e-06 9.90218e-06 -7.81855e-06 1.04182e-06
8.575 9.11665e-06 9.46571e-06 -7.48351e-06 9.91101e-07
8.6 8.71808e-06 9.0511e-06 -7.16402e-06 9.43538e-07
8.625 8.33949e-06 8.65706e-06 -6.85927e-06 8.98895e-07
8.65 7.97971e-06 8.28241e-06 -6.5685e-06 8.56955e-07
8.675 7.63763e-06 7.92602e-06 -6.29099e-06 8.17516e-07
8.7 7.31222e-06 7.58683e-06 -6.02605e-06 7.80391e-07
8.725 7.0025e-06 7.26385e-06 -5.77304e-06 7.45408e-07
8.75 6.70755e-06 6.95615e-06 -5.53134e-06 7.12405e-07
8.775 6.42651e-06 6.66284e-06 -5.30037e-06 6.81234e-07
8.8 6.15858e-06 6.3831e-06 -5.07958e-06 6.51759e-07
8.825 5.90299e-06 6.11617e-06 -4.86847e-06 6.23853e-07
8.85 5.65905e-06 5.86133e-06 -4.66653e-06 5.974e-07
8.875 5.42608e-06 5.6179e-06 -4.47331e-06 5.72294e-07
8.9 5.20347e-06 5.38525e-06 -4.28837e-06 5.48437e-07
8.925 4.99064e-06 5.16279e-06 -4.11131e-06 5.2574e-07
8.95 4.78704e-06 4.94997e-06 -3.94173e-06 5.0412e-07
8.975 4.59218e-06 4.74627e-06 -3.77927e-06 4.83503e-07
9 4.40557e-06 4.55122e-06 -3.62358e-06 4.6382e-07
9.025 4.22679e-06 4.36436e-06 -3.47434e-06 4.45008e-07
9.05 4.05541e-06 4.18527e-06 -3.33125e-06 4.27012e-07
9.075 3.89105e-06 4.01357e-06 -3.19401e-06 4.09778e-07
9.1 3.73337e-06 3.84887e-06 -3.06236e-06 3.93259e-07
9.125 3.58201e-06 3.69085e-06 -2.93603e-06 3.77413e-07
9.15 3.43668e-06 3.53918e-06 -2.81478e-06 3.62199e-07
9.175 3.29707e-06 3.39356e-06 -2.6984e-06 3.47581e-07
9.2 3.16292e-06 3.2537e-06 -2.58665e-06 3.33527e-07
9.225 3.03397e-06 3.11935e-06 -2.47934e-06 3.20007e-07
9.25 2.90999e-06 2.99025e-06 -2.37627e-06 3.06992e-07
9.275 2.79075e-06 2.86618e-06 -2.27727e-06 2.94457e-07
9.3 2.67604e-06 2.74691e-06 -2.18215e-06 2.82379e-07
9.325 2.56566e-06 2.63224e-06 -2.09077e-06 2.70735e-07
9.35 2.45944e-06 2.52197e-06 -2.00296e-06 2.59506e-07
9.375 2.35719e-06 2.41592e-06 -1.91857e-06 2.48672e-07
9.4 2.25876e-06 2.31391e-06 -1.83748e-06 2.38217e-07
9.425 2.16398e-06 2.21579e-06 -1.75954e-06 2.28122e-07
9.45 2.07272e-06 2.12139e-06 -1.68464e-06 2.18374e-07
9.475 1.98484e-06 2.03057e-06 -1.61266e-06 2.08958e-07
9.5 1.9002e-06 1.94319e-06 -1.54348e-06 1.99859e-07
9.525 1.81868e-06 1.85912e-06 -1.47699e-06 1.91065e-07
9.55 1.74018e-06 1.77822e-06 -1.4131e-06 1.82563e-07
9.575 1.66456e-06 1.70039e-06 -1.3517e-06 1.74343e-07
9.6 1.59174e-06 1.6255e-06 -1.29271e-06 1.66393e-07
9.625 1.52161e-06 1.55344e-06 -1.23604e-06 1.58703e-07
9.65 1.45407e-06 1.48412e-06 -1.18159e-06 1.51263e-07
9.675 1.38904e-06 1.41743e-06 -1.1293e-06 1.44064e-07
9.7 1.32643e-06 1.35327e-06 -1.07908e-06 1.37098e-07
9.725 1.26616e-06 1.29157e-06 -1.03086e-06 1.30356e-07
9.75 1.20815e-06 1.23223e-06 -9.84567e-07 1.23831e-07
9.775 1.15232e-06 1.17517e-06 -9.40137e-07 1.17517e-07
9.8 1.0986e-06 1.12032e-06 -8.97504e-07 1.11406e-07
9.825 1.04693e-06 1.06759e-06 -8.56606e-07 1.05494e-07
9.85 9.97248e-07 1.01693e-06 -8.17381e-07 9.9774e-08
9.875 9.49484e-07 9.68259e-07 -7.79774e-07 9.42423e-08
9.9 9.03584e-07 9.21518e-07 -7.43729e-07 8.88942e-08
9.925 8.59491e-07 8.76645e-07 -7.09193e-07 8.3726e-08
9.95 8.17152e-07 8.33583e-07 -6.76114e-07 7.87345e-08
9.975 7.76517e-07 7.92277e-07 -6.44443e-07 7.39166e-08
10 7.37537e-07 7.52674e-07 -6.14134e-07 6.92699e-08
10.025 7.00165e-07 7.14724e-07 -5.85139e-07 6.47923e-08
10.05 6.64357e-07 6.78379e-07 -5.57415e-07 6.04819e-08
10.075 6.30071e-07 6.43593e-07 -5.30918e-07 5.63373e-08
10.1 5.97264e-07 6.10322e-07 -5.05608e-07 5.23572e-08
10.125 5.65898e-07 5.78524e-07 -4.81443e-07 4.85406e-08
10.15 5.35934e-07 5.48158e-07 -4.58385e-07 4.48866e-08
10.175 5.07334e-07 5.19184e-07 -4.36395e-07 4.13944e-08
10.2 4.80062e-07 4.91565e-07 -4.15438e-07 3.80635e-08
10.225 4.54083e-07 4.65262e-07 -3.95476e-07 3.4893e-08
10.25 4.29361e-07 4.4024e-07 -3.76475e-07 3.18824e-08
10.275 4.05864e-07 4.16462e-07 -3.584e-07 2.90309e-08
10.3 3.83556e-07 3.93893e-07 -3.41218e-07 2.63376e-08
10.325 3.62404e-07 3.725e-07 -3.24897e-07 2.38014e-08
10.35 3.42376e-07 3.52246e-07 -3.09403e-07 2.14212e-08
10.375 3.23437e-07 3.33098e-07 -2.94707e-07 1.91954e-08
10.4 3.05555e-07 3.15021e-07 -2.80776e-07 1.71223e-08
10.425 2.88697e-07 2.97982e-07 -2.67582e-07 1.51999e-08
10.45 2.72829e-07 2.81945e-07 -2.55093e-07 1.34258e-08
10.475 2.57917e-07 2.66876e-07 -2.43282e-07 1.17972e-08
10.5 2.43928e-07 2.52741e-07 -2.32119e-07 1.03112e-08
10.525 2.30828e-07 2.39505e-07 -2.21576e-07 8.96426e-09
10.55 2.18583e-07 2.27132e-07 -2.11626e-07 7.75258e-09
10.575 2.07157e-07 2.15586e-07 -2.02242e-07 6.67198e-09
10.6 1.96517e-07 2.04832e-07 -1.93397e-07 5.71792e-09
10.625 1.86627e-07 1.94835e-07 -1.85064e-07 4.8855e-09
10.65 1.77452e-07 1.85557e-07 -1.77218e-07 4.16947e-09
10.675 1.68957e-07 1.76963e-07 -1.69834e-07 3.56428e-09
10.7 1.61105e-07 1.69016e-07 -1.62888e-07 3.06408e-09
10.725 1.53863e-07 1.6168e-07 -1.56354e-07 2.66276e-09
10.75 1.47193e-07 1.54919e-07 -1.50211e-07 2.35396e-09
10.775 1.41062e-07 1.48696e-07 -1.44434e-07 2.13115e-09
10.8 1.35435e-07 1.42977e-07 -1.39002e-07 1.98765e-09
10.825 1.30276e-07 1.37725e-07 -1.33892e-07 1.91663e-09
10.85 1.25551e-07 1.32906e-07 -1.29084e-07 1.91123e-09
10.875 1.21228e-07 1.28486e-07 -1.24557e-07 1.96453e-09
10.9 1.17273e-07 1.24431e-07 -1.20291e-07 2.06965e-09
10.925 1.13654e-07 1.20708e-07 -1.16269e-07 2.21976e-09
10.95 1.1034e-07 1.17286e-07 -1.1247e-07 2.40814e-09
10.975 1.07302e-07 1.14135e-07 -1.08879e-07 2.62824e-09
11 1.04509e-07 1.11225e-07 -1.05477e-07 2.87366e-09
11.025 1.01934e-07 1.08527e-07 -1.0225e-07 3.13827e-09
11.05 9.955e-08 1.06015e-07 -9.91827e-08 3.41621e-09
11.075 9.73327e-08 1.03664e-07 -9.62602e-08 3.70191e-09
11.1 9.52578e-08 1.0145e-07 -9.34693e-08 3.99016e-09
11.125 9.33031e-08 9.93497e-08 -9.07975e-08 4.27609e-09
11.15 9.1448e-08 9.73437e-08 -8.82332e-08 4.55525e-09
11.175 8.96732e-08 9.54125e-08 -8.57654e-08 4.82359e-09
11.2 8.79615e-08 9.35391e-08 -8.33841e-08 5.07751e-09
11.225 8.62968e-08 9.17077e-08 -8.10801e-08 5.31382e-09
11.25 8.46652e-08 8.99047e-08 -7.88451e-08 5.52982e-09
11.275 8.30541e-08 8.8118e-08 -7.66714e-08 5.72326e-09
11.3 8.14527e-08 8.6337e-08 -7.45524e-08 5.89232e-09
11.325 7.98517e-08 8.45533e-08 -7.2482e-08 6.03566e-09
11.35 7.82436e-08 8.27596e-08 -7.04548e-08 6.15238e-09
11.375 7.66223e-08 8.09504e-08 -6.84664e-08 6.24202e-09
11.4 7.49831e-08 7.91218e-08 -6.65128e-08 6.3045e-09
11.425 7.33229e-08 7.72712e-08 -6.45909e-08 6.34017e-09
11.45 7.16398e-08 7.53974e-08 -6.26979e-08 6.34975e-09
11.475 6.99332e-08 7.35005e-08 -6.08319e-08 6.3343e-09
11.5 6.82038e-08 7.15817e-08 -5.89913e-08 6.29518e-09
11.525 6.64531e-08 6.96433e-08 -5.71751e-08 6.23407e-09
11.55 6.46837e-08 6.76886e-08 -5.53828e-08 6.15289e-09
11.575 6.28992e-08 6.57217e-08 -5.36141e-08 6.05377e-09
11.6 6.11038e-08 6.37475e-08 -5.18694e-08 5.93903e-09
11.625 5.93024e-08 6.17714e-08 -5.0149e-08 5.81116e-09
11.65 5.75003e-08 5.97993e-08 -4.84539e-08 5.67272e-09
11.675 5.57034e-08 5.78378e-08 -4.6785e-08 5.52638e-09
11.7 5.39178e-08 5.58933e-08 -4.51436e-08 5.37483e-09
11.725 5.21499e-08 5.39727e-08 -4.35311e-08 5.22078e-09
11.75 5.0406e-08 5.20827e-08 -4.19489e-08 5.06691e-09
11.775 4.86927e-08 5.02302e-08 -4.03986e-08 4.9158e-09
11.8 4.70162e-08 4.84218e-08 -3.88818e-08 4.76999e-09
11.825 4.53826e-08 4.66638e-08 -3.74001e-08 4.63187e-09
11.85 4.37979e-08 4.49623e-08 -3.59549e-08 4.50367e-09
11.875 4.22674e-08 4.33229e-08 -3.45479e-08 4.38746e-09
11.9 4.07962e-08 4.17507e-08 -3.31804e-08 4.28513e-09
11.925 3.93889e-08 4.02504e-08 -3.18537e-08 4.19833e-09
11.95 3.80496e-08 3.88259e-08 -3.05689e-08 4.12849e-09
11.975 3.67815e-08 3.74807e-08 -2.93271e-08 4.0768e-09
12 3.55876e-08 3.62173e-08 -2.81289e-08 4.04421e-09
12.025 3.44699e-08 3.50378e-08 -2.69751e-08 4.03138e-09
12.05 3.34299e-08 3.39435e-08 -2.5866e-08 4.03873e-09
12.075 3.24684e-08 3.29348e-08 -2.48019e-08 4.06643e-09
12.1 3.15854e-08 3.20115e-08 -2.37828e-08 4.11436e-09
12.125 3.07803e-08 3.11728e-08 -2.28085e-08 4.18216e-09
12.15 3.00518e-08 3.0417e-08 -2.18786e-08 4.26922e-09
12.175 2.93979e-08 2.97418e-08 -2.09924e-08 4.37471e-09
12.2 2.88161e-08 2.91442e-08 -2.01491e-08 4.49754e-09
12.225 2.83031e-08 2.86206e-08 -1.93477e-08 4.63645e-09
12.25 2.78553e-08 2.8167e-08 -1.85871e-08 4.78996e-09
12.275 2.74684e-08 2.77786e-08 -1.78658e-08 4.95643e-09
12.3 2.71376e-08 2.74504e-08 -1.71823e-08 5.13406e-09
12.325 2.6858e-08 2.71768e-08 -1.65349e-08 5.32093e-09
12.35 2.66239e-08 2.69519e-08 -1.59219e-08 5.51499e-09
12.375 2.64298e-08 2.67695e-08 -1.53413e-08 5.71412e-09
12.4 2.62696e-08 2.66234e-08 -1.47911e-08 5.91613e-09
12.425 2.61371e-08 2.65069e-08 -1.42693e-08 6.1188e-09
12.45 2.60262e-08 2.64135e-08 -1.37738e-08 6.31987e-09
12.475 2.59306e-08 2.63366e-08 -1.33023e-08 6.51712e-09
12.5 2.58441e-08 2.62695e-08 -1.28528e-08 6.70835e-09
12.525 2.57605e-08 2.62058e-08 -1.2423e-08 6.89139e-09
12.55 2.56739e-08 2.61392e-08 -1.20108e-08 7.06418e-09
12.575 2.55784e-08 2.60636e-08 -1.16142e-08 7.22473e-09
12.6 2.54687e-08 2.59734e-08 -1.1231e-08 7.37118e-09
12.625 2.53393e-08 2.58629e-08 -1.08593e-08 7.5018e-09
12.65 2.51856e-08 2.57273e-08 -1.04973e-08 7.615e-09
12.675 2.50032e-08 2.55619e-08 -1.01432e-08 7.70936e-09
12.7 2.47879e-08 2.53625e-08 -9.79527e-09 7.78364e-09
12.725 2.45364e-08 2.51256e-08 -9.45207e-09 7.83677e-09
12.75 2.42456e-08 2.4848e-08 -9.11222e-09 7.86788e-09
12.775 2.39131e-08 2.45271e-08 -8.77448e-09 7.87633e-09
12.8 2.3537e-08 2.41611e-08 -8.43779e-09 7.86166e-09
12.825 2.31159e-08 2.37485e-08 -8.10124e-09 7.82362e-09
12.85 2.26489e-08 2.32885e-08 -7.76409e-09 7.76219e-09
12.875 2.2136e-08 2.27809e-08 -7.42577e-09 7.67755e-09
12.9 2.15775e-08 2.22261e-08 -7.08589e-09 7.57009e-09
12.925 2.09743e-08 2.1625e-08 -6.74421e-09 7.44041e-09
12.95 2.03278e-08 2.09793e-08 -6.40066e-09 7.28931e-09
12.975 1.964e-08 2.02909e-08 -6.05536e-09 7.11777e-09
13 1.89136e-08 1.95625e-08 -5.70855e-09 6.92695e-09
13.025 1.81514e-08 1.87971e-08 -5.36065e-09 6.71821e-09
13.05 1.73569e-08 1.79983e-08 -5.01222e-09 6.49304e-09
13.075 1.6534e-08 1.71701e-08 -4.66395e-09 6.25308e-09
13.1 1.56869e-08 1.63169e-08 -4.31667e-09 6.00012e-09
13.125 1.48203e-08 1.54434e-08 -3.97132e-09 5.73605e-09
13.15 1.3939e-08 1.45547e-08 -3.62893e-09 5.46288e-09
13.175 1.30482e-08 1.3656e-08 -3.29065e-09 5.18268e-09
13.2 1.21534e-08 1.27529e-08 -2.95771e-09 4.89761e-09
13.225 1.12601e-08 1.18512e-08 -2.63139e-09 4.60988e-09
13.25 1.03739e-08 1.09565e-08 -2.31305e-09 4.32174e-09
13.275 9.50075e-09 1.00749e-08 -2.00406e-09 4.03544e-09
13.3 8.64638e-09 9.21236e-09 -1.70585e-09 3.75325e-09
13.325 7.81662e-09 8.37471e-09 -1.41986e-09 3.47743e-09
13.35 7.01723e-09 7.56788e-09 -1.14752e-09 3.21018e-09
13.375 6.25387e-09 6.79764e-09 -8.90256e-10 2.95369e-09
13.4 5.53207e-09 6.06961e-09 -6.49477e-10 2.71007e-09
13.425 4.85717e-09 5.38925e-09 -4.2655e-10 2.48135e-09
13.45 4.2343e-09 4.76178e-09 -2.22795e-10 2.26949e-09
13.475 3.66834e-09 4.19214e-09 -3.94768e-11 2.07633e-09
13.5 3.16388e-09 3.68502e-09 1.22212e-10 1.90362e-09
13.525 2.72519e-09 3.24474e-09 2.61155e-10 1.75295e-09
13.55 2.35621e-09 2.87531e-09 3.76324e-10 1.62582e-09
13.575 2.06049e-09 2.58032e-09 4.66788e-10 1.52355e-09
13.6 1.8412e-09 2.36298e-09 5.31717e-10 1.44735e-09
13.625 1.70111e-09 2.22611e-09 5.70392e-10 1.39825e-09
13.65 1.64256e-09 2.17204e-09 5.82208e-10 1.37712e-09
13.675 1.66743e-09 2.2027e-09 5.66682e-10 1.38469e-09
13.7 1.77719e-09 2.31955e-09 5.23451e-10 1.4215e-09
13.725 1.97285e-09 2.5236e-09 4.5228e-10 1.48794e-09
13.75 2.25494e-09 2.81539e-09 3.53062e-10 1.58422e-09
13.775 2.62356e-09 3.195e-09 2.25818e-10 1.71041e-09
13.8 3.07837e-09 3.66206e-09 7.06957e-11 1.86638e-09
13.825 3.61857e-09 4.21575e-09 -1.12027e-10 2.05186e-09
13.85 4.24293e-09 4.85482e-09 -3.21947e-10 2.26644e-09
13.875 4.9498e-09 5.57757e-09 -5.5854e-10 2.50952e-09
13.9 5.73712e-09 6.38192e-09 -8.21159e-10 2.78038e-09
13.925 6.60244e-09 7.26536e-09 -1.10904e-09 3.07816e-09
13.95 7.54294e-09 8.22503e-09 -1.42132e-09 3.40185e-09
13.975 8.55546e-09 9.2577e-09 -1.75702e-09 3.75034e-09
14 9.63649e-09 1.03598e-08 -2.11505e-09 4.12239e-09
14.025 1.07822e-08 1.15275e-08 -2.49426e-09 4.51664e-09
14.05 1.19886e-08 1.27567e-08 -2.89337e-09 4.93167e-09
14.075 1.32512e-08 1.40429e-08 -3.31106e-09 5.36592e-09
14.1 1.45656e-08 1.53815e-08 -3.74592e-09 5.8178e-09
14.125 1.59268e-08 1.67677e-08 -4.19647e-09 6.28561e-09
14.15 1.73301e-08 1.81965e-08 -4.6612e-09 6.76763e-09
14.175 1.87703e-08 1.96627e-08 -5.13852e-09 7.26207e-09
14.2 2.02423e-08 2.1161e-08 -5.62683e-09 7.76709e-09
14.225 2.17407e-08 2.26862e-08 -6.12448e-09 8.28086e-09
14.25 2.32601e-08 2.42328e-08 -6.62979e-09 8.80149e-09
14.275 2.47954e-08 2.57953e-08 -7.14111e-09 9.32712e-09
14.3 2.63409e-08 2.73684e-08 -7.65672e-09 9.85586e-09
14.325 2.78915e-08 2.89466e-08 -8.17496e-09 1.03858e-08
14.35 2.94418e-08 3.05246e-08 -8.69414e-09 1.09152e-08
14.375 3.09866e-08 3.2097e-08 -9.21261e-09 1.14422e-08
14.4 3.25207e-08 3.36587e-08 -9.72873e-09 1.1965e-08
14.425 3.40391e-08 3.52046e-08 -1.02409e-08 1.24818e-08
14.45 3.55369e-08 3.67297e-08 -1.07476e-08 1.29911e-08
14.475 3.70095e-08 3.82293e-08 -1.12472e-08 1.3491e-08
14.5 3.84522e-08 3.96987e-08 -1.17383e-08 1.39802e-08
14.525 3.98608e-08 4.11336e-08 -1.22194e-08 1.44571e-08
14.55 4.1231e-08 4.25297e-08 -1.26893e-08 1.49202e-08
14.575 4.2559e-08 4.38832e-08 -1.31466e-08 1.53683e-08
14.6 4.38411e-08 4.51901e-08 -1.35901e-08 1.58e-08
14.625 4.50737e-08 4.64471e-08 -1.40187e-08 1.62142e-08
14.65 4.62538e-08 4.76509e-08 -1.44312e-08 1.66099e-08
14.675 4.73783e-08 4.87984e-08 -1.48266e-08 1.69859e-08
14.7 4.84445e-08 4.9887e-08 -1.52041e-08 1.73415e-08
14.725 4.94502e-08 5.09143e-08 -1.55628e-08 1.76758e-08
14.75 5.0393e-08 5.1878e-08 -1.59019e-08 1.7988e-08
14.775 5.12712e-08 5.27761e-08 -1.62207e-08 1.82777e-08
14.8 5.20831e-08 5.36072e-08 -1.65188e-08 1.85442e-08
14.825 5.28275e-08 5.43697e-08 -1.67954e-08 1.87872e-08
14.85 5.35031e-08 5.50627e-08 -1.70503e-08 1.90062e-08
14.875 5.41093e-08 5.56852e-08 -1.72831e-08 1.92011e-08
14.9 5.46454e-08 5.62367e-08 -1.74935e-08 1.93716e-08
14.925 5.51111e-08 5.67168e-08 -1.76813e-08 1.95178e-08
14.95 5.55065e-08 5.71255e-08 -1.78464e-08 1.96395e-08
14.975 5.58316e-08 5.74629e-08 -1.79888e-08 1.9737e-08
15 5.60869e-08 5.77294e-08 -1.81086e-08 1.98104e-08
15.025 5.6273e-08 5.79255e-08 -1.82058e-08 1.98599e-08
15.05 5.63906e-08 5.80522e-08 -1.82806e-08 1.98858e-08
15.075 5.64409e-08 5.81103e-08 -1.83332e-08 1.98885e-08
15.1 5.64249e-08 5.81011e-08 -1.83641e-08 1.98685e-08
15.125 5.63442e-08 5.8026e-08 -1.83734e-08 1.98263e-08
15.15 5.62002e-08 5.78864e-08 -1.83617e-08 1.97623e-08
15.175 5.59946e-08 5.76841e-08 -1.83295e-08 1.96773e-08
15.2 5.57292e-08 5.74209e-08 -1.82771e-08 1.95719e-08
15.225 5.54059e-08 5.70987e-08 -1.82053e-08 1.94467e-08
15.25 5.5027e-08 5.67195e-08 -1.81145e-08 1.93025e-08
15.275 5.45944e-08 5.62856e-08 -1.80055e-08 1.91401e-08
15.3 5.41104e-08 5.57993e-08 -1.78789e-08 1.89602e-08
15.325 5.35774e-08 5.52627e-08 -1.77354e-08 1.87637e-08
15.35 5.29977e-08 5.46784e-08 -1.75757e-08 1.85514e-08
15.375 5.23739e-08 5.40487e-08 -1.74005e-08 1.83241e-08
15.4 5.17083e-08 5.33763e-08 -1.72107e-08 1.80828e-08
15.425 5.10035e-08 5.26636e-08 -1.7007e-08 1.78283e-08
15.45 5.0262e-08 5.19131e-08 -1.67902e-08 1.75614e-08
15.475 4.94864e-08 5.11275e-08 -1.65611e-08 1.72832e-08
15.5 4.86792e-08 5.03093e-08 -1.63205e-08 1.69944e-08
15.525 4.7843e-08 4.94611e-08 -1.60692e-08 1.66959e-08
15.55 4.69802e-08 4.85854e-08 -1.58081e-08 1.63887e-08
15.575 4.60935e-08 4.76847e-08 -1.55378e-08 1.60735e-08
15.6 4.51852e-08 4.67616e-08 -1.52592e-08 1.57512e-08
15.625 4.42578e-08 4.58185e-08 -1.49731e-08 1.54227e-08
15.65 4.33136e-08 4.48579e-08 -1.46803e-08 1.50888e-08
15.675 4.2355e-08 4.3882e-08 -1.43815e-08 1.47503e-08
15.7 4.13843e-08 4.28932e-08 -1.40774e-08 1.44079e-08
15.725 4.04037e-08 4.18937e-08 -1.37689e-08 1.40624e-08
15.75 3.94153e-08 4.08858e-08 -1.34566e-08 1.37146e-08
15.775 3.84212e-08 3.98715e-08 -1.31412e-08 1.33651e-08
15.8 3.74233e-08 3.88528e-08 -1.28234e-08 1.30147e-08
15.825 3.64237e-08 3.78317e-08 -1.25038e-08 1.2664e-08
15.85 3.54241e-08 3.68102e-08 -1.2183e-08 1.23136e-08
15.875 3.44263e-08 3.57899e-08 -1.18617e-08 1.19641e-08
15.9 3.34319e-08 3.47726e-08 -1.15404e-08 1.16161e-08
15.925 3.24427e-08 3.37599e-08 -1.12197e-08 1.12701e-08
15.95 3.146e-08 3.27534e-08 -1.09001e-08 1.09266e-08
15.975 3.04852e-08 3.17545e-08 -1.05821e-08 1.05862e-08
16 2.95198e-08 3.07646e-08 -1.02662e-08 1.02492e-08
16.025 2.85649e-08 2.97849e-08 -9.9528e-09 9.91606e-09
16.05 2.76217e-08 2.88168e-08 -9.64233e-09 9.58721e-09
16.075 2.66913e-08 2.78611e-08 -9.33518e-09 9.26298e-09
16.1 2.57747e-08 2.69191e-08 -9.03171e-09 8.94371e-09
16.125 2.48728e-08 2.59917e-08 -8.73227e-09 8.62969e-09
16.15 2.39863e-08 2.50796e-08 -8.43717e-09 8.32121e-09
16.175 2.31161e-08 2.41837e-08 -8.14669e-09 8.01851e-09
16.2 2.22628e-08 2.33047e-08 -7.86109e-09 7.72181e-09
16.225 2.14271e-08 2.24432e-08 -7.58062e-09 7.43131e-09
16.25 2.06093e-08 2.15998e-08 -7.30547e-09 7.14718e-09
16.275 1.98101e-08 2.0775e-08 -7.03586e-09 6.86956e-09
16.3 1.90297e-08 1.99691e-08 -6.77193e-09 6.59859e-09
16.325 1.82685e-08 1.91826e-08 -6.51384e-09 6.33437e-09
16.35 1.75268e-08 1.84157e-08 -6.26171e-09 6.07697e-09
16.375 1.68048e-08 1.76686e-08 -6.01565e-09 5.82646e-09
16.4 1.61025e-08 1.69415e-08 -5.77574e-09 5.58288e-09
16.425 1.54202e-08 1.62346e-08 -5.54205e-09 5.34626e-09
16.45 1.47578e-08 1.55478e-08 -5.31463e-09 5.1166e-09
16.475 1.41153e-08 1.48813e-08 -5.0935e-09 4.8939e-09
16.5 1.34927e-08 1.42349e-08 -4.8787e-09 4.67813e-09
16.525 1.28899e-08 1.36087e-08 -4.67021e-09 4.46925e-09
16.55 1.23067e-08 1.30025e-08 -4.46804e-09 4.26721e-09
16.575 1.17431e-08 1.2416e-08 -4.27214e-09 4.07195e-09
16.6 1.11987e-08 1.18493e-08 -4.08249e-09 3.8834e-09
16.625 1.06733e-08 1.1302e-08 -3.89904e-09 3.70146e-09
16.65 1.01668e-08 1.07738e-08 -3.72172e-09 3.52606e-09
16.675 9.67877e-09 1.02646e-08 -3.55047e-09 3.35707e-09
16.7 9.20894e-09 9.77401e-09 -3.38521e-09 3.1944e-09
16.725 8.75696e-09 9.3017e-09 -3.22585e-09 3.03792e-09
16.75 8.32249e-09 8.84734e-09 -3.0723e-09 2.88752e-09
16.775 7.90518e-09 8.41056e-09 -2.92446e-09 2.74305e-09
16.8 7.50463e-09 7.991e-09 -2.78221e-09 2.60439e-09
16.825 7.12045e-09 7.58827e-09 -2.64545e-09 2.47141e-09
16.85 6.75224e-09 7.20196e-09 -2.51407e-09 2.34395e-09
16.875 6.39958e-09 6.83167e-09 -2.38793e-09 2.22187e-09
16.9 6.06206e-09 6.47698e-09 -2.26691e-09 2.10503e-09
16.925 5.73925e-09 6.13746e-09 -2.1509e-09 1.99328e-09
16.95 5.43072e-09 5.81269e-09 -2.03975e-09 1.88647e-09
16.975 5.13605e-09 5.50223e-09 -1.93333e-09 1.78445e-09
17 4.85479e-09 5.20565e-09 -1.83152e-09 1.68707e-09
17.025 4.58652e-09 4.92252e-09 -1.73417e-09 1.59418e-09
17.05 4.3308e-09 4.6524e-09 -1.64115e-09 1.50562e-09
17.075 4.08721e-09 4.39486e-09 -1.55233e-09 1.42126e-09
17.1 3.85532e-09 4.14947e-09 -1.46758e-09 1.34095e-09
17.125 3.63472e-09 3.9158e-09 -1.38675e-09 1.26453e-09
17.15 3.42498e-09 3.69343e-09 -1.30971e-09 1.19186e-09
17.175 3.22569e-09 3.48196e-09 -1.23634e-09 1.12281e-09
17.2 3.03646e-09 3.28096e-09 -1.16649e-09 1.05723e-09
17.225 2.85689e-09 3.09003e-09 -1.10005e-09 9.94989e-10
17.25 2.68658e-09 2.90878e-09 -1.03689e-09 9.35949e-10
17.275 2.52516e-09 2.73683e-09 -9.76868e-10 8.79979e-10
17.3 2.37225e-09 2.57378e-09 -9.19876e-10 8.26952e-10
17.325 2.2275e-09 2.41928e-09 -8.6579e-10 7.76743e-10
17.35 2.09055e-09 2.27295e-09 -8.14491e-10 7.29228e-10
17.375 1.96106e-09 2.13444e-09 -7.65864e-10 6.84291e-10
17.4 1.83869e-09 2.00342e-09 -7.19796e-10 6.41814e-10
17.425 1.72311e-09 1.87955e-09 -6.76178e-10 6.01687e-10
17.45 1.61401e-09 1.7625e-09 -6.34903e-10 5.638e-10
17.475 1.5111e-09 1.65196e-09 -5.95866e-10 5.28049e-10
17.5 1.41406e-09 1.54763e-09 -5.58968e-10 4.94332e-10
17.525 1.32263e-09 1.44921e-09 -5.2411e-10 4.62551e-10
17.55 1.23651e-09 1.35642e-09 -4.91197e-10 4.32611e-10
17.575 1.15545e-09 1.26898e-09 -4.60139e-10 4.04421e-10
17.6 1.0792e-09 1.18663e-09 -4.30846e-10 3.77893e-10
17.625 1.00751e-09 1.10912e-09 -4.03232e-10 3.52942e-10
17.65 9.40132e-10 1.03619e-09 -3.77217e-10 3.29488e-10
17.675 8.76854e-10 9.67621e-10 -3.52719e-10 3.07451e-10
17.7 8.17455e-10 9.03178e-10 -3.29663e-10 2.86757e-10
17.725 7.61726e-10 8.42646e-10 -3.07976e-10 2.67335e-10
17.75 7.09469e-10 7.85818e-10 -2.87586e-10 2.49116e-10
17.775 6.60493e-10 7.32494e-10 -2.68425e-10 2.32034e-10
17.8 6.14616e-10 6.82484e-10 -2.5043e-10 2.16027e-10
17.825 5.71664e-10 6.35606e-10 -2.33538e-10 2.01034e-10
17.85 5.31473e-10 5.91686e-10 -2.17689e-10 1.86999e-10
17.875 4.93883e-10 5.50558e-10 -2.02826e-10 1.73866e-10
17.9 4.58744e-10 5.12064e-10 -1.88896e-10 1.61584e-10
17.925 4.25914e-10 4.76053e-10 -1.75845e-10 1.50104e-10
17.95 3.95257e-10 4.42381e-10 -1.63625e-10 1.39378e-10
17.975 3.66642e-10 4.10913e-10 -1.52188e-10 1.29363e-10
18 3.39947e-10 3.81518e-10 -1.41489e-10 1.20015e-10
18.025 3.15056e-10 3.54073e-10 -1.31486e-10 1.11294e-10
18.05 2.91858e-10 3.28462e-10 -1.22138e-10 1.03162e-10
18.075 2.7025e-10 3.04572e-10 -1.13406e-10 9.55833e-11
18.1 2.50131e-10 2.823e-10 -1.05253e-10 8.85234e-11
18.125 2.31409e-10 2.61545e-10 -9.76454e-11 8.19499e-11
18.15 2.13994e-10 2.42214e-10 -9.05492e-11 7.58322e-11
18.175 1.97804e-10 2.24216e-10 -8.39334e-11 7.01415e-11
18.2 1.8276e-10 2.07469e-10 -7.77683e-11 6.48504e-11
18.225 1.68787e-10 1.91892e-10 -7.2026e-11 5.99332e-11
18.25 1.55815e-10 1.77411e-10 -6.66799e-11 5.53655e-11
18.275 1.43778e-10 1.63954e-10 -6.1705e-11 5.11246e-11
18.3 1.32614e-10 1.51455e-10 -5.70777e-11 4.71888e-11
18.325 1.22265e-10 1.39851e-10 -5.27756e-11 4.35378e-11
18.35 1.12676e-10 1.29083e-10 -4.87777e-11 4.01527e-11
18.375 1.03794e-10 1.19095e-10 -4.50642e-11 3.70155e-11
18.4 9.55723e-11 1.09835e-10 -4.16164e-11 3.41093e-11
18.425 8.79646e-11 1.01254e-10 -3.84168e-11 3.14184e-11
18.45 8.09284e-11 9.33048e-11 -3.54488e-11 2.8928e-11
18.475 7.44238e-11 8.5945e-11 -3.26969e-11 2.66241e-11
18.5 6.84134e-11 7.91337e-11 -3.01464e-11 2.44937e-11
18.525 6.28622e-11 7.28329e-11 -2.77837e-11 2.25246e-11
18.55 5.77374e-11 6.70068e-11 -2.5596e-11 2.07054e-11
18.575 5.30083e-11 6.16221e-11 -2.35711e-11 1.90255e-11
18.6 4.86465e-11 5.66475e-11 -2.16977e-11 1.74749e-11
18.625 4.46252e-11 5.20537e-11 -1.99653e-11 1.60442e-11
18.65 4.09194e-11 4.78134e-11 -1.8364e-11 1.47247e-11
18.675 3.7506e-11 4.39012e-11 -1.68844e-11 1.35084e-11
18.7 3.43632e-11 4.02932e-11 -1.5518e-11 1.23876e-11
18.725 3.1471e-11 3.69671e-11 -1.42565e-11 1.13553e-11
18.75 2.88104e-11 3.39023e-11 -1.30925e-11 1.04049e-11
18.775 2.6364e-11 3.10794e-11 -1.20188e-11 9.53033e-12
18.8 2.41156e-11 2.84805e-11 -1.10288e-11 8.72581e-12
18.825 2.20501e-11 2.60887e-11 -1.01165e-11 7.98607e-12
18.85 2.01533e-11 2.38885e-11 -9.2761e-12 7.30619e-12
18.875 1.84123e-11 2.18654e-11 -8.50221e-12 6.68158e-12
18.9 1.68149e-11 2.00059e-11 -7.78988e-12 6.108e-12
18.925 1.535e-11 1.82975e-11 -7.1345e-12 5.58149e-12
18.95 1.4007e-11 1.67285e-11 -6.53176e-12 5.09839e-12
18.975 1.27765e-11 1.52883e-11 -5.97766e-12 4.6553e-12
19 1.16495e-11 1.39667e-11 -5.46848e-12 4.24909e-12
19.025 1.06177e-11 1.27545e-11 -5.00078e-12 3.87683e-12
19.05 9.67339e-12 1.1643e-11 -4.57135e-12 3.53584e-12
19.075 8.80962e-12 1.06244e-11 -4.17722e-12 3.2236e-12
19.1 8.01982e-12 9.69127e-12 -3.81564e-12 2.93782e-12
19.125 7.29795e-12 8.83675e-12 -3.48404e-12 2.67635e-12
19.15 6.63846e-12 8.05454e-12 -3.18007e-12 2.43723e-12
19.175 6.0362e-12 7.33882e-12 -2.90154e-12 2.21864e-12
19.2 5.48644e-12 6.68419e-12 -2.64642e-12 2.01889e-12
19.225 4.9848e-12 6.08569e-12 -2.41283e-12 1.83643e-12
19.25 4.52727e-12 5.53871e-12 -2.19905e-12 1.66983e-12
19.275 4.11014e-12 5.03902e-12 -2.00346e-12 1.51778e-12
19.3 3.73e-12 4.58272e-12 -1.8246e-12 1.37906e-12
19.325 3.38371e-12 4.1662e-12 -1.6611e-12 1.25255e-12
19.35 3.06838e-12 3.78613e-12 -1.51169e-12 1.13722e-12
19.375 2.78137e-12 3.43947e-12 -1.37522e-12 1.03213e-12
19.4 2.52024e-12 3.12341e-12 -1.25061e-12 9.36401e-13
19.425 2.28275e-12 2.83535e-12 -1.13688e-12 8.49239e-13
19.45 2.06684e-12 2.57292e-12 -1.03311e-12 7.69905e-13
19.475 1.87065e-12 2.33393e-12 -9.38475e-13 6.97726e-13
19.5 1.69243e-12 2.11636e-12 -8.522e-13 6.32082e-13
19.525 1.53061e-12 1.91839e-12 -7.73578e-13 5.72404e-13
19.55 1.38373e-12 1.7383e-12 -7.01956e-13 5.18171e-13
19.575 1.25048e-12 1.57455e-12 -6.36736e-13 4.68906e-13
19.6 1.12963e-12 1.42571e-12 -5.77369e-13 4.24169e-13
19.625 1.02007e-12 1.29047e-12 -5.2335e-13 3.83562e-13
19.65 9.20797e-13 1.16765e-12 -4.74216e-13 3.46717e-13
19.675 8.30869e-13 1.05614e-12 -4.29541e-13 3.13297e-13
19.7 7.49442e-13 9.54931e-13 -3.88937e-13 2.82997e-13
19.725 6.75742e-13 8.63117e-13 -3.52047e-13 2.55535e-13
19.75 6.09062e-13 7.79853e-13 -3.18542e-13 2.30655e-13
19.775 5.48756e-13 7.04371e-13 -2.88125e-13 2.08123e-13
19.8 4.94237e-13 6.3597e-13 -2.6052e-13 1.87725e-13
19.825 4.44969e-13 5.74009e-13 -2.35477e-13 1.69266e-13
19.85 4.00463e-13 5.17901e-13 -2.12767e-13 1.52567e-13
19.875 3.60275e-13 4.67113e-13 -1.9218e-13 1.37467e-13
19.9 3.24e-13 4.21158e-13 -1.73524e-13 1.23817e-13
19.925 2.91269e-13 3.79591e-13 -1.56625e-13 1.11483e-13
19.95 2.61749e-13 3.42007e-13 -1.41322e-13 1.00343e-13
19.975 2.35133e-13 3.08036e-13 -1.2747e-13 9.02833e-14
20 2.11147e-13 2.77343e-13 -1.14936e-13 8.12038e-14
