0 9.52718e-05 -5.86916e-05
0.025 9.52718e-05 -5.86916e-05
0.05 0.00019032 -0.0001172
0.075 0.000284923 -0.000175341
0.1 0.000378859 -0.000232934
0.125 0.000471909 -0.000289799
0.15 0.000563855 -0.000345759
0.175 0.000654486 -0.000400642
0.2 0.000743589 -0.000454277
0.225 0.000830962 -0.0005065
0.25 0.000916402 -0.000557152
0.275 0.000999715 -0.00060608
0.3 0.00108071 -0.000653136
0.325 0.00115921 -0.00069818
0.35 0.00123504 -0.000741079
0.375 0.00130803 -0.000781709
0.4 0.00137802 -0.000819954
0.425 0.00144487 -0.000855704
0.45 0.00150842 -0.000888862
0.475 0.00156855 -0.000919337
0.5 0.00162514 -0.000947049
0.525 0.00167807 -0.000971929
0.55 0.00172724 -0.000993914
0.575 0.00177257 -0.00101295
0.6 0.00181397 -0.00102901
0.625 0.00185137 -0.00104205
0.65 0.00188472 -0.00105205
0.675 0.00191397 -0.00105901
0.7 0.00193908 -0.00106292
0.725 0.00196004 -0.00106379
0.75 0.00197684 -0.00106163
0.775 0.00198946 -0.00105649
0.8 0.00199794 -0.00104839
0.825 0.00200229 -0.00103738
0.85 0.00200254 -0.00102351
0.875 0.00199875 -0.00100685
0.9 0.00199098 -0.000987457
0.925 0.0019793 -0.000965418
0.95 0.00196378 -0.000940814
0.975 0.00194453 -0.000913733
1 0.00192163 -0.000884272
1.025 0.00189522 -0.000852531
1.05 0.00186541 -0.000818616
1.075 0.00183233 -0.000782636
1.1 0.00179614 -0.000744706
1.125 0.00175697 -0.000704942
1.15 0.00171499 -0.000663464
1.175 0.00167037 -0.000620393
1.2 0.00162328 -0.000575852
1.225 0.00157391 -0.000529967
1.25 0.00152245 -0.000482861
1.275 0.0014691 -0.000434661
1.3 0.00141405 -0.00038549
1.325 0.00135752 -0.000335471
1.35 0.00129971 -0.000284727
1.375 0.00124085 -0.000233379
1.4 0.00118115 -0.000181543
1.425 0.00112083 -0.000129336
1.45 0.00106013 -7.68684e-05
1.475 0.000999266 -2.42497e-05
1.5 0.000938467 2.84156e-05
1.525 0.000877962 8.10268e-05
1.55 0.000817979 0.000133488
1.575 0.000758747 0.000185707
1.6 0.000700491 0.000237598
1.625 0.000643435 0.00028908
1.65 0.000587801 0.000340075
1.675 0.000533805 0.000390513
1.7 0.000481662 0.000440329
1.725 0.000431579 0.000489463
1.75 0.000383762 0.00053786
1.775 0.000338406 0.000585472
1.8 0.000295702 0.000632256
1.825 0.000255833 0.000678173
1.85 0.000218975 0.000723191
1.875 0.000185293 0.000767284
1.9 0.000154944 0.000810429
1.925 0.000128075 0.000852608
1.95 0.000104823 0.00089381
1.975 8.53135e-05 0.000934026
2 6.96595e-05 0.000973252
2.025 5.79626e-05 0.00101149
2.05 5.03117e-05 0.00104874
2.075 4.67822e-05 0.001085
2.1 4.74357e-05 0.0011203
2.125 5.23201e-05 0.00115464
2.15 6.14683e-05 0.00118802
2.175 7.48984e-05 0.00122048
2.2 9.26135e-05 0.00125202
2.225 0.000114601 0.00128266
2.25 0.000140832 0.00131242
2.275 0.000171262 0.00134131
2.3 0.000205831 0.00136935
2.325 0.000244461 0.00139655
2.35 0.000287059 0.00142293
2.375 0.000333515 0.00144849
2.4 0.000383703 0.00147324
2.425 0.000437479 0.00149719
2.45 0.000494686 0.00152034
2.475 0.000555149 0.00154268
2.5 0.000618676 0.0015642
2.525 0.000685062 0.0015849
2.55 0.000754085 0.00160475
2.575 0.00082551 0.00162373
2.6 0.000899088 0.00164181
2.625 0.000974554 0.00165896
2.65 0.00105163 0.00167512
2.675 0.00113003 0.00169026
2.7 0.00120946 0.00170431
2.725 0.00128959 0.00171722
2.75 0.00137012 0.00172891
2.775 0.00145071 0.00173931
2.8 0.00153102 0.00174833
2.825 0.00161071 0.00175588
2.85 0.00168942 0.00176186
2.875 0.0017668 0.00176617
2.9 0.00184249 0.0017687
2.925 0.00191613 0.00176933
2.95 0.00198735 0.00176794
2.975 0.00205579 0.00176439
3 0.00212108 0.00175856
3.025 0.00218287 0.0017503
3.05 0.00224079 0.00173947
3.075 0.00229449 0.00172593
3.1 0.00234363 0.00170953
3.125 0.00238787 0.00169011
3.15 0.00242688 0.00166752
3.175 0.00246034 0.00164161
3.2 0.00248794 0.00161223
3.225 0.00250939 0.00157922
3.25 0.0025244 0.00154243
3.275 0.00253271 0.0015017
3.3 0.00253407 0.00145691
3.325 0.00252825 0.00140789
3.35 0.00251504 0.00135453
3.375 0.00249423 0.00129668
3.4 0.00246567 0.00123422
3.425 0.00242919 0.00116704
3.45 0.00238467 0.00109503
3.475 0.002332 0.0010181
3.5 0.00227109 0.000936143
3.525 0.0022019 0.000849099
3.55 0.00212439 0.000756899
3.575 0.00203854 0.000659493
3.6 0.00194438 0.000556841
3.625 0.00184195 0.000448919
3.65 0.00173132 0.000335719
3.675 0.00161258 0.000217246
3.7 0.00148586 9.3521e-05
3.725 0.0013513 -3.54185e-05
3.75 0.00120907 -0.000169519
3.775 0.00105937 -0.000308709
3.8 0.000902423 -0.000452901
3.825 0.000738475 -0.000601992
3.85 0.000567793 -0.000755858
3.875 0.00039067 -0.000914362
3.9 0.000207419 -0.00107735
3.925 1.83733e-05 -0.00124464
3.95 -0.000176113 -0.00141606
3.975 -0.000375666 -0.00159139
4 -0.000579898 -0.00177041
4.025 -0.000788401 -0.00195289
4.05 -0.00100075 -0.00213858
4.075 -0.00121652 -0.00232721
4.1 -0.00143526 -0.0025185
4.125 -0.00165652 -0.00271216
4.15 -0.00187982 -0.00290789
4.175 -0.00210469 -0.00310537
4.2 -0.00233065 -0.00330429
4.225 -0.00255722 -0.0035043
4.25 -0.00278392 -0.00370507
4.275 -0.00301025 -0.00390626
4.3 -0.00323573 -0.0041075
4.325 -0.00345987 -0.00430844
4.35 -0.0036822 -0.00450872
4.375 -0.00390223 -0.00470798
4.4 -0.00411951 -0.00490586
4.425 -0.00433356 -0.00510199
4.45 -0.00454394 -0.00529601
4.475 -0.00475022 -0.00548756
4.5 -0.00495196 -0.0056763
4.525 -0.00514876 -0.00586186
4.55 -0.00534022 -0.00604391
4.575 -0.00552597 -0.00622212
4.6 -0.00570563 -0.00639615
4.625 -0.00587887 -0.00656569
4.65 -0.00604537 -0.00673043
4.675 -0.00620482 -0.00689008
4.7 -0.00635695 -0.00704436
4.725 -0.00650149 -0.00719299
4.75 -0.00663821 -0.00733574
4.775 -0.00676691 -0.00747235
4.8 -0.00688738 -0.0076026
4.825 -0.00699947 -0.00772629
4.85 -0.00710303 -0.00784322
4.875 -0.00719795 -0.00795323
4.9 -0.00728414 -0.00805615
4.925 -0.00736153 -0.00815186
4.95 -0.00743008 -0.00824023
4.975 -0.00748976 -0.00832116
5 -0.00754058 -0.00839457
5.025 -0.00758257 -0.00846039
5.05 -0.00761578 -0.00851859
5.075 -0.00764028 -0.00856913
5.1 -0.00765615 -0.00861201
5.125 -0.00766352 -0.00864724
5.15 -0.00766252 -0.00867484
5.175 -0.00765329 -0.00869486
5.2 -0.00763602 -0.00870736
5.225 -0.00761088 -0.00871241
5.25 -0.00757807 -0.00871012
5.275 -0.00753783 -0.00870059
5.3 -0.00749037 -0.00868394
5.325 -0.00743594 -0.00866031
5.35 -0.00737481 -0.00862985
5.375 -0.00730723 -0.00859272
5.4 -0.00723348 -0.0085491
5.425 -0.00715386 -0.00849917
5.45 -0.00706864 -0.00844313
5.475 -0.00697814 -0.00838119
5.5 -0.00688264 -0.00831355
5.525 -0.00678247 -0.00824044
5.55 -0.00667793 -0.00816208
5.575 -0.00656932 -0.00807871
5.6 -0.00645697 -0.00799056
5.625 -0.00634118 -0.00789788
5.65 -0.00622227 -0.00780092
5.675 -0.00610053 -0.00769992
5.7 -0.00597629 -0.00759514
5.725 -0.00584982 -0.00748682
5.75 -0.00572145 -0.00737521
5.775 -0.00559144 -0.00726058
5.8 -0.00546008 -0.00714316
5.825 -0.00532766 -0.00702321
5.85 -0.00519444 -0.00690096
5.875 -0.00506067 -0.00677667
5.9 -0.00492662 -0.00665058
5.925 -0.00479252 -0.00652291
5.95 -0.00465861 -0.0063939
5.975 -0.00452511 -0.00626377
6 -0.00439223 -0.00613274
6.025 -0.00426017 -0.00600102
6.05 -0.00412914 -0.00586883
6.075 -0.0039993 -0.00573635
6.1 -0.00387083 -0.00560379
6.125 -0.00374388 -0.00547134
6.15 -0.00361862 -0.00533915
6.175 -0.00349516 -0.00520742
6.2 -0.00337365 -0.0050763
6.225 -0.0032542 -0.00494595
6.25 -0.0031369 -0.00481651
6.275 -0.00302187 -0.00468813
6.3 -0.00290918 -0.00456093
6.325 -0.0027989 -0.00443504
6.35 -0.00269111 -0.00431058
6.375 -0.00258586 -0.00418764
6.4 -0.0024832 -0.00406634
6.425 -0.00238317 -0.00394676
6.45 -0.0022858 -0.00382899
6.475 -0.0021911 -0.00371309
6.5 -0.00209911 -0.00359916
6.525 -0.00200981 -0.00348724
6.55 -0.00192322 -0.00337738
6.575 -0.00183933 -0.00326965
6.6 -0.00175812 -0.00316408
6.625 -0.00167959 -0.00306071
6.65 -0.00160371 -0.00295957
6.675 -0.00153044 -0.00286068
6.7 -0.00145976 -0.00276407
6.725 -0.00139164 -0.00266973
6.75 -0.00132603 -0.00257769
6.775 -0.00126289 -0.00248795
6.8 -0.00120218 -0.00240051
6.825 -0.00114384 -0.00231535
6.85 -0.00108782 -0.00223248
6.875 -0.00103407 -0.00215188
6.9 -0.000982541 -0.00207353
6.925 -0.000933167 -0.00199741
6.95 -0.000885894 -0.00192351
6.975 -0.000840662 -0.00185179
7 -0.000797411 -0.00178223
7.025 -0.000756082 -0.0017148
7.05 -0.000716614 -0.00164946
7.075 -0.000678947 -0.00158619
7.1 -0.000643019 -0.00152494
7.125 -0.000608771 -0.00146568
7.15 -0.000576143 -0.00140837
7.175 -0.000545076 -0.00135297
7.2 -0.000515512 -0.00129944
7.225 -0.000487392 -0.00124773
7.25 -0.000460661 -0.00119782
7.275 -0.000435262 -0.00114964
7.3 -0.000411142 -0.00110317
7.325 -0.000388246 -0.00105835
7.35 -0.000366523 -0.00101515
7.375 -0.000345922 -0.000973516
7.4 -0.000326394 -0.00093341
7.425 -0.000307891 -0.000894788
7.45 -0.000290365 -0.000857606
7.475 -0.000273774 -0.000821823
7.5 -0.000258072 -0.000787396
7.525 -0.000243217 -0.000754283
7.55 -0.000229169 -0.000722444
7.575 -0.00021589 -0.000691838
7.6 -0.00020334 -0.000662425
7.625 -0.000191483 -0.000634166
7.65 -0.000180286 -0.000607023
7.675 -0.000169714 -0.000580958
7.7 -0.000159735 -0.000555934
7.725 -0.000150319 -0.000531915
7.75 -0.000141437 -0.000508867
7.775 -0.000133059 -0.000486754
7.8 -0.00012516 -0.000465543
7.825 -0.000117714 -0.000445202
7.85 -0.000110696 -0.000425698
7.875 -0.000104083 -0.000407001
7.9 -9.78535e-05 -0.000389081
7.925 -9.19856e-05 -0.000371909
7.95 -8.64597e-05 -0.000355456
7.975 -8.12566e-05 -0.000339696
8 -7.63584e-05 -0.0003246
8.025 -7.17479e-05 -0.000310145
8.05 -6.74088e-05 -0.000296304
8.075 -6.33257e-05 -0.000283053
8.1 -5.94842e-05 -0.00027037
8.125 -5.58702e-05 -0.000258232
8.15 -5.24709e-05 -0.000246618
8.175 -4.92738e-05 -0.000235505
8.2 -4.62672e-05 -0.000224874
8.225 -4.34401e-05 -0.000214705
8.25 -4.07821e-05 -0.00020498
8.275 -3.82832e-05 -0.00019568
8.3 -3.59343e-05 -0.000186788
8.325 -3.37266e-05 -0.000178287
8.35 -3.16517e-05 -0.000170161
8.375 -2.97019e-05 -0.000162395
8.4 -2.78698e-05 -0.000154972
8.425 -2.61484e-05 -0.000147879
8.45 -2.45313e-05 -0.000141102
8.475 -2.30122e-05 -0.000134628
8.5 -2.15854e-05 -0.000128443
8.525 -2.02454e-05 -0.000122536
8.55 -1.89871e-05 -0.000116895
8.575 -1.78055e-05 -0.000111507
8.6 -1.66962e-05 -0.000106363
8.625 -1.56548e-05 -0.000101453
8.65 -1.46773e-05 -9.67645e-05
8.675 -1.37598e-05 -9.22897e-05
8.7 -1.28989e-05 -8.80189e-05
8.725 -1.2091e-05 -8.39433e-05
8.75 -1.13331e-05 -8.00543e-05
8.775 -1.06221e-05 -7.63438e-05
8.8 -9.9552e-06 -7.28039e-05
8.825 -9.32978e-06 -6.94273e-05
8.85 -8.74333e-06 -6.62067e-05
8.875 -8.19349e-06 -6.31351e-05
8.9 -7.67805e-06 -6.02061e-05
8.925 -7.19493e-06 -5.74133e-05
8.95 -6.74216e-06 -5.47506e-05
8.975 -6.3179e-06 -5.22123e-05
9 -5.92042e-06 -4.97927e-05
9.025 -5.54806e-06 -4.74865e-05
9.05 -5.1993e-06 -4.52887e-05
9.075 -4.87268e-06 -4.31943e-05
9.1 -4.56683e-06 -4.11986e-05
9.125 -4.28048e-06 -3.92973e-05
9.15 -4.01241e-06 -3.74858e-05
9.175 -3.76149e-06 -3.57603e-05
9.2 -3.52663e-06 -3.41166e-05
9.225 -3.30685e-06 -3.25511e-05
9.25 -3.10118e-06 -3.106e-05
9.275 -2.90874e-06 -2.96401e-05
9.3 -2.72869e-06 -2.82879e-05
9.325 -2.56024e-06 -2.70002e-05
9.35 -2.40265e-06 -2.57741e-05
9.375 -2.25523e-06 -2.46066e-05
9.4 -2.11732e-06 -2.3495e-05
9.425 -1.9883e-06 -2.24366e-05
9.45 -1.8676e-06 -2.14289e-05
9.475 -1.75469e-06 -2.04694e-05
9.5 -1.64904e-06 -1.95558e-05
9.525 -1.5502e-06 -1.8686e-05
9.55 -1.4577e-06 -1.78577e-05
9.575 -1.37114e-06 -1.70689e-05
9.6 -1.29011e-06 -1.63178e-05
9.625 -1.21426e-06 -1.56025e-05
9.65 -1.14324e-06 -1.49211e-05
9.675 -1.07673e-06 -1.42721e-05
9.7 -1.01442e-06 -1.36539e-05
9.725 -9.56045e-07 -1.30648e-05
9.75 -9.01332e-07 -1.25035e-05
9.775 -8.50038e-07 -1.19686e-05
9.8 -8.01934e-07 -1.14586e-05
9.825 -7.56807e-07 -1.09725e-05
9.85 -7.14456e-07 -1.0509e-05
9.875 -6.74696e-07 -1.00669e-05
9.9 -6.37353e-07 -9.64525e-06
9.925 -6.02265e-07 -9.24291e-06
9.95 -5.69282e-07 -8.85894e-06
9.975 -5.38264e-07 -8.49241e-06
10 -5.09079e-07 -8.14246e-06
10.025 -4.81606e-07 -7.80824e-06
10.05 -4.55732e-07 -7.48895e-06
10.075 -4.3135e-07 -7.18387e-06
10.1 -4.08365e-07 -6.89226e-06
10.125 -3.86683e-07 -6.61346e-06
10.15 -3.6622e-07 -6.34683e-06
10.175 -3.46897e-07 -6.09177e-06
10.2 -3.28642e-07 -5.8477e-06
10.225 -3.11385e-07 -5.61409e-06
10.25 -2.95063e-07 -5.39041e-06
10.275 -2.79618e-07 -5.17619e-06
10.3 -2.64995e-07 -4.97096e-06
10.325 -2.51142e-07 -4.7743e-06
10.35 -2.38014e-07 -4.58578e-06
10.375 -2.25564e-07 -4.40503e-06
10.4 -2.13754e-07 -4.23167e-06
10.425 -2.02544e-07 -4.06536e-06
10.45 -1.919e-07 -3.90576e-06
10.475 -1.81789e-07 -3.75257e-06
10.5 -1.72179e-07 -3.60549e-06
10.525 -1.63044e-07 -3.46424e-06
10.55 -1.54355e-07 -3.32856e-06
10.575 -1.4609e-07 -3.1982e-06
10.6 -1.38225e-07 -3.07291e-06
10.625 -1.30738e-07 -2.95248e-06
10.65 -1.23611e-07 -2.8367e-06
10.675 -1.16824e-07 -2.72535e-06
10.7 -1.1036e-07 -2.61825e-06
10.725 -1.04203e-07 -2.51523e-06
10.75 -9.8339e-08 -2.41609e-06
10.775 -9.27531e-08 -2.32069e-06
10.8 -8.74325e-08 -2.22887e-06
10.825 -8.23649e-08 -2.14048e-06
10.85 -7.75389e-08 -2.05538e-06
10.875 -7.29438e-08 -1.97345e-06
10.9 -6.85694e-08 -1.89454e-06
10.925 -6.44064e-08 -1.81855e-06
10.95 -6.04457e-08 -1.74536e-06
10.975 -5.66788e-08 -1.67486e-06
11 -5.30979e-08 -1.60695e-06
11.025 -4.96954e-08 -1.54154e-06
11.05 -4.64641e-08 -1.47852e-06
11.075 -4.33971e-08 -1.41782e-06
11.1 -4.04879e-08 -1.35935e-06
11.125 -3.77303e-08 -1.30302e-06
11.15 -3.51184e-08 -1.24877e-06
11.175 -3.26464e-08 -1.19651e-06
11.2 -3.03088e-08 -1.14619e-06
11.225 -2.81003e-08 -1.09773e-06
11.25 -2.60157e-08 -1.05108e-06
11.275 -2.40501e-08 -1.00617e-06
11.3 -2.21986e-08 -9.62938e-07
11.325 -2.04566e-08 -9.21341e-07
11.35 -1.88195e-08 -8.81321e-07
11.375 -1.72828e-08 -8.42828e-07
11.4 -1.58423e-08 -8.05814e-07
11.425 -1.44938e-08 -7.70232e-07
11.45 -1.3233e-08 -7.36036e-07
11.475 -1.20561e-08 -7.03185e-07
11.5 -1.0959e-08 -6.71635e-07
11.525 -9.93797e-09 -6.41346e-07
11.55 -8.98925e-09 -6.12279e-07
11.575 -8.10919e-09 -5.84395e-07
11.6 -7.29424e-09 -5.57657e-07
11.625 -6.54093e-09 -5.3203e-07
11.65 -5.8459e-09 -5.07477e-07
11.675 -5.20586e-09 -4.83965e-07
11.7 -4.61764e-09 -4.61458e-07
11.725 -4.07814e-09 -4.39925e-07
11.75 -3.58437e-09 -4.19332e-07
11.775 -3.13345e-09 -3.99648e-07
11.8 -2.72258e-09 -3.80841e-07
11.825 -2.34908e-09 -3.6288e-07
11.85 -2.01035e-09 -3.45736e-07
11.875 -1.70392e-09 -3.29377e-07
11.9 -1.42741e-09 -3.13776e-07
11.925 -1.17854e-09 -2.98903e-07
11.95 -9.55146e-10 -2.84729e-07
11.975 -7.55168e-10 -2.71228e-07
12 -5.76648e-10 -2.58371e-07
12.025 -4.17731e-10 -2.46132e-07
12.05 -2.76668e-10 -2.34485e-07
12.075 -1.51812e-10 -2.23404e-07
12.1 -4.1616e-11 -2.12863e-07
12.125 5.53689e-11 -2.02839e-07
12.15 1.40493e-10 -1.93308e-07
12.175 2.15015e-10 -1.84247e-07
12.2 2.80098e-10 -1.75632e-07
12.225 3.36818e-10 -1.67443e-07
12.25 3.86166e-10 -1.59657e-07
12.275 4.29047e-10 -1.52256e-07
12.3 4.6629e-10 -1.45219e-07
12.325 4.98645e-10 -1.38528e-07
12.35 5.2679e-10 -1.32164e-07
12.375 5.51334e-10 -1.2611e-07
12.4 5.72822e-10 -1.2035e-07
12.425 5.91736e-10 -1.14869e-07
12.45 6.08501e-10 -1.09651e-07
12.475 6.23487e-10 -1.04682e-07
12.5 6.37015e-10 -9.99499e-08
12.525 6.49359e-10 -9.54413e-08
12.55 6.60751e-10 -9.11447e-08
12.575 6.71383e-10 -8.7049e-08
12.6 6.81412e-10 -8.31441e-08
12.625 6.90964e-10 -7.94203e-08
12.65 7.00134e-10 -7.58686e-08
12.675 7.08995e-10 -7.24807e-08
12.7 7.17594e-10 -6.92488e-08
12.725 7.25963e-10 -6.61658e-08
12.75 7.34115e-10 -6.3225e-08
12.775 7.42052e-10 -6.04201e-08
12.8 7.49762e-10 -5.77455e-08
12.825 7.57228e-10 -5.51956e-08
12.85 7.64426e-10 -5.27655e-08
12.875 7.71328e-10 -5.04505e-08
12.9 7.77906e-10 -4.82461e-08
12.925 7.84132e-10 -4.6148e-08
12.95 7.89978e-10 -4.41524e-08
12.975 7.95423e-10 -4.22552e-08
13 8.00449e-10 -4.04528e-08
13.025 8.05047e-10 -3.87416e-08
13.05 8.09213e-10 -3.71178e-08
13.075 8.12955e-10 -3.5578e-08
13.1 8.16289e-10 -3.41186e-08
13.125 8.19241e-10 -3.2736e-08
13.15 8.2185e-10 -3.14266e-08
13.175 8.24165e-10 -3.01866e-08
13.2 8.26247e-10 -2.90124e-08
13.225 8.28171e-10 -2.79e-08
13.25 8.30023e-10 -2.68456e-08
13.275 8.319e-10 -2.58451e-08
13.3 8.33913e-10 -2.48944e-08
13.325 8.36184e-10 -2.39893e-08
13.35 8.38846e-10 -2.31254e-08
13.375 8.42043e-10 -2.22983e-08
13.4 8.45929e-10 -2.15036e-08
13.425 8.50668e-10 -2.07367e-08
13.45 8.56432e-10 -1.9993e-08
13.475 8.63401e-10 -1.92679e-08
13.5 8.71761e-10 -1.85566e-08
13.525 8.81705e-10 -1.78546e-08
13.55 8.9343e-10 -1.71573e-08
13.575 9.07135e-10 -1.64599e-08
13.6 9.23023e-10 -1.5758e-08
13.625 9.41297e-10 -1.50472e-08
13.65 9.6216e-10 -1.43231e-08
13.675 9.85812e-10 -1.35815e-08
13.7 1.01245e-09 -1.28184e-08
13.725 1.04227e-09 -1.20299e-08
13.75 1.07545e-09 -1.12123e-08
13.775 1.11218e-09 -1.03623e-08
13.8 1.15263e-09 -9.47655e-09
13.825 1.19696e-09 -8.55217e-09
13.85 1.24532e-09 -7.58649e-09
13.875 1.29784e-09 -6.57713e-09
13.9 1.35465e-09 -5.52203e-09
13.925 1.41587e-09 -4.41944e-09
13.95 1.48158e-09 -3.26795e-09
13.975 1.55186e-09 -2.06646e-09
14 1.62677e-09 -8.14241e-10
14.025 1.70635e-09 4.89107e-10
14.05 1.79063e-09 1.84363e-09
14.075 1.87961e-09 3.24902e-09
14.1 1.97326e-09 4.70463e-09
14.125 2.07157e-09 6.20947e-09
14.15 2.17446e-09 7.76222e-09
14.175 2.28185e-09 9.36123e-09
14.2 2.39366e-09 1.10045e-08
14.225 2.50975e-09 1.26898e-08
14.25 2.62999e-09 1.44146e-08
14.275 2.75422e-09 1.61759e-08
14.3 2.88226e-09 1.79708e-08
14.325 3.0139e-09 1.97959e-08
14.35 3.14894e-09 2.16475e-08
14.375 3.28713e-09 2.35221e-08
14.4 3.42823e-09 2.54155e-08
14.425 3.57195e-09 2.73237e-08
14.45 3.71803e-09 2.92425e-08
14.475 3.86617e-09 3.11676e-08
14.5 4.01604e-09 3.30944e-08
14.525 4.16734e-09 3.50185e-08
14.55 4.31974e-09 3.69353e-08
14.575 4.47288e-09 3.88403e-08
14.6 4.62643e-09 4.07289e-08
14.625 4.78003e-09 4.25965e-08
14.65 4.93333e-09 4.44386e-08
14.675 5.08596e-09 4.62509e-08
14.7 5.23756e-09 4.80289e-08
14.725 5.38777e-09 4.97685e-08
14.75 5.53622e-09 5.14654e-08
14.775 5.68257e-09 5.31159e-08
14.8 5.82646e-09 5.47159e-08
14.825 5.96754e-09 5.62619e-08
14.85 6.10546e-09 5.77505e-08
14.875 6.2399e-09 5.91784e-08
14.9 6.37054e-09 6.05426e-08
14.925 6.49706e-09 6.18401e-08
14.95 6.61916e-09 6.30686e-08
14.975 6.73656e-09 6.42255e-08
15 6.84898e-09 6.53088e-08
15.025 6.95617e-09 6.63167e-08
15.05 7.05788e-09 6.72475e-08
15.075 7.15389e-09 6.80998e-08
15.1 7.24399e-09 6.88726e-08
15.125 7.32799e-09 6.9565e-08
15.15 7.40572e-09 7.01765e-08
15.175 7.47702e-09 7.07065e-08
15.2 7.54177e-09 7.11551e-08
15.225 7.59984e-09 7.15223e-08
15.25 7.65115e-09 7.18086e-08
15.275 7.69561e-09 7.20144e-08
15.3 7.73317e-09 7.21406e-08
15.325 7.76379e-09 7.21882e-08
15.35 7.78746e-09 7.21584e-08
15.375 7.80417e-09 7.20527e-08
15.4 7.81395e-09 7.18724e-08
15.425 7.81682e-09 7.16195e-08
15.45 7.81286e-09 7.12958e-08
15.475 7.80212e-09 7.09034e-08
15.5 7.7847e-09 7.04444e-08
15.525 7.76071e-09 6.99212e-08
15.55 7.73025e-09 6.93361e-08
15.575 7.69347e-09 6.86918e-08
15.6 7.65052e-09 6.79907e-08
15.625 7.60155e-09 6.72356e-08
15.65 7.54673e-09 6.64292e-08
15.675 7.48626e-09 6.55743e-08
15.7 7.42032e-09 6.46738e-08
15.725 7.34911e-09 6.37304e-08
15.75 7.27285e-09 6.27472e-08
15.775 7.19176e-09 6.17269e-08
15.8 7.10607e-09 6.06725e-08
15.825 7.01599e-09 5.95869e-08
15.85 6.92178e-09 5.84729e-08
15.875 6.82366e-09 5.73333e-08
15.9 6.72189e-09 5.6171e-08
15.925 6.61671e-09 5.49887e-08
15.95 6.50836e-09 5.37891e-08
15.975 6.39709e-09 5.25748e-08
16 6.28315e-09 5.13485e-08
16.025 6.16678e-09 5.01126e-08
16.05 6.04823e-09 4.88695e-08
16.075 5.92774e-09 4.76217e-08
16.1 5.80555e-09 4.63715e-08
16.125 5.68189e-09 4.51209e-08
16.15 5.55699e-09 4.38721e-08
16.175 5.43109e-09 4.26271e-08
16.2 5.3044e-09 4.13878e-08
16.225 5.17713e-09 4.0156e-08
16.25 5.04949e-09 3.89335e-08
16.275 4.9217e-09 3.77219e-08
16.3 4.79394e-09 3.65226e-08
16.325 4.6664e-09 3.53372e-08
16.35 4.53926e-09 3.4167e-08
16.375 4.41269e-09 3.30131e-08
16.4 4.28687e-09 3.18768e-08
16.425 4.16195e-09 3.07591e-08
16.45 4.03807e-09 2.96609e-08
16.475 3.91538e-09 2.85831e-08
16.5 3.79402e-09 2.75265e-08
16.525 3.6741e-09 2.64918e-08
16.55 3.55575e-09 2.54795e-08
16.575 3.43907e-09 2.44902e-08
16.6 3.32417e-09 2.35243e-08
16.625 3.21112e-09 2.25823e-08
16.65 3.10003e-09 2.16643e-08
16.675 2.99097e-09 2.07707e-08
16.7 2.88399e-09 1.99016e-08
16.725 2.77918e-09 1.90571e-08
16.75 2.67658e-09 1.82373e-08
16.775 2.57623e-09 1.74421e-08
16.8 2.47819e-09 1.66714e-08
16.825 2.38247e-09 1.59252e-08
16.85 2.28912e-09 1.52033e-08
16.875 2.19815e-09 1.45054e-08
16.9 2.10957e-09 1.38314e-08
16.925 2.02341e-09 1.31809e-08
16.95 1.93965e-09 1.25536e-08
16.975 1.8583e-09 1.19492e-08
17 1.77936e-09 1.13672e-08
17.025 1.70282e-09 1.08074e-08
17.05 1.62865e-09 1.02692e-08
17.075 1.55685e-09 9.75223e-09
17.1 1.48739e-09 9.256e-09
17.125 1.42025e-09 8.78003e-09
17.15 1.35539e-09 8.32383e-09
17.175 1.29279e-09 7.8869e-09
17.2 1.23241e-09 7.46871e-09
17.225 1.17422e-09 7.06875e-09
17.25 1.11817e-09 6.6865e-09
17.275 1.06423e-09 6.32141e-09
17.3 1.01235e-09 5.97297e-09
17.325 9.62484e-10 5.64064e-09
17.35 9.14595e-10 5.32388e-09
17.375 8.68632e-10 5.02218e-09
17.4 8.24547e-10 4.735e-09
17.425 7.82292e-10 4.46184e-09
17.45 7.41818e-10 4.20216e-09
17.475 7.03074e-10 3.95548e-09
17.5 6.66012e-10 3.72128e-09
17.525 6.3058e-10 3.49909e-09
17.55 5.96729e-10 3.28841e-09
17.575 5.64409e-10 3.08879e-09
17.6 5.33569e-10 2.89975e-09
17.625 5.04161e-10 2.72084e-09
17.65 4.76135e-10 2.55164e-09
17.675 4.49442e-10 2.39171e-09
17.7 4.24035e-10 2.24063e-09
17.725 3.99866e-10 2.098e-09
17.75 3.76889e-10 1.96344e-09
17.775 3.55057e-10 1.83655e-09
17.8 3.34327e-10 1.71698e-09
17.825 3.14653e-10 1.60437e-09
17.85 2.95994e-10 1.49837e-09
17.875 2.78306e-10 1.39866e-09
17.9 2.61549e-10 1.30492e-09
17.925 2.45683e-10 1.21685e-09
17.95 2.3067e-10 1.13414e-09
17.975 2.1647e-10 1.05651e-09
18 2.03049e-10 9.83702e-10
18.025 1.90369e-10 9.15448e-10
18.05 1.78397e-10 8.515e-10
18.075 1.671e-10 7.9162e-10
18.1 1.56444e-10 7.35582e-10
18.125 1.464e-10 6.83167e-10
18.15 1.36937e-10 6.3417e-10
18.175 1.28027e-10 5.88393e-10
18.2 1.19641e-10 5.45648e-10
18.225 1.11753e-10 5.05756e-10
18.25 1.04337e-10 4.68547e-10
18.275 9.73688e-11 4.33861e-10
18.3 9.08247e-11 4.01542e-10
18.325 8.46819e-11 3.71447e-10
18.35 7.89189e-11 3.43437e-10
18.375 7.3515e-11 3.17382e-10
18.4 6.84503e-11 2.93159e-10
18.425 6.3706e-11 2.70651e-10
18.45 5.92641e-11 2.49748e-10
18.475 5.51074e-11 2.30345e-10
18.5 5.12195e-11 2.12345e-10
18.525 4.75848e-11 1.95655e-10
18.55 4.41886e-11 1.80189e-10
18.575 4.10168e-11 1.65863e-10
18.6 3.80559e-11 1.52601e-10
18.625 3.52934e-11 1.4033e-10
18.65 3.27171e-11 1.28982e-10
18.675 3.03158e-11 1.18494e-10
18.7 2.80785e-11 1.08805e-10
18.725 2.59951e-11 9.98592e-11
18.75 2.4056e-11 9.16037e-11
18.775 2.22519e-11 8.39892e-11
18.8 2.05743e-11 7.69697e-11
18.825 1.90151e-11 7.05021e-11
18.85 1.75666e-11 6.4546e-11
18.875 1.62215e-11 5.90639e-11
18.9 1.49731e-11 5.40207e-11
18.925 1.3815e-11 4.93836e-11
18.95 1.2741e-11 4.51222e-11
18.975 1.17457e-11 4.1208e-11
19 1.08235e-11 3.76146e-11
19.025 9.96958e-12 3.43175e-11
19.05 9.17921e-12 3.12938e-11
19.075 8.448e-12 2.85222e-11
19.1 7.77181e-12 2.5983e-11
19.125 7.14679e-12 2.3658e-11
19.15 6.56933e-12 2.15302e-11
19.175 6.03605e-12 1.95839e-11
19.2 5.54379e-12 1.78045e-11
19.225 5.08959e-12 1.61786e-11
19.25 4.6707e-12 1.46937e-11
19.275 4.28454e-12 1.33382e-11
19.3 3.92871e-12 1.21016e-11
19.325 3.60098e-12 1.0974e-11
19.35 3.29925e-12 9.94632e-12
19.375 3.02159e-12 9.0102e-12
19.4 2.76619e-12 8.15794e-12
19.425 2.53136e-12 7.38244e-12
19.45 2.31553e-12 6.67715e-12
19.475 2.11727e-12 6.03605e-12
19.5 1.93521e-12 5.45362e-12
19.525 1.7681e-12 4.92475e-12
19.55 1.61478e-12 4.4448e-12
19.575 1.47418e-12 4.00945e-12
19.6 1.34528e-12 3.61478e-12
19.625 1.22718e-12 3.25719e-12
19.65 1.119e-12 2.93335e-12
19.675 1.01996e-12 2.64025e-12
19.7 9.29322e-13 2.37512e-12
19.725 8.46409e-13 2.13541e-12
19.75 7.70592e-13 1.9188e-12
19.775 7.01295e-13 1.72319e-12
19.8 6.37982e-13 1.54662e-12
19.825 5.80161e-13 1.38735e-12
19.85 5.27377e-13 1.24374e-12
19.875 4.7921e-13 1.11434e-12
19.9 4.35276e-13 9.97809e-13
19.925 3.95218e-13 8.92923e-13
19.95 3.58709e-13 7.98574e-13
19.975 3.25448e-13 7.13753e-13
20 2.95159e-13 6.37543e-13
