0 9.54049e-05 -6.61617e-05
0.025 9.54049e-05 -6.61617e-05
0.05 0.000190594 -0.000132113
0.075 0.000285353 -0.000197643
0.1 0.000379467 -0.000262545
0.125 0.000472725 -0.000326613
0.15 0.000564917 -0.000389643
0.175 0.000655835 -0.000451437
0.2 0.000745278 -0.000511802
0.225 0.000833045 -0.000570549
0.25 0.000918943 -0.000627494
0.275 0.00100278 -0.000682463
0.3 0.00108438 -0.000735288
0.325 0.00116355 -0.000785807
0.35 0.00124013 -0.000833871
0.375 0.00131396 -0.000879335
0.4 0.00138487 -0.000922068
0.425 0.00145273 -0.000961946
0.45 0.00151738 -0.000998857
0.475 0.0015787 -0.0010327
0.5 0.00163657 -0.00106338
0.525 0.00169087 -0.00109083
0.55 0.00174151 -0.00111497
0.575 0.00178837 -0.00113575
0.6 0.0018314 -0.00115313
0.625 0.0018705 -0.00116706
0.65 0.00190562 -0.00117754
0.675 0.00193672 -0.00118455
0.7 0.00196374 -0.0011881
0.725 0.00198665 -0.00118819
0.75 0.00200545 -0.00118487
0.775 0.00202013 -0.00117815
0.8 0.00203067 -0.0011681
0.825 0.00203712 -0.00115476
0.85 0.00203947 -0.00113821
0.875 0.00203779 -0.00111853
0.9 0.00203211 -0.0010958
0.925 0.00202248 -0.00107011
0.95 0.00200899 -0.00104158
0.975 0.00199171 -0.00101031
1 0.00197073 -0.000976417
1.025 0.00194614 -0.000940036
1.05 0.00191807 -0.000901294
1.075 0.00188662 -0.000860329
1.1 0.00185192 -0.000817283
1.125 0.00181411 -0.000772301
1.15 0.00177334 -0.000725534
1.175 0.00172976 -0.000677135
1.2 0.00168352 -0.000627258
1.225 0.00163479 -0.00057606
1.25 0.00158376 -0.000523698
1.275 0.00153059 -0.000470331
1.3 0.00147548 -0.000416117
1.325 0.00141862 -0.000361213
1.35 0.0013602 -0.000305774
1.375 0.00130043 -0.000249955
1.4 0.00123951 -0.000193907
1.425 0.00117764 -0.000137777
1.45 0.00111505 -8.17121e-05
1.475 0.00105193 -2.58516e-05
1.5 0.000988511 2.96676e-05
1.525 0.000925004 8.47141e-05
1.55 0.000861626 0.000139162
1.575 0.000798593 0.00019289
1.6 0.00073612 0.000245784
1.625 0.000674422 0.000297735
1.65 0.00061371 0.000348642
1.675 0.000554196 0.00039841
1.7 0.000496085 0.00044695
1.725 0.000439582 0.000494182
1.75 0.000384883 0.000540032
1.775 0.000332185 0.000584434
1.8 0.000281674 0.000627329
1.825 0.000233534 0.000668665
1.85 0.00018794 0.000708399
1.875 0.000145061 0.000746495
1.9 0.000105057 0.000782922
1.925 6.808e-05 0.00081766
1.95 3.42738e-05 0.000850692
1.975 3.77213e-06 0.000882011
2 -2.33012e-05 0.000911616
2.025 -4.68329e-05 0.000939512
2.05 -6.67205e-05 0.000965708
2.075 -8.28731e-05 0.000990224
2.1 -9.52117e-05 0.00101308
2.125 -0.00010367 0.0010343
2.15 -0.000108192 0.00105393
2.175 -0.00010874 0.00107199
2.2 -0.000105283 0.00108853
2.225 -9.78095e-05 0.00110359
2.25 -8.63184e-05 0.00111722
2.275 -7.08244e-05 0.00112947
2.3 -5.13559e-05 0.00114039
2.325 -2.79564e-05 0.00115003
2.35 -6.83611e-07 0.00115844
2.375 3.03897e-05 0.00116569
2.4 6.5176e-05 0.00117182
2.425 0.000103573 0.00117688
2.45 0.000145464 0.00118094
2.475 0.000190716 0.00118404
2.5 0.000239185 0.00118623
2.525 0.000290709 0.00118755
2.55 0.000345114 0.00118805
2.575 0.000402212 0.00118776
2.6 0.000461801 0.00118673
2.625 0.000523666 0.00118497
2.65 0.000587581 0.00118253
2.675 0.000653306 0.0011794
2.7 0.000720591 0.00117561
2.725 0.000789174 0.00117117
2.75 0.000858783 0.00116608
2.775 0.000929138 0.00116032
2.8 0.000999949 0.00115389
2.825 0.00107092 0.00114677
2.85 0.00114174 0.00113893
2.875 0.0012121 0.00113033
2.9 0.00128169 0.00112093
2.925 0.00135018 0.00111068
2.95 0.00141725 0.00109953
2.975 0.00148257 0.0010874
3 0.00154583 0.00107423
3.025 0.00160668 0.00105994
3.05 0.0016648 0.00104443
3.075 0.00171986 0.00102762
3.1 0.00177156 0.00100941
3.125 0.00181956 0.000989687
3.15 0.00186355 0.000968345
3.175 0.00190324 0.000945267
3.2 0.00193832 0.000920332
3.225 0.0019685 0.000893416
3.25 0.00199352 0.000864391
3.275 0.00201309 0.000833125
3.3 0.00202696 0.000799487
3.325 0.0020349 0.000763343
3.35 0.00203668 0.000724557
3.375 0.00203207 0.000682994
3.4 0.0020209 0.000638523
3.425 0.00200298 0.000591009
3.45 0.00197814 0.000540325
3.475 0.00194625 0.000486344
3.5 0.00190719 0.000428943
3.525 0.00186085 0.000368008
3.55 0.00180716 0.000303426
3.575 0.00174605 0.000235093
3.6 0.00167748 0.000162913
3.625 0.00160145 8.67965e-05
3.65 0.00151795 6.6651e-06
3.675 0.00142702 -7.75511e-05
3.7 0.00132871 -0.000165911
3.725 0.0012231 -0.000258463
3.75 0.00111028 -0.000355243
3.775 0.000990387 -0.000456275
3.8 0.000863551 -0.000561568
3.825 0.000729946 -0.000671122
3.85 0.000589759 -0.000784918
3.875 0.000443202 -0.000902927
3.9 0.000290507 -0.0010251
3.925 0.000131926 -0.00115138
3.95 -3.22685e-05 -0.0012817
3.975 -0.000201786 -0.00141595
4 -0.000376317 -0.00155404
4.025 -0.000555534 -0.00169584
4.05 -0.000739096 -0.00184123
4.075 -0.000926644 -0.00199004
4.1 -0.00111781 -0.00214211
4.125 -0.0013122 -0.00229726
4.15 -0.00150943 -0.00245531
4.175 -0.00170908 -0.00261603
4.2 -0.00191075 -0.00277922
4.225 -0.002114 -0.00294464
4.25 -0.00231842 -0.00311203
4.275 -0.00252355 -0.00328116
4.3 -0.00272898 -0.00345175
4.325 -0.00293425 -0.00362352
4.35 -0.00313894 -0.0037962
4.375 -0.00334259 -0.00396948
4.4 -0.00354477 -0.00414307
4.425 -0.00374505 -0.00431667
4.45 -0.00394301 -0.00448996
4.475 -0.00413821 -0.00466263
4.5 -0.00433026 -0.00483436
4.525 -0.00451874 -0.00500484
4.55 -0.00470326 -0.00517375
4.575 -0.00488344 -0.00534076
4.6 -0.00505892 -0.00550556
4.625 -0.00522933 -0.00566784
4.65 -0.00539435 -0.00582729
4.675 -0.00555364 -0.00598359
4.7 -0.00570691 -0.00613645
4.725 -0.00585387 -0.00628558
4.75 -0.00599425 -0.00643069
4.775 -0.00612779 -0.0065715
4.8 -0.00625428 -0.00670775
4.825 -0.00637351 -0.00683918
4.85 -0.00648528 -0.00696554
4.875 -0.00658943 -0.00708661
4.9 -0.00668583 -0.00720217
4.925 -0.00677434 -0.007312
4.95 -0.00685488 -0.00741592
4.975 -0.00692735 -0.00751375
5 -0.00699172 -0.00760533
5.025 -0.00704793 -0.00769051
5.05 -0.00709599 -0.00776917
5.075 -0.00713591 -0.00784118
5.1 -0.00716771 -0.00790646
5.125 -0.00719144 -0.00796492
5.15 -0.00720719 -0.0080165
5.175 -0.00721503 -0.00806115
5.2 -0.00721508 -0.00809885
5.225 -0.00720746 -0.00812958
5.25 -0.00719233 -0.00815335
5.275 -0.00716984 -0.00817017
5.3 -0.00714017 -0.00818009
5.325 -0.00710351 -0.00818315
5.35 -0.00706006 -0.00817942
5.375 -0.00701006 -0.00816899
5.4 -0.00695371 -0.00815195
5.425 -0.00689128 -0.00812842
5.45 -0.00682299 -0.00809851
5.475 -0.00674913 -0.00806236
5.5 -0.00666994 -0.00802013
5.525 -0.00658571 -0.00797196
5.55 -0.00649671 -0.00791804
5.575 -0.00640323 -0.00785854
5.6 -0.00630555 -0.00779365
5.625 -0.00620395 -0.00772357
5.65 -0.00609874 -0.00764851
5.675 -0.0059902 -0.00756867
5.7 -0.00587862 -0.00748428
5.725 -0.00576429 -0.00739555
5.75 -0.0056475 -0.00730272
5.775 -0.00552852 -0.00720602
5.8 -0.00540764 -0.00710567
5.825 -0.00528513 -0.00700192
5.85 -0.00516127 -0.006895
5.875 -0.0050363 -0.00678516
5.9 -0.0049105 -0.00667262
5.925 -0.0047841 -0.00655762
5.95 -0.00465735 -0.00644041
5.975 -0.00453049 -0.0063212
6 -0.00440373 -0.00620024
6.025 -0.00427729 -0.00607775
6.05 -0.00415138 -0.00595395
6.075 -0.00402619 -0.00582906
6.1 -0.00390191 -0.0057033
6.125 -0.00377872 -0.00557687
6.15 -0.00365678 -0.00544997
6.175 -0.00353624 -0.00532281
6.2 -0.00341726 -0.00519556
6.225 -0.00329997 -0.00506843
6.25 -0.00318449 -0.00494157
6.275 -0.00307094 -0.00481517
6.3 -0.00295943 -0.00468937
6.325 -0.00285004 -0.00456435
6.35 -0.00274286 -0.00444023
6.375 -0.00263798 -0.00431717
6.4 -0.00253545 -0.0041953
6.425 -0.00243533 -0.00407472
6.45 -0.00233768 -0.00395557
6.475 -0.00224252 -0.00383795
6.5 -0.00214991 -0.00372196
6.525 -0.00205985 -0.00360768
6.55 -0.00197236 -0.00349521
6.575 -0.00188746 -0.00338463
6.6 -0.00180515 -0.00327599
6.625 -0.00172542 -0.00316936
6.65 -0.00164827 -0.0030648
6.675 -0.00157368 -0.00296236
6.7 -0.00150163 -0.00286208
6.725 -0.00143209 -0.00276399
6.75 -0.00136504 -0.00266813
6.775 -0.00130044 -0.00257451
6.8 -0.00123825 -0.00248315
6.825 -0.00117844 -0.00239408
6.85 -0.00112096 -0.00230728
6.875 -0.00106575 -0.00222278
6.9 -0.00101278 -0.00214055
6.925 -0.000961994 -0.00206061
6.95 -0.000913332 -0.00198293
6.975 -0.000866743 -0.0019075
7 -0.00082217 -0.00183431
7.025 -0.000779557 -0.00176333
7.05 -0.000738844 -0.00169453
7.075 -0.000699975 -0.0016279
7.1 -0.000662889 -0.00156339
7.125 -0.000627529 -0.00150098
7.15 -0.000593834 -0.00144064
7.175 -0.000561747 -0.00138232
7.2 -0.000531208 -0.00132599
7.225 -0.000502162 -0.00127161
7.25 -0.000474549 -0.00121913
7.275 -0.000448315 -0.00116852
7.3 -0.000423404 -0.00111973
7.325 -0.000399761 -0.00107272
7.35 -0.000377334 -0.00102744
7.375 -0.000356071 -0.000983857
7.4 -0.00033592 -0.000941913
7.425 -0.000316833 -0.000901567
7.45 -0.000298762 -0.000862775
7.475 -0.00028166 -0.00082549
7.5 -0.000265482 -0.000789668
7.525 -0.000250183 -0.000755264
7.55 -0.000235722 -0.000722233
7.575 -0.000222059 -0.000690531
7.6 -0.000209152 -0.000660114
7.625 -0.000196966 -0.000630941
7.65 -0.000185463 -0.000602968
7.675 -0.000174608 -0.000576154
7.7 -0.000164367 -0.000550459
7.725 -0.00015471 -0.000525842
7.75 -0.000145604 -0.000502264
7.775 -0.00013702 -0.000479687
7.8 -0.000128931 -0.000458074
7.825 -0.000121309 -0.000437389
7.85 -0.000114129 -0.000417595
7.875 -0.000107366 -0.000398659
7.9 -0.000100997 -0.000380547
7.925 -9.50011e-05 -0.000363226
7.95 -8.93561e-05 -0.000346666
7.975 -8.40425e-05 -0.000330834
8 -7.90414e-05 -0.000315703
8.025 -7.43349e-05 -0.000301242
8.05 -6.99061e-05 -0.000287425
8.075 -6.57389e-05 -0.000274225
8.1 -6.18181e-05 -0.000261615
8.125 -5.81295e-05 -0.000249571
8.15 -5.46594e-05 -0.000238069
8.175 -5.1395e-05 -0.000227085
8.2 -4.83243e-05 -0.000216599
8.225 -4.54358e-05 -0.000206587
8.25 -4.27188e-05 -0.000197029
8.275 -4.01631e-05 -0.000187906
8.3 -3.77592e-05 -0.000179199
8.325 -3.5498e-05 -0.000170889
8.35 -3.33712e-05 -0.000162959
8.375 -3.13707e-05 -0.000155391
8.4 -2.9489e-05 -0.000148171
8.425 -2.77191e-05 -0.000141282
8.45 -2.60543e-05 -0.000134709
8.475 -2.44883e-05 -0.000128439
8.5 -2.30153e-05 -0.000122458
8.525 -2.16298e-05 -0.000116752
8.55 -2.03266e-05 -0.00011131
8.575 -1.91007e-05 -0.000106119
8.6 -1.79476e-05 -0.000101169
8.625 -1.68631e-05 -9.64473e-05
8.65 -1.5843e-05 -9.19447e-05
8.675 -1.48835e-05 -8.76509e-05
8.7 -1.3981e-05 -8.35565e-05
8.725 -1.31323e-05 -7.96524e-05
8.75 -1.23341e-05 -7.59298e-05
8.775 -1.15834e-05 -7.23806e-05
8.8 -1.08775e-05 -6.89967e-05
8.825 -1.02138e-05 -6.57707e-05
8.85 -9.58968e-06 -6.26953e-05
8.875 -9.00293e-06 -5.97636e-05
8.9 -8.45133e-06 -5.6969e-05
8.925 -7.93283e-06 -5.43052e-05
8.95 -7.44549e-06 -5.17663e-05
8.975 -6.98749e-06 -4.93465e-05
9 -6.55711e-06 -4.70403e-05
9.025 -6.15273e-06 -4.48425e-05
9.05 -5.77285e-06 -4.27481e-05
9.075 -5.41601e-06 -4.07524e-05
9.1 -5.08088e-06 -3.88507e-05
9.125 -4.76618e-06 -3.70388e-05
9.15 -4.4707e-06 -3.53125e-05
9.175 -4.19333e-06 -3.36678e-05
9.2 -3.93299e-06 -3.21009e-05
9.225 -3.68868e-06 -3.06083e-05
9.25 -3.45945e-06 -2.91864e-05
9.275 -3.2444e-06 -2.7832e-05
9.3 -3.04271e-06 -2.6542e-05
9.325 -2.85356e-06 -2.53133e-05
9.35 -2.67622e-06 -2.4143e-05
9.375 -2.50997e-06 -2.30284e-05
9.4 -2.35414e-06 -2.1967e-05
9.425 -2.20811e-06 -2.09561e-05
9.45 -2.07129e-06 -1.99934e-05
9.475 -1.94311e-06 -1.90767e-05
9.5 -1.82306e-06 -1.82037e-05
9.525 -1.71062e-06 -1.73723e-05
9.55 -1.60533e-06 -1.65807e-05
9.575 -1.50675e-06 -1.58268e-05
9.6 -1.41447e-06 -1.51089e-05
9.625 -1.32809e-06 -1.44252e-05
9.65 -1.24723e-06 -1.37741e-05
9.675 -1.17157e-06 -1.31541e-05
9.7 -1.10076e-06 -1.25636e-05
9.725 -1.0345e-06 -1.20011e-05
9.75 -9.72493e-07 -1.14655e-05
9.775 -9.14475e-07 -1.09552e-05
9.8 -8.60186e-07 -1.04691e-05
9.825 -8.09385e-07 -1.00061e-05
9.85 -7.61846e-07 -9.56492e-06
9.875 -7.17355e-07 -9.14456e-06
9.9 -6.75714e-07 -8.74399e-06
9.925 -6.36735e-07 -8.36223e-06
9.95 -6.00241e-07 -7.99837e-06
9.975 -5.66069e-07 -7.65151e-06
10 -5.34063e-07 -7.32081e-06
10.025 -5.04078e-07 -7.00549e-06
10.05 -4.7598e-07 -6.70477e-06
10.075 -4.49642e-07 -6.41794e-06
10.1 -4.24943e-07 -6.14431e-06
10.125 -4.01775e-07 -5.88322e-06
10.15 -3.80032e-07 -5.63406e-06
10.175 -3.59618e-07 -5.39624e-06
10.2 -3.40442e-07 -5.16919e-06
10.225 -3.22421e-07 -4.95239e-06
10.25 -3.05474e-07 -4.74533e-06
10.275 -2.89529e-07 -4.54752e-06
10.3 -2.74518e-07 -4.35853e-06
10.325 -2.60377e-07 -4.1779e-06
10.35 -2.47046e-07 -4.00524e-06
10.375 -2.3447e-07 -3.84015e-06
10.4 -2.22599e-07 -3.68227e-06
10.425 -2.11385e-07 -3.53124e-06
10.45 -2.00783e-07 -3.38674e-06
10.475 -1.90754e-07 -3.24844e-06
10.5 -1.81258e-07 -3.11606e-06
10.525 -1.72261e-07 -2.9893e-06
10.55 -1.6373e-07 -2.8679e-06
10.575 -1.55635e-07 -2.75161e-06
10.6 -1.47949e-07 -2.64018e-06
10.625 -1.40646e-07 -2.53339e-06
10.65 -1.33702e-07 -2.43102e-06
10.675 -1.27096e-07 -2.33285e-06
10.7 -1.20806e-07 -2.23871e-06
10.725 -1.14815e-07 -2.14841e-06
10.75 -1.09105e-07 -2.06176e-06
10.775 -1.0366e-07 -1.97861e-06
10.8 -9.84666e-08 -1.89879e-06
10.825 -9.35104e-08 -1.82216e-06
10.85 -8.87792e-08 -1.74858e-06
10.875 -8.42616e-08 -1.67791e-06
10.9 -7.99469e-08 -1.61003e-06
10.925 -7.58254e-08 -1.54482e-06
10.95 -7.18881e-08 -1.48216e-06
10.975 -6.81264e-08 -1.42194e-06
11 -6.45327e-08 -1.36406e-06
11.025 -6.10996e-08 -1.30843e-06
11.05 -5.78204e-08 -1.25495e-06
11.075 -5.46888e-08 -1.20354e-06
11.1 -5.16987e-08 -1.15411e-06
11.125 -4.88446e-08 -1.10658e-06
11.15 -4.61212e-08 -1.06087e-06
11.175 -4.35234e-08 -1.01692e-06
11.2 -4.10466e-08 -9.74665e-07
11.225 -3.86862e-08 -9.34029e-07
11.25 -3.64378e-08 -8.94954e-07
11.275 -3.42972e-08 -8.57383e-07
11.3 -3.22605e-08 -8.2126e-07
11.325 -3.03237e-08 -7.86531e-07
11.35 -2.8483e-08 -7.53145e-07
11.375 -2.67349e-08 -7.21055e-07
11.4 -2.50758e-08 -6.90212e-07
11.425 -2.35022e-08 -6.60574e-07
11.45 -2.20107e-08 -6.32097e-07
11.475 -2.0598e-08 -6.04741e-07
11.5 -1.92609e-08 -5.78465e-07
11.525 -1.79963e-08 -5.53233e-07
11.55 -1.68011e-08 -5.29008e-07
11.575 -1.56723e-08 -5.05755e-07
11.6 -1.4607e-08 -4.83441e-07
11.625 -1.36022e-08 -4.62032e-07
11.65 -1.26552e-08 -4.41497e-07
11.675 -1.17634e-08 -4.21806e-07
11.7 -1.09239e-08 -4.02929e-07
11.725 -1.01344e-08 -3.84838e-07
11.75 -9.39234e-09 -3.67504e-07
11.775 -8.69527e-09 -3.50902e-07
11.8 -8.04091e-09 -3.35003e-07
11.825 -7.42704e-09 -3.19784e-07
11.85 -6.8515e-09 -3.05219e-07
11.875 -6.31224e-09 -2.91285e-07
11.9 -5.80731e-09 -2.77957e-07
11.925 -5.3348e-09 -2.65213e-07
11.95 -4.89294e-09 -2.53031e-07
11.975 -4.48001e-09 -2.41389e-07
12 -4.0944e-09 -2.30266e-07
12.025 -3.73456e-09 -2.19642e-07
12.05 -3.39906e-09 -2.09497e-07
12.075 -3.08651e-09 -1.99811e-07
12.1 -2.79563e-09 -1.90565e-07
12.125 -2.52519e-09 -1.81743e-07
12.15 -2.27405e-09 -1.73324e-07
12.175 -2.04114e-09 -1.65294e-07
12.2 -1.82544e-09 -1.57634e-07
12.225 -1.62601e-09 -1.5033e-07
12.25 -1.44197e-09 -1.43364e-07
12.275 -1.27247e-09 -1.36723e-07
12.3 -1.11674e-09 -1.30393e-07
12.325 -9.74034e-10 -1.24358e-07
12.35 -8.43667e-10 -1.18606e-07
12.375 -7.24983e-10 -1.13124e-07
12.4 -6.17364e-10 -1.07899e-07
12.425 -5.20224e-10 -1.0292e-07
12.45 -4.33007e-10 -9.81752e-08
12.475 -3.55179e-10 -9.36541e-08
12.5 -2.86232e-10 -8.93462e-08
12.525 -2.25675e-10 -8.52417e-08
12.55 -1.73036e-10 -8.13311e-08
12.575 -1.27856e-10 -7.76054e-08
12.6 -8.96899e-11 -7.40563e-08
12.625 -5.81034e-11 -7.06755e-08
12.65 -3.26711e-11 -6.74555e-08
12.675 -1.29761e-11 -6.43888e-08
12.7 1.39136e-12 -6.14686e-08
12.725 1.08345e-11 -5.86882e-08
12.75 1.57507e-11 -5.60415e-08
12.775 1.65316e-11 -5.35224e-08
12.8 1.35634e-11 -5.11254e-08
12.825 7.22631e-12 -4.8845e-08
12.85 -2.10513e-12 -4.66762e-08
12.875 -1.40629e-11 -4.4614e-08
12.9 -2.82861e-11 -4.26538e-08
12.925 -4.44211e-11 -4.0791e-08
12.95 -6.2123e-11 -3.90215e-08
12.975 -8.10559e-11 -3.7341e-08
13 -1.00894e-10 -3.57456e-08
13.025 -1.21323e-10 -3.42314e-08
13.05 -1.42039e-10 -3.27947e-08
13.075 -1.62752e-10 -3.14318e-08
13.1 -1.83186e-10 -3.01391e-08
13.125 -2.03078e-10 -2.89132e-08
13.15 -2.22182e-10 -2.77506e-08
13.175 -2.40265e-10 -2.6648e-08
13.2 -2.57113e-10 -2.5602e-08
13.225 -2.72527e-10 -2.46094e-08
13.25 -2.86327e-10 -2.36668e-08
13.275 -2.9835e-10 -2.27712e-08
13.3 -3.08449e-10 -2.19193e-08
13.325 -3.16497e-10 -2.11079e-08
13.35 -3.22383e-10 -2.0334e-08
13.375 -3.26015e-10 -1.95943e-08
13.4 -3.27318e-10 -1.88859e-08
13.425 -3.26233e-10 -1.82057e-08
13.45 -3.22718e-10 -1.75507e-08
13.475 -3.16746e-10 -1.69178e-08
13.5 -3.08307e-10 -1.63042e-08
13.525 -2.97405e-10 -1.57071e-08
13.55 -2.84055e-10 -1.51235e-08
13.575 -2.68288e-10 -1.45508e-08
13.6 -2.50146e-10 -1.39862e-08
13.625 -2.29681e-10 -1.34271e-08
13.65 -2.06955e-10 -1.28712e-08
13.675 -1.8204e-10 -1.23158e-08
13.7 -1.55014e-10 -1.17587e-08
13.725 -1.25964e-10 -1.11978e-08
13.75 -9.49819e-11 -1.06308e-08
13.775 -6.21635e-11 -1.00559e-08
13.8 -2.76094e-11 -9.47124e-09
13.825 8.5769e-12 -8.87512e-09
13.85 4.62902e-11 -8.26598e-09
13.875 8.54241e-11 -7.64245e-09
13.9 1.25872e-10 -7.00328e-09
13.925 1.67526e-10 -6.34739e-09
13.95 2.10283e-10 -5.67387e-09
13.975 2.54038e-10 -4.98196e-09
14 2.98689e-10 -4.27107e-09
14.025 3.44138e-10 -3.54079e-09
14.05 3.90289e-10 -2.79085e-09
14.075 4.37051e-10 -2.02119e-09
14.1 4.84333e-10 -1.23187e-09
14.125 5.32053e-10 -4.23134e-10
14.15 5.80129e-10 4.04612e-10
14.175 6.28486e-10 1.25082e-09
14.2 6.77051e-10 2.11477e-09
14.225 7.25756e-10 2.99562e-09
14.25 7.74538e-10 3.89238e-09
14.275 8.23337e-10 4.80393e-09
14.3 8.72096e-10 5.72902e-09
14.325 9.20764e-10 6.66628e-09
14.35 9.69292e-10 7.61425e-09
14.375 1.01763e-09 8.57136e-09
14.4 1.06574e-09 9.53594e-09
14.425 1.11359e-09 1.05063e-08
14.45 1.16112e-09 1.14805e-08
14.475 1.20831e-09 1.24568e-08
14.5 1.25512e-09 1.34332e-08
14.525 1.30152e-09 1.44079e-08
14.55 1.34748e-09 1.53786e-08
14.575 1.39296e-09 1.63436e-08
14.6 1.43793e-09 1.73007e-08
14.625 1.48237e-09 1.8248e-08
14.65 1.52623e-09 1.91834e-08
14.675 1.5695e-09 2.01049e-08
14.7 1.61214e-09 2.10107e-08
14.725 1.65411e-09 2.18987e-08
14.75 1.69539e-09 2.27671e-08
14.775 1.73594e-09 2.3614e-08
14.8 1.77572e-09 2.44378e-08
14.825 1.81471e-09 2.52368e-08
14.85 1.85286e-09 2.60093e-08
14.875 1.89014e-09 2.67538e-08
14.9 1.9265e-09 2.74688e-08
14.925 1.96191e-09 2.81531e-08
14.95 1.99634e-09 2.88054e-08
14.975 2.02973e-09 2.94245e-08
15 2.06205e-09 3.00094e-08
15.025 2.09325e-09 3.05591e-08
15.05 2.1233e-09 3.10729e-08
15.075 2.15215e-09 3.15499e-08
15.1 2.17977e-09 3.19897e-08
15.125 2.2061e-09 3.23917e-08
15.15 2.23112e-09 3.27555e-08
15.175 2.25477e-09 3.30809e-08
15.2 2.27702e-09 3.33676e-08
15.225 2.29784e-09 3.36157e-08
15.25 2.31719e-09 3.38252e-08
15.275 2.33503e-09 3.39963e-08
15.3 2.35134e-09 3.41291e-08
15.325 2.36608e-09 3.42241e-08
15.35 2.37922e-09 3.42817e-08
15.375 2.39075e-09 3.43025e-08
15.4 2.40063e-09 3.4287e-08
15.425 2.40886e-09 3.4236e-08
15.45 2.41541e-09 3.41502e-08
15.475 2.42027e-09 3.40305e-08
15.5 2.42343e-09 3.38779e-08
15.525 2.42489e-09 3.36933e-08
15.55 2.42465e-09 3.34777e-08
15.575 2.42269e-09 3.32323e-08
15.6 2.41904e-09 3.29581e-08
15.625 2.4137e-09 3.26564e-08
15.65 2.40667e-09 3.23284e-08
15.675 2.39799e-09 3.19753e-08
15.7 2.38765e-09 3.15983e-08
15.725 2.3757e-09 3.11989e-08
15.75 2.36215e-09 3.07783e-08
15.775 2.34703e-09 3.03378e-08
15.8 2.33038e-09 2.98787e-08
15.825 2.31223e-09 2.94024e-08
15.85 2.29262e-09 2.89102e-08
15.875 2.2716e-09 2.84035e-08
15.9 2.2492e-09 2.78835e-08
15.925 2.22548e-09 2.73515e-08
15.95 2.20048e-09 2.68089e-08
15.975 2.17426e-09 2.62568e-08
16 2.14687e-09 2.56966e-08
16.025 2.11837e-09 2.51294e-08
16.05 2.08881e-09 2.45564e-08
16.075 2.05825e-09 2.39787e-08
16.1 2.02676e-09 2.33976e-08
16.125 1.99439e-09 2.2814e-08
16.15 1.9612e-09 2.2229e-08
16.175 1.92725e-09 2.16437e-08
16.2 1.89262e-09 2.10589e-08
16.225 1.85736e-09 2.04756e-08
16.25 1.82153e-09 1.98947e-08
16.275 1.7852e-09 1.93169e-08
16.3 1.74843e-09 1.87433e-08
16.325 1.71128e-09 1.81743e-08
16.35 1.67381e-09 1.76109e-08
16.375 1.63608e-09 1.70535e-08
16.4 1.59815e-09 1.6503e-08
16.425 1.56008e-09 1.59597e-08
16.45 1.52193e-09 1.54244e-08
16.475 1.48375e-09 1.48973e-08
16.5 1.44559e-09 1.43791e-08
16.525 1.4075e-09 1.38701e-08
16.55 1.36954e-09 1.33707e-08
16.575 1.33175e-09 1.28812e-08
16.6 1.29419e-09 1.24019e-08
16.625 1.25688e-09 1.1933e-08
16.65 1.21989e-09 1.14749e-08
16.675 1.18323e-09 1.10276e-08
16.7 1.14697e-09 1.05913e-08
16.725 1.11112e-09 1.01662e-08
16.75 1.07573e-09 9.75224e-09
16.775 1.04082e-09 9.34962e-09
16.8 1.00643e-09 8.95834e-09
16.825 9.72575e-10 8.57838e-09
16.85 9.39291e-10 8.20975e-09
16.875 9.06597e-10 7.8524e-09
16.9 8.74513e-10 7.50628e-09
16.925 8.43058e-10 7.17129e-09
16.95 8.1225e-10 6.84735e-09
16.975 7.82101e-10 6.53433e-09
17 7.52626e-10 6.23211e-09
17.025 7.23835e-10 5.94053e-09
17.05 6.95737e-10 5.65943e-09
17.075 6.68339e-10 5.38863e-09
17.1 6.41647e-10 5.12797e-09
17.125 6.15665e-10 4.87723e-09
17.15 5.90394e-10 4.63621e-09
17.175 5.65835e-10 4.40471e-09
17.2 5.41989e-10 4.1825e-09
17.225 5.18853e-10 3.96936e-09
17.25 4.96423e-10 3.76507e-09
17.275 4.74695e-10 3.56938e-09
17.3 4.53664e-10 3.38207e-09
17.325 4.33323e-10 3.20289e-09
17.35 4.13663e-10 3.03161e-09
17.375 3.94677e-10 2.86798e-09
17.4 3.76355e-10 2.71177e-09
17.425 3.58687e-10 2.56274e-09
17.45 3.41661e-10 2.42065e-09
17.475 3.25267e-10 2.28526e-09
17.5 3.09492e-10 2.15633e-09
17.525 2.94323e-10 2.03364e-09
17.55 2.79747e-10 1.91695e-09
17.575 2.65751e-10 1.80605e-09
17.6 2.52321e-10 1.7007e-09
17.625 2.39443e-10 1.60069e-09
17.65 2.27103e-10 1.50581e-09
17.675 2.15285e-10 1.41585e-09
17.7 2.03975e-10 1.3306e-09
17.725 1.93159e-10 1.24986e-09
17.75 1.82821e-10 1.17345e-09
17.775 1.72948e-10 1.10116e-09
17.8 1.63523e-10 1.03282e-09
17.825 1.54533e-10 9.68255e-10
17.85 1.45962e-10 9.07281e-10
17.875 1.37797e-10 8.49735e-10
17.9 1.30023e-10 7.95455e-10
17.925 1.22625e-10 7.44285e-10
17.95 1.1559e-10 6.96072e-10
17.975 1.08905e-10 6.50671e-10
18 1.02555e-10 6.07941e-10
18.025 9.6527e-11 5.67748e-10
18.05 9.08086e-11 5.29962e-10
18.075 8.53869e-11 4.94456e-10
18.1 8.02496e-11 4.61113e-10
18.125 7.53845e-11 4.29816e-10
18.15 7.07798e-11 4.00456e-10
18.175 6.64242e-11 3.72928e-10
18.2 6.23065e-11 3.47131e-10
18.225 5.8416e-11 3.22968e-10
18.25 5.47421e-11 3.00349e-10
18.275 5.12747e-11 2.79185e-10
18.3 4.80042e-11 2.59393e-10
18.325 4.49209e-11 2.40893e-10
18.35 4.20158e-11 2.23611e-10
18.375 3.928e-11 2.07474e-10
18.4 3.67052e-11 1.92414e-10
18.425 3.42831e-11 1.78366e-10
18.45 3.20059e-11 1.65269e-10
18.475 2.98661e-11 1.53065e-10
18.5 2.78565e-11 1.41698e-10
18.525 2.59701e-11 1.31116e-10
18.55 2.42004e-11 1.2127e-10
18.575 2.25409e-11 1.12114e-10
18.6 2.09856e-11 1.03602e-10
18.625 1.95288e-11 9.56942e-11
18.65 1.81648e-11 8.83506e-11
18.675 1.68885e-11 8.15345e-11
18.7 1.56948e-11 7.5211e-11
18.725 1.45789e-11 6.93473e-11
18.75 1.35363e-11 6.39127e-11
18.775 1.25626e-11 5.8878e-11
18.8 1.16538e-11 5.42162e-11
18.825 1.0806e-11 4.99017e-11
18.85 1.00154e-11 4.59105e-11
18.875 9.27859e-12 4.222e-11
18.9 8.5922e-12 3.88094e-11
18.925 7.9531e-12 3.56588e-11
18.95 7.35833e-12 3.27497e-11
18.975 6.80507e-12 3.0065e-11
19 6.29069e-12 2.75885e-11
19.025 5.81267e-12 2.5305e-11
19.05 5.36867e-12 2.32005e-11
19.075 4.95645e-12 2.1262e-11
19.1 4.57392e-12 1.9477e-11
19.125 4.21911e-12 1.78343e-11
19.15 3.89017e-12 1.63231e-11
19.175 3.58535e-12 1.49336e-11
19.2 3.30301e-12 1.36565e-11
19.225 3.04163e-12 1.24834e-11
19.25 2.79975e-12 1.14062e-11
19.275 2.57602e-12 1.04175e-11
19.3 2.36918e-12 9.51043e-12
19.325 2.17804e-12 8.6787e-12
19.35 2.00149e-12 7.91636e-12
19.375 1.83848e-12 7.21793e-12
19.4 1.68805e-12 6.57834e-12
19.425 1.54929e-12 5.9929e-12
19.45 1.42135e-12 5.45727e-12
19.475 1.30344e-12 4.96742e-12
19.5 1.19482e-12 4.51964e-12
19.525 1.09481e-12 4.1105e-12
19.55 1.00276e-12 3.73682e-12
19.575 9.18074e-13 3.3957e-12
19.6 8.40201e-13 3.08442e-12
19.625 7.68622e-13 2.80051e-12
19.65 7.02858e-13 2.54166e-12
19.675 6.42463e-13 2.30578e-12
19.7 5.87021e-13 2.09092e-12
19.725 5.36149e-13 1.89528e-12
19.75 4.89491e-13 1.71724e-12
19.775 4.46715e-13 1.55527e-12
19.8 4.07515e-13 1.408e-12
19.825 3.71608e-13 1.27413e-12
19.85 3.3873e-13 1.15252e-12
19.875 3.0864e-13 1.04208e-12
19.9 2.81112e-13 9.41831e-13
19.925 2.55939e-13 8.50873e-13
19.95 2.32929e-13 7.68379e-13
19.975 2.11905e-13 6.93596e-13
20 1.92704e-13 6.2583e-13
