0 0.134787 0.143287 -0.0399361 0.0516755
0.025 0.134787 0.143287 -0.0399361 0.0516755
0.05 0.13479 0.143291 -0.039901 0.0516949
0.075 0.134797 0.143297 -0.0398427 0.0517271
0.1 0.134805 0.143305 -0.0397611 0.0517721
0.125 0.134816 0.143316 -0.0396567 0.0518298
0.15 0.13483 0.14333 -0.0395296 0.0519
0.175 0.134846 0.143345 -0.0393801 0.0519827
0.2 0.134865 0.143364 -0.0392088 0.0520776
0.225 0.134886 0.143385 -0.0390159 0.0521845
0.25 0.13491 0.143408 -0.038802 0.0523031
0.275 0.134937 0.143434 -0.0385676 0.0524334
0.3 0.134966 0.143463 -0.0383134 0.0525748
0.325 0.134998 0.143494 -0.0380399 0.0527272
0.35 0.135033 0.143528 -0.037748 0.0528902
0.375 0.135071 0.143565 -0.0374383 0.0530634
0.4 0.135112 0.143605 -0.0371116 0.0532465
0.425 0.135155 0.143647 -0.0367687 0.0534391
0.45 0.135202 0.143692 -0.0364106 0.0536407
0.475 0.135251 0.14374 -0.036038 0.0538509
0.5 0.135304 0.143791 -0.035652 0.0540693
0.525 0.13536 0.143844 -0.0352535 0.0542953
0.55 0.135419 0.143901 -0.0348435 0.0545285
0.575 0.135481 0.14396 -0.0344231 0.0547684
0.6 0.135545 0.144022 -0.0339931 0.0550144
0.625 0.135614 0.144087 -0.0335548 0.055266
0.65 0.135685 0.144155 -0.0331091 0.0555227
0.675 0.135759 0.144225 -0.0326572 0.0557839
0.7 0.135836 0.144298 -0.0322001 0.056049
0.725 0.135916 0.144374 -0.031739 0.0563174
0.75 0.135999 0.144452 -0.0312749 0.0565887
0.775 0.136085 0.144533 -0.0308089 0.0568621
0.8 0.136173 0.144616 -0.0303422 0.0571371
0.825 0.136265 0.144702 -0.0298757 0.0574131
0.85 0.136358 0.14479 -0.0294106 0.0576896
0.875 0.136454 0.14488 -0.0289479 0.0579659
0.9 0.136553 0.144971 -0.0284887 0.0582413
0.925 0.136653 0.145065 -0.028034 0.0585155
0.95 0.136756 0.14516 -0.0275848 0.0587877
0.975 0.13686 0.145257 -0.0271421 0.0590574
1 0.136966 0.145355 -0.0267067 0.059324
1.025 0.137073 0.145454 -0.0262797 0.059587
1.05 0.137181 0.145554 -0.0258619 0.0598459
1.075 0.13729 0.145654 -0.0254542 0.0601
1.1 0.1374 0.145755 -0.0250573 0.060349
1.125 0.13751 0.145856 -0.024672 0.0605922
1.15 0.137621 0.145957 -0.024299 0.0608292
1.175 0.137731 0.146058 -0.0239391 0.0610596
1.2 0.137841 0.146159 -0.0235929 0.0612829
1.225 0.13795 0.146258 -0.0232609 0.0614986
1.25 0.138058 0.146357 -0.0229437 0.0617064
1.275 0.138165 0.146454 -0.0226418 0.061906
1.3 0.138271 0.146549 -0.0223556 0.0620968
1.325 0.138374 0.146643 -0.0220855 0.0622787
1.35 0.138476 0.146735 -0.0218319 0.0624513
1.375 0.138575 0.146824 -0.0215949 0.0626144
1.4 0.138671 0.14691 -0.021375 0.0627677
1.425 0.138764 0.146994 -0.0211721 0.062911
1.45 0.138854 0.147075 -0.0209865 0.0630441
1.475 0.138941 0.147152 -0.0208182 0.0631668
1.5 0.139023 0.147225 -0.0206672 0.0632791
1.525 0.139101 0.147295 -0.0205335 0.0633809
1.55 0.139175 0.147361 -0.020417 0.063472
1.575 0.139245 0.147422 -0.0203175 0.0635525
1.6 0.139309 0.14748 -0.0202349 0.0636223
1.625 0.139369 0.147532 -0.0201689 0.0636816
1.65 0.139423 0.14758 -0.0201192 0.0637304
1.675 0.139472 0.147623 -0.0200854 0.0637687
1.7 0.139515 0.147661 -0.0200672 0.0637968
1.725 0.139552 0.147694 -0.0200642 0.0638147
1.75 0.139584 0.147721 -0.0200759 0.0638228
1.775 0.13961 0.147744 -0.0201017 0.0638212
1.8 0.13963 0.147761 -0.0201411 0.0638101
1.825 0.139643 0.147773 -0.0201936 0.0637899
1.85 0.139651 0.14778 -0.0202584 0.0637609
1.875 0.139653 0.147782 -0.020335 0.0637235
1.9 0.139649 0.147779 -0.0204227 0.0636779
1.925 0.139639 0.14777 -0.0205207 0.0636247
1.95 0.139623 0.147757 -0.0206283 0.0635642
1.975 0.139602 0.147739 -0.0207448 0.0634969
2 0.139575 0.147716 -0.0208694 0.0634232
2.025 0.139542 0.147689 -0.0210013 0.0633437
2.05 0.139505 0.147657 -0.0211397 0.0632589
2.075 0.139462 0.147622 -0.0212837 0.0631692
2.1 0.139415 0.147583 -0.0214326 0.0630752
2.125 0.139364 0.147541 -0.0215855 0.0629776
2.15 0.139308 0.147495 -0.0217416 0.0628768
2.175 0.139249 0.147447 -0.0219001 0.0627734
2.2 0.139187 0.147396 -0.02206 0.062668
2.225 0.139122 0.147343 -0.0222207 0.0625613
2.25 0.139054 0.147289 -0.0223812 0.0624538
2.275 0.138984 0.147233 -0.0225409 0.0623462
2.3 0.138912 0.147177 -0.0226988 0.062239
2.325 0.13884 0.14712 -0.0228542 0.0621329
2.35 0.138767 0.147063 -0.0230063 0.0620284
2.375 0.138694 0.147007 -0.0231544 0.0619262
2.4 0.138621 0.146952 -0.0232979 0.0618268
2.425 0.138549 0.146898 -0.0234359 0.0617309
2.45 0.138479 0.146846 -0.0235679 0.0616391
2.475 0.138411 0.146797 -0.0236931 0.0615518
2.5 0.138345 0.14675 -0.0238111 0.0614697
2.525 0.138283 0.146708 -0.0239211 0.0613932
2.55 0.138225 0.146669 -0.0240228 0.061323
2.575 0.138171 0.146634 -0.0241156 0.0612595
2.6 0.138122 0.146605 -0.0241989 0.0612031
2.625 0.138079 0.146581 -0.0242725 0.0611544
2.65 0.138042 0.146563 -0.0243358 0.0611137
2.675 0.138011 0.146552 -0.0243886 0.0610815
2.7 0.137988 0.146547 -0.0244305 0.0610582
2.725 0.137972 0.146549 -0.0244614 0.0610441
2.75 0.137965 0.14656 -0.0244809 0.0610394
2.775 0.137967 0.146578 -0.0244888 0.0610446
2.8 0.137978 0.146605 -0.0244851 0.0610598
2.825 0.137998 0.14664 -0.0244696 0.0610853
2.85 0.138029 0.146685 -0.0244423 0.0611212
2.875 0.13807 0.146739 -0.0244032 0.0611678
2.9 0.138122 0.146802 -0.0243523 0.0612251
2.925 0.138185 0.146876 -0.0242897 0.0612931
2.95 0.13826 0.14696 -0.0242154 0.0613721
2.975 0.138346 0.147053 -0.0241297 0.0614618
3 0.138445 0.147157 -0.0240327 0.0615623
3.025 0.138555 0.147272 -0.0239247 0.0616736
3.05 0.138678 0.147397 -0.0238059 0.0617954
3.075 0.138813 0.147532 -0.0236766 0.0619277
3.1 0.13896 0.147678 -0.0235372 0.0620702
3.125 0.13912 0.147833 -0.023388 0.0622227
3.15 0.139292 0.147999 -0.0232294 0.062385
3.175 0.139475 0.148175 -0.0230619 0.0625566
3.2 0.139671 0.148361 -0.0228859 0.0627373
3.225 0.139879 0.148555 -0.0227019 0.0629267
3.25 0.140098 0.148759 -0.0225104 0.0631243
3.275 0.140327 0.148971 -0.022312 0.0633297
3.3 0.140568 0.149192 -0.0221071 0.0635424
3.325 0.140818 0.14942 -0.0218964 0.0637618
3.35 0.141078 0.149655 -0.0216804 0.0639873
3.375 0.141347 0.149897 -0.0214597 0.0642184
3.4 0.141625 0.150144 -0.0212349 0.0644545
3.425 0.14191 0.150396 -0.0210067 0.0646948
3.45 0.142202 0.150653 -0.0207757 0.0649387
3.475 0.1425 0.150913 -0.0205424 0.0651855
3.5 0.142803 0.151176 -0.0203076 0.0654343
3.525 0.14311 0.151441 -0.0200718 0.0656845
3.55 0.143421 0.151706 -0.0198357 0.0659353
3.575 0.143734 0.151972 -0.0196 0.0661858
3.6 0.144048 0.152236 -0.0193651 0.0664352
3.625 0.144363 0.152497 -0.0191318 0.0666827
3.65 0.144676 0.152755 -0.0189006 0.0669274
3.675 0.144986 0.153009 -0.0186722 0.0671684
3.7 0.145294 0.153257 -0.018447 0.0674048
3.725 0.145596 0.153497 -0.0182257 0.0676358
3.75 0.145892 0.15373 -0.0180088 0.0678605
3.775 0.14618 0.153953 -0.0177969 0.0680779
3.8 0.146459 0.154165 -0.0175903 0.0682871
3.825 0.146728 0.154364 -0.0173896 0.0684873
3.85 0.146985 0.15455 -0.0171953 0.0686776
3.875 0.147229 0.154722 -0.0170078 0.0688569
3.9 0.147458 0.154877 -0.0168274 0.0690245
3.925 0.14767 0.155014 -0.0166546 0.0691795
3.95 0.147865 0.155132 -0.0164897 0.069321
3.975 0.148041 0.155229 -0.016333 0.0694482
4 0.148195 0.155305 -0.0161848 0.0695601
4.025 0.148328 0.155357 -0.0160454 0.069656
4.05 0.148436 0.155385 -0.0159149 0.0697352
4.075 0.14852 0.155387 -0.0157935 0.0697967
4.1 0.148576 0.155361 -0.0156815 0.0698399
4.125 0.148605 0.155307 -0.0155789 0.069864
4.15 0.148604 0.155223 -0.0154859 0.0698684
4.175 0.148572 0.155107 -0.0154024 0.0698524
4.2 0.148508 0.154959 -0.0153285 0.0698153
4.225 0.14841 0.154777 -0.0152642 0.0697566
4.25 0.148278 0.154561 -0.0152094 0.0696756
4.275 0.14811 0.154308 -0.0151641 0.069572
4.3 0.147904 0.154018 -0.0151282 0.0694451
4.325 0.14766 0.153691 -0.0151015 0.0692946
4.35 0.147377 0.153324 -0.0150838 0.06912
4.375 0.147054 0.152917 -0.015075 0.068921
4.4 0.14669 0.152469 -0.0150748 0.0686973
4.425 0.146283 0.15198 -0.015083 0.0684487
4.45 0.145834 0.151449 -0.0150992 0.0681748
4.475 0.145342 0.150875 -0.0151232 0.0678757
4.5 0.144805 0.150257 -0.0151547 0.067551
4.525 0.144223 0.149595 -0.0151932 0.0672008
4.55 0.143597 0.148889 -0.0152385 0.066825
4.575 0.142925 0.148138 -0.01529 0.0664237
4.6 0.142207 0.147341 -0.0153475 0.065997
4.625 0.141444 0.1465 -0.0154103 0.0655449
4.65 0.140634 0.145614 -0.0154782 0.0650677
4.675 0.139778 0.144682 -0.0155506 0.0645656
4.7 0.138876 0.143705 -0.0156271 0.0640388
4.725 0.137928 0.142683 -0.0157071 0.0634877
4.75 0.136935 0.141616 -0.0157902 0.0629127
4.775 0.135897 0.140504 -0.0158759 0.0623141
4.8 0.134813 0.139349 -0.0159636 0.0616925
4.825 0.133685 0.138149 -0.0160528 0.0610483
4.85 0.132514 0.136907 -0.016143 0.0603822
4.875 0.131299 0.135623 -0.0162338 0.0596947
4.9 0.130042 0.134297 -0.0163245 0.0589864
4.925 0.128743 0.132931 -0.0164147 0.058258
4.95 0.127405 0.131524 -0.0165038 0.0575102
4.975 0.126026 0.130079 -0.0165914 0.0567439
5 0.124609 0.128596 -0.0166769 0.0559597
5.025 0.123155 0.127077 -0.0167599 0.0551585
5.05 0.121665 0.125522 -0.0168399 0.0543411
5.075 0.120141 0.123933 -0.0169164 0.0535084
5.1 0.118583 0.122312 -0.016989 0.0526613
5.125 0.116993 0.120659 -0.0170572 0.0518007
5.15 0.115372 0.118976 -0.0171206 0.0509276
5.175 0.113723 0.117264 -0.0171788 0.0500428
5.2 0.112047 0.115526 -0.0172315 0.0491474
5.225 0.110344 0.113763 -0.0172782 0.0482424
5.25 0.108618 0.111976 -0.0173186 0.0473288
5.275 0.10687 0.110167 -0.0173524 0.0464075
5.3 0.1051 0.108338 -0.0173792 0.0454796
5.325 0.103312 0.106491 -0.0173989 0.044546
5.35 0.101507 0.104627 -0.0174111 0.0436079
5.375 0.099687 0.102748 -0.0174157 0.0426661
5.4 0.0978532 0.100856 -0.0174123 0.0417218
5.425 0.0960078 0.0989525 -0.0174008 0.0407758
5.45 0.0941526 0.0970397 -0.0173811 0.0398293
5.475 0.0922895 0.0951192 -0.017353 0.0388831
5.5 0.0904201 0.0931928 -0.0173164 0.0379382
5.525 0.0885464 0.0912625 -0.0172712 0.0369956
5.55 0.0866702 0.0893298 -0.0172174 0.0360562
5.575 0.0847931 0.0873967 -0.0171549 0.0351209
5.6 0.082917 0.0854649 -0.0170837 0.0341906
5.625 0.0810436 0.0835361 -0.0170038 0.0332662
5.65 0.0791745 0.0816121 -0.0169153 0.0323484
5.675 0.0773116 0.0796944 -0.0168181 0.0314382
5.7 0.0754562 0.0777848 -0.0167125 0.0305362
5.725 0.0736102 0.0758849 -0.0165985 0.0296432
5.75 0.071775 0.0739961 -0.0164762 0.02876
5.775 0.0699521 0.0721201 -0.0163457 0.0278872
5.8 0.0681429 0.0702583 -0.0162073 0.0270255
5.825 0.066349 0.068412 -0.0160611 0.0261755
5.85 0.0645715 0.0665828 -0.0159073 0.0253378
5.875 0.0628119 0.0647718 -0.0157461 0.0245129
5.9 0.0610713 0.0629804 -0.0155777 0.0237013
5.925 0.0593509 0.0612097 -0.0154025 0.0229036
5.95 0.0576519 0.0594609 -0.0152207 0.0221201
5.975 0.0559753 0.0577351 -0.0150325 0.0213513
6 0.0543221 0.0560333 -0.0148382 0.0205975
6.025 0.0526932 0.0543564 -0.0146381 0.0198591
6.05 0.0510895 0.0527053 -0.0144326 0.0191363
6.075 0.0495119 0.0510809 -0.0142219 0.0184295
6.1 0.047961 0.0494839 -0.0140064 0.0177387
6.125 0.0464375 0.047915 -0.0137864 0.0170643
6.15 0.0449421 0.0463748 -0.0135621 0.0164063
6.175 0.0434753 0.044864 -0.0133341 0.015765
6.2 0.0420376 0.043383 -0.0131025 0.0151402
6.225 0.0406295 0.0419323 -0.0128678 0.0145323
6.25 0.0392512 0.0405123 -0.0126303 0.013941
6.275 0.0379032 0.0391233 -0.0123902 0.0133665
6.3 0.0365857 0.0377655 -0.0121481 0.0128087
6.325 0.0352988 0.0364392 -0.0119041 0.0122675
6.35 0.0340427 0.0351445 -0.0116586 0.0117429
6.375 0.0328175 0.0338815 -0.011412 0.0112348
6.4 0.0316233 0.0326503 -0.0111646 0.0107429
6.425 0.03046 0.0314509 -0.0109166 0.0102671
6.45 0.0293275 0.0302831 -0.0106684 0.00980734
6.475 0.0282258 0.029147 -0.0104204 0.0093633
6.5 0.0271548 0.0280423 -0.0101727 0.00893478
6.525 0.0261141 0.0269689 -0.00992574 0.00852156
6.55 0.0251036 0.0259265 -0.00967973 0.00812337
6.575 0.0241231 0.0249148 -0.00943494 0.00773995
6.6 0.0231721 0.0239337 -0.00919164 0.00737101
6.625 0.0222504 0.0229826 -0.00895008 0.00701626
6.65 0.0213577 0.0220613 -0.00871049 0.00667539
6.675 0.0204934 0.0211693 -0.00847309 0.0063481
6.7 0.0196572 0.0203062 -0.00823811 0.00603405
6.725 0.0188486 0.0194716 -0.00800574 0.00573291
6.75 0.0180672 0.0186649 -0.00777618 0.00544436
6.775 0.0173125 0.0178857 -0.00754959 0.00516805
6.8 0.0165839 0.0171334 -0.00732617 0.00490363
6.825 0.015881 0.0164076 -0.00710604 0.00465076
6.85 0.0152031 0.0157076 -0.00688937 0.0044091
6.875 0.0145498 0.0150329 -0.00667628 0.00417829
6.9 0.0139204 0.0143829 -0.0064669 0.00395798
6.925 0.0133145 0.013757 -0.00626132 0.00374783
6.95 0.0127313 0.0131546 -0.00605966 0.00354748
6.975 0.0121704 0.0125752 -0.00586198 0.00335661
7 0.0116312 0.0120181 -0.00566838 0.00317487
7.025 0.011113 0.0114827 -0.00547892 0.00300191
7.05 0.0106152 0.0109685 -0.00529364 0.00283742
7.075 0.0101373 0.0104747 -0.0051126 0.00268106
7.1 0.00967875 0.0100009 -0.00493582 0.00253252
7.125 0.00923885 0.0095463 -0.00476334 0.00239148
7.15 0.00881706 0.00911042 -0.00459516 0.00225763
7.175 0.0084128 0.00869265 -0.0044313 0.00213067
7.2 0.0080255 0.00829238 -0.00427176 0.00201031
7.225 0.00765459 0.00790904 -0.00411653 0.00189626
7.25 0.00729952 0.00754206 -0.00396558 0.00178824
7.275 0.00695974 0.00719086 -0.0038189 0.00168598
7.3 0.00663471 0.0068549 -0.00367646 0.00158922
7.325 0.00632389 0.00653362 -0.00353822 0.0014977
7.35 0.00602676 0.00622649 -0.00340414 0.00141117
7.375 0.00574283 0.00593298 -0.00327417 0.00132941
7.4 0.00547158 0.00565259 -0.00314826 0.00125216
7.425 0.00521254 0.0053848 -0.00302636 0.00117922
7.45 0.00496522 0.00512913 -0.00290839 0.00111037
7.475 0.00472917 0.0048851 -0.0027943 0.0010454
7.5 0.00450393 0.00465225 -0.00268402 0.000984113
7.525 0.00428907 0.00443012 -0.00257748 0.000926321
7.55 0.00408416 0.00421827 -0.00247459 0.00087184
7.575 0.00388878 0.00401628 -0.00237529 0.000820496
7.6 0.00370255 0.00382374 -0.0022795 0.000772121
7.625 0.00352506 0.00364024 -0.00218713 0.000726555
7.65 0.00335594 0.0034654 -0.00209811 0.000683645
7.675 0.00319483 0.00329883 -0.00201234 0.000643246
7.7 0.00304139 0.00314019 -0.00192975 0.000605218
7.725 0.00289526 0.00298912 -0.00185026 0.00056943
7.75 0.00275613 0.00284527 -0.00177376 0.000535754
7.775 0.00262368 0.00270834 -0.00170019 0.000504072
7.8 0.00249761 0.002578 -0.00162946 0.000474269
7.825 0.00237762 0.00245395 -0.00156148 0.000446238
7.85 0.00226344 0.00233591 -0.00149616 0.000419875
7.875 0.0021548 0.00222359 -0.00143342 0.000395084
7.9 0.00205143 0.00211673 -0.00137319 0.000371773
7.925 0.0019531 0.00201508 -0.00131537 0.000349854
7.95 0.00185956 0.00191838 -0.00125989 0.000329245
7.975 0.00177058 0.0018264 -0.00120666 0.000309868
8 0.00168595 0.00173892 -0.00115562 0.000291651
8.025 0.00160546 0.00165572 -0.00110667 0.000274522
8.05 0.0015289 0.00157659 -0.00105975 0.000258418
8.075 0.0014561 0.00150134 -0.00101478 0.000243275
8.1 0.00138686 0.00142977 -0.000971697 0.000229037
8.125 0.00132101 0.00136171 -0.000930418 0.000215648
8.15 0.00125838 0.00129699 -0.000890879 0.000203056
8.175 0.00119882 0.00123544 -0.000853013 0.000191213
8.2 0.00114217 0.0011769 -0.000816755 0.000180074
8.225 0.0010883 0.00112123 -0.000782041 0.000169596
8.25 0.00103705 0.00106828 -0.000748809 0.000159738
8.275 0.000988309 0.00101792 -0.000717001 0.000150462
8.3 0.000941942 0.000970024 -0.000686558 0.000141733
8.325 0.000897833 0.000924459 -0.000657423 0.000133518
8.35 0.00085587 0.000881113 -0.000629543 0.000125785
8.375 0.000815943 0.000839876 -0.000602866 0.000118505
8.4 0.000777953 0.000800641 -0.00057734 0.00011165
8.425 0.0007418 0.000763308 -0.000552918 0.000105195
8.45 0.000707394 0.000727782 -0.000529551 9.91156e-05
8.475 0.000674646 0.000693972 -0.000507195 9.33887e-05
8.5 0.000643474 0.000661792 -0.000485806 8.79932e-05
8.525 0.000613797 0.00063116 -0.000465341 8.29094e-05
8.55 0.000585542 0.000601999 -0.000445762 7.81185e-05
8.575 0.000558637 0.000574235 -0.000427029 7.3603e-05
8.6 0.000533015 0.000547797 -0.000409104 6.93467e-05
8.625 0.00050861 0.00052262 -0.000391952 6.5334e-05
8.65 0.000485363 0.000498641 -0.00037554 6.15508e-05
8.675 0.000463216 0.0004758 -0.000359833 5.79834e-05
8.7 0.000442114 0.00045404 -0.000344801 5.46193e-05
8.725 0.000422005 0.000433307 -0.000330414 5.14466e-05
8.75 0.00040284 0.000413551 -0.000316642 4.84543e-05
8.775 0.000384572 0.000394723 -0.000303459 4.56318e-05
8.8 0.000367157 0.000376777 -0.000290838 4.29696e-05
8.825 0.000350553 0.000359671 -0.000278754 4.04584e-05
8.85 0.000334721 0.000343362 -0.000267182 3.80896e-05
8.875 0.000319621 0.000327811 -0.000256101 3.58551e-05
8.9 0.00030522 0.000312982 -0.000245487 3.37473e-05
8.925 0.000291482 0.00029884 -0.000235321 3.17592e-05
8.95 0.000278376 0.00028535 -0.000225582 2.98841e-05
8.975 0.000265872 0.000272482 -0.000216251 2.81155e-05
9 0.000253939 0.000260205 -0.00020731 2.64477e-05
9.025 0.000242551 0.000248492 -0.000198742 2.48749e-05
9.05 0.000231682 0.000237314 -0.00019053 2.3392e-05
9.075 0.000221307 0.000226647 -0.000182659 2.1994e-05
9.1 0.000211402 0.000216466 -0.000175113 2.06762e-05
9.125 0.000201946 0.000206748 -0.000167879 1.94342e-05
9.15 0.000192917 0.000197471 -0.000160943 1.82639e-05
9.175 0.000184295 0.000188615 -0.000154292 1.71613e-05
9.2 0.000176061 0.000180159 -0.000147913 1.61227e-05
9.225 0.000168197 0.000172085 -0.000141796 1.51446e-05
9.25 0.000160686 0.000164375 -0.000135928 1.42236e-05
9.275 0.000153512 0.000157013 -0.000130299 1.33567e-05
9.3 0.000146659 0.000149981 -0.000124899 1.25409e-05
9.325 0.000140112 0.000143266 -0.000119719 1.17733e-05
9.35 0.000133857 0.000136851 -0.000114749 1.10513e-05
9.375 0.000127881 0.000130725 -0.00010998 1.03724e-05
9.4 0.000122172 0.000124872 -0.000105404 9.7341e-06
9.425 0.000116717 0.000119282 -0.000101013 9.13425e-06
9.45 0.000111504 0.000113942 -9.68002e-05 8.57066e-06
9.475 0.000106523 0.00010884 -9.27572e-05 8.0413e-06
9.5 0.000101764 0.000103966 -8.88776e-05 7.54424e-06
9.525 9.72166e-05 9.93099e-05 -8.51546e-05 7.07765e-06
9.55 9.28711e-05 9.48616e-05 -8.15821e-05 6.63978e-06
9.575 8.87186e-05 9.0612e-05 -7.8154e-05 6.22901e-06
9.6 8.47506e-05 8.6552e-05 -7.48645e-05 5.84376e-06
9.625 8.09589e-05 8.26733e-05 -7.17081e-05 5.48256e-06
9.65 7.73359e-05 7.89677e-05 -6.86797e-05 5.14402e-06
9.675 7.38739e-05 7.54277e-05 -6.57741e-05 4.82679e-06
9.7 7.05659e-05 7.20457e-05 -6.29865e-05 4.52963e-06
9.725 6.74052e-05 6.8815e-05 -6.03123e-05 4.25134e-06
9.75 6.43853e-05 6.57287e-05 -5.77472e-05 3.99079e-06
9.775 6.15e-05 6.27806e-05 -5.52867e-05 3.74692e-06
9.8 5.87435e-05 5.99644e-05 -5.2927e-05 3.51872e-06
9.825 5.611e-05 5.72745e-05 -5.0664e-05 3.30523e-06
9.85 5.35943e-05 5.47052e-05 -4.8494e-05 3.10555e-06
9.875 5.11911e-05 5.22512e-05 -4.64135e-05 2.91882e-06
9.9 4.88956e-05 4.99075e-05 -4.4419e-05 2.74424e-06
9.925 4.6703e-05 4.76692e-05 -4.25071e-05 2.58105e-06
9.95 4.46089e-05 4.55317e-05 -4.06747e-05 2.42851e-06
9.975 4.2609e-05 4.34905e-05 -3.89186e-05 2.28597e-06
10 4.06991e-05 4.15415e-05 -3.7236e-05 2.15277e-06
10.025 3.88753e-05 3.96805e-05 -3.56239e-05 2.02831e-06
10.05 3.71339e-05 3.79038e-05 -3.40797e-05 1.91203e-06
10.075 3.54712e-05 3.62074e-05 -3.26007e-05 1.80339e-06
10.1 3.38838e-05 3.45881e-05 -3.11843e-05 1.70188e-06
10.125 3.23684e-05 3.30422e-05 -2.98281e-05 1.60703e-06
10.15 3.09219e-05 3.15666e-05 -2.85298e-05 1.5184e-06
10.175 2.95411e-05 3.01582e-05 -2.7287e-05 1.43556e-06
10.2 2.82231e-05 2.88139e-05 -2.60977e-05 1.35812e-06
10.225 2.69653e-05 2.7531e-05 -2.49595e-05 1.28572e-06
10.25 2.5765e-05 2.63066e-05 -2.38706e-05 1.218e-06
10.275 2.46195e-05 2.51383e-05 -2.2829e-05 1.15464e-06
10.3 2.35264e-05 2.40234e-05 -2.18327e-05 1.09533e-06
10.325 2.24835e-05 2.29596e-05 -2.088e-05 1.0398e-06
10.35 2.14884e-05 2.19445e-05 -1.9969e-05 9.87769e-07
10.375 2.05391e-05 2.09761e-05 -1.90981e-05 9.38992e-07
10.4 1.96334e-05 2.00521e-05 -1.82657e-05 8.93235e-07
10.425 1.87694e-05 1.91706e-05 -1.74701e-05 8.50279e-07
10.45 1.79451e-05 1.83297e-05 -1.67098e-05 8.09922e-07
10.475 1.71589e-05 1.75274e-05 -1.59834e-05 7.71973e-07
10.5 1.64089e-05 1.6762e-05 -1.52895e-05 7.36257e-07
10.525 1.56936e-05 1.60319e-05 -1.46267e-05 7.02607e-07
10.55 1.50112e-05 1.53355e-05 -1.39937e-05 6.70872e-07
10.575 1.43604e-05 1.4671e-05 -1.33892e-05 6.4091e-07
10.6 1.37396e-05 1.40372e-05 -1.28121e-05 6.12588e-07
10.625 1.31474e-05 1.34326e-05 -1.2261e-05 5.85784e-07
10.65 1.25826e-05 1.28558e-05 -1.1735e-05 5.60386e-07
10.675 1.20439e-05 1.23055e-05 -1.1233e-05 5.3629e-07
10.7 1.15299e-05 1.17806e-05 -1.07538e-05 5.13398e-07
10.725 1.10397e-05 1.12797e-05 -1.02965e-05 4.91621e-07
10.75 1.05721e-05 1.08019e-05 -9.86013e-06 4.7088e-07
10.775 1.01259e-05 1.03459e-05 -9.44375e-06 4.51097e-07
10.8 9.70028e-06 9.9109e-06 -9.04648e-06 4.32206e-07
10.825 9.29416e-06 9.49574e-06 -8.66746e-06 4.14142e-07
10.85 8.90665e-06 9.09955e-06 -8.30586e-06 3.96849e-07
10.875 8.53687e-06 8.72143e-06 -7.96089e-06 3.80273e-07
10.9 8.18396e-06 8.36052e-06 -7.63178e-06 3.64369e-07
10.925 7.84713e-06 8.01601e-06 -7.31782e-06 3.49093e-07
10.95 7.52561e-06 7.68711e-06 -7.0183e-06 3.34405e-07
10.975 7.21868e-06 7.37309e-06 -6.73255e-06 3.2027e-07
11 6.92562e-06 7.07324e-06 -6.45992e-06 3.06657e-07
11.025 6.64578e-06 6.78687e-06 -6.1998e-06 2.93538e-07
11.05 6.37852e-06 6.51336e-06 -5.95159e-06 2.80886e-07
11.075 6.12325e-06 6.25208e-06 -5.71472e-06 2.68679e-07
11.1 5.87937e-06 6.00245e-06 -5.48865e-06 2.56897e-07
11.125 5.64635e-06 5.76391e-06 -5.27287e-06 2.45521e-07
11.15 5.42366e-06 5.53593e-06 -5.06686e-06 2.34535e-07
11.175 5.21081e-06 5.31801e-06 -4.87016e-06 2.23924e-07
11.2 5.00732e-06 5.10966e-06 -4.68231e-06 2.13676e-07
11.225 4.81273e-06 4.91042e-06 -4.50287e-06 2.03779e-07
11.25 4.62663e-06 4.71987e-06 -4.33142e-06 1.94223e-07
11.275 4.4486e-06 4.53757e-06 -4.16757e-06 1.84999e-07
11.3 4.27825e-06 4.36313e-06 -4.01094e-06 1.76098e-07
11.325 4.11521e-06 4.19618e-06 -3.86116e-06 1.67513e-07
11.35 3.95912e-06 4.03636e-06 -3.71789e-06 1.59236e-07
11.375 3.80967e-06 3.88333e-06 -3.5808e-06 1.51262e-07
11.4 3.66651e-06 3.73675e-06 -3.44958e-06 1.43584e-07
11.425 3.52936e-06 3.59632e-06 -3.32393e-06 1.36196e-07
11.45 3.39791e-06 3.46175e-06 -3.20356e-06 1.29092e-07
11.475 3.27191e-06 3.33275e-06 -3.08821e-06 1.22268e-07
11.5 3.15108e-06 3.20906e-06 -2.97762e-06 1.15717e-07
11.525 3.03518e-06 3.09042e-06 -2.87155e-06 1.09435e-07
11.55 2.92397e-06 2.9766e-06 -2.76977e-06 1.03416e-07
11.575 2.81723e-06 2.86736e-06 -2.67206e-06 9.76539e-08
11.6 2.71475e-06 2.76249e-06 -2.57821e-06 9.21435e-08
11.625 2.61632e-06 2.66178e-06 -2.48802e-06 8.6879e-08
11.65 2.52175e-06 2.56503e-06 -2.40133e-06 8.18544e-08
11.675 2.43086e-06 2.47206e-06 -2.31794e-06 7.70635e-08
11.7 2.34348e-06 2.38269e-06 -2.23769e-06 7.25e-08
11.725 2.25944e-06 2.29676e-06 -2.16044e-06 6.81576e-08
11.75 2.17859e-06 2.21409e-06 -2.08603e-06 6.40296e-08
11.775 2.10077e-06 2.13454e-06 -2.01433e-06 6.01093e-08
11.8 2.02586e-06 2.05798e-06 -1.9452e-06 5.63898e-08
11.825 1.95371e-06 1.98425e-06 -1.87852e-06 5.28642e-08
11.85 1.8842e-06 1.91324e-06 -1.81419e-06 4.95254e-08
11.875 1.81721e-06 1.84482e-06 -1.75209e-06 4.63662e-08
11.9 1.75263e-06 1.77888e-06 -1.69212e-06 4.33797e-08
11.925 1.69035e-06 1.7153e-06 -1.63418e-06 4.05586e-08
11.95 1.63028e-06 1.65399e-06 -1.5782e-06 3.78959e-08
11.975 1.57231e-06 1.59484e-06 -1.52407e-06 3.53845e-08
12 1.51635e-06 1.53777e-06 -1.47173e-06 3.30174e-08
12.025 1.46232e-06 1.48268e-06 -1.4211e-06 3.07879e-08
12.05 1.41015e-06 1.42949e-06 -1.37211e-06 2.86891e-08
12.075 1.35974e-06 1.37812e-06 -1.3247e-06 2.67146e-08
12.1 1.31104e-06 1.32851e-06 -1.2788e-06 2.48579e-08
12.125 1.26396e-06 1.28058e-06 -1.23435e-06 2.31129e-08
12.15 1.21846e-06 1.23426e-06 -1.19131e-06 2.14736e-08
12.175 1.17446e-06 1.18949e-06 -1.14962e-06 1.99343e-08
12.2 1.13191e-06 1.14621e-06 -1.10924e-06 1.84896e-08
12.225 1.09075e-06 1.10437e-06 -1.07011e-06 1.71341e-08
12.25 1.05094e-06 1.06391e-06 -1.03219e-06 1.58631e-08
12.275 1.01242e-06 1.02479e-06 -9.95444e-07 1.46717e-08
12.3 9.75147e-07 9.86945e-07 -9.59834e-07 1.35555e-08
12.325 9.39077e-07 9.50341e-07 -9.2532e-07 1.25105e-08
12.35 9.04169e-07 9.14932e-07 -8.91866e-07 1.15327e-08
12.375 8.70383e-07 8.80677e-07 -8.5944e-07 1.06185e-08
12.4 8.37682e-07 8.47538e-07 -8.28009e-07 9.76464e-09
12.425 8.06029e-07 8.15477e-07 -7.97541e-07 8.96793e-09
12.45 7.75391e-07 7.84458e-07 -7.68007e-07 8.22551e-09
12.475 7.45734e-07 7.54448e-07 -7.39379e-07 7.53473e-09
12.5 7.17029e-07 7.25415e-07 -7.11628e-07 6.89316e-09
12.525 6.89245e-07 6.97326e-07 -6.84729e-07 6.29855e-09
12.55 6.62354e-07 6.70153e-07 -6.58655e-07 5.74884e-09
12.575 6.36328e-07 6.43866e-07 -6.33382e-07 5.24211e-09
12.6 6.11142e-07 6.18438e-07 -6.08885e-07 4.77661e-09
12.625 5.8677e-07 5.93844e-07 -5.85142e-07 4.35072e-09
12.65 5.63189e-07 5.70057e-07 -5.62131e-07 3.96292e-09
12.675 5.40374e-07 5.47052e-07 -5.39829e-07 3.61179e-09
12.7 5.18304e-07 5.24807e-07 -5.18215e-07 3.29599e-09
12.725 4.96957e-07 5.03298e-07 -4.9727e-07 3.01424e-09
12.75 4.76312e-07 4.82504e-07 -4.76973e-07 2.76532e-09
12.775 4.56349e-07 4.62402e-07 -4.57306e-07 2.54803e-09
12.8 4.37049e-07 4.42973e-07 -4.38251e-07 2.36121e-09
12.825 4.18392e-07 4.24197e-07 -4.19789e-07 2.2037e-09
12.85 4.00361e-07 4.06054e-07 -4.01905e-07 2.07434e-09
12.875 3.82938e-07 3.88525e-07 -3.84582e-07 1.97197e-09
12.9 3.66105e-07 3.71594e-07 -3.67804e-07 1.8954e-09
12.925 3.49848e-07 3.55243e-07 -3.51556e-07 1.84344e-09
12.95 3.34149e-07 3.39455e-07 -3.35825e-07 1.81486e-09
12.975 3.18993e-07 3.24214e-07 -3.20597e-07 1.80839e-09
13 3.04366e-07 3.09504e-07 -3.05859e-07 1.82275e-09
13.025 2.90254e-07 2.95312e-07 -2.91599e-07 1.8566e-09
13.05 2.76643e-07 2.81622e-07 -2.77805e-07 1.9086e-09
13.075 2.6352e-07 2.68422e-07 -2.64467e-07 1.97735e-09
13.1 2.50872e-07 2.55698e-07 -2.51575e-07 2.06143e-09
13.125 2.38687e-07 2.43437e-07 -2.39118e-07 2.15941e-09
13.15 2.26953e-07 2.31628e-07 -2.27089e-07 2.26983e-09
13.175 2.15661e-07 2.2026e-07 -2.15478e-07 2.39122e-09
13.2 2.04798e-07 2.09322e-07 -2.04278e-07 2.52209e-09
13.225 1.94355e-07 1.98803e-07 -1.93481e-07 2.66098e-09
13.25 1.84323e-07 1.88695e-07 -1.83082e-07 2.8064e-09
13.275 1.74692e-07 1.78987e-07 -1.73073e-07 2.95691e-09
13.3 1.65454e-07 1.69671e-07 -1.63449e-07 3.11107e-09
13.325 1.566e-07 1.60739e-07 -1.54204e-07 3.26749e-09
13.35 1.48122e-07 1.52183e-07 -1.45334e-07 3.4248e-09
13.375 1.40014e-07 1.43997e-07 -1.36833e-07 3.58169e-09
13.4 1.32269e-07 1.36172e-07 -1.28698e-07 3.73692e-09
13.425 1.24878e-07 1.28703e-07 -1.20925e-07 3.88928e-09
13.45 1.17837e-07 1.21584e-07 -1.13509e-07 4.03766e-09
13.475 1.11139e-07 1.14808e-07 -1.06446e-07 4.18101e-09
13.5 1.04779e-07 1.08371e-07 -9.97343e-08 4.31838e-09
13.525 9.87505e-08 1.02267e-07 -9.3369e-08 4.44888e-09
13.55 9.30488e-08 9.64906e-08 -8.73471e-08 4.57175e-09
13.575 8.76687e-08 9.10376e-08 -8.1665e-08 4.68629e-09
13.6 8.26053e-08 8.59033e-08 -7.63194e-08 4.79193e-09
13.625 7.78539e-08 8.10831e-08 -7.13067e-08 4.88818e-09
13.65 7.34096e-08 7.65727e-08 -6.66233e-08 4.97467e-09
13.675 6.9268e-08 7.23677e-08 -6.22654e-08 5.05112e-09
13.7 6.54244e-08 6.84638e-08 -5.8229e-08 5.11737e-09
13.725 6.18743e-08 6.48567e-08 -5.451e-08 5.17334e-09
13.75 5.8613e-08 6.1542e-08 -5.11039e-08 5.21908e-09
13.775 5.56359e-08 5.85154e-08 -4.8006e-08 5.2547e-09
13.8 5.29382e-08 5.57723e-08 -4.52114e-08 5.28045e-09
13.825 5.05151e-08 5.3308e-08 -4.27147e-08 5.29663e-09
13.85 4.83616e-08 5.11177e-08 -4.05104e-08 5.30364e-09
13.875 4.64725e-08 4.91965e-08 -3.85925e-08 5.30198e-09
13.9 4.48425e-08 4.75391e-08 -3.69547e-08 5.2922e-09
13.925 4.34661e-08 4.61401e-08 -3.55903e-08 5.27491e-09
13.95 4.23375e-08 4.49939e-08 -3.44923e-08 5.25082e-09
13.975 4.14507e-08 4.40946e-08 -3.36533e-08 5.22065e-09
14 4.07996e-08 4.34358e-08 -3.30654e-08 5.1852e-09
14.025 4.03776e-08 4.30113e-08 -3.27207e-08 5.14529e-09
14.05 4.0178e-08 4.28141e-08 -3.26106e-08 5.10177e-09
14.075 4.01938e-08 4.28373e-08 -3.27262e-08 5.05553e-09
14.1 4.04177e-08 4.30735e-08 -3.30586e-08 5.00746e-09
14.125 4.08422e-08 4.35151e-08 -3.35982e-08 4.95846e-09
14.15 4.14594e-08 4.41541e-08 -3.43352e-08 4.90944e-09
14.175 4.22612e-08 4.49823e-08 -3.52597e-08 4.86129e-09
14.2 4.32395e-08 4.59913e-08 -3.63615e-08 4.81489e-09
14.225 4.43855e-08 4.71723e-08 -3.76301e-08 4.7711e-09
14.25 4.56904e-08 4.85163e-08 -3.90547e-08 4.73075e-09
14.275 4.71453e-08 5.0014e-08 -4.06247e-08 4.69464e-09
14.3 4.8741e-08 5.16561e-08 -4.2329e-08 4.66353e-09
14.325 5.0468e-08 5.34329e-08 -4.41566e-08 4.63812e-09
14.35 5.23168e-08 5.53346e-08 -4.60964e-08 4.61907e-09
14.375 5.42778e-08 5.73512e-08 -4.81372e-08 4.607e-09
14.4 5.6341e-08 5.94727e-08 -5.02678e-08 4.60244e-09
14.425 5.84967e-08 6.16889e-08 -5.24771e-08 4.60589e-09
14.45 6.07348e-08 6.39896e-08 -5.47541e-08 4.61777e-09
14.475 6.30454e-08 6.63645e-08 -5.70876e-08 4.63843e-09
14.5 6.54185e-08 6.88032e-08 -5.94669e-08 4.66816e-09
14.525 6.78441e-08 7.12956e-08 -6.18813e-08 4.70718e-09
14.55 7.03123e-08 7.38314e-08 -6.43202e-08 4.75564e-09
14.575 7.28132e-08 7.64005e-08 -6.67733e-08 4.81361e-09
14.6 7.53371e-08 7.89929e-08 -6.92306e-08 4.88112e-09
14.625 7.78743e-08 8.15985e-08 -7.16823e-08 4.95809e-09
14.65 8.04154e-08 8.42078e-08 -7.41189e-08 5.04442e-09
14.675 8.29512e-08 8.68111e-08 -7.65313e-08 5.1399e-09
14.7 8.54725e-08 8.93991e-08 -7.89105e-08 5.2443e-09
14.725 8.79706e-08 9.19629e-08 -8.12483e-08 5.35729e-09
14.75 9.04369e-08 9.44934e-08 -8.35364e-08 5.47853e-09
14.775 9.28631e-08 9.69824e-08 -8.57672e-08 5.60758e-09
14.8 9.52413e-08 9.94215e-08 -8.79335e-08 5.74398e-09
14.825 9.75637e-08 1.01803e-07 -9.00285e-08 5.88721e-09
14.85 9.98232e-08 1.04119e-07 -9.20457e-08 6.03673e-09
14.875 1.02013e-07 1.06363e-07 -9.39793e-08 6.19193e-09
14.9 1.04126e-07 1.08528e-07 -9.58237e-08 6.3522e-09
14.925 1.06156e-07 1.10608e-07 -9.7574e-08 6.51688e-09
14.95 1.08098e-07 1.12596e-07 -9.92255e-08 6.68528e-09
14.975 1.09947e-07 1.14488e-07 -1.00774e-07 6.85672e-09
15 1.11697e-07 1.16278e-07 -1.02217e-07 7.03048e-09
15.025 1.13343e-07 1.17961e-07 -1.03549e-07 7.20583e-09
15.05 1.14883e-07 1.19534e-07 -1.0477e-07 7.38206e-09
15.075 1.16311e-07 1.20993e-07 -1.05876e-07 7.55842e-09
15.1 1.17626e-07 1.22334e-07 -1.06866e-07 7.73419e-09
15.125 1.18823e-07 1.23555e-07 -1.07738e-07 7.90864e-09
15.15 1.19902e-07 1.24654e-07 -1.08492e-07 8.08107e-09
15.175 1.2086e-07 1.25628e-07 -1.09126e-07 8.25078e-09
15.2 1.21695e-07 1.26476e-07 -1.09642e-07 8.41708e-09
15.225 1.22407e-07 1.27197e-07 -1.10038e-07 8.57932e-09
15.25 1.22995e-07 1.2779e-07 -1.10316e-07 8.73685e-09
15.275 1.23459e-07 1.28255e-07 -1.10477e-07 8.88907e-09
15.3 1.23798e-07 1.28593e-07 -1.10522e-07 9.03541e-09
15.325 1.24014e-07 1.28803e-07 -1.10453e-07 9.1753e-09
15.35 1.24108e-07 1.28888e-07 -1.10271e-07 9.30823e-09
15.375 1.24079e-07 1.28847e-07 -1.0998e-07 9.43372e-09
15.4 1.23931e-07 1.28683e-07 -1.09581e-07 9.55133e-09
15.425 1.23665e-07 1.28398e-07 -1.09077e-07 9.66066e-09
15.45 1.23283e-07 1.27994e-07 -1.08471e-07 9.76132e-09
15.475 1.22788e-07 1.27473e-07 -1.07767e-07 9.85301e-09
15.5 1.22182e-07 1.26839e-07 -1.06968e-07 9.93542e-09
15.525 1.21468e-07 1.26094e-07 -1.06078e-07 1.00083e-08
15.55 1.20651e-07 1.25242e-07 -1.05099e-07 1.00715e-08
15.575 1.19732e-07 1.24286e-07 -1.04037e-07 1.01247e-08
15.6 1.18716e-07 1.2323e-07 -1.02894e-07 1.0168e-08
15.625 1.17606e-07 1.22078e-07 -1.01676e-07 1.02011e-08
15.65 1.16406e-07 1.20834e-07 -1.00386e-07 1.02241e-08
15.675 1.15121e-07 1.19502e-07 -9.9028e-08 1.0237e-08
15.7 1.13755e-07 1.18086e-07 -9.76067e-08 1.02396e-08
15.725 1.12311e-07 1.16591e-07 -9.61264e-08 1.02323e-08
15.75 1.10795e-07 1.15021e-07 -9.45912e-08 1.02149e-08
15.775 1.0921e-07 1.13381e-07 -9.30054e-08 1.01876e-08
15.8 1.07561e-07 1.11675e-07 -9.13733e-08 1.01507e-08
15.825 1.05853e-07 1.09907e-07 -8.9699e-08 1.01042e-08
15.85 1.04089e-07 1.08084e-07 -8.79869e-08 1.00484e-08
15.875 1.02275e-07 1.06208e-07 -8.62408e-08 9.98359e-09
15.9 1.00415e-07 1.04285e-07 -8.44651e-08 9.90994e-09
15.925 9.85135e-08 1.02319e-07 -8.26635e-08 9.82778e-09
15.95 9.65746e-08 1.00315e-07 -8.084e-08 9.7374e-09
15.975 9.46028e-08 9.82766e-08 -7.89984e-08 9.63913e-09
16 9.26022e-08 9.62089e-08 -7.71423e-08 9.53329e-09
16.025 9.05771e-08 9.41159e-08 -7.52754e-08 9.42026e-09
16.05 8.85316e-08 9.20018e-08 -7.34011e-08 9.30037e-09
16.075 8.64697e-08 8.98707e-08 -7.15227e-08 9.17402e-09
16.1 8.43951e-08 8.77266e-08 -6.96435e-08 9.04158e-09
16.125 8.23117e-08 8.55733e-08 -6.77665e-08 8.90344e-09
16.15 8.02231e-08 8.34146e-08 -6.58946e-08 8.75999e-09
16.175 7.81329e-08 8.12541e-08 -6.40308e-08 8.61163e-09
16.2 7.60443e-08 7.90951e-08 -6.21776e-08 8.45875e-09
16.225 7.39607e-08 7.69411e-08 -6.03376e-08 8.30176e-09
16.25 7.18851e-08 7.47952e-08 -5.85132e-08 8.14104e-09
16.275 6.98204e-08 7.26605e-08 -5.67065e-08 7.97699e-09
16.3 6.77695e-08 7.05398e-08 -5.49198e-08 7.81e-09
16.325 6.57351e-08 6.84358e-08 -5.31549e-08 7.64045e-09
16.35 6.37196e-08 6.63512e-08 -5.14138e-08 7.46872e-09
16.375 6.17254e-08 6.42884e-08 -4.9698e-08 7.29517e-09
16.4 5.97546e-08 6.22495e-08 -4.80092e-08 7.12017e-09
16.425 5.78094e-08 6.02368e-08 -4.63487e-08 6.94405e-09
16.45 5.58917e-08 5.82521e-08 -4.47178e-08 6.76718e-09
16.475 5.40031e-08 5.62974e-08 -4.31177e-08 6.58986e-09
16.5 5.21454e-08 5.43743e-08 -4.15494e-08 6.41242e-09
16.525 5.032e-08 5.24842e-08 -4.00139e-08 6.23516e-09
16.55 4.85283e-08 5.06286e-08 -3.85119e-08 6.05837e-09
16.575 4.67713e-08 4.88087e-08 -3.70441e-08 5.88234e-09
16.6 4.50502e-08 4.70257e-08 -3.5611e-08 5.70732e-09
16.625 4.3366e-08 4.52804e-08 -3.42133e-08 5.53356e-09
16.65 4.17194e-08 4.35737e-08 -3.28511e-08 5.36131e-09
16.675 4.01112e-08 4.19064e-08 -3.15248e-08 5.19079e-09
16.7 3.85418e-08 4.0279e-08 -3.02347e-08 5.0222e-09
16.725 3.70118e-08 3.86921e-08 -2.89806e-08 4.85573e-09
16.75 3.55216e-08 3.7146e-08 -2.77628e-08 4.69158e-09
16.775 3.40713e-08 3.56409e-08 -2.65811e-08 4.52991e-09
16.8 3.26611e-08 3.41771e-08 -2.54354e-08 4.37087e-09
16.825 3.12912e-08 3.27547e-08 -2.43255e-08 4.2146e-09
16.85 2.99614e-08 3.13735e-08 -2.32511e-08 4.06122e-09
16.875 2.86716e-08 3.00336e-08 -2.22119e-08 3.91086e-09
16.9 2.74218e-08 2.87347e-08 -2.12075e-08 3.76361e-09
16.925 2.62116e-08 2.74766e-08 -2.02375e-08 3.61956e-09
16.95 2.50406e-08 2.6259e-08 -1.93014e-08 3.47878e-09
16.975 2.39086e-08 2.50815e-08 -1.83988e-08 3.34135e-09
17 2.2815e-08 2.39435e-08 -1.75289e-08 3.20732e-09
17.025 2.17594e-08 2.28448e-08 -1.66913e-08 3.07673e-09
17.05 2.07412e-08 2.17845e-08 -1.58853e-08 2.94962e-09
17.075 1.97598e-08 2.07623e-08 -1.51103e-08 2.826e-09
17.1 1.88146e-08 1.97774e-08 -1.43656e-08 2.7059e-09
17.125 1.79049e-08 1.88291e-08 -1.36505e-08 2.58932e-09
17.15 1.703e-08 1.79168e-08 -1.29642e-08 2.47626e-09
17.175 1.61892e-08 1.70396e-08 -1.23062e-08 2.3667e-09
17.2 1.53816e-08 1.61969e-08 -1.16756e-08 2.26064e-09
17.225 1.46066e-08 1.53877e-08 -1.10716e-08 2.15805e-09
17.25 1.38633e-08 1.46114e-08 -1.04936e-08 2.0589e-09
17.275 1.31509e-08 1.38671e-08 -9.94079e-09 1.96315e-09
17.3 1.24686e-08 1.31539e-08 -9.41236e-09 1.87075e-09
17.325 1.18156e-08 1.24709e-08 -8.90758e-09 1.78168e-09
17.35 1.11909e-08 1.18174e-08 -8.4257e-09 1.69586e-09
17.375 1.05938e-08 1.11925e-08 -7.96596e-09 1.61326e-09
17.4 1.00235e-08 1.05952e-08 -7.5276e-09 1.5338e-09
17.425 9.47897e-09 1.00248e-08 -7.1099e-09 1.45744e-09
17.45 8.95949e-09 9.4803e-09 -6.71211e-09 1.38409e-09
17.475 8.46419e-09 8.96093e-09 -6.33352e-09 1.3137e-09
17.5 7.99225e-09 8.46581e-09 -5.9734e-09 1.2462e-09
17.525 7.54284e-09 7.99409e-09 -5.63106e-09 1.18152e-09
17.55 7.11514e-09 7.54496e-09 -5.30581e-09 1.11957e-09
17.575 6.70837e-09 7.11757e-09 -4.99698e-09 1.06029e-09
17.6 6.32172e-09 6.71112e-09 -4.7039e-09 1.00361e-09
17.625 5.95443e-09 6.32481e-09 -4.42592e-09 9.49444e-10
17.65 5.60572e-09 5.95786e-09 -4.16242e-09 8.97718e-10
17.675 5.27486e-09 5.6095e-09 -3.91279e-09 8.48357e-10
17.7 4.96111e-09 5.27899e-09 -3.67642e-09 8.01283e-10
17.725 4.66376e-09 4.96558e-09 -3.45274e-09 7.56421e-10
17.75 4.38213e-09 4.66856e-09 -3.24117e-09 7.13695e-10
17.775 4.11552e-09 4.38723e-09 -3.04117e-09 6.7303e-10
17.8 3.86329e-09 4.12092e-09 -2.85221e-09 6.34352e-10
17.825 3.62478e-09 3.86895e-09 -2.67378e-09 5.97587e-10
17.85 3.39939e-09 3.6307e-09 -2.50538e-09 5.62662e-10
17.875 3.18651e-09 3.40554e-09 -2.34652e-09 5.29507e-10
17.9 2.98555e-09 3.19286e-09 -2.19675e-09 4.98052e-10
17.925 2.79595e-09 2.99208e-09 -2.05563e-09 4.68227e-10
17.95 2.61717e-09 2.80264e-09 -1.92271e-09 4.39965e-10
17.975 2.44868e-09 2.62399e-09 -1.79759e-09 4.13202e-10
18 2.28998e-09 2.45561e-09 -1.67987e-09 3.87872e-10
18.025 2.14058e-09 2.297e-09 -1.56917e-09 3.63914e-10
18.05 2e-09 2.14765e-09 -1.46512e-09 3.41266e-10
18.075 1.86779e-09 2.00711e-09 -1.36737e-09 3.1987e-10
18.1 1.74353e-09 1.87493e-09 -1.27559e-09 2.99668e-10
18.125 1.6268e-09 1.75067e-09 -1.18946e-09 2.80605e-10
18.15 1.51719e-09 1.63391e-09 -1.10866e-09 2.62626e-10
18.175 1.41433e-09 1.52427e-09 -1.03291e-09 2.4568e-10
18.2 1.31785e-09 1.42135e-09 -9.61917e-10 2.29717e-10
18.225 1.22739e-09 1.3248e-09 -8.95424e-10 2.14688e-10
18.25 1.14264e-09 1.23426e-09 -8.33173e-10 2.00546e-10
18.275 1.06326e-09 1.14941e-09 -7.74921e-10 1.87246e-10
18.3 9.88964e-10 1.06993e-09 -7.20437e-10 1.74745e-10
18.325 9.19448e-10 9.95507e-10 -6.69502e-10 1.63002e-10
18.35 8.54441e-10 9.25861e-10 -6.21907e-10 1.51977e-10
18.375 7.93681e-10 8.60716e-10 -5.77455e-10 1.41631e-10
18.4 7.36918e-10 7.9981e-10 -5.35956e-10 1.31927e-10
18.425 6.83917e-10 7.42896e-10 -4.97233e-10 1.22832e-10
18.45 6.34451e-10 6.89737e-10 -4.61117e-10 1.1431e-10
18.475 5.88307e-10 6.40109e-10 -4.27447e-10 1.06331e-10
18.5 5.45283e-10 5.938e-10 -3.96074e-10 9.8863e-11
18.525 5.05188e-10 5.50608e-10 -3.66852e-10 9.18777e-11
18.55 4.67839e-10 5.10342e-10 -3.39648e-10 8.5347e-11
18.575 4.33066e-10 4.72822e-10 -3.14333e-10 7.92445e-11
18.6 4.00707e-10 4.37877e-10 -2.90787e-10 7.35451e-11
18.625 3.70607e-10 4.05345e-10 -2.68896e-10 6.82248e-11
18.65 3.42623e-10 3.75074e-10 -2.48552e-10 6.3261e-11
18.675 3.16618e-10 3.4692e-10 -2.29656e-10 5.86321e-11
18.7 2.92463e-10 3.20746e-10 -2.1211e-10 5.43177e-11
18.725 2.70037e-10 2.96424e-10 -1.95827e-10 5.02985e-11
18.75 2.49226e-10 2.73835e-10 -1.80722e-10 4.6556e-11
18.775 2.29922e-10 2.52862e-10 -1.66716e-10 4.3073e-11
18.8 2.12025e-10 2.33401e-10 -1.53735e-10 3.98331e-11
18.825 1.9544e-10 2.1535e-10 -1.41708e-10 3.68207e-11
18.85 1.80078e-10 1.98614e-10 -1.30571e-10 3.40214e-11
18.875 1.65854e-10 1.83104e-10 -1.20262e-10 3.14211e-11
18.9 1.52691e-10 1.68737e-10 -1.10723e-10 2.90071e-11
18.925 1.40515e-10 1.55435e-10 -1.01901e-10 2.67669e-11
18.95 1.29256e-10 1.43124e-10 -9.37459e-11 2.46891e-11
18.975 1.18851e-10 1.31735e-10 -8.62097e-11 2.27629e-11
19 1.09239e-10 1.21205e-10 -7.92487e-11 2.09779e-11
19.025 1.00364e-10 1.11471e-10 -7.28216e-11 1.93247e-11
19.05 9.21719e-11 1.02478e-10 -6.689e-11 1.77942e-11
19.075 8.46144e-11 9.4174e-11 -6.1418e-11 1.6378e-11
19.1 7.76452e-11 8.65084e-11 -5.63721e-11 1.50682e-11
19.125 7.12213e-11 7.94354e-11 -5.17209e-11 1.38572e-11
19.15 6.53027e-11 7.2912e-11 -4.74355e-11 1.27383e-11
19.175 5.98519e-11 6.68981e-11 -4.34886e-11 1.17048e-11
19.2 5.48342e-11 6.13562e-11 -3.9855e-11 1.07506e-11
19.225 5.02171e-11 5.62515e-11 -3.65112e-11 9.87015e-12
19.25 4.59704e-11 5.15515e-11 -3.34354e-11 9.05805e-12
19.275 4.20662e-11 4.72258e-11 -3.06072e-11 8.30933e-12
19.3 3.84784e-11 4.32464e-11 -2.80077e-11 7.61936e-12
19.325 3.51826e-11 3.9587e-11 -2.56194e-11 6.98381e-12
19.35 3.21565e-11 3.62233e-11 -2.3426e-11 6.39865e-12
19.375 2.93791e-11 3.31327e-11 -2.14125e-11 5.86013e-12
19.4 2.68311e-11 3.02942e-11 -1.95647e-11 5.36475e-12
19.425 2.44945e-11 2.76883e-11 -1.78698e-11 4.90925e-12
19.45 2.23527e-11 2.52969e-11 -1.63157e-11 4.49061e-12
19.475 2.03902e-11 2.31033e-11 -1.48913e-11 4.10601e-12
19.5 1.85927e-11 2.10919e-11 -1.35862e-11 3.75283e-12
19.525 1.69472e-11 1.92483e-11 -1.2391e-11 3.42866e-12
19.55 1.54413e-11 1.75592e-11 -1.12968e-11 3.13124e-12
19.575 1.40638e-11 1.60124e-11 -1.02954e-11 2.85848e-12
19.6 1.28043e-11 1.45963e-11 -9.37941e-12 2.60843e-12
19.625 1.16531e-11 1.33004e-11 -8.5418e-12 2.37932e-12
19.65 1.06013e-11 1.21151e-11 -7.77618e-12 2.16947e-12
19.675 9.64081e-12 1.10313e-11 -7.07663e-12 1.97735e-12
19.7 8.76397e-12 1.00407e-11 -6.43768e-12 1.80153e-12
19.725 7.96385e-12 9.13571e-12 -5.85432e-12 1.6407e-12
19.75 7.23404e-12 8.30919e-12 -5.32191e-12 1.49364e-12
19.775 6.56861e-12 7.55465e-12 -4.83619e-12 1.35923e-12
19.8 5.96214e-12 6.86609e-12 -4.39323e-12 1.23643e-12
19.825 5.40962e-12 6.238e-12 -3.98941e-12 1.12429e-12
19.85 4.90646e-12 5.66529e-12 -3.62143e-12 1.02193e-12
19.875 4.44843e-12 5.14327e-12 -3.28622e-12 9.28524e-13
19.9 4.03164e-12 4.66765e-12 -2.98098e-12 8.43331e-13
19.925 3.65254e-12 4.23446e-12 -2.70314e-12 7.6566e-13
19.95 3.30785e-12 3.84008e-12 -2.45033e-12 6.94875e-13
19.975 2.99457e-12 3.48117e-12 -2.22039e-12 6.30392e-13
20 2.70995e-12 3.15466e-12 -2.01131e-12 5.71675e-13
