0 9.5622e-05 -6.59937e-05
0.025 9.5622e-05 -6.59937e-05
0.05 0.000191027 -0.000131776
0.075 0.000286 -0.000197138
0.1 0.000380326 -0.000261869
0.125 0.000473791 -0.000325764
0.15 0.000566185 -0.000388619
0.175 0.0006573 -0.000450236
0.2 0.000746932 -0.000510421
0.225 0.000834882 -0.000568984
0.25 0.000920953 -0.000625742
0.275 0.00100496 -0.000680521
0.3 0.0010867 -0.000733151
0.325 0.00116602 -0.000783472
0.35 0.00124274 -0.000831332
0.375 0.00131668 -0.00087659
0.4 0.00138771 -0.000919112
0.425 0.00145565 -0.000958776
0.45 0.00152039 -0.000995469
0.475 0.00158177 -0.00102909
0.5 0.00163969 -0.00105955
0.525 0.00169403 -0.00108677
0.55 0.00174468 -0.00111068
0.575 0.00179156 -0.00113123
0.6 0.00183457 -0.00114837
0.625 0.00187364 -0.00116207
0.65 0.00190872 -0.00117232
0.675 0.00193976 -0.00117909
0.7 0.0019667 -0.00118241
0.725 0.00198953 -0.00118228
0.75 0.00200822 -0.00117873
0.775 0.00202277 -0.00117179
0.8 0.00203319 -0.00116152
0.825 0.00203948 -0.00114798
0.85 0.00204168 -0.00113122
0.875 0.00203981 -0.00111134
0.9 0.00203394 -0.00108842
0.925 0.00202412 -0.00106256
0.95 0.00201041 -0.00103386
0.975 0.00199291 -0.00100243
1 0.00197169 -0.000968403
1.025 0.00194686 -0.000931893
1.05 0.00191853 -0.000893036
1.075 0.00188683 -0.000851971
1.1 0.00185187 -0.00080884
1.125 0.00181379 -0.00076379
1.15 0.00177275 -0.000716972
1.175 0.00172889 -0.000668539
1.2 0.00168237 -0.000618646
1.225 0.00163337 -0.00056745
1.25 0.00158206 -0.000515109
1.275 0.00152862 -0.000461782
1.3 0.00147324 -0.000407626
1.325 0.00141611 -0.000352799
1.35 0.00135743 -0.000297457
1.375 0.0012974 -0.000241754
1.4 0.00123623 -0.000185839
1.425 0.00117412 -0.000129862
1.45 0.0011113 -7.39664e-05
1.475 0.00104797 -1.82929e-05
1.5 0.000984348 3.70228e-05
1.525 0.000920653 9.18502e-05
1.55 0.000857102 0.000146064
1.575 0.000793912 0.000199544
1.6 0.0007313 0.000252177
1.625 0.000669481 0.000303856
1.65 0.000608669 0.00035448
1.675 0.000549074 0.000403956
1.7 0.000490905 0.000452196
1.725 0.000434364 0.000499123
1.75 0.000379652 0.000544662
1.775 0.000326964 0.000588751
1.8 0.000276488 0.000631331
1.825 0.000228408 0.000672353
1.85 0.000182899 0.000711776
1.875 0.000140131 0.000749563
1.9 0.000100264 0.000785689
1.925 6.3451e-05 0.000820133
1.95 2.98354e-05 0.000852881
1.975 -4.48895e-07 0.000883928
2 -2.72781e-05 0.000913273
2.025 -5.0539e-05 0.000940925
2.05 -7.01294e-05 0.000966896
2.075 -8.59588e-05 0.000991204
2.1 -9.79485e-05 0.00101387
2.125 -0.000106032 0.00103493
2.15 -0.000110157 0.00105442
2.175 -0.000110281 0.00107237
2.2 -0.00010638 0.00108882
2.225 -9.84391e-05 0.00110382
2.25 -8.64601e-05 0.00111742
2.275 -7.04584e-05 0.00112967
2.3 -5.04639e-05 0.00114062
2.325 -2.65211e-05 0.00115033
2.35 1.31037e-06 0.00115884
2.375 3.29564e-05 0.00116622
2.4 6.83278e-05 0.00117252
2.425 0.000107321 0.00117778
2.45 0.000149816 0.00118208
2.475 0.00019568 0.00118544
2.5 0.000244765 0.00118793
2.525 0.000296908 0.00118959
2.55 0.000351932 0.00119045
2.575 0.000409648 0.00119056
2.6 0.000469851 0.00118995
2.625 0.000532324 0.00118865
2.65 0.000596839 0.00118668
2.675 0.000663152 0.00118406
2.7 0.000731013 0.00118079
2.725 0.000800155 0.00117689
2.75 0.000870307 0.00117235
2.775 0.000941183 0.00116717
2.8 0.00101249 0.00116132
2.825 0.00108393 0.00115478
2.85 0.0011552 0.00114753
2.875 0.00122598 0.00113951
2.9 0.00129595 0.0011307
2.925 0.00136478 0.00112102
2.95 0.00143217 0.00111043
2.975 0.00149777 0.00109884
3 0.00156125 0.00108619
3.025 0.00162229 0.00107239
3.05 0.00168056 0.00105734
3.075 0.00173572 0.00104095
3.1 0.00178747 0.00102312
3.125 0.00183547 0.00100373
3.15 0.00187942 0.000982674
3.175 0.001919 0.000959823
3.2 0.00195393 0.000935056
3.225 0.00198391 0.000908241
3.25 0.00200866 0.000879248
3.275 0.00202792 0.000847941
3.3 0.00204143 0.000814182
3.325 0.00204894 0.000777835
3.35 0.00205024 0.00073876
3.375 0.0020451 0.00069682
3.4 0.00203334 0.000651877
3.425 0.00201478 0.000603796
3.45 0.00198925 0.000552446
3.475 0.00195661 0.000497698
3.5 0.00191676 0.000439428
3.525 0.00186957 0.000377518
3.55 0.00181498 0.000311856
3.575 0.00175293 0.000242336
3.6 0.00168338 0.000168862
3.625 0.00160632 9.13457e-05
3.65 0.00152176 9.70766e-06
3.675 0.00142973 -7.61205e-05
3.7 0.00133028 -0.000166196
3.725 0.0012235 -0.000260566
3.75 0.00110949 -0.000359263
3.775 0.000988365 -0.000462307
3.8 0.000860283 -0.000569707
3.825 0.000725411 -0.000681456
3.85 0.000583942 -0.000797533
3.875 0.00043609 -0.000917902
3.9 0.000282089 -0.00104251
3.925 0.000122198 -0.0011713
3.95 -4.33103e-05 -0.00130418
3.975 -0.000214139 -0.00144106
4 -0.000389977 -0.00158182
4.025 -0.000570493 -0.00172634
4.05 -0.000755341 -0.00187447
4.075 -0.000944159 -0.00202606
4.1 -0.00113657 -0.00218093
4.125 -0.00133219 -0.0023389
4.15 -0.00153062 -0.00249975
4.175 -0.00173145 -0.00266328
4.2 -0.00193425 -0.00282926
4.225 -0.00213861 -0.00299744
4.25 -0.00234408 -0.00316758
4.275 -0.00255024 -0.0033394
4.3 -0.00275664 -0.00351263
4.325 -0.00296284 -0.00368699
4.35 -0.0031684 -0.00386219
4.375 -0.00337287 -0.00403792
4.4 -0.00357582 -0.00421387
4.425 -0.00377681 -0.00438974
4.45 -0.00397542 -0.0045652
4.475 -0.00417122 -0.00473993
4.5 -0.00436379 -0.00491362
4.525 -0.00455273 -0.00508593
4.55 -0.00473766 -0.00525654
4.575 -0.00491818 -0.00542512
4.6 -0.00509392 -0.00559136
4.625 -0.00526455 -0.00575493
4.65 -0.0054297 -0.00591551
4.675 -0.00558907 -0.00607281
4.7 -0.00574235 -0.00622651
4.725 -0.00588925 -0.00637632
4.75 -0.00602951 -0.00652195
4.775 -0.00616287 -0.00666313
4.8 -0.00628911 -0.00679958
4.825 -0.00640803 -0.00693105
4.85 -0.00651944 -0.00705729
4.875 -0.00662317 -0.00717808
4.9 -0.00671908 -0.00729319
4.925 -0.00680706 -0.00740242
4.95 -0.00688701 -0.00750559
4.975 -0.00695885 -0.00760251
5 -0.00702254 -0.00769302
5.025 -0.00707803 -0.007777
5.05 -0.00712532 -0.00785431
5.075 -0.00716443 -0.00792484
5.1 -0.00719538 -0.0079885
5.125 -0.00721824 -0.00804522
5.15 -0.00723308 -0.00809494
5.175 -0.00723998 -0.00813762
5.2 -0.00723907 -0.00817324
5.225 -0.00723047 -0.00820179
5.25 -0.00721434 -0.00822329
5.275 -0.00719083 -0.00823776
5.3 -0.00716013 -0.00824524
5.325 -0.00712244 -0.0082458
5.35 -0.00707795 -0.00823951
5.375 -0.00702689 -0.00822646
5.4 -0.0069695 -0.00820676
5.425 -0.00690601 -0.00818052
5.45 -0.00683668 -0.00814787
5.475 -0.00676178 -0.00810897
5.5 -0.00668156 -0.00806396
5.525 -0.00659632 -0.00801302
5.55 -0.00650631 -0.00795632
5.575 -0.00641184 -0.00789405
5.6 -0.00631319 -0.0078264
5.625 -0.00621065 -0.00775359
5.65 -0.00610452 -0.00767582
5.675 -0.00599507 -0.00759331
5.7 -0.00588262 -0.00750628
5.725 -0.00576743 -0.00741496
5.75 -0.00564982 -0.00731959
5.775 -0.00553004 -0.00722041
5.8 -0.0054084 -0.00711764
5.825 -0.00528516 -0.00701154
5.85 -0.00516059 -0.00690233
5.875 -0.00503495 -0.00679027
5.9 -0.00490851 -0.00667559
5.925 -0.0047815 -0.00655854
5.95 -0.00465418 -0.00643934
5.975 -0.00452678 -0.00631824
6 -0.00439951 -0.00619547
6.025 -0.0042726 -0.00607126
6.05 -0.00414625 -0.00594582
6.075 -0.00402065 -0.00581939
6.1 -0.003896 -0.00569216
6.125 -0.00377246 -0.00556436
6.15 -0.00365021 -0.00543618
6.175 -0.00352939 -0.00530783
6.2 -0.00341015 -0.00517948
6.225 -0.00329264 -0.00505132
6.25 -0.00317696 -0.00492354
6.275 -0.00306324 -0.00479628
6.3 -0.00295158 -0.00466972
6.325 -0.00284208 -0.00454401
6.35 -0.00273481 -0.00441929
6.375 -0.00262985 -0.0042957
6.4 -0.00252727 -0.00417336
6.425 -0.00242712 -0.00405241
6.45 -0.00232946 -0.00393294
6.475 -0.00223432 -0.00381506
6.5 -0.00214173 -0.00369888
6.525 -0.00205171 -0.00358448
6.55 -0.00196428 -0.00347194
6.575 -0.00187946 -0.00336133
6.6 -0.00179723 -0.00325273
6.625 -0.0017176 -0.00314619
6.65 -0.00164056 -0.00304176
6.675 -0.00156609 -0.00293949
6.7 -0.00149417 -0.00283942
6.725 -0.00142477 -0.00274158
6.75 -0.00135786 -0.002646
6.775 -0.00129341 -0.0025527
6.8 -0.00123138 -0.00246168
6.825 -0.00117173 -0.00237298
6.85 -0.00111441 -0.00228657
6.875 -0.00105938 -0.00220248
6.9 -0.00100658 -0.00212069
6.925 -0.000955965 -0.00204119
6.95 -0.000907478 -0.00196397
6.975 -0.000861065 -0.00188901
7 -0.000816668 -0.0018163
7.025 -0.00077423 -0.0017458
7.05 -0.000733693 -0.0016775
7.075 -0.000694997 -0.00161136
7.1 -0.000658083 -0.00154736
7.125 -0.000622892 -0.00148545
7.15 -0.000589365 -0.00142561
7.175 -0.000557443 -0.00136779
7.2 -0.000527067 -0.00131195
7.225 -0.000498179 -0.00125806
7.25 -0.000470723 -0.00120607
7.275 -0.000444641 -0.00115593
7.3 -0.000419878 -0.00110762
7.325 -0.000396381 -0.00106107
7.35 -0.000374095 -0.00101625
7.375 -0.000352969 -0.000973103
7.4 -0.000332952 -0.000931595
7.425 -0.000313994 -0.000891674
7.45 -0.000296048 -0.000853296
7.475 -0.000279067 -0.000816414
7.5 -0.000263005 -0.000780984
7.525 -0.00024782 -0.00074696
7.55 -0.000233468 -0.000714297
7.575 -0.000219909 -0.000682952
7.6 -0.000207103 -0.000652881
7.625 -0.000195014 -0.000624041
7.65 -0.000183604 -0.00059639
7.675 -0.000172838 -0.000569886
7.7 -0.000162684 -0.000544488
7.725 -0.000153108 -0.000520158
7.75 -0.000144081 -0.000496856
7.775 -0.000135573 -0.000474543
7.8 -0.000127555 -0.000453184
7.825 -0.000120002 -0.000432741
7.85 -0.000112887 -0.000413179
7.875 -0.000106187 -0.000394465
7.9 -9.98788e-05 -0.000376565
7.925 -9.39396e-05 -0.000359447
7.95 -8.83489e-05 -0.00034308
7.975 -8.30871e-05 -0.000327432
8 -7.81352e-05 -0.000312476
8.025 -7.34755e-05 -0.000298182
8.05 -6.90913e-05 -0.000284524
8.075 -6.49664e-05 -0.000271474
8.1 -6.10859e-05 -0.000259007
8.125 -5.74355e-05 -0.0002471
8.15 -5.40017e-05 -0.000235727
8.175 -5.07718e-05 -0.000224866
8.2 -4.77338e-05 -0.000214495
8.225 -4.48764e-05 -0.000204593
8.25 -4.21888e-05 -0.000195139
8.275 -3.96611e-05 -0.000186115
8.3 -3.72837e-05 -0.000177501
8.325 -3.50476e-05 -0.000169279
8.35 -3.29446e-05 -0.000161432
8.375 -3.09667e-05 -0.000153944
8.4 -2.91064e-05 -0.000146798
8.425 -2.73568e-05 -0.000139979
8.45 -2.57112e-05 -0.000133474
8.475 -2.41634e-05 -0.000127266
8.5 -2.27077e-05 -0.000121345
8.525 -2.13385e-05 -0.000115695
8.55 -2.00507e-05 -0.000110306
8.575 -1.88395e-05 -0.000105166
8.6 -1.77004e-05 -0.000100263
8.625 -1.6629e-05 -9.55864e-05
8.65 -1.56213e-05 -9.11262e-05
8.675 -1.46736e-05 -8.68726e-05
8.7 -1.37824e-05 -8.28162e-05
8.725 -1.29443e-05 -7.8948e-05
8.75 -1.21561e-05 -7.52595e-05
8.775 -1.1415e-05 -7.17425e-05
8.8 -1.07181e-05 -6.83892e-05
8.825 -1.00629e-05 -6.51922e-05
8.85 -9.4469e-06 -6.21442e-05
8.875 -8.86783e-06 -5.92385e-05
8.9 -8.3235e-06 -5.64687e-05
8.925 -7.8119e-06 -5.38284e-05
8.95 -7.33109e-06 -5.13118e-05
8.975 -6.87928e-06 -4.89132e-05
9 -6.45477e-06 -4.66272e-05
9.025 -6.05595e-06 -4.44487e-05
9.05 -5.68133e-06 -4.23726e-05
9.075 -5.32949e-06 -4.03943e-05
9.1 -4.99909e-06 -3.85093e-05
9.125 -4.68886e-06 -3.67132e-05
9.15 -4.39763e-06 -3.50021e-05
9.175 -4.12428e-06 -3.33718e-05
9.2 -3.86775e-06 -3.18188e-05
9.225 -3.62705e-06 -3.03394e-05
9.25 -3.40123e-06 -2.89303e-05
9.275 -3.18943e-06 -2.7588e-05
9.3 -2.99079e-06 -2.63096e-05
9.325 -2.80454e-06 -2.5092e-05
9.35 -2.62994e-06 -2.39324e-05
9.375 -2.46629e-06 -2.28281e-05
9.4 -2.31292e-06 -2.17764e-05
9.425 -2.16921e-06 -2.07749e-05
9.45 -2.03459e-06 -1.98213e-05
9.475 -1.90849e-06 -1.89132e-05
9.5 -1.79039e-06 -1.80485e-05
9.525 -1.67981e-06 -1.72251e-05
9.55 -1.57627e-06 -1.64411e-05
9.575 -1.47935e-06 -1.56945e-05
9.6 -1.38863e-06 -1.49837e-05
9.625 -1.30373e-06 -1.43067e-05
9.65 -1.22427e-06 -1.36622e-05
9.675 -1.14992e-06 -1.30483e-05
9.7 -1.08035e-06 -1.24638e-05
9.725 -1.01526e-06 -1.1907e-05
9.75 -9.54363e-07 -1.13768e-05
9.775 -8.97386e-07 -1.08718e-05
9.8 -8.44078e-07 -1.03907e-05
9.825 -7.94203e-07 -9.93244e-06
9.85 -7.47535e-07 -9.49584e-06
9.875 -7.03865e-07 -9.07984e-06
9.9 -6.62997e-07 -8.68343e-06
9.925 -6.24746e-07 -8.30565e-06
9.95 -5.88938e-07 -7.94556e-06
9.975 -5.5541e-07 -7.6023e-06
10 -5.24012e-07 -7.27503e-06
10.025 -4.94599e-07 -6.96296e-06
10.05 -4.67038e-07 -6.66533e-06
10.075 -4.41205e-07 -6.38143e-06
10.1 -4.16982e-07 -6.11057e-06
10.125 -3.9426e-07 -5.85211e-06
10.15 -3.72938e-07 -5.60543e-06
10.175 -3.52919e-07 -5.36995e-06
10.2 -3.34115e-07 -5.14511e-06
10.225 -3.16442e-07 -4.93038e-06
10.25 -2.99824e-07 -4.72527e-06
10.275 -2.84188e-07 -4.5293e-06
10.3 -2.69466e-07 -4.34202e-06
10.325 -2.55597e-07 -4.163e-06
10.35 -2.42522e-07 -3.99184e-06
10.375 -2.30187e-07 -3.82815e-06
10.4 -2.18542e-07 -3.67157e-06
10.425 -2.07541e-07 -3.52175e-06
10.45 -1.97139e-07 -3.37837e-06
10.475 -1.87297e-07 -3.24111e-06
10.5 -1.77977e-07 -3.10968e-06
10.525 -1.69146e-07 -2.9838e-06
10.55 -1.60772e-07 -2.86321e-06
10.575 -1.52824e-07 -2.74765e-06
10.6 -1.45276e-07 -2.63689e-06
10.625 -1.38104e-07 -2.53071e-06
10.65 -1.31282e-07 -2.42889e-06
10.675 -1.24791e-07 -2.33122e-06
10.7 -1.1861e-07 -2.23752e-06
10.725 -1.12722e-07 -2.14761e-06
10.75 -1.07109e-07 -2.06132e-06
10.775 -1.01756e-07 -1.97848e-06
10.8 -9.66495e-08 -1.89893e-06
10.825 -9.17753e-08 -1.82253e-06
10.85 -8.71218e-08 -1.74915e-06
10.875 -8.26779e-08 -1.67865e-06
10.9 -7.84331e-08 -1.61091e-06
10.925 -7.4378e-08 -1.54581e-06
10.95 -7.05038e-08 -1.48324e-06
10.975 -6.68022e-08 -1.42308e-06
11 -6.32657e-08 -1.36525e-06
11.025 -5.98872e-08 -1.30965e-06
11.05 -5.66602e-08 -1.25617e-06
11.075 -5.35783e-08 -1.20475e-06
11.1 -5.06359e-08 -1.1553e-06
11.125 -4.78275e-08 -1.10774e-06
11.15 -4.51479e-08 -1.06199e-06
11.175 -4.25921e-08 -1.01799e-06
11.2 -4.01557e-08 -9.75671e-07
11.225 -3.78341e-08 -9.34967e-07
11.25 -3.5623e-08 -8.9582e-07
11.275 -3.35183e-08 -8.58171e-07
11.3 -3.15162e-08 -8.21966e-07
11.325 -2.96127e-08 -7.87153e-07
11.35 -2.78042e-08 -7.53681e-07
11.375 -2.6087e-08 -7.21503e-07
11.4 -2.44577e-08 -6.90572e-07
11.425 -2.29128e-08 -6.60846e-07
11.45 -2.1449e-08 -6.32281e-07
11.475 -2.00631e-08 -6.04838e-07
11.5 -1.87517e-08 -5.78478e-07
11.525 -1.75119e-08 -5.53163e-07
11.55 -1.63405e-08 -5.28858e-07
11.575 -1.52346e-08 -5.05527e-07
11.6 -1.41912e-08 -4.83138e-07
11.625 -1.32076e-08 -4.61658e-07
11.65 -1.22809e-08 -4.41055e-07
11.675 -1.14085e-08 -4.213e-07
11.7 -1.05876e-08 -4.02363e-07
11.725 -9.81592e-09 -3.84215e-07
11.75 -9.09082e-09 -3.66829e-07
11.775 -8.40997e-09 -3.50178e-07
11.8 -7.77106e-09 -3.34235e-07
11.825 -7.17188e-09 -3.18976e-07
11.85 -6.61032e-09 -3.04375e-07
11.875 -6.08434e-09 -2.90408e-07
11.9 -5.59197e-09 -2.77052e-07
11.925 -5.13138e-09 -2.64283e-07
11.95 -4.70078e-09 -2.52081e-07
11.975 -4.29848e-09 -2.40422e-07
12 -3.9229e-09 -2.29285e-07
12.025 -3.57252e-09 -2.18651e-07
12.05 -3.24591e-09 -2.08499e-07
12.075 -2.94172e-09 -1.98809e-07
12.1 -2.65869e-09 -1.89562e-07
12.125 -2.39562e-09 -1.80741e-07
12.15 -2.15138e-09 -1.72327e-07
12.175 -1.92494e-09 -1.64303e-07
12.2 -1.71531e-09 -1.56652e-07
12.225 -1.52156e-09 -1.49358e-07
12.25 -1.34283e-09 -1.42405e-07
12.275 -1.1783e-09 -1.35778e-07
12.3 -1.02723e-09 -1.29463e-07
12.325 -8.88886e-10 -1.23445e-07
12.35 -7.62609e-10 -1.17712e-07
12.375 -6.47763e-10 -1.12249e-07
12.4 -5.43749e-10 -1.07044e-07
12.425 -4.49999e-10 -1.02086e-07
12.45 -3.65975e-10 -9.73631e-08
12.475 -2.9116e-10 -9.28642e-08
12.5 -2.25059e-10 -8.85789e-08
12.525 -1.67198e-10 -8.44973e-08
12.55 -1.17116e-10 -8.06099e-08
12.575 -7.43667e-11 -7.69077e-08
12.6 -3.85147e-11 -7.3382e-08
12.625 -9.13502e-12 -7.00248e-08
12.65 1.41891e-11 -6.68283e-08
12.675 3.18673e-11 -6.3785e-08
12.7 4.43031e-11 -6.08881e-08
12.725 5.18945e-11 -5.81309e-08
12.75 5.50346e-11 -5.55072e-08
12.775 5.41114e-11 -5.30109e-08
12.8 4.95082e-11 -5.06364e-08
12.825 4.16034e-11 -4.83783e-08
12.85 3.077e-11 -4.62315e-08
12.875 1.7375e-11 -4.4191e-08
12.9 1.77898e-12 -4.22522e-08
12.925 -1.56646e-11 -4.04106e-08
12.95 -3.46104e-11 -3.86619e-08
12.975 -5.47221e-11 -3.70019e-08
13 -7.56733e-11 -3.54266e-08
13.025 -9.71483e-11 -3.39321e-08
13.05 -1.18843e-10 -3.25147e-08
13.075 -1.40467e-10 -3.11706e-08
13.1 -1.61742e-10 -2.98964e-08
13.125 -1.82406e-10 -2.86885e-08
13.15 -2.0221e-10 -2.75433e-08
13.175 -2.20923e-10 -2.64576e-08
13.2 -2.3833e-10 -2.54279e-08
13.225 -2.54232e-10 -2.44509e-08
13.25 -2.68449e-10 -2.35233e-08
13.275 -2.80818e-10 -2.26419e-08
13.3 -2.91194e-10 -2.18033e-08
13.325 -2.99451e-10 -2.10045e-08
13.35 -3.05479e-10 -2.0242e-08
13.375 -3.09187e-10 -1.95129e-08
13.4 -3.10503e-10 -1.88139e-08
13.425 -3.09369e-10 -1.81418e-08
13.45 -3.05746e-10 -1.74937e-08
13.475 -2.9961e-10 -1.68665e-08
13.5 -2.90953e-10 -1.62571e-08
13.525 -2.7978e-10 -1.56626e-08
13.55 -2.66113e-10 -1.508e-08
13.575 -2.49983e-10 -1.45067e-08
13.6 -2.31436e-10 -1.39397e-08
13.625 -2.10526e-10 -1.33765e-08
13.65 -1.87321e-10 -1.28144e-08
13.675 -1.61893e-10 -1.2251e-08
13.7 -1.34325e-10 -1.16838e-08
13.725 -1.04707e-10 -1.11106e-08
13.75 -7.31318e-11 -1.05293e-08
13.775 -3.97e-11 -9.93787e-09
13.8 -4.51443e-12 -9.33442e-09
13.825 3.23192e-11 -8.71724e-09
13.85 7.06933e-11 -8.08477e-09
13.875 1.10499e-10 -7.43559e-09
13.9 1.51628e-10 -6.76846e-09
13.925 1.93972e-10 -6.08231e-09
13.95 2.37423e-10 -5.37623e-09
13.975 2.81878e-10 -4.64948e-09
14 3.27232e-10 -3.90151e-09
14.025 3.73388e-10 -3.13195e-09
14.05 4.20247e-10 -2.34059e-09
14.075 4.67718e-10 -1.52741e-09
14.1 5.15711e-10 -6.92552e-10
14.125 5.64142e-10 1.63654e-10
14.15 6.12931e-10 1.04072e-09
14.175 6.62001e-10 1.938e-09
14.2 7.1128e-10 2.85467e-09
14.225 7.60702e-10 3.78977e-09
14.25 8.10202e-10 4.74218e-09
14.275 8.59722e-10 5.71066e-09
14.3 9.09206e-10 6.69383e-09
14.325 9.58602e-10 7.69017e-09
14.35 1.00786e-09 8.69808e-09
14.375 1.05694e-09 9.71583e-09
14.4 1.1058e-09 1.07416e-08
14.425 1.15439e-09 1.17735e-08
14.45 1.20268e-09 1.28096e-08
14.475 1.25064e-09 1.38478e-08
14.5 1.29822e-09 1.4886e-08
14.525 1.3454e-09 1.59221e-08
14.55 1.39215e-09 1.6954e-08
14.575 1.43843e-09 1.79795e-08
14.6 1.48421e-09 1.89964e-08
14.625 1.52946e-09 2.00025e-08
14.65 1.57415e-09 2.09957e-08
14.675 1.61825e-09 2.19739e-08
14.7 1.66172e-09 2.29349e-08
14.725 1.70454e-09 2.38766e-08
14.75 1.74667e-09 2.47971e-08
14.775 1.78807e-09 2.56944e-08
14.8 1.82871e-09 2.65667e-08
14.825 1.86855e-09 2.74121e-08
14.85 1.90756e-09 2.82289e-08
14.875 1.9457e-09 2.90156e-08
14.9 1.98292e-09 2.97704e-08
14.925 2.01918e-09 3.04921e-08
14.95 2.05445e-09 3.11793e-08
14.975 2.08867e-09 3.18308e-08
15 2.12182e-09 3.24455e-08
15.025 2.15383e-09 3.30224e-08
15.05 2.18468e-09 3.35606e-08
15.075 2.21431e-09 3.40594e-08
15.1 2.24268e-09 3.45181e-08
15.125 2.26975e-09 3.49363e-08
15.15 2.29548e-09 3.53135e-08
15.175 2.31982e-09 3.56495e-08
15.2 2.34273e-09 3.59441e-08
15.225 2.36418e-09 3.61973e-08
15.25 2.38412e-09 3.64091e-08
15.275 2.40253e-09 3.65798e-08
15.3 2.41936e-09 3.67097e-08
15.325 2.43458e-09 3.6799e-08
15.35 2.44817e-09 3.68485e-08
15.375 2.4601e-09 3.68585e-08
15.4 2.47034e-09 3.68299e-08
15.425 2.47888e-09 3.67634e-08
15.45 2.48569e-09 3.66598e-08
15.475 2.49077e-09 3.65202e-08
15.5 2.49411e-09 3.63454e-08
15.525 2.49569e-09 3.61365e-08
15.55 2.49551e-09 3.58948e-08
15.575 2.49358e-09 3.56213e-08
15.6 2.4899e-09 3.53174e-08
15.625 2.48447e-09 3.49842e-08
15.65 2.47732e-09 3.46231e-08
15.675 2.46844e-09 3.42354e-08
15.7 2.45787e-09 3.38226e-08
15.725 2.44563e-09 3.3386e-08
15.75 2.43174e-09 3.29269e-08
15.775 2.41624e-09 3.2447e-08
15.8 2.39915e-09 3.19475e-08
15.825 2.38052e-09 3.14299e-08
15.85 2.36038e-09 3.08957e-08
15.875 2.33878e-09 3.03462e-08
15.9 2.31576e-09 2.97828e-08
15.925 2.29137e-09 2.9207e-08
15.95 2.26567e-09 2.86201e-08
15.975 2.23871e-09 2.80235e-08
16 2.21053e-09 2.74185e-08
16.025 2.18121e-09 2.68064e-08
16.05 2.15079e-09 2.61885e-08
16.075 2.11935e-09 2.55659e-08
16.1 2.08693e-09 2.49399e-08
16.125 2.05361e-09 2.43116e-08
16.15 2.01944e-09 2.36822e-08
16.175 1.9845e-09 2.30526e-08
16.2 1.94884e-09 2.2424e-08
16.225 1.91253e-09 2.17973e-08
16.25 1.87563e-09 2.11734e-08
16.275 1.83822e-09 2.05533e-08
16.3 1.80035e-09 1.99378e-08
16.325 1.76209e-09 1.93276e-08
16.35 1.7235e-09 1.87236e-08
16.375 1.68464e-09 1.81263e-08
16.4 1.64557e-09 1.75366e-08
16.425 1.60636e-09 1.69549e-08
16.45 1.56706e-09 1.63819e-08
16.475 1.52773e-09 1.5818e-08
16.5 1.48842e-09 1.52637e-08
16.525 1.44919e-09 1.47195e-08
16.55 1.41009e-09 1.41858e-08
16.575 1.37116e-09 1.36628e-08
16.6 1.33246e-09 1.31509e-08
16.625 1.29403e-09 1.26504e-08
16.65 1.25592e-09 1.21614e-08
16.675 1.21817e-09 1.16842e-08
16.7 1.18081e-09 1.12189e-08
16.725 1.14388e-09 1.07656e-08
16.75 1.10742e-09 1.03245e-08
16.775 1.07146e-09 9.89555e-09
16.8 1.03604e-09 9.4788e-09
16.825 1.00117e-09 9.07426e-09
16.85 9.66884e-10 8.6819e-09
16.875 9.33208e-10 8.30168e-09
16.9 9.00161e-10 7.93352e-09
16.925 8.67763e-10 7.57733e-09
16.95 8.36031e-10 7.23299e-09
16.975 8.0498e-10 6.90038e-09
17 7.74623e-10 6.57933e-09
17.025 7.44971e-10 6.2697e-09
17.05 7.16034e-10 5.97129e-09
17.075 6.87818e-10 5.68392e-09
17.1 6.6033e-10 5.40738e-09
17.125 6.33573e-10 5.14146e-09
17.15 6.07551e-10 4.88593e-09
17.175 5.82262e-10 4.64058e-09
17.2 5.57707e-10 4.40515e-09
17.225 5.33884e-10 4.1794e-09
17.25 5.1079e-10 3.96309e-09
17.275 4.88419e-10 3.75596e-09
17.3 4.66766e-10 3.55776e-09
17.325 4.45823e-10 3.36823e-09
17.35 4.25583e-10 3.18712e-09
17.375 4.06038e-10 3.01415e-09
17.4 3.87176e-10 2.84908e-09
17.425 3.68988e-10 2.69165e-09
17.45 3.51463e-10 2.54159e-09
17.475 3.34587e-10 2.39866e-09
17.5 3.1835e-10 2.26261e-09
17.525 3.02737e-10 2.13317e-09
17.55 2.87735e-10 2.01011e-09
17.575 2.73331e-10 1.89319e-09
17.6 2.59509e-10 1.78217e-09
17.625 2.46256e-10 1.67681e-09
17.65 2.33557e-10 1.57688e-09
17.675 2.21395e-10 1.48217e-09
17.7 2.09758e-10 1.39245e-09
17.725 1.98628e-10 1.30751e-09
17.75 1.87992e-10 1.22714e-09
17.775 1.77833e-10 1.15115e-09
17.8 1.68136e-10 1.07933e-09
17.825 1.58887e-10 1.01149e-09
17.85 1.5007e-10 9.47457e-10
17.875 1.4167e-10 8.87044e-10
17.9 1.33673e-10 8.30079e-10
17.925 1.26063e-10 7.76397e-10
17.95 1.18827e-10 7.25837e-10
17.975 1.1195e-10 6.78243e-10
18 1.05419e-10 6.33466e-10
18.025 9.92193e-11 5.91362e-10
18.05 9.33382e-11 5.51795e-10
18.075 8.77624e-11 5.1463e-10
18.1 8.24793e-11 4.79741e-10
18.125 7.74762e-11 4.47006e-10
18.15 7.27413e-11 4.16309e-10
18.175 6.82626e-11 3.87538e-10
18.2 6.40287e-11 3.60586e-10
18.225 6.00285e-11 3.35353e-10
18.25 5.62512e-11 3.1174e-10
18.275 5.26864e-11 2.89655e-10
18.3 4.9324e-11 2.6901e-10
18.325 4.61544e-11 2.49721e-10
18.35 4.3168e-11 2.31709e-10
18.375 4.03558e-11 2.14897e-10
18.4 3.77091e-11 1.99213e-10
18.425 3.52195e-11 1.8459e-10
18.45 3.2879e-11 1.70962e-10
18.475 3.06797e-11 1.58268e-10
18.5 2.86143e-11 1.4645e-10
18.525 2.66757e-11 1.35453e-10
18.55 2.4857e-11 1.25226e-10
18.575 2.31516e-11 1.15718e-10
18.6 2.15535e-11 1.06884e-10
18.625 2.00565e-11 9.86806e-11
18.65 1.8655e-11 9.10656e-11
18.675 1.73436e-11 8.40007e-11
18.7 1.61172e-11 7.74494e-11
18.725 1.49707e-11 7.13772e-11
18.75 1.38996e-11 6.57518e-11
18.775 1.28994e-11 6.05429e-11
18.8 1.19658e-11 5.57219e-11
18.825 1.10949e-11 5.12622e-11
18.85 1.02828e-11 4.71386e-11
18.875 9.52596e-12 4.33277e-11
18.9 8.82096e-12 3.98073e-11
18.925 8.16456e-12 3.65569e-11
18.95 7.55371e-12 3.35571e-11
18.975 6.98552e-12 3.07901e-11
19 6.45727e-12 2.82389e-11
19.025 5.96639e-12 2.58877e-11
19.05 5.51045e-12 2.3722e-11
19.075 5.08716e-12 2.1728e-11
19.1 4.69438e-12 1.9893e-11
19.125 4.33007e-12 1.8205e-11
19.15 3.99234e-12 1.66531e-11
19.175 3.67939e-12 1.52268e-11
19.2 3.38953e-12 1.39167e-11
19.225 3.12119e-12 1.27138e-11
19.25 2.87288e-12 1.16099e-11
19.275 2.64322e-12 1.05973e-11
19.3 2.4309e-12 9.66879e-12
19.325 2.2347e-12 8.81787e-12
19.35 2.05348e-12 8.03838e-12
19.375 1.88618e-12 7.32466e-12
19.4 1.73179e-12 6.67144e-12
19.425 1.58938e-12 6.07387e-12
19.45 1.45808e-12 5.52747e-12
19.475 1.33707e-12 5.02806e-12
19.5 1.22561e-12 4.57182e-12
19.525 1.12298e-12 4.1552e-12
19.55 1.02853e-12 3.77494e-12
19.575 9.41633e-13 3.42801e-12
19.6 8.61732e-13 3.11164e-12
19.625 7.88292e-13 2.82326e-12
19.65 7.20821e-13 2.56052e-12
19.675 6.58859e-13 2.32123e-12
19.7 6.01982e-13 2.10342e-12
19.725 5.49795e-13 1.90523e-12
19.75 5.01932e-13 1.72498e-12
19.775 4.58053e-13 1.56111e-12
19.8 4.17844e-13 1.41222e-12
19.825 3.81014e-13 1.27698e-12
19.85 3.47293e-13 1.1542e-12
19.875 3.16431e-13 1.04278e-12
19.9 2.88199e-13 9.41711e-13
19.925 2.62382e-13 8.50079e-13
19.95 2.38785e-13 7.67036e-13
19.975 2.17225e-13 6.91811e-13
20 1.97535e-13 6.23697e-13
