0 0.134939 0.143669 -0.040011 0.0518287
0.025 0.134939 0.143669 -0.040011 0.0518287
0.05 0.134943 0.143672 -0.0399759 0.0518481
0.075 0.134949 0.143678 -0.0399174 0.0518804
0.1 0.134958 0.143687 -0.0398357 0.0519255
0.125 0.134969 0.143698 -0.039731 0.0519834
0.15 0.134983 0.143711 -0.0396037 0.0520538
0.175 0.134999 0.143727 -0.039454 0.0521366
0.2 0.135018 0.143746 -0.0392823 0.0522317
0.225 0.13504 0.143767 -0.039089 0.0523389
0.25 0.135064 0.14379 -0.0388747 0.0524578
0.275 0.135091 0.143817 -0.0386399 0.0525883
0.3 0.135121 0.143845 -0.0383853 0.0527301
0.325 0.135154 0.143877 -0.0381114 0.0528827
0.35 0.135189 0.143911 -0.0378189 0.053046
0.375 0.135227 0.143948 -0.0375087 0.0532196
0.4 0.135268 0.143987 -0.0371815 0.053403
0.425 0.135312 0.14403 -0.0368381 0.0535959
0.45 0.135359 0.144075 -0.0364794 0.0537978
0.475 0.135409 0.144123 -0.0361064 0.0540083
0.5 0.135462 0.144174 -0.0357199 0.0542269
0.525 0.135518 0.144227 -0.0353209 0.0544532
0.55 0.135577 0.144284 -0.0349104 0.0546866
0.575 0.13564 0.144343 -0.0344894 0.0549266
0.6 0.135705 0.144405 -0.034059 0.0551728
0.625 0.135773 0.144469 -0.0336203 0.0554245
0.65 0.135844 0.144537 -0.0331742 0.0556813
0.675 0.135919 0.144607 -0.0327219 0.0559424
0.7 0.135996 0.14468 -0.0322646 0.0562075
0.725 0.136076 0.144755 -0.0318031 0.0564759
0.75 0.136159 0.144833 -0.0313388 0.056747
0.775 0.136244 0.144913 -0.0308726 0.0570202
0.8 0.136333 0.144996 -0.0304057 0.0572949
0.825 0.136423 0.14508 -0.0299392 0.0575705
0.85 0.136517 0.145167 -0.0294741 0.0578466
0.875 0.136612 0.145256 -0.0290114 0.0581223
0.9 0.13671 0.145347 -0.0285523 0.0583972
0.925 0.13681 0.145439 -0.0280978 0.0586707
0.95 0.136911 0.145533 -0.0276488 0.0589421
0.975 0.137014 0.145628 -0.0272063 0.0592109
1 0.137119 0.145725 -0.0267712 0.0594766
1.025 0.137224 0.145822 -0.0263446 0.0597386
1.05 0.137331 0.14592 -0.0259272 0.0599963
1.075 0.137439 0.146018 -0.0255199 0.0602493
1.1 0.137547 0.146117 -0.0251236 0.0604969
1.125 0.137655 0.146216 -0.0247389 0.0607387
1.15 0.137763 0.146315 -0.0243666 0.0609743
1.175 0.137872 0.146413 -0.0240073 0.0612031
1.2 0.137979 0.146511 -0.0236618 0.0614247
1.225 0.138086 0.146608 -0.0233306 0.0616387
1.25 0.138191 0.146704 -0.0230142 0.0618447
1.275 0.138296 0.146798 -0.0227131 0.0620423
1.3 0.138398 0.14689 -0.0224278 0.0622313
1.325 0.138499 0.146981 -0.0221586 0.0624111
1.35 0.138597 0.147069 -0.0219058 0.0625816
1.375 0.138692 0.147155 -0.0216698 0.0627425
1.4 0.138785 0.147238 -0.0214507 0.0628936
1.425 0.138875 0.147318 -0.0212488 0.0630346
1.45 0.138961 0.147395 -0.0210641 0.0631654
1.475 0.139043 0.147468 -0.0208967 0.0632858
1.5 0.139122 0.147538 -0.0207466 0.0633958
1.525 0.139196 0.147604 -0.0206138 0.0634951
1.55 0.139265 0.147666 -0.0204981 0.0635838
1.575 0.13933 0.147723 -0.0203995 0.0636619
1.6 0.139391 0.147776 -0.0203177 0.0637294
1.625 0.139445 0.147825 -0.0202524 0.0637863
1.65 0.139495 0.147869 -0.0202034 0.0638326
1.675 0.139539 0.147908 -0.0201703 0.0638686
1.7 0.139578 0.147942 -0.0201528 0.0638944
1.725 0.139611 0.14797 -0.0201503 0.0639101
1.75 0.139638 0.147994 -0.0201625 0.0639159
1.775 0.139659 0.148013 -0.0201888 0.0639121
1.8 0.139674 0.148027 -0.0202286 0.063899
1.825 0.139684 0.148035 -0.0202814 0.0638768
1.85 0.139687 0.148038 -0.0203465 0.063846
1.875 0.139684 0.148037 -0.0204233 0.0638067
1.9 0.139676 0.14803 -0.020511 0.0637595
1.925 0.139662 0.148019 -0.0206091 0.0637047
1.95 0.139642 0.148002 -0.0207167 0.0636428
1.975 0.139616 0.147981 -0.020833 0.0635742
2 0.139586 0.147956 -0.0209574 0.0634994
2.025 0.13955 0.147927 -0.021089 0.0634189
2.05 0.139509 0.147894 -0.021227 0.0633333
2.075 0.139463 0.147857 -0.0213706 0.0632429
2.1 0.139413 0.147816 -0.021519 0.0631485
2.125 0.13936 0.147773 -0.0216713 0.0630506
2.15 0.139302 0.147726 -0.0218267 0.0629497
2.175 0.139241 0.147677 -0.0219844 0.0628465
2.2 0.139177 0.147627 -0.0221436 0.0627415
2.225 0.13911 0.147574 -0.0223034 0.0626354
2.25 0.139041 0.14752 -0.022463 0.0625287
2.275 0.138971 0.147466 -0.0226216 0.062422
2.3 0.138899 0.147411 -0.0227784 0.0623161
2.325 0.138827 0.147355 -0.0229327 0.0622114
2.35 0.138754 0.147301 -0.0230837 0.0621086
2.375 0.138682 0.147247 -0.0232306 0.0620083
2.4 0.138611 0.147195 -0.0233728 0.0619112
2.425 0.138541 0.147145 -0.0235095 0.0618177
2.45 0.138473 0.147097 -0.0236401 0.0617285
2.475 0.138408 0.147052 -0.023764 0.0616441
2.5 0.138346 0.147011 -0.0238806 0.0615651
2.525 0.138288 0.146973 -0.0239892 0.061492
2.55 0.138234 0.14694 -0.0240895 0.0614253
2.575 0.138184 0.146912 -0.0241808 0.0613656
2.6 0.138141 0.146889 -0.0242627 0.0613133
2.625 0.138103 0.146872 -0.0243348 0.0612688
2.65 0.138072 0.146862 -0.0243967 0.0612326
2.675 0.138049 0.146858 -0.024448 0.0612051
2.7 0.138032 0.146862 -0.0244885 0.0611866
2.725 0.138025 0.146873 -0.0245179 0.0611775
2.75 0.138026 0.146892 -0.024536 0.0611781
2.775 0.138036 0.14692 -0.0245425 0.0611886
2.8 0.138056 0.146956 -0.0245375 0.0612094
2.825 0.138086 0.147002 -0.0245207 0.0612406
2.85 0.138126 0.147057 -0.0244921 0.0612824
2.875 0.138178 0.147122 -0.0244517 0.0613349
2.9 0.13824 0.147196 -0.0243995 0.0613983
2.925 0.138314 0.147281 -0.0243357 0.0614725
2.95 0.1384 0.147376 -0.0242603 0.0615577
2.975 0.138498 0.147481 -0.0241735 0.0616538
3 0.138609 0.147597 -0.0240755 0.0617607
3.025 0.138731 0.147723 -0.0239664 0.0618784
3.05 0.138866 0.14786 -0.0238467 0.0620067
3.075 0.139014 0.148007 -0.0237165 0.0621455
3.1 0.139174 0.148165 -0.0235763 0.0622945
3.125 0.139347 0.148333 -0.0234263 0.0624535
3.15 0.139532 0.148511 -0.023267 0.0626221
3.175 0.139729 0.148699 -0.0230989 0.0628002
3.2 0.139938 0.148897 -0.0229223 0.0629872
3.225 0.140158 0.149103 -0.0227377 0.0631828
3.25 0.14039 0.149319 -0.0225458 0.0633865
3.275 0.140633 0.149543 -0.0223469 0.0635979
3.3 0.140887 0.149775 -0.0221417 0.0638164
3.325 0.14115 0.150014 -0.0219306 0.0640416
3.35 0.141423 0.15026 -0.0217144 0.0642727
3.375 0.141705 0.150512 -0.0214935 0.0645092
3.4 0.141994 0.150769 -0.0212687 0.0647504
3.425 0.142292 0.151032 -0.0210404 0.0649957
3.45 0.142595 0.151298 -0.0208094 0.0652443
3.475 0.142905 0.151567 -0.0205762 0.0654956
3.5 0.143219 0.151839 -0.0203415 0.0657487
3.525 0.143537 0.152112 -0.020106 0.0660029
3.55 0.143858 0.152385 -0.0198701 0.0662573
3.575 0.144181 0.152657 -0.0196347 0.0665112
3.6 0.144505 0.152928 -0.0194002 0.0667637
3.625 0.144828 0.153195 -0.0191673 0.0670139
3.65 0.145149 0.153459 -0.0189367 0.0672611
3.675 0.145468 0.153717 -0.0187088 0.0675042
3.7 0.145782 0.153969 -0.0184842 0.0677424
3.725 0.146091 0.154213 -0.0182636 0.0679748
3.75 0.146393 0.154448 -0.0180474 0.0682005
3.775 0.146686 0.154673 -0.0178362 0.0684186
3.8 0.14697 0.154887 -0.0176305 0.0686281
3.825 0.147243 0.155087 -0.0174307 0.0688282
3.85 0.147503 0.155273 -0.0172373 0.069018
3.875 0.147749 0.155444 -0.0170507 0.0691965
3.9 0.14798 0.155597 -0.0168714 0.0693628
3.925 0.148193 0.155732 -0.0166997 0.0695162
3.95 0.148388 0.155847 -0.0165359 0.0696556
3.975 0.148563 0.155941 -0.0163803 0.0697803
4 0.148716 0.156012 -0.0162333 0.0698895
4.025 0.148847 0.156059 -0.0160951 0.0699822
4.05 0.148953 0.156081 -0.0159659 0.0700577
4.075 0.149032 0.156076 -0.0158459 0.0701153
4.1 0.149085 0.156043 -0.0157352 0.0701541
4.125 0.149108 0.155981 -0.015634 0.0701735
4.15 0.149102 0.155888 -0.0155423 0.0701728
4.175 0.149063 0.155763 -0.0154602 0.0701513
4.2 0.148992 0.155605 -0.0153878 0.0701084
4.225 0.148887 0.155412 -0.015325 0.0700436
4.25 0.148746 0.155184 -0.0152717 0.0699562
4.275 0.148568 0.154919 -0.0152279 0.0698457
4.3 0.148353 0.154617 -0.0151935 0.0697117
4.325 0.148099 0.154276 -0.0151683 0.0695538
4.35 0.147805 0.153895 -0.0151521 0.0693716
4.375 0.14747 0.153474 -0.0151448 0.0691647
4.4 0.147093 0.153012 -0.0151461 0.0689328
4.425 0.146674 0.152507 -0.0151558 0.0686757
4.45 0.146211 0.15196 -0.0151735 0.0683932
4.475 0.145705 0.151369 -0.015199 0.0680851
4.5 0.145154 0.150735 -0.0152319 0.0677514
4.525 0.144558 0.150056 -0.0152718 0.067392
4.55 0.143917 0.149332 -0.0153184 0.0670068
4.575 0.143229 0.148563 -0.0153713 0.066596
4.6 0.142496 0.147749 -0.01543 0.0661596
4.625 0.141717 0.14689 -0.0154941 0.0656978
4.65 0.140891 0.145984 -0.0155631 0.0652107
4.675 0.140018 0.145034 -0.0156366 0.0646986
4.7 0.1391 0.144038 -0.0157141 0.0641619
4.725 0.138135 0.142997 -0.0157951 0.0636008
4.75 0.137125 0.14191 -0.015879 0.0630157
4.775 0.13607 0.14078 -0.0159655 0.0624072
4.8 0.134969 0.139605 -0.0160538 0.0617756
4.825 0.133824 0.138387 -0.0161437 0.0611215
4.85 0.132636 0.137125 -0.0162344 0.0604454
4.875 0.131404 0.135822 -0.0163256 0.0597481
4.9 0.13013 0.134477 -0.0164166 0.0590301
4.925 0.128815 0.133091 -0.0165069 0.0582921
4.95 0.127459 0.131666 -0.0165961 0.0575348
4.975 0.126064 0.130202 -0.0166836 0.0567591
5 0.124631 0.128701 -0.016769 0.0559658
5.025 0.123161 0.127163 -0.0168517 0.0551555
5.05 0.121655 0.12559 -0.0169313 0.0543293
5.075 0.120115 0.123983 -0.0170072 0.053488
5.1 0.118541 0.122344 -0.0170791 0.0526325
5.125 0.116936 0.120674 -0.0171465 0.0517637
5.15 0.115301 0.118974 -0.017209 0.0508826
5.175 0.113638 0.117246 -0.0172662 0.0499901
5.2 0.111947 0.115492 -0.0173176 0.0490873
5.225 0.110231 0.113713 -0.017363 0.0481751
5.25 0.108492 0.111911 -0.017402 0.0472546
5.275 0.106731 0.110088 -0.0174342 0.0463267
5.3 0.104949 0.108244 -0.0174594 0.0453924
5.325 0.103149 0.106383 -0.0174772 0.0444528
5.35 0.101333 0.104505 -0.0174875 0.0435089
5.375 0.0995019 0.102613 -0.01749 0.0425617
5.4 0.0976577 0.100709 -0.0174844 0.0416123
5.425 0.0958024 0.0987937 -0.0174707 0.0406615
5.45 0.0939378 0.0968695 -0.0174486 0.0397104
5.475 0.0920658 0.0949381 -0.0174181 0.03876
5.5 0.090188 0.0930015 -0.0173789 0.0378113
5.525 0.0883065 0.0910613 -0.0173311 0.0368651
5.55 0.0864228 0.0891194 -0.0172745 0.0359225
5.575 0.0845389 0.0871777 -0.0172092 0.0349842
5.6 0.0826564 0.0852377 -0.0171351 0.0340513
5.625 0.0807771 0.0833013 -0.0170523 0.0331245
5.65 0.0789028 0.0813702 -0.0169608 0.0322047
5.675 0.0770349 0.079446 -0.0168606 0.0312927
5.7 0.0751753 0.0775304 -0.0167519 0.0303892
5.725 0.0733253 0.0756249 -0.0166348 0.0294951
5.75 0.0714867 0.0737312 -0.0165093 0.0286109
5.775 0.0696609 0.0718507 -0.0163757 0.0277375
5.8 0.0678493 0.069985 -0.0162341 0.0268754
5.825 0.0660533 0.0681353 -0.0160847 0.0260253
5.85 0.0642743 0.0663031 -0.0159278 0.0251876
5.875 0.0625135 0.0644896 -0.0157634 0.0243631
5.9 0.0607721 0.0626962 -0.0155919 0.0235521
5.925 0.0590514 0.0609239 -0.0154136 0.0227552
5.95 0.0573525 0.059174 -0.0152286 0.0219727
5.975 0.0556763 0.0574474 -0.0150374 0.021205
6 0.0540238 0.0557453 -0.0148401 0.0204526
6.025 0.0523961 0.0540685 -0.014637 0.0197157
6.05 0.0507939 0.0524178 -0.0144286 0.0189946
6.075 0.049218 0.0507943 -0.014215 0.0182896
6.1 0.0476692 0.0491984 -0.0139967 0.0176008
6.125 0.0461481 0.047631 -0.013774 0.0169285
6.15 0.0446554 0.0460927 -0.0135471 0.0162728
6.175 0.0431915 0.044584 -0.0133165 0.0156338
6.2 0.0417569 0.0431055 -0.0130825 0.0150115
6.225 0.0403521 0.0416575 -0.0128453 0.0144061
6.25 0.0389775 0.0402404 -0.0126055 0.0138174
6.275 0.0376332 0.0388545 -0.0123632 0.0132456
6.3 0.0363196 0.0375001 -0.0121189 0.0126906
6.325 0.0350368 0.0361774 -0.0118729 0.0121522
6.35 0.033785 0.0348865 -0.0116255 0.0116305
6.375 0.0325642 0.0336275 -0.0113771 0.0111252
6.4 0.0313745 0.0324004 -0.0111279 0.0106362
6.425 0.0302158 0.0312052 -0.0108784 0.0101634
6.45 0.0290881 0.0300419 -0.0106287 0.00970659
6.475 0.0279912 0.0289102 -0.0103792 0.0092655
6.5 0.026925 0.0278101 -0.0101303 0.00883994
6.525 0.0258893 0.0267414 -0.00988207 0.00842967
6.55 0.0248838 0.0257038 -0.00963496 0.00803441
6.575 0.0239083 0.024697 -0.00938918 0.0076539
6.6 0.0229624 0.0237207 -0.00914499 0.00728785
6.625 0.0220457 0.0227746 -0.00890263 0.00693596
6.65 0.021158 0.0218582 -0.00866234 0.00659792
6.675 0.0202988 0.0209712 -0.00842434 0.00627341
6.7 0.0194677 0.0201131 -0.00818885 0.0059621
6.725 0.0186642 0.0192834 -0.00795607 0.00566366
6.75 0.0178878 0.0184817 -0.00772617 0.00537775
6.775 0.017138 0.0177074 -0.00749935 0.00510403
6.8 0.0164144 0.0169601 -0.00727576 0.00484216
6.825 0.0157163 0.0162391 -0.00705556 0.00459177
6.85 0.0150433 0.0155439 -0.00683889 0.00435253
6.875 0.0143947 0.014874 -0.00662587 0.00412408
6.9 0.0137701 0.0142288 -0.00641663 0.00390607
6.925 0.0131688 0.0136076 -0.00621127 0.00369815
6.95 0.0125902 0.0130098 -0.00600988 0.00349998
6.975 0.0120338 0.012435 -0.00581254 0.00331121
7 0.0114989 0.0118823 -0.00561933 0.00313151
7.025 0.0109851 0.0113514 -0.00543032 0.00296053
7.05 0.0104916 0.0108414 -0.00524554 0.00279795
7.075 0.0100179 0.0103519 -0.00506504 0.00264343
7.1 0.00956335 0.0098822 -0.00488885 0.00249667
7.125 0.00912743 0.00943169 -0.004717 0.00235735
7.15 0.00870953 0.00899979 -0.00454949 0.00222515
7.175 0.00830907 0.0085859 -0.00438634 0.00209978
7.2 0.00792547 0.00818942 -0.00422752 0.00198095
7.225 0.00755817 0.00780978 -0.00407305 0.00186836
7.25 0.00720662 0.0074464 -0.00392289 0.00176175
7.275 0.00687026 0.00709871 -0.00377702 0.00166085
7.3 0.00654855 0.00676616 -0.0036354 0.00156538
7.325 0.00624096 0.0064482 -0.00349801 0.0014751
7.35 0.00594698 0.00614429 -0.00336478 0.00138975
7.375 0.00566609 0.00585392 -0.00323568 0.00130912
7.4 0.0053978 0.00557656 -0.00311065 0.00123295
7.425 0.00514162 0.00531172 -0.00298963 0.00116104
7.45 0.00489708 0.0050589 -0.00287255 0.00109318
7.475 0.00466372 0.00481764 -0.00275936 0.00102914
7.5 0.00444108 0.00458746 -0.00264997 0.000968748
7.525 0.00422873 0.00436792 -0.00254431 0.000911805
7.55 0.00402625 0.00415858 -0.00244232 0.000858132
7.575 0.00383322 0.00395901 -0.0023439 0.000807555
7.6 0.00364925 0.00376881 -0.00224899 0.000759909
7.625 0.00347395 0.00358756 -0.00215749 0.000715035
7.65 0.00330695 0.00341489 -0.00206933 0.000672782
7.675 0.00314788 0.00325043 -0.00198442 0.000633006
7.7 0.00299639 0.00309381 -0.00190267 0.000595569
7.725 0.00285216 0.00294468 -0.001824 0.000560339
7.75 0.00271485 0.00280271 -0.00174833 0.000527193
7.775 0.00258415 0.00266759 -0.00167556 0.000496012
7.8 0.00245976 0.00253898 -0.00160562 0.000466683
7.825 0.0023414 0.00241661 -0.00153841 0.0004391
7.85 0.00222878 0.00230017 -0.00147385 0.000413161
7.875 0.00212163 0.0021894 -0.00141186 0.00038877
7.9 0.00201971 0.00208402 -0.00135235 0.000365837
7.925 0.00192276 0.00198379 -0.00129524 0.000344275
7.95 0.00183055 0.00188846 -0.00124046 0.000324003
7.975 0.00174284 0.0017978 -0.00118791 0.000304944
8 0.00165944 0.00171158 -0.00113753 0.000287026
8.025 0.00158012 0.00162958 -0.00108922 0.00027018
8.05 0.00150469 0.00155161 -0.00104293 0.000254342
8.075 0.00143296 0.00147747 -0.000998572 0.00023945
8.1 0.00136476 0.00140697 -0.000956076 0.000225448
8.125 0.0012999 0.00133993 -0.000915372 0.000212281
8.15 0.00123822 0.00127619 -0.000876391 0.000199899
8.175 0.00117957 0.00121557 -0.000839066 0.000188254
8.2 0.00112379 0.00115793 -0.000803332 0.000177301
8.225 0.00107075 0.00110312 -0.000769126 0.000166997
8.25 0.0010203 0.00105099 -0.000736387 0.000157303
8.275 0.000972318 0.00100142 -0.000705054 0.000148181
8.3 0.000926681 0.000954266 -0.000675071 0.000139598
8.325 0.000883269 0.000909419 -0.000646381 0.000131519
8.35 0.000841971 0.000866759 -0.000618931 0.000123914
8.375 0.000802682 0.000826178 -0.000592669 0.000116755
8.4 0.0007653 0.00078757 -0.000567544 0.000110013
8.425 0.000729729 0.000750836 -0.000543507 0.000103664
8.45 0.000695878 0.000715882 -0.000520513 9.76843e-05
8.475 0.000663661 0.000682619 -0.000498516 9.2051e-05
8.5 0.000632995 0.00065096 -0.000477473 8.67435e-05
8.525 0.000603803 0.000620827 -0.000457343 8.17421e-05
8.55 0.000576009 0.000592141 -0.000438085 7.70285e-05
8.575 0.000549545 0.000564831 -0.00041966 7.25855e-05
8.6 0.000524342 0.000538827 -0.000402033 6.83971e-05
8.625 0.000500339 0.000514064 -0.000385167 6.44482e-05
8.65 0.000477475 0.000490479 -0.00036903 6.07246e-05
8.675 0.000455692 0.000468014 -0.000353588 5.72132e-05
8.7 0.000434938 0.000446613 -0.00033881 5.39014e-05
8.725 0.000415161 0.000426223 -0.000324667 5.07778e-05
8.75 0.000396312 0.000406793 -0.00031113 4.78313e-05
8.775 0.000378345 0.000388276 -0.000298173 4.50518e-05
8.8 0.000361217 0.000370627 -0.000285768 4.24297e-05
8.825 0.000344887 0.000353803 -0.000273891 3.9956e-05
8.85 0.000329315 0.000337764 -0.000262519 3.76222e-05
8.875 0.000314465 0.00032247 -0.000251629 3.54205e-05
8.9 0.0003003 0.000307886 -0.000241199 3.33433e-05
8.925 0.000286788 0.000293976 -0.000231209 3.13837e-05
8.95 0.000273896 0.000280709 -0.000221638 2.95351e-05
8.975 0.000261596 0.000268052 -0.000212469 2.77914e-05
9 0.000249858 0.000255977 -0.000203684 2.61466e-05
9.025 0.000238655 0.000244455 -0.000195264 2.45954e-05
9.05 0.000227962 0.00023346 -0.000187195 2.31325e-05
9.075 0.000217755 0.000222967 -0.000179461 2.17531e-05
9.1 0.00020801 0.000212952 -0.000172046 2.04526e-05
9.125 0.000198706 0.000203391 -0.000164938 1.92267e-05
9.15 0.000189821 0.000194265 -0.000158122 1.80713e-05
9.175 0.000181337 0.000185551 -0.000151586 1.69825e-05
9.2 0.000173235 0.000177231 -0.000145318 1.59567e-05
9.225 0.000165496 0.000169287 -0.000139306 1.49905e-05
9.25 0.000158103 0.0001617 -0.000133539 1.40806e-05
9.275 0.000151042 0.000154455 -0.000128008 1.32238e-05
9.3 0.000144296 0.000147536 -0.000122701 1.24174e-05
9.325 0.000137852 0.000140926 -0.000117609 1.16585e-05
9.35 0.000131694 0.000134614 -0.000112724 1.09446e-05
9.375 0.000125811 0.000128583 -0.000108037 1.02731e-05
9.4 0.00012019 0.000122823 -0.000103539 9.64165e-06
9.425 0.000114819 0.00011732 -9.92236e-05 9.04811e-06
9.45 0.000109687 0.000112063 -9.5082e-05 8.49035e-06
9.475 0.000104782 0.00010704 -9.11076e-05 7.96635e-06
9.5 0.000100096 0.000102242 -8.72936e-05 7.47422e-06
9.525 9.56174e-05 9.7658e-05 -8.36336e-05 7.01217e-06
9.55 9.13378e-05 9.32783e-05 -8.01213e-05 6.57849e-06
9.575 8.72481e-05 8.9094e-05 -7.67509e-05 6.17156e-06
9.6 8.334e-05 8.50964e-05 -7.35167e-05 5.78986e-06
9.625 7.96055e-05 8.12771e-05 -7.04133e-05 5.43192e-06
9.65 7.60369e-05 7.76283e-05 -6.74355e-05 5.09638e-06
9.675 7.26269e-05 7.41423e-05 -6.45785e-05 4.78192e-06
9.7 6.93686e-05 7.08121e-05 -6.18375e-05 4.48731e-06
9.725 6.62552e-05 6.76306e-05 -5.92079e-05 4.21138e-06
9.75 6.32806e-05 6.45914e-05 -5.66854e-05 3.95301e-06
9.775 6.04385e-05 6.16882e-05 -5.42659e-05 3.71115e-06
9.8 5.77232e-05 5.8915e-05 -5.19454e-05 3.48482e-06
9.825 5.51292e-05 5.62661e-05 -4.972e-05 3.27306e-06
9.85 5.26512e-05 5.3736e-05 -4.75861e-05 3.07498e-06
9.875 5.02841e-05 5.13196e-05 -4.55401e-05 2.88975e-06
9.9 4.80231e-05 4.90118e-05 -4.35787e-05 2.71656e-06
9.925 4.58637e-05 4.68079e-05 -4.16985e-05 2.55467e-06
9.95 4.38012e-05 4.47033e-05 -3.98966e-05 2.40335e-06
9.975 4.18317e-05 4.26936e-05 -3.81697e-05 2.26195e-06
10 3.99509e-05 4.07748e-05 -3.65151e-05 2.12983e-06
10.025 3.8155e-05 3.89428e-05 -3.493e-05 2.00639e-06
10.05 3.64404e-05 3.71937e-05 -3.34116e-05 1.89107e-06
10.075 3.48034e-05 3.5524e-05 -3.19574e-05 1.78334e-06
10.1 3.32407e-05 3.39302e-05 -3.05648e-05 1.6827e-06
10.125 3.1749e-05 3.24088e-05 -2.92315e-05 1.58867e-06
10.15 3.03252e-05 3.09568e-05 -2.79551e-05 1.50083e-06
10.175 2.89663e-05 2.9571e-05 -2.67335e-05 1.41874e-06
10.2 2.76694e-05 2.82484e-05 -2.55644e-05 1.34203e-06
10.225 2.64318e-05 2.69864e-05 -2.44458e-05 1.27031e-06
10.25 2.52509e-05 2.57821e-05 -2.33756e-05 1.20326e-06
10.275 2.41242e-05 2.46331e-05 -2.2352e-05 1.14054e-06
10.3 2.30492e-05 2.35368e-05 -2.13731e-05 1.08186e-06
10.325 2.20237e-05 2.24909e-05 -2.0437e-05 1.02692e-06
10.35 2.10454e-05 2.14931e-05 -1.95421e-05 9.75473e-07
10.375 2.01122e-05 2.05412e-05 -1.86867e-05 9.27256e-07
10.4 1.9222e-05 1.96333e-05 -1.78692e-05 8.82041e-07
10.425 1.8373e-05 1.87672e-05 -1.70879e-05 8.39612e-07
10.45 1.75633e-05 1.7941e-05 -1.63415e-05 7.99766e-07
10.475 1.67911e-05 1.71531e-05 -1.56285e-05 7.62313e-07
10.5 1.60546e-05 1.64016e-05 -1.49474e-05 7.27078e-07
10.525 1.53523e-05 1.56848e-05 -1.4297e-05 6.93898e-07
10.55 1.46825e-05 1.50012e-05 -1.36759e-05 6.62618e-07
10.575 1.40438e-05 1.43492e-05 -1.3083e-05 6.33099e-07
10.6 1.34348e-05 1.37274e-05 -1.2517e-05 6.05208e-07
10.625 1.2854e-05 1.31343e-05 -1.19767e-05 5.78824e-07
10.65 1.23001e-05 1.25687e-05 -1.1461e-05 5.53835e-07
10.675 1.1772e-05 1.20293e-05 -1.0969e-05 5.30137e-07
10.7 1.12684e-05 1.15147e-05 -1.04995e-05 5.07633e-07
10.725 1.07881e-05 1.1024e-05 -1.00515e-05 4.86235e-07
10.75 1.033e-05 1.05559e-05 -9.62418e-06 4.65862e-07
10.775 9.89313e-06 1.01094e-05 -9.21652e-06 4.46439e-07
10.8 9.47647e-06 9.68347e-06 -8.82768e-06 4.27898e-07
10.825 9.07904e-06 9.27714e-06 -8.45679e-06 4.10176e-07
10.85 8.69993e-06 8.88949e-06 -8.10306e-06 3.93216e-07
10.875 8.33827e-06 8.51962e-06 -7.76569e-06 3.76965e-07
10.9 7.99323e-06 8.16669e-06 -7.44394e-06 3.61377e-07
10.925 7.66401e-06 7.8299e-06 -7.13708e-06 3.46409e-07
10.95 7.34985e-06 7.50847e-06 -6.84443e-06 3.32021e-07
10.975 7.05003e-06 7.20167e-06 -6.56531e-06 3.18179e-07
11 6.76385e-06 6.9088e-06 -6.2991e-06 3.04851e-07
11.025 6.49067e-06 6.62919e-06 -6.04517e-06 2.92008e-07
11.05 6.22985e-06 6.3622e-06 -5.80295e-06 2.79624e-07
11.075 5.98079e-06 6.10723e-06 -5.57188e-06 2.67678e-07
11.1 5.74293e-06 5.8637e-06 -5.35141e-06 2.56147e-07
11.125 5.51571e-06 5.63105e-06 -5.14102e-06 2.45015e-07
11.15 5.29864e-06 5.40877e-06 -4.94024e-06 2.34264e-07
11.175 5.0912e-06 5.19634e-06 -4.74858e-06 2.2388e-07
11.2 4.89294e-06 4.99329e-06 -4.56559e-06 2.1385e-07
11.225 4.7034e-06 4.79918e-06 -4.39085e-06 2.04163e-07
11.25 4.52216e-06 4.61355e-06 -4.22394e-06 1.94807e-07
11.275 4.34882e-06 4.43601e-06 -4.06447e-06 1.85773e-07
11.3 4.18299e-06 4.26616e-06 -3.91206e-06 1.77053e-07
11.325 4.0243e-06 4.10363e-06 -3.76635e-06 1.68639e-07
11.35 3.87241e-06 3.94806e-06 -3.62701e-06 1.60524e-07
11.375 3.72698e-06 3.79911e-06 -3.49371e-06 1.52701e-07
11.4 3.5877e-06 3.65647e-06 -3.36614e-06 1.45164e-07
11.425 3.45427e-06 3.51982e-06 -3.24401e-06 1.37907e-07
11.45 3.3264e-06 3.38887e-06 -3.12703e-06 1.30924e-07
11.475 3.20383e-06 3.26336e-06 -3.01494e-06 1.24209e-07
11.5 3.08629e-06 3.14301e-06 -2.90749e-06 1.17758e-07
11.525 2.97355e-06 3.02757e-06 -2.80444e-06 1.11564e-07
11.55 2.86536e-06 2.91682e-06 -2.70557e-06 1.05623e-07
11.575 2.76151e-06 2.81051e-06 -2.61066e-06 9.99284e-08
11.6 2.6618e-06 2.70845e-06 -2.5195e-06 9.44751e-08
11.625 2.56601e-06 2.61042e-06 -2.4319e-06 8.92572e-08
11.65 2.47397e-06 2.51623e-06 -2.34769e-06 8.4269e-08
11.675 2.38549e-06 2.4257e-06 -2.26669e-06 7.95046e-08
11.7 2.3004e-06 2.33866e-06 -2.18875e-06 7.4958e-08
11.725 2.21855e-06 2.25494e-06 -2.1137e-06 7.06229e-08
11.75 2.13978e-06 2.17439e-06 -2.04141e-06 6.64932e-08
11.775 2.06395e-06 2.09686e-06 -1.97173e-06 6.25624e-08
11.8 1.99092e-06 2.02221e-06 -1.90456e-06 5.88241e-08
11.825 1.92056e-06 1.9503e-06 -1.83976e-06 5.52717e-08
11.85 1.85276e-06 1.88101e-06 -1.77722e-06 5.18987e-08
11.875 1.78739e-06 1.81423e-06 -1.71684e-06 4.86984e-08
11.9 1.72434e-06 1.74985e-06 -1.65852e-06 4.56642e-08
11.925 1.66352e-06 1.68774e-06 -1.60216e-06 4.27895e-08
11.95 1.60482e-06 1.62783e-06 -1.54769e-06 4.00678e-08
11.975 1.54815e-06 1.57e-06 -1.49502e-06 3.74925e-08
12 1.49343e-06 1.51418e-06 -1.44407e-06 3.50573e-08
12.025 1.44057e-06 1.46028e-06 -1.39477e-06 3.27558e-08
12.05 1.3895e-06 1.40822e-06 -1.34705e-06 3.0582e-08
12.075 1.34014e-06 1.35792e-06 -1.30086e-06 2.85298e-08
12.1 1.29242e-06 1.30931e-06 -1.25612e-06 2.65935e-08
12.125 1.24628e-06 1.26233e-06 -1.21279e-06 2.47673e-08
12.15 1.20166e-06 1.21691e-06 -1.17082e-06 2.30459e-08
12.175 1.1585e-06 1.17299e-06 -1.13015e-06 2.1424e-08
12.2 1.11673e-06 1.13052e-06 -1.09073e-06 1.98968e-08
12.225 1.07632e-06 1.08944e-06 -1.05253e-06 1.84593e-08
12.25 1.03721e-06 1.04971e-06 -1.01549e-06 1.71072e-08
12.275 9.99356e-07 1.01126e-06 -9.7959e-07 1.58361e-08
12.3 9.6271e-07 9.74065e-07 -9.44781e-07 1.4642e-08
12.325 9.27233e-07 9.38072e-07 -9.11029e-07 1.35212e-08
12.35 8.92885e-07 9.03241e-07 -8.78301e-07 1.247e-08
12.375 8.59627e-07 8.69534e-07 -8.46563e-07 1.14852e-08
12.4 8.27425e-07 8.36913e-07 -8.15785e-07 1.05636e-08
12.425 7.96244e-07 8.05342e-07 -7.85937e-07 9.70227e-09
12.45 7.6605e-07 7.74787e-07 -7.5699e-07 8.89861e-09
12.475 7.36814e-07 7.45217e-07 -7.28917e-07 8.15006e-09
12.5 7.08505e-07 7.16598e-07 -7.0169e-07 7.45429e-09
12.525 6.81095e-07 6.88903e-07 -6.75285e-07 6.80912e-09
12.55 6.54556e-07 6.62101e-07 -6.49676e-07 6.21252e-09
12.575 6.28862e-07 6.36165e-07 -6.2484e-07 5.66258e-09
12.6 6.03989e-07 6.11069e-07 -6.00754e-07 5.15753e-09
12.625 5.79911e-07 5.86787e-07 -5.77396e-07 4.69567e-09
12.65 5.56606e-07 5.63295e-07 -5.54744e-07 4.27542e-09
12.675 5.34051e-07 5.40568e-07 -5.32777e-07 3.89523e-09
12.7 5.12224e-07 5.18583e-07 -5.11476e-07 3.55365e-09
12.725 4.91104e-07 4.97319e-07 -4.9082e-07 3.24925e-09
12.75 4.70672e-07 4.76753e-07 -4.70792e-07 2.98064e-09
12.775 4.50907e-07 4.56866e-07 -4.51373e-07 2.74645e-09
12.8 4.31791e-07 4.37637e-07 -4.32546e-07 2.54532e-09
12.825 4.13306e-07 4.19046e-07 -4.14295e-07 2.37589e-09
12.85 3.95433e-07 4.01076e-07 -3.96603e-07 2.2368e-09
12.875 3.78156e-07 3.83708e-07 -3.79455e-07 2.12668e-09
12.9 3.61459e-07 3.66925e-07 -3.62837e-07 2.04413e-09
12.925 3.45325e-07 3.5071e-07 -3.46734e-07 1.98774e-09
12.95 3.2974e-07 3.35046e-07 -3.31134e-07 1.95608e-09
12.975 3.14688e-07 3.1992e-07 -3.16025e-07 1.94768e-09
13 3.00156e-07 3.05315e-07 -3.01393e-07 1.96105e-09
13.025 2.8613e-07 2.91218e-07 -2.87229e-07 1.99468e-09
13.05 2.72597e-07 2.77615e-07 -2.73521e-07 2.04704e-09
13.075 2.59545e-07 2.64493e-07 -2.6026e-07 2.11658e-09
13.1 2.46961e-07 2.5184e-07 -2.47437e-07 2.20172e-09
13.125 2.34835e-07 2.39645e-07 -2.35043e-07 2.3009e-09
13.15 2.23155e-07 2.27895e-07 -2.2307e-07 2.41253e-09
13.175 2.11911e-07 2.1658e-07 -2.1151e-07 2.53504e-09
13.2 2.01094e-07 2.05691e-07 -2.00358e-07 2.66685e-09
13.225 1.90694e-07 1.95218e-07 -1.89606e-07 2.80642e-09
13.25 1.80702e-07 1.85153e-07 -1.79248e-07 2.95221e-09
13.275 1.7111e-07 1.75486e-07 -1.69281e-07 3.10274e-09
13.3 1.6191e-07 1.66211e-07 -1.59698e-07 3.25655e-09
13.325 1.53095e-07 1.57319e-07 -1.50495e-07 3.41224e-09
13.35 1.44658e-07 1.48805e-07 -1.41668e-07 3.56844e-09
13.375 1.36591e-07 1.40661e-07 -1.33213e-07 3.72387e-09
13.4 1.2889e-07 1.32881e-07 -1.25127e-07 3.87732e-09
13.425 1.21548e-07 1.25461e-07 -1.17406e-07 4.02764e-09
13.45 1.1456e-07 1.18394e-07 -1.10046e-07 4.17376e-09
13.475 1.07919e-07 1.11676e-07 -1.03046e-07 4.31472e-09
13.5 1.01622e-07 1.05301e-07 -9.64022e-08 4.44964e-09
13.525 9.56635e-08 9.92667e-08 -9.01112e-08 4.57773e-09
13.55 9.00386e-08 9.35671e-08 -8.41705e-08 4.6983e-09
13.575 8.47432e-08 8.81985e-08 -7.8577e-08 4.81078e-09
13.6 7.97728e-08 8.31571e-08 -7.33277e-08 4.91469e-09
13.625 7.51233e-08 7.84389e-08 -6.84196e-08 5.00965e-09
13.65 7.07904e-08 7.404e-08 -6.38492e-08 5.09539e-09
13.675 6.677e-08 6.99566e-08 -5.96131e-08 5.17175e-09
13.7 6.30578e-08 6.61847e-08 -5.57074e-08 5.23866e-09
13.725 5.96496e-08 6.27206e-08 -5.21282e-08 5.29618e-09
13.75 5.65412e-08 5.956e-08 -4.88712e-08 5.34442e-09
13.775 5.3728e-08 5.66989e-08 -4.59316e-08 5.38362e-09
13.8 5.12054e-08 5.41328e-08 -4.33046e-08 5.4141e-09
13.825 4.89687e-08 5.18572e-08 -4.09847e-08 5.43625e-09
13.85 4.70129e-08 4.98674e-08 -3.89662e-08 5.45057e-09
13.875 4.53329e-08 4.81583e-08 -3.72431e-08 5.45759e-09
13.9 4.39232e-08 4.67246e-08 -3.58088e-08 5.45793e-09
13.925 4.2778e-08 4.55609e-08 -3.46563e-08 5.45228e-09
13.95 4.18915e-08 4.4661e-08 -3.37783e-08 5.44135e-09
13.975 4.12574e-08 4.4019e-08 -3.31672e-08 5.42592e-09
14 4.08691e-08 4.36282e-08 -3.28146e-08 5.40678e-09
14.025 4.07196e-08 4.34817e-08 -3.27121e-08 5.38479e-09
14.05 4.08019e-08 4.35723e-08 -3.28507e-08 5.36078e-09
14.075 4.11084e-08 4.38924e-08 -3.32212e-08 5.33562e-09
14.1 4.16312e-08 4.44342e-08 -3.38138e-08 5.31019e-09
14.125 4.23622e-08 4.51893e-08 -3.46186e-08 5.28535e-09
14.15 4.3293e-08 4.61491e-08 -3.56252e-08 5.26195e-09
14.175 4.44147e-08 4.73048e-08 -3.68231e-08 5.24085e-09
14.2 4.57183e-08 4.8647e-08 -3.82013e-08 5.22285e-09
14.225 4.71946e-08 5.01663e-08 -3.97489e-08 5.20874e-09
14.25 4.88338e-08 5.18529e-08 -4.14544e-08 5.19927e-09
14.275 5.06262e-08 5.36967e-08 -4.33064e-08 5.19514e-09
14.3 5.25617e-08 5.56874e-08 -4.52934e-08 5.19701e-09
14.325 5.46301e-08 5.78145e-08 -4.74035e-08 5.20549e-09
14.35 5.68211e-08 6.00673e-08 -4.9625e-08 5.22112e-09
14.375 5.9124e-08 6.24349e-08 -5.19461e-08 5.24441e-09
14.4 6.15281e-08 6.49065e-08 -5.4355e-08 5.27577e-09
14.425 6.40228e-08 6.7471e-08 -5.68398e-08 5.31558e-09
14.45 6.65972e-08 7.01172e-08 -5.93889e-08 5.36412e-09
14.475 6.92406e-08 7.28339e-08 -6.19907e-08 5.42163e-09
14.5 7.19419e-08 7.56101e-08 -6.46336e-08 5.48826e-09
14.525 7.46906e-08 7.84347e-08 -6.73065e-08 5.5641e-09
14.55 7.74758e-08 8.12965e-08 -6.99981e-08 5.64918e-09
14.575 8.02869e-08 8.41847e-08 -7.26978e-08 5.74345e-09
14.6 8.31135e-08 8.70884e-08 -7.53948e-08 5.84678e-09
14.625 8.59452e-08 8.9997e-08 -7.8079e-08 5.95901e-09
14.65 8.87718e-08 9.29001e-08 -8.07403e-08 6.07988e-09
14.675 9.15835e-08 9.57875e-08 -8.33693e-08 6.2091e-09
14.7 9.43705e-08 9.86491e-08 -8.59566e-08 6.34629e-09
14.725 9.71236e-08 1.01475e-07 -8.84934e-08 6.49106e-09
14.75 9.98335e-08 1.04257e-07 -9.09713e-08 6.64291e-09
14.775 1.02492e-07 1.06985e-07 -9.33824e-08 6.80135e-09
14.8 1.05089e-07 1.09651e-07 -9.57191e-08 6.96582e-09
14.825 1.07619e-07 1.12246e-07 -9.79743e-08 7.13571e-09
14.85 1.10073e-07 1.14762e-07 -1.00142e-07 7.31039e-09
14.875 1.12443e-07 1.17193e-07 -1.02215e-07 7.4892e-09
14.9 1.14723e-07 1.19531e-07 -1.04188e-07 7.67146e-09
14.925 1.16907e-07 1.21769e-07 -1.06056e-07 7.85644e-09
14.95 1.18989e-07 1.23902e-07 -1.07815e-07 8.04344e-09
14.975 1.20963e-07 1.25923e-07 -1.0946e-07 8.2317e-09
15 1.22824e-07 1.27829e-07 -1.10988e-07 8.42049e-09
15.025 1.24568e-07 1.29613e-07 -1.12395e-07 8.60905e-09
15.05 1.2619e-07 1.31273e-07 -1.1368e-07 8.79663e-09
15.075 1.27688e-07 1.32804e-07 -1.14839e-07 8.98249e-09
15.1 1.29058e-07 1.34203e-07 -1.15871e-07 9.16591e-09
15.125 1.30297e-07 1.35467e-07 -1.16775e-07 9.34615e-09
15.15 1.31403e-07 1.36595e-07 -1.1755e-07 9.52252e-09
15.175 1.32374e-07 1.37584e-07 -1.18196e-07 9.69433e-09
15.2 1.3321e-07 1.38434e-07 -1.18712e-07 9.86093e-09
15.225 1.3391e-07 1.39143e-07 -1.191e-07 1.00217e-08
15.25 1.34473e-07 1.39712e-07 -1.1936e-07 1.0176e-08
15.275 1.34899e-07 1.4014e-07 -1.19493e-07 1.03232e-08
15.3 1.35188e-07 1.40428e-07 -1.19502e-07 1.0463e-08
15.325 1.35343e-07 1.40576e-07 -1.19387e-07 1.05946e-08
15.35 1.35364e-07 1.40587e-07 -1.19152e-07 1.07177e-08
15.375 1.35252e-07 1.40462e-07 -1.18798e-07 1.08319e-08
15.4 1.3501e-07 1.40203e-07 -1.1833e-07 1.09367e-08
15.425 1.3464e-07 1.39812e-07 -1.17749e-07 1.10318e-08
15.45 1.34145e-07 1.39293e-07 -1.17059e-07 1.1117e-08
15.475 1.33527e-07 1.38647e-07 -1.16264e-07 1.11919e-08
15.5 1.3279e-07 1.37879e-07 -1.15367e-07 1.12563e-08
15.525 1.31938e-07 1.36993e-07 -1.14372e-07 1.13101e-08
15.55 1.30973e-07 1.35991e-07 -1.13285e-07 1.13532e-08
15.575 1.29901e-07 1.34878e-07 -1.12107e-07 1.13853e-08
15.6 1.28725e-07 1.33658e-07 -1.10845e-07 1.14065e-08
15.625 1.27449e-07 1.32336e-07 -1.09502e-07 1.14168e-08
15.65 1.26077e-07 1.30916e-07 -1.08084e-07 1.14162e-08
15.675 1.24615e-07 1.29403e-07 -1.06593e-07 1.14047e-08
15.7 1.23067e-07 1.27801e-07 -1.05036e-07 1.13824e-08
15.725 1.21438e-07 1.26115e-07 -1.03416e-07 1.13496e-08
15.75 1.19732e-07 1.24351e-07 -1.01739e-07 1.13062e-08
15.775 1.17955e-07 1.22514e-07 -1.00008e-07 1.12526e-08
15.8 1.16111e-07 1.20607e-07 -9.82293e-08 1.1189e-08
15.825 1.14205e-07 1.18637e-07 -9.64062e-08 1.11156e-08
15.85 1.12242e-07 1.16609e-07 -9.45437e-08 1.10326e-08
15.875 1.10228e-07 1.14527e-07 -9.26461e-08 1.09405e-08
15.9 1.08166e-07 1.12397e-07 -9.07178e-08 1.08395e-08
15.925 1.06062e-07 1.10223e-07 -8.87629e-08 1.07299e-08
15.95 1.03921e-07 1.0801e-07 -8.67858e-08 1.06121e-08
15.975 1.01746e-07 1.05763e-07 -8.47904e-08 1.04865e-08
16 9.95436e-08 1.03488e-07 -8.27807e-08 1.03535e-08
16.025 9.73173e-08 1.01187e-07 -8.07605e-08 1.02135e-08
16.05 9.50716e-08 9.88671e-08 -7.87334e-08 1.00668e-08
16.075 9.28109e-08 9.65311e-08 -7.67032e-08 9.91396e-09
16.1 9.05393e-08 9.41837e-08 -7.46731e-08 9.75531e-09
16.125 8.82608e-08 9.1829e-08 -7.26464e-08 9.5913e-09
16.15 8.59792e-08 8.9471e-08 -7.06263e-08 9.42235e-09
16.175 8.36984e-08 8.71136e-08 -6.86157e-08 9.2489e-09
16.2 8.14218e-08 8.47603e-08 -6.66176e-08 9.07137e-09
16.225 7.91531e-08 8.24149e-08 -6.46345e-08 8.89018e-09
16.25 7.68953e-08 8.00805e-08 -6.2669e-08 8.70575e-09
16.275 7.46516e-08 7.77604e-08 -6.07234e-08 8.5185e-09
16.3 7.2425e-08 7.54577e-08 -5.88e-08 8.32883e-09
16.325 7.02183e-08 7.31752e-08 -5.69009e-08 8.13714e-09
16.35 6.8034e-08 7.09155e-08 -5.50279e-08 7.94381e-09
16.375 6.58747e-08 6.86814e-08 -5.31829e-08 7.74924e-09
16.4 6.37426e-08 6.6475e-08 -5.13674e-08 7.55379e-09
16.425 6.16399e-08 6.42986e-08 -4.9583e-08 7.35781e-09
16.45 5.95685e-08 6.21542e-08 -4.78309e-08 7.16165e-09
16.475 5.75303e-08 6.00437e-08 -4.61124e-08 6.96564e-09
16.5 5.55268e-08 5.79688e-08 -4.44286e-08 6.77011e-09
16.525 5.35597e-08 5.59311e-08 -4.27804e-08 6.57534e-09
16.55 5.16302e-08 5.39319e-08 -4.11686e-08 6.38165e-09
16.575 4.97396e-08 5.19726e-08 -3.9594e-08 6.18929e-09
16.6 4.78888e-08 5.00541e-08 -3.8057e-08 5.99854e-09
16.625 4.6079e-08 4.81775e-08 -3.65583e-08 5.80963e-09
16.65 4.43107e-08 4.63437e-08 -3.5098e-08 5.6228e-09
16.675 4.25848e-08 4.45532e-08 -3.36766e-08 5.43827e-09
16.7 4.09017e-08 4.28067e-08 -3.22942e-08 5.25623e-09
16.725 3.92618e-08 4.11046e-08 -3.09509e-08 5.07686e-09
16.75 3.76656e-08 3.94472e-08 -2.96466e-08 4.90035e-09
16.775 3.61131e-08 3.78349e-08 -2.83812e-08 4.72684e-09
16.8 3.46045e-08 3.62676e-08 -2.71547e-08 4.55648e-09
16.825 3.31397e-08 3.47454e-08 -2.59666e-08 4.38939e-09
16.85 3.17188e-08 3.32683e-08 -2.48169e-08 4.22569e-09
16.875 3.03414e-08 3.1836e-08 -2.3705e-08 4.06548e-09
16.9 2.90074e-08 3.04483e-08 -2.26306e-08 3.90885e-09
16.925 2.77164e-08 2.91049e-08 -2.15931e-08 3.75587e-09
16.95 2.6468e-08 2.78054e-08 -2.05921e-08 3.60661e-09
16.975 2.52617e-08 2.65493e-08 -1.9627e-08 3.46112e-09
17 2.40971e-08 2.5336e-08 -1.86972e-08 3.31943e-09
17.025 2.29734e-08 2.41651e-08 -1.78019e-08 3.18159e-09
17.05 2.18902e-08 2.30358e-08 -1.69406e-08 3.0476e-09
17.075 2.08466e-08 2.19475e-08 -1.61125e-08 2.91747e-09
17.1 1.98421e-08 2.08994e-08 -1.5317e-08 2.79122e-09
17.125 1.88757e-08 1.98908e-08 -1.45531e-08 2.66883e-09
17.15 1.79468e-08 1.89208e-08 -1.38202e-08 2.55028e-09
17.175 1.70545e-08 1.79887e-08 -1.31175e-08 2.43555e-09
17.2 1.61979e-08 1.70935e-08 -1.24442e-08 2.32462e-09
17.225 1.53762e-08 1.62344e-08 -1.17995e-08 2.21744e-09
17.25 1.45885e-08 1.54105e-08 -1.11826e-08 2.11397e-09
17.275 1.3834e-08 1.46209e-08 -1.05925e-08 2.01417e-09
17.3 1.31116e-08 1.38646e-08 -1.00286e-08 1.91798e-09
17.325 1.24205e-08 1.31407e-08 -9.49004e-09 1.82534e-09
17.35 1.17598e-08 1.24483e-08 -8.97594e-09 1.73618e-09
17.375 1.11285e-08 1.17864e-08 -8.48552e-09 1.65045e-09
17.4 1.05257e-08 1.11541e-08 -8.01797e-09 1.56808e-09
17.425 9.95048e-09 1.05505e-08 -7.57249e-09 1.48898e-09
17.45 9.40196e-09 9.97449e-09 -7.14831e-09 1.41309e-09
17.475 8.87919e-09 9.42529e-09 -6.74463e-09 1.34033e-09
17.5 8.38129e-09 8.90193e-09 -6.36069e-09 1.27062e-09
17.525 7.90736e-09 8.4035e-09 -5.99575e-09 1.20388e-09
17.55 7.45652e-09 7.9291e-09 -5.64906e-09 1.14002e-09
17.575 7.0279e-09 7.47784e-09 -5.3199e-09 1.07897e-09
17.6 6.62066e-09 7.04885e-09 -5.00756e-09 1.02065e-09
17.625 6.23396e-09 6.64125e-09 -4.71134e-09 9.64956e-10
17.65 5.86698e-09 6.25422e-09 -4.43058e-09 9.11821e-10
17.675 5.51891e-09 5.88693e-09 -4.16462e-09 8.61157e-10
17.7 5.18898e-09 5.53857e-09 -3.91281e-09 8.12881e-10
17.725 4.87642e-09 5.20835e-09 -3.67453e-09 7.66911e-10
17.75 4.58048e-09 4.89551e-09 -3.44918e-09 7.23164e-10
17.775 4.30045e-09 4.59929e-09 -3.23617e-09 6.8156e-10
17.8 4.03561e-09 4.31898e-09 -3.03494e-09 6.42019e-10
17.825 3.78529e-09 4.05385e-09 -2.84493e-09 6.04463e-10
17.85 3.54881e-09 3.80324e-09 -2.66561e-09 5.68814e-10
17.875 3.32554e-09 3.56647e-09 -2.49648e-09 5.34995e-10
17.9 3.11486e-09 3.34289e-09 -2.33702e-09 5.02934e-10
17.925 2.91616e-09 3.1319e-09 -2.18678e-09 4.72556e-10
17.95 2.72886e-09 2.93288e-09 -2.04529e-09 4.43791e-10
17.975 2.55241e-09 2.74525e-09 -1.91211e-09 4.1657e-10
18 2.38627e-09 2.56846e-09 -1.78681e-09 3.90825e-10
18.025 2.22991e-09 2.40198e-09 -1.669e-09 3.6649e-10
18.05 2.08285e-09 2.24527e-09 -1.55827e-09 3.43502e-10
18.075 1.94459e-09 2.09784e-09 -1.45425e-09 3.21798e-10
18.1 1.81468e-09 1.95922e-09 -1.35658e-09 3.01319e-10
18.125 1.69269e-09 1.82895e-09 -1.26493e-09 2.82007e-10
18.15 1.57818e-09 1.70658e-09 -1.17897e-09 2.63805e-10
18.175 1.47076e-09 1.59169e-09 -1.09837e-09 2.4666e-10
18.2 1.37003e-09 1.48388e-09 -1.02285e-09 2.30518e-10
18.225 1.27563e-09 1.38277e-09 -9.52112e-10 2.15331e-10
18.25 1.18721e-09 1.28799e-09 -8.85892e-10 2.01048e-10
18.275 1.10442e-09 1.19918e-09 -8.23929e-10 1.87625e-10
18.3 1.02695e-09 1.11601e-09 -7.65977e-10 1.75015e-10
18.325 9.54496e-10 1.03815e-09 -7.11803e-10 1.63176e-10
18.35 8.86762e-10 9.65317e-10 -6.61183e-10 1.52067e-10
18.375 8.23474e-10 8.97204e-10 -6.13906e-10 1.41649e-10
18.4 7.64368e-10 8.3354e-10 -5.69774e-10 1.31883e-10
18.425 7.09196e-10 7.74063e-10 -5.28595e-10 1.22734e-10
18.45 6.57721e-10 7.18524e-10 -4.90189e-10 1.14168e-10
18.475 6.09717e-10 6.66688e-10 -4.54387e-10 1.0615e-10
18.5 5.64974e-10 6.18329e-10 -4.21027e-10 9.86509e-11
18.525 5.23288e-10 5.73237e-10 -3.89957e-10 9.16398e-11
18.55 4.84471e-10 5.3121e-10 -3.61033e-10 8.50885e-11
18.575 4.48341e-10 4.92058e-10 -3.34118e-10 7.897e-11
18.6 4.14729e-10 4.55601e-10 -3.09084e-10 7.32585e-11
18.625 3.83474e-10 4.21671e-10 -2.85811e-10 6.79297e-11
18.65 3.54424e-10 3.90105e-10 -2.64184e-10 6.29605e-11
18.675 3.27436e-10 3.60753e-10 -2.44095e-10 5.83289e-11
18.7 3.02376e-10 3.33472e-10 -2.25444e-10 5.40141e-11
18.725 2.79117e-10 3.08128e-10 -2.08135e-10 4.99964e-11
18.75 2.57539e-10 2.84593e-10 -1.92078e-10 4.62572e-11
18.775 2.3753e-10 2.62748e-10 -1.7719e-10 4.2779e-11
18.8 2.18985e-10 2.42482e-10 -1.63392e-10 3.9545e-11
18.825 2.01803e-10 2.23687e-10 -1.50608e-10 3.65397e-11
18.85 1.85893e-10 2.06266e-10 -1.3877e-10 3.37481e-11
18.875 1.71166e-10 1.90125e-10 -1.27813e-10 3.11563e-11
18.9 1.57541e-10 1.75177e-10 -1.17675e-10 2.87512e-11
18.925 1.44941e-10 1.61339e-10 -1.08298e-10 2.65203e-11
18.95 1.33295e-10 1.48535e-10 -9.96306e-11 2.44521e-11
18.975 1.22534e-10 1.36692e-10 -9.1621e-11 2.25356e-11
19 1.12596e-10 1.25744e-10 -8.42228e-11 2.07605e-11
19.025 1.03422e-10 1.15626e-10 -7.73922e-11 1.9117e-11
19.05 9.49569e-11 1.06281e-10 -7.10883e-11 1.75963e-11
19.075 8.71495e-11 9.76522e-11 -6.52728e-11 1.61897e-11
19.1 7.99519e-11 8.96888e-11 -5.99102e-11 1.48893e-11
19.125 7.33192e-11 8.23425e-11 -5.49672e-11 1.36876e-11
19.15 6.72098e-11 7.55683e-11 -5.04129e-11 1.25777e-11
19.175 6.15849e-11 6.93244e-11 -4.62184e-11 1.1553e-11
19.2 5.64082e-11 6.35716e-11 -4.23569e-11 1.06073e-11
19.225 5.16461e-11 5.82735e-11 -3.88034e-11 9.73506e-12
19.25 4.72672e-11 5.33964e-11 -3.55347e-11 8.93084e-12
19.275 4.32426e-11 4.89085e-11 -3.25291e-11 8.18969e-12
19.3 3.95449e-11 4.47805e-11 -2.97666e-11 7.50697e-12
19.325 3.61493e-11 4.09852e-11 -2.72285e-11 6.87836e-12
19.35 3.30322e-11 3.74972e-11 -2.48976e-11 6.29981e-12
19.375 3.0172e-11 3.42929e-11 -2.27578e-11 5.76759e-12
19.4 2.75488e-11 3.13505e-11 -2.07941e-11 5.27819e-12
19.425 2.51438e-11 2.86497e-11 -1.89929e-11 4.82837e-12
19.45 2.29398e-11 2.61715e-11 -1.73413e-11 4.4151e-12
19.475 2.09209e-11 2.38987e-11 -1.58276e-11 4.03559e-12
19.5 1.90723e-11 2.18151e-11 -1.44406e-11 3.68722e-12
19.525 1.73803e-11 1.99055e-11 -1.31704e-11 3.36757e-12
19.55 1.58323e-11 1.81564e-11 -1.20075e-11 3.07442e-12
19.575 1.44166e-11 1.65547e-11 -1.09433e-11 2.80566e-12
19.6 1.31225e-11 1.50886e-11 -9.96985e-12 2.55939e-12
19.625 1.194e-11 1.37473e-11 -9.07967e-12 2.33381e-12
19.65 1.08599e-11 1.25205e-11 -8.26598e-12 2.12727e-12
19.675 9.87368e-12 1.1399e-11 -7.5225e-12 1.93825e-12
19.7 8.97364e-12 1.03741e-11 -6.84342e-12 1.76533e-12
19.725 8.15255e-12 9.43784e-12 -6.22341e-12 1.60722e-12
19.75 7.40378e-12 8.58292e-12 -5.65755e-12 1.46269e-12
19.775 6.72125e-12 7.80257e-12 -5.1413e-12 1.33064e-12
19.8 6.09933e-12 7.09057e-12 -4.67049e-12 1.21004e-12
19.825 5.53287e-12 6.44118e-12 -4.24128e-12 1.09995e-12
19.85 5.01714e-12 5.84912e-12 -3.85015e-12 9.99482e-13
19.875 4.54778e-12 5.30954e-12 -3.49386e-12 9.07844e-13
19.9 4.12078e-12 4.81799e-12 -3.16941e-12 8.24291e-13
19.925 3.73248e-12 4.37036e-12 -2.87408e-12 7.48141e-13
19.95 3.37951e-12 3.96288e-12 -2.60535e-12 6.78766e-13
19.975 3.05878e-12 3.59209e-12 -2.36091e-12 6.15589e-13
20 2.76747e-12 3.25482e-12 -2.13866e-12 5.5808e-13
