0 0.137663 0.146844 -0.0428337 0.0520052
0.025 0.137663 0.146844 -0.0428337 0.0520052
0.05 0.137666 0.146847 -0.0427981 0.0520242
0.075 0.13767 0.146851 -0.042739 0.0520559
0.1 0.137676 0.146857 -0.0426564 0.0521002
0.125 0.137683 0.146864 -0.0425505 0.0521569
0.15 0.137693 0.146874 -0.0424217 0.052226
0.175 0.137704 0.146885 -0.0422703 0.0523073
0.2 0.137717 0.146898 -0.0420967 0.0524006
0.225 0.137732 0.146913 -0.0419014 0.0525057
0.25 0.137748 0.14693 -0.0416848 0.0526225
0.275 0.137767 0.146949 -0.0414475 0.0527505
0.3 0.137788 0.146969 -0.0411902 0.0528896
0.325 0.137812 0.146992 -0.0409134 0.0530395
0.35 0.137837 0.147018 -0.040618 0.0531998
0.375 0.137865 0.147045 -0.0403048 0.0533701
0.4 0.137895 0.147075 -0.0399744 0.0535501
0.425 0.137928 0.147107 -0.0396278 0.0537394
0.45 0.137963 0.147141 -0.0392658 0.0539376
0.475 0.138001 0.147178 -0.0388895 0.0541443
0.5 0.138042 0.147217 -0.0384996 0.0543589
0.525 0.138085 0.147259 -0.0380973 0.054581
0.55 0.138131 0.147304 -0.0376836 0.0548102
0.575 0.13818 0.147351 -0.0372594 0.0550459
0.6 0.138233 0.147401 -0.0368259 0.0552876
0.625 0.138288 0.147454 -0.0363842 0.0555347
0.65 0.138346 0.147509 -0.0359352 0.0557868
0.675 0.138407 0.147567 -0.0354802 0.0560433
0.7 0.138471 0.147627 -0.0350202 0.0563036
0.725 0.138538 0.147691 -0.0345564 0.0565672
0.75 0.138608 0.147757 -0.0340899 0.0568334
0.775 0.138681 0.147825 -0.0336217 0.0571017
0.8 0.138757 0.147896 -0.033153 0.0573715
0.825 0.138836 0.147969 -0.032685 0.0576423
0.85 0.138917 0.148045 -0.0322186 0.0579133
0.875 0.139001 0.148123 -0.0317549 0.0581841
0.9 0.139088 0.148203 -0.0312951 0.0584541
0.925 0.139177 0.148285 -0.0308401 0.0587226
0.95 0.139268 0.148369 -0.0303909 0.0589892
0.975 0.139361 0.148455 -0.0299485 0.0592531
1 0.139456 0.148542 -0.0295139 0.059514
1.025 0.139553 0.14863 -0.029088 0.0597712
1.05 0.139651 0.14872 -0.0286716 0.0600242
1.075 0.13975 0.14881 -0.0282656 0.0602724
1.1 0.139851 0.148902 -0.0278708 0.0605154
1.125 0.139952 0.148993 -0.0274879 0.0607527
1.15 0.140054 0.149085 -0.0271177 0.0609837
1.175 0.140156 0.149177 -0.0267609 0.0612081
1.2 0.140258 0.149269 -0.0264179 0.0614253
1.225 0.140359 0.14936 -0.0260896 0.061635
1.25 0.14046 0.14945 -0.0257762 0.0618368
1.275 0.14056 0.149539 -0.0254784 0.0620303
1.3 0.140659 0.149627 -0.0251964 0.0622152
1.325 0.140756 0.149713 -0.0249308 0.0623911
1.35 0.140851 0.149797 -0.0246818 0.0625577
1.375 0.140944 0.149879 -0.0244496 0.0627148
1.4 0.141034 0.149959 -0.0242345 0.0628622
1.425 0.141121 0.150036 -0.0240366 0.0629996
1.45 0.141206 0.15011 -0.023856 0.0631269
1.475 0.141287 0.15018 -0.0236927 0.0632439
1.5 0.141364 0.150248 -0.0235467 0.0633505
1.525 0.141437 0.150311 -0.0234179 0.0634466
1.55 0.141505 0.150371 -0.0233062 0.0635322
1.575 0.14157 0.150426 -0.0232115 0.0636072
1.6 0.141629 0.150477 -0.0231335 0.0636717
1.625 0.141683 0.150523 -0.0230719 0.0637257
1.65 0.141732 0.150565 -0.0230264 0.0637694
1.675 0.141776 0.150602 -0.0229966 0.0638027
1.7 0.141814 0.150634 -0.0229821 0.0638259
1.725 0.141846 0.150661 -0.0229825 0.0638392
1.75 0.141872 0.150683 -0.0229972 0.0638427
1.775 0.141893 0.150699 -0.0230257 0.0638367
1.8 0.141907 0.15071 -0.0230674 0.0638215
1.825 0.141915 0.150716 -0.0231218 0.0637973
1.85 0.141917 0.150717 -0.0231881 0.0637645
1.875 0.141913 0.150713 -0.0232657 0.0637235
1.9 0.141903 0.150703 -0.0233539 0.0636746
1.925 0.141886 0.150688 -0.0234519 0.0636183
1.95 0.141864 0.150669 -0.023559 0.0635549
1.975 0.141836 0.150645 -0.0236744 0.063485
2 0.141802 0.150616 -0.0237974 0.0634091
2.025 0.141763 0.150582 -0.0239271 0.0633276
2.05 0.141719 0.150545 -0.0240627 0.063241
2.075 0.141669 0.150503 -0.0242034 0.0631499
2.1 0.141615 0.150458 -0.0243484 0.0630548
2.125 0.141557 0.15041 -0.0244968 0.0629564
2.15 0.141494 0.150358 -0.0246478 0.0628552
2.175 0.141428 0.150304 -0.0248006 0.0627517
2.2 0.141358 0.150248 -0.0249543 0.0626466
2.225 0.141285 0.150189 -0.0251081 0.0625405
2.25 0.141211 0.150129 -0.0252613 0.062434
2.275 0.141134 0.150068 -0.025413 0.0623278
2.3 0.141055 0.150007 -0.0255624 0.0622223
2.325 0.140976 0.149945 -0.0257088 0.0621183
2.35 0.140896 0.149884 -0.0258515 0.0620163
2.375 0.140817 0.149824 -0.0259897 0.0619169
2.4 0.140738 0.149765 -0.0261228 0.0618208
2.425 0.14066 0.149707 -0.0262501 0.0617286
2.45 0.140584 0.149652 -0.0263709 0.0616407
2.475 0.140511 0.1496 -0.0264847 0.0615578
2.5 0.140441 0.149552 -0.0265909 0.0614805
2.525 0.140375 0.149507 -0.026689 0.0614091
2.55 0.140313 0.149467 -0.0267784 0.0613444
2.575 0.140256 0.149432 -0.0268587 0.0612866
2.6 0.140204 0.149402 -0.0269294 0.0612364
2.625 0.140159 0.149379 -0.0269903 0.0611942
2.65 0.14012 0.149362 -0.0270409 0.0611603
2.675 0.140089 0.149351 -0.027081 0.0611352
2.7 0.140066 0.149349 -0.0271103 0.0611192
2.725 0.140051 0.149354 -0.0271285 0.0611127
2.75 0.140045 0.149367 -0.0271356 0.061116
2.775 0.140049 0.14939 -0.0271313 0.0611292
2.8 0.140063 0.149421 -0.0271155 0.0611528
2.825 0.140088 0.149462 -0.0270883 0.0611868
2.85 0.140124 0.149512 -0.0270497 0.0612314
2.875 0.140171 0.149573 -0.0269995 0.0612868
2.9 0.140229 0.149644 -0.026938 0.061353
2.925 0.1403 0.149725 -0.0268653 0.0614301
2.95 0.140383 0.149818 -0.0267814 0.0615181
2.975 0.140479 0.149921 -0.0266867 0.061617
3 0.140588 0.150035 -0.0265812 0.0617267
3.025 0.14071 0.15016 -0.0264654 0.0618471
3.05 0.140845 0.150295 -0.0263394 0.061978
3.075 0.140993 0.150442 -0.0262036 0.0621194
3.1 0.141154 0.1506 -0.0260584 0.0622708
3.125 0.141328 0.150769 -0.0259042 0.0624322
3.15 0.141516 0.150948 -0.0257413 0.0626032
3.175 0.141716 0.151137 -0.0255703 0.0627833
3.2 0.141928 0.151336 -0.0253915 0.0629724
3.225 0.142154 0.151545 -0.0252055 0.0631699
3.25 0.142391 0.151763 -0.0250128 0.0633753
3.275 0.142639 0.15199 -0.0248138 0.0635883
3.3 0.142899 0.152226 -0.0246092 0.0638082
3.325 0.143169 0.152469 -0.0243995 0.0640346
3.35 0.14345 0.152719 -0.0241852 0.0642667
3.375 0.143739 0.152975 -0.023967 0.0645041
3.4 0.144037 0.153237 -0.0237453 0.064746
3.425 0.144343 0.153504 -0.0235208 0.0649918
3.45 0.144656 0.153775 -0.023294 0.0652407
3.475 0.144975 0.15405 -0.0230656 0.065492
3.5 0.145299 0.154326 -0.022836 0.065745
3.525 0.145627 0.154604 -0.0226059 0.0659989
3.55 0.145957 0.154882 -0.0223759 0.0662528
3.575 0.14629 0.155159 -0.0221464 0.066506
3.6 0.146623 0.155433 -0.0219181 0.0667576
3.625 0.146956 0.155705 -0.0216914 0.0670068
3.65 0.147287 0.155972 -0.021467 0.0672526
3.675 0.147614 0.156234 -0.0212452 0.0674943
3.7 0.147937 0.156488 -0.0210265 0.0677309
3.725 0.148254 0.156735 -0.0208115 0.0679615
3.75 0.148563 0.156971 -0.0206005 0.0681853
3.775 0.148864 0.157197 -0.0203941 0.0684013
3.8 0.149154 0.15741 -0.0201925 0.0686086
3.825 0.149432 0.157609 -0.0199961 0.0688064
3.85 0.149696 0.157793 -0.0198054 0.0689937
3.875 0.149945 0.15796 -0.0196206 0.0691696
3.9 0.150178 0.158109 -0.019442 0.0693334
3.925 0.150392 0.158238 -0.0192698 0.069484
3.95 0.150587 0.158346 -0.0191044 0.0696207
3.975 0.15076 0.158431 -0.0189459 0.0697426
4 0.15091 0.158492 -0.0187945 0.0698489
4.025 0.151035 0.158528 -0.0186503 0.0699388
4.05 0.151134 0.158536 -0.0185134 0.0700115
4.075 0.151205 0.158516 -0.018384 0.0700662
4.1 0.151247 0.158467 -0.0182622 0.0701023
4.125 0.151259 0.158386 -0.0181478 0.070119
4.15 0.151238 0.158272 -0.018041 0.0701156
4.175 0.151183 0.158125 -0.0179417 0.0700915
4.2 0.151093 0.157942 -0.0178498 0.0700461
4.225 0.150968 0.157723 -0.0177653 0.0699789
4.25 0.150804 0.157467 -0.0176881 0.0698892
4.275 0.150602 0.157171 -0.017618 0.0697766
4.3 0.150359 0.156836 -0.0175548 0.0696407
4.325 0.150076 0.15646 -0.0174985 0.0694809
4.35 0.14975 0.156043 -0.0174487 0.0692971
4.375 0.149382 0.155583 -0.0174052 0.0690887
4.4 0.148969 0.155079 -0.0173678 0.0688555
4.425 0.148511 0.154531 -0.0173363 0.0685974
4.45 0.148008 0.153938 -0.0173103 0.068314
4.475 0.147459 0.1533 -0.0172895 0.0680053
4.5 0.146863 0.152616 -0.0172737 0.0676711
4.525 0.14622 0.151885 -0.0172624 0.0673115
4.55 0.14553 0.151108 -0.0172554 0.0669263
4.575 0.144791 0.150284 -0.0172522 0.0665157
4.6 0.144005 0.149412 -0.0172526 0.0660798
4.625 0.14317 0.148493 -0.0172561 0.0656186
4.65 0.142287 0.147527 -0.0172623 0.0651325
4.675 0.141356 0.146514 -0.0172709 0.0646216
4.7 0.140378 0.145454 -0.0172815 0.0640862
4.725 0.139351 0.144347 -0.0172937 0.0635267
4.75 0.138278 0.143194 -0.017307 0.0629435
4.775 0.137157 0.141995 -0.0173211 0.062337
4.8 0.135991 0.140751 -0.0173356 0.0617076
4.825 0.134779 0.139462 -0.0173501 0.0610559
4.85 0.133522 0.138129 -0.0173642 0.0603825
4.875 0.132221 0.136753 -0.0173774 0.0596879
4.9 0.130877 0.135335 -0.0173896 0.0589729
4.925 0.129492 0.133876 -0.0174001 0.058238
4.95 0.128065 0.132377 -0.0174088 0.057484
4.975 0.126599 0.130839 -0.0174152 0.0567117
5 0.125095 0.129263 -0.0174191 0.0559218
5.025 0.123553 0.12765 -0.0174199 0.0551152
5.05 0.121975 0.126003 -0.0174176 0.0542927
5.075 0.120364 0.124322 -0.0174117 0.0534552
5.1 0.118719 0.122609 -0.0174019 0.0526035
5.125 0.117044 0.120865 -0.017388 0.0517386
5.15 0.115339 0.119093 -0.0173697 0.0508615
5.175 0.113606 0.117293 -0.0173468 0.049973
5.2 0.111847 0.115467 -0.017319 0.0490742
5.225 0.110063 0.113618 -0.0172861 0.048166
5.25 0.108258 0.111747 -0.0172479 0.0472494
5.275 0.106431 0.109855 -0.0172043 0.0463254
5.3 0.104586 0.107945 -0.017155 0.045395
5.325 0.102724 0.106019 -0.0171 0.0444593
5.35 0.100846 0.104077 -0.0170391 0.0435192
5.375 0.0989558 0.102124 -0.0169722 0.0425757
5.4 0.0970541 0.100159 -0.0168992 0.0416298
5.425 0.0951431 0.0981851 -0.0168201 0.0406825
5.45 0.0932247 0.0962044 -0.0167347 0.0397348
5.475 0.0913008 0.0942185 -0.0166431 0.0387877
5.5 0.0893732 0.0922294 -0.0165452 0.0378421
5.525 0.0874439 0.0902389 -0.016441 0.0368989
5.55 0.0855147 0.0882489 -0.0163306 0.0359591
5.575 0.0835875 0.0862613 -0.016214 0.0350236
5.6 0.081664 0.0842777 -0.0160912 0.0340932
5.625 0.0797459 0.0823 -0.0159624 0.0331688
5.65 0.077835 0.0803299 -0.0158275 0.0322512
5.675 0.0759331 0.0783692 -0.0156866 0.0313413
5.7 0.0740416 0.0764194 -0.01554 0.0304397
5.725 0.0721623 0.0744822 -0.0153877 0.0295473
5.75 0.0702966 0.0725592 -0.0152298 0.0286647
5.775 0.068446 0.0706517 -0.0150665 0.0277926
5.8 0.0666121 0.0687614 -0.014898 0.0269317
5.825 0.064796 0.0668896 -0.0147244 0.0260826
5.85 0.0629993 0.0650376 -0.0145459 0.0252458
5.875 0.061223 0.0632067 -0.0143628 0.024422
5.9 0.0594685 0.0613981 -0.0141751 0.0236115
5.925 0.0577368 0.059613 -0.0139832 0.0228149
5.95 0.056029 0.0578524 -0.0137872 0.0220326
5.975 0.0543461 0.0561174 -0.0135874 0.021265
6 0.052689 0.0544089 -0.013384 0.0205125
6.025 0.0510586 0.0527279 -0.0131772 0.0197753
6.05 0.0494557 0.051075 -0.0129673 0.0190539
6.075 0.047881 0.0494512 -0.0127545 0.0183483
6.1 0.0463351 0.0478569 -0.0125391 0.0176589
6.125 0.0448188 0.046293 -0.0123213 0.0169858
6.15 0.0433324 0.0447599 -0.0121014 0.0163293
6.175 0.0418766 0.0432581 -0.0118796 0.0156892
6.2 0.0404516 0.041788 -0.0116562 0.0150659
6.225 0.0390578 0.04035 -0.0114314 0.0144593
6.25 0.0376955 0.0389444 -0.0112054 0.0138695
6.275 0.0363649 0.0375713 -0.0109786 0.0132963
6.3 0.0350662 0.0362311 -0.0107512 0.0127399
6.325 0.0337994 0.0349237 -0.0105234 0.0122001
6.35 0.0325647 0.0336492 -0.0102954 0.0116769
6.375 0.031362 0.0324077 -0.0100675 0.0111701
6.4 0.0301913 0.0311991 -0.00983999 0.0106796
6.425 0.0290524 0.0300233 -0.00961299 0.0102052
6.45 0.0279452 0.0288802 -0.00938675 0.00974671
6.475 0.0268696 0.0277695 -0.00916149 0.00930399
6.5 0.0258253 0.026691 -0.00893742 0.00887678
6.525 0.024812 0.0256444 -0.00871473 0.00846486
6.55 0.0238293 0.0246295 -0.00849363 0.00806795
6.575 0.022877 0.0236459 -0.0082743 0.0076858
6.6 0.0219547 0.0226931 -0.00805691 0.00731811
6.625 0.021062 0.0217709 -0.00784165 0.00696461
6.65 0.0201983 0.0208786 -0.00762866 0.00662497
6.675 0.0193634 0.0200159 -0.00741811 0.00629888
6.7 0.0185565 0.0191822 -0.00721014 0.00598603
6.725 0.0177774 0.018377 -0.00700489 0.00568608
6.75 0.0170253 0.0175999 -0.00680248 0.00539869
6.775 0.0162999 0.0168501 -0.00660305 0.00512353
6.8 0.0156004 0.0161272 -0.00640669 0.00486026
6.825 0.0149264 0.0154305 -0.00621351 0.00460851
6.85 0.0142772 0.0147595 -0.00602361 0.00436796
6.875 0.0136523 0.0141136 -0.00583707 0.00413824
6.9 0.013051 0.013492 -0.00565398 0.00391901
6.925 0.0124728 0.0128942 -0.00547439 0.00370992
6.95 0.011917 0.0123196 -0.00529837 0.00351063
6.975 0.011383 0.0117676 -0.00512597 0.00332079
7 0.0108702 0.0112374 -0.00495724 0.00314007
7.025 0.0103779 0.0107285 -0.00479222 0.00296812
7.05 0.00990569 0.0102402 -0.00463092 0.00280461
7.075 0.00945279 0.00977185 -0.00447339 0.00264923
7.1 0.00901862 0.00932292 -0.00431962 0.00250165
7.125 0.00860261 0.00889273 -0.00416964 0.00236155
7.15 0.00820413 0.00848068 -0.00402343 0.00222863
7.175 0.00782262 0.00808616 -0.003881 0.00210258
7.2 0.00745749 0.00770857 -0.00374234 0.00198311
7.225 0.00710816 0.00734732 -0.00360744 0.00186994
7.25 0.00677408 0.00700183 -0.00347626 0.00176279
7.275 0.00645469 0.00667153 -0.00334878 0.00166138
7.3 0.00614945 0.00635586 -0.00322497 0.00156545
7.325 0.00585784 0.00605428 -0.0031048 0.00147474
7.35 0.00557934 0.00576625 -0.00298822 0.00138901
7.375 0.00531343 0.00549125 -0.00287519 0.00130803
7.4 0.00505963 0.00522876 -0.00276567 0.00123155
7.425 0.00481746 0.0049783 -0.00265959 0.00115936
7.45 0.00458644 0.00473938 -0.00255692 0.00109123
7.475 0.00436613 0.00451153 -0.00245758 0.00102698
7.5 0.00415608 0.00429429 -0.00236151 0.00096639
7.525 0.00395587 0.00408723 -0.00226867 0.000909279
7.55 0.00376507 0.0038899 -0.00217898 0.000855461
7.575 0.00358329 0.0037019 -0.00209237 0.000804764
7.6 0.00341014 0.00352282 -0.00200878 0.000757018
7.625 0.00324523 0.00335227 -0.00192814 0.000712064
7.65 0.00308822 0.00318988 -0.00185038 0.00066975
7.675 0.00293874 0.00303529 -0.00177543 0.00062993
7.7 0.00279647 0.00288815 -0.00170322 0.000592465
7.725 0.00266106 0.00274812 -0.00163367 0.000557222
7.75 0.00253222 0.00261487 -0.00156672 0.000524075
7.775 0.00240964 0.0024881 -0.00150229 0.000492906
7.8 0.00229303 0.00236751 -0.00144031 0.0004636
7.825 0.00218211 0.0022528 -0.0013807 0.000436049
7.85 0.00207662 0.00214371 -0.0013234 0.000410151
7.875 0.0019763 0.00203996 -0.00126834 0.000385809
7.9 0.0018809 0.0019413 -0.00121544 0.000362931
7.925 0.00179019 0.0018475 -0.00116464 0.000341431
7.95 0.00170394 0.00175831 -0.00111586 0.000321226
7.975 0.00162194 0.00167352 -0.00106905 0.000302239
8 0.00154398 0.00159291 -0.00102412 0.000284396
8.025 0.00146987 0.00151628 -0.000981024 0.000267628
8.05 0.00139942 0.00144343 -0.00093969 0.000251871
8.075 0.00133244 0.00137418 -0.000900057 0.000237062
8.1 0.00126876 0.00130835 -0.000862062 0.000223143
8.125 0.00120823 0.00124577 -0.000825645 0.000210061
8.15 0.00115069 0.00118628 -0.000790748 0.000197765
8.175 0.00109598 0.00112972 -0.000757314 0.000186204
8.2 0.00104397 0.00107596 -0.000725286 0.000175336
8.225 0.000994523 0.00102484 -0.00069461 0.000165116
8.25 0.000947507 0.000976244 -0.000665234 0.000155505
8.275 0.0009028 0.000930037 -0.000637105 0.000146466
8.3 0.000860288 0.000886101 -0.000610175 0.000137963
8.325 0.000819859 0.000844321 -0.000584395 0.000129963
8.35 0.000781409 0.000804589 -0.000559718 0.000122436
8.375 0.000744838 0.000766801 -0.000536099 0.000115351
8.4 0.00071005 0.00073086 -0.000513494 0.000108683
8.425 0.000676957 0.000696671 -0.000491861 0.000102405
8.45 0.000645471 0.000664147 -0.000471159 9.64936e-05
8.475 0.000615512 0.000633203 -0.00045135 9.09265e-05
8.5 0.000587002 0.000603759 -0.000432394 8.56828e-05
8.525 0.000559869 0.000575741 -0.000414255 8.07427e-05
8.55 0.000534043 0.000549075 -0.000396899 7.60879e-05
8.575 0.000509458 0.000523694 -0.000380291 7.17014e-05
8.6 0.000486051 0.000499532 -0.000364399 6.75668e-05
8.625 0.000463763 0.00047653 -0.000349191 6.36693e-05
8.65 0.000442539 0.000454627 -0.000334638 5.99946e-05
8.675 0.000422324 0.00043377 -0.000320711 5.65297e-05
8.7 0.000403067 0.000413906 -0.000307381 5.32621e-05
8.725 0.000384722 0.000394984 -0.000294624 5.01802e-05
8.75 0.000367243 0.000376959 -0.000282412 4.72732e-05
8.775 0.000350586 0.000359785 -0.000270723 4.45309e-05
8.8 0.000334711 0.00034342 -0.000259532 4.19439e-05
8.825 0.000319578 0.000327824 -0.000248817 3.95032e-05
8.85 0.000305152 0.000312959 -0.000238558 3.72003e-05
8.875 0.000291397 0.000298789 -0.000228734 3.50276e-05
8.9 0.000278281 0.000285279 -0.000219324 3.29775e-05
8.925 0.000265772 0.000272398 -0.000210312 3.10432e-05
8.95 0.000253841 0.000260114 -0.000201678 2.92182e-05
8.975 0.000242458 0.000248399 -0.000193407 2.74963e-05
9 0.000231599 0.000237225 -0.000185481 2.58719e-05
9.025 0.000221237 0.000226565 -0.000177886 2.43395e-05
9.05 0.000211349 0.000216394 -0.000170606 2.2894e-05
9.075 0.000201911 0.00020669 -0.000163629 2.15307e-05
9.1 0.000192903 0.000197429 -0.000156939 2.0245e-05
9.125 0.000184303 0.000188591 -0.000150526 1.90327e-05
9.15 0.000176092 0.000180155 -0.000144376 1.78898e-05
9.175 0.000168253 0.000172103 -0.000138478 1.68124e-05
9.2 0.000160766 0.000164415 -0.000132821 1.57971e-05
9.225 0.000153616 0.000157075 -0.000127394 1.48405e-05
9.25 0.000146788 0.000150066 -0.000122188 1.39393e-05
9.275 0.000140265 0.000143374 -0.000117193 1.30905e-05
9.3 0.000134034 0.000136982 -0.000112399 1.22913e-05
9.325 0.000128081 0.000130878 -0.0001078 1.1539e-05
9.35 0.000122393 0.000125047 -0.000103385 1.0831e-05
9.375 0.000116959 0.000119477 -9.91472e-05 1.01649e-05
9.4 0.000111766 0.000114156 -9.50795e-05 9.53839e-06
9.425 0.000106804 0.000109073 -9.11746e-05 8.9493e-06
9.45 0.000102062 0.000104217 -8.74257e-05 8.39556e-06
9.475 9.75295e-05 9.95767e-05 -8.38263e-05 7.87522e-06
9.5 9.31978e-05 9.51432e-05 -8.03704e-05 7.38642e-06
9.525 8.90576e-05 9.09068e-05 -7.7052e-05 6.92739e-06
9.55 8.51003e-05 8.68586e-05 -7.38656e-05 6.49647e-06
9.575 8.13177e-05 8.29901e-05 -7.0806e-05 6.09207e-06
9.6 7.7702e-05 7.92933e-05 -6.78679e-05 5.71269e-06
9.625 7.42459e-05 7.57605e-05 -6.50467e-05 5.35689e-06
9.65 7.09421e-05 7.23842e-05 -6.23376e-05 5.02332e-06
9.675 6.7784e-05 6.91576e-05 -5.97362e-05 4.71071e-06
9.7 6.47651e-05 6.6074e-05 -5.72384e-05 4.41782e-06
9.725 6.18794e-05 6.3127e-05 -5.484e-05 4.14351e-06
9.75 5.91209e-05 6.03106e-05 -5.25373e-05 3.88669e-06
9.775 5.64841e-05 5.7619e-05 -5.03265e-05 3.6463e-06
9.8 5.39636e-05 5.50468e-05 -4.8204e-05 3.42137e-06
9.825 5.15545e-05 5.25886e-05 -4.61666e-05 3.21097e-06
9.85 4.92518e-05 5.02394e-05 -4.4211e-05 3.01422e-06
9.875 4.70509e-05 4.79946e-05 -4.2334e-05 2.83027e-06
9.9 4.49475e-05 4.58494e-05 -4.05327e-05 2.65835e-06
9.925 4.29372e-05 4.37996e-05 -3.88042e-05 2.4977e-06
9.95 4.1016e-05 4.1841e-05 -3.71458e-05 2.34762e-06
9.975 3.91802e-05 3.99696e-05 -3.55547e-05 2.20744e-06
10 3.7426e-05 3.81816e-05 -3.40285e-05 2.07653e-06
10.025 3.57498e-05 3.64734e-05 -3.25648e-05 1.95429e-06
10.05 3.41484e-05 3.48414e-05 -3.11611e-05 1.84018e-06
10.075 3.26184e-05 3.32825e-05 -2.98152e-05 1.73365e-06
10.1 3.11568e-05 3.17933e-05 -2.85249e-05 1.6342e-06
10.125 2.97607e-05 3.03709e-05 -2.72882e-05 1.54138e-06
10.15 2.84272e-05 2.90124e-05 -2.61029e-05 1.45473e-06
10.175 2.71536e-05 2.77149e-05 -2.49672e-05 1.37384e-06
10.2 2.59374e-05 2.64758e-05 -2.38792e-05 1.29832e-06
10.225 2.4776e-05 2.52927e-05 -2.28371e-05 1.2278e-06
10.25 2.3667e-05 2.41629e-05 -2.1839e-05 1.16193e-06
10.275 2.26082e-05 2.30842e-05 -2.08834e-05 1.10041e-06
10.3 2.15974e-05 2.20544e-05 -1.99686e-05 1.04291e-06
10.325 2.06326e-05 2.10713e-05 -1.9093e-05 9.8915e-07
10.35 1.97116e-05 2.01328e-05 -1.82551e-05 9.38872e-07
10.375 1.88326e-05 1.92371e-05 -1.74534e-05 8.91823e-07
10.4 1.79937e-05 1.83822e-05 -1.66866e-05 8.47769e-07
10.425 1.71933e-05 1.75662e-05 -1.59533e-05 8.06492e-07
10.45 1.64295e-05 1.67876e-05 -1.5252e-05 7.6779e-07
10.475 1.57007e-05 1.60446e-05 -1.45817e-05 7.31471e-07
10.5 1.50055e-05 1.53357e-05 -1.3941e-05 6.9736e-07
10.525 1.43423e-05 1.46593e-05 -1.33287e-05 6.65292e-07
10.55 1.37097e-05 1.4014e-05 -1.27438e-05 6.35114e-07
10.575 1.31063e-05 1.33984e-05 -1.2185e-05 6.06683e-07
10.6 1.25308e-05 1.28111e-05 -1.16514e-05 5.79868e-07
10.625 1.1982e-05 1.2251e-05 -1.11419e-05 5.54547e-07
10.65 1.14586e-05 1.17167e-05 -1.06555e-05 5.30605e-07
10.675 1.09596e-05 1.12071e-05 -1.01912e-05 5.07939e-07
10.7 1.04837e-05 1.0721e-05 -9.74812e-06 4.86452e-07
10.725 1.00299e-05 1.02575e-05 -9.32537e-06 4.66055e-07
10.75 9.59727e-06 9.81541e-06 -8.92208e-06 4.46666e-07
10.775 9.18477e-06 9.39382e-06 -8.5374e-06 4.2821e-07
10.8 8.79149e-06 8.99179e-06 -8.17055e-06 4.10617e-07
10.825 8.41653e-06 8.60839e-06 -7.82074e-06 3.93825e-07
10.85 8.05905e-06 8.24278e-06 -7.48723e-06 3.77775e-07
10.875 7.71822e-06 7.89413e-06 -7.1693e-06 3.62415e-07
10.9 7.39328e-06 7.56165e-06 -6.86625e-06 3.47698e-07
10.925 7.08347e-06 7.24458e-06 -6.57742e-06 3.33579e-07
10.95 6.78807e-06 6.9422e-06 -6.30216e-06 3.20018e-07
10.975 6.50642e-06 6.65382e-06 -6.03986e-06 3.06981e-07
11 6.23785e-06 6.37878e-06 -5.78992e-06 2.94434e-07
11.025 5.98174e-06 6.11646e-06 -5.55176e-06 2.8235e-07
11.05 5.73749e-06 5.86624e-06 -5.32484e-06 2.707e-07
11.075 5.50454e-06 5.62754e-06 -5.10862e-06 2.59463e-07
11.1 5.28234e-06 5.39983e-06 -4.9026e-06 2.48617e-07
11.125 5.07037e-06 5.18257e-06 -4.70628e-06 2.38144e-07
11.15 4.86814e-06 4.97526e-06 -4.51921e-06 2.28026e-07
11.175 4.67518e-06 4.77741e-06 -4.34092e-06 2.18248e-07
11.2 4.49102e-06 4.58858e-06 -4.17098e-06 2.08797e-07
11.225 4.31524e-06 4.40832e-06 -4.00899e-06 1.99662e-07
11.25 4.14743e-06 4.23621e-06 -3.85454e-06 1.90831e-07
11.275 3.9872e-06 4.07185e-06 -3.70726e-06 1.82295e-07
11.3 3.83417e-06 3.91488e-06 -3.56678e-06 1.74046e-07
11.325 3.68799e-06 3.76491e-06 -3.43276e-06 1.66075e-07
11.35 3.54831e-06 3.62161e-06 -3.30486e-06 1.58375e-07
11.375 3.41481e-06 3.48464e-06 -3.18276e-06 1.50941e-07
11.4 3.28719e-06 3.3537e-06 -3.06617e-06 1.43765e-07
11.425 3.16515e-06 3.22848e-06 -2.9548e-06 1.36842e-07
11.45 3.04841e-06 3.1087e-06 -2.84837e-06 1.30168e-07
11.475 2.9367e-06 2.99409e-06 -2.74661e-06 1.23737e-07
11.5 2.82978e-06 2.88438e-06 -2.6493e-06 1.17543e-07
11.525 2.72739e-06 2.77934e-06 -2.55617e-06 1.11583e-07
11.55 2.62932e-06 2.67873e-06 -2.46702e-06 1.05851e-07
11.575 2.53535e-06 2.58232e-06 -2.38163e-06 1.00343e-07
11.6 2.44527e-06 2.48991e-06 -2.2998e-06 9.50544e-08
11.625 2.35888e-06 2.4013e-06 -2.22134e-06 8.99797e-08
11.65 2.276e-06 2.31629e-06 -2.14606e-06 8.51143e-08
11.675 2.19645e-06 2.23471e-06 -2.07381e-06 8.04535e-08
11.7 2.12007e-06 2.15639e-06 -2.0044e-06 7.59921e-08
11.725 2.04669e-06 2.08116e-06 -1.93771e-06 7.17251e-08
11.75 1.97617e-06 2.00887e-06 -1.87358e-06 6.76473e-08
11.775 1.90836e-06 1.93938e-06 -1.81187e-06 6.37535e-08
11.8 1.84314e-06 1.87254e-06 -1.75246e-06 6.00382e-08
11.825 1.78037e-06 1.80823e-06 -1.69524e-06 5.64962e-08
11.85 1.71993e-06 1.74633e-06 -1.64009e-06 5.31219e-08
11.875 1.66171e-06 1.68672e-06 -1.5869e-06 4.99099e-08
11.9 1.6056e-06 1.62928e-06 -1.53557e-06 4.68547e-08
11.925 1.5515e-06 1.57392e-06 -1.48602e-06 4.39508e-08
11.95 1.49932e-06 1.52054e-06 -1.43815e-06 4.11926e-08
11.975 1.44896e-06 1.46904e-06 -1.39189e-06 3.85748e-08
12 1.40034e-06 1.41934e-06 -1.34716e-06 3.60919e-08
12.025 1.35338e-06 1.37136e-06 -1.30388e-06 3.37386e-08
12.05 1.30801e-06 1.32501e-06 -1.26199e-06 3.15097e-08
12.075 1.26414e-06 1.28023e-06 -1.22143e-06 2.94e-08
12.1 1.22172e-06 1.23695e-06 -1.18214e-06 2.74046e-08
12.125 1.18068e-06 1.1951e-06 -1.14406e-06 2.55185e-08
12.15 1.14097e-06 1.15461e-06 -1.10714e-06 2.3737e-08
12.175 1.10251e-06 1.11544e-06 -1.07133e-06 2.20557e-08
12.2 1.06527e-06 1.07753e-06 -1.03659e-06 2.047e-08
12.225 1.02919e-06 1.04082e-06 -1.00287e-06 1.89757e-08
12.25 9.94219e-07 1.00526e-06 -9.70126e-07 1.75688e-08
12.275 9.6032e-07 9.7082e-07 -9.38329e-07 1.62453e-08
12.3 9.27449e-07 9.37443e-07 -9.07439e-07 1.50017e-08
12.325 8.95564e-07 9.0509e-07 -8.77422e-07 1.38343e-08
12.35 8.6463e-07 8.73724e-07 -8.48244e-07 1.27399e-08
12.375 8.34609e-07 8.43306e-07 -8.19876e-07 1.17151e-08
12.4 8.05469e-07 8.13802e-07 -7.92288e-07 1.07572e-08
12.425 7.77177e-07 7.85178e-07 -7.65451e-07 9.86313e-09
12.45 7.49704e-07 7.57402e-07 -7.39341e-07 9.03028e-09
12.475 7.2302e-07 7.30444e-07 -7.13932e-07 8.25611e-09
12.5 6.971e-07 7.04276e-07 -6.89199e-07 7.53819e-09
12.525 6.71917e-07 6.78869e-07 -6.65121e-07 6.87424e-09
12.55 6.47446e-07 6.542e-07 -6.41675e-07 6.26208e-09
12.575 6.23666e-07 6.30241e-07 -6.18842e-07 5.69964e-09
12.6 6.00553e-07 6.0697e-07 -5.96601e-07 5.18495e-09
12.625 5.78088e-07 5.84365e-07 -5.74933e-07 4.7161e-09
12.65 5.5625e-07 5.62405e-07 -5.53822e-07 4.29127e-09
12.675 5.35021e-07 5.41068e-07 -5.33251e-07 3.90867e-09
12.7 5.14384e-07 5.20336e-07 -5.13203e-07 3.56659e-09
12.725 4.9432e-07 5.00191e-07 -4.93664e-07 3.26334e-09
12.75 4.74815e-07 4.80615e-07 -4.7462e-07 2.99727e-09
12.775 4.55854e-07 4.61591e-07 -4.56058e-07 2.76674e-09
12.8 4.37422e-07 4.43106e-07 -4.37965e-07 2.57015e-09
12.825 4.19506e-07 4.25142e-07 -4.20331e-07 2.40587e-09
12.85 4.02094e-07 4.07688e-07 -4.03144e-07 2.27231e-09
12.875 3.85174e-07 3.9073e-07 -3.86395e-07 2.16787e-09
12.9 3.68735e-07 3.74257e-07 -3.70075e-07 2.09092e-09
12.925 3.52766e-07 3.58256e-07 -3.54176e-07 2.03987e-09
12.95 3.37259e-07 3.42718e-07 -3.38691e-07 2.01309e-09
12.975 3.22205e-07 3.27633e-07 -3.23615e-07 2.00895e-09
13 3.07595e-07 3.12992e-07 -3.0894e-07 2.02582e-09
13.025 2.93422e-07 2.98787e-07 -2.94663e-07 2.06207e-09
13.05 2.7968e-07 2.85011e-07 -2.80779e-07 2.11605e-09
13.075 2.66363e-07 2.71658e-07 -2.67286e-07 2.18613e-09
13.1 2.53464e-07 2.58721e-07 -2.5418e-07 2.27068e-09
13.125 2.4098e-07 2.46196e-07 -2.4146e-07 2.36808e-09
13.15 2.28905e-07 2.34077e-07 -2.29124e-07 2.47673e-09
13.175 2.17237e-07 2.22361e-07 -2.17171e-07 2.59505e-09
13.2 2.05972e-07 2.11045e-07 -2.05603e-07 2.72149e-09
13.225 1.95106e-07 2.00126e-07 -1.94417e-07 2.85453e-09
13.25 1.84639e-07 1.89602e-07 -1.83616e-07 2.9927e-09
13.275 1.74567e-07 1.7947e-07 -1.73201e-07 3.13457e-09
13.3 1.6489e-07 1.6973e-07 -1.63172e-07 3.27878e-09
13.325 1.55606e-07 1.6038e-07 -1.53532e-07 3.424e-09
13.35 1.46714e-07 1.5142e-07 -1.44282e-07 3.569e-09
13.375 1.38214e-07 1.4285e-07 -1.35425e-07 3.7126e-09
13.4 1.30104e-07 1.34669e-07 -1.26961e-07 3.85371e-09
13.425 1.22385e-07 1.26877e-07 -1.18894e-07 3.99133e-09
13.45 1.15056e-07 1.19474e-07 -1.11225e-07 4.12451e-09
13.475 1.08117e-07 1.12462e-07 -1.03957e-07 4.25245e-09
13.5 1.01568e-07 1.05839e-07 -9.70902e-08 4.3744e-09
13.525 9.54077e-08 9.96062e-08 -9.06268e-08 4.48971e-09
13.55 8.96362e-08 9.37636e-08 -8.45679e-08 4.59786e-09
13.575 8.4253e-08 8.83111e-08 -7.89143e-08 4.6984e-09
13.6 7.9257e-08 8.32482e-08 -7.36662e-08 4.79099e-09
13.625 7.46473e-08 7.85745e-08 -6.88237e-08 4.87539e-09
13.65 7.04224e-08 7.4289e-08 -6.43861e-08 4.95146e-09
13.675 6.65807e-08 7.03906e-08 -6.03523e-08 5.01916e-09
13.7 6.312e-08 6.68776e-08 -5.67205e-08 5.07854e-09
13.725 6.00378e-08 6.37478e-08 -5.34883e-08 5.12975e-09
13.75 5.73311e-08 6.09986e-08 -5.06526e-08 5.17301e-09
13.775 5.49964e-08 5.86271e-08 -4.82098e-08 5.20863e-09
13.8 5.30296e-08 5.66294e-08 -4.61554e-08 5.23702e-09
13.825 5.14263e-08 5.50014e-08 -4.44841e-08 5.25864e-09
13.85 5.01813e-08 5.37381e-08 -4.31901e-08 5.27402e-09
13.875 4.92888e-08 5.28341e-08 -4.22667e-08 5.28374e-09
13.9 4.87426e-08 5.22833e-08 -4.17064e-08 5.28847e-09
13.925 4.85357e-08 5.20788e-08 -4.1501e-08 5.28889e-09
13.95 4.86606e-08 5.22132e-08 -4.16417e-08 5.28574e-09
13.975 4.9109e-08 5.26784e-08 -4.21188e-08 5.27978e-09
14 4.98722e-08 5.34655e-08 -4.29219e-08 5.2718e-09
14.025 5.09407e-08 5.45651e-08 -4.40399e-08 5.26261e-09
14.05 5.23046e-08 5.59672e-08 -4.54612e-08 5.25302e-09
14.075 5.39531e-08 5.7661e-08 -4.71732e-08 5.24386e-09
14.1 5.58751e-08 5.96351e-08 -4.91632e-08 5.23594e-09
14.125 5.80589e-08 6.18777e-08 -5.14176e-08 5.23007e-09
14.15 6.04921e-08 6.43762e-08 -5.39222e-08 5.22702e-09
14.175 6.31621e-08 6.71177e-08 -5.66626e-08 5.22757e-09
14.2 6.60556e-08 7.00886e-08 -5.96237e-08 5.23244e-09
14.225 6.91588e-08 7.32749e-08 -6.27903e-08 5.24232e-09
14.25 7.24578e-08 7.66623e-08 -6.61466e-08 5.25786e-09
14.275 7.59382e-08 8.0236e-08 -6.96767e-08 5.27967e-09
14.3 7.95852e-08 8.39809e-08 -7.33643e-08 5.30831e-09
14.325 8.33838e-08 8.78816e-08 -7.71931e-08 5.34426e-09
14.35 8.73189e-08 9.19225e-08 -8.11465e-08 5.38797e-09
14.375 9.13751e-08 9.60877e-08 -8.52081e-08 5.43981e-09
14.4 9.55368e-08 1.00361e-07 -8.93612e-08 5.50011e-09
14.425 9.97884e-08 1.04728e-07 -9.35893e-08 5.56911e-09
14.45 1.04115e-07 1.0917e-07 -9.78761e-08 5.647e-09
14.475 1.08499e-07 1.13673e-07 -1.02205e-07 5.73388e-09
14.5 1.12928e-07 1.1822e-07 -1.06561e-07 5.82982e-09
14.525 1.17384e-07 1.22796e-07 -1.10927e-07 5.93479e-09
14.55 1.21853e-07 1.27385e-07 -1.15288e-07 6.04872e-09
14.575 1.26319e-07 1.31971e-07 -1.19628e-07 6.17144e-09
14.6 1.30769e-07 1.3654e-07 -1.23934e-07 6.30274e-09
14.625 1.35187e-07 1.41076e-07 -1.28191e-07 6.44236e-09
14.65 1.3956e-07 1.45566e-07 -1.32386e-07 6.58997e-09
14.675 1.43874e-07 1.49994e-07 -1.36504e-07 6.74516e-09
14.7 1.48116e-07 1.54348e-07 -1.40533e-07 6.90751e-09
14.725 1.52273e-07 1.58614e-07 -1.44461e-07 7.07652e-09
14.75 1.56332e-07 1.6278e-07 -1.48277e-07 7.25166e-09
14.775 1.60283e-07 1.66834e-07 -1.51969e-07 7.43236e-09
14.8 1.64113e-07 1.70764e-07 -1.55528e-07 7.61798e-09
14.825 1.67814e-07 1.7456e-07 -1.58944e-07 7.8079e-09
14.85 1.71373e-07 1.78211e-07 -1.62208e-07 8.00143e-09
14.875 1.74783e-07 1.81707e-07 -1.65312e-07 8.19787e-09
14.9 1.78035e-07 1.85041e-07 -1.68248e-07 8.39651e-09
14.925 1.8112e-07 1.88204e-07 -1.71011e-07 8.5966e-09
14.95 1.84032e-07 1.91188e-07 -1.73593e-07 8.7974e-09
14.975 1.86764e-07 1.93986e-07 -1.7599e-07 8.99816e-09
15 1.8931e-07 1.96594e-07 -1.78198e-07 9.19812e-09
15.025 1.91665e-07 1.99005e-07 -1.80212e-07 9.39653e-09
15.05 1.93824e-07 2.01214e-07 -1.82029e-07 9.59264e-09
15.075 1.95784e-07 2.03219e-07 -1.83648e-07 9.78571e-09
15.1 1.97542e-07 2.05015e-07 -1.85065e-07 9.97503e-09
15.125 1.99095e-07 2.06601e-07 -1.86282e-07 1.01599e-08
15.15 2.00442e-07 2.07975e-07 -1.87296e-07 1.03396e-08
15.175 2.01581e-07 2.09135e-07 -1.88108e-07 1.05135e-08
15.2 2.02512e-07 2.10082e-07 -1.8872e-07 1.0681e-08
15.225 2.03236e-07 2.10815e-07 -1.89132e-07 1.08414e-08
15.25 2.03753e-07 2.11336e-07 -1.89347e-07 1.09942e-08
15.275 2.04065e-07 2.11645e-07 -1.89367e-07 1.11389e-08
15.3 2.04173e-07 2.11746e-07 -1.89196e-07 1.12749e-08
15.325 2.0408e-07 2.1164e-07 -1.88836e-07 1.14019e-08
15.35 2.0379e-07 2.1133e-07 -1.88292e-07 1.15193e-08
15.375 2.03305e-07 2.10821e-07 -1.87568e-07 1.16268e-08
15.4 2.0263e-07 2.10117e-07 -1.86669e-07 1.1724e-08
15.425 2.01769e-07 2.09221e-07 -1.856e-07 1.18108e-08
15.45 2.00727e-07 2.0814e-07 -1.84366e-07 1.18867e-08
15.475 1.99509e-07 2.06877e-07 -1.82974e-07 1.19516e-08
15.5 1.98121e-07 2.0544e-07 -1.81429e-07 1.20053e-08
15.525 1.96569e-07 2.03834e-07 -1.79738e-07 1.20478e-08
15.55 1.94858e-07 2.02065e-07 -1.77907e-07 1.20788e-08
15.575 1.92996e-07 2.0014e-07 -1.75943e-07 1.20984e-08
15.6 1.90988e-07 1.98066e-07 -1.73853e-07 1.21066e-08
15.625 1.88842e-07 1.95849e-07 -1.71642e-07 1.21034e-08
15.65 1.86564e-07 1.93497e-07 -1.6932e-07 1.20888e-08
15.675 1.84162e-07 1.91018e-07 -1.66892e-07 1.2063e-08
15.7 1.81642e-07 1.88417e-07 -1.64365e-07 1.20261e-08
15.725 1.79013e-07 1.85704e-07 -1.61747e-07 1.19784e-08
15.75 1.76281e-07 1.82885e-07 -1.59045e-07 1.19199e-08
15.775 1.73454e-07 1.79968e-07 -1.56266e-07 1.1851e-08
15.8 1.70539e-07 1.76961e-07 -1.53417e-07 1.17719e-08
15.825 1.67543e-07 1.73871e-07 -1.50505e-07 1.16829e-08
15.85 1.64475e-07 1.70705e-07 -1.47537e-07 1.15843e-08
15.875 1.6134e-07 1.67472e-07 -1.44519e-07 1.14765e-08
15.9 1.58146e-07 1.64177e-07 -1.41458e-07 1.13597e-08
15.925 1.54901e-07 1.60829e-07 -1.38361e-07 1.12345e-08
15.95 1.5161e-07 1.57435e-07 -1.35233e-07 1.11011e-08
15.975 1.48282e-07 1.54001e-07 -1.32081e-07 1.096e-08
16 1.44922e-07 1.50535e-07 -1.28911e-07 1.08115e-08
16.025 1.41537e-07 1.47042e-07 -1.25729e-07 1.06562e-08
16.05 1.38132e-07 1.43529e-07 -1.2254e-07 1.04945e-08
16.075 1.34715e-07 1.40003e-07 -1.1935e-07 1.03267e-08
16.1 1.31292e-07 1.3647e-07 -1.16163e-07 1.01533e-08
16.125 1.27866e-07 1.32935e-07 -1.12985e-07 9.97483e-09
16.15 1.24445e-07 1.29404e-07 -1.0982e-07 9.79165e-09
16.175 1.21034e-07 1.25882e-07 -1.06673e-07 9.60421e-09
16.2 1.17636e-07 1.22374e-07 -1.03548e-07 9.41297e-09
16.225 1.14258e-07 1.18885e-07 -1.00449e-07 9.21835e-09
16.25 1.10903e-07 1.15421e-07 -9.7379e-08 9.02079e-09
16.275 1.07576e-07 1.11984e-07 -9.43426e-08 8.82071e-09
16.3 1.04281e-07 1.0858e-07 -9.13427e-08 8.61852e-09
16.325 1.01021e-07 1.05212e-07 -8.83823e-08 8.41463e-09
16.35 9.78007e-08 1.01883e-07 -8.54643e-08 8.20943e-09
16.375 9.46224e-08 9.85979e-08 -8.25912e-08 8.00331e-09
16.4 9.14895e-08 9.53589e-08 -7.97656e-08 7.79665e-09
16.425 8.84048e-08 9.21691e-08 -7.69895e-08 7.58979e-09
16.45 8.53708e-08 8.9031e-08 -7.42649e-08 7.38308e-09
16.475 8.23899e-08 8.59473e-08 -7.15935e-08 7.17687e-09
16.5 7.94642e-08 8.29199e-08 -6.8977e-08 6.97146e-09
16.525 7.65957e-08 7.99509e-08 -6.64166e-08 6.76715e-09
16.55 7.37859e-08 7.70421e-08 -6.39136e-08 6.56425e-09
16.575 7.10364e-08 7.41949e-08 -6.14689e-08 6.36301e-09
16.6 6.83484e-08 7.14107e-08 -5.90833e-08 6.16369e-09
16.625 6.57231e-08 6.86907e-08 -5.67576e-08 5.96655e-09
16.65 6.31612e-08 6.60358e-08 -5.44922e-08 5.77179e-09
16.675 6.06637e-08 6.34467e-08 -5.22874e-08 5.57964e-09
16.7 5.82309e-08 6.0924e-08 -5.01434e-08 5.39028e-09
16.725 5.58633e-08 5.84682e-08 -4.80604e-08 5.2039e-09
16.75 5.35611e-08 5.60794e-08 -4.60381e-08 5.02067e-09
16.775 5.13244e-08 5.37579e-08 -4.40765e-08 4.84072e-09
16.8 4.91531e-08 5.15036e-08 -4.21752e-08 4.66419e-09
16.825 4.70471e-08 4.93163e-08 -4.03339e-08 4.49122e-09
16.85 4.5006e-08 4.71957e-08 -3.85519e-08 4.32189e-09
16.875 4.30294e-08 4.51414e-08 -3.68288e-08 4.15631e-09
16.9 4.11167e-08 4.31528e-08 -3.51637e-08 3.99455e-09
16.925 3.92674e-08 4.12294e-08 -3.3556e-08 3.83669e-09
16.95 3.74806e-08 3.93703e-08 -3.20048e-08 3.68278e-09
16.975 3.57556e-08 3.75749e-08 -3.05092e-08 3.53286e-09
17 3.40914e-08 3.58421e-08 -2.90682e-08 3.38697e-09
17.025 3.24871e-08 3.4171e-08 -2.76807e-08 3.24512e-09
17.05 3.09417e-08 3.25605e-08 -2.63459e-08 3.10733e-09
17.075 2.94541e-08 3.10096e-08 -2.50624e-08 2.9736e-09
17.1 2.8023e-08 2.95171e-08 -2.38293e-08 2.84393e-09
17.125 2.66474e-08 2.80818e-08 -2.26452e-08 2.7183e-09
17.15 2.5326e-08 2.67025e-08 -2.15091e-08 2.59669e-09
17.175 2.40575e-08 2.53777e-08 -2.04196e-08 2.47906e-09
17.2 2.28406e-08 2.41064e-08 -1.93756e-08 2.36539e-09
17.225 2.1674e-08 2.2887e-08 -1.83757e-08 2.25562e-09
17.25 2.05564e-08 2.17182e-08 -1.74188e-08 2.1497e-09
17.275 1.94865e-08 2.05988e-08 -1.65036e-08 2.04759e-09
17.3 1.84627e-08 1.95272e-08 -1.56287e-08 1.94922e-09
17.325 1.74839e-08 1.85021e-08 -1.4793e-08 1.85453e-09
17.35 1.65486e-08 1.7522e-08 -1.39951e-08 1.76344e-09
17.375 1.56554e-08 1.65857e-08 -1.32339e-08 1.6759e-09
17.4 1.4803e-08 1.56916e-08 -1.2508e-08 1.59181e-09
17.425 1.399e-08 1.48385e-08 -1.18163e-08 1.51111e-09
17.45 1.32151e-08 1.40248e-08 -1.11574e-08 1.43371e-09
17.475 1.2477e-08 1.32494e-08 -1.05303e-08 1.35953e-09
17.5 1.17743e-08 1.25107e-08 -9.93374e-09 1.28849e-09
17.525 1.11057e-08 1.18075e-08 -9.36655e-09 1.2205e-09
17.55 1.047e-08 1.11386e-08 -8.8276e-09 1.15548e-09
17.575 9.86583e-09 1.05024e-08 -8.31577e-09 1.09333e-09
17.6 9.29206e-09 9.89794e-09 -7.82997e-09 1.03398e-09
17.625 8.74743e-09 9.32381e-09 -7.36914e-09 9.77336e-10
17.65 8.23078e-09 8.77885e-09 -6.93223e-09 9.23307e-10
17.675 7.74094e-09 8.26185e-09 -6.51824e-09 8.71808e-10
17.7 7.27679e-09 7.77166e-09 -6.12616e-09 8.22752e-10
17.725 6.83722e-09 7.30716e-09 -5.75505e-09 7.76054e-10
17.75 6.42118e-09 6.86722e-09 -5.40397e-09 7.31629e-10
17.775 6.02762e-09 6.4508e-09 -5.07201e-09 6.89392e-10
17.8 5.65553e-09 6.05683e-09 -4.75831e-09 6.49263e-10
17.825 5.30393e-09 5.68432e-09 -4.46201e-09 6.11158e-10
17.85 4.97189e-09 5.33229e-09 -4.18229e-09 5.74999e-10
17.875 4.65847e-09 4.99978e-09 -3.91837e-09 5.40706e-10
17.9 4.36279e-09 4.68588e-09 -3.66948e-09 5.08204e-10
17.925 4.08401e-09 4.38972e-09 -3.43488e-09 4.77418e-10
17.95 3.82129e-09 4.11042e-09 -3.21387e-09 4.48273e-10
17.975 3.57385e-09 3.84717e-09 -3.00577e-09 4.207e-10
18 3.3409e-09 3.59917e-09 -2.80991e-09 3.94628e-10
18.025 3.12173e-09 3.36566e-09 -2.62568e-09 3.69991e-10
18.05 2.91562e-09 3.14591e-09 -2.45247e-09 3.46723e-10
18.075 2.7219e-09 2.93921e-09 -2.28969e-09 3.2476e-10
18.1 2.53991e-09 2.74489e-09 -2.13681e-09 3.04041e-10
18.125 2.36903e-09 2.56229e-09 -1.99328e-09 2.84507e-10
18.15 2.20866e-09 2.3908e-09 -1.85859e-09 2.66101e-10
18.175 2.05824e-09 2.22981e-09 -1.73228e-09 2.48766e-10
18.2 1.91721e-09 2.07876e-09 -1.61386e-09 2.3245e-10
18.225 1.78507e-09 1.93711e-09 -1.50291e-09 2.17102e-10
18.25 1.6613e-09 1.80433e-09 -1.39899e-09 2.02671e-10
18.275 1.54544e-09 1.67994e-09 -1.30172e-09 1.89111e-10
18.3 1.43703e-09 1.56345e-09 -1.2107e-09 1.76375e-10
18.325 1.33565e-09 1.45442e-09 -1.12558e-09 1.6442e-10
18.35 1.24088e-09 1.35242e-09 -1.04601e-09 1.53205e-10
18.375 1.15234e-09 1.25704e-09 -9.71666e-10 1.42689e-10
18.4 1.06966e-09 1.1679e-09 -9.02233e-10 1.32833e-10
18.425 9.9248e-10 1.08462e-09 -8.37418e-10 1.23601e-10
18.45 9.20479e-10 1.00686e-09 -7.76941e-10 1.14959e-10
18.475 8.53338e-10 9.34281e-10 -7.20537e-10 1.06872e-10
18.5 7.90759e-10 8.66575e-10 -6.67958e-10 9.93085e-11
18.525 7.32459e-10 8.03442e-10 -6.18964e-10 9.22389e-11
18.55 6.78171e-10 7.446e-10 -5.73332e-10 8.5634e-11
18.575 6.27642e-10 6.89784e-10 -5.30851e-10 7.94665e-11
18.6 5.80635e-10 6.3874e-10 -4.9132e-10 7.37101e-11
18.625 5.36923e-10 5.91231e-10 -4.54551e-10 6.83403e-11
18.65 4.96296e-10 5.47033e-10 -4.20366e-10 6.33336e-11
18.675 4.58552e-10 5.05933e-10 -3.88597e-10 5.86677e-11
18.7 4.23503e-10 4.6773e-10 -3.59087e-10 5.43216e-11
18.725 3.90971e-10 4.32238e-10 -3.31687e-10 5.02754e-11
18.75 3.6079e-10 3.99277e-10 -3.06257e-10 4.65103e-11
18.775 3.32802e-10 3.68682e-10 -2.82665e-10 4.30083e-11
18.8 3.06859e-10 3.40294e-10 -2.60789e-10 3.97528e-11
18.825 2.82823e-10 3.13967e-10 -2.40511e-10 3.67277e-11
18.85 2.60563e-10 2.89561e-10 -2.21724e-10 3.39182e-11
18.875 2.39958e-10 2.66945e-10 -2.04325e-10 3.13102e-11
18.9 2.20893e-10 2.45999e-10 -1.88219e-10 2.88902e-11
18.925 2.03261e-10 2.26607e-10 -1.73315e-10 2.6646e-11
18.95 1.8696e-10 2.08661e-10 -1.59529e-10 2.45656e-11
18.975 1.71898e-10 1.9206e-10 -1.46784e-10 2.2638e-11
19 1.57986e-10 1.76711e-10 -1.35006e-10 2.08528e-11
19.025 1.45142e-10 1.62525e-10 -1.24125e-10 1.92003e-11
19.05 1.33289e-10 1.4942e-10 -1.14077e-10 1.76713e-11
19.075 1.22355e-10 1.37318e-10 -1.04803e-10 1.62572e-11
19.1 1.12274e-10 1.26147e-10 -9.62468e-11 1.49501e-11
19.125 1.02982e-10 1.1584e-10 -8.83554e-11 1.37423e-11
19.15 9.44223e-11 1.06334e-10 -8.10805e-11 1.26268e-11
19.175 8.654e-11 9.75708e-11 -7.43766e-11 1.15971e-11
19.2 7.92845e-11 8.94953e-11 -6.82014e-11 1.06469e-11
19.225 7.26089e-11 8.20567e-11 -6.25155e-11 9.7706e-12
19.25 6.64694e-11 7.52077e-11 -5.72823e-11 8.96271e-12
19.275 6.08254e-11 6.8904e-11 -5.24675e-11 8.21825e-12
19.3 5.56389e-11 6.31048e-11 -4.80397e-11 7.53256e-12
19.325 5.0875e-11 5.77717e-11 -4.39692e-11 6.90126e-12
19.35 4.6501e-11 5.28693e-11 -4.02287e-11 6.3203e-12
19.375 4.24867e-11 4.83647e-11 -3.67929e-11 5.78591e-12
19.4 3.8804e-11 4.42273e-11 -3.36381e-11 5.29456e-12
19.425 3.54268e-11 4.04286e-11 -3.07426e-11 4.84298e-12
19.45 3.23313e-11 3.69423e-11 -2.8086e-11 4.42814e-12
19.475 2.94949e-11 3.37441e-11 -2.56496e-11 4.04722e-12
19.5 2.68971e-11 3.08112e-11 -2.34161e-11 3.69758e-12
19.525 2.45188e-11 2.81228e-11 -2.13692e-11 3.3768e-12
19.55 2.23423e-11 2.56595e-11 -1.94942e-11 3.08263e-12
19.575 2.03513e-11 2.34033e-11 -1.77773e-11 2.81297e-12
19.6 1.85307e-11 2.13375e-11 -1.62058e-11 2.56588e-12
19.625 1.68667e-11 1.9447e-11 -1.47678e-11 2.33958e-12
19.65 1.53463e-11 1.77174e-11 -1.34526e-11 2.13239e-12
19.675 1.39577e-11 1.61358e-11 -1.22502e-11 1.94279e-12
19.7 1.269e-11 1.46899e-11 -1.11512e-11 1.76936e-12
19.725 1.15331e-11 1.33688e-11 -1.01472e-11 1.61078e-12
19.75 1.04778e-11 1.2162e-11 -9.23032e-12 1.46584e-12
19.775 9.51551e-12 1.10601e-11 -8.39329e-12 1.33342e-12
19.8 8.6384e-12 1.00545e-11 -7.62945e-12 1.2125e-12
19.825 7.83924e-12 9.13691e-12 -6.93268e-12 1.10212e-12
19.85 7.11138e-12 8.30011e-12 -6.29731e-12 1.0014e-12
19.875 6.44872e-12 7.53722e-12 -5.71816e-12 9.09533e-13
19.9 5.84566e-12 6.842e-12 -5.19044e-12 8.25778e-13
19.925 5.29705e-12 6.20867e-12 -4.70977e-12 7.49449e-13
19.95 4.79817e-12 5.63195e-12 -4.27212e-12 6.79915e-13
19.975 4.34468e-12 5.10698e-12 -3.87378e-12 6.16598e-13
20 3.93262e-12 4.62929e-12 -3.51136e-12 5.58965e-13
