0 9.22443e-05 -8.22159e-05
0.025 9.22443e-05 -8.22159e-05
0.05 0.000184284 -0.000164149
0.075 0.000275916 -0.000245517
0.1 0.000366936 -0.000326042
0.125 0.000457143 -0.000405447
0.15 0.000546339 -0.00048346
0.175 0.000634326 -0.000559817
0.2 0.000720912 -0.000634257
0.225 0.000805906 -0.000706531
0.25 0.000889124 -0.000776395
0.275 0.000970383 -0.000843617
0.3 0.00104951 -0.000907976
0.325 0.00112633 -0.000969259
0.35 0.00120068 -0.00102727
0.375 0.00127241 -0.00108182
0.4 0.00134136 -0.00113275
0.425 0.00140739 -0.00117989
0.45 0.00147037 -0.00122309
0.475 0.00153016 -0.00126225
0.5 0.00158664 -0.00129723
0.525 0.00163972 -0.00132796
0.55 0.00168927 -0.00135435
0.575 0.00173522 -0.00137633
0.6 0.00177748 -0.00139386
0.625 0.00181597 -0.00140692
0.65 0.00185064 -0.00141548
0.675 0.00188142 -0.00141956
0.7 0.00190828 -0.00141918
0.725 0.00193119 -0.00141436
0.75 0.00195012 -0.00140517
0.775 0.00196507 -0.00139166
0.8 0.00197602 -0.00137393
0.825 0.001983 -0.00135206
0.85 0.00198603 -0.00132617
0.875 0.00198513 -0.00129637
0.9 0.00198036 -0.00126281
0.925 0.00197176 -0.00122563
0.95 0.0019594 -0.00118498
0.975 0.00194335 -0.00114105
1 0.00192371 -0.00109399
1.025 0.00190055 -0.001044
1.05 0.001874 -0.000991267
1.075 0.00184416 -0.000935994
1.1 0.00181116 -0.000878384
1.125 0.00177513 -0.000818647
1.15 0.00173621 -0.000756995
1.175 0.00169456 -0.000693645
1.2 0.00165033 -0.000628815
1.225 0.00160368 -0.000562722
1.25 0.0015548 -0.000495587
1.275 0.00150386 -0.000427627
1.3 0.00145104 -0.000359059
1.325 0.00139655 -0.000290095
1.35 0.00134057 -0.000220947
1.375 0.00128332 -0.00015182
1.4 0.00122499 -8.29152e-05
1.425 0.00116581 -1.44274e-05
1.45 0.00110597 5.34545e-05
1.475 0.00104571 0.000120549
1.5 0.000985228 0.000186683
1.525 0.000924758 0.000251689
1.55 0.000864518 0.000315413
1.575 0.000804726 0.000377706
1.6 0.000745605 0.000438431
1.625 0.000687372 0.000497461
1.65 0.000630245 0.000554678
1.675 0.000574438 0.000609975
1.7 0.000520163 0.000663259
1.725 0.000467627 0.000714444
1.75 0.000417032 0.000763457
1.775 0.000368577 0.000810237
1.8 0.000322451 0.000854732
1.825 0.00027884 0.000896902
1.85 0.000237921 0.000936721
1.875 0.000199862 0.000974168
1.9 0.000164825 0.00100924
1.925 0.000132961 0.00104194
1.95 0.00010441 0.00107227
1.975 7.93039e-05 0.00110027
2 5.77614e-05 0.00112596
2.025 3.98904e-05 0.00114939
2.05 2.57866e-05 0.0011706
2.075 1.55326e-05 0.00118966
2.1 9.19809e-06 0.00120662
2.125 6.83892e-06 0.00122156
2.15 8.4969e-06 0.00123456
2.175 1.41994e-05 0.00124569
2.2 2.39589e-05 0.00125504
2.225 3.77729e-05 0.0012627
2.25 5.56235e-05 0.00126877
2.275 7.74774e-05 0.00127333
2.3 0.000103285 0.0012765
2.325 0.000132982 0.00127835
2.35 0.000166488 0.001279
2.375 0.000203705 0.00127853
2.4 0.000244522 0.00127705
2.425 0.000288809 0.00127463
2.45 0.000336424 0.00127137
2.475 0.000387207 0.00126736
2.5 0.000440984 0.00126266
2.525 0.000497567 0.00125736
2.55 0.000556752 0.00125152
2.575 0.000618321 0.00124519
2.6 0.000682046 0.00123843
2.625 0.000747682 0.00123129
2.65 0.000814974 0.00122379
2.675 0.000883655 0.00121596
2.7 0.000953448 0.00120781
2.725 0.00102406 0.00119934
2.75 0.00109521 0.00119056
2.775 0.00116657 0.00118143
2.8 0.00123785 0.00117194
2.825 0.00130871 0.00116203
2.85 0.00137884 0.00115165
2.875 0.00144791 0.00114074
2.9 0.00151559 0.00112922
2.925 0.00158154 0.00111701
2.95 0.00164542 0.001104
2.975 0.00170691 0.00109008
3 0.00176567 0.00107513
3.025 0.00182136 0.00105902
3.05 0.00187367 0.0010416
3.075 0.00192226 0.00102272
3.1 0.00196683 0.00100222
3.125 0.00200705 0.000979938
3.15 0.00204265 0.000955691
3.175 0.00207331 0.000929298
3.2 0.00209877 0.00090057
3.225 0.00211875 0.000869316
3.25 0.002133 0.00083534
3.275 0.00214128 0.000798441
3.3 0.00214336 0.000758421
3.325 0.00213903 0.000715078
3.35 0.0021281 0.000668213
3.375 0.00211039 0.00061763
3.4 0.00208575 0.000563133
3.425 0.00205404 0.000504533
3.45 0.00201515 0.000441648
3.475 0.00196896 0.000374301
3.5 0.00191542 0.000302323
3.525 0.00185447 0.000225557
3.55 0.00178608 0.000143855
3.575 0.00171023 5.70825e-05
3.6 0.00162694 -3.48839e-05
3.625 0.00153624 -0.000132151
3.65 0.0014382 -0.000234812
3.675 0.0013329 -0.000342943
3.7 0.00122044 -0.000456602
3.725 0.00110095 -0.00057583
3.75 0.000974571 -0.000700647
3.775 0.000841484 -0.000831057
3.8 0.000701879 -0.000967039
3.825 0.000555968 -0.00110856
3.85 0.000403986 -0.00125554
3.875 0.000246185 -0.00140792
3.9 8.28376e-05 -0.00156559
3.925 -8.57656e-05 -0.00172841
3.95 -0.000259317 -0.00189624
3.975 -0.000437494 -0.00206891
4 -0.000619958 -0.00224623
4.025 -0.000806355 -0.00242797
4.05 -0.000996319 -0.00261392
4.075 -0.00118947 -0.00280381
4.1 -0.00138543 -0.00299736
4.125 -0.00158379 -0.00319428
4.15 -0.00178415 -0.00339425
4.175 -0.0019861 -0.00359696
4.2 -0.00218922 -0.00380204
4.225 -0.00239308 -0.00400914
4.25 -0.00259727 -0.00421788
4.275 -0.00280135 -0.00442787
4.3 -0.00300491 -0.00463872
4.325 -0.00320752 -0.00485
4.35 -0.00340875 -0.0050613
4.375 -0.00360819 -0.00527221
4.4 -0.00380544 -0.00548227
4.425 -0.00400007 -0.00569107
4.45 -0.00419171 -0.00589817
4.475 -0.00437995 -0.00610311
4.5 -0.00456443 -0.00630549
4.525 -0.00474477 -0.00650484
4.55 -0.00492062 -0.00670076
4.575 -0.00509165 -0.00689282
4.6 -0.00525753 -0.00708059
4.625 -0.00541794 -0.00726369
4.65 -0.0055726 -0.00744171
4.675 -0.00572123 -0.00761427
4.7 -0.00586357 -0.007781
4.725 -0.00599937 -0.00794155
4.75 -0.00612843 -0.00809559
4.775 -0.00625053 -0.00824279
4.8 -0.0063655 -0.00838285
4.825 -0.00647317 -0.0085155
4.85 -0.00657339 -0.00864047
4.875 -0.00666606 -0.00875753
4.9 -0.00675106 -0.00886645
4.925 -0.00682832 -0.00896705
4.95 -0.00689777 -0.00905916
4.975 -0.00695938 -0.00914263
5 -0.00701313 -0.00921734
5.025 -0.00705902 -0.00928319
5.05 -0.00709706 -0.0093401
5.075 -0.00712731 -0.00938804
5.1 -0.0071498 -0.00942697
5.125 -0.00716463 -0.0094569
5.15 -0.00717188 -0.00947784
5.175 -0.00717167 -0.00948986
5.2 -0.00716412 -0.00949301
5.225 -0.00714937 -0.00948738
5.25 -0.00712757 -0.0094731
5.275 -0.00709891 -0.0094503
5.3 -0.00706357 -0.00941912
5.325 -0.00702173 -0.00937976
5.35 -0.00697361 -0.00933239
5.375 -0.00691942 -0.00927722
5.4 -0.0068594 -0.00921449
5.425 -0.00679377 -0.00914443
5.45 -0.00672278 -0.00906729
5.475 -0.00664669 -0.00898334
5.5 -0.00656573 -0.00889287
5.525 -0.00648019 -0.00879615
5.55 -0.00639031 -0.00869349
5.575 -0.00629638 -0.00858518
5.6 -0.00619865 -0.00847155
5.625 -0.0060974 -0.0083529
5.65 -0.0059929 -0.00822956
5.675 -0.00588541 -0.00810186
5.7 -0.00577522 -0.00797011
5.725 -0.00566258 -0.00783465
5.75 -0.00554776 -0.0076958
5.775 -0.00543102 -0.00755388
5.8 -0.00531262 -0.00740922
5.825 -0.00519281 -0.00726213
5.85 -0.00507183 -0.00711293
5.875 -0.00494993 -0.00696193
5.9 -0.00482734 -0.00680943
5.925 -0.00470429 -0.00665573
5.95 -0.00458099 -0.00650111
5.975 -0.00445766 -0.00634585
6 -0.00433451 -0.00619023
6.025 -0.00421173 -0.00603451
6.05 -0.0040895 -0.00587893
6.075 -0.00396801 -0.00572375
6.1 -0.00384742 -0.00556919
6.125 -0.0037279 -0.00541548
6.15 -0.0036096 -0.00526281
6.175 -0.00349265 -0.0051114
6.2 -0.00337719 -0.00496143
6.225 -0.00326335 -0.00481306
6.25 -0.00315124 -0.00466648
6.275 -0.00304096 -0.00452183
6.3 -0.00293262 -0.00437924
6.325 -0.00282629 -0.00423886
6.35 -0.00272205 -0.0041008
6.375 -0.00261998 -0.00396516
6.4 -0.00252014 -0.00383204
6.425 -0.00242259 -0.00370154
6.45 -0.00232736 -0.00357372
6.475 -0.00223449 -0.00344865
6.5 -0.00214402 -0.00332638
6.525 -0.00205598 -0.00320698
6.55 -0.00197037 -0.00309046
6.575 -0.00188721 -0.00297687
6.6 -0.0018065 -0.00286622
6.625 -0.00172824 -0.00275852
6.65 -0.00165243 -0.00265379
6.675 -0.00157905 -0.00255202
6.7 -0.00150809 -0.00245321
6.725 -0.00143952 -0.00235733
6.75 -0.00137333 -0.00226438
6.775 -0.00130947 -0.00217433
6.8 -0.00124793 -0.00208714
6.825 -0.00118865 -0.00200279
6.85 -0.00113161 -0.00192123
6.875 -0.00107676 -0.00184242
6.9 -0.00102406 -0.00176632
6.925 -0.000973463 -0.00169288
6.95 -0.000924918 -0.00162205
6.975 -0.000878377 -0.00155377
7 -0.00083379 -0.00148799
7.025 -0.000791104 -0.00142465
7.05 -0.000750267 -0.00136369
7.075 -0.000711225 -0.00130505
7.1 -0.000673925 -0.00124866
7.125 -0.000638311 -0.00119448
7.15 -0.000604331 -0.00114243
7.175 -0.000571928 -0.00109246
7.2 -0.00054105 -0.00104449
7.225 -0.000511643 -0.00099847
7.25 -0.000483653 -0.000954335
7.275 -0.000457027 -0.000912022
7.3 -0.000431714 -0.00087147
7.325 -0.000407662 -0.000832619
7.35 -0.000384822 -0.000795408
7.375 -0.000363143 -0.00075978
7.4 -0.000342578 -0.000725675
7.425 -0.000323079 -0.000693039
7.45 -0.0003046 -0.000661814
7.475 -0.000287097 -0.000631947
7.5 -0.000270526 -0.000603386
7.525 -0.000254844 -0.000576077
7.55 -0.00024001 -0.000549972
7.575 -0.000225985 -0.000525022
7.6 -0.00021273 -0.000501178
7.625 -0.000200208 -0.000478397
7.65 -0.000188383 -0.000456632
7.675 -0.000177221 -0.000435841
7.7 -0.000166688 -0.000415982
7.725 -0.000156753 -0.000397017
7.75 -0.000147384 -0.000378905
7.775 -0.000138553 -0.00036161
7.8 -0.000130231 -0.000345095
7.825 -0.000122391 -0.000329328
7.85 -0.000115008 -0.000314273
7.875 -0.000108056 -0.000299901
7.9 -0.000101513 -0.000286179
7.925 -9.5355e-05 -0.00027308
7.95 -8.95619e-05 -0.000260574
7.975 -8.41128e-05 -0.000248635
8 -7.89886e-05 -0.000237238
8.025 -7.41707e-05 -0.000226358
8.05 -6.96418e-05 -0.000215971
8.075 -6.53852e-05 -0.000206055
8.1 -6.13853e-05 -0.000196588
8.125 -5.76271e-05 -0.000187551
8.15 -5.40965e-05 -0.000178923
8.175 -5.07803e-05 -0.000170685
8.2 -4.76657e-05 -0.000162821
8.225 -4.47408e-05 -0.000155312
8.25 -4.19944e-05 -0.000148144
8.275 -3.94158e-05 -0.0001413
8.3 -3.6995e-05 -0.000134765
8.325 -3.47225e-05 -0.000128526
8.35 -3.25894e-05 -0.00012257
8.375 -3.05872e-05 -0.000116882
8.4 -2.87079e-05 -0.000111453
8.425 -2.69443e-05 -0.000106268
8.45 -2.52891e-05 -0.000101319
8.475 -2.37358e-05 -9.65941e-05
8.5 -2.22782e-05 -9.20832e-05
8.525 -2.09103e-05 -8.7777e-05
8.55 -1.96268e-05 -8.36662e-05
8.575 -1.84224e-05 -7.97424e-05
8.6 -1.72923e-05 -7.59971e-05
8.625 -1.62319e-05 -7.24224e-05
8.65 -1.52369e-05 -6.90109e-05
8.675 -1.43033e-05 -6.57552e-05
8.7 -1.34273e-05 -6.26486e-05
8.725 -1.26053e-05 -5.96845e-05
8.75 -1.18341e-05 -5.68566e-05
8.775 -1.11104e-05 -5.41589e-05
8.8 -1.04314e-05 -5.15857e-05
8.825 -9.79428e-06 -4.91316e-05
8.85 -9.19646e-06 -4.67913e-05
8.875 -8.63551e-06 -4.45598e-05
8.9 -8.10915e-06 -4.24324e-05
8.925 -7.61524e-06 -4.04045e-05
8.95 -7.15178e-06 -3.84716e-05
8.975 -6.71689e-06 -3.66297e-05
9 -6.30879e-06 -3.48747e-05
9.025 -5.92583e-06 -3.32028e-05
9.05 -5.56645e-06 -3.16102e-05
9.075 -5.22919e-06 -3.00935e-05
9.1 -4.91269e-06 -2.86494e-05
9.125 -4.61565e-06 -2.72745e-05
9.15 -4.33688e-06 -2.59657e-05
9.175 -4.07524e-06 -2.47202e-05
9.2 -3.82967e-06 -2.3535e-05
9.225 -3.59916e-06 -2.24074e-05
9.25 -3.3828e-06 -2.13349e-05
9.275 -3.1797e-06 -2.03148e-05
9.3 -2.98905e-06 -1.93448e-05
9.325 -2.81006e-06 -1.84226e-05
9.35 -2.64201e-06 -1.75459e-05
9.375 -2.48424e-06 -1.67127e-05
9.4 -2.33609e-06 -1.59209e-05
9.425 -2.19698e-06 -1.51686e-05
9.45 -2.06634e-06 -1.44538e-05
9.475 -1.94366e-06 -1.37749e-05
9.5 -1.82843e-06 -1.313e-05
9.525 -1.7202e-06 -1.25176e-05
9.55 -1.61853e-06 -1.1936e-05
9.575 -1.52302e-06 -1.13837e-05
9.6 -1.43329e-06 -1.08594e-05
9.625 -1.34898e-06 -1.03616e-05
9.65 -1.26975e-06 -9.88897e-06
9.675 -1.19531e-06 -9.44027e-06
9.7 -1.12534e-06 -9.0143e-06
9.725 -1.05958e-06 -8.60988e-06
9.75 -9.97762e-07 -8.22592e-06
9.775 -9.39653e-07 -7.86134e-06
9.8 -8.85022e-07 -7.51516e-06
9.825 -8.33657e-07 -7.18639e-06
9.85 -7.85359e-07 -6.87413e-06
9.875 -7.3994e-07 -6.5775e-06
9.9 -6.97225e-07 -6.29566e-06
9.925 -6.57048e-07 -6.02781e-06
9.95 -6.19257e-07 -5.77321e-06
9.975 -5.83705e-07 -5.53113e-06
10 -5.50256e-07 -5.30088e-06
10.025 -5.18784e-07 -5.08182e-06
10.05 -4.89167e-07 -4.87334e-06
10.075 -4.61294e-07 -4.67484e-06
10.1 -4.35059e-07 -4.48577e-06
10.125 -4.10362e-07 -4.3056e-06
10.15 -3.8711e-07 -4.13385e-06
10.175 -3.65216e-07 -3.97003e-06
10.2 -3.44597e-07 -3.8137e-06
10.225 -3.25175e-07 -3.66445e-06
10.25 -3.06879e-07 -3.52188e-06
10.275 -2.89639e-07 -3.38561e-06
10.3 -2.73392e-07 -3.25529e-06
10.325 -2.58078e-07 -3.13059e-06
10.35 -2.43639e-07 -3.0112e-06
10.375 -2.30022e-07 -2.89683e-06
10.4 -2.17178e-07 -2.7872e-06
10.425 -2.0506e-07 -2.68205e-06
10.45 -1.93623e-07 -2.58115e-06
10.475 -1.82827e-07 -2.48426e-06
10.5 -1.72632e-07 -2.39118e-06
10.525 -1.63003e-07 -2.3017e-06
10.55 -1.53905e-07 -2.21564e-06
10.575 -1.45306e-07 -2.13283e-06
10.6 -1.37177e-07 -2.0531e-06
10.625 -1.2949e-07 -1.97631e-06
10.65 -1.22218e-07 -1.90231e-06
10.675 -1.15338e-07 -1.83098e-06
10.7 -1.08826e-07 -1.76218e-06
10.725 -1.02661e-07 -1.69581e-06
10.75 -9.68239e-08 -1.63176e-06
10.775 -9.12952e-08 -1.56992e-06
10.8 -8.60578e-08 -1.51022e-06
10.825 -8.10958e-08 -1.45255e-06
10.85 -7.6394e-08 -1.39685e-06
10.875 -7.19385e-08 -1.34303e-06
10.9 -6.77161e-08 -1.29102e-06
10.925 -6.37146e-08 -1.24076e-06
10.95 -5.99226e-08 -1.19219e-06
10.975 -5.63296e-08 -1.14525e-06
11 -5.29255e-08 -1.09988e-06
11.025 -4.97011e-08 -1.05603e-06
11.05 -4.66476e-08 -1.01366e-06
11.075 -4.3757e-08 -9.72708e-07
11.1 -4.10215e-08 -9.33144e-07
11.125 -3.84339e-08 -8.94922e-07
11.15 -3.59874e-08 -8.58004e-07
11.175 -3.36756e-08 -8.2235e-07
11.2 -3.14924e-08 -7.87925e-07
11.225 -2.9432e-08 -7.54695e-07
11.25 -2.74888e-08 -7.22625e-07
11.275 -2.56577e-08 -6.91683e-07
11.3 -2.39336e-08 -6.61839e-07
11.325 -2.23117e-08 -6.33062e-07
11.35 -2.07872e-08 -6.05322e-07
11.375 -1.93559e-08 -5.78592e-07
11.4 -1.80133e-08 -5.52842e-07
11.425 -1.67552e-08 -5.28045e-07
11.45 -1.55777e-08 -5.04176e-07
11.475 -1.44767e-08 -4.81207e-07
11.5 -1.34485e-08 -4.59113e-07
11.525 -1.24893e-08 -4.37869e-07
11.55 -1.15956e-08 -4.1745e-07
11.575 -1.07638e-08 -3.97832e-07
11.6 -9.99055e-09 -3.78991e-07
11.625 -9.2725e-09 -3.60903e-07
11.65 -8.60642e-09 -3.43545e-07
11.675 -7.98918e-09 -3.26895e-07
11.7 -7.41776e-09 -3.1093e-07
11.725 -6.88922e-09 -2.95628e-07
11.75 -6.4007e-09 -2.80969e-07
11.775 -5.94948e-09 -2.66929e-07
11.8 -5.53291e-09 -2.5349e-07
11.825 -5.14845e-09 -2.4063e-07
11.85 -4.79368e-09 -2.2833e-07
11.875 -4.46628e-09 -2.16571e-07
11.9 -4.16401e-09 -2.05332e-07
11.925 -3.88479e-09 -1.94596e-07
11.95 -3.62662e-09 -1.84345e-07
11.975 -3.38761e-09 -1.7456e-07
12 -3.16598e-09 -1.65224e-07
12.025 -2.96009e-09 -1.56322e-07
12.05 -2.76837e-09 -1.47835e-07
12.075 -2.5894e-09 -1.39749e-07
12.1 -2.42183e-09 -1.32049e-07
12.125 -2.26444e-09 -1.24718e-07
12.15 -2.11611e-09 -1.17744e-07
12.175 -1.97582e-09 -1.11111e-07
12.2 -1.84264e-09 -1.04807e-07
12.225 -1.71575e-09 -9.88186e-08
12.25 -1.59441e-09 -9.31329e-08
12.275 -1.47797e-09 -8.77379e-08
12.3 -1.36586e-09 -8.26221e-08
12.325 -1.2576e-09 -7.77742e-08
12.35 -1.15276e-09 -7.31835e-08
12.375 -1.051e-09 -6.88394e-08
12.4 -9.52034e-10 -6.47321e-08
12.425 -8.55636e-10 -6.08519e-08
12.45 -7.61635e-10 -5.71895e-08
12.475 -6.69906e-10 -5.37361e-08
12.5 -5.80368e-10 -5.04831e-08
12.525 -4.9298e-10 -4.74222e-08
12.55 -4.07733e-10 -4.45455e-08
12.575 -3.24647e-10 -4.18454e-08
12.6 -2.43768e-10 -3.93143e-08
12.625 -1.6516e-10 -3.69451e-08
12.65 -8.8903e-11 -3.4731e-08
12.675 -1.50907e-11 -3.2665e-08
12.7 5.61768e-11 -3.07408e-08
12.725 1.24794e-10 -2.89519e-08
12.75 1.90654e-10 -2.7292e-08
12.775 2.53652e-10 -2.5755e-08
12.8 3.13686e-10 -2.43351e-08
12.825 3.70663e-10 -2.30262e-08
12.85 4.24497e-10 -2.18226e-08
12.875 4.75114e-10 -2.07187e-08
12.9 5.2245e-10 -1.97086e-08
12.925 5.66459e-10 -1.8787e-08
12.95 6.07108e-10 -1.79481e-08
12.975 6.44378e-10 -1.71866e-08
13 6.7827e-10 -1.64969e-08
13.025 7.08801e-10 -1.58735e-08
13.05 7.36006e-10 -1.53112e-08
13.075 7.59937e-10 -1.48043e-08
13.1 7.80664e-10 -1.43477e-08
13.125 7.98273e-10 -1.39359e-08
13.15 8.12871e-10 -1.35636e-08
13.175 8.24576e-10 -1.32254e-08
13.2 8.33527e-10 -1.29162e-08
13.225 8.39875e-10 -1.26307e-08
13.25 8.43787e-10 -1.23637e-08
13.275 8.4544e-10 -1.211e-08
13.3 8.45028e-10 -1.18647e-08
13.325 8.42754e-10 -1.16228e-08
13.35 8.38829e-10 -1.13794e-08
13.375 8.33476e-10 -1.11296e-08
13.4 8.26925e-10 -1.08689e-08
13.425 8.19412e-10 -1.05927e-08
13.45 8.11176e-10 -1.02966e-08
13.475 8.02464e-10 -9.97636e-09
13.5 7.93523e-10 -9.62795e-09
13.525 7.84602e-10 -9.24749e-09
13.55 7.75949e-10 -8.83129e-09
13.575 7.67812e-10 -8.3759e-09
13.6 7.60438e-10 -7.87808e-09
13.625 7.54067e-10 -7.33483e-09
13.65 7.48937e-10 -6.74341e-09
13.675 7.45279e-10 -6.10133e-09
13.7 7.43318e-10 -5.40638e-09
13.725 7.43269e-10 -4.65664e-09
13.75 7.45342e-10 -3.85046e-09
13.775 7.49733e-10 -2.98649e-09
13.8 7.56629e-10 -2.0637e-09
13.825 7.66207e-10 -1.08134e-09
13.85 7.78629e-10 -3.89899e-11
13.875 7.94045e-10 1.06347e-09
13.9 8.12594e-10 2.22586e-09
13.925 8.34396e-10 3.44766e-09
13.95 8.59561e-10 4.72808e-09
13.975 8.8818e-10 6.06599e-09
14 9.20331e-10 7.45999e-09
14.025 9.56076e-10 8.90839e-09
14.05 9.9546e-10 1.04092e-08
14.075 1.03851e-09 1.19602e-08
14.1 1.08525e-09 1.35588e-08
14.125 1.13566e-09 1.52024e-08
14.15 1.18973e-09 1.68878e-08
14.175 1.24742e-09 1.8612e-08
14.2 1.30868e-09 2.03714e-08
14.225 1.37345e-09 2.21624e-08
14.25 1.44164e-09 2.39814e-08
14.275 1.51315e-09 2.58242e-08
14.3 1.58787e-09 2.7687e-08
14.325 1.66567e-09 2.95654e-08
14.35 1.74641e-09 3.14552e-08
14.375 1.82995e-09 3.33521e-08
14.4 1.91611e-09 3.52515e-08
14.425 2.00472e-09 3.7149e-08
14.45 2.09558e-09 3.90402e-08
14.475 2.18851e-09 4.09205e-08
14.5 2.28329e-09 4.27855e-08
14.525 2.3797e-09 4.46307e-08
14.55 2.47753e-09 4.64518e-08
14.575 2.57654e-09 4.82444e-08
14.6 2.6765e-09 5.00044e-08
14.625 2.77717e-09 5.17276e-08
14.65 2.87829e-09 5.341e-08
14.675 2.97964e-09 5.50478e-08
14.7 3.08094e-09 5.66373e-08
14.725 3.18196e-09 5.81749e-08
14.75 3.28245e-09 5.96573e-08
14.775 3.38216e-09 6.10813e-08
14.8 3.48083e-09 6.24439e-08
14.825 3.57823e-09 6.37423e-08
14.85 3.67411e-09 6.49741e-08
14.875 3.76824e-09 6.61368e-08
14.9 3.86039e-09 6.72283e-08
14.925 3.95033e-09 6.82468e-08
14.95 4.03785e-09 6.91906e-08
14.975 4.12274e-09 7.00582e-08
15 4.2048e-09 7.08486e-08
15.025 4.28383e-09 7.15606e-08
15.05 4.35965e-09 7.21937e-08
15.075 4.4321e-09 7.27473e-08
15.1 4.50101e-09 7.32213e-08
15.125 4.56622e-09 7.36154e-08
15.15 4.62761e-09 7.39301e-08
15.175 4.68505e-09 7.41656e-08
15.2 4.73841e-09 7.43225e-08
15.225 4.7876e-09 7.44018e-08
15.25 4.83254e-09 7.44043e-08
15.275 4.87313e-09 7.43314e-08
15.3 4.90933e-09 7.41843e-08
15.325 4.94107e-09 7.39646e-08
15.35 4.96832e-09 7.36741e-08
15.375 4.99105e-09 7.33145e-08
15.4 5.00925e-09 7.28878e-08
15.425 5.02292e-09 7.23962e-08
15.45 5.03206e-09 7.18418e-08
15.475 5.03671e-09 7.12271e-08
15.5 5.03688e-09 7.05543e-08
15.525 5.03264e-09 6.98261e-08
15.55 5.02402e-09 6.9045e-08
15.575 5.01111e-09 6.82136e-08
15.6 4.99396e-09 6.73347e-08
15.625 4.97268e-09 6.6411e-08
15.65 4.94735e-09 6.54452e-08
15.675 4.91807e-09 6.44401e-08
15.7 4.88495e-09 6.33986e-08
15.725 4.84811e-09 6.23234e-08
15.75 4.80768e-09 6.12173e-08
15.775 4.76378e-09 6.0083e-08
15.8 4.71654e-09 5.89235e-08
15.825 4.66611e-09 5.77412e-08
15.85 4.61264e-09 5.65391e-08
15.875 4.55626e-09 5.53196e-08
15.9 4.49713e-09 5.40853e-08
15.925 4.43541e-09 5.28388e-08
15.95 4.37125e-09 5.15826e-08
15.975 4.3048e-09 5.0319e-08
16 4.23624e-09 4.90504e-08
16.025 4.1657e-09 4.7779e-08
16.05 4.09337e-09 4.65069e-08
16.075 4.01938e-09 4.52363e-08
16.1 3.94391e-09 4.39691e-08
16.125 3.8671e-09 4.27073e-08
16.15 3.78911e-09 4.14526e-08
16.175 3.7101e-09 4.02067e-08
16.2 3.63021e-09 3.89714e-08
16.225 3.54959e-09 3.77481e-08
16.25 3.46838e-09 3.65383e-08
16.275 3.38673e-09 3.53434e-08
16.3 3.30476e-09 3.41645e-08
16.325 3.22261e-09 3.30029e-08
16.35 3.14042e-09 3.18595e-08
16.375 3.05829e-09 3.07355e-08
16.4 2.97636e-09 2.96317e-08
16.425 2.89473e-09 2.85489e-08
16.45 2.81352e-09 2.74878e-08
16.475 2.73282e-09 2.64491e-08
16.5 2.65274e-09 2.54333e-08
16.525 2.57336e-09 2.4441e-08
16.55 2.49479e-09 2.34724e-08
16.575 2.41709e-09 2.2528e-08
16.6 2.34035e-09 2.1608e-08
16.625 2.26465e-09 2.07127e-08
16.65 2.19004e-09 1.98421e-08
16.675 2.11659e-09 1.89963e-08
16.7 2.04436e-09 1.81754e-08
16.725 1.97339e-09 1.73793e-08
16.75 1.90375e-09 1.66079e-08
16.775 1.83546e-09 1.58611e-08
16.8 1.76857e-09 1.51388e-08
16.825 1.70311e-09 1.44406e-08
16.85 1.6391e-09 1.37664e-08
16.875 1.57658e-09 1.31158e-08
16.9 1.51556e-09 1.24885e-08
16.925 1.45605e-09 1.18842e-08
16.95 1.39808e-09 1.13025e-08
16.975 1.34165e-09 1.07429e-08
17 1.28676e-09 1.0205e-08
17.025 1.23342e-09 9.68838e-09
17.05 1.18162e-09 9.19257e-09
17.075 1.13136e-09 8.71708e-09
17.1 1.08264e-09 8.26141e-09
17.125 1.03544e-09 7.82504e-09
17.15 9.89748e-10 7.40746e-09
17.175 9.45553e-10 7.00815e-09
17.2 9.02837e-10 6.62658e-09
17.225 8.61582e-10 6.26222e-09
17.25 8.21767e-10 5.91453e-09
17.275 7.83368e-10 5.58298e-09
17.3 7.46363e-10 5.26704e-09
17.325 7.10727e-10 4.96618e-09
17.35 6.76432e-10 4.67987e-09
17.375 6.43451e-10 4.40759e-09
17.4 6.11755e-10 4.14883e-09
17.425 5.81316e-10 3.90308e-09
17.45 5.52103e-10 3.66984e-09
17.475 5.24086e-10 3.44861e-09
17.5 4.97232e-10 3.23893e-09
17.525 4.71512e-10 3.0403e-09
17.55 4.46893e-10 2.85228e-09
17.575 4.23343e-10 2.6744e-09
17.6 4.00829e-10 2.50624e-09
17.625 3.79321e-10 2.34735e-09
17.65 3.58786e-10 2.19733e-09
17.675 3.39192e-10 2.05576e-09
17.7 3.20508e-10 1.92225e-09
17.725 3.02702e-10 1.79643e-09
17.75 2.85744e-10 1.67793e-09
17.775 2.69602e-10 1.56638e-09
17.8 2.54247e-10 1.46145e-09
17.825 2.39649e-10 1.3628e-09
17.85 2.25779e-10 1.27011e-09
17.875 2.12608e-10 1.18308e-09
17.9 2.00108e-10 1.10141e-09
17.925 1.88253e-10 1.02481e-09
17.95 1.77014e-10 9.53024e-10
17.975 1.66367e-10 8.85778e-10
18 1.56286e-10 8.22826e-10
18.025 1.46745e-10 7.63929e-10
18.05 1.37722e-10 7.08858e-10
18.075 1.29193e-10 6.57396e-10
18.1 1.21135e-10 6.09336e-10
18.125 1.13526e-10 5.64478e-10
18.15 1.06345e-10 5.22634e-10
18.175 9.95728e-11 4.83625e-10
18.2 9.31882e-11 4.4728e-10
18.225 8.71728e-11 4.13438e-10
18.25 8.1508e-11 3.81944e-10
18.275 7.61765e-11 3.52653e-10
18.3 7.11611e-11 3.25427e-10
18.325 6.64456e-11 3.00135e-10
18.35 6.20145e-11 2.76654e-10
18.375 5.78526e-11 2.54866e-10
18.4 5.39457e-11 2.34662e-10
18.425 5.028e-11 2.15938e-10
18.45 4.68424e-11 1.98595e-10
18.475 4.36204e-11 1.8254e-10
18.5 4.06018e-11 1.67688e-10
18.525 3.77754e-11 1.53956e-10
18.55 3.51302e-11 1.41266e-10
18.575 3.26558e-11 1.29548e-10
18.6 3.03424e-11 1.18732e-10
18.625 2.81804e-11 1.08756e-10
18.65 2.61611e-11 9.9559e-11
18.675 2.42759e-11 9.1086e-11
18.7 2.25168e-11 8.32844e-11
18.725 2.08761e-11 7.61054e-11
18.75 1.93466e-11 6.95032e-11
18.775 1.79214e-11 6.34352e-11
18.8 1.65941e-11 5.78615e-11
18.825 1.53585e-11 5.27449e-11
18.85 1.42089e-11 4.80509e-11
18.875 1.31397e-11 4.37471e-11
18.9 1.21458e-11 3.98036e-11
18.925 1.12223e-11 3.61924e-11
18.95 1.03647e-11 3.28875e-11
18.975 9.56861e-12 2.9865e-11
19 8.82995e-12 2.71023e-11
19.025 8.1449e-12 2.45788e-11
19.05 7.50987e-12 2.22752e-11
19.075 6.92146e-12 2.01738e-11
19.1 6.37651e-12 1.82579e-11
19.125 5.87204e-12 1.65123e-11
19.15 5.40524e-12 1.49231e-11
19.175 4.97351e-12 1.3477e-11
19.2 4.57438e-12 1.21621e-11
19.225 4.20555e-12 1.09674e-11
19.25 3.86489e-12 9.88247e-12
19.275 3.55038e-12 8.89801e-12
19.3 3.26013e-12 8.00532e-12
19.325 2.9924e-12 7.19641e-12
19.35 2.74554e-12 6.46394e-12
19.375 2.51804e-12 5.80117e-12
19.4 2.30846e-12 5.2019e-12
19.425 2.11547e-12 4.66046e-12
19.45 1.93784e-12 4.17163e-12
19.475 1.77441e-12 3.73064e-12
19.5 1.62413e-12 3.33311e-12
19.525 1.48598e-12 2.97505e-12
19.55 1.35904e-12 2.65279e-12
19.575 1.24245e-12 2.36301e-12
19.6 1.13542e-12 2.10263e-12
19.625 1.0372e-12 1.86888e-12
19.65 9.47103e-13 1.65922e-12
19.675 8.64495e-13 1.47134e-12
19.7 7.88784e-13 1.30312e-12
19.725 7.19422e-13 1.15265e-12
19.75 6.55905e-13 1.01819e-12
19.775 5.97763e-13 8.98148e-13
19.8 5.44565e-13 7.91094e-13
19.825 4.95909e-13 6.95721e-13
19.85 4.51426e-13 6.10847e-13
19.875 4.10776e-13 5.35401e-13
19.9 3.73642e-13 4.68414e-13
19.925 3.39735e-13 4.09008e-13
19.95 3.08787e-13 3.56393e-13
19.975 2.80551e-13 3.09853e-13
20 2.548e-13 2.68742e-13
