0 9.39215e-05 -7.53708e-05
0.025 9.39215e-05 -7.53708e-05
0.05 0.000187633 -0.000150488
0.075 0.000280924 -0.000225101
0.1 0.000373587 -0.000298958
0.125 0.000465414 -0.000371812
0.15 0.000556202 -0.000443421
0.175 0.000645747 -0.000513546
0.2 0.000733852 -0.000581956
0.225 0.000820322 -0.000648424
0.25 0.000904966 -0.000712734
0.275 0.000987599 -0.000774676
0.3 0.00106804 -0.000834051
0.325 0.00114612 -0.000890669
0.35 0.00122166 -0.000944352
0.375 0.00129451 -0.000994933
0.4 0.0013645 -0.00104226
0.425 0.00143151 -0.00108618
0.45 0.00149538 -0.00112657
0.475 0.00155598 -0.00116332
0.5 0.0016132 -0.00119632
0.525 0.00166692 -0.00122549
0.55 0.00171704 -0.00125075
0.575 0.00176346 -0.00127204
0.6 0.00180611 -0.00128932
0.625 0.0018449 -0.00130256
0.65 0.00187978 -0.00131174
0.675 0.00191069 -0.00131687
0.7 0.00193758 -0.00131796
0.725 0.00196044 -0.00131504
0.75 0.00197924 -0.00130815
0.775 0.00199396 -0.00129734
0.8 0.00200461 -0.00128269
0.825 0.0020112 -0.00126427
0.85 0.00201375 -0.00124219
0.875 0.00201231 -0.00121654
0.9 0.0020069 -0.00118745
0.925 0.00199759 -0.00115503
0.95 0.00198445 -0.00111944
0.975 0.00196754 -0.00108081
1 0.00194696 -0.00103929
1.025 0.00192281 -0.000995062
1.05 0.00189519 -0.00094828
1.075 0.00186421 -0.000899123
1.1 0.00183 -0.000847772
1.125 0.00179269 -0.000794412
1.15 0.00175244 -0.000739231
1.175 0.00170938 -0.00068242
1.2 0.00166369 -0.000624174
1.225 0.00161551 -0.000564686
1.25 0.00156504 -0.000504151
1.275 0.00151245 -0.000442764
1.3 0.00145792 -0.000380718
1.325 0.00140164 -0.000318205
1.35 0.00134382 -0.000255413
1.375 0.00128466 -0.000192527
1.4 0.00122436 -0.000129729
1.425 0.00116314 -6.71947e-05
1.45 0.0011012 -5.09507e-06
1.475 0.00103875 5.64049e-05
1.5 0.000976032 0.000117147
1.525 0.000913247 0.000176979
1.55 0.000850616 0.000235758
1.575 0.000788361 0.000293349
1.6 0.000726699 0.000349622
1.625 0.000665849 0.000404461
1.65 0.000606025 0.000457755
1.675 0.000547442 0.000509403
1.7 0.000490309 0.000559316
1.725 0.000434832 0.000607411
1.75 0.000381214 0.000653617
1.775 0.000329652 0.000697874
1.8 0.000280336 0.000740128
1.825 0.000233452 0.000780339
1.85 0.000189177 0.000818474
1.875 0.000147683 0.000854511
1.9 0.00010913 0.000888437
1.925 7.36728e-05 0.000920248
1.95 4.14552e-05 0.000949951
1.975 1.26112e-05 0.000977558
2 -1.27356e-05 0.00100309
2.025 -3.44726e-05 0.00102659
2.05 -5.24987e-05 0.00104808
2.075 -6.67249e-05 0.00106761
2.1 -7.70747e-05 0.00108523
2.125 -8.34843e-05 0.00110101
2.15 -8.59034e-05 0.00111501
2.175 -8.42953e-05 0.00112728
2.2 -7.86374e-05 0.00113792
2.225 -6.89212e-05 0.00114699
2.25 -5.51531e-05 0.00115457
2.275 -3.73539e-05 0.00116075
2.3 -1.55596e-05 0.00116561
2.325 1.01786e-05 0.00116923
2.35 3.97945e-05 0.0011717
2.375 7.32065e-05 0.00117311
2.4 0.000110318 0.00117353
2.425 0.000151017 0.00117305
2.45 0.000195176 0.00117175
2.475 0.000242654 0.00116971
2.5 0.000293293 0.00116699
2.525 0.000346923 0.00116366
2.55 0.000403358 0.00115978
2.575 0.0004624 0.00115542
2.6 0.000523834 0.00115061
2.625 0.000587437 0.0011454
2.65 0.00065297 0.00113982
2.675 0.000720184 0.00113391
2.7 0.000788818 0.00112767
2.725 0.000858601 0.00112111
2.75 0.000929251 0.00111423
2.775 0.00100048 0.00110703
2.8 0.00107199 0.00109948
2.825 0.00114347 0.00109154
2.85 0.00121461 0.00108317
2.875 0.0012851 0.00107433
2.9 0.00135461 0.00106495
2.925 0.00142281 0.00105495
2.95 0.00148939 0.00104425
2.975 0.00155401 0.00103275
3 0.00161634 0.00102036
3.025 0.00167605 0.00100695
3.05 0.00173282 0.000992406
3.075 0.00178632 0.00097659
3.1 0.00183623 0.000959363
3.125 0.00188225 0.000940575
3.15 0.00192405 0.000920072
3.175 0.00196136 0.00089769
3.2 0.00199386 0.000873262
3.225 0.00202129 0.000846615
3.25 0.00204338 0.000817572
3.275 0.00205985 0.000785953
3.3 0.00207049 0.000751576
3.325 0.00207504 0.000714258
3.35 0.00207331 0.000673816
3.375 0.00206508 0.000630067
3.4 0.00205018 0.000582832
3.425 0.00202844 0.000531933
3.45 0.00199973 0.000477197
3.475 0.00196391 0.000418458
3.5 0.00192087 0.000355555
3.525 0.00187054 0.000288335
3.55 0.00181285 0.000216654
3.575 0.00174775 0.000140378
3.6 0.00167523 5.93839e-05
3.625 0.00159529 -2.64395e-05
3.65 0.00150794 -0.00011719
3.675 0.00141325 -0.000212952
3.7 0.00131127 -0.000313795
3.725 0.0012021 -0.000419772
3.75 0.00108585 -0.000530919
3.775 0.000962656 -0.000647257
3.8 0.000832684 -0.000768787
3.825 0.000696109 -0.000895493
3.85 0.000553133 -0.00102734
3.875 0.00040398 -0.00116427
3.9 0.00024889 -0.00130621
3.925 8.81255e-05 -0.00145307
3.95 -7.80325e-05 -0.00160473
3.975 -0.000249286 -0.00176105
4 -0.00042532 -0.00192189
4.025 -0.000605803 -0.00208706
4.05 -0.000790388 -0.00225639
4.075 -0.000978716 -0.00242964
4.1 -0.00117041 -0.00260659
4.125 -0.0013651 -0.002787
4.15 -0.00156237 -0.00297059
4.175 -0.00176183 -0.00315708
4.2 -0.00196306 -0.00334617
4.225 -0.00216565 -0.00353755
4.25 -0.00236917 -0.00373088
4.275 -0.0025732 -0.00392584
4.3 -0.0027773 -0.00412206
4.325 -0.00298105 -0.00431918
4.35 -0.00318402 -0.00451683
4.375 -0.00338577 -0.00471463
4.4 -0.00358588 -0.00491219
4.425 -0.00378394 -0.00510912
4.45 -0.00397952 -0.00530502
4.475 -0.00417222 -0.0054995
4.5 -0.00436165 -0.00569215
4.525 -0.0045474 -0.00588259
4.55 -0.00472911 -0.00607041
4.575 -0.00490641 -0.00625522
4.6 -0.00507893 -0.00643663
4.625 -0.00524636 -0.00661426
4.65 -0.00540835 -0.00678775
4.675 -0.00556462 -0.00695672
4.7 -0.00571485 -0.00712083
4.725 -0.00585878 -0.00727973
4.75 -0.00599617 -0.0074331
4.775 -0.00612676 -0.00758062
4.8 -0.00625035 -0.00772199
4.825 -0.00636674 -0.00785694
4.85 -0.00647575 -0.0079852
4.875 -0.00657724 -0.00810652
4.9 -0.00667106 -0.00822068
4.925 -0.00675712 -0.00832747
4.95 -0.0068353 -0.0084267
4.975 -0.00690556 -0.00851821
5 -0.00696783 -0.00860185
5.025 -0.0070221 -0.0086775
5.05 -0.00706835 -0.00874505
5.075 -0.00710661 -0.00880443
5.1 -0.0071369 -0.00885557
5.125 -0.00715927 -0.00889845
5.15 -0.00717381 -0.00893305
5.175 -0.00718061 -0.00895937
5.2 -0.00717977 -0.00897744
5.225 -0.00717142 -0.00898732
5.25 -0.0071557 -0.00898906
5.275 -0.00713278 -0.00898277
5.3 -0.00710282 -0.00896854
5.325 -0.00706602 -0.00894651
5.35 -0.00702258 -0.00891681
5.375 -0.0069727 -0.00887961
5.4 -0.00691663 -0.00883509
5.425 -0.00685458 -0.00878343
5.45 -0.0067868 -0.00872484
5.475 -0.00671354 -0.00865954
5.5 -0.00663508 -0.00858777
5.525 -0.00655166 -0.00850976
5.55 -0.00646356 -0.00842576
5.575 -0.00637106 -0.00833605
5.6 -0.00627443 -0.00824087
5.625 -0.00617396 -0.00814052
5.65 -0.00606993 -0.00803527
5.675 -0.00596261 -0.00792541
5.7 -0.0058523 -0.00781122
5.725 -0.00573927 -0.007693
5.75 -0.0056238 -0.00757105
5.775 -0.00550617 -0.00744565
5.8 -0.00538664 -0.0073171
5.825 -0.0052655 -0.0071857
5.85 -0.00514299 -0.00705173
5.875 -0.00501938 -0.00691548
5.9 -0.00489491 -0.00677723
5.925 -0.00476983 -0.00663727
5.95 -0.00464437 -0.00649586
5.975 -0.00451877 -0.00635327
6 -0.00439324 -0.00620977
6.025 -0.00426799 -0.0060656
6.05 -0.00414323 -0.00592102
6.075 -0.00401915 -0.00577626
6.1 -0.00389593 -0.00563155
6.125 -0.00377374 -0.00548711
6.15 -0.00365275 -0.00534315
6.175 -0.00353312 -0.00519988
6.2 -0.00341499 -0.00505748
6.225 -0.00329849 -0.00491613
6.25 -0.00318375 -0.00477602
6.275 -0.00307088 -0.00463729
6.3 -0.00295999 -0.00450011
6.325 -0.00285117 -0.00436461
6.35 -0.00274451 -0.00423093
6.375 -0.00264008 -0.00409918
6.4 -0.00253796 -0.00396948
6.425 -0.0024382 -0.00384193
6.45 -0.00234085 -0.00371662
6.475 -0.00224596 -0.00359363
6.5 -0.00215356 -0.00347305
6.525 -0.00206366 -0.00335492
6.55 -0.00197631 -0.00323932
6.575 -0.0018915 -0.00312628
6.6 -0.00180924 -0.00301585
6.625 -0.00172953 -0.00290805
6.65 -0.00165236 -0.00280292
6.675 -0.00157772 -0.00270047
6.7 -0.0015056 -0.00260071
6.725 -0.00143597 -0.00250365
6.75 -0.0013688 -0.00240927
6.775 -0.00130406 -0.00231759
6.8 -0.00124172 -0.00222858
6.825 -0.00118173 -0.00214222
6.85 -0.00112407 -0.0020585
6.875 -0.00106867 -0.00197738
6.9 -0.00101549 -0.00189885
6.925 -0.000964491 -0.00182285
6.95 -0.000915612 -0.00174936
6.975 -0.000868802 -0.00167833
7 -0.000824006 -0.00160973
7.025 -0.000781169 -0.0015435
7.05 -0.000740235 -0.00147961
7.075 -0.000701145 -0.00141799
7.1 -0.000663843 -0.0013586
7.125 -0.00062827 -0.00130139
7.15 -0.000594368 -0.0012463
7.175 -0.00056208 -0.00119327
7.2 -0.000531348 -0.00114227
7.225 -0.000502115 -0.00109322
7.25 -0.000474324 -0.00104608
7.275 -0.000447921 -0.00100078
7.3 -0.000422849 -0.000957279
7.325 -0.000399055 -0.000915513
7.35 -0.000376486 -0.000875428
7.375 -0.000355091 -0.000836972
7.4 -0.000334818 -0.000800089
7.425 -0.000315619 -0.000764726
7.45 -0.000297444 -0.000730831
7.475 -0.000280249 -0.000698352
7.5 -0.000263986 -0.000667239
7.525 -0.000248613 -0.000637441
7.55 -0.000234086 -0.000608911
7.575 -0.000220365 -0.0005816
7.6 -0.00020741 -0.000555463
7.625 -0.000195183 -0.000530453
7.65 -0.000183646 -0.000506528
7.675 -0.000172766 -0.000483644
7.7 -0.000162507 -0.000461759
7.725 -0.000152838 -0.000440835
7.75 -0.000143726 -0.00042083
7.775 -0.000135143 -0.000401708
7.8 -0.000127059 -0.000383432
7.825 -0.000119448 -0.000365967
7.85 -0.000112284 -0.000349278
7.875 -0.000105541 -0.000333334
7.9 -9.91965e-05 -0.000318101
7.925 -9.32279e-05 -0.000303549
7.95 -8.76138e-05 -0.00028965
7.975 -8.23341e-05 -0.000276375
8 -7.73695e-05 -0.000263697
8.025 -7.27018e-05 -0.000251589
8.05 -6.83137e-05 -0.000240027
8.075 -6.4189e-05 -0.000228986
8.1 -6.03122e-05 -0.000218444
8.125 -5.66687e-05 -0.000208379
8.15 -5.32446e-05 -0.000198768
8.175 -5.0027e-05 -0.000189593
8.2 -4.70036e-05 -0.000180834
8.225 -4.41626e-05 -0.000172472
8.25 -4.14933e-05 -0.000164489
8.275 -3.89852e-05 -0.000156869
8.3 -3.66287e-05 -0.000149595
8.325 -3.44146e-05 -0.000142651
8.35 -3.23343e-05 -0.000136024
8.375 -3.03797e-05 -0.000129698
8.4 -2.85432e-05 -0.00012366
8.425 -2.68176e-05 -0.000117898
8.45 -2.51962e-05 -0.000112398
8.475 -2.36727e-05 -0.00010715
8.5 -2.22412e-05 -0.000102141
8.525 -2.0896e-05 -9.7362e-05
8.55 -1.96319e-05 -9.28013e-05
8.575 -1.8444e-05 -8.84498e-05
8.6 -1.73276e-05 -8.42979e-05
8.625 -1.62785e-05 -8.03367e-05
8.65 -1.52926e-05 -7.65578e-05
8.675 -1.4366e-05 -7.2953e-05
8.7 -1.34952e-05 -6.95144e-05
8.725 -1.26767e-05 -6.62347e-05
8.75 -1.19075e-05 -6.31068e-05
8.775 -1.11846e-05 -6.01238e-05
8.8 -1.05051e-05 -5.72794e-05
8.825 -9.86654e-06 -5.45673e-05
8.85 -9.26639e-06 -5.19816e-05
8.875 -8.70236e-06 -4.95166e-05
8.9 -8.17228e-06 -4.7167e-05
8.925 -7.67414e-06 -4.49277e-05
8.95 -7.20602e-06 -4.27935e-05
8.975 -6.76613e-06 -4.07599e-05
9 -6.35279e-06 -3.88223e-05
9.025 -5.96441e-06 -3.69764e-05
9.05 -5.59952e-06 -3.52181e-05
9.075 -5.25671e-06 -3.35434e-05
9.1 -4.93467e-06 -3.19486e-05
9.125 -4.63216e-06 -3.04299e-05
9.15 -4.34803e-06 -2.89841e-05
9.175 -4.08118e-06 -2.76076e-05
9.2 -3.83058e-06 -2.62974e-05
9.225 -3.59527e-06 -2.50505e-05
9.25 -3.37434e-06 -2.38639e-05
9.275 -3.16692e-06 -2.27348e-05
9.3 -2.97222e-06 -2.16606e-05
9.325 -2.78948e-06 -2.06387e-05
9.35 -2.61797e-06 -1.96667e-05
9.375 -2.45704e-06 -1.87422e-05
9.4 -2.30604e-06 -1.78631e-05
9.425 -2.16437e-06 -1.70271e-05
9.45 -2.03148e-06 -1.62322e-05
9.475 -1.90684e-06 -1.54765e-05
9.5 -1.78995e-06 -1.47581e-05
9.525 -1.68034e-06 -1.40751e-05
9.55 -1.57756e-06 -1.34259e-05
9.575 -1.48121e-06 -1.28088e-05
9.6 -1.39088e-06 -1.22222e-05
9.625 -1.30622e-06 -1.16647e-05
9.65 -1.22687e-06 -1.11348e-05
9.675 -1.1525e-06 -1.06311e-05
9.7 -1.08281e-06 -1.01524e-05
9.725 -1.01751e-06 -9.69733e-06
9.75 -9.56329e-07 -9.26473e-06
9.775 -8.99003e-07 -8.85347e-06
9.8 -8.45293e-07 -8.46245e-06
9.825 -7.94973e-07 -8.09065e-06
9.85 -7.47828e-07 -7.73707e-06
9.875 -7.03658e-07 -7.40077e-06
9.9 -6.62274e-07 -7.08086e-06
9.925 -6.23498e-07 -6.77647e-06
9.95 -5.87163e-07 -6.48681e-06
9.975 -5.53113e-07 -6.21109e-06
10 -5.21199e-07 -5.94857e-06
10.025 -4.91285e-07 -5.69858e-06
10.05 -4.63241e-07 -5.46043e-06
10.075 -4.36943e-07 -5.2335e-06
10.1 -4.12279e-07 -5.0172e-06
10.125 -3.89142e-07 -4.81096e-06
10.15 -3.6743e-07 -4.61424e-06
10.175 -3.4705e-07 -4.42654e-06
10.2 -3.27914e-07 -4.24738e-06
10.225 -3.0994e-07 -4.0763e-06
10.25 -2.93051e-07 -3.91287e-06
10.275 -2.77174e-07 -3.75668e-06
10.3 -2.62242e-07 -3.60736e-06
10.325 -2.48193e-07 -3.46454e-06
10.35 -2.34967e-07 -3.32788e-06
10.375 -2.22511e-07 -3.19706e-06
10.4 -2.10772e-07 -3.07177e-06
10.425 -1.99703e-07 -2.95173e-06
10.45 -1.89261e-07 -2.83667e-06
10.475 -1.79403e-07 -2.72633e-06
10.5 -1.70092e-07 -2.62048e-06
10.525 -1.61292e-07 -2.51889e-06
10.55 -1.52969e-07 -2.42136e-06
10.575 -1.45094e-07 -2.32767e-06
10.6 -1.37637e-07 -2.23766e-06
10.625 -1.30572e-07 -2.15113e-06
10.65 -1.23875e-07 -2.06793e-06
10.675 -1.17522e-07 -1.98789e-06
10.7 -1.11494e-07 -1.91089e-06
10.725 -1.0577e-07 -1.83677e-06
10.75 -1.00333e-07 -1.76542e-06
10.775 -9.51654e-08 -1.6967e-06
10.8 -9.02524e-08 -1.63051e-06
10.825 -8.55796e-08 -1.56674e-06
10.85 -8.11338e-08 -1.50528e-06
10.875 -7.69028e-08 -1.44605e-06
10.9 -7.28753e-08 -1.38896e-06
10.925 -6.90408e-08 -1.33391e-06
10.95 -6.53895e-08 -1.28084e-06
10.975 -6.19124e-08 -1.22967e-06
11 -5.8601e-08 -1.18032e-06
11.025 -5.54475e-08 -1.13273e-06
11.05 -5.24444e-08 -1.08683e-06
11.075 -4.9585e-08 -1.04258e-06
11.1 -4.68627e-08 -9.99896e-07
11.125 -4.42715e-08 -9.58741e-07
11.15 -4.18056e-08 -9.19061e-07
11.175 -3.94596e-08 -8.80804e-07
11.2 -3.72285e-08 -8.43925e-07
11.225 -3.51072e-08 -8.08379e-07
11.25 -3.30911e-08 -7.74123e-07
11.275 -3.11758e-08 -7.41116e-07
11.3 -2.9357e-08 -7.09319e-07
11.325 -2.76306e-08 -6.78693e-07
11.35 -2.59926e-08 -6.49203e-07
11.375 -2.44394e-08 -6.20813e-07
11.4 -2.29671e-08 -5.93489e-07
11.425 -2.15722e-08 -5.67199e-07
11.45 -2.02514e-08 -5.41911e-07
11.475 -1.90012e-08 -5.17593e-07
11.5 -1.78185e-08 -4.94217e-07
11.525 -1.67002e-08 -4.71752e-07
11.55 -1.56433e-08 -4.50171e-07
11.575 -1.46447e-08 -4.29446e-07
11.6 -1.37018e-08 -4.0955e-07
11.625 -1.28117e-08 -3.90457e-07
11.65 -1.19719e-08 -3.72142e-07
11.675 -1.11798e-08 -3.54579e-07
11.7 -1.04329e-08 -3.37744e-07
11.725 -9.72896e-09 -3.21613e-07
11.75 -9.06562e-09 -3.06164e-07
11.775 -8.44076e-09 -2.91372e-07
11.8 -7.85229e-09 -2.77216e-07
11.825 -7.29825e-09 -2.63674e-07
11.85 -6.77675e-09 -2.50724e-07
11.875 -6.28599e-09 -2.38346e-07
11.9 -5.82428e-09 -2.26519e-07
11.925 -5.39001e-09 -2.15223e-07
11.95 -4.98166e-09 -2.04439e-07
11.975 -4.59778e-09 -1.94148e-07
12 -4.23704e-09 -1.84331e-07
12.025 -3.89815e-09 -1.74969e-07
12.05 -3.57994e-09 -1.66046e-07
12.075 -3.28127e-09 -1.57545e-07
12.1 -3.00111e-09 -1.49447e-07
12.125 -2.73848e-09 -1.41738e-07
12.15 -2.49246e-09 -1.34401e-07
12.175 -2.26221e-09 -1.27421e-07
12.2 -2.04692e-09 -1.20784e-07
12.225 -1.84586e-09 -1.14474e-07
12.25 -1.65833e-09 -1.08478e-07
12.275 -1.48367e-09 -1.02783e-07
12.3 -1.32127e-09 -9.73757e-08
12.325 -1.17057e-09 -9.22432e-08
12.35 -1.031e-09 -8.73738e-08
12.375 -9.02073e-10 -8.27559e-08
12.4 -7.83284e-10 -7.83783e-08
12.425 -6.7417e-10 -7.42304e-08
12.45 -5.74282e-10 -7.03018e-08
12.475 -4.83188e-10 -6.65828e-08
12.5 -4.00471e-10 -6.30638e-08
12.525 -3.25723e-10 -5.97358e-08
12.55 -2.58548e-10 -5.65902e-08
12.575 -1.98556e-10 -5.36186e-08
12.6 -1.45366e-10 -5.08131e-08
12.625 -9.85975e-11 -4.81661e-08
12.65 -5.7879e-11 -4.56703e-08
12.675 -2.28405e-11 -4.33187e-08
12.7 6.88447e-12 -4.11046e-08
12.725 3.16591e-11 -3.90216e-08
12.75 5.18434e-11 -3.70634e-08
12.775 6.77944e-11 -3.52241e-08
12.8 7.9865e-11 -3.3498e-08
12.825 8.84041e-11 -3.18796e-08
12.85 9.37556e-11 -3.03634e-08
12.875 9.62578e-11 -2.89443e-08
12.9 9.62425e-11 -2.76172e-08
12.925 9.40339e-11 -2.63773e-08
12.95 8.99482e-11 -2.52196e-08
12.975 8.4292e-11 -2.41396e-08
13 7.7362e-11 -2.31326e-08
13.025 6.94434e-11 -2.21941e-08
13.05 6.08095e-11 -2.13196e-08
13.075 5.17207e-11 -2.05048e-08
13.1 4.24237e-11 -1.97452e-08
13.125 3.3151e-11 -1.90367e-08
13.15 2.41201e-11 -1.8375e-08
13.175 1.55329e-11 -1.77558e-08
13.2 7.57569e-12 -1.7175e-08
13.225 4.18704e-13 -1.66284e-08
13.25 -5.78414e-12 -1.6112e-08
13.275 -1.08952e-11 -1.56217e-08
13.3 -1.47929e-11 -1.51535e-08
13.325 -1.73718e-11 -1.47034e-08
13.35 -1.85422e-11 -1.42674e-08
13.375 -1.82294e-11 -1.38417e-08
13.4 -1.63738e-11 -1.34225e-08
13.425 -1.29297e-11 -1.3006e-08
13.45 -7.8652e-12 -1.25886e-08
13.475 -1.16078e-12 -1.21668e-08
13.5 7.19098e-12 -1.1737e-08
13.525 1.71865e-11 -1.12959e-08
13.55 2.88122e-11 -1.08402e-08
13.575 4.20452e-11 -1.0367e-08
13.6 5.68546e-11 -9.87311e-09
13.625 7.32023e-11 -9.35582e-09
13.65 9.1044e-11 -8.81248e-09
13.675 1.1033e-10 -8.24062e-09
13.7 1.31007e-10 -7.63794e-09
13.725 1.53018e-10 -7.00236e-09
13.75 1.76303e-10 -6.33198e-09
13.775 2.00802e-10 -5.62512e-09
13.8 2.26452e-10 -4.88032e-09
13.825 2.53192e-10 -4.09634e-09
13.85 2.80961e-10 -3.27216e-09
13.875 3.09699e-10 -2.40702e-09
13.9 3.39348e-10 -1.50038e-09
13.925 3.69852e-10 -5.5193e-10
13.95 4.01159e-10 4.38383e-10
13.975 4.33218e-10 1.47038e-09
14 4.65983e-10 2.54363e-09
14.025 4.99411e-10 3.65748e-09
14.05 5.33461e-10 4.81103e-09
14.075 5.68097e-10 6.00317e-09
14.1 6.03286e-10 7.23255e-09
14.125 6.39e-10 8.4976e-09
14.15 6.75212e-10 9.79656e-09
14.175 7.11898e-10 1.11274e-08
14.2 7.49038e-10 1.24881e-08
14.225 7.86615e-10 1.38762e-08
14.25 8.24613e-10 1.52892e-08
14.275 8.63018e-10 1.67245e-08
14.3 9.01816e-10 1.81793e-08
14.325 9.40998e-10 1.96506e-08
14.35 9.8055e-10 2.11354e-08
14.375 1.02046e-09 2.26305e-08
14.4 1.06073e-09 2.41327e-08
14.425 1.10133e-09 2.56388e-08
14.45 1.14225e-09 2.71454e-08
14.475 1.18349e-09 2.8649e-08
14.5 1.22502e-09 3.01463e-08
14.525 1.26682e-09 3.16338e-08
14.55 1.30888e-09 3.31082e-08
14.575 1.35117e-09 3.4566e-08
14.6 1.39366e-09 3.60039e-08
14.625 1.43633e-09 3.74187e-08
14.65 1.47914e-09 3.8807e-08
14.675 1.52205e-09 4.01657e-08
14.7 1.56503e-09 4.14918e-08
14.725 1.60802e-09 4.27823e-08
14.75 1.65099e-09 4.40343e-08
14.775 1.69388e-09 4.52451e-08
14.8 1.73663e-09 4.64122e-08
14.825 1.77919e-09 4.75331e-08
14.85 1.82149e-09 4.86054e-08
14.875 1.86348e-09 4.96272e-08
14.9 1.90508e-09 5.05963e-08
14.925 1.94622e-09 5.1511e-08
14.95 1.98684e-09 5.23698e-08
14.975 2.02685e-09 5.3171e-08
15 2.06619e-09 5.39135e-08
15.025 2.10477e-09 5.45961e-08
15.05 2.14251e-09 5.52181e-08
15.075 2.17935e-09 5.57786e-08
15.1 2.21519e-09 5.6277e-08
15.125 2.24997e-09 5.67132e-08
15.15 2.2836e-09 5.70869e-08
15.175 2.31601e-09 5.7398e-08
15.2 2.34713e-09 5.76468e-08
15.225 2.37687e-09 5.78335e-08
15.25 2.40518e-09 5.79588e-08
15.275 2.43197e-09 5.80232e-08
15.3 2.45719e-09 5.80275e-08
15.325 2.48078e-09 5.79728e-08
15.35 2.50267e-09 5.786e-08
15.375 2.52281e-09 5.76905e-08
15.4 2.54116e-09 5.74655e-08
15.425 2.55766e-09 5.71865e-08
15.45 2.57227e-09 5.68551e-08
15.475 2.58496e-09 5.64729e-08
15.5 2.5957e-09 5.60417e-08
15.525 2.60446e-09 5.55634e-08
15.55 2.61122e-09 5.50397e-08
15.575 2.61596e-09 5.44727e-08
15.6 2.61867e-09 5.38645e-08
15.625 2.61935e-09 5.3217e-08
15.65 2.618e-09 5.25324e-08
15.675 2.61463e-09 5.18129e-08
15.7 2.60924e-09 5.10606e-08
15.725 2.60185e-09 5.02776e-08
15.75 2.59248e-09 4.94662e-08
15.775 2.58116e-09 4.86286e-08
15.8 2.56792e-09 4.77669e-08
15.825 2.55279e-09 4.68833e-08
15.85 2.53582e-09 4.598e-08
15.875 2.51705e-09 4.50591e-08
15.9 2.49652e-09 4.41227e-08
15.925 2.47429e-09 4.31727e-08
15.95 2.45042e-09 4.22114e-08
15.975 2.42495e-09 4.12405e-08
16 2.39797e-09 4.02621e-08
16.025 2.36952e-09 3.9278e-08
16.05 2.33967e-09 3.82899e-08
16.075 2.3085e-09 3.72998e-08
16.1 2.27608e-09 3.63091e-08
16.125 2.24247e-09 3.53197e-08
16.15 2.20775e-09 3.43329e-08
16.175 2.172e-09 3.33503e-08
16.2 2.13529e-09 3.23733e-08
16.225 2.0977e-09 3.14032e-08
16.25 2.0593e-09 3.04413e-08
16.275 2.02018e-09 2.94888e-08
16.3 1.98039e-09 2.85469e-08
16.325 1.94003e-09 2.76164e-08
16.35 1.89917e-09 2.66985e-08
16.375 1.85787e-09 2.5794e-08
16.4 1.81622e-09 2.49038e-08
16.425 1.77429e-09 2.40286e-08
16.45 1.73213e-09 2.31691e-08
16.475 1.68983e-09 2.23259e-08
16.5 1.64745e-09 2.14997e-08
16.525 1.60505e-09 2.06908e-08
16.55 1.5627e-09 1.98997e-08
16.575 1.52046e-09 1.91269e-08
16.6 1.47837e-09 1.83725e-08
16.625 1.43651e-09 1.76369e-08
16.65 1.39492e-09 1.69203e-08
16.675 1.35365e-09 1.62228e-08
16.7 1.31276e-09 1.55445e-08
16.725 1.27228e-09 1.48856e-08
16.75 1.23226e-09 1.42459e-08
16.775 1.19274e-09 1.36255e-08
16.8 1.15376e-09 1.30243e-08
16.825 1.11534e-09 1.24421e-08
16.85 1.07754e-09 1.1879e-08
16.875 1.04036e-09 1.13346e-08
16.9 1.00385e-09 1.08088e-08
16.925 9.68021e-10 1.03014e-08
16.95 9.329e-10 9.81209e-09
16.975 8.98505e-10 9.34058e-09
17 8.64853e-10 8.88659e-09
17.025 8.31961e-10 8.4498e-09
17.05 7.99839e-10 8.02988e-09
17.075 7.68499e-10 7.62647e-09
17.1 7.37949e-10 7.23921e-09
17.125 7.08195e-10 6.86773e-09
17.15 6.79242e-10 6.51164e-09
17.175 6.51091e-10 6.17055e-09
17.2 6.23745e-10 5.84405e-09
17.225 5.97202e-10 5.53174e-09
17.25 5.71459e-10 5.23322e-09
17.275 5.46514e-10 4.94806e-09
17.3 5.22359e-10 4.67586e-09
17.325 4.98989e-10 4.41621e-09
17.35 4.76396e-10 4.1687e-09
17.375 4.54571e-10 3.9329e-09
17.4 4.33504e-10 3.70843e-09
17.425 4.13183e-10 3.49487e-09
17.45 3.93597e-10 3.29182e-09
17.475 3.74733e-10 3.0989e-09
17.5 3.56578e-10 2.91572e-09
17.525 3.39118e-10 2.7419e-09
17.55 3.22337e-10 2.57706e-09
17.575 3.06222e-10 2.42084e-09
17.6 2.90756e-10 2.27288e-09
17.625 2.75923e-10 2.13283e-09
17.65 2.61708e-10 2.00035e-09
17.675 2.48094e-10 1.87511e-09
17.7 2.35064e-10 1.75678e-09
17.725 2.22601e-10 1.64506e-09
17.75 2.10689e-10 1.53963e-09
17.775 1.9931e-10 1.44021e-09
17.8 1.88448e-10 1.3465e-09
17.825 1.78086e-10 1.25823e-09
17.85 1.68208e-10 1.17514e-09
17.875 1.58796e-10 1.09697e-09
17.9 1.49835e-10 1.02346e-09
17.925 1.41307e-10 9.54389e-10
17.95 1.33198e-10 8.89517e-10
17.975 1.25491e-10 8.28627e-10
18 1.18171e-10 7.71508e-10
18.025 1.11222e-10 7.17956e-10
18.05 1.0463e-10 6.67778e-10
18.075 9.83794e-11 6.20789e-10
18.1 9.24571e-11 5.7681e-10
18.125 8.68487e-11 5.35672e-10
18.15 8.15406e-11 4.97213e-10
18.175 7.65197e-11 4.6128e-10
18.2 7.17731e-11 4.27725e-10
18.225 6.72885e-11 3.96408e-10
18.25 6.30537e-11 3.67197e-10
18.275 5.90572e-11 3.39964e-10
18.3 5.52875e-11 3.14591e-10
18.325 5.17339e-11 2.90964e-10
18.35 4.83858e-11 2.68973e-10
18.375 4.5233e-11 2.48518e-10
18.4 4.22657e-11 2.29502e-10
18.425 3.94746e-11 2.11832e-10
18.45 3.68506e-11 1.95424e-10
18.475 3.43851e-11 1.80194e-10
18.5 3.20696e-11 1.66067e-10
18.525 2.98963e-11 1.52969e-10
18.55 2.78574e-11 1.40832e-10
18.575 2.59456e-11 1.29591e-10
18.6 2.41541e-11 1.19187e-10
18.625 2.2476e-11 1.09562e-10
18.65 2.0905e-11 1.00663e-10
18.675 1.9435e-11 9.2439e-11
18.7 1.80602e-11 8.48433e-11
18.725 1.67752e-11 7.78316e-11
18.75 1.55746e-11 7.13625e-11
18.775 1.44535e-11 6.53973e-11
18.8 1.34071e-11 5.98997e-11
18.825 1.2431e-11 5.48358e-11
18.85 1.15208e-11 5.01738e-11
18.875 1.06726e-11 4.58843e-11
18.9 9.88253e-12 4.19395e-11
18.925 9.14692e-12 3.83138e-11
18.95 8.46237e-12 3.49832e-11
18.975 7.82565e-12 3.19252e-11
19 7.23371e-12 2.91191e-11
19.025 6.68365e-12 2.65455e-11
19.05 6.17276e-12 2.41865e-11
19.075 5.69847e-12 2.20254e-11
19.1 5.25837e-12 2.00465e-11
19.125 4.8502e-12 1.82356e-11
19.15 4.4718e-12 1.65793e-11
19.175 4.12117e-12 1.50652e-11
19.2 3.79644e-12 1.36819e-11
19.225 3.49581e-12 1.24188e-11
19.25 3.21764e-12 1.1266e-11
19.275 2.96036e-12 1.02146e-11
19.3 2.72251e-12 9.25609e-12
19.325 2.50273e-12 8.3828e-12
19.35 2.29974e-12 7.58759e-12
19.375 2.11233e-12 6.86389e-12
19.4 1.9394e-12 6.20564e-12
19.425 1.77988e-12 5.60726e-12
19.45 1.63282e-12 5.06361e-12
19.475 1.49729e-12 4.56998e-12
19.5 1.37245e-12 4.12201e-12
19.525 1.25751e-12 3.71572e-12
19.55 1.15173e-12 3.34745e-12
19.575 1.05441e-12 3.01383e-12
19.6 9.64929e-13 2.71179e-12
19.625 8.82685e-13 2.43848e-12
19.65 8.07125e-13 2.19134e-12
19.675 7.37737e-13 1.96798e-12
19.7 6.74045e-13 1.76624e-12
19.725 6.15605e-13 1.58415e-12
19.75 5.62008e-13 1.41988e-12
19.775 5.12874e-13 1.27178e-12
19.8 4.6785e-13 1.13836e-12
19.825 4.26609e-13 1.01822e-12
19.85 3.88851e-13 9.10118e-13
19.875 3.54295e-13 8.12909e-13
19.9 3.22683e-13 7.25552e-13
19.925 2.93777e-13 6.47101e-13
19.95 2.67355e-13 5.76695e-13
19.975 2.43215e-13 5.13551e-13
20 2.21169e-13 4.56961e-13
