0 9.35066e-05 -7.12523e-05
0.025 9.35066e-05 -7.12523e-05
0.05 0.000186803 -0.000142269
0.075 0.000279681 -0.000212815
0.1 0.000371932 -0.000282658
0.125 0.000463349 -0.000351567
0.15 0.000553728 -0.000419316
0.175 0.000642868 -0.000485682
0.2 0.000730571 -0.00055045
0.225 0.000816643 -0.000613409
0.25 0.000900894 -0.000674356
0.275 0.000983139 -0.000733095
0.3 0.0010632 -0.000789438
0.325 0.0011409 -0.000843209
0.35 0.00121607 -0.00089424
0.375 0.00128856 -0.000942373
0.4 0.00135821 -0.000987461
0.425 0.00142487 -0.00102937
0.45 0.00148841 -0.00106798
0.475 0.0015487 -0.00110317
0.5 0.00160562 -0.00113486
0.525 0.00165905 -0.00116295
0.55 0.0017089 -0.00118737
0.575 0.00175507 -0.00120807
0.6 0.00179748 -0.001225
0.625 0.00183606 -0.00123812
0.65 0.00187075 -0.00124743
0.675 0.00190149 -0.00125292
0.7 0.00192825 -0.00125459
0.725 0.00195099 -0.00125246
0.75 0.0019697 -0.00124658
0.775 0.00198436 -0.00123699
0.8 0.00199499 -0.00122375
0.825 0.00200159 -0.00120692
0.85 0.00200419 -0.0011866
0.875 0.00200282 -0.00116288
0.9 0.00199753 -0.00113586
0.925 0.00198838 -0.00110565
0.95 0.00197544 -0.00107237
0.975 0.00195877 -0.00103617
1 0.00193848 -0.000997172
1.025 0.00191466 -0.000955529
1.05 0.00188742 -0.000911394
1.075 0.00185687 -0.000864925
1.1 0.00182314 -0.000816287
1.125 0.00178636 -0.000765648
1.15 0.00174669 -0.000713182
1.175 0.00170427 -0.000659062
1.2 0.00165926 -0.000603466
1.225 0.00161183 -0.000546574
1.25 0.00156215 -0.000488564
1.275 0.00151041 -0.000429616
1.3 0.00145679 -0.000369909
1.325 0.00140148 -0.000309619
1.35 0.00134468 -0.000248922
1.375 0.0012866 -0.000187989
1.4 0.00122743 -0.000126991
1.425 0.00116739 -6.60902e-05
1.45 0.00110669 -5.4484e-06
1.475 0.00104555 5.47801e-05
1.5 0.000984176 0.000114446
1.525 0.000922791 0.000173406
1.55 0.000861612 0.000231524
1.575 0.000800856 0.000288671
1.6 0.000740742 0.000344725
1.625 0.000681484 0.000399571
1.65 0.000623296 0.000453103
1.675 0.00056639 0.000505223
1.7 0.000510974 0.000555843
1.725 0.00045725 0.00060488
1.75 0.000405418 0.000652264
1.775 0.000355672 0.000697931
1.8 0.0003082 0.000741826
1.825 0.000263185 0.000783904
1.85 0.000220799 0.000824129
1.875 0.000181211 0.000862472
1.9 0.000144578 0.000898914
1.925 0.00011105 0.000933444
1.95 8.07665e-05 0.000966059
1.975 5.38578e-05 0.000996763
2 3.04429e-05 0.00102557
2.025 1.06298e-05 0.0010525
2.05 -5.48511e-06 0.00107758
2.075 -1.78177e-05 0.00110083
2.1 -2.62962e-05 0.00112231
2.125 -3.08621e-05 0.00114205
2.15 -3.14702e-05 0.00116011
2.175 -2.8089e-05 0.00117653
2.2 -2.07013e-05 0.00119138
2.225 -9.30392e-06 0.00120471
2.25 6.09134e-06 0.00121659
2.275 2.5458e-05 0.00122708
2.3 4.87545e-05 0.00123625
2.325 7.59243e-05 0.00124417
2.35 0.000106896 0.00125091
2.375 0.000141581 0.00125653
2.4 0.000179879 0.0012611
2.425 0.000221671 0.00126469
2.45 0.000266825 0.00126734
2.475 0.000315194 0.00126913
2.5 0.000366615 0.00127011
2.525 0.000420914 0.00127033
2.55 0.000477898 0.00126983
2.575 0.000537364 0.00126865
2.6 0.000599095 0.00126682
2.625 0.000662861 0.00126439
2.65 0.00072842 0.00126135
2.675 0.000795518 0.00125773
2.7 0.00086389 0.00125353
2.725 0.000933262 0.00124875
2.75 0.00100335 0.00124337
2.775 0.00107386 0.00123737
2.8 0.00114449 0.00123073
2.825 0.00121494 0.0012234
2.85 0.00128488 0.00121533
2.875 0.00135401 0.00120647
2.9 0.00142199 0.00119675
2.925 0.0014885 0.0011861
2.95 0.00155322 0.00117442
2.975 0.00161582 0.00116162
3 0.00167596 0.0011476
3.025 0.00173332 0.00113225
3.05 0.00178757 0.00111545
3.075 0.0018384 0.00109707
3.1 0.00188549 0.00107699
3.125 0.00192852 0.00105505
3.15 0.00196719 0.00103111
3.175 0.00200121 0.00100503
3.2 0.0020303 0.000976643
3.225 0.00205417 0.000945798
3.25 0.00207256 0.000912332
3.275 0.00208523 0.000876082
3.3 0.00209193 0.000836884
3.325 0.00209244 0.000794575
3.35 0.00208656 0.000748992
3.375 0.0020741 0.000699975
3.4 0.00205487 0.000647364
3.425 0.00202874 0.000591008
3.45 0.00199556 0.000530758
3.475 0.00195521 0.00046647
3.5 0.0019076 0.000398011
3.525 0.00185266 0.000325251
3.55 0.00179033 0.000248074
3.575 0.00172059 0.00016637
3.6 0.00164341 8.00443e-05
3.625 0.00155882 -1.099e-05
3.65 0.00146685 -0.000106805
3.675 0.00136755 -0.000207458
3.7 0.00126102 -0.000312996
3.725 0.00114734 -0.000423445
3.75 0.00102666 -0.000538821
3.775 0.000899112 -0.00065912
3.8 0.00076487 -0.000784323
3.825 0.000624127 -0.000914391
3.85 0.000477095 -0.00104927
3.875 0.000324007 -0.00118889
3.9 0.000165115 -0.00133316
3.925 6.92495e-07 -0.00148196
3.95 -0.000168971 -0.00163518
3.975 -0.000343567 -0.00179266
4 -0.000522773 -0.00195425
4.025 -0.000706247 -0.00211975
4.05 -0.000893636 -0.00228898
4.075 -0.00108457 -0.00246171
4.1 -0.00127868 -0.00263772
4.125 -0.00147556 -0.00281674
4.15 -0.00167481 -0.00299853
4.175 -0.00187604 -0.00318279
4.2 -0.00207882 -0.00336924
4.225 -0.00228272 -0.00355758
4.25 -0.00248734 -0.00374748
4.275 -0.00269222 -0.00393861
4.3 -0.00289695 -0.00413064
4.325 -0.0031011 -0.00432322
4.35 -0.00330423 -0.004516
4.375 -0.00350591 -0.00470862
4.4 -0.00370573 -0.00490071
4.425 -0.00390327 -0.0050919
4.45 -0.00409811 -0.00528182
4.475 -0.00428985 -0.0054701
4.5 -0.0044781 -0.00565636
4.525 -0.00466248 -0.00584024
4.55 -0.00484261 -0.00602137
4.575 -0.00501813 -0.00619938
4.6 -0.0051887 -0.00637392
4.625 -0.00535398 -0.00654463
4.65 -0.00551367 -0.00671118
4.675 -0.00566746 -0.00687323
4.7 -0.00581507 -0.00703045
4.725 -0.00595624 -0.00718255
4.75 -0.00609072 -0.00732921
4.775 -0.0062183 -0.00747015
4.8 -0.00633876 -0.00760511
4.825 -0.00645192 -0.00773383
4.85 -0.00655762 -0.00785607
4.875 -0.00665571 -0.00797162
4.9 -0.00674608 -0.00808026
4.925 -0.00682862 -0.00818181
4.95 -0.00690325 -0.00827611
4.975 -0.00696992 -0.00836301
5 -0.00702859 -0.00844239
5.025 -0.00707924 -0.00851413
5.05 -0.00712187 -0.00857815
5.075 -0.00715652 -0.00863438
5.1 -0.00718323 -0.00868278
5.125 -0.00720206 -0.00872332
5.15 -0.00721309 -0.00875598
5.175 -0.00721642 -0.00878079
5.2 -0.00721218 -0.00879777
5.225 -0.0072005 -0.00880698
5.25 -0.00718153 -0.00880848
5.275 -0.00715543 -0.00880236
5.3 -0.00712239 -0.00878872
5.325 -0.0070826 -0.00876769
5.35 -0.00703627 -0.0087394
5.375 -0.00698361 -0.008704
5.4 -0.00692486 -0.00866165
5.425 -0.00686026 -0.00861255
5.45 -0.00679004 -0.00855688
5.475 -0.00671447 -0.00849484
5.5 -0.00663381 -0.00842666
5.525 -0.00654833 -0.00835254
5.55 -0.00645829 -0.00827274
5.575 -0.00636397 -0.0081875
5.6 -0.00626566 -0.00809705
5.625 -0.00616363 -0.00800166
5.65 -0.00605817 -0.00790159
5.675 -0.00594955 -0.00779711
5.7 -0.00583805 -0.00768848
5.725 -0.00572396 -0.00757597
5.75 -0.00560755 -0.00745986
5.775 -0.00548909 -0.00734042
5.8 -0.00536886 -0.00721791
5.825 -0.00524711 -0.00709263
5.85 -0.0051241 -0.00696482
5.875 -0.0050001 -0.00683477
5.9 -0.00487533 -0.00670273
5.925 -0.00475005 -0.00656896
5.95 -0.00462447 -0.00643373
5.975 -0.00449884 -0.00629727
6 -0.00437336 -0.00615984
6.025 -0.00424823 -0.00602166
6.05 -0.00412366 -0.00588298
6.075 -0.00399983 -0.00574401
6.1 -0.00387693 -0.00560497
6.125 -0.00375511 -0.00546607
6.15 -0.00363454 -0.0053275
6.175 -0.00351538 -0.00518946
6.2 -0.00339775 -0.00505214
6.225 -0.00328179 -0.0049157
6.25 -0.00316761 -0.0047803
6.275 -0.00305534 -0.00464611
6.3 -0.00294507 -0.00451327
6.325 -0.00283688 -0.00438192
6.35 -0.00273087 -0.00425218
6.375 -0.00262711 -0.00412417
6.4 -0.00252565 -0.003998
6.425 -0.00242656 -0.00387378
6.45 -0.00232989 -0.00375159
6.475 -0.00223566 -0.00363151
6.5 -0.00214392 -0.00351363
6.525 -0.00205468 -0.00339801
6.55 -0.00196797 -0.0032847
6.575 -0.00188379 -0.00317376
6.6 -0.00180215 -0.00306523
6.625 -0.00172304 -0.00295915
6.65 -0.00164646 -0.00285555
6.675 -0.00157239 -0.00275444
6.7 -0.00150081 -0.00265585
6.725 -0.0014317 -0.00255978
6.75 -0.00136503 -0.00246624
6.775 -0.00130077 -0.00237523
6.8 -0.00123889 -0.00228674
6.825 -0.00117934 -0.00220076
6.85 -0.00112208 -0.00211728
6.875 -0.00106707 -0.00203627
6.9 -0.00101426 -0.00195772
6.925 -0.000963595 -0.00188159
6.95 -0.000915033 -0.00180785
6.975 -0.000868518 -0.00173648
7 -0.000823994 -0.00166743
7.025 -0.000781408 -0.00160066
7.05 -0.000740703 -0.00153614
7.075 -0.000701822 -0.00147383
7.1 -0.000664708 -0.00141367
7.125 -0.000629305 -0.00135563
7.15 -0.000595555 -0.00129965
7.175 -0.000563402 -0.00124568
7.2 -0.000532787 -0.00119369
7.225 -0.000503656 -0.00114361
7.25 -0.000475953 -0.0010954
7.275 -0.000449622 -0.00104901
7.3 -0.00042461 -0.00100438
7.325 -0.000400863 -0.000961467
7.35 -0.000378331 -0.000920221
7.375 -0.00035696 -0.000880589
7.4 -0.000336703 -0.000842522
7.425 -0.00031751 -0.000805969
7.45 -0.000299333 -0.000770882
7.475 -0.000282128 -0.000737212
7.5 -0.000265849 -0.000704912
7.525 -0.000250453 -0.000673934
7.55 -0.000235898 -0.000644233
7.575 -0.000222144 -0.000615763
7.6 -0.000209151 -0.00058848
7.625 -0.000196883 -0.00056234
7.65 -0.000185302 -0.000537302
7.675 -0.000174375 -0.000513324
7.7 -0.000164067 -0.000490366
7.725 -0.000154346 -0.000468389
7.75 -0.000145182 -0.000447355
7.775 -0.000136545 -0.000427227
7.8 -0.000128408 -0.00040797
7.825 -0.000120742 -0.000389548
7.85 -0.000113523 -0.000371928
7.875 -0.000106726 -0.000355077
7.9 -0.000100327 -0.000338965
7.925 -9.43051e-05 -0.00032356
7.95 -8.86384e-05 -0.000308834
7.975 -8.33069e-05 -0.000294757
8 -7.82917e-05 -0.000281304
8.025 -7.35746e-05 -0.000268448
8.05 -6.91385e-05 -0.000256163
8.075 -6.49671e-05 -0.000244426
8.1 -6.10452e-05 -0.000233212
8.125 -5.73581e-05 -0.0002225
8.15 -5.3892e-05 -0.000212267
8.175 -5.06341e-05 -0.000202493
8.2 -4.75719e-05 -0.000193159
8.225 -4.46939e-05 -0.000184245
8.25 -4.19892e-05 -0.000175732
8.275 -3.94474e-05 -0.000167604
8.3 -3.70588e-05 -0.000159843
8.325 -3.48143e-05 -0.000152433
8.35 -3.27051e-05 -0.00014536
8.375 -3.07233e-05 -0.000138607
8.4 -2.8861e-05 -0.000132161
8.425 -2.71112e-05 -0.000126008
8.45 -2.5467e-05 -0.000120136
8.475 -2.39221e-05 -0.000114532
8.5 -2.24705e-05 -0.000109184
8.525 -2.11066e-05 -0.00010408
8.55 -1.9825e-05 -9.92102e-05
8.575 -1.86208e-05 -9.45639e-05
8.6 -1.74893e-05 -9.01311e-05
8.625 -1.64262e-05 -8.59023e-05
8.65 -1.54273e-05 -8.18684e-05
8.675 -1.44887e-05 -7.80206e-05
8.7 -1.36068e-05 -7.43508e-05
8.725 -1.27782e-05 -7.08509e-05
8.75 -1.19997e-05 -6.75133e-05
8.775 -1.12682e-05 -6.43309e-05
8.8 -1.0581e-05 -6.12966e-05
8.825 -9.9353e-06 -5.84038e-05
8.85 -9.32871e-06 -5.56461e-05
8.875 -8.75886e-06 -5.30176e-05
8.9 -8.22352e-06 -5.05123e-05
8.925 -7.72064e-06 -4.81247e-05
8.95 -7.24827e-06 -4.58496e-05
8.975 -6.80459e-06 -4.36818e-05
9 -6.38786e-06 -4.16165e-05
9.025 -5.99648e-06 -3.9649e-05
9.05 -5.62893e-06 -3.7775e-05
9.075 -5.28378e-06 -3.599e-05
9.1 -4.95969e-06 -3.42902e-05
9.125 -4.6554e-06 -3.26716e-05
9.15 -4.36972e-06 -3.11304e-05
9.175 -4.10153e-06 -2.96631e-05
9.2 -3.84978e-06 -2.82664e-05
9.225 -3.61349e-06 -2.69369e-05
9.25 -3.39172e-06 -2.56715e-05
9.275 -3.1836e-06 -2.44672e-05
9.3 -2.98831e-06 -2.33213e-05
9.325 -2.80508e-06 -2.22309e-05
9.35 -2.63317e-06 -2.11934e-05
9.375 -2.47189e-06 -2.02064e-05
9.4 -2.32061e-06 -1.92675e-05
9.425 -2.17872e-06 -1.83743e-05
9.45 -2.04564e-06 -1.75247e-05
9.475 -1.92084e-06 -1.67166e-05
9.5 -1.80381e-06 -1.5948e-05
9.525 -1.69408e-06 -1.5217e-05
9.55 -1.59119e-06 -1.45218e-05
9.575 -1.49473e-06 -1.38605e-05
9.6 -1.4043e-06 -1.32316e-05
9.625 -1.31953e-06 -1.26334e-05
9.65 -1.24006e-06 -1.20645e-05
9.675 -1.16557e-06 -1.15234e-05
9.7 -1.09574e-06 -1.10086e-05
9.725 -1.03029e-06 -1.0519e-05
9.75 -9.68944e-07 -1.00531e-05
9.775 -9.11437e-07 -9.60989e-06
9.8 -8.57531e-07 -9.18812e-06
9.825 -8.07e-07 -8.78673e-06
9.85 -7.59628e-07 -8.40468e-06
9.875 -7.15216e-07 -8.04098e-06
9.9 -6.73575e-07 -7.69468e-06
9.925 -6.34528e-07 -7.3649e-06
9.95 -5.97909e-07 -7.05078e-06
9.975 -5.63564e-07 -6.75152e-06
10 -5.31344e-07 -6.46634e-06
10.025 -5.01114e-07 -6.19451e-06
10.05 -4.72745e-07 -5.93535e-06
10.075 -4.46116e-07 -5.68819e-06
10.1 -4.21114e-07 -5.45241e-06
10.125 -3.97635e-07 -5.22742e-06
10.15 -3.75577e-07 -5.01266e-06
10.175 -3.5485e-07 -4.8076e-06
10.2 -3.35366e-07 -4.61174e-06
10.225 -3.17044e-07 -4.4246e-06
10.25 -2.99807e-07 -4.24574e-06
10.275 -2.83585e-07 -4.07472e-06
10.3 -2.68312e-07 -3.91115e-06
10.325 -2.53926e-07 -3.75464e-06
10.35 -2.40368e-07 -3.60485e-06
10.375 -2.27585e-07 -3.46142e-06
10.4 -2.15527e-07 -3.32404e-06
10.425 -2.04146e-07 -3.1924e-06
10.45 -1.93398e-07 -3.06623e-06
10.475 -1.83244e-07 -2.94525e-06
10.5 -1.73645e-07 -2.82921e-06
10.525 -1.64565e-07 -2.71787e-06
10.55 -1.55973e-07 -2.611e-06
10.575 -1.47837e-07 -2.50839e-06
10.6 -1.40129e-07 -2.40984e-06
10.625 -1.32824e-07 -2.31516e-06
10.65 -1.25896e-07 -2.22418e-06
10.675 -1.19323e-07 -2.13672e-06
10.7 -1.13084e-07 -2.05262e-06
10.725 -1.07159e-07 -1.97174e-06
10.75 -1.01531e-07 -1.89393e-06
10.775 -9.61822e-08 -1.81906e-06
10.8 -9.10978e-08 -1.74701e-06
10.825 -8.62631e-08 -1.67766e-06
10.85 -8.16648e-08 -1.61088e-06
10.875 -7.72904e-08 -1.54659e-06
10.9 -7.31285e-08 -1.48467e-06
10.925 -6.91683e-08 -1.42503e-06
10.95 -6.53999e-08 -1.36758e-06
10.975 -6.1814e-08 -1.31225e-06
11 -5.84017e-08 -1.25894e-06
11.025 -5.51552e-08 -1.20758e-06
11.05 -5.20667e-08 -1.1581e-06
11.075 -4.91291e-08 -1.11043e-06
11.1 -4.63357e-08 -1.0645e-06
11.125 -4.36802e-08 -1.02026e-06
11.15 -4.11565e-08 -9.77635e-07
11.175 -3.8759e-08 -9.36581e-07
11.2 -3.64823e-08 -8.97041e-07
11.225 -3.43212e-08 -8.58963e-07
11.25 -3.22709e-08 -8.22298e-07
11.275 -3.03265e-08 -7.87e-07
11.3 -2.84838e-08 -7.53023e-07
11.325 -2.67382e-08 -7.20325e-07
11.35 -2.50855e-08 -6.88865e-07
11.375 -2.35219e-08 -6.58601e-07
11.4 -2.20433e-08 -6.29497e-07
11.425 -2.0646e-08 -6.01515e-07
11.45 -1.93263e-08 -5.7462e-07
11.475 -1.80807e-08 -5.48777e-07
11.5 -1.69057e-08 -5.23953e-07
11.525 -1.5798e-08 -5.00115e-07
11.55 -1.47545e-08 -4.77232e-07
11.575 -1.37718e-08 -4.55274e-07
11.6 -1.28471e-08 -4.3421e-07
11.625 -1.19774e-08 -4.14013e-07
11.65 -1.11598e-08 -3.94653e-07
11.675 -1.03917e-08 -3.76104e-07
11.7 -9.67028e-09 -3.58338e-07
11.725 -8.9931e-09 -3.41329e-07
11.75 -8.3577e-09 -3.25052e-07
11.775 -7.76173e-09 -3.09481e-07
11.8 -7.20294e-09 -2.94592e-07
11.825 -6.67919e-09 -2.80361e-07
11.85 -6.18842e-09 -2.66765e-07
11.875 -5.72869e-09 -2.5378e-07
11.9 -5.29814e-09 -2.41384e-07
11.925 -4.89501e-09 -2.29554e-07
11.95 -4.51763e-09 -2.18271e-07
11.975 -4.16445e-09 -2.07511e-07
12 -3.83398e-09 -1.97255e-07
12.025 -3.52484e-09 -1.87483e-07
12.05 -3.23571e-09 -1.78175e-07
12.075 -2.96538e-09 -1.69312e-07
12.1 -2.71271e-09 -1.60876e-07
12.125 -2.47664e-09 -1.52848e-07
12.15 -2.25617e-09 -1.45211e-07
12.175 -2.05039e-09 -1.37948e-07
12.2 -1.85843e-09 -1.31042e-07
12.225 -1.67949e-09 -1.24478e-07
12.25 -1.51285e-09 -1.18239e-07
12.275 -1.35782e-09 -1.12312e-07
12.3 -1.21374e-09 -1.06681e-07
12.325 -1.08004e-09 -1.01334e-07
12.35 -9.5616e-10 -9.62562e-08
12.375 -8.41581e-10 -9.14355e-08
12.4 -7.3582e-10 -8.68595e-08
12.425 -6.38425e-10 -8.25166e-08
12.45 -5.48967e-10 -7.83958e-08
12.475 -4.6704e-10 -7.44862e-08
12.5 -3.92261e-10 -7.07779e-08
12.525 -3.2426e-10 -6.72612e-08
12.55 -2.62686e-10 -6.39268e-08
12.575 -2.07196e-10 -6.07662e-08
12.6 -1.57461e-10 -5.77708e-08
12.625 -1.13161e-10 -5.4933e-08
12.65 -7.39821e-11 -5.22453e-08
12.675 -3.96167e-11 -4.97006e-08
12.7 -9.76342e-12 -4.72921e-08
12.725 1.58746e-11 -4.50136e-08
12.75 3.75903e-11 -4.28589e-08
12.775 5.56725e-11 -4.08223e-08
12.8 7.04066e-11 -3.88982e-08
12.825 8.2074e-11 -3.70815e-08
12.85 9.09523e-11 -3.53671e-08
12.875 9.73148e-11 -3.37502e-08
12.9 1.0143e-10 -3.22262e-08
12.925 1.03562e-10 -3.07906e-08
12.95 1.03969e-10 -2.94389e-08
12.975 1.02902e-10 -2.81671e-08
13 1.00605e-10 -2.6971e-08
13.025 9.73163e-11 -2.58465e-08
13.05 9.3264e-11 -2.47897e-08
13.075 8.86682e-11 -2.37967e-08
13.1 8.37392e-11 -2.28637e-08
13.125 7.86773e-11 -2.19866e-08
13.15 7.36724e-11 -2.11619e-08
13.175 6.89031e-11 -2.03856e-08
13.2 6.45367e-11 -1.96539e-08
13.225 6.07291e-11 -1.89632e-08
13.25 5.76237e-11 -1.83096e-08
13.275 5.53525e-11 -1.76893e-08
13.3 5.40351e-11 -1.70985e-08
13.325 5.3779e-11 -1.65336e-08
13.35 5.46799e-11 -1.59907e-08
13.375 5.68218e-11 -1.54661e-08
13.4 6.02772e-11 -1.49561e-08
13.425 6.51076e-11 -1.4457e-08
13.45 7.13638e-11 -1.39651e-08
13.475 7.90865e-11 -1.3477e-08
13.5 8.83066e-11 -1.29889e-08
13.525 9.9046e-11 -1.24976e-08
13.55 1.11318e-10 -1.19996e-08
13.575 1.25129e-10 -1.14916e-08
13.6 1.40477e-10 -1.09705e-08
13.625 1.57354e-10 -1.04332e-08
13.65 1.75747e-10 -9.87682e-09
13.675 1.95637e-10 -9.29864e-09
13.7 2.17e-10 -8.69604e-09
13.725 2.3981e-10 -8.06661e-09
13.75 2.64036e-10 -7.4081e-09
13.775 2.89646e-10 -6.71848e-09
13.8 3.16606e-10 -5.99591e-09
13.825 3.44879e-10 -5.23876e-09
13.85 3.74428e-10 -4.44565e-09
13.875 4.05214e-10 -3.61539e-09
13.9 4.37202e-10 -2.74707e-09
13.925 4.70351e-10 -1.83997e-09
13.95 5.04626e-10 -8.93645e-10
13.975 5.39988e-10 9.21074e-11
14 5.76403e-10 1.11725e-09
14.025 6.13833e-10 2.18151e-09
14.05 6.52246e-10 3.28434e-09
14.075 6.91607e-10 4.42499e-09
14.1 7.31884e-10 5.60244e-09
14.125 7.73044e-10 6.81548e-09
14.15 8.15057e-10 8.06262e-09
14.175 8.57892e-10 9.34221e-09
14.2 9.01518e-10 1.06524e-08
14.225 9.45905e-10 1.1991e-08
14.25 9.91022e-10 1.33559e-08
14.275 1.03684e-09 1.47445e-08
14.3 1.08332e-09 1.61544e-08
14.325 1.13044e-09 1.75827e-08
14.35 1.17817e-09 1.90265e-08
14.375 1.22646e-09 2.0483e-08
14.4 1.27528e-09 2.19489e-08
14.425 1.32459e-09 2.34212e-08
14.45 1.37436e-09 2.48964e-08
14.475 1.42453e-09 2.63715e-08
14.5 1.47506e-09 2.78429e-08
14.525 1.52591e-09 2.93074e-08
14.55 1.57703e-09 3.07614e-08
14.575 1.62835e-09 3.22018e-08
14.6 1.67982e-09 3.36251e-08
14.625 1.73139e-09 3.5028e-08
14.65 1.78298e-09 3.64073e-08
14.675 1.83454e-09 3.77598e-08
14.7 1.88599e-09 3.90823e-08
14.725 1.93726e-09 4.03719e-08
14.75 1.98828e-09 4.16257e-08
14.775 2.03896e-09 4.28408e-08
14.8 2.08923e-09 4.40147e-08
14.825 2.13902e-09 4.51447e-08
14.85 2.18822e-09 4.62285e-08
14.875 2.23676e-09 4.7264e-08
14.9 2.28456e-09 4.82489e-08
14.925 2.33151e-09 4.91814e-08
14.95 2.37754e-09 5.00599e-08
14.975 2.42256e-09 5.08827e-08
15 2.46648e-09 5.16485e-08
15.025 2.50921e-09 5.2356e-08
15.05 2.55065e-09 5.30044e-08
15.075 2.59074e-09 5.35927e-08
15.1 2.62938e-09 5.41203e-08
15.125 2.66648e-09 5.45868e-08
15.15 2.70198e-09 5.49919e-08
15.175 2.73579e-09 5.53355e-08
15.2 2.76783e-09 5.56177e-08
15.225 2.79805e-09 5.58387e-08
15.25 2.82636e-09 5.59989e-08
15.275 2.85271e-09 5.60989e-08
15.3 2.87704e-09 5.61394e-08
15.325 2.89929e-09 5.61213e-08
15.35 2.91942e-09 5.60456e-08
15.375 2.93738e-09 5.59135e-08
15.4 2.95313e-09 5.57262e-08
15.425 2.96664e-09 5.5485e-08
15.45 2.97788e-09 5.51916e-08
15.475 2.98683e-09 5.48475e-08
15.5 2.99347e-09 5.44543e-08
15.525 2.9978e-09 5.4014e-08
15.55 2.9998e-09 5.35282e-08
15.575 2.99947e-09 5.2999e-08
15.6 2.99683e-09 5.24283e-08
15.625 2.99189e-09 5.18182e-08
15.65 2.98466e-09 5.11707e-08
15.675 2.97517e-09 5.04879e-08
15.7 2.96345e-09 4.9772e-08
15.725 2.94952e-09 4.90251e-08
15.75 2.93344e-09 4.82494e-08
15.775 2.91524e-09 4.74469e-08
15.8 2.89498e-09 4.662e-08
15.825 2.8727e-09 4.57707e-08
15.85 2.84846e-09 4.49012e-08
15.875 2.82233e-09 4.40135e-08
15.9 2.79436e-09 4.31098e-08
15.925 2.76464e-09 4.2192e-08
15.95 2.73322e-09 4.12623e-08
15.975 2.70018e-09 4.03225e-08
16 2.66561e-09 3.93745e-08
16.025 2.62956e-09 3.84203e-08
16.05 2.59214e-09 3.74615e-08
16.075 2.55342e-09 3.65e-08
16.1 2.51347e-09 3.55374e-08
16.125 2.4724e-09 3.45754e-08
16.15 2.43027e-09 3.36154e-08
16.175 2.38719e-09 3.2659e-08
16.2 2.34322e-09 3.17076e-08
16.225 2.29846e-09 3.07625e-08
16.25 2.253e-09 2.9825e-08
16.275 2.20691e-09 2.88962e-08
16.3 2.16028e-09 2.79773e-08
16.325 2.1132e-09 2.70694e-08
16.35 2.06573e-09 2.61733e-08
16.375 2.01797e-09 2.52901e-08
16.4 1.96999e-09 2.44206e-08
16.425 1.92186e-09 2.35654e-08
16.45 1.87367e-09 2.27254e-08
16.475 1.82547e-09 2.19012e-08
16.5 1.77735e-09 2.10932e-08
16.525 1.72936e-09 2.03021e-08
16.55 1.68157e-09 1.95282e-08
16.575 1.63404e-09 1.8772e-08
16.6 1.58683e-09 1.80337e-08
16.625 1.54e-09 1.73137e-08
16.65 1.4936e-09 1.66121e-08
16.675 1.44768e-09 1.59291e-08
16.7 1.40229e-09 1.52648e-08
16.725 1.35746e-09 1.46193e-08
16.75 1.31325e-09 1.39926e-08
16.775 1.2697e-09 1.33847e-08
16.8 1.22682e-09 1.27956e-08
16.825 1.18467e-09 1.2225e-08
16.85 1.14327e-09 1.1673e-08
16.875 1.10264e-09 1.11393e-08
16.9 1.06281e-09 1.06238e-08
16.925 1.02381e-09 1.01262e-08
16.95 9.85647e-10 9.64628e-09
16.975 9.48341e-10 9.1838e-09
17 9.11907e-10 8.73845e-09
17.025 8.76355e-10 8.30993e-09
17.05 8.41695e-10 7.8979e-09
17.075 8.07934e-10 7.50204e-09
17.1 7.75077e-10 7.12199e-09
17.125 7.43127e-10 6.75737e-09
17.15 7.12083e-10 6.40783e-09
17.175 6.81947e-10 6.07297e-09
17.2 6.52713e-10 5.7524e-09
17.225 6.24379e-10 5.44574e-09
17.25 5.96938e-10 5.15257e-09
17.275 5.70383e-10 4.87251e-09
17.3 5.44705e-10 4.60514e-09
17.325 5.19893e-10 4.35006e-09
17.35 4.95937e-10 4.10688e-09
17.375 4.72825e-10 3.87519e-09
17.4 4.50543e-10 3.6546e-09
17.425 4.29076e-10 3.44471e-09
17.45 4.0841e-10 3.24513e-09
17.475 3.8853e-10 3.05548e-09
17.5 3.69418e-10 2.87538e-09
17.525 3.51059e-10 2.70445e-09
17.55 3.33434e-10 2.54234e-09
17.575 3.16526e-10 2.38869e-09
17.6 3.00316e-10 2.24314e-09
17.625 2.84786e-10 2.10535e-09
17.65 2.69918e-10 1.97499e-09
17.675 2.55693e-10 1.85174e-09
17.7 2.42092e-10 1.73527e-09
17.725 2.29096e-10 1.62528e-09
17.75 2.16686e-10 1.52148e-09
17.775 2.04843e-10 1.42357e-09
17.8 1.93548e-10 1.33128e-09
17.825 1.82784e-10 1.24433e-09
17.85 1.7253e-10 1.16246e-09
17.875 1.6277e-10 1.08542e-09
17.9 1.53484e-10 1.01297e-09
17.925 1.44657e-10 9.44873e-10
17.95 1.36268e-10 8.80906e-10
17.975 1.28303e-10 8.20852e-10
18 1.20744e-10 7.64505e-10
18.025 1.13574e-10 7.11666e-10
18.05 1.06777e-10 6.62144e-10
18.075 1.00338e-10 6.15758e-10
18.1 9.42418e-11 5.72333e-10
18.125 8.84729e-11 5.31703e-10
18.15 8.3017e-11 4.9371e-10
18.175 7.78602e-11 4.58202e-10
18.2 7.29887e-11 4.25035e-10
18.225 6.83894e-11 3.94071e-10
18.25 6.40494e-11 3.65181e-10
18.275 5.99564e-11 3.3824e-10
18.3 5.60985e-11 3.1313e-10
18.325 5.24642e-11 2.89741e-10
18.35 4.90423e-11 2.67965e-10
18.375 4.58223e-11 2.47702e-10
18.4 4.27937e-11 2.28858e-10
18.425 3.99468e-11 2.11343e-10
18.45 3.7272e-11 1.95071e-10
18.475 3.47604e-11 1.79963e-10
18.5 3.24031e-11 1.65942e-10
18.525 3.01919e-11 1.52938e-10
18.55 2.81188e-11 1.40883e-10
18.575 2.61761e-11 1.29715e-10
18.6 2.43566e-11 1.19372e-10
18.625 2.26534e-11 1.09799e-10
18.65 2.10598e-11 1.00945e-10
18.675 1.95696e-11 9.27578e-11
18.7 1.81767e-11 8.51927e-11
18.725 1.68754e-11 7.82057e-11
18.75 1.56603e-11 7.17561e-11
18.775 1.45263e-11 6.58056e-11
18.8 1.34685e-11 6.03186e-11
18.825 1.24822e-11 5.52615e-11
18.85 1.15631e-11 5.06032e-11
18.875 1.0707e-11 4.63144e-11
18.9 9.90992e-12 4.23679e-11
18.925 9.16822e-12 3.87383e-11
18.95 8.47837e-12 3.54019e-11
18.975 7.83705e-12 3.23366e-11
19 7.24112e-12 2.95218e-11
19.025 6.68764e-12 2.69384e-11
19.05 6.17383e-12 2.45687e-11
19.075 5.69706e-12 2.23961e-11
19.1 5.25488e-12 2.04052e-11
19.125 4.84497e-12 1.85819e-11
19.15 4.46514e-12 1.69128e-11
19.175 4.11336e-12 1.53858e-11
19.2 3.7877e-12 1.39894e-11
19.225 3.48637e-12 1.27132e-11
19.25 3.20766e-12 1.15475e-11
19.275 2.95001e-12 1.04832e-11
19.3 2.71193e-12 9.51203e-12
19.325 2.49203e-12 8.62631e-12
19.35 2.28901e-12 7.81896e-12
19.375 2.10167e-12 7.08342e-12
19.4 1.92887e-12 6.41367e-12
19.425 1.76955e-12 5.80415e-12
19.45 1.62273e-12 5.24974e-12
19.475 1.48748e-12 4.74573e-12
19.5 1.36295e-12 4.28778e-12
19.525 1.24834e-12 3.8719e-12
19.55 1.1429e-12 3.49445e-12
19.575 1.04595e-12 3.15205e-12
19.6 9.5684e-13 2.84161e-12
19.625 8.74969e-13 2.56032e-12
19.65 7.99783e-13 2.30557e-12
19.675 7.30765e-13 2.07499e-12
19.7 6.67438e-13 1.86639e-12
19.725 6.09356e-13 1.6778e-12
19.75 5.56109e-13 1.50738e-12
19.775 5.07313e-13 1.35347e-12
19.8 4.62617e-13 1.21456e-12
19.825 4.21693e-13 1.08925e-12
19.85 3.84238e-13 9.76271e-13
19.875 3.49973e-13 8.74477e-13
19.9 3.18639e-13 7.8281e-13
19.925 2.89997e-13 7.00312e-13
19.95 2.63827e-13 6.2611e-13
19.975 2.39926e-13 5.5941e-13
20 2.18106e-13 4.99489e-13
