0 0.140195 0.149997 -0.0459485 0.0520242
0.025 0.140195 0.149997 -0.0459485 0.0520242
0.05 0.140196 0.149998 -0.0459127 0.0520425
0.075 0.140197 0.149999 -0.0458531 0.0520729
0.1 0.140198 0.150001 -0.0457699 0.0521154
0.125 0.1402 0.150003 -0.0456633 0.0521699
0.15 0.140202 0.150006 -0.0455336 0.0522362
0.175 0.140205 0.15001 -0.0453812 0.0523142
0.2 0.140208 0.150014 -0.0452064 0.0524038
0.225 0.140212 0.150019 -0.0450098 0.0525047
0.25 0.140217 0.150025 -0.0447918 0.0526168
0.275 0.140223 0.150032 -0.044553 0.0527397
0.3 0.14023 0.150041 -0.0442941 0.0528732
0.325 0.140238 0.15005 -0.0440158 0.0530171
0.35 0.140247 0.150061 -0.0437187 0.053171
0.375 0.140258 0.150073 -0.0434038 0.0533346
0.4 0.140271 0.150087 -0.0430717 0.0535074
0.425 0.140285 0.150102 -0.0427234 0.0536892
0.45 0.140301 0.150119 -0.0423598 0.0538796
0.475 0.140319 0.150138 -0.0419819 0.054078
0.5 0.14034 0.150159 -0.0415905 0.0542842
0.525 0.140362 0.150182 -0.0411868 0.0544976
0.55 0.140387 0.150207 -0.0407718 0.0547177
0.575 0.140414 0.150235 -0.0403464 0.0549441
0.6 0.140444 0.150264 -0.0399119 0.0551763
0.625 0.140477 0.150297 -0.0394692 0.0554138
0.65 0.140513 0.150332 -0.0390196 0.055656
0.675 0.140551 0.150369 -0.038564 0.0559025
0.7 0.140593 0.150409 -0.0381037 0.0561526
0.725 0.140637 0.150452 -0.0376398 0.0564059
0.75 0.140685 0.150497 -0.0371734 0.0566617
0.775 0.140735 0.150545 -0.0367056 0.0569195
0.8 0.140789 0.150595 -0.0362376 0.0571788
0.825 0.140846 0.150648 -0.0357703 0.057439
0.85 0.140905 0.150704 -0.0353051 0.0576995
0.875 0.140968 0.150762 -0.0348428 0.0579598
0.9 0.141034 0.150823 -0.0343846 0.0582192
0.925 0.141102 0.150886 -0.0339314 0.0584773
0.95 0.141173 0.150951 -0.0334844 0.0587334
0.975 0.141247 0.151019 -0.0330444 0.0589871
1 0.141322 0.151088 -0.0326123 0.0592377
1.025 0.141401 0.151159 -0.0321892 0.0594848
1.05 0.141481 0.151232 -0.0317759 0.0597278
1.075 0.141563 0.151306 -0.0313732 0.0599663
1.1 0.141647 0.151381 -0.0309818 0.0601996
1.125 0.141732 0.151457 -0.0306026 0.0604274
1.15 0.141818 0.151535 -0.0302361 0.0606492
1.175 0.141905 0.151612 -0.0298832 0.0608645
1.2 0.141993 0.15169 -0.0295443 0.0610729
1.225 0.142081 0.151768 -0.02922 0.0612741
1.25 0.142169 0.151846 -0.0289109 0.0614676
1.275 0.142257 0.151923 -0.0286173 0.061653
1.3 0.142344 0.152 -0.0283396 0.0618301
1.325 0.14243 0.152075 -0.0280783 0.0619985
1.35 0.142515 0.152149 -0.0278335 0.0621579
1.375 0.142598 0.152222 -0.0276055 0.0623082
1.4 0.142679 0.152292 -0.0273945 0.062449
1.425 0.142758 0.152361 -0.0272005 0.0625802
1.45 0.142835 0.152427 -0.0270237 0.0627016
1.475 0.142908 0.15249 -0.0268641 0.062813
1.5 0.142978 0.15255 -0.0267215 0.0629144
1.525 0.143045 0.152607 -0.026596 0.0630057
1.55 0.143108 0.152661 -0.0264873 0.0630868
1.575 0.143167 0.152711 -0.0263952 0.0631578
1.6 0.143221 0.152757 -0.0263196 0.0632186
1.625 0.143271 0.152799 -0.02626 0.0632694
1.65 0.143316 0.152836 -0.0262161 0.0633101
1.675 0.143356 0.15287 -0.0261876 0.063341
1.7 0.143391 0.152898 -0.026174 0.0633622
1.725 0.14342 0.152922 -0.0261747 0.0633738
1.75 0.143444 0.152942 -0.0261894 0.0633761
1.775 0.143461 0.152956 -0.0262173 0.0633694
1.8 0.143474 0.152966 -0.026258 0.0633539
1.825 0.14348 0.15297 -0.0263108 0.0633298
1.85 0.143481 0.15297 -0.0263749 0.0632977
1.875 0.143475 0.152965 -0.0264498 0.0632577
1.9 0.143464 0.152956 -0.0265347 0.0632104
1.925 0.143447 0.152941 -0.0266289 0.0631561
1.95 0.143424 0.152922 -0.0267316 0.0630953
1.975 0.143396 0.152899 -0.026842 0.0630284
2 0.143363 0.152871 -0.0269593 0.0629559
2.025 0.143324 0.152839 -0.0270828 0.0628783
2.05 0.14328 0.152804 -0.0272115 0.0627962
2.075 0.143231 0.152765 -0.0273447 0.0627101
2.1 0.143178 0.152723 -0.0274816 0.0626205
2.125 0.143121 0.152677 -0.0276213 0.0625281
2.15 0.14306 0.15263 -0.0277631 0.0624333
2.175 0.142996 0.15258 -0.027906 0.0623368
2.2 0.142929 0.152528 -0.0280493 0.0622392
2.225 0.142859 0.152474 -0.0281921 0.0621411
2.25 0.142787 0.15242 -0.0283337 0.0620431
2.275 0.142714 0.152365 -0.0284734 0.0619457
2.3 0.142639 0.15231 -0.0286103 0.0618497
2.325 0.142564 0.152255 -0.0287437 0.0617556
2.35 0.142489 0.152201 -0.0288729 0.061664
2.375 0.142414 0.152148 -0.0289973 0.0615755
2.4 0.142341 0.152097 -0.0291161 0.0614907
2.425 0.142269 0.152049 -0.0292288 0.0614101
2.45 0.1422 0.152004 -0.0293347 0.0613344
2.475 0.142134 0.151961 -0.0294334 0.061264
2.5 0.142071 0.151923 -0.0295241 0.0611996
2.525 0.142013 0.15189 -0.0296066 0.0611415
2.55 0.141959 0.151861 -0.0296802 0.0610903
2.575 0.141912 0.151838 -0.0297447 0.0610465
2.6 0.14187 0.151821 -0.0297995 0.0610106
2.625 0.141835 0.15181 -0.0298445 0.0609828
2.65 0.141808 0.151807 -0.0298793 0.0609636
2.675 0.141788 0.15181 -0.0299036 0.0609535
2.7 0.141777 0.151822 -0.0299172 0.0609526
2.725 0.141776 0.151843 -0.0299201 0.0609613
2.75 0.141784 0.151872 -0.0299119 0.0609799
2.775 0.141802 0.15191 -0.0298928 0.0610086
2.8 0.141831 0.151958 -0.0298626 0.0610476
2.825 0.141871 0.152015 -0.0298214 0.0610971
2.85 0.141923 0.152083 -0.0297691 0.0611571
2.875 0.141987 0.152161 -0.0297059 0.0612278
2.9 0.142063 0.15225 -0.0296319 0.0613092
2.925 0.142152 0.15235 -0.0295473 0.0614013
2.95 0.142254 0.152461 -0.0294523 0.0615041
2.975 0.142369 0.152582 -0.0293471 0.0616176
3 0.142498 0.152715 -0.0292319 0.0617415
3.025 0.142639 0.152859 -0.0291072 0.0618758
3.05 0.142795 0.153014 -0.0289732 0.0620203
3.075 0.142964 0.15318 -0.0288302 0.0621747
3.1 0.143146 0.153356 -0.0286788 0.0623388
3.125 0.143342 0.153544 -0.0285193 0.0625123
3.15 0.143551 0.153742 -0.0283521 0.0626948
3.175 0.143773 0.153949 -0.0281777 0.0628859
3.2 0.144007 0.154167 -0.0279966 0.0630852
3.225 0.144254 0.154394 -0.0278093 0.0632923
3.25 0.144513 0.15463 -0.0276164 0.0635067
3.275 0.144784 0.154874 -0.0274182 0.0637278
3.3 0.145065 0.155126 -0.0272154 0.0639551
3.325 0.145357 0.155385 -0.0270085 0.064188
3.35 0.145658 0.15565 -0.026798 0.0644259
3.375 0.145969 0.155921 -0.0265846 0.0646682
3.4 0.146287 0.156197 -0.0263687 0.0649141
3.425 0.146612 0.156477 -0.0261508 0.0651629
3.45 0.146944 0.15676 -0.0259316 0.065414
3.475 0.147281 0.157045 -0.0257115 0.0656665
3.5 0.147622 0.157331 -0.0254911 0.0659198
3.525 0.147967 0.157617 -0.0252709 0.0661729
3.55 0.148313 0.157902 -0.0250513 0.0664252
3.575 0.14866 0.158184 -0.0248329 0.0666758
3.6 0.149006 0.158464 -0.0246162 0.0669238
3.625 0.149351 0.158738 -0.0244015 0.0671684
3.65 0.149692 0.159007 -0.0241893 0.0674088
3.675 0.150028 0.159268 -0.0239801 0.067644
3.7 0.150359 0.159521 -0.023774 0.0678733
3.725 0.150681 0.159763 -0.0235717 0.0680957
3.75 0.150995 0.159994 -0.0233733 0.0683104
3.775 0.151297 0.160212 -0.0231792 0.0685165
3.8 0.151588 0.160416 -0.0229896 0.0687131
3.825 0.151864 0.160603 -0.0228048 0.0688994
3.85 0.152125 0.160774 -0.022625 0.0690744
3.875 0.152369 0.160925 -0.0224504 0.0692375
3.9 0.152594 0.161056 -0.0222811 0.0693877
3.925 0.152798 0.161166 -0.0221174 0.0695242
3.95 0.15298 0.161252 -0.0219592 0.0696462
3.975 0.153139 0.161312 -0.0218067 0.0697529
4 0.153272 0.161347 -0.0216599 0.0698435
4.025 0.153378 0.161354 -0.0215188 0.0699174
4.05 0.153456 0.161331 -0.0213834 0.0699737
4.075 0.153503 0.161277 -0.0212536 0.0700118
4.1 0.153519 0.161192 -0.0211294 0.0700311
4.125 0.153501 0.161072 -0.0210107 0.0700308
4.15 0.153449 0.160918 -0.0208974 0.0700103
4.175 0.153361 0.160728 -0.0207893 0.0699691
4.2 0.153235 0.1605 -0.0206863 0.0699067
4.225 0.153071 0.160233 -0.0205881 0.0698225
4.25 0.152867 0.159927 -0.0204946 0.0697161
4.275 0.152621 0.159579 -0.0204055 0.069587
4.3 0.152333 0.15919 -0.0203206 0.0694348
4.325 0.152002 0.158758 -0.0202397 0.0692592
4.35 0.151626 0.158282 -0.0201624 0.0690598
4.375 0.151205 0.157761 -0.0200884 0.0688364
4.4 0.150738 0.157195 -0.0200175 0.0685888
4.425 0.150224 0.156583 -0.0199494 0.0683168
4.45 0.149663 0.155924 -0.0198838 0.0680201
4.475 0.149054 0.155218 -0.0198202 0.0676989
4.5 0.148396 0.154464 -0.0197585 0.0673529
4.525 0.147689 0.153663 -0.0196982 0.0669821
4.55 0.146933 0.152813 -0.0196391 0.0665867
4.575 0.146128 0.151914 -0.0195807 0.0661668
4.6 0.145273 0.150967 -0.0195229 0.0657223
4.625 0.144369 0.149972 -0.0194652 0.0652535
4.65 0.143416 0.148929 -0.0194073 0.0647607
4.675 0.142413 0.147837 -0.0193489 0.0642441
4.7 0.141362 0.146698 -0.0192897 0.063704
4.725 0.140262 0.145511 -0.0192294 0.0631408
4.75 0.139115 0.144277 -0.0191677 0.0625548
4.775 0.13792 0.142997 -0.0191043 0.0619466
4.8 0.136678 0.141672 -0.0190389 0.0613165
4.825 0.135391 0.140302 -0.0189713 0.0606651
4.85 0.134059 0.138887 -0.0189012 0.059993
4.875 0.132683 0.13743 -0.0188285 0.0593008
4.9 0.131264 0.135931 -0.0187527 0.058589
4.925 0.129804 0.134391 -0.0186739 0.0578584
4.95 0.128303 0.132811 -0.0185916 0.0571096
4.975 0.126763 0.131193 -0.0185059 0.0563434
5 0.125185 0.129538 -0.0184165 0.0555606
5.025 0.123571 0.127847 -0.0183233 0.0547619
5.05 0.121922 0.126122 -0.0182261 0.0539481
5.075 0.120239 0.124365 -0.0181248 0.0531201
5.1 0.118526 0.122577 -0.0180193 0.0522787
5.125 0.116782 0.120759 -0.0179096 0.0514248
5.15 0.11501 0.118914 -0.0177956 0.0505593
5.175 0.113212 0.117043 -0.0176772 0.0496831
5.2 0.111389 0.115149 -0.0175544 0.0487972
5.225 0.109544 0.113232 -0.0174271 0.0479024
5.25 0.107678 0.111295 -0.0172954 0.0469997
5.275 0.105793 0.109339 -0.0171593 0.04609
5.3 0.103891 0.107367 -0.0170188 0.0451743
5.325 0.101974 0.105381 -0.0168739 0.0442536
5.35 0.100045 0.103382 -0.0167247 0.0433288
5.375 0.0981038 0.101373 -0.0165712 0.0424008
5.4 0.096154 0.0993546 -0.0164135 0.0414706
5.425 0.094197 0.0973299 -0.0162517 0.0405391
5.45 0.0922348 0.0953004 -0.0160859 0.0396073
5.475 0.0902694 0.0932682 -0.0159162 0.038676
5.5 0.0883027 0.0912351 -0.0157426 0.0377462
5.525 0.0863366 0.0892031 -0.0155654 0.0368188
5.55 0.0843729 0.087174 -0.0153847 0.0358946
5.575 0.0824135 0.0851496 -0.0152005 0.0349745
5.6 0.0804602 0.0831318 -0.0150131 0.0340594
5.625 0.0785147 0.0811224 -0.0148226 0.0331499
5.65 0.0765787 0.079123 -0.0146291 0.032247
5.675 0.074654 0.0771354 -0.0144328 0.0313513
5.7 0.072742 0.0751611 -0.0142338 0.0304637
5.725 0.0708445 0.0732019 -0.0140324 0.0295848
5.75 0.0689628 0.0712591 -0.0138287 0.0287152
5.775 0.0670985 0.0693343 -0.0136228 0.0278558
5.8 0.065253 0.067429 -0.013415 0.027007
5.825 0.0634275 0.0655443 -0.0132054 0.0261694
5.85 0.0616233 0.0636817 -0.0129943 0.0253437
5.875 0.0598417 0.0618424 -0.0127817 0.0245303
5.9 0.0580838 0.0600274 -0.0125678 0.0237298
5.925 0.0563506 0.058238 -0.0123529 0.0229425
5.95 0.0546431 0.0564751 -0.0121371 0.022169
5.975 0.0529624 0.0547397 -0.0119206 0.0214096
6 0.0513092 0.0530327 -0.0117036 0.0206646
6.025 0.0496843 0.0513549 -0.0114861 0.0199344
6.05 0.0480885 0.049707 -0.0112685 0.0192192
6.075 0.0465224 0.0480897 -0.0110509 0.0185194
6.1 0.0449866 0.0465036 -0.0108334 0.0178351
6.125 0.0434816 0.0449493 -0.0106161 0.0171666
6.15 0.042008 0.0434272 -0.0103994 0.0165139
6.175 0.040566 0.0419378 -0.0101832 0.0158773
6.2 0.0391561 0.0404814 -0.00996781 0.0152568
6.225 0.0377784 0.0390582 -0.00975331 0.0146524
6.25 0.0364332 0.0376685 -0.00953986 0.0140643
6.275 0.0351206 0.0363124 -0.0093276 0.0134924
6.3 0.0338408 0.0349901 -0.00911665 0.0129367
6.325 0.0325937 0.0337015 -0.00890715 0.0123972
6.35 0.0313794 0.0324467 -0.00869923 0.0118737
6.375 0.0301977 0.0312255 -0.00849301 0.0113663
6.4 0.0290486 0.0300379 -0.00828859 0.0108747
6.425 0.0279318 0.0288837 -0.00808611 0.0103988
6.45 0.0268472 0.0277627 -0.00788565 0.00993851
6.475 0.0257945 0.0266746 -0.00768733 0.00949362
6.5 0.0247734 0.0256191 -0.00749123 0.00906392
6.525 0.0237836 0.0245958 -0.00729746 0.00864919
6.55 0.0228247 0.0236045 -0.0071061 0.00824921
6.575 0.0218963 0.0226447 -0.00691722 0.00786373
6.6 0.0209979 0.0217159 -0.00673092 0.0074925
6.625 0.0201292 0.0208177 -0.00654726 0.00713523
6.65 0.0192896 0.0199496 -0.0063663 0.00679164
6.675 0.0184787 0.019111 -0.00618812 0.00646145
6.7 0.0176958 0.0183015 -0.00601276 0.00614435
6.725 0.0169405 0.0175204 -0.00584029 0.00584003
6.75 0.0162121 0.0167671 -0.00567075 0.00554818
6.775 0.0155101 0.0160411 -0.00550418 0.00526847
6.8 0.014834 0.0153418 -0.00534063 0.00500058
6.825 0.014183 0.0146685 -0.00518012 0.00474419
6.85 0.0135565 0.0140206 -0.00502269 0.00449895
6.875 0.0129541 0.0133974 -0.00486837 0.00426454
6.9 0.0123749 0.0127984 -0.00471716 0.00404062
6.925 0.0118185 0.0122228 -0.0045691 0.00382686
6.95 0.0112841 0.0116701 -0.0044242 0.00362293
6.975 0.0107711 0.0111394 -0.00428245 0.0034285
7 0.010279 0.0106303 -0.00414387 0.00324323
7.025 0.00980698 0.0101421 -0.00400846 0.00306681
7.05 0.00935453 0.00967402 -0.00387622 0.0028989
7.075 0.00892099 0.00922553 -0.00374713 0.0027392
7.1 0.00850576 0.00879597 -0.00362119 0.00258739
7.125 0.00810822 0.00838471 -0.00349839 0.00244316
7.15 0.00772778 0.00799113 -0.0033787 0.00230621
7.175 0.00736383 0.00761461 -0.00326211 0.00217625
7.2 0.0070158 0.00725456 -0.0031486 0.00205298
7.225 0.00668312 0.00691038 -0.00303813 0.00193612
7.25 0.00636522 0.00658149 -0.00293069 0.0018254
7.275 0.00606155 0.00626732 -0.00282623 0.00172055
7.3 0.00577157 0.00596732 -0.00272472 0.0016213
7.325 0.00549476 0.00568093 -0.00262614 0.0015274
7.35 0.0052306 0.00540764 -0.00253043 0.0014386
7.375 0.00497859 0.00514691 -0.00243757 0.00135467
7.4 0.00473824 0.00489825 -0.0023475 0.00127537
7.425 0.00450907 0.00466115 -0.00226018 0.00120049
7.45 0.00429064 0.00443516 -0.00217558 0.00112979
7.475 0.00408248 0.0042198 -0.00209363 0.00106308
7.5 0.00388416 0.00401462 -0.00201429 0.00100016
7.525 0.00369526 0.00381919 -0.00193752 0.000940835
7.55 0.00351538 0.00363309 -0.00186326 0.000884915
7.575 0.00334412 0.0034559 -0.00179145 0.000832226
7.6 0.0031811 0.00328725 -0.00172206 0.000782596
7.625 0.00302596 0.00312674 -0.00165501 0.000735864
7.65 0.00287834 0.00297401 -0.00159027 0.000691873
7.675 0.0027379 0.00282871 -0.00152777 0.000650473
7.7 0.00260431 0.00269051 -0.00146746 0.000611522
7.725 0.00247725 0.00255906 -0.00140929 0.000574885
7.75 0.00235643 0.00243406 -0.0013532 0.000540431
7.775 0.00224155 0.00231521 -0.00129913 0.000508038
7.8 0.00213233 0.00220222 -0.00124704 0.000477588
7.825 0.0020285 0.0020948 -0.00119686 0.00044897
7.85 0.00192981 0.0019927 -0.00114855 0.000422077
7.875 0.00183601 0.00189566 -0.00110204 0.000396809
7.9 0.00174685 0.00180344 -0.00105729 0.000373071
7.925 0.00166213 0.00171579 -0.00101424 0.000350773
7.95 0.00158162 0.0016325 -0.000972845 0.000329828
7.975 0.00150511 0.00155336 -0.000933045 0.000310157
8 0.00143241 0.00147815 -0.000894791 0.000291682
8.025 0.00136333 0.0014067 -0.000858034 0.000274331
8.05 0.00129769 0.0013388 -0.000822724 0.000258037
8.075 0.00123532 0.00127428 -0.000788813 0.000242735
8.1 0.00117605 0.00121298 -0.000756254 0.000228364
8.125 0.00111974 0.00115473 -0.000724999 0.000214867
8.15 0.00106622 0.00109938 -0.000695003 0.00020219
8.175 0.00101536 0.00104679 -0.000666221 0.000190283
8.2 0.000967035 0.000996805 -0.000638609 0.000179098
8.225 0.000921103 0.000949306 -0.000612126 0.00016859
8.25 0.000877447 0.000904163 -0.000586728 0.000158717
8.275 0.000835952 0.000861257 -0.000562377 0.00014944
8.3 0.000796508 0.000820475 -0.000539032 0.000140721
8.325 0.000759011 0.000781708 -0.000516655 0.000132526
8.35 0.000723361 0.000744853 -0.000495208 0.000124822
8.375 0.000689464 0.000709814 -0.000474657 0.000117579
8.4 0.000657231 0.000676498 -0.000454964 0.000110767
8.425 0.000626577 0.000644817 -0.000436098 0.00010436
8.45 0.000597422 0.000614688 -0.000418023 9.8332e-05
8.475 0.000569688 0.000586031 -0.00040071 9.26604e-05
8.5 0.000543304 0.000558771 -0.000384126 8.73227e-05
8.525 0.0005182 0.000532839 -0.000368242 8.22982e-05
8.55 0.000494312 0.000508165 -0.000353029 7.75676e-05
8.575 0.000471578 0.000484686 -0.00033846 7.31128e-05
8.6 0.000449938 0.000462341 -0.000324507 6.89169e-05
8.625 0.000429338 0.000441073 -0.000311145 6.49639e-05
8.65 0.000409725 0.000420827 -0.000298349 6.12392e-05
8.675 0.000391049 0.000401552 -0.000286094 5.77288e-05
8.7 0.000373263 0.000383198 -0.000274359 5.44197e-05
8.725 0.000356321 0.000365719 -0.000263119 5.13e-05
8.75 0.000340182 0.000349072 -0.000252355 4.83581e-05
8.775 0.000324804 0.000333213 -0.000242046 4.55836e-05
8.8 0.000310151 0.000318105 -0.000232172 4.29664e-05
8.825 0.000296185 0.000303708 -0.000222714 4.04974e-05
8.85 0.000282873 0.000289989 -0.000213653 3.81677e-05
8.875 0.000270181 0.000276912 -0.000204974 3.59693e-05
8.9 0.00025808 0.000264447 -0.000196658 3.38946e-05
8.925 0.00024654 0.000252563 -0.00018869 3.19365e-05
8.95 0.000235534 0.000241231 -0.000181055 3.00881e-05
8.975 0.000225035 0.000230424 -0.000173738 2.83434e-05
9 0.000215019 0.000220117 -0.000166724 2.66964e-05
9.025 0.000205461 0.000210285 -0.000160002 2.51415e-05
9.05 0.00019634 0.000200905 -0.000153557 2.36737e-05
9.075 0.000187635 0.000191954 -0.000147378 2.22881e-05
9.1 0.000179325 0.000183413 -0.000141453 2.09801e-05
9.125 0.000171392 0.000175261 -0.000135771 1.97454e-05
9.15 0.000163817 0.00016748 -0.00013032 1.858e-05
9.175 0.000156584 0.000160052 -0.000125092 1.74801e-05
9.2 0.000149675 0.00015296 -0.000120075 1.64422e-05
9.225 0.000143077 0.000146188 -0.000115262 1.54628e-05
9.25 0.000136773 0.00013972 -0.000110643 1.45389e-05
9.275 0.000130751 0.000133543 -0.000106209 1.36673e-05
9.3 0.000124996 0.000127644 -0.000101953 1.28453e-05
9.325 0.000119498 0.000122007 -9.78668e-05 1.20702e-05
9.35 0.000114243 0.000116623 -9.39435e-05 1.13396e-05
9.375 0.00010922 0.000111478 -9.01759e-05 1.06509e-05
9.4 0.000104419 0.000106562 -8.65574e-05 1.00021e-05
9.425 9.98301e-05 0.000101863 -8.30817e-05 9.39083e-06
9.45 9.54426e-05 9.73733e-05 -7.97429e-05 8.8152e-06
9.475 9.12478e-05 9.30817e-05 -7.65351e-05 8.27326e-06
9.5 8.72369e-05 8.89795e-05 -7.34531e-05 7.76322e-06
9.525 8.34016e-05 8.50581e-05 -7.04915e-05 7.28333e-06
9.55 7.9734e-05 8.13093e-05 -6.76454e-05 6.83197e-06
9.575 7.62266e-05 7.77253e-05 -6.49101e-05 6.4076e-06
9.6 7.28721e-05 7.42987e-05 -6.22812e-05 6.00873e-06
9.625 6.96639e-05 7.10223e-05 -5.97544e-05 5.63398e-06
9.65 6.65954e-05 6.78896e-05 -5.73255e-05 5.28201e-06
9.675 6.36604e-05 6.48939e-05 -5.49908e-05 4.95157e-06
9.7 6.08531e-05 6.20294e-05 -5.27464e-05 4.64146e-06
9.725 5.81679e-05 5.92901e-05 -5.0589e-05 4.35054e-06
9.75 5.55993e-05 5.66705e-05 -4.8515e-05 4.07772e-06
9.775 5.31424e-05 5.41653e-05 -4.65214e-05 3.82198e-06
9.8 5.07922e-05 5.17696e-05 -4.46049e-05 3.58235e-06
9.825 4.85442e-05 4.94785e-05 -4.27627e-05 3.3579e-06
9.85 4.63939e-05 4.72875e-05 -4.09921e-05 3.14774e-06
9.875 4.43372e-05 4.51922e-05 -3.92902e-05 2.95104e-06
9.9 4.23699e-05 4.31885e-05 -3.76545e-05 2.76701e-06
9.925 4.04883e-05 4.12723e-05 -3.60826e-05 2.59488e-06
9.95 3.86888e-05 3.944e-05 -3.45721e-05 2.43395e-06
9.975 3.69677e-05 3.76878e-05 -3.31207e-05 2.28354e-06
10 3.53218e-05 3.60124e-05 -3.17264e-05 2.14301e-06
10.025 3.37478e-05 3.44104e-05 -3.03869e-05 2.01174e-06
10.05 3.22428e-05 3.28787e-05 -2.91004e-05 1.88915e-06
10.075 3.08037e-05 3.14143e-05 -2.78649e-05 1.77472e-06
10.1 2.94279e-05 3.00143e-05 -2.66785e-05 1.6679e-06
10.125 2.81126e-05 2.8676e-05 -2.55396e-05 1.56823e-06
10.15 2.68552e-05 2.73967e-05 -2.44463e-05 1.47523e-06
10.175 2.56534e-05 2.6174e-05 -2.3397e-05 1.38847e-06
10.2 2.45048e-05 2.50053e-05 -2.23902e-05 1.30755e-06
10.225 2.34071e-05 2.38884e-05 -2.14243e-05 1.23207e-06
10.25 2.23583e-05 2.28212e-05 -2.04979e-05 1.16166e-06
10.275 2.13561e-05 2.18015e-05 -1.96095e-05 1.09599e-06
10.3 2.03987e-05 2.08272e-05 -1.87577e-05 1.03474e-06
10.325 1.94842e-05 1.98965e-05 -1.79413e-05 9.77596e-07
10.35 1.86108e-05 1.90075e-05 -1.71589e-05 9.24277e-07
10.375 1.77767e-05 1.81583e-05 -1.64093e-05 8.74516e-07
10.4 1.69802e-05 1.73475e-05 -1.56913e-05 8.28062e-07
10.425 1.62198e-05 1.65731e-05 -1.50038e-05 7.84682e-07
10.45 1.54939e-05 1.58339e-05 -1.43456e-05 7.44155e-07
10.475 1.4801e-05 1.51281e-05 -1.37155e-05 7.06277e-07
10.5 1.41398e-05 1.44544e-05 -1.31127e-05 6.70857e-07
10.525 1.35089e-05 1.38115e-05 -1.2536e-05 6.37716e-07
10.55 1.29069e-05 1.31979e-05 -1.19845e-05 6.06687e-07
10.575 1.23326e-05 1.26124e-05 -1.14572e-05 5.77616e-07
10.6 1.17849e-05 1.20538e-05 -1.09531e-05 5.50358e-07
10.625 1.12625e-05 1.1521e-05 -1.04714e-05 5.24779e-07
10.65 1.07644e-05 1.10127e-05 -1.00112e-05 5.00755e-07
10.675 1.02895e-05 1.0528e-05 -9.57169e-06 4.7817e-07
10.7 9.83678e-06 1.00658e-05 -9.15198e-06 4.56917e-07
10.725 9.40522e-06 9.62511e-06 -8.75131e-06 4.36896e-07
10.75 8.99391e-06 9.20495e-06 -8.36892e-06 4.18017e-07
10.775 8.60194e-06 8.80443e-06 -8.00405e-06 4.00194e-07
10.8 8.22844e-06 8.42267e-06 -7.65598e-06 3.83348e-07
10.825 7.87257e-06 8.05883e-06 -7.32402e-06 3.67408e-07
10.85 7.53354e-06 7.7121e-06 -7.00749e-06 3.52306e-07
10.875 7.21058e-06 7.38169e-06 -6.70573e-06 3.37981e-07
10.9 6.90294e-06 7.06687e-06 -6.41812e-06 3.24377e-07
10.925 6.60991e-06 6.76692e-06 -6.14404e-06 3.1144e-07
10.95 6.33082e-06 6.48116e-06 -5.88291e-06 2.99124e-07
10.975 6.06501e-06 6.20891e-06 -5.63414e-06 2.87383e-07
11 5.81186e-06 5.94955e-06 -5.3972e-06 2.76178e-07
11.025 5.57076e-06 5.70248e-06 -5.17154e-06 2.65471e-07
11.05 5.34114e-06 5.46711e-06 -4.95666e-06 2.55228e-07
11.075 5.12245e-06 5.24289e-06 -4.75205e-06 2.45417e-07
11.1 4.91416e-06 5.02927e-06 -4.55725e-06 2.36011e-07
11.125 4.71576e-06 4.82575e-06 -4.37179e-06 2.26982e-07
11.15 4.52677e-06 4.63184e-06 -4.19522e-06 2.18306e-07
11.175 4.34672e-06 4.44706e-06 -4.02714e-06 2.09962e-07
11.2 4.17517e-06 4.27097e-06 -3.86711e-06 2.01928e-07
11.225 4.0117e-06 4.10314e-06 -3.71476e-06 1.94187e-07
11.25 3.85591e-06 3.94315e-06 -3.56971e-06 1.86721e-07
11.275 3.7074e-06 3.79062e-06 -3.43159e-06 1.79516e-07
11.3 3.5658e-06 3.64516e-06 -3.30005e-06 1.72556e-07
11.325 3.43076e-06 3.50642e-06 -3.17477e-06 1.65828e-07
11.35 3.30196e-06 3.37406e-06 -3.05542e-06 1.59322e-07
11.375 3.17905e-06 3.24776e-06 -2.94171e-06 1.53025e-07
11.4 3.06175e-06 3.12719e-06 -2.83333e-06 1.46928e-07
11.425 2.94976e-06 3.01206e-06 -2.73002e-06 1.41022e-07
11.45 2.8428e-06 2.9021e-06 -2.6315e-06 1.35298e-07
11.475 2.74061e-06 2.79703e-06 -2.53753e-06 1.2975e-07
11.5 2.64294e-06 2.69661e-06 -2.44787e-06 1.24369e-07
11.525 2.54956e-06 2.60058e-06 -2.36228e-06 1.1915e-07
11.55 2.46023e-06 2.50872e-06 -2.28054e-06 1.14088e-07
11.575 2.37475e-06 2.42081e-06 -2.20246e-06 1.09176e-07
11.6 2.29291e-06 2.33664e-06 -2.12782e-06 1.0441e-07
11.625 2.21453e-06 2.25602e-06 -2.05645e-06 9.97856e-08
11.65 2.13941e-06 2.17877e-06 -1.98817e-06 9.52991e-08
11.675 2.06739e-06 2.1047e-06 -1.92281e-06 9.09469e-08
11.7 1.9983e-06 2.03366e-06 -1.86021e-06 8.67258e-08
11.725 1.93199e-06 1.96548e-06 -1.80022e-06 8.26327e-08
11.75 1.86833e-06 1.90002e-06 -1.74269e-06 7.8665e-08
11.775 1.80715e-06 1.83714e-06 -1.6875e-06 7.48204e-08
11.8 1.74835e-06 1.77671e-06 -1.63451e-06 7.10967e-08
11.825 1.6918e-06 1.71859e-06 -1.58361e-06 6.74919e-08
11.85 1.63738e-06 1.66268e-06 -1.53467e-06 6.40042e-08
11.875 1.58498e-06 1.60887e-06 -1.4876e-06 6.0632e-08
11.9 1.5345e-06 1.55704e-06 -1.44229e-06 5.73738e-08
11.925 1.48585e-06 1.5071e-06 -1.39865e-06 5.42283e-08
11.95 1.43893e-06 1.45896e-06 -1.35658e-06 5.1194e-08
11.975 1.39366e-06 1.41253e-06 -1.31599e-06 4.82699e-08
12 1.34995e-06 1.36773e-06 -1.27682e-06 4.54547e-08
12.025 1.30773e-06 1.32448e-06 -1.23898e-06 4.27474e-08
12.05 1.26692e-06 1.2827e-06 -1.20241e-06 4.01469e-08
12.075 1.22747e-06 1.24233e-06 -1.16702e-06 3.76521e-08
12.1 1.18929e-06 1.2033e-06 -1.13277e-06 3.52619e-08
12.125 1.15234e-06 1.16554e-06 -1.09959e-06 3.29753e-08
12.15 1.11656e-06 1.129e-06 -1.06742e-06 3.07911e-08
12.175 1.08188e-06 1.09362e-06 -1.03621e-06 2.87081e-08
12.2 1.04826e-06 1.05935e-06 -1.0059e-06 2.6725e-08
12.225 1.01565e-06 1.02614e-06 -9.76462e-07 2.48407e-08
12.25 9.84005e-07 9.93942e-07 -9.47835e-07 2.30536e-08
12.275 9.53277e-07 9.62706e-07 -9.19981e-07 2.13624e-08
12.3 9.23426e-07 9.3239e-07 -8.92859e-07 1.97654e-08
12.325 8.94412e-07 9.02954e-07 -8.66432e-07 1.8261e-08
12.35 8.66199e-07 8.74359e-07 -8.40664e-07 1.68473e-08
12.375 8.38749e-07 8.46566e-07 -8.15521e-07 1.55225e-08
12.4 8.1203e-07 8.19541e-07 -7.90971e-07 1.42847e-08
12.425 7.86009e-07 7.93248e-07 -7.66985e-07 1.31316e-08
12.45 7.60657e-07 7.67657e-07 -7.43535e-07 1.2061e-08
12.475 7.35944e-07 7.42736e-07 -7.20595e-07 1.10706e-08
12.5 7.11842e-07 7.18456e-07 -6.9814e-07 1.0158e-08
12.525 6.88328e-07 6.9479e-07 -6.76149e-07 9.32047e-09
12.55 6.65376e-07 6.71711e-07 -6.546e-07 8.55545e-09
12.575 6.42964e-07 6.49195e-07 -6.33475e-07 7.86015e-09
12.6 6.21071e-07 6.27218e-07 -6.12755e-07 7.23171e-09
12.625 5.99677e-07 6.05759e-07 -5.92424e-07 6.6672e-09
12.65 5.78764e-07 5.84797e-07 -5.7247e-07 6.1636e-09
12.675 5.58314e-07 5.64313e-07 -5.52877e-07 5.71783e-09
12.7 5.38312e-07 5.4429e-07 -5.33636e-07 5.32678e-09
12.725 5.18744e-07 5.24712e-07 -5.14737e-07 4.98728e-09
12.75 4.99597e-07 5.05563e-07 -4.96171e-07 4.69613e-09
12.775 4.80859e-07 4.86832e-07 -4.77931e-07 4.45013e-09
12.8 4.6252e-07 4.68505e-07 -4.60012e-07 4.24605e-09
12.825 4.44572e-07 4.50572e-07 -4.4241e-07 4.0807e-09
12.85 4.27007e-07 4.33024e-07 -4.25123e-07 3.9509e-09
12.875 4.09817e-07 4.15854e-07 -4.08147e-07 3.85349e-09
12.9 3.92999e-07 3.99055e-07 -3.91485e-07 3.78539e-09
12.925 3.76549e-07 3.82623e-07 -3.75136e-07 3.74355e-09
12.95 3.60463e-07 3.66552e-07 -3.59102e-07 3.72501e-09
12.975 3.4474e-07 3.50842e-07 -3.43388e-07 3.72691e-09
13 3.2938e-07 3.35491e-07 -3.27998e-07 3.74646e-09
13.025 3.14384e-07 3.20498e-07 -3.12936e-07 3.78099e-09
13.05 2.99753e-07 3.05865e-07 -2.98209e-07 3.82797e-09
13.075 2.85489e-07 2.91595e-07 -2.83825e-07 3.88496e-09
13.1 2.71598e-07 2.77689e-07 -2.6979e-07 3.94969e-09
13.125 2.58082e-07 2.64154e-07 -2.56114e-07 4.02002e-09
13.15 2.44947e-07 2.50993e-07 -2.42805e-07 4.09396e-09
13.175 2.32199e-07 2.38213e-07 -2.29874e-07 4.1697e-09
13.2 2.19844e-07 2.2582e-07 -2.17329e-07 4.24557e-09
13.225 2.0789e-07 2.13822e-07 -2.05182e-07 4.32006e-09
13.25 1.96344e-07 2.02226e-07 -1.93442e-07 4.39186e-09
13.275 1.85213e-07 1.9104e-07 -1.82121e-07 4.45981e-09
13.3 1.74507e-07 1.80274e-07 -1.71228e-07 4.52292e-09
13.325 1.64232e-07 1.69935e-07 -1.60774e-07 4.58037e-09
13.35 1.54398e-07 1.60033e-07 -1.5077e-07 4.63153e-09
13.375 1.45013e-07 1.50577e-07 -1.41225e-07 4.6759e-09
13.4 1.36084e-07 1.41576e-07 -1.3215e-07 4.71317e-09
13.425 1.27621e-07 1.33038e-07 -1.23552e-07 4.74318e-09
13.45 1.19631e-07 1.24973e-07 -1.15441e-07 4.76592e-09
13.475 1.12121e-07 1.17387e-07 -1.07824e-07 4.78151e-09
13.5 1.05097e-07 1.1029e-07 -1.00709e-07 4.79023e-09
13.525 9.85677e-08 1.03687e-07 -9.41025e-08 4.79247e-09
13.55 9.25369e-08 9.75866e-08 -8.8009e-08 4.78877e-09
13.575 8.70102e-08 9.19929e-08 -8.24334e-08 4.77974e-09
13.6 8.19916e-08 8.69113e-08 -7.73791e-08 4.76611e-09
13.625 7.74844e-08 8.2346e-08 -7.28486e-08 4.74871e-09
13.65 7.3491e-08 7.82999e-08 -6.88431e-08 4.72843e-09
13.675 7.00127e-08 7.47751e-08 -6.53626e-08 4.70624e-09
13.7 6.70498e-08 7.17725e-08 -6.24062e-08 4.68317e-09
13.725 6.46016e-08 6.9292e-08 -5.99714e-08 4.66029e-09
13.75 6.26659e-08 6.7332e-08 -5.80546e-08 4.63869e-09
13.775 6.12399e-08 6.58901e-08 -5.6651e-08 4.61952e-09
13.8 6.03192e-08 6.49623e-08 -5.57544e-08 4.6039e-09
13.825 5.98982e-08 6.45435e-08 -5.53575e-08 4.59299e-09
13.85 5.99702e-08 6.46273e-08 -5.54514e-08 4.58791e-09
13.875 6.05273e-08 6.52059e-08 -5.60264e-08 4.58977e-09
13.9 6.15603e-08 6.62704e-08 -5.70711e-08 4.59966e-09
13.925 6.30587e-08 6.78105e-08 -5.85733e-08 4.61862e-09
13.95 6.5011e-08 6.98147e-08 -6.05194e-08 4.64765e-09
13.975 6.74044e-08 7.227e-08 -6.28946e-08 4.68769e-09
14 7.02249e-08 7.51626e-08 -6.56834e-08 4.73961e-09
14.025 7.34575e-08 7.84772e-08 -6.88688e-08 4.80423e-09
14.05 7.70861e-08 8.21976e-08 -7.24331e-08 4.88227e-09
14.075 8.10935e-08 8.63065e-08 -7.63577e-08 4.97439e-09
14.1 8.54618e-08 9.07853e-08 -8.06231e-08 5.08114e-09
14.125 9.01718e-08 9.56149e-08 -8.52089e-08 5.203e-09
14.15 9.52039e-08 1.00775e-07 -9.00943e-08 5.34034e-09
14.175 1.00537e-07 1.06245e-07 -9.52576e-08 5.49345e-09
14.2 1.06151e-07 1.12002e-07 -1.00677e-07 5.66251e-09
14.225 1.12023e-07 1.18024e-07 -1.06329e-07 5.8476e-09
14.25 1.1813e-07 1.24289e-07 -1.12192e-07 6.04871e-09
14.275 1.24451e-07 1.30773e-07 -1.18241e-07 6.26572e-09
14.3 1.30961e-07 1.37451e-07 -1.24455e-07 6.49842e-09
14.325 1.37637e-07 1.44301e-07 -1.30808e-07 6.7465e-09
14.35 1.44455e-07 1.51296e-07 -1.37277e-07 7.00955e-09
14.375 1.51391e-07 1.58414e-07 -1.43839e-07 7.28709e-09
14.4 1.58422e-07 1.65628e-07 -1.50471e-07 7.57852e-09
14.425 1.65523e-07 1.72915e-07 -1.57149e-07 7.88319e-09
14.45 1.72671e-07 1.8025e-07 -1.6385e-07 8.20036e-09
14.475 1.79842e-07 1.87609e-07 -1.70551e-07 8.5292e-09
14.5 1.87013e-07 1.94968e-07 -1.77231e-07 8.86883e-09
14.525 1.94161e-07 2.02304e-07 -1.83867e-07 9.21829e-09
14.55 2.01263e-07 2.09593e-07 -1.90439e-07 9.57659e-09
14.575 2.08298e-07 2.16812e-07 -1.96927e-07 9.94267e-09
14.6 2.15244e-07 2.2394e-07 -2.0331e-07 1.03154e-08
14.625 2.2208e-07 2.30956e-07 -2.09569e-07 1.06937e-08
14.65 2.28787e-07 2.37839e-07 -2.15686e-07 1.10763e-08
14.675 2.35345e-07 2.44569e-07 -2.21644e-07 1.14621e-08
14.7 2.41736e-07 2.51127e-07 -2.27427e-07 1.18499e-08
14.725 2.47942e-07 2.57495e-07 -2.33018e-07 1.22384e-08
14.75 2.53947e-07 2.63656e-07 -2.38403e-07 1.26263e-08
14.775 2.59735e-07 2.69594e-07 -2.43569e-07 1.30126e-08
14.8 2.65291e-07 2.75295e-07 -2.48503e-07 1.33958e-08
14.825 2.70602e-07 2.80743e-07 -2.53193e-07 1.37749e-08
14.85 2.75655e-07 2.85926e-07 -2.57629e-07 1.41486e-08
14.875 2.80439e-07 2.90832e-07 -2.61801e-07 1.45157e-08
14.9 2.84943e-07 2.95451e-07 -2.657e-07 1.48752e-08
14.925 2.89157e-07 2.99772e-07 -2.6932e-07 1.52258e-08
14.95 2.93073e-07 3.03787e-07 -2.72654e-07 1.55667e-08
14.975 2.96685e-07 3.07489e-07 -2.75696e-07 1.58966e-08
15 2.99986e-07 3.10872e-07 -2.78442e-07 1.62147e-08
15.025 3.02971e-07 3.13929e-07 -2.80889e-07 1.652e-08
15.05 3.05635e-07 3.16658e-07 -2.83035e-07 1.68116e-08
15.075 3.07977e-07 3.19056e-07 -2.84878e-07 1.70888e-08
15.1 3.09994e-07 3.21119e-07 -2.86418e-07 1.73508e-08
15.125 3.11685e-07 3.22848e-07 -2.87655e-07 1.75969e-08
15.15 3.13051e-07 3.24243e-07 -2.8859e-07 1.78264e-08
15.175 3.14092e-07 3.25304e-07 -2.89227e-07 1.80389e-08
15.2 3.1481e-07 3.26034e-07 -2.89567e-07 1.82337e-08
15.225 3.15209e-07 3.26436e-07 -2.89615e-07 1.84105e-08
15.25 3.15292e-07 3.26513e-07 -2.89375e-07 1.8569e-08
15.275 3.15063e-07 3.2627e-07 -2.88853e-07 1.87087e-08
15.3 3.14529e-07 3.25713e-07 -2.88054e-07 1.88295e-08
15.325 3.13694e-07 3.24847e-07 -2.86985e-07 1.89312e-08
15.35 3.12565e-07 3.2368e-07 -2.85652e-07 1.90137e-08
15.375 3.1115e-07 3.22219e-07 -2.84065e-07 1.9077e-08
15.4 3.09458e-07 3.20472e-07 -2.8223e-07 1.9121e-08
15.425 3.07495e-07 3.18448e-07 -2.80156e-07 1.91459e-08
15.45 3.05272e-07 3.16156e-07 -2.77853e-07 1.91518e-08
15.475 3.02797e-07 3.13606e-07 -2.75328e-07 1.91389e-08
15.5 3.0008e-07 3.10808e-07 -2.72593e-07 1.91075e-08
15.525 2.97132e-07 3.07772e-07 -2.69656e-07 1.90578e-08
15.55 2.93964e-07 3.04508e-07 -2.66528e-07 1.89902e-08
15.575 2.90585e-07 3.01029e-07 -2.63219e-07 1.89051e-08
15.6 2.87006e-07 2.97345e-07 -2.59739e-07 1.88029e-08
15.625 2.8324e-07 2.93467e-07 -2.56099e-07 1.8684e-08
15.65 2.79296e-07 2.89407e-07 -2.52309e-07 1.85491e-08
15.675 2.75187e-07 2.85177e-07 -2.4838e-07 1.83986e-08
15.7 2.70924e-07 2.80789e-07 -2.44323e-07 1.82332e-08
15.725 2.66519e-07 2.76253e-07 -2.40147e-07 1.80533e-08
15.75 2.61981e-07 2.71583e-07 -2.35863e-07 1.78597e-08
15.775 2.57324e-07 2.66788e-07 -2.31482e-07 1.7653e-08
15.8 2.52558e-07 2.61881e-07 -2.27014e-07 1.74338e-08
15.825 2.47695e-07 2.56874e-07 -2.22468e-07 1.72029e-08
15.85 2.42744e-07 2.51777e-07 -2.17855e-07 1.69609e-08
15.875 2.37718e-07 2.46601e-07 -2.13184e-07 1.67084e-08
15.9 2.32627e-07 2.41358e-07 -2.08465e-07 1.64464e-08
15.925 2.2748e-07 2.36057e-07 -2.03707e-07 1.61753e-08
15.95 2.22288e-07 2.3071e-07 -1.98918e-07 1.5896e-08
15.975 2.17062e-07 2.25326e-07 -1.94108e-07 1.56092e-08
16 2.11809e-07 2.19915e-07 -1.89284e-07 1.53155e-08
16.025 2.0654e-07 2.14486e-07 -1.84455e-07 1.50156e-08
16.05 2.01264e-07 2.09049e-07 -1.79629e-07 1.47103e-08
16.075 1.95989e-07 2.03613e-07 -1.74812e-07 1.44002e-08
16.1 1.90723e-07 1.98184e-07 -1.70012e-07 1.4086e-08
16.125 1.85473e-07 1.92773e-07 -1.65236e-07 1.37684e-08
16.15 1.80249e-07 1.87386e-07 -1.6049e-07 1.3448e-08
16.175 1.75056e-07 1.82031e-07 -1.55781e-07 1.31253e-08
16.2 1.69902e-07 1.76715e-07 -1.51113e-07 1.28011e-08
16.225 1.64792e-07 1.71444e-07 -1.46492e-07 1.24759e-08
16.25 1.59733e-07 1.66224e-07 -1.41923e-07 1.21502e-08
16.275 1.54731e-07 1.61061e-07 -1.37412e-07 1.18247e-08
16.3 1.4979e-07 1.55961e-07 -1.32962e-07 1.14998e-08
16.325 1.44916e-07 1.50929e-07 -1.28577e-07 1.1176e-08
16.35 1.40113e-07 1.45969e-07 -1.24261e-07 1.08538e-08
16.375 1.35386e-07 1.41086e-07 -1.20018e-07 1.05337e-08
16.4 1.30737e-07 1.36283e-07 -1.15851e-07 1.02161e-08
16.425 1.26171e-07 1.31564e-07 -1.11761e-07 9.90137e-09
16.45 1.2169e-07 1.26933e-07 -1.07753e-07 9.58991e-09
16.475 1.17298e-07 1.22392e-07 -1.03828e-07 9.28207e-09
16.5 1.12997e-07 1.17943e-07 -9.99871e-08 8.9782e-09
16.525 1.08789e-07 1.1359e-07 -9.6233e-08 8.6786e-09
16.55 1.04676e-07 1.09334e-07 -9.25669e-08 8.38355e-09
16.575 1.0066e-07 1.05176e-07 -8.89898e-08 8.09331e-09
16.6 9.67411e-08 1.01119e-07 -8.55026e-08 7.80813e-09
16.625 9.29212e-08 9.71623e-08 -8.21059e-08 7.52821e-09
16.65 8.92008e-08 9.33077e-08 -7.88002e-08 7.25376e-09
16.675 8.55805e-08 8.95555e-08 -7.55857e-08 6.98493e-09
16.7 8.20605e-08 8.59062e-08 -7.24624e-08 6.72189e-09
16.725 7.8641e-08 8.23597e-08 -6.94302e-08 6.46476e-09
16.75 7.53217e-08 7.8916e-08 -6.64887e-08 6.21366e-09
16.775 7.21023e-08 7.55748e-08 -6.36374e-08 5.96868e-09
16.8 6.89823e-08 7.23355e-08 -6.08757e-08 5.72989e-09
16.825 6.5961e-08 6.91975e-08 -5.82028e-08 5.49735e-09
16.85 6.30374e-08 6.61599e-08 -5.56177e-08 5.27111e-09
16.875 6.02107e-08 6.32218e-08 -5.31194e-08 5.05117e-09
16.9 5.74796e-08 6.03819e-08 -5.07067e-08 4.83757e-09
16.925 5.48429e-08 5.7639e-08 -4.83784e-08 4.63028e-09
16.95 5.22991e-08 5.49917e-08 -4.61331e-08 4.4293e-09
16.975 4.98467e-08 5.24385e-08 -4.39693e-08 4.2346e-09
17 4.74842e-08 4.99778e-08 -4.18855e-08 4.04613e-09
17.025 4.52099e-08 4.76078e-08 -3.98801e-08 3.86384e-09
17.05 4.30219e-08 4.53268e-08 -3.79515e-08 3.68767e-09
17.075 4.09185e-08 4.3133e-08 -3.6098e-08 3.51754e-09
17.1 3.88978e-08 4.10245e-08 -3.43177e-08 3.35339e-09
17.125 3.69578e-08 3.89992e-08 -3.2609e-08 3.19511e-09
17.15 3.50965e-08 3.70551e-08 -3.09699e-08 3.04261e-09
17.175 3.3312e-08 3.51903e-08 -2.93987e-08 2.8958e-09
17.2 3.16021e-08 3.34027e-08 -2.78936e-08 2.75456e-09
17.225 2.99648e-08 3.16901e-08 -2.64525e-08 2.61878e-09
17.25 2.83981e-08 3.00504e-08 -2.50737e-08 2.48834e-09
17.275 2.68998e-08 2.84815e-08 -2.37552e-08 2.36313e-09
17.3 2.54679e-08 2.69813e-08 -2.24953e-08 2.24301e-09
17.325 2.41002e-08 2.55476e-08 -2.12919e-08 2.12787e-09
17.35 2.27947e-08 2.41784e-08 -2.01433e-08 2.01756e-09
17.375 2.15494e-08 2.28715e-08 -1.90476e-08 1.91196e-09
17.4 2.03621e-08 2.16249e-08 -1.8003e-08 1.81094e-09
17.425 1.92308e-08 2.04364e-08 -1.70077e-08 1.71436e-09
17.45 1.81536e-08 1.9304e-08 -1.60598e-08 1.62209e-09
17.475 1.71285e-08 1.82257e-08 -1.51578e-08 1.53398e-09
17.5 1.61535e-08 1.71996e-08 -1.42997e-08 1.44992e-09
17.525 1.52267e-08 1.62235e-08 -1.3484e-08 1.36977e-09
17.55 1.43462e-08 1.52957e-08 -1.2709e-08 1.29338e-09
17.575 1.35103e-08 1.44143e-08 -1.1973e-08 1.22063e-09
17.6 1.2717e-08 1.35773e-08 -1.12745e-08 1.1514e-09
17.625 1.19647e-08 1.2783e-08 -1.06119e-08 1.08555e-09
17.65 1.12516e-08 1.20297e-08 -9.98376e-09 1.02295e-09
17.675 1.05761e-08 1.13155e-08 -9.38855e-09 9.63478e-10
17.7 9.93651e-09 1.06389e-08 -8.82487e-09 9.07017e-10
17.725 9.33128e-09 9.9982e-09 -8.29132e-09 8.53443e-10
17.75 8.75888e-09 9.39184e-09 -7.78656e-09 8.0264e-10
17.775 8.21781e-09 8.81827e-09 -7.30929e-09 7.54491e-10
17.8 7.70664e-09 8.27601e-09 -6.85824e-09 7.08886e-10
17.825 7.22398e-09 7.76362e-09 -6.43219e-09 6.65714e-10
17.85 6.76846e-09 7.27971e-09 -6.02997e-09 6.2487e-10
17.875 6.33881e-09 6.82294e-09 -5.65043e-09 5.8625e-10
17.9 5.93375e-09 6.39199e-09 -5.29248e-09 5.49754e-10
17.925 5.55208e-09 5.98563e-09 -4.95506e-09 5.15285e-10
17.95 5.19264e-09 5.60264e-09 -4.63715e-09 4.82747e-10
17.975 4.85431e-09 5.24187e-09 -4.33776e-09 4.5205e-10
18 4.53601e-09 4.90218e-09 -4.05597e-09 4.23106e-10
18.025 4.2367e-09 4.58253e-09 -3.79087e-09 3.9583e-10
18.05 3.9554e-09 4.28186e-09 -3.54158e-09 3.70139e-10
18.075 3.69115e-09 3.9992e-09 -3.30729e-09 3.45955e-10
18.1 3.44305e-09 3.73359e-09 -3.08719e-09 3.23201e-10
18.125 3.21023e-09 3.48413e-09 -2.88052e-09 3.01804e-10
18.15 2.99184e-09 3.24996e-09 -2.68657e-09 2.81694e-10
18.175 2.78711e-09 3.03023e-09 -2.50462e-09 2.62804e-10
18.2 2.59527e-09 2.82416e-09 -2.33403e-09 2.45069e-10
18.225 2.41559e-09 2.631e-09 -2.17415e-09 2.28427e-10
18.25 2.24738e-09 2.45002e-09 -2.02438e-09 2.12818e-10
18.275 2.09e-09 2.28053e-09 -1.88415e-09 1.98187e-10
18.3 1.94281e-09 2.12188e-09 -1.75292e-09 1.84479e-10
18.325 1.80522e-09 1.97344e-09 -1.63016e-09 1.71642e-10
18.35 1.67666e-09 1.83463e-09 -1.51538e-09 1.59626e-10
18.375 1.5566e-09 1.70487e-09 -1.4081e-09 1.48386e-10
18.4 1.44453e-09 1.58364e-09 -1.30789e-09 1.37877e-10
18.425 1.33997e-09 1.47043e-09 -1.21432e-09 1.28055e-10
18.45 1.24245e-09 1.36475e-09 -1.12698e-09 1.1888e-10
18.475 1.15155e-09 1.26614e-09 -1.04551e-09 1.10315e-10
18.5 1.06686e-09 1.17419e-09 -9.69542e-10 1.02322e-10
18.525 9.87992e-10 1.08846e-09 -8.98732e-10 9.48662e-11
18.55 9.14573e-10 1.00859e-09 -8.32762e-10 8.79159e-11
18.575 8.46262e-10 9.34207e-10 -7.71328e-10 8.14396e-11
18.6 7.82732e-10 8.64958e-10 -7.14143e-10 7.54078e-11
18.625 7.23675e-10 8.00521e-10 -6.60936e-10 6.97927e-11
18.65 6.688e-10 7.40588e-10 -6.11452e-10 6.45681e-11
18.675 6.17836e-10 6.84869e-10 -5.65451e-10 5.97091e-11
18.7 5.70523e-10 6.33091e-10 -5.22706e-10 5.51922e-11
18.725 5.26621e-10 5.84995e-10 -4.83004e-10 5.09954e-11
18.75 4.859e-10 5.40339e-10 -4.46143e-10 4.70978e-11
18.775 4.48149e-10 4.98895e-10 -4.11936e-10 4.34797e-11
18.8 4.13164e-10 4.60449e-10 -3.80204e-10 4.01227e-11
18.825 3.80758e-10 4.24799e-10 -3.50781e-10 3.70093e-11
18.85 3.50754e-10 3.91756e-10 -3.2351e-10 3.41233e-11
18.875 3.22986e-10 3.61143e-10 -2.98244e-10 3.14492e-11
18.9 2.97298e-10 3.32792e-10 -2.74847e-10 2.89727e-11
18.925 2.73545e-10 3.06548e-10 -2.53188e-10 2.66801e-11
18.95 2.5159e-10 2.82265e-10 -2.33147e-10 2.45587e-11
18.975 2.31307e-10 2.59805e-10 -2.14611e-10 2.25968e-11
19 2.12575e-10 2.3904e-10 -1.97474e-10 2.0783e-11
19.025 1.95284e-10 2.1985e-10 -1.81636e-10 1.9107e-11
19.05 1.79329e-10 2.02124e-10 -1.67006e-10 1.7559e-11
19.075 1.64613e-10 1.85756e-10 -1.53496e-10 1.61298e-11
19.1 1.51047e-10 1.70648e-10 -1.41026e-10 1.48109e-11
19.125 1.38545e-10 1.5671e-10 -1.29521e-10 1.35944e-11
19.15 1.27028e-10 1.43855e-10 -1.1891e-10 1.24728e-11
19.175 1.16424e-10 1.32005e-10 -1.09127e-10 1.14391e-11
19.2 1.06664e-10 1.21086e-10 -1.00112e-10 1.04868e-11
19.225 9.76851e-11 1.11028e-10 -9.18082e-11 9.60998e-12
19.25 8.94276e-11 1.01768e-10 -8.41617e-11 8.80294e-12
19.275 8.18368e-11 9.32444e-11 -7.71235e-11 8.06047e-12
19.3 7.48619e-11 8.54033e-11 -7.06479e-11 7.37769e-12
19.325 6.84554e-11 7.81924e-11 -6.46922e-11 6.75007e-12
19.35 6.25735e-11 7.15637e-11 -5.92169e-11 6.1734e-12
19.375 5.71753e-11 6.54727e-11 -5.41852e-11 5.64377e-12
19.4 5.22231e-11 5.98781e-11 -4.9563e-11 5.15755e-12
19.425 4.76819e-11 5.47412e-11 -4.53185e-11 4.71137e-12
19.45 4.35193e-11 5.00267e-11 -4.14225e-11 4.3021e-12
19.475 3.97052e-11 4.57014e-11 -3.78477e-11 3.92686e-12
19.5 3.62118e-11 4.17348e-11 -3.45689e-11 3.58295e-12
19.525 3.30135e-11 3.80985e-11 -3.15627e-11 3.26789e-12
19.55 3.00865e-11 3.47664e-11 -2.88076e-11 2.97937e-12
19.575 2.74088e-11 3.17141e-11 -2.62835e-11 2.71528e-12
19.6 2.49602e-11 2.89193e-11 -2.3972e-11 2.47365e-12
19.625 2.27219e-11 2.63613e-11 -2.1856e-11 2.25265e-12
19.65 2.06767e-11 2.40209e-11 -1.99196e-11 2.05061e-12
19.675 1.88087e-11 2.18803e-11 -1.81484e-11 1.86597e-12
19.7 1.71032e-11 1.99233e-11 -1.65287e-11 1.69732e-12
19.725 1.55466e-11 1.81349e-11 -1.50482e-11 1.54331e-12
19.75 1.41266e-11 1.6501e-11 -1.36955e-11 1.40275e-12
19.775 1.28315e-11 1.5009e-11 -1.246e-11 1.27451e-12
19.8 1.1651e-11 1.36471e-11 -1.1332e-11 1.15755e-12
19.825 1.05752e-11 1.24043e-11 -1.03024e-11 1.05093e-12
19.85 9.59528e-12 1.12707e-11 -9.36313e-12 9.53765e-13
19.875 8.70301e-12 1.0237e-11 -8.50648e-12 8.65262e-13
19.9 7.89087e-12 9.29486e-12 -7.7255e-12 7.84677e-13
19.925 7.15194e-12 8.43644e-12 -7.01378e-12 7.11331e-13
19.95 6.47987e-12 7.6546e-12 -6.3654e-12 6.446e-13
19.975 5.86886e-12 6.94277e-12 -5.77495e-12 5.83911e-13
20 5.31355e-12 6.29493e-12 -5.23745e-12 5.2874e-13
