0 -0.000803688 -0.000817459
0.025 -0.000803688 -0.000817459
0.05 -0.00160637 -0.00163391
0.075 -0.00240705 -0.00244834
0.1 -0.00320472 -0.00325975
0.125 -0.00399839 -0.00406714
0.15 -0.00478707 -0.00486951
0.175 -0.00556977 -0.00566587
0.2 -0.00634553 -0.00645524
0.225 -0.00711337 -0.00723665
0.25 -0.00787234 -0.00800914
0.275 -0.0086215 -0.00877176
0.3 -0.00935993 -0.00952358
0.325 -0.0100867 -0.0102637
0.35 -0.010801 -0.0109911
0.375 -0.0115018 -0.0117051
0.4 -0.0121884 -0.0124046
0.425 -0.0128599 -0.013089
0.45 -0.0135154 -0.0137573
0.475 -0.0141543 -0.0144088
0.5 -0.0147758 -0.0150427
0.525 -0.0153791 -0.0156582
0.55 -0.0159636 -0.0162547
0.575 -0.0165285 -0.0168314
0.6 -0.0170733 -0.0173878
0.625 -0.0175973 -0.0179232
0.65 -0.0181001 -0.018437
0.675 -0.018581 -0.0189287
0.7 -0.0190396 -0.0193978
0.725 -0.0194755 -0.0198439
0.75 -0.0198882 -0.0202664
0.775 -0.0202775 -0.0206652
0.8 -0.0206429 -0.0210397
0.825 -0.0209843 -0.0213899
0.85 -0.0213014 -0.0217153
0.875 -0.0215941 -0.0220158
0.9 -0.0218621 -0.0222913
0.925 -0.0221055 -0.0225417
0.95 -0.0223242 -0.0227669
0.975 -0.0225182 -0.0229669
1 -0.0226876 -0.0231419
1.025 -0.0228324 -0.0232918
1.05 -0.022953 -0.0234168
1.075 -0.0230493 -0.0235172
1.1 -0.0231218 -0.0235931
1.125 -0.0231707 -0.0236449
1.15 -0.0231963 -0.0236729
1.175 -0.023199 -0.0236775
1.2 -0.0231793 -0.023659
1.225 -0.0231375 -0.023618
1.25 -0.0230743 -0.0235549
1.275 -0.0229901 -0.0234703
1.3 -0.0228855 -0.0233648
1.325 -0.0227612 -0.023239
1.35 -0.0226177 -0.0230934
1.375 -0.0224557 -0.0229289
1.4 -0.0222759 -0.022746
1.425 -0.022079 -0.0225456
1.45 -0.0218658 -0.0223283
1.475 -0.0216369 -0.0220949
1.5 -0.0213933 -0.0218462
1.525 -0.0211356 -0.021583
1.55 -0.0208646 -0.0213062
1.575 -0.0205811 -0.0210164
1.6 -0.0202861 -0.0207146
1.625 -0.0199801 -0.0204016
1.65 -0.0196642 -0.0200782
1.675 -0.019339 -0.0197452
1.7 -0.0190054 -0.0194036
1.725 -0.0186642 -0.019054
1.75 -0.0183162 -0.0186973
1.775 -0.0179621 -0.0183343
1.8 -0.0176027 -0.0179658
1.825 -0.0172388 -0.0175926
1.85 -0.0168711 -0.0172154
1.875 -0.0165003 -0.016835
1.9 -0.0161271 -0.0164521
1.925 -0.0157523 -0.0160674
1.95 -0.0153764 -0.0156815
1.975 -0.015 -0.0152952
2 -0.0146239 -0.014909
2.025 -0.0142485 -0.0145236
2.05 -0.0138744 -0.0141395
2.075 -0.0135022 -0.0137572
2.1 -0.0131323 -0.0133774
2.125 -0.0127653 -0.0130004
2.15 -0.0124015 -0.0126268
2.175 -0.0120413 -0.0122569
2.2 -0.0116853 -0.0118912
2.225 -0.0113336 -0.0115301
2.25 -0.0109868 -0.0111739
2.275 -0.010645 -0.0108229
2.3 -0.0103085 -0.0104773
2.325 -0.0099776 -0.0101376
2.35 -0.00965254 -0.00980385
2.375 -0.0093335 -0.00947633
2.4 -0.00902066 -0.00915521
2.425 -0.00871417 -0.00884065
2.45 -0.00841417 -0.0085328
2.475 -0.00812076 -0.00823176
2.5 -0.00783404 -0.00793763
2.525 -0.00755407 -0.00765049
2.55 -0.0072809 -0.00737038
2.575 -0.00701458 -0.00709735
2.6 -0.00675511 -0.00683142
2.625 -0.00650249 -0.00657257
2.65 -0.00625673 -0.00632082
2.675 -0.00601777 -0.00607611
2.7 -0.0057856 -0.00583842
2.725 -0.00556015 -0.00560769
2.75 -0.00534137 -0.00538386
2.775 -0.00512917 -0.00516686
2.8 -0.0049235 -0.00495659
2.825 -0.00472425 -0.00475298
2.85 -0.00453132 -0.00455591
2.875 -0.00434463 -0.00436529
2.9 -0.00416406 -0.004181
2.925 -0.00398949 -0.00400293
2.95 -0.00382083 -0.00383095
2.975 -0.00365793 -0.00366494
3 -0.00350069 -0.00350478
3.025 -0.00334897 -0.00335033
3.05 -0.00320265 -0.00320146
3.075 -0.0030616 -0.00305803
3.1 -0.0029257 -0.00291992
3.125 -0.00279481 -0.00278698
3.15 -0.0026688 -0.00265908
3.175 -0.00254754 -0.00253609
3.2 -0.00243091 -0.00241787
3.225 -0.00231878 -0.00230428
3.25 -0.00221102 -0.00219519
3.275 -0.00210749 -0.00209048
3.3 -0.00200809 -0.00199
3.325 -0.00191268 -0.00189364
3.35 -0.00182114 -0.00180126
3.375 -0.00173336 -0.00171273
3.4 -0.00164921 -0.00162795
3.425 -0.00156858 -0.00154677
3.45 -0.00149136 -0.00146909
3.475 -0.00141743 -0.00139479
3.5 -0.00134669 -0.00132375
3.525 -0.00127902 -0.00125586
3.55 -0.00121432 -0.00119101
3.575 -0.00115249 -0.00112909
3.6 -0.00109343 -0.00107
3.625 -0.00103704 -0.00101364
3.65 -0.00098322 -0.0009599
3.675 -0.00093188 -0.000908689
3.7 -0.000882929 -0.000859909
3.725 -0.000836275 -0.000813467
3.75 -0.000791833 -0.000769272
3.775 -0.000749516 -0.000727237
3.8 -0.000709242 -0.000687275
3.825 -0.000670931 -0.000649302
3.85 -0.000634504 -0.000613236
3.875 -0.000599884 -0.000579
3.9 -0.000566998 -0.000546515
3.925 -0.000535773 -0.000515707
3.95 -0.000506139 -0.000486504
3.975 -0.000478029 -0.000458836
4 -0.000451376 -0.000432634
4.025 -0.000426117 -0.000407833
4.05 -0.000402189 -0.000384368
4.075 -0.000379533 -0.000362179
4.1 -0.000358091 -0.000341206
4.125 -0.000337806 -0.00032139
4.15 -0.000318625 -0.000302677
4.175 -0.000300494 -0.000285014
4.2 -0.000283364 -0.000268347
4.225 -0.000267187 -0.000252628
4.25 -0.000251914 -0.000237809
4.275 -0.0002375 -0.000223844
4.3 -0.000223904 -0.000210688
4.325 -0.000211082 -0.0001983
4.35 -0.000198994 -0.000186638
4.375 -0.000187603 -0.000175664
4.4 -0.000176871 -0.000165341
4.425 -0.000166762 -0.000155631
4.45 -0.000157244 -0.000146503
4.475 -0.000148283 -0.000137922
4.5 -0.00013985 -0.000129858
4.525 -0.000131913 -0.000122281
4.55 -0.000124446 -0.000115163
4.575 -0.00011742 -0.000108477
4.6 -0.000110812 -0.000102198
4.625 -0.000104596 -9.63008e-05
4.65 -9.8749e-05 -9.07628e-05
4.675 -9.32495e-05 -8.55623e-05
4.7 -8.80767e-05 -8.06784e-05
4.725 -8.32106e-05 -7.60916e-05
4.75 -7.86328e-05 -7.17835e-05
4.775 -7.43254e-05 -6.77365e-05
4.8 -7.02719e-05 -6.39342e-05
4.825 -6.64564e-05 -6.0361e-05
4.85 -6.28641e-05 -5.70023e-05
4.875 -5.9481e-05 -5.38444e-05
4.9 -5.62938e-05 -5.08742e-05
4.925 -5.32904e-05 -4.80797e-05
4.95 -5.04588e-05 -4.54494e-05
4.975 -4.77884e-05 -4.29727e-05
5 -4.52687e-05 -4.06396e-05
5.025 -4.28903e-05 -3.84408e-05
5.05 -4.06441e-05 -3.63675e-05
5.075 -3.85217e-05 -3.44116e-05
5.1 -3.65154e-05 -3.25655e-05
5.125 -3.46177e-05 -3.08221e-05
5.15 -3.2822e-05 -2.91748e-05
5.175 -3.11218e-05 -2.76175e-05
5.2 -2.95112e-05 -2.61446e-05
5.225 -2.79848e-05 -2.47507e-05
5.25 -2.65374e-05 -2.3431e-05
5.275 -2.51644e-05 -2.21809e-05
5.3 -2.38612e-05 -2.09961e-05
5.325 -2.26239e-05 -1.98729e-05
5.35 -2.14486e-05 -1.88075e-05
5.375 -2.03318e-05 -1.77966e-05
5.4 -1.92703e-05 -1.68371e-05
5.425 -1.8261e-05 -1.59262e-05
5.45 -1.73011e-05 -1.50612e-05
5.475 -1.63881e-05 -1.42396e-05
5.5 -1.55195e-05 -1.34592e-05
5.525 -1.46931e-05 -1.27177e-05
5.55 -1.39068e-05 -1.20132e-05
5.575 -1.31586e-05 -1.1344e-05
5.6 -1.24467e-05 -1.07082e-05
5.625 -1.17694e-05 -1.01043e-05
5.65 -1.11252e-05 -9.53071e-06
5.675 -1.05125e-05 -8.98612e-06
5.7 -9.93e-06 -8.46918e-06
5.725 -9.37627e-06 -7.97863e-06
5.75 -8.85012e-06 -7.51331e-06
5.775 -8.35036e-06 -7.0721e-06
5.8 -7.87587e-06 -6.65396e-06
5.825 -7.42559e-06 -6.25787e-06
5.85 -6.99849e-06 -5.88288e-06
5.875 -6.59361e-06 -5.52808e-06
5.9 -6.21e-06 -5.19259e-06
5.925 -5.84679e-06 -4.87558e-06
5.95 -5.50311e-06 -4.57623e-06
5.975 -5.17813e-06 -4.29378e-06
6 -4.87104e-06 -4.02746e-06
6.025 -4.58108e-06 -3.77656e-06
6.05 -4.3075e-06 -3.54038e-06
6.075 -4.04957e-06 -3.31824e-06
6.1 -3.8066e-06 -3.10948e-06
6.125 -3.57789e-06 -2.91348e-06
6.15 -3.36278e-06 -2.72961e-06
6.175 -3.16065e-06 -2.55728e-06
6.2 -2.97085e-06 -2.39592e-06
6.225 -2.79279e-06 -2.24496e-06
6.25 -2.62589e-06 -2.10387e-06
6.275 -2.46956e-06 -1.97212e-06
6.3 -2.32327e-06 -1.8492e-06
6.325 -2.18647e-06 -1.73462e-06
6.35 -2.05865e-06 -1.62792e-06
6.375 -1.93931e-06 -1.52863e-06
6.4 -1.82797e-06 -1.43631e-06
6.425 -1.72415e-06 -1.35055e-06
6.45 -1.62741e-06 -1.27092e-06
6.475 -1.53731e-06 -1.19705e-06
6.5 -1.45344e-06 -1.12854e-06
6.525 -1.3754e-06 -1.06506e-06
6.55 -1.3028e-06 -1.00624e-06
6.575 -1.23528e-06 -9.51756e-07
6.6 -1.17247e-06 -9.01299e-07
6.625 -1.11405e-06 -8.54568e-07
6.65 -1.0597e-06 -8.11276e-07
6.675 -1.0091e-06 -7.71155e-07
6.7 -9.61971e-07 -7.33948e-07
6.725 -9.1804e-07 -6.99413e-07
6.75 -8.77045e-07 -6.67323e-07
6.775 -8.38742e-07 -6.37464e-07
6.8 -8.02901e-07 -6.09635e-07
6.825 -7.69307e-07 -5.83648e-07
6.85 -7.37758e-07 -5.59328e-07
6.875 -7.08067e-07 -5.36512e-07
6.9 -6.80058e-07 -5.15051e-07
6.925 -6.53571e-07 -4.94806e-07
6.95 -6.28457e-07 -4.75648e-07
6.975 -6.04579e-07 -4.57462e-07
7 -5.81812e-07 -4.40142e-07
7.025 -5.60042e-07 -4.23593e-07
7.05 -5.39168e-07 -4.07727e-07
7.075 -5.19097e-07 -3.92468e-07
7.1 -4.99747e-07 -3.7775e-07
7.125 -4.81045e-07 -3.6351e-07
7.15 -4.62927e-07 -3.49699e-07
7.175 -4.45337e-07 -3.36271e-07
7.2 -4.28227e-07 -3.23189e-07
7.225 -4.11558e-07 -3.1042e-07
7.25 -3.95295e-07 -2.9794e-07
7.275 -3.79409e-07 -2.85728e-07
7.3 -3.6388e-07 -2.73768e-07
7.325 -3.4869e-07 -2.62049e-07
7.35 -3.33826e-07 -2.50563e-07
7.375 -3.19279e-07 -2.39306e-07
7.4 -3.05045e-07 -2.28277e-07
7.425 -2.91121e-07 -2.17476e-07
7.45 -2.77507e-07 -2.06906e-07
7.475 -2.64205e-07 -1.96573e-07
7.5 -2.51221e-07 -1.8648e-07
7.525 -2.38557e-07 -1.76636e-07
7.55 -2.26222e-07 -1.67047e-07
7.575 -2.14222e-07 -1.5772e-07
7.6 -2.02563e-07 -1.48663e-07
7.625 -1.91252e-07 -1.39883e-07
7.65 -1.80296e-07 -1.31387e-07
7.675 -1.69701e-07 -1.23181e-07
7.7 -1.59473e-07 -1.1527e-07
7.725 -1.49617e-07 -1.07658e-07
7.75 -1.40136e-07 -1.0035e-07
7.775 -1.31033e-07 -9.33471e-08
7.8 -1.2231e-07 -8.66516e-08
7.825 -1.13967e-07 -8.02638e-08
7.85 -1.06006e-07 -7.41831e-08
7.875 -9.84225e-08 -6.8408e-08
7.9 -9.12158e-08 -6.29357e-08
7.925 -8.43817e-08 -5.77628e-08
7.95 -7.79156e-08 -5.28848e-08
7.975 -7.18119e-08 -4.82966e-08
8 -6.60641e-08 -4.3992e-08
8.025 -6.06649e-08 -3.99646e-08
8.05 -5.56062e-08 -3.6207e-08
8.075 -5.08794e-08 -3.27115e-08
8.1 -4.64751e-08 -2.94699e-08
8.125 -4.23836e-08 -2.64737e-08
8.15 -3.85944e-08 -2.37141e-08
8.175 -3.50971e-08 -2.1182e-08
8.2 -3.18807e-08 -1.88681e-08
8.225 -2.8934e-08 -1.67632e-08
8.25 -2.62457e-08 -1.48578e-08
8.275 -2.38042e-08 -1.31425e-08
8.3 -2.15981e-08 -1.16079e-08
8.325 -1.96156e-08 -1.02446e-08
8.35 -1.78452e-08 -9.04323e-09
8.375 -1.62752e-08 -7.99463e-09
8.4 -1.48941e-08 -7.08962e-09
8.425 -1.36905e-08 -6.31918e-09
8.45 -1.26529e-08 -5.67439e-09
8.475 -1.177e-08 -5.14646e-09
8.5 -1.10308e-08 -4.72672e-09
8.525 -1.04243e-08 -4.40664e-09
8.55 -9.93964e-09 -4.17784e-09
8.575 -9.56622e-09 -4.03207e-09
8.6 -9.29362e-09 -3.96124e-09
8.625 -9.11164e-09 -3.95743e-09
8.65 -9.0103e-09 -4.01286e-09
8.675 -8.9799e-09 -4.11997e-09
8.7 -9.01102e-09 -4.27139e-09
8.725 -9.09452e-09 -4.45995e-09
8.75 -9.2216e-09 -4.67873e-09
8.775 -9.38381e-09 -4.92105e-09
8.8 -9.57306e-09 -5.18053e-09
8.825 -9.78167e-09 -5.45107e-09
8.85 -1.00024e-08 -5.7269e-09
8.875 -1.02284e-08 -6.00258e-09
8.9 -1.04534e-08 -6.27305e-09
8.925 -1.06714e-08 -6.53364e-09
8.95 -1.08772e-08 -6.7801e-09
8.975 -1.1066e-08 -7.00857e-09
9 -1.12334e-08 -7.21566e-09
9.025 -1.13757e-08 -7.39842e-09
9.05 -1.14898e-08 -7.55436e-09
9.075 -1.15729e-08 -7.68146e-09
9.1 -1.1623e-08 -7.77815e-09
9.125 -1.16386e-08 -7.84332e-09
9.15 -1.16187e-08 -7.87632e-09
9.175 -1.15626e-08 -7.87692e-09
9.2 -1.14704e-08 -7.84532e-09
9.225 -1.13426e-08 -7.78208e-09
9.25 -1.11799e-08 -7.68817e-09
9.275 -1.09837e-08 -7.56487e-09
9.3 -1.07554e-08 -7.41377e-09
9.325 -1.04972e-08 -7.23672e-09
9.35 -1.02111e-08 -7.0358e-09
9.375 -9.89958e-09 -6.81331e-09
9.4 -9.56529e-09 -6.57165e-09
9.425 -9.21099e-09 -6.31337e-09
9.45 -8.83952e-09 -6.04105e-09
9.475 -8.45382e-09 -5.75735e-09
9.5 -8.05681e-09 -5.46486e-09
9.525 -7.65141e-09 -5.16617e-09
9.55 -7.24046e-09 -4.86377e-09
9.575 -6.8267e-09 -4.56004e-09
9.6 -6.41277e-09 -4.25724e-09
9.625 -6.00112e-09 -3.95745e-09
9.65 -5.59405e-09 -3.66257e-09
9.675 -5.19366e-09 -3.37432e-09
9.7 -4.80184e-09 -3.0942e-09
9.725 -4.42026e-09 -2.82351e-09
9.75 -4.05036e-09 -2.56331e-09
9.775 -3.69336e-09 -2.31446e-09
9.8 -3.35026e-09 -2.07761e-09
9.825 -3.02185e-09 -1.85321e-09
9.85 -2.70868e-09 -1.6415e-09
9.875 -2.41113e-09 -1.44256e-09
9.9 -2.1294e-09 -1.25629e-09
9.925 -1.86351e-09 -1.08247e-09
9.95 -1.61334e-09 -9.2074e-10
9.975 -1.37863e-09 -7.70642e-10
10 -1.15905e-09 -6.31636e-10
10.025 -9.54126e-10 -5.0312e-10
10.05 -7.63365e-10 -3.84451e-10
10.075 -5.86205e-10 -2.74968e-10
10.1 -4.22058e-10 -1.74006e-10
10.125 -2.70323e-10 -8.09161e-11
10.15 -1.30405e-10 4.92106e-12
10.175 -1.72439e-12 8.40809e-11
10.2 1.16268e-10 1.57085e-10
10.225 2.24083e-10 2.24391e-10
10.25 3.22188e-10 2.86389e-10
10.275 4.10997e-10 3.43395e-10
10.3 4.90871e-10 3.95654e-10
10.325 5.62118e-10 4.43336e-10
10.35 6.24993e-10 4.86542e-10
10.375 6.79704e-10 5.25308e-10
10.4 7.26411e-10 5.59615e-10
10.425 7.65239e-10 5.89394e-10
10.45 7.96285e-10 6.14536e-10
10.475 8.19621e-10 6.34905e-10
10.5 8.35311e-10 6.50346e-10
10.525 8.43414e-10 6.607e-10
10.55 8.43997e-10 6.65812e-10
10.575 8.37145e-10 6.65545e-10
10.6 8.22968e-10 6.5979e-10
10.625 8.0161e-10 6.48472e-10
10.65 7.73256e-10 6.31567e-10
10.675 7.3814e-10 6.091e-10
10.7 6.96546e-10 5.81159e-10
10.725 6.48814e-10 5.47893e-10
10.75 5.95344e-10 5.0952e-10
10.775 5.36592e-10 4.66326e-10
10.8 4.73071e-10 4.18662e-10
10.825 4.05349e-10 3.66946e-10
10.85 3.34043e-10 3.11659e-10
10.875 2.59816e-10 2.53334e-10
10.9 1.83368e-10 1.92558e-10
10.925 1.05429e-10 1.29954e-10
10.95 2.67494e-11 6.61832e-11
10.975 -5.19067e-11 1.92488e-12
11 -1.29775e-10 -6.21274e-11
11.025 -2.06099e-10 -1.25279e-10
11.05 -2.80143e-10 -1.86845e-10
11.075 -3.51197e-10 -2.46161e-10
11.1 -4.18595e-10 -3.02593e-10
11.125 -4.81716e-10 -3.55549e-10
11.15 -5.39997e-10 -4.04486e-10
11.175 -5.92943e-10 -4.48921e-10
11.2 -6.40128e-10 -4.88436e-10
11.225 -6.81205e-10 -5.22688e-10
11.25 -7.15908e-10 -5.51409e-10
11.275 -7.44057e-10 -5.74412e-10
11.3 -7.65558e-10 -5.91594e-10
11.325 -7.80402e-10 -6.02934e-10
11.35 -7.88668e-10 -6.08495e-10
11.375 -7.90516e-10 -6.0842e-10
11.4 -7.86184e-10 -6.02929e-10
11.425 -7.75986e-10 -5.92312e-10
11.45 -7.60301e-10 -5.76928e-10
11.475 -7.39568e-10 -5.57192e-10
11.5 -7.1428e-10 -5.3357e-10
11.525 -6.84969e-10 -5.06571e-10
11.55 -6.52204e-10 -4.76735e-10
11.575 -6.16576e-10 -4.44627e-10
11.6 -5.78692e-10 -4.10822e-10
11.625 -5.39162e-10 -3.75901e-10
11.65 -4.98589e-10 -3.40439e-10
11.675 -4.57563e-10 -3.04991e-10
11.7 -4.16652e-10 -2.70093e-10
11.725 -3.76388e-10 -2.36243e-10
11.75 -3.37267e-10 -2.03902e-10
11.775 -2.99739e-10 -1.73483e-10
11.8 -2.64201e-10 -1.45348e-10
11.825 -2.30997e-10 -1.198e-10
11.85 -2.00409e-10 -9.70847e-11
11.875 -1.72659e-10 -7.73832e-11
11.9 -1.47907e-10 -6.08148e-11
11.925 -1.26249e-10 -4.74357e-11
11.95 -1.07722e-10 -3.72404e-11
11.975 -9.23024e-11 -3.01638e-11
12 -7.99095e-11 -2.6085e-11
12.025 -7.0412e-11 -2.48315e-11
12.05 -6.36309e-11 -2.6184e-11
12.075 -5.93455e-11 -2.98824e-11
12.1 -5.72994e-11 -3.56319e-11
12.125 -5.72068e-11 -4.31102e-11
12.15 -5.87597e-11 -5.19742e-11
12.175 -6.16346e-11 -6.18673e-11
12.2 -6.54994e-11 -7.24267e-11
12.225 -7.00207e-11 -8.32909e-11
12.25 -7.48702e-11 -9.41061e-11
12.275 -7.97313e-11 -1.04533e-10
12.3 -8.43048e-11 -1.14254e-10
12.325 -8.83145e-11 -1.22975e-10
12.35 -9.1512e-11 -1.30437e-10
12.375 -9.36811e-11 -1.36414e-10
12.4 -9.46405e-11 -1.40719e-10
12.425 -9.42471e-11 -1.43207e-10
12.45 -9.23975e-11 -1.43777e-10
12.475 -8.90289e-11 -1.4237e-10
12.5 -8.41198e-11 -1.38974e-10
12.525 -7.76886e-11 -1.33619e-10
12.55 -6.97931e-11 -1.26377e-10
12.575 -6.05278e-11 -1.1736e-10
12.6 -5.00215e-11 -1.06717e-10
12.625 -3.84338e-11 -9.46311e-11
12.65 -2.59515e-11 -8.1313e-11
12.675 -1.27842e-11 -6.69989e-11
12.7 8.40145e-13 -5.19446e-11
12.725 1.46802e-11 -3.64202e-11
12.75 2.8486e-11 -2.07056e-11
12.775 4.20045e-11 -5.0841e-12
12.8 5.49837e-11 1.01621e-11
12.825 6.71785e-11 2.47577e-11
12.85 7.83546e-11 3.84386e-11
12.875 8.82933e-11 5.09575e-11
12.9 9.67955e-11 6.20871e-11
12.925 1.03685e-10 7.1625e-11
12.95 1.08812e-10 7.93965e-11
12.975 1.12055e-10 8.52571e-11
13 1.13325e-10 8.90956e-11
13.025 1.12564e-10 9.08351e-11
13.05 1.09746e-10 9.04337e-11
13.075 1.04881e-10 8.78859e-11
13.1 9.80119e-11 8.32211e-11
13.125 8.92121e-11 7.65037e-11
13.15 7.85874e-11 6.78311e-11
13.175 6.62721e-11 5.73321e-11
13.2 5.24272e-11 4.5164e-11
13.225 3.72375e-11 3.15102e-11
13.25 2.09083e-11 1.65763e-11
13.275 3.66199e-12 5.87317e-13
13.3 -1.42654e-11 -1.62171e-11
13.325 -3.26284e-11 -3.35859e-11
13.35 -5.11759e-11 -5.12615e-11
13.375 -6.96551e-11 -6.89834e-11
13.4 -8.78157e-11 -8.64925e-11
13.425 -1.05413e-10 -1.03535e-10
13.45 -1.22214e-10 -1.19868e-10
13.475 -1.37997e-10 -1.3526e-10
13.5 -1.52558e-10 -1.49497e-10
13.525 -1.65713e-10 -1.62384e-10
13.55 -1.77299e-10 -1.73749e-10
13.575 -1.87177e-10 -1.83445e-10
13.6 -1.95237e-10 -1.9135e-10
13.625 -2.01393e-10 -1.97373e-10
13.65 -2.05588e-10 -2.0145e-10
13.675 -2.07796e-10 -2.03546e-10
13.7 -2.08018e-10 -2.03657e-10
13.725 -2.06282e-10 -2.01809e-10
13.75 -2.02646e-10 -1.98054e-10
13.775 -1.97192e-10 -1.92473e-10
13.8 -1.90027e-10 -1.85173e-10
13.825 -1.81283e-10 -1.76282e-10
13.85 -1.71107e-10 -1.65951e-10
13.875 -1.5967e-10 -1.5435e-10
13.9 -1.47153e-10 -1.41665e-10
13.925 -1.33751e-10 -1.28092e-10
13.95 -1.19669e-10 -1.1384e-10
13.975 -1.05117e-10 -9.91234e-11
14 -9.03066e-11 -8.4159e-11
14.025 -7.54512e-11 -6.91644e-11
14.05 -6.07599e-11 -5.4354e-11
14.075 -4.64357e-11 -3.99361e-11
14.1 -3.26726e-11 -2.61097e-11
14.125 -1.9653e-11 -1.30623e-11
14.15 -7.5456e-12 -9.67091e-13
14.175 3.49731e-12 1.00192e-11
14.2 1.33411e-11 1.97582e-11
14.225 2.18707e-11 2.81315e-11
14.25 2.89916e-11 3.50419e-11
14.275 3.46309e-11 4.04145e-11
14.3 3.87377e-11 4.41973e-11
14.325 4.12839e-11 4.63614e-11
14.35 4.22632e-11 4.69012e-11
14.375 4.16918e-11 4.58338e-11
14.4 3.96068e-11 4.31982e-11
14.425 3.60659e-11 3.90549e-11
14.45 3.11457e-11 3.3484e-11
14.475 2.49407e-11 2.65841e-11
14.5 1.75613e-11 1.84704e-11
14.525 9.13198e-12 9.27312e-12
14.55 -2.10484e-13 -8.65144e-13
14.575 -1.03194e-11 -1.17911e-11
14.6 -2.10401e-11 -2.33433e-11
14.625 -3.22125e-11 -3.53544e-11
14.65 -4.36732e-11 -4.76535e-11
14.675 -5.52577e-11 -6.00687e-11
14.7 -6.6803e-11 -7.24294e-11
14.725 -7.81491e-11 -8.45681e-11
14.75 -8.91419e-11 -9.63233e-11
14.775 -9.96345e-11 -1.07541e-10
14.8 -1.09489e-10 -1.18077e-10
14.825 -1.18579e-10 -1.27798e-10
14.85 -1.2679e-10 -1.36584e-10
14.875 -1.34022e-10 -1.44329e-10
14.9 -1.40187e-10 -1.50941e-10
14.925 -1.45215e-10 -1.56347e-10
14.95 -1.49052e-10 -1.60488e-10
14.975 -1.51659e-10 -1.63324e-10
15 -1.53016e-10 -1.64832e-10
15.025 -1.53116e-10 -1.65004e-10
15.05 -1.51971e-10 -1.63854e-10
15.075 -1.49609e-10 -1.61408e-10
15.1 -1.46071e-10 -1.57711e-10
15.125 -1.41415e-10 -1.52821e-10
15.15 -1.3571e-10 -1.46812e-10
15.175 -1.29038e-10 -1.39768e-10
15.2 -1.21493e-10 -1.31789e-10
15.225 -1.13177e-10 -1.2298e-10
15.25 -1.042e-10 -1.13459e-10
15.275 -9.46797e-11 -1.03348e-10
15.3 -8.4738e-11 -9.27763e-11
15.325 -7.45002e-11 -8.18753e-11
15.35 -6.40931e-11 -7.07792e-11
15.375 -5.3644e-11 -5.96226e-11
15.4 -4.32784e-11 -4.85385e-11
15.425 -3.31191e-11 -3.76571e-11
15.45 -2.32844e-11 -2.71043e-11
15.475 -1.3887e-11 -1.7e-11
15.5 -5.03249e-12 -7.45716e-12
15.525 3.18148e-12 1.41969e-12
15.55 1.06665e-11 9.53541e-12
15.575 1.73439e-11 1.68052e-11
15.6 2.31461e-11 2.31553e-11
15.625 2.80165e-11 2.85239e-11
15.65 3.19105e-11 3.28613e-11
15.675 3.47953e-11 3.61306e-11
15.7 3.66506e-11 3.83074e-11
15.725 3.74681e-11 3.93805e-11
15.75 3.72518e-11 3.93512e-11
15.775 3.60174e-11 3.82334e-11
15.8 3.37922e-11 3.60529e-11
15.825 3.06143e-11 3.28474e-11
15.85 2.65322e-11 2.86653e-11
15.875 2.16039e-11 2.35654e-11
15.9 1.58963e-11 1.76157e-11
15.925 9.48427e-12 1.08929e-11
15.95 2.44937e-12 3.48109e-12
15.975 -5.12073e-12 -4.52917e-12
16 -1.31335e-11 -1.3042e-11
16.025 -2.14927e-11 -2.19571e-11
16.05 -3.00992e-11 -3.11712e-11
16.075 -3.88523e-11 -4.05791e-11
16.1 -4.76511e-11 -5.00745e-11
16.125 -5.63947e-11 -5.95517e-11
16.15 -6.49842e-11 -6.89062e-11
16.175 -7.33231e-11 -7.80358e-11
16.2 -8.13184e-11 -8.6842e-11
16.225 -8.88817e-11 -9.52303e-11
16.25 -9.59295e-11 -1.03112e-10
16.275 -1.02385e-10 -1.10403e-10
16.3 -1.08177e-10 -1.17028e-10
16.325 -1.13242e-10 -1.22918e-10
16.35 -1.17524e-10 -1.28011e-10
16.375 -1.20977e-10 -1.32255e-10
16.4 -1.23561e-10 -1.35606e-10
16.425 -1.25245e-10 -1.38028e-10
16.45 -1.26009e-10 -1.39497e-10
16.475 -1.2584e-10 -1.39995e-10
16.5 -1.24734e-10 -1.39515e-10
16.525 -1.22696e-10 -1.3806e-10
16.55 -1.19741e-10 -1.35638e-10
16.575 -1.1589e-10 -1.32272e-10
16.6 -1.11173e-10 -1.27987e-10
16.625 -1.05628e-10 -1.2282e-10
16.65 -9.93003e-11 -1.16814e-10
16.675 -9.22405e-11 -1.10021e-10
16.7 -8.45063e-11 -1.02496e-10
16.725 -7.61606e-11 -9.43017e-11
16.75 -6.7271e-11 -8.5507e-11
16.775 -5.79093e-11 -7.61839e-11
16.8 -4.81509e-11 -6.64085e-11
16.825 -3.80738e-11 -5.62601e-11
16.85 -2.77583e-11 -4.58206e-11
16.875 -1.72858e-11 -3.51733e-11
16.9 -6.73879e-12 -2.44027e-11
16.925 3.8005e-12 -1.35933e-11
16.95 1.42503e-11 -2.82962e-12
16.975 2.45302e-11 7.80524e-12
17 3.45614e-11 1.82297e-11
17.025 4.42678e-11 2.83645e-11
17.05 5.35762e-11 3.81331e-11
17.075 6.24166e-11 4.74626e-11
17.1 7.07232e-11 5.62836e-11
17.125 7.84344e-11 6.45313e-11
17.15 8.54933e-11 7.21453e-11
17.175 9.18479e-11 7.90703e-11
17.2 9.74514e-11 8.52563e-11
17.225 1.02263e-10 9.06589e-11
17.25 1.06246e-10 9.52393e-11
17.275 1.09373e-10 9.89646e-11
17.3 1.11617e-10 1.01808e-10
17.325 1.12962e-10 1.03748e-10
17.35 1.13396e-10 1.0477e-10
17.375 1.12911e-10 1.04866e-10
17.4 1.11507e-10 1.04031e-10
17.425 1.09189e-10 1.02269e-10
17.45 1.05967e-10 9.95868e-11
17.475 1.01857e-10 9.59992e-11
17.5 9.68786e-11 9.15242e-11
17.525 9.10572e-11 8.61855e-11
17.55 8.44224e-11 8.00111e-11
17.575 7.70076e-11 7.30335e-11
17.6 6.88501e-11 6.52889e-11
17.625 5.99908e-11 5.68175e-11
17.65 5.04735e-11 4.76624e-11
17.675 4.03449e-11 3.78697e-11
17.7 2.96539e-11 2.74883e-11
17.725 1.84516e-11 1.6569e-11
17.75 6.79053e-12 5.16436e-12
17.775 -5.27532e-12 -6.67138e-12
17.8 -1.76911e-11 -1.88831e-11
17.825 -3.04013e-11 -3.14148e-11
17.85 -4.33503e-11 -4.42104e-11
17.875 -5.64825e-11 -5.72134e-11
17.9 -6.97425e-11 -7.0368e-11
17.925 -8.3076e-11 -8.36186e-11
17.95 -9.64292e-11 -9.69108e-11
17.975 -1.0975e-10 -1.10191e-10
18 -1.22987e-10 -1.23408e-10
18.025 -1.36092e-10 -1.36511e-10
18.05 -1.49017e-10 -1.49451e-10
18.075 -1.61716e-10 -1.62182e-10
18.1 -1.74148e-10 -1.7466e-10
18.125 -1.86272e-10 -1.86844e-10
18.15 -1.98048e-10 -1.98693e-10
18.175 -2.09443e-10 -2.10172e-10
18.2 -2.20424e-10 -2.21247e-10
18.225 -2.3096e-10 -2.31886e-10
18.25 -2.41024e-10 -2.4206e-10
18.275 -2.50593e-10 -2.51746e-10
18.3 -2.59645e-10 -2.60919e-10
18.325 -2.68161e-10 -2.69562e-10
18.35 -2.76126e-10 -2.77655e-10
18.375 -2.83526e-10 -2.85187e-10
18.4 -2.90352e-10 -2.92145e-10
18.425 -2.96595e-10 -2.98521e-10
18.45 -3.02252e-10 -3.04309e-10
18.475 -3.07319e-10 -3.09506e-10
18.5 -3.11796e-10 -3.14112e-10
18.525 -3.15686e-10 -3.18127e-10
18.55 -3.18993e-10 -3.21555e-10
18.575 -3.21723e-10 -3.24403e-10
18.6 -3.23886e-10 -3.26677e-10
18.625 -3.2549e-10 -3.28389e-10
18.65 -3.26549e-10 -3.29549e-10
18.675 -3.27075e-10 -3.30171e-10
18.7 -3.27084e-10 -3.30269e-10
18.725 -3.26592e-10 -3.29859e-10
18.75 -3.25615e-10 -3.28959e-10
18.775 -3.24173e-10 -3.27586e-10
18.8 -3.22285e-10 -3.2576e-10
18.825 -3.19971e-10 -3.235e-10
18.85 -3.17251e-10 -3.20827e-10
18.875 -3.14146e-10 -3.17763e-10
18.9 -3.10679e-10 -3.1433e-10
18.925 -3.06871e-10 -3.10548e-10
18.95 -3.02744e-10 -3.0644e-10
18.975 -2.98321e-10 -3.02029e-10
19 -2.93623e-10 -2.97337e-10
19.025 -2.88672e-10 -2.92386e-10
19.05 -2.83491e-10 -2.87198e-10
19.075 -2.78101e-10 -2.81795e-10
19.1 -2.72522e-10 -2.76198e-10
19.125 -2.66777e-10 -2.70429e-10
19.15 -2.60885e-10 -2.64508e-10
19.175 -2.54866e-10 -2.58454e-10
19.2 -2.48739e-10 -2.52288e-10
19.225 -2.42523e-10 -2.46029e-10
19.25 -2.36236e-10 -2.39694e-10
19.275 -2.29895e-10 -2.33302e-10
19.3 -2.23516e-10 -2.26868e-10
19.325 -2.17115e-10 -2.20409e-10
19.35 -2.10708e-10 -2.13941e-10
19.375 -2.04308e-10 -2.07477e-10
19.4 -1.97929e-10 -2.01032e-10
19.425 -1.91584e-10 -1.94619e-10
19.45 -1.85284e-10 -1.88249e-10
19.475 -1.7904e-10 -1.81934e-10
19.5 -1.72864e-10 -1.75684e-10
19.525 -1.66763e-10 -1.6951e-10
19.55 -1.60748e-10 -1.6342e-10
19.575 -1.54826e-10 -1.57422e-10
19.6 -1.49004e-10 -1.51524e-10
19.625 -1.43288e-10 -1.45733e-10
19.65 -1.37686e-10 -1.40054e-10
19.675 -1.32202e-10 -1.34494e-10
19.7 -1.2684e-10 -1.29057e-10
19.725 -1.21604e-10 -1.23746e-10
19.75 -1.16499e-10 -1.18566e-10
19.775 -1.11526e-10 -1.1352e-10
19.8 -1.06688e-10 -1.08609e-10
19.825 -1.01987e-10 -1.03836e-10
19.85 -9.7423e-11 -9.92023e-11
19.875 -9.29982e-11 -9.47083e-11
19.9 -8.87125e-11 -9.03546e-11
19.925 -8.45658e-11 -8.61414e-11
19.95 -8.05577e-11 -8.20683e-11
19.975 -7.66876e-11 -7.81346e-11
20 -7.29542e-11 -7.43393e-11
