0 -0.000703157 -0.000722047
0.025 -0.000703157 -0.000722047
0.05 -0.00140549 -0.00144325
0.075 -0.00210617 -0.00216278
0.1 -0.00280437 -0.00287979
0.125 -0.00349929 -0.00359344
0.15 -0.00419009 -0.00430292
0.175 -0.00487598 -0.00500738
0.2 -0.00555615 -0.00570602
0.225 -0.0062298 -0.00639802
0.25 -0.00689615 -0.00708258
0.275 -0.00755443 -0.00775891
0.3 -0.00820386 -0.00842622
0.325 -0.00884369 -0.00908375
0.35 -0.00947319 -0.00973073
0.375 -0.0100916 -0.0103664
0.4 -0.0106983 -0.0109901
0.425 -0.0112925 -0.0116011
0.45 -0.0118736 -0.0121986
0.475 -0.0124409 -0.0127821
0.5 -0.0129938 -0.0133508
0.525 -0.0135316 -0.0139041
0.55 -0.0140539 -0.0144415
0.575 -0.01456 -0.0149623
0.6 -0.0150493 -0.0154659
0.625 -0.0155215 -0.015952
0.65 -0.0159759 -0.0164198
0.675 -0.0164122 -0.0168691
0.7 -0.0168299 -0.0172993
0.725 -0.0172287 -0.01771
0.75 -0.0176081 -0.0181009
0.775 -0.0179679 -0.0184716
0.8 -0.0183078 -0.0188217
0.825 -0.0186275 -0.0191511
0.85 -0.0189267 -0.0194595
0.875 -0.0192054 -0.0197467
0.9 -0.0194633 -0.0200125
0.925 -0.0197004 -0.0202568
0.95 -0.0199166 -0.0204795
0.975 -0.0201118 -0.0206806
1 -0.020286 -0.0208601
1.025 -0.0204393 -0.0210179
1.05 -0.0205718 -0.0211542
1.075 -0.0206836 -0.0212691
1.1 -0.0207747 -0.0213628
1.125 -0.0208455 -0.0214353
1.15 -0.0208962 -0.021487
1.175 -0.0209269 -0.0215181
1.2 -0.020938 -0.0215289
1.225 -0.0209299 -0.0215197
1.25 -0.0209028 -0.0214909
1.275 -0.0208572 -0.0214429
1.3 -0.0207934 -0.0213761
1.325 -0.020712 -0.0212911
1.35 -0.0206134 -0.0211881
1.375 -0.0204981 -0.0210679
1.4 -0.0203667 -0.020931
1.425 -0.0202196 -0.0207778
1.45 -0.0200575 -0.020609
1.475 -0.0198809 -0.0204252
1.5 -0.0196904 -0.020227
1.525 -0.0194867 -0.0200151
1.55 -0.0192704 -0.0197901
1.575 -0.0190421 -0.0195527
1.6 -0.0188025 -0.0193036
1.625 -0.0185522 -0.0190434
1.65 -0.0182919 -0.0187728
1.675 -0.0180223 -0.0184925
1.7 -0.0177439 -0.0182033
1.725 -0.0174576 -0.0179058
1.75 -0.0171639 -0.0176007
1.775 -0.0168635 -0.0172887
1.8 -0.0165571 -0.0169705
1.825 -0.0162453 -0.0166467
1.85 -0.0159288 -0.0163181
1.875 -0.0156081 -0.0159852
1.9 -0.0152839 -0.0156487
1.925 -0.0149568 -0.0153093
1.95 -0.0146273 -0.0149675
1.975 -0.0142961 -0.0146239
2 -0.0139636 -0.0142792
2.025 -0.0136305 -0.0139338
2.05 -0.0132972 -0.0135883
2.075 -0.0129642 -0.0132433
2.1 -0.0126321 -0.0128992
2.125 -0.0123012 -0.0125564
2.15 -0.0119719 -0.0122155
2.175 -0.0116448 -0.0118769
2.2 -0.0113202 -0.011541
2.225 -0.0109984 -0.0112081
2.25 -0.0106798 -0.0108787
2.275 -0.0103648 -0.010553
2.3 -0.0100536 -0.0102313
2.325 -0.00974644 -0.00991408
2.35 -0.00944368 -0.00960142
2.375 -0.00914553 -0.00929364
2.4 -0.00885218 -0.00899095
2.425 -0.00856385 -0.00869355
2.45 -0.0082807 -0.00840162
2.475 -0.0080029 -0.00811532
2.5 -0.00773058 -0.00783479
2.525 -0.00746385 -0.00756015
2.55 -0.00720283 -0.00729151
2.575 -0.00694759 -0.00702895
2.6 -0.00669821 -0.00677254
2.625 -0.00645473 -0.00652233
2.65 -0.00621721 -0.00627836
2.675 -0.00598566 -0.00604065
2.7 -0.0057601 -0.00580922
2.725 -0.00554053 -0.00558404
2.75 -0.00532693 -0.00536512
2.775 -0.00511929 -0.00515243
2.8 -0.00491757 -0.00494591
2.825 -0.00472173 -0.00474554
2.85 -0.00453172 -0.00455125
2.875 -0.00434749 -0.00436298
2.9 -0.00416896 -0.00418065
2.925 -0.00399606 -0.00400419
2.95 -0.00382872 -0.00383351
2.975 -0.00366685 -0.00366853
3 -0.00351037 -0.00350913
3.025 -0.00335917 -0.00335523
3.05 -0.00321317 -0.00320672
3.075 -0.00307227 -0.00306349
3.1 -0.00293635 -0.00292543
3.125 -0.00280531 -0.00279242
3.15 -0.00267905 -0.00266436
3.175 -0.00255746 -0.00254113
3.2 -0.00244042 -0.0024226
3.225 -0.00232783 -0.00230866
3.25 -0.00221956 -0.00219919
3.275 -0.00211552 -0.00209406
3.3 -0.00201557 -0.00199317
3.325 -0.00191962 -0.00189638
3.35 -0.00182754 -0.00180358
3.375 -0.00173923 -0.00171465
3.4 -0.00165458 -0.00162948
3.425 -0.00157346 -0.00154794
3.45 -0.00149578 -0.00146992
3.475 -0.00142142 -0.00139531
3.5 -0.00135028 -0.00132399
3.525 -0.00128225 -0.00125585
3.55 -0.00121723 -0.00119078
3.575 -0.00115511 -0.00112868
3.6 -0.00109579 -0.00106945
3.625 -0.00103918 -0.00101296
3.65 -0.000985175 -0.000959138
3.675 -0.000933681 -0.000907866
3.7 -0.000884605 -0.000859053
3.725 -0.000837855 -0.000812604
3.75 -0.000793343 -0.000768424
3.775 -0.00075098 -0.000726425
3.8 -0.000710683 -0.000686517
3.825 -0.000672368 -0.000648615
3.85 -0.000635954 -0.000612635
3.875 -0.000601362 -0.000578495
3.9 -0.000568517 -0.000546117
3.925 -0.000537344 -0.000515425
3.95 -0.000507771 -0.000486342
3.975 -0.000479727 -0.000458799
4 -0.000453146 -0.000432724
4.025 -0.000427961 -0.00040805
4.05 -0.000404109 -0.000384712
4.075 -0.000381528 -0.000362648
4.1 -0.00036016 -0.000341796
4.125 -0.000339947 -0.000322097
4.15 -0.000320833 -0.000303496
4.175 -0.000302766 -0.000285938
4.2 -0.000285694 -0.00026937
4.225 -0.000269568 -0.000253742
4.25 -0.000254341 -0.000239007
4.275 -0.000239966 -0.000225117
4.3 -0.000226401 -0.000212029
4.325 -0.000213603 -0.0001997
4.35 -0.000201532 -0.000188089
4.375 -0.00019015 -0.000177157
4.4 -0.000179419 -0.000166867
4.425 -0.000169305 -0.000157184
4.45 -0.000159775 -0.000148074
4.475 -0.000150795 -0.000139504
4.5 -0.000142335 -0.000131443
4.525 -0.000134367 -0.000123864
4.55 -0.000126862 -0.000116736
4.575 -0.000119794 -0.000110035
4.6 -0.000113138 -0.000103735
4.625 -0.00010687 -9.78127e-05
4.65 -0.000100967 -9.22447e-05
4.675 -9.54079e-05 -8.701e-05
4.7 -9.01724e-05 -8.20884e-05
4.725 -8.52412e-05 -7.74608e-05
4.75 -8.0596e-05 -7.31092e-05
4.775 -7.62196e-05 -6.90164e-05
4.8 -7.20957e-05 -6.51666e-05
4.825 -6.82091e-05 -6.15444e-05
4.85 -6.45451e-05 -5.81357e-05
4.875 -6.10902e-05 -5.49271e-05
4.9 -5.78315e-05 -5.1906e-05
4.925 -5.4757e-05 -4.90605e-05
4.95 -5.18554e-05 -4.63795e-05
4.975 -4.91159e-05 -4.38528e-05
5 -4.65287e-05 -4.14704e-05
5.025 -4.40842e-05 -3.92234e-05
5.05 -4.17739e-05 -3.71031e-05
5.075 -3.95893e-05 -3.51017e-05
5.1 -3.7523e-05 -3.32116e-05
5.125 -3.55676e-05 -3.14259e-05
5.15 -3.37165e-05 -2.97382e-05
5.175 -3.19634e-05 -2.81425e-05
5.2 -3.03025e-05 -2.6633e-05
5.225 -2.87283e-05 -2.52045e-05
5.25 -2.72357e-05 -2.38523e-05
5.275 -2.582e-05 -2.25717e-05
5.3 -2.44769e-05 -2.13586e-05
5.325 -2.3202e-05 -2.0209e-05
5.35 -2.19918e-05 -1.91192e-05
5.375 -2.08425e-05 -1.80859e-05
5.4 -1.97508e-05 -1.7106e-05
5.425 -1.87137e-05 -1.61764e-05
5.45 -1.77282e-05 -1.52944e-05
5.475 -1.67917e-05 -1.44576e-05
5.5 -1.59016e-05 -1.36635e-05
5.525 -1.50556e-05 -1.29099e-05
5.55 -1.42515e-05 -1.21947e-05
5.575 -1.34872e-05 -1.1516e-05
5.6 -1.27608e-05 -1.0872e-05
5.625 -1.20705e-05 -1.0261e-05
5.65 -1.14146e-05 -9.68138e-06
5.675 -1.07914e-05 -9.13164e-06
5.7 -1.01995e-05 -8.61036e-06
5.725 -9.63742e-06 -8.11623e-06
5.75 -9.1038e-06 -7.64796e-06
5.775 -8.59739e-06 -7.20436e-06
5.8 -8.11694e-06 -6.78431e-06
5.825 -7.66131e-06 -6.38671e-06
5.85 -7.2294e-06 -6.01054e-06
5.875 -6.82014e-06 -5.65483e-06
5.9 -6.43254e-06 -5.31862e-06
5.925 -6.06563e-06 -5.00104e-06
5.95 -5.71848e-06 -4.70121e-06
5.975 -5.39021e-06 -4.41832e-06
6 -5.07997e-06 -4.15157e-06
6.025 -4.78693e-06 -3.90021e-06
6.05 -4.51031e-06 -3.6635e-06
6.075 -4.24934e-06 -3.44074e-06
6.1 -4.0033e-06 -3.23126e-06
6.125 -3.77147e-06 -3.03439e-06
6.15 -3.55317e-06 -2.84952e-06
6.175 -3.34775e-06 -2.67603e-06
6.2 -3.15456e-06 -2.51334e-06
6.225 -2.97299e-06 -2.36089e-06
6.25 -2.80246e-06 -2.21813e-06
6.275 -2.64237e-06 -2.08454e-06
6.3 -2.4922e-06 -1.95961e-06
6.325 -2.35139e-06 -1.84287e-06
6.35 -2.21944e-06 -1.73384e-06
6.375 -2.09586e-06 -1.63208e-06
6.4 -1.98016e-06 -1.53716e-06
6.425 -1.8719e-06 -1.44865e-06
6.45 -1.77062e-06 -1.36617e-06
6.475 -1.6759e-06 -1.28933e-06
6.5 -1.58735e-06 -1.21777e-06
6.525 -1.50457e-06 -1.15115e-06
6.55 -1.4272e-06 -1.08912e-06
6.575 -1.35486e-06 -1.03138e-06
6.6 -1.28724e-06 -9.77622e-07
6.625 -1.22399e-06 -9.27558e-07
6.65 -1.16483e-06 -8.80917e-07
6.675 -1.10944e-06 -8.37442e-07
6.7 -1.05757e-06 -7.96889e-07
6.725 -1.00894e-06 -7.59028e-07
6.75 -9.63313e-07 -7.23644e-07
6.775 -9.20452e-07 -6.90532e-07
6.8 -8.80139e-07 -6.59503e-07
6.825 -8.42169e-07 -6.30379e-07
6.85 -8.06351e-07 -6.02993e-07
6.875 -7.72507e-07 -5.77193e-07
6.9 -7.40471e-07 -5.52835e-07
6.925 -7.10089e-07 -5.29789e-07
6.95 -6.8122e-07 -5.07933e-07
6.975 -6.53732e-07 -4.87156e-07
7 -6.27508e-07 -4.67359e-07
7.025 -6.02437e-07 -4.4845e-07
7.05 -5.78421e-07 -4.30346e-07
7.075 -5.55371e-07 -4.12974e-07
7.1 -5.33206e-07 -3.96266e-07
7.125 -5.11854e-07 -3.80166e-07
7.15 -4.91251e-07 -3.64621e-07
7.175 -4.71341e-07 -3.49587e-07
7.2 -4.52075e-07 -3.35024e-07
7.225 -4.33409e-07 -3.209e-07
7.25 -4.15307e-07 -3.07186e-07
7.275 -3.97736e-07 -2.93859e-07
7.3 -3.8067e-07 -2.809e-07
7.325 -3.64087e-07 -2.68292e-07
7.35 -3.47968e-07 -2.56024e-07
7.375 -3.32297e-07 -2.44086e-07
7.4 -3.17064e-07 -2.32471e-07
7.425 -3.02259e-07 -2.21175e-07
7.45 -2.87875e-07 -2.10193e-07
7.475 -2.73906e-07 -1.99525e-07
7.5 -2.60349e-07 -1.8917e-07
7.525 -2.47202e-07 -1.79127e-07
7.55 -2.34462e-07 -1.69398e-07
7.575 -2.22129e-07 -1.59983e-07
7.6 -2.10202e-07 -1.50885e-07
7.625 -1.9868e-07 -1.42102e-07
7.65 -1.87564e-07 -1.33638e-07
7.675 -1.76853e-07 -1.25491e-07
7.7 -1.66544e-07 -1.17663e-07
7.725 -1.56639e-07 -1.10153e-07
7.75 -1.47133e-07 -1.02959e-07
7.775 -1.38026e-07 -9.60809e-08
7.8 -1.29313e-07 -8.95152e-08
7.825 -1.20992e-07 -8.32594e-08
7.85 -1.13057e-07 -7.73098e-08
7.875 -1.05505e-07 -7.16623e-08
7.9 -9.83289e-08 -6.6312e-08
7.925 -9.15227e-08 -6.12534e-08
7.95 -8.50796e-08 -5.64806e-08
7.975 -7.89922e-08 -5.19872e-08
8 -7.32523e-08 -4.77663e-08
8.025 -6.78517e-08 -4.38106e-08
8.05 -6.27813e-08 -4.01125e-08
8.075 -5.80318e-08 -3.66641e-08
8.1 -5.35935e-08 -3.34572e-08
8.125 -4.94564e-08 -3.04835e-08
8.15 -4.56104e-08 -2.77344e-08
8.175 -4.20449e-08 -2.52014e-08
8.2 -3.87492e-08 -2.28756e-08
8.225 -3.57126e-08 -2.07483e-08
8.25 -3.29241e-08 -1.88106e-08
8.275 -3.03727e-08 -1.70538e-08
8.3 -2.80474e-08 -1.54689e-08
8.325 -2.5937e-08 -1.40471e-08
8.35 -2.40304e-08 -1.27798e-08
8.375 -2.23166e-08 -1.16581e-08
8.4 -2.07845e-08 -1.06734e-08
8.425 -1.94231e-08 -9.8171e-09
8.45 -1.82216e-08 -9.08072e-09
8.475 -1.7169e-08 -8.45583e-09
8.5 -1.62547e-08 -7.93411e-09
8.525 -1.54682e-08 -7.50735e-09
8.55 -1.4799e-08 -7.16748e-09
8.575 -1.42371e-08 -6.90654e-09
8.6 -1.37723e-08 -6.71674e-09
8.625 -1.33949e-08 -6.59045e-09
8.65 -1.30955e-08 -6.52023e-09
8.675 -1.28647e-08 -6.49883e-09
8.7 -1.26937e-08 -6.51926e-09
8.725 -1.25739e-08 -6.57472e-09
8.75 -1.24971e-08 -6.65873e-09
8.775 -1.24553e-08 -6.76507e-09
8.8 -1.24413e-08 -6.88784e-09
8.825 -1.24478e-08 -7.02148e-09
8.85 -1.24684e-08 -7.16078e-09
8.875 -1.2497e-08 -7.30089e-09
8.9 -1.2528e-08 -7.43738e-09
8.925 -1.25563e-08 -7.5662e-09
8.95 -1.25771e-08 -7.68373e-09
8.975 -1.25866e-08 -7.78676e-09
9 -1.2581e-08 -7.87254e-09
9.025 -1.25573e-08 -7.93873e-09
9.05 -1.2513e-08 -7.98342e-09
9.075 -1.2446e-08 -8.00515e-09
9.1 -1.23549e-08 -8.00286e-09
9.125 -1.22384e-08 -7.97589e-09
9.15 -1.2096e-08 -7.92397e-09
9.175 -1.19274e-08 -7.8472e-09
9.2 -1.17329e-08 -7.74602e-09
9.225 -1.15131e-08 -7.62118e-09
9.25 -1.12687e-08 -7.47371e-09
9.275 -1.10011e-08 -7.3049e-09
9.3 -1.07117e-08 -7.11626e-09
9.325 -1.04022e-08 -6.90949e-09
9.35 -1.00745e-08 -6.68642e-09
9.375 -9.73054e-09 -6.44901e-09
9.4 -9.37254e-09 -6.1993e-09
9.425 -9.00271e-09 -5.93938e-09
9.45 -8.62329e-09 -5.67132e-09
9.475 -8.23656e-09 -5.39722e-09
9.5 -7.84474e-09 -5.11909e-09
9.525 -7.45003e-09 -4.83889e-09
9.55 -7.05451e-09 -4.55849e-09
9.575 -6.6602e-09 -4.27961e-09
9.6 -6.26896e-09 -4.00387e-09
9.625 -5.88253e-09 -3.73272e-09
9.65 -5.50249e-09 -3.46746e-09
9.675 -5.13028e-09 -3.20923e-09
9.7 -4.76715e-09 -2.95899e-09
9.725 -4.41418e-09 -2.71753e-09
9.75 -4.07231e-09 -2.48549e-09
9.775 -3.74227e-09 -2.26334e-09
9.8 -3.42467e-09 -2.0514e-09
9.825 -3.11995e-09 -1.84983e-09
9.85 -2.82842e-09 -1.65869e-09
9.875 -2.55025e-09 -1.47792e-09
9.9 -2.2855e-09 -1.30733e-09
9.925 -2.03413e-09 -1.14669e-09
9.95 -1.79601e-09 -9.95654e-10
9.975 -1.57094e-09 -8.53865e-10
10 -1.35867e-09 -7.20906e-10
10.025 -1.15888e-09 -5.96345e-10
10.05 -9.71253e-10 -4.79744e-10
10.075 -7.95435e-10 -3.70669e-10
10.1 -6.31069e-10 -2.68703e-10
10.125 -4.77804e-10 -1.7346e-10
10.15 -3.35299e-10 -8.45858e-11
10.175 -2.03233e-10 -1.77124e-12
10.2 -8.13059e-11 7.52474e-11
10.225 3.07535e-11 1.46684e-10
10.25 1.33189e-10 2.12703e-10
10.275 2.26214e-10 2.73419e-10
10.3 3.10018e-10 3.289e-10
10.325 3.84762e-10 3.79173e-10
10.35 4.50589e-10 4.24225e-10
10.375 5.07625e-10 4.64017e-10
10.4 5.55986e-10 4.98484e-10
10.425 5.95783e-10 5.27548e-10
10.45 6.27133e-10 5.51122e-10
10.475 6.50157e-10 5.69126e-10
10.5 6.64997e-10 5.81487e-10
10.525 6.71814e-10 5.88155e-10
10.55 6.70801e-10 5.89104e-10
10.575 6.62182e-10 5.84346e-10
10.6 6.4622e-10 5.73932e-10
10.625 6.23221e-10 5.57959e-10
10.65 5.93535e-10 5.36576e-10
10.675 5.57559e-10 5.09983e-10
10.7 5.15735e-10 4.78436e-10
10.725 4.68554e-10 4.42246e-10
10.75 4.16546e-10 4.01778e-10
10.775 3.60287e-10 3.57446e-10
10.8 3.00385e-10 3.09714e-10
10.825 2.37482e-10 2.59089e-10
10.85 1.72243e-10 2.06115e-10
10.875 1.05355e-10 1.51364e-10
10.9 3.75105e-11 9.54329e-11
10.925 -3.05905e-11 3.8932e-11
10.95 -9.82557e-11 -1.75223e-11
10.975 -1.64806e-10 -7.33167e-11
11 -2.29585e-10 -1.2785e-10
11.025 -2.91966e-10 -1.80542e-10
11.05 -3.51361e-10 -2.30842e-10
11.075 -4.07227e-10 -2.78235e-10
11.1 -4.59074e-10 -3.22253e-10
11.125 -5.06471e-10 -3.62479e-10
11.15 -5.49047e-10 -3.98553e-10
11.175 -5.86502e-10 -4.30177e-10
11.2 -6.18603e-10 -4.57119e-10
11.225 -6.45192e-10 -4.79216e-10
11.25 -6.66182e-10 -4.96374e-10
11.275 -6.81558e-10 -5.0857e-10
11.3 -6.91379e-10 -5.15849e-10
11.325 -6.9577e-10 -5.18324e-10
11.35 -6.9492e-10 -5.16172e-10
11.375 -6.89082e-10 -5.0963e-10
11.4 -6.78561e-10 -4.98989e-10
11.425 -6.63713e-10 -4.84588e-10
11.45 -6.44934e-10 -4.6681e-10
11.475 -6.22657e-10 -4.4607e-10
11.5 -5.9734e-10 -4.22812e-10
11.525 -5.69463e-10 -3.97499e-10
11.55 -5.39515e-10 -3.70606e-10
11.575 -5.0799e-10 -3.42608e-10
11.6 -4.75376e-10 -3.13978e-10
11.625 -4.42152e-10 -2.85176e-10
11.65 -4.08776e-10 -2.56642e-10
11.675 -3.75681e-10 -2.28789e-10
11.7 -3.43269e-10 -2.01998e-10
11.725 -3.11907e-10 -1.76614e-10
11.75 -2.81919e-10 -1.52937e-10
11.775 -2.53588e-10 -1.31223e-10
11.8 -2.27148e-10 -1.1168e-10
11.825 -2.02786e-10 -9.44648e-11
11.85 -1.80638e-10 -7.96837e-11
11.875 -1.60793e-10 -6.7392e-11
11.9 -1.43291e-10 -5.75953e-11
11.925 -1.28124e-10 -5.02509e-11
11.95 -1.15242e-10 -4.52712e-11
11.975 -1.04554e-10 -4.25264e-11
12 -9.5932e-11 -4.18492e-11
12.025 -8.92141e-11 -4.30389e-11
12.05 -8.42117e-11 -4.58668e-11
12.075 -8.07132e-11 -5.00814e-11
12.1 -7.84897e-11 -5.54143e-11
12.125 -7.72999e-11 -6.1586e-11
12.15 -7.68963e-11 -6.83116e-11
12.175 -7.70301e-11 -7.53064e-11
12.2 -7.74565e-11 -8.22922e-11
12.225 -7.79398e-11 -8.90016e-11
12.25 -7.82579e-11 -9.51838e-11
12.275 -7.82064e-11 -1.00609e-10
12.3 -7.76024e-11 -1.0507e-10
12.325 -7.62877e-11 -1.08392e-10
12.35 -7.41312e-11 -1.10426e-10
12.375 -7.10311e-11 -1.11059e-10
12.4 -6.69161e-11 -1.10213e-10
12.425 -6.17459e-11 -1.07843e-10
12.45 -5.55118e-11 -1.03941e-10
12.475 -4.82358e-11 -9.85319e-11
12.5 -3.99694e-11 -9.16758e-11
12.525 -3.07922e-11 -8.34639e-11
12.55 -2.08097e-11 -7.40167e-11
12.575 -1.01505e-11 -6.3481e-11
12.6 1.03668e-12 -5.20272e-11
12.625 1.25862e-11 -3.98451e-11
12.65 2.4319e-11 -2.714e-11
12.675 3.60469e-11 -1.41291e-11
12.7 4.75757e-11 -1.03659e-12
12.725 5.87097e-11 1.19102e-11
12.75 6.92553e-11 2.44851e-11
12.775 7.9025e-11 3.64678e-11
12.8 8.78407e-11 4.76469e-11
12.825 9.55373e-11 5.78247e-11
12.85 1.01966e-10 6.68198e-11
12.875 1.06996e-10 7.44707e-11
12.9 1.10518e-10 8.06385e-11
12.925 1.12447e-10 8.52088e-11
12.95 1.1272e-10 8.80939e-11
12.975 1.11303e-10 8.92337e-11
13 1.08185e-10 8.8597e-11
13.025 1.03385e-10 8.61814e-11
13.05 9.69443e-11 8.20132e-11
13.075 8.89325e-11 7.61467e-11
13.1 7.9442e-11 6.86633e-11
13.125 6.85883e-11 5.96696e-11
13.15 5.65074e-11 4.92954e-11
13.175 4.33536e-11 3.76918e-11
13.2 2.92974e-11 2.50279e-11
13.225 1.45221e-11 1.14885e-11
13.25 -7.78813e-13 -2.72933e-12
13.275 -1.64047e-11 -1.74195e-11
13.3 -3.21511e-11 -3.237e-11
13.325 -4.78126e-11 -4.73669e-11
13.35 -6.31865e-11 -6.2197e-11
13.375 -7.80751e-11 -7.66515e-11
13.4 -9.22893e-11 -9.05293e-11
13.425 -1.05651e-10 -1.0364e-10
13.45 -1.17997e-10 -1.15806e-10
13.475 -1.29177e-10 -1.26866e-10
13.5 -1.39062e-10 -1.36676e-10
13.525 -1.4754e-10 -1.45115e-10
13.55 -1.54523e-10 -1.52079e-10
13.575 -1.59942e-10 -1.57491e-10
13.6 -1.63753e-10 -1.61294e-10
13.625 -1.65933e-10 -1.6346e-10
13.65 -1.66484e-10 -1.6398e-10
13.675 -1.6543e-10 -1.62872e-10
13.7 -1.62816e-10 -1.60177e-10
13.725 -1.5871e-10 -1.55958e-10
13.75 -1.53198e-10 -1.50299e-10
13.775 -1.46384e-10 -1.43303e-10
13.8 -1.38389e-10 -1.35092e-10
13.825 -1.29349e-10 -1.25803e-10
13.85 -1.19411e-10 -1.15584e-10
13.875 -1.08731e-10 -1.04598e-10
13.9 -9.7473e-11 -9.30134e-11
13.925 -8.5807e-11 -8.10048e-11
13.95 -7.39041e-11 -6.87507e-11
13.975 -6.19357e-11 -5.64295e-11
14 -5.00705e-11 -4.42177e-11
14.025 -3.84725e-11 -3.22871e-11
14.05 -2.72986e-11 -2.08028e-11
14.075 -1.66966e-11 -9.92041e-12
14.1 -6.80317e-12 2.15403e-13
14.125 2.25765e-12 9.47318e-12
14.15 1.03761e-11 1.77361e-11
14.175 1.74577e-11 2.49034e-11
14.2 2.34246e-11 3.08914e-11
14.225 2.82161e-11 3.56346e-11
14.25 3.1789e-11 3.90858e-11
14.275 3.41182e-11 4.12171e-11
14.3 3.51964e-11 4.20191e-11
14.325 3.50339e-11 4.15012e-11
14.35 3.3658e-11 3.9691e-11
14.375 3.11125e-11 3.66338e-11
14.4 2.74564e-11 3.23908e-11
14.425 2.27631e-11 2.70391e-11
14.45 1.7119e-11 2.06695e-11
14.475 1.06218e-11 1.33852e-11
14.5 3.3793e-12 5.30026e-12
14.525 -4.49259e-12 -3.46213e-12
14.55 -1.28714e-11 -1.27717e-11
14.575 -2.163e-11 -2.24928e-11
14.6 -3.06383e-11 -3.24866e-11
14.625 -3.97654e-11 -4.26126e-11
14.65 -4.88807e-11 -5.27309e-11
14.675 -5.78566e-11 -6.2704e-11
14.7 -6.65691e-11 -7.23983e-11
14.725 -7.49004e-11 -8.16864e-11
14.75 -8.27393e-11 -9.04478e-11
14.775 -8.99835e-11 -9.85713e-11
14.8 -9.65402e-11 -1.05955e-10
14.825 -1.02327e-10 -1.1251e-10
14.85 -1.07274e-10 -1.18158e-10
14.875 -1.11323e-10 -1.22833e-10
14.9 -1.14427e-10 -1.26485e-10
14.925 -1.16555e-10 -1.29076e-10
14.95 -1.17687e-10 -1.30583e-10
14.975 -1.17818e-10 -1.30997e-10
15 -1.16953e-10 -1.30324e-10
15.025 -1.15114e-10 -1.28582e-10
15.05 -1.12332e-10 -1.25802e-10
15.075 -1.08651e-10 -1.22031e-10
15.1 -1.04124e-10 -1.17323e-10
15.125 -9.88169e-11 -1.11747e-10
15.15 -9.2802e-11 -1.05378e-10
15.175 -8.61603e-11 -9.8304e-11
15.2 -7.89795e-11 -9.06166e-11
15.225 -7.13525e-11 -8.24154e-11
15.25 -6.33766e-11 -7.38044e-11
15.275 -5.51518e-11 -6.48913e-11
15.3 -4.67799e-11 -5.57855e-11
15.325 -3.83629e-11 -4.65975e-11
15.35 -3.00021e-11 -3.7437e-11
15.375 -2.17965e-11 -2.84118e-11
15.4 -1.38421e-11 -1.96266e-11
15.425 -6.23013e-12 -1.11819e-11
15.45 9.53087e-13 -3.17236e-12
15.475 7.62774e-12 4.31346e-12
15.5 1.37211e-11 1.11945e-11
15.525 1.91682e-11 1.73979e-11
15.55 2.39126e-11 2.28597e-11
15.575 2.79069e-11 2.75253e-11
15.6 3.11128e-11 3.135e-11
15.625 3.35019e-11 3.42995e-11
15.65 3.50554e-11 3.63497e-11
15.675 3.57644e-11 3.74872e-11
15.7 3.56298e-11 3.77089e-11
15.725 3.46619e-11 3.70224e-11
15.75 3.28804e-11 3.54448e-11
15.775 3.0314e-11 3.30033e-11
15.8 2.69997e-11 2.97342e-11
15.825 2.29824e-11 2.56824e-11
15.85 1.83143e-11 2.09008e-11
15.875 1.30543e-11 1.54496e-11
15.9 7.26674e-12 9.39565e-12
15.925 1.02136e-12 2.81128e-12
15.95 -5.60806e-12 -4.22627e-12
15.975 -1.25444e-11 -1.16358e-11
16 -1.9708e-11 -1.93333e-11
16.025 -2.70177e-11 -2.72324e-11
16.05 -3.43915e-11 -3.52459e-11
16.075 -4.17476e-11 -4.32861e-11
16.1 -4.90052e-11 -5.12663e-11
16.125 -5.60853e-11 -5.91011e-11
16.15 -6.29114e-11 -6.67075e-11
16.175 -6.94101e-11 -7.40058e-11
16.2 -7.55124e-11 -8.09202e-11
16.225 -8.11535e-11 -8.73795e-11
16.25 -8.62738e-11 -9.33175e-11
16.275 -9.08195e-11 -9.86741e-11
16.3 -9.47428e-11 -1.03395e-10
16.325 -9.80022e-11 -1.07433e-10
16.35 -1.00563e-10 -1.10748e-10
16.375 -1.02398e-10 -1.13307e-10
16.4 -1.03485e-10 -1.15084e-10
16.425 -1.03812e-10 -1.1606e-10
16.45 -1.03372e-10 -1.16226e-10
16.475 -1.02166e-10 -1.15578e-10
16.5 -1.00202e-10 -1.14121e-10
16.525 -9.74934e-11 -1.11865e-10
16.55 -9.4062e-11 -1.08831e-10
16.575 -8.9935e-11 -1.05043e-10
16.6 -8.51454e-11 -1.00533e-10
16.625 -7.9732e-11 -9.5339e-11
16.65 -7.37384e-11 -8.95039e-11
16.675 -6.7213e-11 -8.30764e-11
16.7 -6.02083e-11 -7.61092e-11
16.725 -5.27802e-11 -6.86595e-11
16.75 -4.4988e-11 -6.07876e-11
16.775 -3.68932e-11 -5.2557e-11
16.8 -2.85595e-11 -4.40333e-11
16.825 -2.00519e-11 -3.5284e-11
16.85 -1.14364e-11 -2.63777e-11
16.875 -2.77906e-12 -1.73837e-11
16.9 5.85393e-12 -8.37133e-12
16.925 1.43973e-11 5.90716e-13
16.95 2.27869e-11 9.43465e-12
16.975 3.09603e-11 1.80942e-11
17 3.88571e-11 2.65052e-11
17.025 4.64196e-11 3.46059e-11
17.05 5.35927e-11 4.23373e-11
17.075 6.03249e-11 4.96437e-11
17.1 6.65681e-11 5.6473e-11
17.125 7.22778e-11 6.2777e-11
17.15 7.7414e-11 6.85116e-11
17.175 8.19407e-11 7.3637e-11
17.2 8.58262e-11 7.81179e-11
17.225 8.90436e-11 8.19239e-11
17.25 9.15704e-11 8.50291e-11
17.275 9.3389e-11 8.74126e-11
17.3 9.44863e-11 8.90585e-11
17.325 9.48537e-11 8.99553e-11
17.35 9.44874e-11 9.00968e-11
17.375 9.33882e-11 8.94812e-11
17.4 9.15609e-11 8.81115e-11
17.425 8.90149e-11 8.5995e-11
17.45 8.57633e-11 8.31434e-11
17.475 8.18234e-11 7.95725e-11
17.5 7.7216e-11 7.5302e-11
17.525 7.19653e-11 7.03552e-11
17.55 6.60985e-11 6.47589e-11
17.575 5.96462e-11 5.85429e-11
17.6 5.26411e-11 5.17401e-11
17.625 4.51185e-11 4.43857e-11
17.65 3.7116e-11 3.65173e-11
17.675 2.86725e-11 2.81747e-11
17.7 1.98287e-11 1.9399e-11
17.725 1.06267e-11 1.02329e-11
17.75 1.10911e-12 7.20351e-13
17.775 -8.68049e-12 -9.09416e-12
17.8 -1.86982e-11 -1.91655e-11
17.825 -2.89002e-11 -2.94483e-11
17.85 -3.92424e-11 -3.98972e-11
17.875 -4.96814e-11 -5.04671e-11
17.9 -6.01743e-11 -6.11136e-11
17.925 -7.06791e-11 -7.17927e-11
17.95 -8.11546e-11 -8.24618e-11
17.975 -9.15611e-11 -9.30791e-11
18 -1.0186e-10 -1.03604e-10
18.025 -1.12014e-10 -1.13999e-10
18.05 -1.21989e-10 -1.24225e-10
18.075 -1.31751e-10 -1.34249e-10
18.1 -1.41268e-10 -1.44036e-10
18.125 -1.50511e-10 -1.53555e-10
18.15 -1.59452e-10 -1.62777e-10
18.175 -1.68066e-10 -1.71675e-10
18.2 -1.7633e-10 -1.80224e-10
18.225 -1.84223e-10 -1.88402e-10
18.25 -1.91726e-10 -1.96188e-10
18.275 -1.98823e-10 -2.03565e-10
18.3 -2.055e-10 -2.10518e-10
18.325 -2.11745e-10 -2.17032e-10
18.35 -2.17548e-10 -2.23096e-10
18.375 -2.229e-10 -2.28703e-10
18.4 -2.27798e-10 -2.33845e-10
18.425 -2.32236e-10 -2.38518e-10
18.45 -2.36214e-10 -2.4272e-10
18.475 -2.39731e-10 -2.46449e-10
18.5 -2.42789e-10 -2.49707e-10
18.525 -2.45393e-10 -2.52497e-10
18.55 -2.47547e-10 -2.54825e-10
18.575 -2.49258e-10 -2.56695e-10
18.6 -2.50535e-10 -2.58117e-10
18.625 -2.51386e-10 -2.591e-10
18.65 -2.51824e-10 -2.59654e-10
18.675 -2.51858e-10 -2.5979e-10
18.7 -2.51503e-10 -2.59522e-10
18.725 -2.50771e-10 -2.58863e-10
18.75 -2.49678e-10 -2.57828e-10
18.775 -2.48238e-10 -2.56433e-10
18.8 -2.46466e-10 -2.54692e-10
18.825 -2.44381e-10 -2.52622e-10
18.85 -2.41996e-10 -2.50241e-10
18.875 -2.39331e-10 -2.47566e-10
18.9 -2.36401e-10 -2.44613e-10
18.925 -2.33223e-10 -2.41401e-10
18.95 -2.29816e-10 -2.37948e-10
18.975 -2.26197e-10 -2.34271e-10
19 -2.22382e-10 -2.30388e-10
19.025 -2.18388e-10 -2.26316e-10
19.05 -2.14232e-10 -2.22073e-10
19.075 -2.09931e-10 -2.17676e-10
19.1 -2.05501e-10 -2.13141e-10
19.125 -2.00958e-10 -2.08484e-10
19.15 -1.96316e-10 -2.03723e-10
19.175 -1.91592e-10 -1.98872e-10
19.2 -1.86798e-10 -1.93946e-10
19.225 -1.8195e-10 -1.88959e-10
19.25 -1.7706e-10 -1.83926e-10
19.275 -1.72141e-10 -1.7886e-10
19.3 -1.67206e-10 -1.73774e-10
19.325 -1.62266e-10 -1.68679e-10
19.35 -1.57331e-10 -1.63587e-10
19.375 -1.52413e-10 -1.5851e-10
19.4 -1.47522e-10 -1.53456e-10
19.425 -1.42665e-10 -1.48437e-10
19.45 -1.37853e-10 -1.43461e-10
19.475 -1.33092e-10 -1.38535e-10
19.5 -1.2839e-10 -1.33669e-10
19.525 -1.23754e-10 -1.28869e-10
19.55 -1.1919e-10 -1.24142e-10
19.575 -1.14703e-10 -1.19493e-10
19.6 -1.103e-10 -1.14928e-10
19.625 -1.05983e-10 -1.10451e-10
19.65 -1.01758e-10 -1.06068e-10
19.675 -9.76271e-11 -1.01782e-10
19.7 -9.35941e-11 -9.75951e-11
19.725 -8.96614e-11 -9.35114e-11
19.75 -8.5831e-11 -8.95327e-11
19.775 -8.21048e-11 -8.5661e-11
19.8 -7.84841e-11 -8.18978e-11
19.825 -7.49698e-11 -7.82441e-11
19.85 -7.15625e-11 -7.47007e-11
19.875 -6.82624e-11 -7.1268e-11
19.9 -6.50696e-11 -6.79459e-11
19.925 -6.19838e-11 -6.47342e-11
19.95 -5.90042e-11 -6.16324e-11
19.975 -5.61302e-11 -5.86397e-11
20 -5.33606e-11 -5.5755e-11
