0 9.19458e-05 -8.17552e-05
0.025 9.19458e-05 -8.17552e-05
0.05 0.000183689 -0.00016323
0.075 0.000275027 -0.000244143
0.1 0.00036576 -0.000324219
0.125 0.000455688 -0.000403183
0.15 0.000544613 -0.000480766
0.175 0.00063234 -0.000556703
0.2 0.000718679 -0.000630738
0.225 0.00080344 -0.000702621
0.25 0.00088644 -0.000772112
0.275 0.0009675 -0.000838979
0.3 0.00104644 -0.000903002
0.325 0.0011231 -0.000963971
0.35 0.00119732 -0.00102169
0.375 0.00126893 -0.00107597
0.4 0.00133778 -0.00112665
0.425 0.00140375 -0.00117357
0.45 0.00146667 -0.00121659
0.475 0.00152644 -0.00125557
0.5 0.00158294 -0.00129042
0.525 0.00163604 -0.00132103
0.55 0.00168566 -0.00134733
0.575 0.00173169 -0.00136926
0.6 0.00177406 -0.00138676
0.625 0.00181269 -0.00139981
0.65 0.00184752 -0.0014084
0.675 0.0018785 -0.00141253
0.7 0.00190557 -0.00141222
0.725 0.00192872 -0.00140751
0.75 0.00194791 -0.00139844
0.775 0.00196314 -0.00138509
0.8 0.00197439 -0.00136752
0.825 0.0019817 -0.00134585
0.85 0.00198506 -0.00132017
0.875 0.00198452 -0.00129061
0.9 0.00198012 -0.00125731
0.925 0.0019719 -0.0012204
0.95 0.00195993 -0.00118005
0.975 0.00194428 -0.00113642
1 0.00192503 -0.00108969
1.025 0.00190229 -0.00104003
1.05 0.00187614 -0.000987653
1.075 0.0018467 -0.000932745
1.1 0.0018141 -0.000875511
1.125 0.00177846 -0.000816161
1.15 0.00173992 -0.000754907
1.175 0.00169863 -0.000691964
1.2 0.00165475 -0.000627551
1.225 0.00160843 -0.000561885
1.25 0.00155985 -0.000495185
1.275 0.00150919 -0.000427669
1.3 0.00145662 -0.000359553
1.325 0.00140235 -0.000291051
1.35 0.00134655 -0.000222373
1.375 0.00128944 -0.000153726
1.4 0.00123121 -8.5311e-05
1.425 0.00117208 -1.73232e-05
1.45 0.00111225 5.00477e-05
1.475 0.00105194 0.000116619
1.5 0.000991371 0.000182217
1.525 0.000930749 0.000246675
1.55 0.000870297 0.000309834
1.575 0.000810234 0.000371547
1.6 0.000750777 0.000431675
1.625 0.000692144 0.000490088
1.65 0.000634549 0.000546669
1.675 0.000578205 0.000601309
1.7 0.000523322 0.000653912
1.725 0.000470105 0.000704393
1.75 0.000418756 0.000752675
1.775 0.000369472 0.000798696
1.8 0.000322442 0.000842404
1.825 0.000277852 0.000883758
1.85 0.000235877 0.000922727
1.875 0.000196687 0.000959293
1.9 0.000160443 0.000993447
1.925 0.000127297 0.00102519
1.95 9.739e-05 0.00105454
1.975 7.08549e-05 0.00108151
2 4.78123e-05 0.00110614
2.025 2.8372e-05 0.00112847
2.05 1.26316e-05 0.00114855
2.075 6.76536e-07 0.00116643
2.1 -7.4209e-06 0.00118217
2.125 -1.16016e-05 0.00119586
2.15 -1.18202e-05 0.00120756
2.175 -8.0455e-06 0.00121736
2.2 -2.60787e-07 0.00122535
2.225 1.15359e-05 0.00123161
2.25 2.73316e-05 0.00123625
2.275 4.7098e-05 0.00123936
2.3 7.07915e-05 0.00124103
2.325 9.83529e-05 0.00124138
2.35 0.000129707 0.00124049
2.375 0.000164765 0.00123847
2.4 0.000203419 0.00123542
2.425 0.000245549 0.00123142
2.45 0.000291018 0.00122658
2.475 0.000339673 0.00122098
2.5 0.00039135 0.0012147
2.525 0.000445865 0.00120783
2.55 0.000503024 0.00120043
2.575 0.000562618 0.00119257
2.6 0.000624424 0.0011843
2.625 0.000688207 0.00117569
2.65 0.000753719 0.00116675
2.675 0.000820702 0.00115753
2.7 0.000888886 0.00114805
2.725 0.000957991 0.00113832
2.75 0.00102773 0.00112834
2.775 0.0010978 0.00111809
2.8 0.0011679 0.00110756
2.825 0.00123772 0.00109671
2.85 0.00130695 0.00108549
2.875 0.00137525 0.00107385
2.9 0.0014423 0.00106172
2.925 0.00150779 0.00104902
2.95 0.00157137 0.00103565
2.975 0.00163272 0.00102151
3 0.00169151 0.00100649
3.025 0.00174741 0.000990461
3.05 0.0018001 0.000973286
3.075 0.00184927 0.00095482
3.1 0.00189459 0.000934908
3.125 0.00193577 0.000913388
3.15 0.0019725 0.000890089
3.175 0.00200449 0.000864833
3.2 0.00203147 0.000837437
3.225 0.00205317 0.00080771
3.25 0.00206932 0.000775461
3.275 0.0020797 0.000740492
3.3 0.00208406 0.000702606
3.325 0.0020822 0.000661604
3.35 0.00207393 0.000617285
3.375 0.00205905 0.000569454
3.4 0.00203742 0.000517915
3.425 0.00200889 0.000462476
3.45 0.00197333 0.000402952
3.475 0.00193064 0.000339164
3.5 0.00188074 0.00027094
3.525 0.00182357 0.000198116
3.55 0.00175909 0.000120539
3.575 0.00168728 3.80682e-05
3.6 0.00160814 -4.94261e-05
3.625 0.0015217 -0.00014206
3.65 0.00142801 -0.000239933
3.675 0.00132714 -0.000343132
3.7 0.00121918 -0.000451726
3.725 0.00110425 -0.000565765
3.75 0.000982482 -0.000685282
3.775 0.00085404 -0.00081029
3.8 0.000719101 -0.000940785
3.825 0.000577867 -0.00107674
3.85 0.000430558 -0.0012181
3.875 0.000277416 -0.00136481
3.9 0.000118699 -0.00151677
3.925 -4.53144e-05 -0.00167387
3.95 -0.00021433 -0.00183597
3.975 -0.000388037 -0.00200293
4 -0.000566108 -0.00217456
4.025 -0.000748204 -0.00235066
4.05 -0.000933969 -0.00253102
4.075 -0.00112304 -0.00271539
4.1 -0.00131503 -0.00290351
4.125 -0.00150957 -0.00309511
4.15 -0.00170625 -0.00328988
4.175 -0.00190468 -0.00348752
4.2 -0.00210443 -0.00368767
4.225 -0.00230511 -0.00389001
4.25 -0.0025063 -0.00409416
4.275 -0.00270757 -0.00429975
4.3 -0.00290851 -0.00450639
4.325 -0.0031087 -0.00471368
4.35 -0.00330772 -0.00492122
4.375 -0.00350517 -0.00512858
4.4 -0.00370063 -0.00533536
4.425 -0.00389371 -0.00554111
4.45 -0.004084 -0.00574542
4.475 -0.00427112 -0.00594785
4.5 -0.0044547 -0.00614798
4.525 -0.00463437 -0.00634537
4.55 -0.00480978 -0.0065396
4.575 -0.00498058 -0.00673026
4.6 -0.00514645 -0.00691692
4.625 -0.00530708 -0.0070992
4.65 -0.00546217 -0.00727668
4.675 -0.00561143 -0.007449
4.7 -0.00575461 -0.00761578
4.725 -0.00589146 -0.00777666
4.75 -0.00602174 -0.00793131
4.775 -0.00614527 -0.00807941
4.8 -0.00626183 -0.00822064
4.825 -0.00637127 -0.00835473
4.85 -0.00647343 -0.0084814
4.875 -0.00656819 -0.00860041
4.9 -0.00665543 -0.00871153
4.925 -0.00673507 -0.00881457
4.95 -0.00680703 -0.00890934
4.975 -0.00687127 -0.00899569
5 -0.00692775 -0.00907348
5.025 -0.00697648 -0.00914262
5.05 -0.00701745 -0.009203
5.075 -0.00705069 -0.00925458
5.1 -0.00707627 -0.00929731
5.125 -0.00709423 -0.00933118
5.15 -0.00710466 -0.00935621
5.175 -0.00710767 -0.00937243
5.2 -0.00710337 -0.00937989
5.225 -0.00709189 -0.00937867
5.25 -0.00707339 -0.00936887
5.275 -0.00704801 -0.00935062
5.3 -0.00701594 -0.00932406
5.325 -0.00697736 -0.00928935
5.35 -0.00693248 -0.00924666
5.375 -0.00688149 -0.00919619
5.4 -0.00682463 -0.00913816
5.425 -0.00676212 -0.00907279
5.45 -0.00669419 -0.00900033
5.475 -0.00662109 -0.00892103
5.5 -0.00654307 -0.00883516
5.525 -0.00646039 -0.00874299
5.55 -0.0063733 -0.00864481
5.575 -0.00628206 -0.00854093
5.6 -0.00618694 -0.00843163
5.625 -0.00608822 -0.00831724
5.65 -0.00598614 -0.00819805
5.675 -0.00588099 -0.0080744
5.7 -0.00577303 -0.0079466
5.725 -0.00566253 -0.00781496
5.75 -0.00554974 -0.00767981
5.775 -0.00543493 -0.00754147
5.8 -0.00531835 -0.00740026
5.825 -0.00520026 -0.00725649
5.85 -0.00508089 -0.00711047
5.875 -0.0049605 -0.00696251
5.9 -0.00483932 -0.00681291
5.925 -0.00471757 -0.00666196
5.95 -0.00459547 -0.00650996
5.975 -0.00447325 -0.00635717
6 -0.0043511 -0.00620387
6.025 -0.00422923 -0.00605033
6.05 -0.00410782 -0.0058968
6.075 -0.00398705 -0.00574352
6.1 -0.00386711 -0.00559072
6.125 -0.00374814 -0.00543863
6.15 -0.00363031 -0.00528746
6.175 -0.00351375 -0.00513741
6.2 -0.00339862 -0.00498867
6.225 -0.00328503 -0.00484141
6.25 -0.00317309 -0.00469581
6.275 -0.00306293 -0.00455203
6.3 -0.00295464 -0.0044102
6.325 -0.0028483 -0.00427047
6.35 -0.00274401 -0.00413295
6.375 -0.00264183 -0.00399775
6.4 -0.00254184 -0.00386498
6.425 -0.00244408 -0.00373473
6.45 -0.00234861 -0.00360708
6.475 -0.00225547 -0.0034821
6.5 -0.00216469 -0.00335984
6.525 -0.0020763 -0.00324037
6.55 -0.00199033 -0.00312372
6.575 -0.00190677 -0.00300994
6.6 -0.00182565 -0.00289903
6.625 -0.00174696 -0.00279103
6.65 -0.0016707 -0.00268593
6.675 -0.00159686 -0.00258376
6.7 -0.00152543 -0.0024845
6.725 -0.00145638 -0.00238813
6.75 -0.00138969 -0.00229466
6.775 -0.00132534 -0.00220405
6.8 -0.0012633 -0.00211628
6.825 -0.00120353 -0.00203133
6.85 -0.00114599 -0.00194914
6.875 -0.00109065 -0.00186969
6.9 -0.00103745 -0.00179294
6.925 -0.000986368 -0.00171882
6.95 -0.000937341 -0.00164731
6.975 -0.000890326 -0.00157835
7 -0.000845271 -0.00151187
7.025 -0.000802127 -0.00144784
7.05 -0.000760842 -0.00138618
7.075 -0.000721361 -0.00132685
7.1 -0.000683632 -0.00126978
7.125 -0.000647602 -0.00121491
7.15 -0.000613215 -0.00116219
7.175 -0.000580419 -0.00111154
7.2 -0.000549159 -0.00106291
7.225 -0.000519382 -0.00101624
7.25 -0.000491034 -0.000971464
7.275 -0.000464063 -0.000928522
7.3 -0.000438416 -0.000887353
7.325 -0.000414044 -0.000847899
7.35 -0.000390895 -0.000810099
7.375 -0.000368919 -0.000773895
7.4 -0.000348069 -0.00073923
7.425 -0.000328297 -0.000706047
7.45 -0.000309557 -0.000674292
7.475 -0.000291803 -0.000643909
7.5 -0.000274992 -0.000614848
7.525 -0.000259081 -0.000587055
7.55 -0.000244029 -0.000560481
7.575 -0.000229796 -0.000535077
7.6 -0.000216343 -0.000510795
7.625 -0.000203632 -0.000487591
7.65 -0.000191627 -0.000465418
7.675 -0.000180294 -0.000444234
7.7 -0.000169598 -0.000423998
7.725 -0.000159508 -0.000404668
7.75 -0.000149993 -0.000386206
7.775 -0.000141023 -0.000368575
7.8 -0.000132569 -0.000351739
7.825 -0.000124604 -0.000335662
7.85 -0.000117102 -0.000320311
7.875 -0.000110038 -0.000305654
7.9 -0.000103388 -0.000291661
7.925 -9.71297e-05 -0.000278301
7.95 -9.12412e-05 -0.000265547
7.975 -8.5702e-05 -0.000253371
8 -8.04925e-05 -0.000241746
8.025 -7.55939e-05 -0.000230649
8.05 -7.09887e-05 -0.000220055
8.075 -6.66599e-05 -0.000209942
8.1 -6.25917e-05 -0.000200287
8.125 -5.8769e-05 -0.00019107
8.15 -5.51774e-05 -0.000182271
8.175 -5.18035e-05 -0.000173871
8.2 -4.86344e-05 -0.000165852
8.225 -4.56579e-05 -0.000158196
8.25 -4.28628e-05 -0.000150887
8.275 -4.02381e-05 -0.00014391
8.3 -3.77737e-05 -0.000137248
8.325 -3.54599e-05 -0.000130888
8.35 -3.32877e-05 -0.000124817
8.375 -3.12485e-05 -0.000119021
8.4 -2.93343e-05 -0.000113487
8.425 -2.75375e-05 -0.000108204
8.45 -2.58509e-05 -0.000103162
8.475 -2.42679e-05 -9.83475e-05
8.5 -2.27821e-05 -9.37521e-05
8.525 -2.13876e-05 -8.93655e-05
8.55 -2.00788e-05 -8.51786e-05
8.575 -1.88504e-05 -8.11822e-05
8.6 -1.76976e-05 -7.73681e-05
8.625 -1.66156e-05 -7.3728e-05
8.65 -1.56001e-05 -7.02543e-05
8.675 -1.4647e-05 -6.69397e-05
8.7 -1.37526e-05 -6.3777e-05
8.725 -1.29131e-05 -6.07595e-05
8.75 -1.21252e-05 -5.78809e-05
8.775 -1.13857e-05 -5.5135e-05
8.8 -1.06917e-05 -5.25161e-05
8.825 -1.00403e-05 -5.00184e-05
8.85 -9.4289e-06 -4.76366e-05
8.875 -8.85507e-06 -4.53658e-05
8.9 -8.31647e-06 -4.32008e-05
8.925 -7.81093e-06 -4.11372e-05
8.95 -7.33642e-06 -3.91704e-05
8.975 -6.89103e-06 -3.72961e-05
9 -6.47296e-06 -3.55103e-05
9.025 -6.08052e-06 -3.3809e-05
9.05 -5.71215e-06 -3.21885e-05
9.075 -5.36636e-06 -3.06451e-05
9.1 -5.04175e-06 -2.91756e-05
9.125 -4.73703e-06 -2.77764e-05
9.15 -4.45096e-06 -2.64446e-05
9.175 -4.1824e-06 -2.5177e-05
9.2 -3.93028e-06 -2.39707e-05
9.225 -3.69357e-06 -2.28231e-05
9.25 -3.47134e-06 -2.17313e-05
9.275 -3.26268e-06 -2.06929e-05
9.3 -3.06677e-06 -1.97054e-05
9.325 -2.88282e-06 -1.87665e-05
9.35 -2.71008e-06 -1.78738e-05
9.375 -2.54788e-06 -1.70253e-05
9.4 -2.39556e-06 -1.62189e-05
9.425 -2.25252e-06 -1.54526e-05
9.45 -2.11819e-06 -1.47245e-05
9.475 -1.99202e-06 -1.40327e-05
9.5 -1.87352e-06 -1.33756e-05
9.525 -1.76221e-06 -1.27515e-05
9.55 -1.65766e-06 -1.21587e-05
9.575 -1.55945e-06 -1.15957e-05
9.6 -1.46718e-06 -1.10611e-05
9.625 -1.38051e-06 -1.05535e-05
9.65 -1.29907e-06 -1.00715e-05
9.675 -1.22255e-06 -9.61377e-06
9.7 -1.15066e-06 -9.17918e-06
9.725 -1.0831e-06 -8.76652e-06
9.75 -1.01961e-06 -8.37466e-06
9.775 -9.59946e-07 -8.00253e-06
9.8 -9.0387e-07 -7.64912e-06
9.825 -8.51163e-07 -7.31344e-06
9.85 -8.01619e-07 -6.99457e-06
9.875 -7.55046e-07 -6.69161e-06
9.9 -7.11263e-07 -6.40372e-06
9.925 -6.70099e-07 -6.13009e-06
9.95 -6.31394e-07 -5.86997e-06
9.975 -5.95e-07 -5.62261e-06
10 -5.60774e-07 -5.38733e-06
10.025 -5.28584e-07 -5.16347e-06
10.05 -4.98307e-07 -4.9504e-06
10.075 -4.69826e-07 -4.74753e-06
10.1 -4.43031e-07 -4.55429e-06
10.125 -4.17819e-07 -4.37016e-06
10.15 -3.94094e-07 -4.19463e-06
10.175 -3.71765e-07 -4.02722e-06
10.2 -3.50746e-07 -3.86748e-06
10.225 -3.30958e-07 -3.71499e-06
10.25 -3.12324e-07 -3.56934e-06
10.275 -2.94775e-07 -3.43015e-06
10.3 -2.78244e-07 -3.29706e-06
10.325 -2.62668e-07 -3.16975e-06
10.35 -2.4799e-07 -3.04788e-06
10.375 -2.34153e-07 -2.93117e-06
10.4 -2.21106e-07 -2.81933e-06
10.425 -2.08802e-07 -2.71209e-06
10.45 -1.97194e-07 -2.60923e-06
10.475 -1.8624e-07 -2.51049e-06
10.5 -1.75901e-07 -2.41566e-06
10.525 -1.66138e-07 -2.32455e-06
10.55 -1.56917e-07 -2.23696e-06
10.575 -1.48204e-07 -2.15271e-06
10.6 -1.3997e-07 -2.07164e-06
10.625 -1.32186e-07 -1.9936e-06
10.65 -1.24824e-07 -1.91842e-06
10.675 -1.17861e-07 -1.84599e-06
10.7 -1.11272e-07 -1.77618e-06
10.725 -1.05035e-07 -1.70886e-06
10.75 -9.91305e-08 -1.64393e-06
10.775 -9.35394e-08 -1.58128e-06
10.8 -8.82437e-08 -1.52082e-06
10.825 -8.32271e-08 -1.46246e-06
10.85 -7.84741e-08 -1.40611e-06
10.875 -7.39702e-08 -1.35169e-06
10.9 -6.97022e-08 -1.29914e-06
10.925 -6.56575e-08 -1.24838e-06
10.95 -6.18245e-08 -1.19934e-06
10.975 -5.81922e-08 -1.15197e-06
11 -5.47505e-08 -1.10622e-06
11.025 -5.14899e-08 -1.06201e-06
11.05 -4.84014e-08 -1.01931e-06
11.075 -4.54767e-08 -9.78069e-07
11.1 -4.27078e-08 -9.38236e-07
11.125 -4.00875e-08 -8.99768e-07
11.15 -3.76088e-08 -8.62626e-07
11.175 -3.5265e-08 -8.2677e-07
11.2 -3.305e-08 -7.92161e-07
11.225 -3.09577e-08 -7.58763e-07
11.25 -2.89827e-08 -7.26541e-07
11.275 -2.71195e-08 -6.95462e-07
11.3 -2.53631e-08 -6.65492e-07
11.325 -2.37085e-08 -6.36601e-07
11.35 -2.2151e-08 -6.08758e-07
11.375 -2.06861e-08 -5.81933e-07
11.4 -1.93095e-08 -5.56097e-07
11.425 -1.80169e-08 -5.31222e-07
11.45 -1.68043e-08 -5.0728e-07
11.475 -1.56678e-08 -4.84245e-07
11.5 -1.46035e-08 -4.62091e-07
11.525 -1.36078e-08 -4.4079e-07
11.55 -1.26772e-08 -4.20319e-07
11.575 -1.1808e-08 -4.00652e-07
11.6 -1.09971e-08 -3.81766e-07
11.625 -1.02411e-08 -3.63635e-07
11.65 -9.53683e-09 -3.46237e-07
11.675 -8.88134e-09 -3.29549e-07
11.7 -8.27162e-09 -3.13549e-07
11.725 -7.70485e-09 -2.98213e-07
11.75 -7.17826e-09 -2.8352e-07
11.775 -6.68923e-09 -2.6945e-07
11.8 -6.23521e-09 -2.55981e-07
11.825 -5.81377e-09 -2.43093e-07
11.85 -5.42258e-09 -2.30765e-07
11.875 -5.05942e-09 -2.18979e-07
11.9 -4.72218e-09 -2.07715e-07
11.925 -4.40884e-09 -1.96954e-07
11.95 -4.11752e-09 -1.86678e-07
11.975 -3.84641e-09 -1.7687e-07
12 -3.59383e-09 -1.67512e-07
12.025 -3.3582e-09 -1.58588e-07
12.05 -3.13804e-09 -1.50081e-07
12.075 -2.93197e-09 -1.41974e-07
12.1 -2.73872e-09 -1.34254e-07
12.125 -2.55712e-09 -1.26904e-07
12.15 -2.38609e-09 -1.1991e-07
12.175 -2.22463e-09 -1.13259e-07
12.2 -2.07184e-09 -1.06936e-07
12.225 -1.92692e-09 -1.00929e-07
12.25 -1.78914e-09 -9.52254e-08
12.275 -1.65783e-09 -8.98123e-08
12.3 -1.53242e-09 -8.46782e-08
12.325 -1.4124e-09 -7.98119e-08
12.35 -1.29733e-09 -7.52024e-08
12.375 -1.18681e-09 -7.08393e-08
12.4 -1.08052e-09 -6.67124e-08
12.425 -9.78186e-10 -6.28121e-08
12.45 -8.79568e-10 -5.91288e-08
12.475 -7.8448e-10 -5.56538e-08
12.5 -6.9277e-10 -5.23783e-08
12.525 -6.04322e-10 -4.92939e-08
12.55 -5.19047e-10 -4.63926e-08
12.575 -4.3688e-10 -4.36666e-08
12.6 -3.57782e-10 -4.11085e-08
12.625 -2.81727e-10 -3.8711e-08
12.65 -2.08707e-10 -3.64671e-08
12.675 -1.38722e-10 -3.43701e-08
12.7 -7.1782e-11 -3.24132e-08
12.725 -7.90196e-12 -3.05902e-08
12.75 5.29009e-11 -2.88948e-08
12.775 1.10609e-10 -2.73208e-08
12.8 1.65206e-10 -2.58624e-08
12.825 2.16681e-10 -2.45137e-08
12.85 2.65026e-10 -2.32689e-08
12.875 3.10241e-10 -2.21224e-08
12.9 3.52335e-10 -2.10687e-08
12.925 3.91324e-10 -2.01023e-08
12.95 4.27235e-10 -1.92177e-08
12.975 4.60106e-10 -1.84096e-08
13 4.89984e-10 -1.76727e-08
13.025 5.16929e-10 -1.70017e-08
13.05 5.41012e-10 -1.63914e-08
13.075 5.62315e-10 -1.58365e-08
13.1 5.80931e-10 -1.5332e-08
13.125 5.96966e-10 -1.48726e-08
13.15 6.10533e-10 -1.44532e-08
13.175 6.2176e-10 -1.4069e-08
13.2 6.3078e-10 -1.37147e-08
13.225 6.37738e-10 -1.33854e-08
13.25 6.42787e-10 -1.30763e-08
13.275 6.46088e-10 -1.27825e-08
13.3 6.47808e-10 -1.24992e-08
13.325 6.48122e-10 -1.22217e-08
13.35 6.47208e-10 -1.19454e-08
13.375 6.45252e-10 -1.16658e-08
13.4 6.42442e-10 -1.13784e-08
13.425 6.38968e-10 -1.10791e-08
13.45 6.35024e-10 -1.07636e-08
13.475 6.30805e-10 -1.0428e-08
13.5 6.26506e-10 -1.00684e-08
13.525 6.22321e-10 -9.68121e-09
13.55 6.18445e-10 -9.26291e-09
13.575 6.15069e-10 -8.81022e-09
13.6 6.12382e-10 -8.32008e-09
13.625 6.10571e-10 -7.78963e-09
13.65 6.09816e-10 -7.21626e-09
13.675 6.10294e-10 -6.59758e-09
13.7 6.12176e-10 -5.93148e-09
13.725 6.15627e-10 -5.21607e-09
13.75 6.20804e-10 -4.44977e-09
13.775 6.27859e-10 -3.63122e-09
13.8 6.36933e-10 -2.75939e-09
13.825 6.48159e-10 -1.83351e-09
13.85 6.61664e-10 -8.53076e-10
13.875 6.77561e-10 1.82099e-10
13.9 6.95956e-10 1.27193e-09
13.925 7.16943e-10 2.41604e-09
13.95 7.40606e-10 3.61378e-09
13.975 7.67018e-10 4.86421e-09
14 7.96241e-10 6.16612e-09
14.025 8.28323e-10 7.51802e-09
14.05 8.63303e-10 8.91818e-09
14.075 9.01208e-10 1.03646e-08
14.1 9.42049e-10 1.1855e-08
14.125 9.85829e-10 1.3387e-08
14.15 1.03254e-09 1.49578e-08
14.175 1.08215e-09 1.65646e-08
14.2 1.13464e-09 1.82043e-08
14.225 1.18994e-09 1.98735e-08
14.25 1.24801e-09 2.15689e-08
14.275 1.30877e-09 2.32869e-08
14.3 1.37215e-09 2.50237e-08
14.325 1.43804e-09 2.67756e-08
14.35 1.50634e-09 2.85386e-08
14.375 1.57694e-09 3.03086e-08
14.4 1.64971e-09 3.20818e-08
14.425 1.72452e-09 3.38538e-08
14.45 1.80122e-09 3.56207e-08
14.475 1.87966e-09 3.73783e-08
14.5 1.95968e-09 3.91223e-08
14.525 2.04112e-09 4.08489e-08
14.55 2.12379e-09 4.25539e-08
14.575 2.20752e-09 4.42332e-08
14.6 2.29212e-09 4.58831e-08
14.625 2.3774e-09 4.74997e-08
14.65 2.46316e-09 4.90792e-08
14.675 2.54921e-09 5.06181e-08
14.7 2.63534e-09 5.2113e-08
14.725 2.72136e-09 5.35604e-08
14.75 2.80705e-09 5.49574e-08
14.775 2.89222e-09 5.63009e-08
14.8 2.97666e-09 5.75881e-08
14.825 3.06017e-09 5.88163e-08
14.85 3.14254e-09 5.99832e-08
14.875 3.22359e-09 6.10866e-08
14.9 3.30311e-09 6.21245e-08
14.925 3.38092e-09 6.30949e-08
14.95 3.45683e-09 6.39964e-08
14.975 3.53066e-09 6.48276e-08
15 3.60224e-09 6.55873e-08
15.025 3.67141e-09 6.62746e-08
15.05 3.73799e-09 6.68887e-08
15.075 3.80185e-09 6.74292e-08
15.1 3.86283e-09 6.78957e-08
15.125 3.92081e-09 6.82882e-08
15.15 3.97565e-09 6.86068e-08
15.175 4.02724e-09 6.88518e-08
15.2 4.07547e-09 6.90237e-08
15.225 4.12025e-09 6.91232e-08
15.25 4.16149e-09 6.91512e-08
15.275 4.19911e-09 6.91087e-08
15.3 4.23304e-09 6.8997e-08
15.325 4.26324e-09 6.88175e-08
15.35 4.28965e-09 6.85716e-08
15.375 4.31225e-09 6.82611e-08
15.4 4.331e-09 6.78877e-08
15.425 4.3459e-09 6.74533e-08
15.45 4.35694e-09 6.69601e-08
15.475 4.36413e-09 6.641e-08
15.5 4.36749e-09 6.58053e-08
15.525 4.36704e-09 6.51484e-08
15.55 4.36282e-09 6.44415e-08
15.575 4.35487e-09 6.36872e-08
15.6 4.34326e-09 6.28878e-08
15.625 4.32803e-09 6.2046e-08
15.65 4.30927e-09 6.11642e-08
15.675 4.28704e-09 6.0245e-08
15.7 4.26144e-09 5.9291e-08
15.725 4.23255e-09 5.83049e-08
15.75 4.20048e-09 5.72892e-08
15.775 4.16533e-09 5.62464e-08
15.8 4.12721e-09 5.51792e-08
15.825 4.08622e-09 5.409e-08
15.85 4.0425e-09 5.29814e-08
15.875 3.99616e-09 5.18558e-08
15.9 3.94732e-09 5.07156e-08
15.925 3.89613e-09 4.95632e-08
15.95 3.8427e-09 4.84009e-08
15.975 3.78717e-09 4.72309e-08
16 3.72967e-09 4.60554e-08
16.025 3.67035e-09 4.48765e-08
16.05 3.60933e-09 4.36962e-08
16.075 3.54675e-09 4.25165e-08
16.1 3.48275e-09 4.13393e-08
16.125 3.41746e-09 4.01663e-08
16.15 3.35102e-09 3.89993e-08
16.175 3.28356e-09 3.78399e-08
16.2 3.21521e-09 3.66896e-08
16.225 3.14609e-09 3.55499e-08
16.25 3.07634e-09 3.44222e-08
16.275 3.00608e-09 3.33077e-08
16.3 2.93542e-09 3.22077e-08
16.325 2.86449e-09 3.11232e-08
16.35 2.7934e-09 3.00552e-08
16.375 2.72226e-09 2.90048e-08
16.4 2.65118e-09 2.79728e-08
16.425 2.58026e-09 2.69599e-08
16.45 2.50959e-09 2.59669e-08
16.475 2.43927e-09 2.49944e-08
16.5 2.3694e-09 2.40429e-08
16.525 2.30005e-09 2.31129e-08
16.55 2.23131e-09 2.22048e-08
16.575 2.16325e-09 2.1319e-08
16.6 2.09595e-09 2.04556e-08
16.625 2.02948e-09 1.96151e-08
16.65 1.96389e-09 1.87974e-08
16.675 1.89925e-09 1.80026e-08
16.7 1.83561e-09 1.72309e-08
16.725 1.77301e-09 1.64822e-08
16.75 1.71151e-09 1.57565e-08
16.775 1.65115e-09 1.50536e-08
16.8 1.59196e-09 1.43733e-08
16.825 1.53398e-09 1.37156e-08
16.85 1.47723e-09 1.30802e-08
16.875 1.42174e-09 1.24668e-08
16.9 1.36753e-09 1.18751e-08
16.925 1.31462e-09 1.13048e-08
16.95 1.26302e-09 1.07556e-08
16.975 1.21275e-09 1.02271e-08
17 1.16381e-09 9.71884e-09
17.025 1.11621e-09 9.23051e-09
17.05 1.06994e-09 8.76164e-09
17.075 1.02502e-09 8.31179e-09
17.1 9.81422e-10 7.88051e-09
17.125 9.39157e-10 7.46732e-09
17.15 8.9821e-10 7.07176e-09
17.175 8.58573e-10 6.69334e-09
17.2 8.20232e-10 6.33157e-09
17.225 7.83173e-10 5.98597e-09
17.25 7.4738e-10 5.65604e-09
17.275 7.12835e-10 5.34129e-09
17.3 6.79519e-10 5.04122e-09
17.325 6.47411e-10 4.75535e-09
17.35 6.1649e-10 4.48319e-09
17.375 5.86732e-10 4.22426e-09
17.4 5.58114e-10 3.97807e-09
17.425 5.30611e-10 3.74415e-09
17.45 5.04199e-10 3.52204e-09
17.475 4.78849e-10 3.31127e-09
17.5 4.54538e-10 3.11141e-09
17.525 4.31236e-10 2.92201e-09
17.55 4.08918e-10 2.74263e-09
17.575 3.87555e-10 2.57285e-09
17.6 3.67119e-10 2.41226e-09
17.625 3.47584e-10 2.26047e-09
17.65 3.28921e-10 2.11707e-09
17.675 3.11103e-10 1.98169e-09
17.7 2.94102e-10 1.85396e-09
17.725 2.7789e-10 1.73353e-09
17.75 2.6244e-10 1.62003e-09
17.775 2.47727e-10 1.51315e-09
17.8 2.33722e-10 1.41256e-09
17.825 2.204e-10 1.31794e-09
17.85 2.07735e-10 1.229e-09
17.875 1.95702e-10 1.14544e-09
17.9 1.84276e-10 1.06698e-09
17.925 1.73433e-10 9.93365e-10
17.95 1.63149e-10 9.24329e-10
17.975 1.534e-10 8.59628e-10
18 1.44165e-10 7.99025e-10
18.025 1.35421e-10 7.42294e-10
18.05 1.27147e-10 6.89219e-10
18.075 1.19321e-10 6.39594e-10
18.1 1.11925e-10 5.93223e-10
18.125 1.04937e-10 5.49916e-10
18.15 9.8339e-11 5.09495e-10
18.175 9.21129e-11 4.71791e-10
18.2 8.62407e-11 4.3664e-10
18.225 8.07053e-11 4.0389e-10
18.25 7.54903e-11 3.73393e-10
18.275 7.05796e-11 3.45012e-10
18.3 6.5958e-11 3.18614e-10
18.325 6.16108e-11 2.94076e-10
18.35 5.75238e-11 2.7128e-10
18.375 5.36835e-11 2.50114e-10
18.4 5.00768e-11 2.30473e-10
18.425 4.66913e-11 2.12257e-10
18.45 4.3515e-11 1.95374e-10
18.475 4.05366e-11 1.79734e-10
18.5 3.77452e-11 1.65255e-10
18.525 3.51303e-11 1.51857e-10
18.55 3.2682e-11 1.39468e-10
18.575 3.03908e-11 1.28018e-10
18.6 2.82478e-11 1.17442e-10
18.625 2.62443e-11 1.07679e-10
18.65 2.43722e-11 9.86716e-11
18.675 2.26237e-11 9.03662e-11
18.7 2.09915e-11 8.27126e-11
18.725 1.94686e-11 7.56637e-11
18.75 1.80483e-11 6.91756e-11
18.775 1.67244e-11 6.32071e-11
18.8 1.54909e-11 5.77198e-11
18.825 1.43422e-11 5.26779e-11
18.85 1.32731e-11 4.80479e-11
18.875 1.22783e-11 4.37988e-11
18.9 1.13533e-11 3.99015e-11
18.925 1.04935e-11 3.63291e-11
18.95 9.69469e-12 3.30563e-11
18.975 8.95291e-12 3.00599e-11
19 8.26441e-12 2.73182e-11
19.025 7.62564e-12 2.4811e-11
19.05 7.0333e-12 2.25197e-11
19.075 6.48426e-12 2.0427e-11
19.1 5.97559e-12 1.85169e-11
19.125 5.50453e-12 1.67744e-11
19.15 5.0685e-12 1.51859e-11
19.175 4.66509e-12 1.37387e-11
19.2 4.29201e-12 1.2421e-11
19.225 3.94714e-12 1.12221e-11
19.25 3.6285e-12 1.01318e-11
19.275 3.33422e-12 9.14111e-12
19.3 3.06255e-12 8.24138e-12
19.325 2.81187e-12 7.42484e-12
19.35 2.58067e-12 6.68428e-12
19.375 2.36751e-12 6.01309e-12
19.4 2.17109e-12 5.40519e-12
19.425 1.99016e-12 4.85498e-12
19.45 1.82357e-12 4.35734e-12
19.475 1.67026e-12 3.90756e-12
19.5 1.52923e-12 3.50133e-12
19.525 1.39954e-12 3.13469e-12
19.55 1.28035e-12 2.80403e-12
19.575 1.17084e-12 2.50605e-12
19.6 1.07027e-12 2.2377e-12
19.625 9.77959e-13 1.99624e-12
19.65 8.93255e-13 1.77914e-12
19.675 8.15566e-13 1.58409e-12
19.7 7.44342e-13 1.409e-12
19.725 6.79073e-13 1.25196e-12
19.75 6.19285e-13 1.11122e-12
19.775 5.64541e-13 9.85197e-13
19.8 5.14436e-13 8.72457e-13
19.825 4.68597e-13 7.71689e-13
19.85 4.26677e-13 6.81705e-13
19.875 3.88357e-13 6.01426e-13
19.9 3.53342e-13 5.29877e-13
19.925 3.21361e-13 4.66171e-13
19.95 2.92163e-13 4.09508e-13
19.975 2.65516e-13 3.59163e-13
20 2.41207e-13 3.14481e-13
