0 -0.000719919 -0.000734116
0.025 -0.000719919 -0.000734116
0.05 -0.00143898 -0.00146737
0.075 -0.00215633 -0.00219891
0.1 -0.00287113 -0.00292786
0.125 -0.00358251 -0.00365339
0.15 -0.00428963 -0.00437464
0.175 -0.00499166 -0.00509075
0.2 -0.00568777 -0.00580091
0.225 -0.00637712 -0.00650427
0.25 -0.00705892 -0.00720001
0.275 -0.00773234 -0.00788732
0.3 -0.00839661 -0.0085654
0.325 -0.00905093 -0.00923346
0.35 -0.00969455 -0.00989073
0.375 -0.0103267 -0.0105364
0.4 -0.0109467 -0.0111698
0.425 -0.0115538 -0.0117902
0.45 -0.0121472 -0.0123969
0.475 -0.0127264 -0.0129891
0.5 -0.0132907 -0.0135662
0.525 -0.0138394 -0.0141276
0.55 -0.0143719 -0.0146726
0.575 -0.0148877 -0.0152006
0.6 -0.0153862 -0.0157111
0.625 -0.0158669 -0.0162036
0.65 -0.0163293 -0.0166775
0.675 -0.0167729 -0.0171323
0.7 -0.0171972 -0.0175676
0.725 -0.017602 -0.0179829
0.75 -0.0179868 -0.018378
0.775 -0.0183512 -0.0187523
0.8 -0.0186951 -0.0191057
0.825 -0.0190181 -0.0194379
0.85 -0.01932 -0.0197485
0.875 -0.0196007 -0.0200374
0.9 -0.0198599 -0.0203045
0.925 -0.0200977 -0.0205497
0.95 -0.0203138 -0.0207727
0.975 -0.0205084 -0.0209737
1 -0.0206814 -0.0211526
1.025 -0.0208328 -0.0213094
1.05 -0.0209627 -0.0214442
1.075 -0.0210714 -0.0215572
1.1 -0.0211589 -0.0216485
1.125 -0.0212255 -0.0217182
1.15 -0.0212713 -0.0217668
1.175 -0.0212968 -0.0217943
1.2 -0.0213022 -0.0218012
1.225 -0.0212878 -0.0217877
1.25 -0.021254 -0.0217543
1.275 -0.0212013 -0.0217014
1.3 -0.0211301 -0.0216295
1.325 -0.0210409 -0.0215389
1.35 -0.0209342 -0.0214303
1.375 -0.0208105 -0.0213042
1.4 -0.0206704 -0.0211611
1.425 -0.0205144 -0.0210015
1.45 -0.0203432 -0.0208263
1.475 -0.0201573 -0.0206358
1.5 -0.0199574 -0.0204309
1.525 -0.0197442 -0.0202122
1.55 -0.0195182 -0.0199803
1.575 -0.0192803 -0.0197359
1.6 -0.019031 -0.0194797
1.625 -0.018771 -0.0192125
1.65 -0.018501 -0.018935
1.675 -0.0182218 -0.0186478
1.7 -0.017934 -0.0183516
1.725 -0.0176382 -0.0180473
1.75 -0.0173353 -0.0177354
1.775 -0.0170258 -0.0174167
1.8 -0.0167105 -0.017092
1.825 -0.0163899 -0.0167618
1.85 -0.0160648 -0.0164268
1.875 -0.0157358 -0.0160878
1.9 -0.0154035 -0.0157454
1.925 -0.0150685 -0.0154002
1.95 -0.0147315 -0.0150528
1.975 -0.014393 -0.0147038
2 -0.0140535 -0.0143538
2.025 -0.0137136 -0.0140035
2.05 -0.0133739 -0.0136532
2.075 -0.0130348 -0.0133036
2.1 -0.0126968 -0.0129551
2.125 -0.0123603 -0.0126082
2.15 -0.0120258 -0.0122634
2.175 -0.0116938 -0.011921
2.2 -0.0113645 -0.0115816
2.225 -0.0110383 -0.0112454
2.25 -0.0107157 -0.0109129
2.275 -0.0103968 -0.0105843
2.3 -0.0100821 -0.01026
2.325 -0.00977168 -0.00994022
2.35 -0.00946592 -0.00962526
2.375 -0.00916501 -0.00931536
2.4 -0.00886916 -0.00901073
2.425 -0.00857855 -0.00871156
2.45 -0.00829335 -0.00841802
2.475 -0.0080137 -0.00813027
2.5 -0.00773974 -0.00784844
2.525 -0.00747156 -0.00757264
2.55 -0.00720927 -0.00730297
2.575 -0.00695293 -0.0070395
2.6 -0.00670261 -0.0067823
2.625 -0.00645834 -0.00653141
2.65 -0.00622015 -0.00628685
2.675 -0.00598807 -0.00604865
2.7 -0.00576209 -0.00581681
2.725 -0.0055422 -0.0055913
2.75 -0.00532838 -0.00537212
2.775 -0.0051206 -0.00515923
2.8 -0.00491882 -0.00495257
2.825 -0.00472298 -0.00475211
2.85 -0.00453304 -0.00455777
2.875 -0.00434891 -0.00436948
2.9 -0.00417054 -0.00418717
2.925 -0.00399783 -0.00401075
2.95 -0.00383071 -0.00384014
2.975 -0.00366908 -0.00367523
3 -0.00351286 -0.00351593
3.025 -0.00336193 -0.00336212
3.05 -0.0032162 -0.00321372
3.075 -0.00307557 -0.00307059
3.1 -0.00293993 -0.00293264
3.125 -0.00280916 -0.00279973
3.15 -0.00268316 -0.00267176
3.175 -0.00256182 -0.00254861
3.2 -0.00244501 -0.00243016
3.225 -0.00233264 -0.00231628
3.25 -0.00222457 -0.00220686
3.275 -0.00212071 -0.00210177
3.3 -0.00202092 -0.0020009
3.325 -0.00192511 -0.00190412
3.35 -0.00183316 -0.00181131
3.375 -0.00174494 -0.00172236
3.4 -0.00166036 -0.00163714
3.425 -0.00157931 -0.00155555
3.45 -0.00150166 -0.00147746
3.475 -0.00142732 -0.00140277
3.5 -0.00135618 -0.00133136
3.525 -0.00128813 -0.00126311
3.55 -0.00122307 -0.00119793
3.575 -0.00116089 -0.0011357
3.6 -0.00110151 -0.00107632
3.625 -0.00104481 -0.00101969
3.65 -0.000990706 -0.000965704
3.675 -0.000939103 -0.000914268
3.7 -0.000889907 -0.000865284
3.725 -0.000843028 -0.000818657
3.75 -0.000798378 -0.000774296
3.775 -0.00075587 -0.000732112
3.8 -0.000715422 -0.000692016
3.825 -0.000676951 -0.000653924
3.85 -0.000640378 -0.000617753
3.875 -0.000605624 -0.000583422
3.9 -0.000572615 -0.000550853
3.925 -0.000541276 -0.00051997
3.95 -0.000511537 -0.0004907
3.975 -0.000483329 -0.00046297
4 -0.000456584 -0.000436712
4.025 -0.000431237 -0.000411859
4.05 -0.000407226 -0.000388345
4.075 -0.000384489 -0.000366108
4.1 -0.000362968 -0.000345089
4.125 -0.000342606 -0.000325227
4.15 -0.000323348 -0.000306468
4.175 -0.000305141 -0.000288757
4.2 -0.000287934 -0.000272041
4.225 -0.000271678 -0.000256272
4.25 -0.000256325 -0.0002414
4.275 -0.000241831 -0.000227379
4.3 -0.000228151 -0.000214166
4.325 -0.000215244 -0.000201717
4.35 -0.00020307 -0.000189991
4.375 -0.00019159 -0.000178951
4.4 -0.000180766 -0.000168558
4.425 -0.000170565 -0.000158776
4.45 -0.000160951 -0.000149573
4.475 -0.000151894 -0.000140915
4.5 -0.000143361 -0.000132772
4.525 -0.000135325 -0.000125114
4.55 -0.000127756 -0.000117913
4.575 -0.000120628 -0.000111142
4.6 -0.000113917 -0.000104777
4.625 -0.000107597 -9.87933e-05
4.65 -0.000101647 -9.3168e-05
4.675 -9.60433e-05 -8.78796e-05
4.7 -9.0767e-05 -8.29078e-05
4.725 -8.57981e-05 -7.82333e-05
4.75 -8.11181e-05 -7.38378e-05
4.775 -7.67097e-05 -6.97041e-05
4.8 -7.25563e-05 -6.58161e-05
4.825 -6.86426e-05 -6.21583e-05
4.85 -6.49537e-05 -5.87164e-05
4.875 -6.1476e-05 -5.54768e-05
4.9 -5.81964e-05 -5.24268e-05
4.925 -5.51027e-05 -4.95544e-05
4.95 -5.21833e-05 -4.68483e-05
4.975 -4.94276e-05 -4.42981e-05
5 -4.68253e-05 -4.18938e-05
5.025 -4.43671e-05 -3.96262e-05
5.05 -4.20439e-05 -3.74867e-05
5.075 -3.98475e-05 -3.54673e-05
5.1 -3.77702e-05 -3.35602e-05
5.125 -3.58045e-05 -3.17586e-05
5.15 -3.39437e-05 -3.00559e-05
5.175 -3.21815e-05 -2.84459e-05
5.2 -3.0512e-05 -2.6923e-05
5.225 -2.89297e-05 -2.54818e-05
5.25 -2.74293e-05 -2.41175e-05
5.275 -2.60062e-05 -2.28253e-05
5.3 -2.46558e-05 -2.16012e-05
5.325 -2.3374e-05 -2.0441e-05
5.35 -2.2157e-05 -1.93411e-05
5.375 -2.10011e-05 -1.82981e-05
5.4 -1.9903e-05 -1.73088e-05
5.425 -1.88596e-05 -1.63702e-05
5.45 -1.7868e-05 -1.54796e-05
5.475 -1.69254e-05 -1.46343e-05
5.5 -1.60294e-05 -1.38321e-05
5.525 -1.51776e-05 -1.30706e-05
5.55 -1.43677e-05 -1.23478e-05
5.575 -1.35977e-05 -1.16617e-05
5.6 -1.28658e-05 -1.10106e-05
5.625 -1.217e-05 -1.03926e-05
5.65 -1.15086e-05 -9.80631e-06
5.675 -1.08802e-05 -9.25007e-06
5.7 -1.02831e-05 -8.72252e-06
5.725 -9.71598e-06 -8.2223e-06
5.75 -9.17745e-06 -7.74816e-06
5.775 -8.66623e-06 -7.2989e-06
5.8 -8.18113e-06 -6.87339e-06
5.825 -7.72099e-06 -6.47053e-06
5.85 -7.28471e-06 -6.08932e-06
5.875 -6.87125e-06 -5.72875e-06
5.9 -6.4796e-06 -5.3879e-06
5.925 -6.10881e-06 -5.06586e-06
5.95 -5.75795e-06 -4.76178e-06
5.975 -5.42613e-06 -4.47484e-06
6 -5.11252e-06 -4.20424e-06
6.025 -4.81629e-06 -3.94921e-06
6.05 -4.53664e-06 -3.70902e-06
6.075 -4.27283e-06 -3.48298e-06
6.1 -4.02411e-06 -3.27038e-06
6.125 -3.78978e-06 -3.07059e-06
6.15 -3.56915e-06 -2.88296e-06
6.175 -3.36156e-06 -2.70689e-06
6.2 -3.16637e-06 -2.54178e-06
6.225 -2.98296e-06 -2.38706e-06
6.25 -2.81073e-06 -2.24219e-06
6.275 -2.64911e-06 -2.10664e-06
6.3 -2.49753e-06 -1.9799e-06
6.325 -2.35547e-06 -1.86148e-06
6.35 -2.22239e-06 -1.7509e-06
6.375 -2.09781e-06 -1.64771e-06
6.4 -1.98123e-06 -1.55147e-06
6.425 -1.8722e-06 -1.46177e-06
6.45 -1.77026e-06 -1.3782e-06
6.475 -1.67499e-06 -1.30038e-06
6.5 -1.58598e-06 -1.22792e-06
6.525 -1.50283e-06 -1.16049e-06
6.55 -1.42516e-06 -1.09775e-06
6.575 -1.35261e-06 -1.03936e-06
6.6 -1.28484e-06 -9.85028e-07
6.625 -1.22151e-06 -9.34458e-07
6.65 -1.16232e-06 -8.87374e-07
6.675 -1.10697e-06 -8.43511e-07
6.7 -1.05517e-06 -8.02623e-07
6.725 -1.00665e-06 -7.64474e-07
6.75 -9.61175e-07 -7.28844e-07
6.775 -9.18494e-07 -6.95525e-07
6.8 -8.78386e-07 -6.64323e-07
6.825 -8.40643e-07 -6.35056e-07
6.85 -8.05067e-07 -6.07555e-07
6.875 -7.71478e-07 -5.81661e-07
6.9 -7.39705e-07 -5.5723e-07
6.925 -7.0959e-07 -5.34126e-07
6.95 -6.80988e-07 -5.12225e-07
6.975 -6.53767e-07 -4.91415e-07
7 -6.27803e-07 -4.71592e-07
7.025 -6.02984e-07 -4.52662e-07
7.05 -5.79211e-07 -4.3454e-07
7.075 -5.5639e-07 -4.17151e-07
7.1 -5.34439e-07 -4.00426e-07
7.125 -5.13286e-07 -3.84306e-07
7.15 -4.92865e-07 -3.68738e-07
7.175 -4.73119e-07 -3.53675e-07
7.2 -4.53996e-07 -3.39078e-07
7.225 -4.35455e-07 -3.24913e-07
7.25 -4.17456e-07 -3.11151e-07
7.275 -3.99969e-07 -2.97768e-07
7.3 -3.82967e-07 -2.84744e-07
7.325 -3.66428e-07 -2.72064e-07
7.35 -3.50333e-07 -2.59715e-07
7.375 -3.3467e-07 -2.47689e-07
7.4 -3.19425e-07 -2.35978e-07
7.425 -3.04593e-07 -2.24578e-07
7.45 -2.90165e-07 -2.13486e-07
7.475 -2.76139e-07 -2.02702e-07
7.5 -2.62511e-07 -1.92225e-07
7.525 -2.49282e-07 -1.82056e-07
7.55 -2.3645e-07 -1.72196e-07
7.575 -2.24015e-07 -1.62648e-07
7.6 -2.1198e-07 -1.53414e-07
7.625 -2.00343e-07 -1.44494e-07
7.65 -1.89108e-07 -1.35892e-07
7.675 -1.78273e-07 -1.27607e-07
7.7 -1.6784e-07 -1.19642e-07
7.725 -1.57808e-07 -1.11996e-07
7.75 -1.48176e-07 -1.0467e-07
7.775 -1.38943e-07 -9.76609e-08
7.8 -1.30108e-07 -9.09684e-08
7.825 -1.21666e-07 -8.45897e-08
7.85 -1.13615e-07 -7.85217e-08
7.875 -1.0595e-07 -7.27605e-08
7.9 -9.86664e-08 -6.73015e-08
7.925 -9.17577e-08 -6.21396e-08
7.95 -8.52176e-08 -5.72689e-08
7.975 -7.90389e-08 -5.26831e-08
8 -7.32138e-08 -4.83755e-08
8.025 -6.7734e-08 -4.43387e-08
8.05 -6.25905e-08 -4.0565e-08
8.075 -5.77741e-08 -3.70465e-08
8.1 -5.32749e-08 -3.37749e-08
8.125 -4.90829e-08 -3.07417e-08
8.15 -4.51876e-08 -2.79382e-08
8.175 -4.15785e-08 -2.53554e-08
8.2 -3.82447e-08 -2.29846e-08
8.225 -3.51751e-08 -2.08166e-08
8.25 -3.23585e-08 -1.88424e-08
8.275 -2.97838e-08 -1.70529e-08
8.3 -2.74397e-08 -1.54391e-08
8.325 -2.53147e-08 -1.39919e-08
8.35 -2.33976e-08 -1.27024e-08
8.375 -2.16771e-08 -1.15616e-08
8.4 -2.01419e-08 -1.05607e-08
8.425 -1.87809e-08 -9.69096e-09
8.45 -1.75829e-08 -8.94367e-09
8.475 -1.65369e-08 -8.31029e-09
8.5 -1.56322e-08 -7.78235e-09
8.525 -1.48579e-08 -7.35153e-09
8.55 -1.42036e-08 -7.00963e-09
8.575 -1.36589e-08 -6.74859e-09
8.6 -1.32136e-08 -6.56052e-09
8.625 -1.28579e-08 -6.43769e-09
8.65 -1.2582e-08 -6.37257e-09
8.675 -1.23766e-08 -6.3578e-09
8.7 -1.22326e-08 -6.38628e-09
8.725 -1.21413e-08 -6.45115e-09
8.75 -1.20941e-08 -6.54578e-09
8.775 -1.20832e-08 -6.66386e-09
8.8 -1.21009e-08 -6.79937e-09
8.825 -1.21398e-08 -6.94663e-09
8.85 -1.21934e-08 -7.10028e-09
8.875 -1.22551e-08 -7.25536e-09
8.9 -1.23193e-08 -7.40727e-09
8.925 -1.23806e-08 -7.55182e-09
8.95 -1.24341e-08 -7.68525e-09
8.975 -1.24756e-08 -7.80418e-09
9 -1.25012e-08 -7.90571e-09
9.025 -1.25077e-08 -7.98735e-09
9.05 -1.24923e-08 -8.04704e-09
9.075 -1.24527e-08 -8.08317e-09
9.1 -1.23874e-08 -8.09454e-09
9.125 -1.22949e-08 -8.08037e-09
9.15 -1.21747e-08 -8.04027e-09
9.175 -1.20262e-08 -7.97422e-09
9.2 -1.18497e-08 -7.88258e-09
9.225 -1.16456e-08 -7.76602e-09
9.25 -1.14148e-08 -7.62551e-09
9.275 -1.11584e-08 -7.46231e-09
9.3 -1.0878e-08 -7.27789e-09
9.325 -1.05753e-08 -7.07393e-09
9.35 -1.02521e-08 -6.85231e-09
9.375 -9.91062e-09 -6.61499e-09
9.4 -9.55308e-09 -6.36407e-09
9.425 -9.18181e-09 -6.10168e-09
9.45 -8.7992e-09 -5.82999e-09
9.475 -8.40767e-09 -5.55118e-09
9.5 -8.00961e-09 -5.26736e-09
9.525 -7.60739e-09 -4.98061e-09
9.55 -7.20328e-09 -4.69289e-09
9.575 -6.79946e-09 -4.40607e-09
9.6 -6.39799e-09 -4.12189e-09
9.625 -6.0008e-09 -3.84192e-09
9.65 -5.60964e-09 -3.5676e-09
9.675 -5.22612e-09 -3.30017e-09
9.7 -4.85164e-09 -3.04073e-09
9.725 -4.48746e-09 -2.79018e-09
9.75 -4.13462e-09 -2.54925e-09
9.775 -3.79401e-09 -2.31851e-09
9.8 -3.46632e-09 -2.09837e-09
9.825 -3.15209e-09 -1.88907e-09
9.85 -2.8517e-09 -1.69071e-09
9.875 -2.56538e-09 -1.50328e-09
9.9 -2.29322e-09 -1.32664e-09
9.925 -2.03521e-09 -1.16055e-09
9.95 -1.79121e-09 -1.00472e-09
9.975 -1.56103e-09 -8.58753e-10
10 -1.34438e-09 -7.22231e-10
10.025 -1.14091e-09 -5.94697e-10
10.05 -9.50261e-10 -4.75679e-10
10.075 -7.7202e-10 -3.64703e-10
10.1 -6.05772e-10 -2.61307e-10
10.125 -4.51098e-10 -1.65049e-10
10.15 -3.07589e-10 -7.55225e-11
10.175 -1.74852e-10 7.64176e-12
10.2 -5.25184e-11 8.47657e-11
10.225 5.97506e-11 1.56122e-10
10.25 1.62262e-10 2.2193e-10
10.275 2.5529e-10 2.82358e-10
10.3 3.39074e-10 3.37525e-10
10.325 4.13822e-10 3.875e-10
10.35 4.79713e-10 4.32311e-10
10.375 5.36902e-10 4.71949e-10
10.4 5.85526e-10 5.06375e-10
10.425 6.25708e-10 5.3553e-10
10.45 6.57566e-10 5.59339e-10
10.475 6.81218e-10 5.77724e-10
10.5 6.96791e-10 5.90612e-10
10.525 7.04429e-10 5.97944e-10
10.55 7.04297e-10 5.99679e-10
10.575 6.96589e-10 5.9581e-10
10.6 6.81533e-10 5.86362e-10
10.625 6.59397e-10 5.71407e-10
10.65 6.30493e-10 5.51062e-10
10.675 5.95178e-10 5.25495e-10
10.7 5.53854e-10 4.94929e-10
10.725 5.06974e-10 4.59641e-10
10.75 4.55036e-10 4.19963e-10
10.775 3.98583e-10 3.76281e-10
10.8 3.38198e-10 3.29029e-10
10.825 2.74503e-10 2.7869e-10
10.85 2.08148e-10 2.25785e-10
10.875 1.3981e-10 1.70872e-10
10.9 7.01826e-11 1.14534e-10
10.925 -3.09124e-14 5.73756e-11
10.95 -7.01259e-11 1.07053e-14
10.975 -1.39405e-10 -5.69438e-11
11 -2.07187e-10 -1.12878e-10
11.025 -2.72814e-10 -1.67198e-10
11.05 -3.35663e-10 -2.19333e-10
11.075 -3.95152e-10 -2.68749e-10
11.1 -4.50747e-10 -3.14948e-10
11.125 -5.01968e-10 -3.57485e-10
11.15 -5.48398e-10 -3.95967e-10
11.175 -5.89685e-10 -4.30061e-10
11.2 -6.25549e-10 -4.59499e-10
11.225 -6.55782e-10 -4.84081e-10
11.25 -6.80249e-10 -5.03677e-10
11.275 -6.98892e-10 -5.18228e-10
11.3 -7.11727e-10 -5.27746e-10
11.325 -7.18844e-10 -5.3231e-10
11.35 -7.204e-10 -5.32069e-10
11.375 -7.1662e-10 -5.27232e-10
11.4 -7.07789e-10 -5.18067e-10
11.425 -6.94248e-10 -5.04895e-10
11.45 -6.76383e-10 -4.88084e-10
11.475 -6.54626e-10 -4.68041e-10
11.5 -6.29439e-10 -4.45203e-10
11.525 -6.0131e-10 -4.20032e-10
11.55 -5.70746e-10 -3.93006e-10
11.575 -5.38261e-10 -3.64612e-10
11.6 -5.04371e-10 -3.35332e-10
11.625 -4.69583e-10 -3.05644e-10
11.65 -4.34391e-10 -2.76007e-10
11.675 -3.99265e-10 -2.46859e-10
11.7 -3.64647e-10 -2.18605e-10
11.725 -3.30946e-10 -1.91619e-10
11.75 -2.98528e-10 -1.6623e-10
11.775 -2.67719e-10 -1.42725e-10
11.8 -2.38794e-10 -1.21343e-10
11.825 -2.11981e-10 -1.02271e-10
11.85 -1.87456e-10 -8.56474e-11
11.875 -1.65342e-10 -7.15558e-11
11.9 -1.45713e-10 -6.00295e-11
11.925 -1.2859e-10 -5.10517e-11
11.95 -1.13949e-10 -4.45579e-11
11.975 -1.01719e-10 -4.04388e-11
12 -9.1787e-11 -3.85443e-11
12.025 -8.40044e-11 -3.86877e-11
12.05 -7.81886e-11 -4.06511e-11
12.075 -7.41299e-11 -4.419e-11
12.1 -7.15963e-11 -4.90396e-11
12.125 -7.03396e-11 -5.49202e-11
12.15 -7.01007e-11 -6.15436e-11
12.175 -7.06155e-11 -6.86187e-11
12.2 -7.16206e-11 -7.58572e-11
12.225 -7.28586e-11 -8.29796e-11
12.25 -7.40832e-11 -8.972e-11
12.275 -7.50638e-11 -9.58312e-11
12.3 -7.559e-11 -1.01089e-10
12.325 -7.54751e-11 -1.05295e-10
12.35 -7.45593e-11 -1.08283e-10
12.375 -7.27121e-11 -1.09917e-10
12.4 -6.98343e-11 -1.10095e-10
12.425 -6.58592e-11 -1.08753e-10
12.45 -6.0753e-11 -1.0586e-10
12.475 -5.45148e-11 -1.01423e-10
12.5 -4.71758e-11 -9.54829e-11
12.525 -3.87979e-11 -8.8113e-11
12.55 -2.94718e-11 -7.9419e-11
12.575 -1.93148e-11 -6.95349e-11
12.6 -8.46734e-12 -5.86199e-11
12.625 2.90967e-12 -4.68554e-11
12.65 1.46388e-11 -3.4441e-11
12.675 2.65297e-11 -2.15901e-11
12.7 3.83833e-11 -8.52632e-12
12.725 4.99959e-11 4.52167e-12
12.75 6.11631e-11 1.73239e-11
12.775 7.16839e-11 2.96537e-11
12.8 8.13648e-11 4.12917e-11
12.825 9.00232e-11 5.203e-11
12.85 9.74911e-11 6.16755e-11
12.875 1.03618e-10 7.00538e-11
12.9 1.08274e-10 7.70114e-11
12.925 1.11352e-10 8.24191e-11
12.95 1.1277e-10 8.61734e-11
12.975 1.1247e-10 8.81985e-11
13 1.10424e-10 8.8447e-11
13.025 1.06629e-10 8.6901e-11
13.05 1.01112e-10 8.35716e-11
13.075 9.39255e-11 7.84991e-11
13.1 8.51477e-11 7.17512e-11
13.125 7.48827e-11 6.34226e-11
13.15 6.32569e-11 5.36325e-11
13.175 5.04179e-11 4.25228e-11
13.2 3.65312e-11 3.02552e-11
13.225 2.17784e-11 1.70088e-11
13.25 6.35328e-12 2.97676e-12
13.275 -9.5406e-12 -1.16367e-11
13.3 -2.56935e-11 -2.66201e-11
13.325 -4.18926e-11 -4.17575e-11
13.35 -5.79256e-11 -5.68325e-11
13.375 -7.35837e-11 -7.16315e-11
13.4 -8.86647e-11 -8.59467e-11
13.425 -1.02976e-10 -9.95795e-11
13.45 -1.16339e-10 -1.12344e-10
13.475 -1.28587e-10 -1.24068e-10
13.5 -1.39574e-10 -1.34597e-10
13.525 -1.49172e-10 -1.43797e-10
13.55 -1.57274e-10 -1.51553e-10
13.575 -1.63795e-10 -1.57776e-10
13.6 -1.68674e-10 -1.62396e-10
13.625 -1.71873e-10 -1.6537e-10
13.65 -1.73379e-10 -1.66681e-10
13.675 -1.73203e-10 -1.66333e-10
13.7 -1.71378e-10 -1.64357e-10
13.725 -1.6796e-10 -1.60805e-10
13.75 -1.63028e-10 -1.55752e-10
13.775 -1.56679e-10 -1.49294e-10
13.8 -1.49029e-10 -1.41545e-10
13.825 -1.40208e-10 -1.32636e-10
13.85 -1.30364e-10 -1.22713e-10
13.875 -1.19654e-10 -1.11933e-10
13.9 -1.08244e-10 -1.00465e-10
13.925 -9.63078e-11 -8.84822e-11
13.95 -8.40221e-11 -7.61647e-11
13.975 -7.15659e-11 -6.3693e-11
14 -5.91168e-11 -5.12474e-11
14.025 -4.68487e-11 -3.90044e-11
14.05 -3.49296e-11 -2.71346e-11
14.075 -2.35193e-11 -1.58007e-11
14.1 -1.27669e-11 -5.15464e-12
14.125 -2.80978e-12 4.66387e-12
14.15 6.22905e-12 1.35293e-11
14.175 1.42417e-11 2.13316e-11
14.2 2.11369e-11 2.79778e-11
14.225 2.68409e-11 3.33926e-11
14.25 3.1298e-11 3.75196e-11
14.275 3.44712e-11 4.03212e-11
14.3 3.63422e-11 4.1779e-11
14.325 3.6911e-11 4.18936e-11
14.35 3.61959e-11 4.06845e-11
14.375 3.42329e-11 3.81891e-11
14.4 3.10744e-11 3.44621e-11
14.425 2.67884e-11 2.95742e-11
14.45 2.14573e-11 2.36109e-11
14.475 1.51764e-11 1.66711e-11
14.5 8.05229e-12 8.86552e-12
14.525 2.01074e-13 3.14753e-13
14.55 -8.25324e-12 -8.8524e-12
14.575 -1.71807e-11 -1.85009e-11
14.6 -2.64472e-11 -2.84913e-11
14.625 -3.59166e-11 -3.8682e-11
14.65 -4.54523e-11 -4.89308e-11
14.675 -5.49193e-11 -5.90972e-11
14.7 -6.41859e-11 -6.90439e-11
14.725 -7.31257e-11 -7.86387e-11
14.75 -8.16184e-11 -8.77564e-11
14.775 -8.95521e-11 -9.62798e-11
14.8 -9.68243e-11 -1.04102e-10
14.825 -1.03343e-10 -1.11125e-10
14.85 -1.09027e-10 -1.17266e-10
14.875 -1.1381e-10 -1.22453e-10
14.9 -1.17635e-10 -1.26627e-10
14.925 -1.20461e-10 -1.29745e-10
14.95 -1.22261e-10 -1.31775e-10
14.975 -1.2302e-10 -1.32703e-10
15 -1.22738e-10 -1.32528e-10
15.025 -1.21428e-10 -1.31262e-10
15.05 -1.19116e-10 -1.28932e-10
15.075 -1.15841e-10 -1.25577e-10
15.1 -1.11654e-10 -1.2125e-10
15.125 -1.06615e-10 -1.16012e-10
15.15 -1.00795e-10 -1.09939e-10
15.175 -9.42747e-11 -1.03113e-10
15.2 -8.71411e-11 -9.56238e-11
15.225 -7.9488e-11 -8.75705e-11
15.25 -7.1414e-11 -7.9056e-11
15.275 -6.3022e-11 -7.01877e-11
15.3 -5.44168e-11 -6.10755e-11
15.325 -4.57045e-11 -5.18309e-11
15.35 -3.69911e-11 -4.25653e-11
15.375 -2.83808e-11 -3.33886e-11
15.4 -1.99753e-11 -2.44083e-11
15.425 -1.18723e-11 -1.57277e-11
15.45 -4.16433e-12 -7.44524e-12
15.475 3.06188e-12 3.46792e-13
15.5 9.72668e-12 7.5632e-12
15.525 1.57582e-11 1.41267e-11
15.55 2.10929e-11 1.99688e-11
15.575 2.56765e-11 2.50303e-11
15.6 2.94642e-11 2.92618e-11
15.625 3.2421e-11 3.26242e-11
15.65 3.45221e-11 3.50888e-11
15.675 3.57528e-11 3.66376e-11
15.7 3.61086e-11 3.72633e-11
15.725 3.55953e-11 3.69689e-11
15.75 3.42283e-11 3.5768e-11
15.775 3.20326e-11 3.3684e-11
15.8 2.90421e-11 3.07497e-11
15.825 2.52993e-11 2.70072e-11
15.85 2.08547e-11 2.25067e-11
15.875 1.57659e-11 1.73061e-11
15.9 1.00968e-11 1.14705e-11
15.925 3.91729e-12 5.07067e-12
15.95 -2.69825e-12 -1.81704e-12
15.975 -9.67135e-12 -9.11214e-12
16 -1.69206e-11 -1.67307e-11
16.025 -2.43623e-11 -2.45863e-11
16.05 -3.19118e-11 -3.25911e-11
16.075 -3.94841e-11 -4.06565e-11
16.1 -4.69946e-11 -4.86945e-11
16.125 -5.43603e-11 -5.66181e-11
16.15 -6.15005e-11 -6.43425e-11
16.175 -6.83374e-11 -7.17858e-11
16.2 -7.47972e-11 -7.88698e-11
16.225 -8.08105e-11 -8.55208e-11
16.25 -8.63127e-11 -9.16698e-11
16.275 -9.12453e-11 -9.72539e-11
16.3 -9.55555e-11 -1.02216e-10
16.325 -9.91973e-11 -1.06506e-10
16.35 -1.02131e-10 -1.1008e-10
16.375 -1.04326e-10 -1.12902e-10
16.4 -1.05755e-10 -1.14943e-10
16.425 -1.06403e-10 -1.16183e-10
16.45 -1.06258e-10 -1.16608e-10
16.475 -1.05319e-10 -1.16212e-10
16.5 -1.03591e-10 -1.14996e-10
16.525 -1.01084e-10 -1.12971e-10
16.55 -9.78188e-11 -1.10153e-10
16.575 -9.38201e-11 -1.06564e-10
16.6 -8.91198e-11 -1.02235e-10
16.625 -8.37557e-11 -9.72029e-11
16.65 -7.77711e-11 -9.15083e-11
16.675 -7.12143e-11 -8.5199e-11
16.7 -6.41379e-11 -7.83271e-11
16.725 -5.65988e-11 -7.0949e-11
16.75 -4.86572e-11 -6.31247e-11
16.775 -4.03762e-11 -5.49176e-11
16.8 -3.18211e-11 -4.63933e-11
16.825 -2.30591e-11 -3.76199e-11
16.85 -1.41585e-11 -2.86663e-11
16.875 -5.18806e-12 -1.96028e-11
16.9 3.78321e-12 -1.04994e-11
16.925 1.2687e-11 -1.4262e-12
16.95 2.14559e-11 7.5478e-12
16.975 3.00241e-11 1.63549e-11
17 3.8328e-11 2.49293e-11
17.025 4.6306e-11 3.32076e-11
17.05 5.38998e-11 4.1129e-11
17.075 6.10541e-11 4.86359e-11
17.1 6.77173e-11 5.56744e-11
17.125 7.38416e-11 6.21941e-11
17.15 7.93834e-11 6.81491e-11
17.175 8.43033e-11 7.34976e-11
17.2 8.85667e-11 7.82024e-11
17.225 9.21436e-11 8.2231e-11
17.25 9.50086e-11 8.55558e-11
17.275 9.71414e-11 8.81539e-11
17.3 9.85264e-11 9.00076e-11
17.325 9.91529e-11 9.11039e-11
17.35 9.90151e-11 9.14349e-11
17.375 9.81119e-11 9.09973e-11
17.4 9.64467e-11 8.97927e-11
17.425 9.40275e-11 8.78273e-11
17.45 9.08665e-11 8.51116e-11
17.475 8.69803e-11 8.16605e-11
17.5 8.23889e-11 7.74926e-11
17.525 7.71165e-11 7.26307e-11
17.55 7.11904e-11 6.7101e-11
17.575 6.4641e-11 6.09328e-11
17.6 5.75019e-11 5.41586e-11
17.625 4.98088e-11 4.68136e-11
17.65 4.16003e-11 3.89353e-11
17.675 3.29163e-11 3.05636e-11
17.7 2.3799e-11 2.17397e-11
17.725 1.42916e-11 1.25069e-11
17.75 4.43861e-12 2.90927e-12
17.775 -5.71481e-12 -7.00799e-12
17.8 -1.61229e-11 -1.71991e-11
17.825 -2.67397e-11 -2.7618e-11
17.85 -3.75193e-11 -3.82186e-11
17.875 -4.8416e-11 -4.89548e-11
17.9 -5.93846e-11 -5.97812e-11
17.925 -7.0381e-11 -7.0653e-11
17.95 -8.13617e-11 -8.15264e-11
17.975 -9.22846e-11 -9.23584e-11
18 -1.03109e-10 -1.03108e-10
18.025 -1.13795e-10 -1.13735e-10
18.05 -1.24306e-10 -1.24201e-10
18.075 -1.34606e-10 -1.3447e-10
18.1 -1.44662e-10 -1.44507e-10
18.125 -1.5444e-10 -1.54279e-10
18.15 -1.63913e-10 -1.63757e-10
18.175 -1.73053e-10 -1.72913e-10
18.2 -1.81834e-10 -1.81719e-10
18.225 -1.90234e-10 -1.90154e-10
18.25 -1.98233e-10 -1.98195e-10
18.275 -2.05813e-10 -2.05824e-10
18.3 -2.12957e-10 -2.13024e-10
18.325 -2.19653e-10 -2.19781e-10
18.35 -2.25889e-10 -2.26083e-10
18.375 -2.31657e-10 -2.31921e-10
18.4 -2.3695e-10 -2.37287e-10
18.425 -2.41763e-10 -2.42175e-10
18.45 -2.46094e-10 -2.46584e-10
18.475 -2.49942e-10 -2.50511e-10
18.5 -2.53309e-10 -2.53958e-10
18.525 -2.56199e-10 -2.56927e-10
18.55 -2.58615e-10 -2.59423e-10
18.575 -2.60565e-10 -2.61451e-10
18.6 -2.62057e-10 -2.6302e-10
18.625 -2.631e-10 -2.64138e-10
18.65 -2.63704e-10 -2.64816e-10
18.675 -2.63883e-10 -2.65065e-10
18.7 -2.63648e-10 -2.64898e-10
18.725 -2.63014e-10 -2.64329e-10
18.75 -2.61996e-10 -2.63372e-10
18.775 -2.60609e-10 -2.62043e-10
18.8 -2.58869e-10 -2.60357e-10
18.825 -2.56794e-10 -2.58333e-10
18.85 -2.54401e-10 -2.55985e-10
18.875 -2.51706e-10 -2.53333e-10
18.9 -2.48728e-10 -2.50394e-10
18.925 -2.45485e-10 -2.47185e-10
18.95 -2.41995e-10 -2.43725e-10
18.975 -2.38276e-10 -2.40032e-10
19 -2.34346e-10 -2.36124e-10
19.025 -2.30223e-10 -2.32019e-10
19.05 -2.25925e-10 -2.27735e-10
19.075 -2.21468e-10 -2.23288e-10
19.1 -2.1687e-10 -2.18697e-10
19.125 -2.12148e-10 -2.13977e-10
19.15 -2.07317e-10 -2.09146e-10
19.175 -2.02394e-10 -2.04219e-10
19.2 -1.97394e-10 -1.99212e-10
19.225 -1.92332e-10 -1.94139e-10
19.25 -1.87221e-10 -1.89015e-10
19.275 -1.82076e-10 -1.83854e-10
19.3 -1.76909e-10 -1.78668e-10
19.325 -1.71732e-10 -1.73471e-10
19.35 -1.66559e-10 -1.68274e-10
19.375 -1.61398e-10 -1.63088e-10
19.4 -1.56262e-10 -1.57925e-10
19.425 -1.5116e-10 -1.52793e-10
19.45 -1.461e-10 -1.47703e-10
19.475 -1.41092e-10 -1.42663e-10
19.5 -1.36144e-10 -1.37682e-10
19.525 -1.31262e-10 -1.32765e-10
19.55 -1.26453e-10 -1.27922e-10
19.575 -1.21724e-10 -1.23156e-10
19.6 -1.1708e-10 -1.18475e-10
19.625 -1.12526e-10 -1.13884e-10
19.65 -1.08066e-10 -1.09386e-10
19.675 -1.03704e-10 -1.04985e-10
19.7 -9.94429e-11 -1.00686e-10
19.725 -9.52865e-11 -9.64916e-11
19.75 -9.12368e-11 -9.24034e-11
19.775 -8.72956e-11 -8.8424e-11
19.8 -8.34646e-11 -8.45548e-11
19.825 -7.97448e-11 -8.07972e-11
19.85 -7.6137e-11 -7.7152e-11
19.875 -7.26416e-11 -7.36195e-11
19.9 -6.92587e-11 -7.02001e-11
19.925 -6.5988e-11 -6.68934e-11
19.95 -6.2829e-11 -6.3699e-11
19.975 -5.97808e-11 -6.06161e-11
20 -5.68426e-11 -5.76438e-11
