0 -0.000153863 -0.000173914
0.025 -0.000153863 -0.000173914
0.05 -0.000307236 -0.000347241
0.075 -0.000459633 -0.000519393
0.1 -0.000610569 -0.00068979
0.125 -0.000759564 -0.000857856
0.15 -0.000906144 -0.00102302
0.175 -0.00104984 -0.00118474
0.2 -0.0011902 -0.00134246
0.225 -0.00132677 -0.00149565
0.25 -0.00145911 -0.00164381
0.275 -0.00158681 -0.00178643
0.3 -0.00170945 -0.00192306
0.325 -0.00182665 -0.00205322
0.35 -0.00193801 -0.00217651
0.375 -0.0020432 -0.00229252
0.4 -0.00214186 -0.00240087
0.425 -0.00223368 -0.00250122
0.45 -0.00231837 -0.00259326
0.475 -0.00239564 -0.00267669
0.5 -0.00246526 -0.00275128
0.525 -0.00252699 -0.0028168
0.55 -0.00258064 -0.00287306
0.575 -0.00262603 -0.00291993
0.6 -0.00266302 -0.00295729
0.625 -0.00269149 -0.00298506
0.65 -0.00271134 -0.00300321
0.675 -0.00272253 -0.00301174
0.7 -0.002725 -0.00301068
0.725 -0.00271878 -0.00300011
0.75 -0.00270387 -0.00298015
0.775 -0.00268035 -0.00295094
0.8 -0.0026483 -0.00291267
0.825 -0.00260783 -0.00286557
0.85 -0.0025591 -0.0028099
0.875 -0.00250228 -0.00274596
0.9 -0.00243759 -0.00267407
0.925 -0.00236526 -0.00259461
0.95 -0.00228556 -0.00250797
0.975 -0.00219877 -0.00241457
1 -0.00210522 -0.00231489
1.025 -0.00200526 -0.0022094
1.05 -0.00189926 -0.00209862
1.075 -0.00178761 -0.00198309
1.1 -0.00167073 -0.00186337
1.125 -0.00154907 -0.00174004
1.15 -0.00142309 -0.00161371
1.175 -0.00129326 -0.001485
1.2 -0.0011601 -0.00135453
1.225 -0.0010241 -0.00122297
1.25 -0.000885794 -0.00109096
1.275 -0.00074573 -0.00095917
1.3 -0.000604455 -0.000828274
1.325 -0.00046253 -0.000698944
1.35 -0.000320519 -0.000571856
1.375 -0.000178994 -0.000447681
1.4 -3.85292e-05 -0.000327088
1.425 0.000100303 -0.000210738
1.45 0.000236929 -9.92816e-05
1.475 0.000370782 6.64068e-06
1.5 0.000501298 0.000106404
1.525 0.000627923 0.000199401
1.55 0.000750113 0.000285043
1.575 0.000867336 0.000362762
1.6 0.000979075 0.000432015
1.625 0.00108483 0.000492286
1.65 0.00118411 0.000543084
1.675 0.00127646 0.000583951
1.7 0.00136145 0.00061446
1.725 0.00143864 0.000634218
1.75 0.00150766 0.000642865
1.775 0.00156814 0.00064008
1.8 0.00161975 0.00062558
1.825 0.00166217 0.000599121
1.85 0.00169515 0.000560499
1.875 0.00171844 0.000509551
1.9 0.00173184 0.000446157
1.925 0.00173517 0.000370239
1.95 0.00172831 0.000281763
1.975 0.00171115 0.000180736
2 0.00168362 6.72103e-05
2.025 0.00164571 -5.8719e-05
2.05 0.00159743 -0.000196914
2.075 0.00153882 -0.000347194
2.1 0.00146998 -0.000509337
2.125 0.00139101 -0.000683079
2.15 0.00130209 -0.000868116
2.175 0.00120341 -0.0010641
2.2 0.00109519 -0.00127066
2.225 0.0009777 -0.00148738
2.25 0.000851234 -0.00171379
2.275 0.00071612 -0.00194941
2.3 0.000572715 -0.00219373
2.325 0.000421407 -0.0024462
2.35 0.000262609 -0.00270624
2.375 9.67598e-05 -0.00297325
2.4 -7.5676e-05 -0.00324661
2.425 -0.000254214 -0.00352567
2.45 -0.000438348 -0.00380977
2.475 -0.000627556 -0.00409822
2.5 -0.0008213 -0.00439033
2.525 -0.00101903 -0.00468539
2.55 -0.00122017 -0.00498269
2.575 -0.00142416 -0.00528151
2.6 -0.00163042 -0.00558112
2.625 -0.00183836 -0.0058808
2.65 -0.0020474 -0.00617981
2.675 -0.00225694 -0.00647744
2.7 -0.00246642 -0.00677298
2.725 -0.00267524 -0.00706571
2.75 -0.00288283 -0.00735494
2.775 -0.00308863 -0.00763999
2.8 -0.00329209 -0.0079202
2.825 -0.00349267 -0.00819491
2.85 -0.00368983 -0.00846349
2.875 -0.00388308 -0.00872534
2.9 -0.00407192 -0.00897988
2.925 -0.00425589 -0.00922655
2.95 -0.00443452 -0.00946482
2.975 -0.00460741 -0.00969417
3 -0.00477413 -0.00991416
3.025 -0.00493433 -0.0101243
3.05 -0.00508764 -0.0103242
3.075 -0.00523375 -0.0105136
3.1 -0.00537236 -0.0106919
3.125 -0.0055032 -0.0108591
3.15 -0.00562604 -0.0110146
3.175 -0.00574067 -0.0111585
3.2 -0.0058469 -0.0112903
3.225 -0.0059446 -0.01141
3.25 -0.00603364 -0.0115174
3.275 -0.00611393 -0.0116125
3.3 -0.00618541 -0.0116951
3.325 -0.00624805 -0.0117653
3.35 -0.00630185 -0.011823
3.375 -0.00634682 -0.0118683
3.4 -0.00638302 -0.0119013
3.425 -0.00641053 -0.011922
3.45 -0.00642945 -0.0119306
3.475 -0.00643989 -0.0119273
3.5 -0.00644202 -0.0119123
3.525 -0.00643599 -0.0118857
3.55 -0.006422 -0.0118478
3.575 -0.00640026 -0.0117989
3.6 -0.00637099 -0.0117393
3.625 -0.00633444 -0.0116693
3.65 -0.00629086 -0.0115892
3.675 -0.00624053 -0.0114994
3.7 -0.00618372 -0.0114002
3.725 -0.00612074 -0.011292
3.75 -0.00605189 -0.0111752
3.775 -0.00597747 -0.0110502
3.8 -0.00589781 -0.0109175
3.825 -0.00581322 -0.0107774
3.85 -0.00572404 -0.0106303
3.875 -0.00563059 -0.0104768
3.9 -0.0055332 -0.0103172
3.925 -0.00543221 -0.010152
3.95 -0.00532793 -0.00998166
3.975 -0.0052207 -0.00980654
4 -0.00511084 -0.00962712
4.025 -0.00499866 -0.00944383
4.05 -0.00488447 -0.0092571
4.075 -0.00476859 -0.00906734
4.1 -0.0046513 -0.00887498
4.125 -0.0045329 -0.00868041
4.15 -0.00441366 -0.00848403
4.175 -0.00429387 -0.00828624
4.2 -0.00417377 -0.0080874
4.225 -0.00405362 -0.00788788
4.25 -0.00393366 -0.00768802
4.275 -0.00381412 -0.00748818
4.3 -0.00369521 -0.00728868
4.325 -0.00357714 -0.00708981
4.35 -0.0034601 -0.00689189
4.375 -0.00334427 -0.0066952
4.4 -0.00322983 -0.00649999
4.425 -0.00311692 -0.00630653
4.45 -0.0030057 -0.00611505
4.475 -0.00289628 -0.00592578
4.5 -0.00278881 -0.00573891
4.525 -0.00268338 -0.00555465
4.55 -0.00258009 -0.00537317
4.575 -0.00247903 -0.00519463
4.6 -0.00238028 -0.00501917
4.625 -0.00228389 -0.00484694
4.65 -0.00218994 -0.00467805
4.675 -0.00209845 -0.00451261
4.7 -0.00200948 -0.00435071
4.725 -0.00192304 -0.00419243
4.75 -0.00183916 -0.00403783
4.775 -0.00175784 -0.00388698
4.8 -0.00167909 -0.00373992
4.825 -0.00160291 -0.00359668
4.85 -0.00152929 -0.00345727
4.875 -0.00145821 -0.00332173
4.9 -0.00138965 -0.00319004
4.925 -0.00132358 -0.0030622
4.95 -0.00125997 -0.00293821
4.975 -0.00119878 -0.00281803
5 -0.00113997 -0.00270164
5.025 -0.00108351 -0.002589
5.05 -0.00102933 -0.00248007
5.075 -0.000977392 -0.00237481
5.1 -0.000927643 -0.00227315
5.125 -0.000880027 -0.00217505
5.15 -0.000834487 -0.00208044
5.175 -0.000790966 -0.00198925
5.2 -0.000749405 -0.00190142
5.225 -0.000709743 -0.00181687
5.25 -0.000671921 -0.00173553
5.275 -0.000635876 -0.00165732
5.3 -0.000601549 -0.00158217
5.325 -0.000568878 -0.00150999
5.35 -0.000537803 -0.00144071
5.375 -0.000508264 -0.00137423
5.4 -0.000480201 -0.00131048
5.425 -0.000453556 -0.00124938
5.45 -0.00042827 -0.00119085
5.475 -0.000404288 -0.00113479
5.5 -0.000381553 -0.00108114
5.525 -0.000360012 -0.0010298
5.55 -0.000339611 -0.000980705
5.575 -0.000320299 -0.000933766
5.6 -0.000302026 -0.000888909
5.625 -0.000284743 -0.000846056
5.65 -0.000268403 -0.000805132
5.675 -0.00025296 -0.000766064
5.7 -0.000238371 -0.000728779
5.725 -0.000224592 -0.000693206
5.75 -0.000211584 -0.000659278
5.775 -0.000199307 -0.000626927
5.8 -0.000187723 -0.000596087
5.825 -0.000176796 -0.000566697
5.85 -0.000166491 -0.000538694
5.875 -0.000156775 -0.000512019
5.9 -0.000147616 -0.000486615
5.925 -0.000138985 -0.000462426
5.95 -0.000130852 -0.000439398
5.975 -0.00012319 -0.000417481
6 -0.000115972 -0.000396623
6.025 -0.000109174 -0.000376777
6.05 -0.000102772 -0.000357896
6.075 -9.67432e-05 -0.000339937
6.1 -9.10669e-05 -0.000322856
6.125 -8.57227e-05 -0.000306614
6.15 -8.06915e-05 -0.000291169
6.175 -7.5955e-05 -0.000276486
6.2 -7.14964e-05 -0.000262527
6.225 -6.72992e-05 -0.000249259
6.25 -6.33484e-05 -0.000236648
6.275 -5.96293e-05 -0.000224662
6.3 -5.61285e-05 -0.000213273
6.325 -5.2833e-05 -0.000202451
6.35 -4.97309e-05 -0.000192168
6.375 -4.68106e-05 -0.000182398
6.4 -4.40614e-05 -0.000173116
6.425 -4.14732e-05 -0.0001643
6.45 -3.90365e-05 -0.000155924
6.475 -3.67424e-05 -0.000147969
6.5 -3.45824e-05 -0.000140414
6.525 -3.25486e-05 -0.000133238
6.55 -3.06335e-05 -0.000126423
6.575 -2.88301e-05 -0.000119952
6.6 -2.71319e-05 -0.000113808
6.625 -2.55327e-05 -0.000107973
6.65 -2.40267e-05 -0.000102434
6.675 -2.26083e-05 -9.71753e-05
6.7 -2.12726e-05 -9.21832e-05
6.725 -2.00145e-05 -8.74446e-05
6.75 -1.88297e-05 -8.29468e-05
6.775 -1.77138e-05 -7.86781e-05
6.8 -1.66628e-05 -7.4627e-05
6.825 -1.5673e-05 -7.07828e-05
6.85 -1.47408e-05 -6.71353e-05
6.875 -1.3863e-05 -6.36746e-05
6.9 -1.30363e-05 -6.03915e-05
6.925 -1.22578e-05 -5.72772e-05
6.95 -1.15248e-05 -5.43232e-05
6.975 -1.08347e-05 -5.15217e-05
7 -1.01849e-05 -4.8865e-05
7.025 -9.57322e-06 -4.63459e-05
7.05 -8.99743e-06 -4.39574e-05
7.075 -8.45548e-06 -4.16932e-05
7.1 -7.94545e-06 -3.95468e-05
7.125 -7.46551e-06 -3.75125e-05
7.15 -7.01395e-06 -3.55845e-05
7.175 -6.58913e-06 -3.37575e-05
7.2 -6.18954e-06 -3.20264e-05
7.225 -5.81374e-06 -3.03863e-05
7.25 -5.46035e-06 -2.88325e-05
7.275 -5.1281e-06 -2.73607e-05
7.3 -4.81578e-06 -2.59666e-05
7.325 -4.52223e-06 -2.46463e-05
7.35 -4.24638e-06 -2.33959e-05
7.375 -3.98721e-06 -2.22117e-05
7.4 -3.74376e-06 -2.10905e-05
7.425 -3.5151e-06 -2.00287e-05
7.45 -3.30038e-06 -1.90234e-05
7.475 -3.0988e-06 -1.80716e-05
7.5 -2.90957e-06 -1.71703e-05
7.525 -2.73198e-06 -1.6317e-05
7.55 -2.56534e-06 -1.55091e-05
7.575 -2.409e-06 -1.4744e-05
7.6 -2.26235e-06 -1.40196e-05
7.625 -2.12481e-06 -1.33335e-05
7.65 -1.99585e-06 -1.26838e-05
7.675 -1.87493e-06 -1.20685e-05
7.7 -1.76158e-06 -1.14855e-05
7.725 -1.65535e-06 -1.09333e-05
7.75 -1.55578e-06 -1.041e-05
7.775 -1.46249e-06 -9.91406e-06
7.8 -1.37507e-06 -9.44398e-06
7.825 -1.29318e-06 -8.99831e-06
7.85 -1.21646e-06 -8.57569e-06
7.875 -1.14459e-06 -8.17481e-06
7.9 -1.07727e-06 -7.79447e-06
7.925 -1.01421e-06 -7.43351e-06
7.95 -9.55149e-07 -7.09085e-06
7.975 -8.99822e-07 -6.76544e-06
8 -8.47993e-07 -6.45633e-06
8.025 -7.99439e-07 -6.1626e-06
8.05 -7.53946e-07 -5.88338e-06
8.075 -7.11317e-07 -5.61786e-06
8.1 -6.71365e-07 -5.36527e-06
8.125 -6.33914e-07 -5.1249e-06
8.15 -5.988e-07 -4.89606e-06
8.175 -5.65868e-07 -4.67812e-06
8.2 -5.34974e-07 -4.47047e-06
8.225 -5.05981e-07 -4.27254e-06
8.25 -4.78763e-07 -4.08382e-06
8.275 -4.532e-07 -3.90379e-06
8.3 -4.29181e-07 -3.73199e-06
8.325 -4.06602e-07 -3.56798e-06
8.35 -3.85367e-07 -3.41135e-06
8.375 -3.65383e-07 -3.2617e-06
8.4 -3.46567e-07 -3.11867e-06
8.425 -3.28839e-07 -2.98193e-06
8.45 -3.12126e-07 -2.85114e-06
8.475 -2.96359e-07 -2.72601e-06
8.5 -2.81475e-07 -2.60626e-06
8.525 -2.67414e-07 -2.49162e-06
8.55 -2.54122e-07 -2.38183e-06
8.575 -2.41547e-07 -2.27668e-06
8.6 -2.29643e-07 -2.17592e-06
8.625 -2.18364e-07 -2.07937e-06
8.65 -2.07672e-07 -1.98682e-06
8.675 -1.97528e-07 -1.8981e-06
8.7 -1.87898e-07 -1.81302e-06
8.725 -1.78749e-07 -1.73144e-06
8.75 -1.70052e-07 -1.65319e-06
8.775 -1.61779e-07 -1.57813e-06
8.8 -1.53906e-07 -1.50614e-06
8.825 -1.46409e-07 -1.43708e-06
8.85 -1.39267e-07 -1.37083e-06
8.875 -1.32459e-07 -1.30728e-06
8.9 -1.25968e-07 -1.24632e-06
8.925 -1.19777e-07 -1.18785e-06
8.95 -1.1387e-07 -1.13178e-06
8.975 -1.08232e-07 -1.07801e-06
9 -1.02851e-07 -1.02646e-06
9.025 -9.77131e-08 -9.7705e-07
9.05 -9.28077e-08 -9.29697e-07
9.075 -8.81239e-08 -8.84329e-07
9.1 -8.36516e-08 -8.40877e-07
9.125 -7.93815e-08 -7.99273e-07
9.15 -7.53047e-08 -7.59452e-07
9.175 -7.1413e-08 -7.21353e-07
9.2 -6.76985e-08 -6.84917e-07
9.225 -6.4154e-08 -6.50087e-07
9.25 -6.07724e-08 -6.16809e-07
9.275 -5.75471e-08 -5.8503e-07
9.3 -5.44717e-08 -5.547e-07
9.325 -5.15401e-08 -5.25769e-07
9.35 -4.87465e-08 -4.98189e-07
9.375 -4.60853e-08 -4.71916e-07
9.4 -4.35511e-08 -4.46902e-07
9.425 -4.11388e-08 -4.23106e-07
9.45 -3.88432e-08 -4.00484e-07
9.475 -3.66596e-08 -3.78994e-07
9.5 -3.45833e-08 -3.58596e-07
9.525 -3.26098e-08 -3.3925e-07
9.55 -3.07345e-08 -3.20918e-07
9.575 -2.89534e-08 -3.0356e-07
9.6 -2.72623e-08 -2.87139e-07
9.625 -2.56571e-08 -2.71618e-07
9.65 -2.41342e-08 -2.56962e-07
9.675 -2.26897e-08 -2.43134e-07
9.7 -2.13201e-08 -2.30099e-07
9.725 -2.00219e-08 -2.17824e-07
9.75 -1.87919e-08 -2.06274e-07
9.775 -1.76269e-08 -1.95417e-07
9.8 -1.65237e-08 -1.8522e-07
9.825 -1.54795e-08 -1.75651e-07
9.85 -1.44915e-08 -1.6668e-07
9.875 -1.35571e-08 -1.58275e-07
9.9 -1.26735e-08 -1.50407e-07
9.925 -1.18385e-08 -1.43048e-07
9.95 -1.10496e-08 -1.36168e-07
9.975 -1.03048e-08 -1.2974e-07
10 -9.60178e-09 -1.23737e-07
10.025 -8.93867e-09 -1.18135e-07
10.05 -8.31354e-09 -1.12906e-07
10.075 -7.72459e-09 -1.08028e-07
10.1 -7.17011e-09 -1.03476e-07
10.125 -6.64846e-09 -9.92291e-08
10.15 -6.15808e-09 -9.52646e-08
10.175 -5.69752e-09 -9.15622e-08
10.2 -5.26535e-09 -8.8102e-08
10.225 -4.86024e-09 -8.48652e-08
10.25 -4.4809e-09 -8.1834e-08
10.275 -4.12611e-09 -7.89915e-08
10.3 -3.79468e-09 -7.63216e-08
10.325 -3.48549e-09 -7.38092e-08
10.35 -3.19744e-09 -7.14403e-08
10.375 -2.92949e-09 -6.92015e-08
10.4 -2.68063e-09 -6.70806e-08
10.425 -2.44987e-09 -6.5066e-08
10.45 -2.23626e-09 -6.31472e-08
10.475 -2.03889e-09 -6.13145e-08
10.5 -1.85686e-09 -5.95588e-08
10.525 -1.68931e-09 -5.78721e-08
10.55 -1.53538e-09 -5.6247e-08
10.575 -1.39428e-09 -5.46768e-08
10.6 -1.26519e-09 -5.31554e-08
10.625 -1.14736e-09 -5.16777e-08
10.65 -1.04004e-09 -5.02389e-08
10.675 -9.42496e-10 -4.88348e-08
10.7 -8.54043e-10 -4.7462e-08
10.725 -7.74005e-10 -4.61174e-08
10.75 -7.01736e-10 -4.47983e-08
10.775 -6.36616e-10 -4.35027e-08
10.8 -5.78052e-10 -4.22288e-08
10.825 -5.25478e-10 -4.09751e-08
10.85 -4.78358e-10 -3.97407e-08
10.875 -4.36182e-10 -3.85248e-08
10.9 -3.98472e-10 -3.73267e-08
10.925 -3.64777e-10 -3.61462e-08
10.95 -3.34677e-10 -3.49833e-08
10.975 -3.07781e-10 -3.38378e-08
11 -2.83728e-10 -3.27099e-08
11.025 -2.62184e-10 -3.16001e-08
11.05 -2.42846e-10 -3.05085e-08
11.075 -2.25436e-10 -2.94355e-08
11.1 -2.09704e-10 -2.83817e-08
11.125 -1.95426e-10 -2.73475e-08
11.15 -1.82401e-10 -2.63333e-08
11.175 -1.70453e-10 -2.53395e-08
11.2 -1.59427e-10 -2.43665e-08
11.225 -1.49187e-10 -2.34148e-08
11.25 -1.39616e-10 -2.24846e-08
11.275 -1.30614e-10 -2.15762e-08
11.3 -1.22095e-10 -2.06898e-08
11.325 -1.13989e-10 -1.98255e-08
11.35 -1.06233e-10 -1.89833e-08
11.375 -9.87766e-11 -1.81634e-08
11.4 -9.15772e-11 -1.73654e-08
11.425 -8.4598e-11 -1.65895e-08
11.45 -7.7807e-11 -1.58352e-08
11.475 -7.11759e-11 -1.51023e-08
11.5 -6.46785e-11 -1.43906e-08
11.525 -5.82897e-11 -1.36996e-08
11.55 -5.19842e-11 -1.30288e-08
11.575 -4.57361e-11 -1.23778e-08
11.6 -3.95177e-11 -1.17461e-08
11.625 -3.32995e-11 -1.11331e-08
11.65 -2.70493e-11 -1.05383e-08
11.675 -2.07326e-11 -9.96102e-09
11.7 -1.43118e-11 -9.40077e-09
11.725 -7.74714e-12 -8.85693e-09
11.75 -9.96259e-13 -8.32892e-09
11.775 5.98502e-12 -7.81615e-09
11.8 1.32423e-11 -7.31809e-09
11.825 2.08221e-11 -6.8342e-09
11.85 2.8771e-11 -6.36398e-09
11.875 3.71349e-11 -5.90696e-09
11.9 4.59582e-11 -5.4627e-09
11.925 5.52832e-11 -5.03082e-09
11.95 6.51487e-11 -4.61095e-09
11.975 7.55895e-11 -4.2028e-09
12 8.66355e-11 -3.8061e-09
12.025 9.83105e-11 -3.42065e-09
12.05 1.10632e-10 -3.04626e-09
12.075 1.2361e-10 -2.68283e-09
12.1 1.37247e-10 -2.33027e-09
12.125 1.51536e-10 -1.98856e-09
12.15 1.66462e-10 -1.6577e-09
12.175 1.82e-10 -1.33775e-09
12.2 1.98116e-10 -1.02879e-09
12.225 2.14766e-10 -7.30944e-10
12.25 2.31896e-10 -4.44355e-10
12.275 2.49444e-10 -1.69198e-10
12.3 2.67338e-10 9.43323e-11
12.325 2.85498e-10 3.46028e-10
12.35 3.03835e-10 5.85667e-10
12.375 3.22253e-10 8.13023e-10
12.4 3.40651e-10 1.02787e-09
12.425 3.58919e-10 1.22997e-09
12.45 3.76947e-10 1.41913e-09
12.475 3.94617e-10 1.59513e-09
12.5 4.11813e-10 1.75779e-09
12.525 4.28415e-10 1.90695e-09
12.55 4.44304e-10 2.04247e-09
12.575 4.59364e-10 2.16426e-09
12.6 4.73481e-10 2.27223e-09
12.625 4.86544e-10 2.36636e-09
12.65 4.98451e-10 2.44667e-09
12.675 5.09105e-10 2.5132e-09
12.7 5.18417e-10 2.56606e-09
12.725 5.26307e-10 2.60541e-09
12.75 5.32709e-10 2.63143e-09
12.775 5.37565e-10 2.64439e-09
12.8 5.40832e-10 2.64458e-09
12.825 5.4248e-10 2.63237e-09
12.85 5.42492e-10 2.60816e-09
12.875 5.40868e-10 2.57242e-09
12.9 5.37622e-10 2.52564e-09
12.925 5.32785e-10 2.46839e-09
12.95 5.26402e-10 2.40129e-09
12.975 5.18537e-10 2.32496e-09
13 5.09266e-10 2.24012e-09
13.025 4.98685e-10 2.14748e-09
13.05 4.86903e-10 2.04783e-09
13.075 4.74043e-10 1.94194e-09
13.1 4.60245e-10 1.83067e-09
13.125 4.4566e-10 1.71485e-09
13.15 4.30453e-10 1.59536e-09
13.175 4.14799e-10 1.47309e-09
13.2 3.98886e-10 1.34893e-09
13.225 3.82908e-10 1.22381e-09
13.25 3.67069e-10 1.09862e-09
13.275 3.51579e-10 9.7428e-10
13.3 3.36653e-10 8.51681e-10
13.325 3.22511e-10 7.31717e-10
13.35 3.09371e-10 6.15259e-10
13.375 2.97457e-10 5.03162e-10
13.4 2.86987e-10 3.96252e-10
13.425 2.7818e-10 2.95329e-10
13.45 2.71249e-10 2.0116e-10
13.475 2.66402e-10 1.14474e-10
13.5 2.63839e-10 3.59605e-11
13.525 2.63753e-10 -3.37329e-11
13.55 2.66325e-10 -9.40061e-11
13.575 2.71726e-10 -1.44308e-10
13.6 2.80115e-10 -1.84137e-10
13.625 2.91636e-10 -2.13049e-10
13.65 3.06419e-10 -2.30649e-10
13.675 3.24579e-10 -2.36605e-10
13.7 3.46214e-10 -2.30639e-10
13.725 3.71405e-10 -2.12533e-10
13.75 4.00215e-10 -1.82126e-10
13.775 4.32689e-10 -1.3932e-10
13.8 4.68853e-10 -8.40728e-11
13.825 5.08716e-10 -1.64026e-11
13.85 5.52265e-10 6.36151e-11
13.875 5.99471e-10 1.55848e-10
13.9 6.50284e-10 2.60108e-10
13.925 7.04638e-10 3.76153e-10
13.95 7.62446e-10 5.03691e-10
13.975 8.23607e-10 6.42376e-10
14 8.87998e-10 7.91819e-10
14.025 9.55483e-10 9.51582e-10
14.05 1.02591e-09 1.12119e-09
14.075 1.09911e-09 1.30012e-09
14.1 1.17491e-09 1.48781e-09
14.125 1.2531e-09 1.68369e-09
14.15 1.33349e-09 1.88714e-09
14.175 1.41585e-09 2.0975e-09
14.2 1.49996e-09 2.31411e-09
14.225 1.58559e-09 2.53628e-09
14.25 1.67248e-09 2.76331e-09
14.275 1.76041e-09 2.99448e-09
14.3 1.8491e-09 3.22906e-09
14.325 1.93831e-09 3.46631e-09
14.35 2.02778e-09 3.70551e-09
14.375 2.11725e-09 3.94591e-09
14.4 2.20645e-09 4.18677e-09
14.425 2.29514e-09 4.42738e-09
14.45 2.38305e-09 4.66702e-09
14.475 2.46994e-09 4.90497e-09
14.5 2.55555e-09 5.14056e-09
14.525 2.63966e-09 5.3731e-09
14.55 2.72202e-09 5.60195e-09
14.575 2.8024e-09 5.82647e-09
14.6 2.8806e-09 6.04607e-09
14.625 2.9564e-09 6.26015e-09
14.65 3.02961e-09 6.46818e-09
14.675 3.10003e-09 6.66963e-09
14.7 3.1675e-09 6.864e-09
14.725 3.23185e-09 7.05085e-09
14.75 3.29293e-09 7.22974e-09
14.775 3.3506e-09 7.40028e-09
14.8 3.40473e-09 7.56213e-09
14.825 3.45522e-09 7.71495e-09
14.85 3.50196e-09 7.85846e-09
14.875 3.54487e-09 7.99241e-09
14.9 3.58388e-09 8.11659e-09
14.925 3.61893e-09 8.23081e-09
14.95 3.64998e-09 8.33494e-09
14.975 3.67698e-09 8.42886e-09
15 3.69994e-09 8.51249e-09
15.025 3.71883e-09 8.5858e-09
15.05 3.73368e-09 8.64878e-09
15.075 3.74448e-09 8.70143e-09
15.1 3.75129e-09 8.74382e-09
15.125 3.75413e-09 8.77603e-09
15.15 3.75307e-09 8.79815e-09
15.175 3.74816e-09 8.81034e-09
15.2 3.73947e-09 8.81275e-09
15.225 3.7271e-09 8.80555e-09
15.25 3.71112e-09 8.78897e-09
15.275 3.69163e-09 8.76322e-09
15.3 3.66875e-09 8.72855e-09
15.325 3.64259e-09 8.68523e-09
15.35 3.61325e-09 8.63353e-09
15.375 3.58087e-09 8.57376e-09
15.4 3.54558e-09 8.50621e-09
15.425 3.5075e-09 8.43122e-09
15.45 3.46677e-09 8.3491e-09
15.475 3.42353e-09 8.26021e-09
15.5 3.37793e-09 8.16487e-09
15.525 3.33011e-09 8.06346e-09
15.55 3.28021e-09 7.95631e-09
15.575 3.22837e-09 7.84379e-09
15.6 3.17475e-09 7.72626e-09
15.625 3.11949e-09 7.60408e-09
15.65 3.06273e-09 7.47761e-09
15.675 3.00462e-09 7.3472e-09
15.7 2.9453e-09 7.21322e-09
15.725 2.8849e-09 7.076e-09
15.75 2.82357e-09 6.9359e-09
15.775 2.76145e-09 6.79326e-09
15.8 2.69865e-09 6.64841e-09
15.825 2.63532e-09 6.50167e-09
15.85 2.57157e-09 6.35336e-09
15.875 2.50753e-09 6.20379e-09
15.9 2.44331e-09 6.05326e-09
15.925 2.37902e-09 5.90205e-09
15.95 2.31478e-09 5.75045e-09
15.975 2.25069e-09 5.59872e-09
16 2.18684e-09 5.44711e-09
16.025 2.12333e-09 5.29589e-09
16.05 2.06025e-09 5.14527e-09
16.075 1.99768e-09 4.99548e-09
16.1 1.93571e-09 4.84673e-09
16.125 1.8744e-09 4.69922e-09
16.15 1.81382e-09 4.55314e-09
16.175 1.75405e-09 4.40865e-09
16.2 1.69514e-09 4.26593e-09
16.225 1.63715e-09 4.12512e-09
16.25 1.58012e-09 3.98637e-09
16.275 1.5241e-09 3.8498e-09
16.3 1.46914e-09 3.71553e-09
16.325 1.41527e-09 3.58367e-09
16.35 1.36253e-09 3.45431e-09
16.375 1.31093e-09 3.32754e-09
16.4 1.26052e-09 3.20343e-09
16.425 1.2113e-09 3.08206e-09
16.45 1.16329e-09 2.96347e-09
16.475 1.11652e-09 2.84771e-09
16.5 1.07099e-09 2.73482e-09
16.525 1.0267e-09 2.62484e-09
16.55 9.83657e-10 2.51778e-09
16.575 9.41869e-10 2.41366e-09
16.6 9.0133e-10 2.31249e-09
16.625 8.62037e-10 2.21427e-09
16.65 8.23981e-10 2.119e-09
16.675 7.87155e-10 2.02665e-09
16.7 7.51547e-10 1.93723e-09
16.725 7.17144e-10 1.85069e-09
16.75 6.83932e-10 1.76703e-09
16.775 6.51893e-10 1.68619e-09
16.8 6.21011e-10 1.60816e-09
16.825 5.91264e-10 1.53289e-09
16.85 5.62634e-10 1.46033e-09
16.875 5.35098e-10 1.39045e-09
16.9 5.08633e-10 1.32319e-09
16.925 4.83216e-10 1.25849e-09
16.95 4.58823e-10 1.19632e-09
16.975 4.35429e-10 1.13661e-09
17 4.13008e-10 1.0793e-09
17.025 3.91534e-10 1.02433e-09
17.05 3.70983e-10 9.71655e-10
17.075 3.51326e-10 9.21202e-10
17.1 3.32537e-10 8.72911e-10
17.125 3.14591e-10 8.26722e-10
17.15 2.9746e-10 7.82571e-10
17.175 2.81118e-10 7.40396e-10
17.2 2.65538e-10 7.00136e-10
17.225 2.50694e-10 6.61726e-10
17.25 2.36561e-10 6.25106e-10
17.275 2.23112e-10 5.90215e-10
17.3 2.10323e-10 5.5699e-10
17.325 1.98168e-10 5.25372e-10
17.35 1.86623e-10 4.95302e-10
17.375 1.75664e-10 4.66721e-10
17.4 1.65268e-10 4.39572e-10
17.425 1.5541e-10 4.13799e-10
17.45 1.4607e-10 3.89345e-10
17.475 1.37224e-10 3.66158e-10
17.5 1.28852e-10 3.44185e-10
17.525 1.20933e-10 3.23374e-10
17.55 1.13446e-10 3.03674e-10
17.575 1.06372e-10 2.85038e-10
17.6 9.96916e-11 2.67418e-10
17.625 9.33867e-11 2.50767e-10
17.65 8.74395e-11 2.35041e-10
17.675 8.18326e-11 2.20198e-10
17.7 7.65496e-11 2.06195e-10
17.725 7.15743e-11 1.92992e-10
17.75 6.68915e-11 1.80549e-10
17.775 6.24862e-11 1.68831e-10
17.8 5.83442e-11 1.578e-10
17.825 5.44519e-11 1.47421e-10
17.85 5.07961e-11 1.37662e-10
17.875 4.73642e-11 1.28489e-10
17.9 4.41442e-11 1.19874e-10
17.925 4.11246e-11 1.11784e-10
17.95 3.82943e-11 1.04194e-10
17.975 3.56429e-11 9.70747e-11
18 3.31602e-11 9.04012e-11
18.025 3.08368e-11 8.41487e-11
18.05 2.86635e-11 7.82936e-11
18.075 2.66316e-11 7.28133e-11
18.1 2.47329e-11 6.76865e-11
18.125 2.29594e-11 6.28928e-11
18.15 2.13039e-11 5.84128e-11
18.175 1.97591e-11 5.42279e-11
18.2 1.83184e-11 5.03208e-11
18.225 1.69754e-11 4.66747e-11
18.25 1.57241e-11 4.32739e-11
18.275 1.45588e-11 4.01035e-11
18.3 1.3474e-11 3.71492e-11
18.325 1.24648e-11 3.43976e-11
18.35 1.15263e-11 3.18361e-11
18.375 1.06539e-11 2.94527e-11
18.4 9.84335e-12 2.7236e-11
18.425 9.09067e-12 2.51754e-11
18.45 8.39201e-12 2.32607e-11
18.475 7.74381e-12 2.14826e-11
18.5 7.14269e-12 1.98319e-11
18.525 6.58549e-12 1.83003e-11
18.55 6.06924e-12 1.68799e-11
18.575 5.59115e-12 1.55632e-11
18.6 5.1486e-12 1.43432e-11
18.625 4.73912e-12 1.32133e-11
18.65 4.36042e-12 1.21673e-11
18.675 4.01035e-12 1.11995e-11
18.7 3.68687e-12 1.03044e-11
18.725 3.38811e-12 9.47685e-12
18.75 3.1123e-12 8.7122e-12
18.775 2.85779e-12 8.00594e-12
18.8 2.62303e-12 7.35391e-12
18.825 2.40658e-12 6.75221e-12
18.85 2.20712e-12 6.19722e-12
18.875 2.02337e-12 5.68552e-12
18.9 1.85418e-12 5.21394e-12
18.925 1.69847e-12 4.77954e-12
18.95 1.55521e-12 4.37956e-12
18.975 1.42348e-12 4.01143e-12
19 1.30238e-12 3.67276e-12
19.025 1.19112e-12 3.36134e-12
19.05 1.08894e-12 3.07508e-12
19.075 9.95134e-13 2.81208e-12
19.1 9.09053e-13 2.57054e-12
19.125 8.30094e-13 2.34881e-12
19.15 7.577e-13 2.14536e-12
19.175 6.9135e-13 1.95875e-12
19.2 6.30567e-13 1.78766e-12
19.225 5.74906e-13 1.63088e-12
19.25 5.23956e-13 1.48725e-12
19.275 4.77338e-13 1.35575e-12
19.3 4.34702e-13 1.23538e-12
19.325 3.95722e-13 1.12526e-12
19.35 3.60101e-13 1.02456e-12
19.375 3.27561e-13 9.325e-13
19.4 2.97848e-13 8.48385e-13
19.425 2.70728e-13 7.71557e-13
19.45 2.45985e-13 7.01414e-13
19.475 2.23419e-13 6.37401e-13
19.5 2.02846e-13 5.79006e-13
19.525 1.84099e-13 5.25759e-13
19.55 1.67022e-13 4.77224e-13
19.575 1.51472e-13 4.33003e-13
19.6 1.37319e-13 3.92729e-13
19.625 1.24442e-13 3.56065e-13
19.65 1.1273e-13 3.227e-13
19.675 1.02083e-13 2.92351e-13
19.7 9.24075e-14 2.64754e-13
19.725 8.3618e-14 2.39672e-13
19.75 7.56367e-14 2.16883e-13
19.775 6.83921e-14 1.96187e-13
19.8 6.18187e-14 1.77399e-13
19.825 5.58567e-14 1.6035e-13
19.85 5.04512e-14 1.44884e-13
19.875 4.55522e-14 1.30861e-13
19.9 4.1114e-14 1.18151e-13
19.925 3.70948e-14 1.06635e-13
19.95 3.34563e-14 9.6206e-14
19.975 3.01638e-14 8.67642e-14
20 2.71855e-14 7.822e-14
