0 0.253306 0.253311 -0.00141661 0.125947
0.025 0.253306 0.253311 -0.00141661 0.125947
0.05 0.253251 0.253271 -0.00141761 0.125927
0.075 0.25316 0.253205 -0.00141927 0.125893
0.1 0.253032 0.253112 -0.00142158 0.125845
0.125 0.252867 0.252991 -0.00142452 0.125783
0.15 0.252664 0.252842 -0.00142807 0.125707
0.175 0.252424 0.252665 -0.00143222 0.125616
0.2 0.252145 0.252458 -0.00143693 0.125511
0.225 0.251827 0.252221 -0.00144217 0.12539
0.25 0.251469 0.251953 -0.0014479 0.125253
0.275 0.251071 0.251652 -0.00145409 0.125099
0.3 0.250631 0.251318 -0.0014607 0.124929
0.325 0.25015 0.250949 -0.00146767 0.124741
0.35 0.249625 0.250544 -0.00147496 0.124534
0.375 0.249057 0.250101 -0.00148253 0.124309
0.4 0.248444 0.249619 -0.0014903 0.124064
0.425 0.247784 0.249097 -0.00149824 0.123799
0.45 0.247078 0.248533 -0.00150627 0.123513
0.475 0.246324 0.247925 -0.00151434 0.123205
0.5 0.245521 0.247272 -0.0015224 0.122875
0.525 0.244668 0.246572 -0.00153037 0.122521
0.55 0.243764 0.245823 -0.00153819 0.122143
0.575 0.242808 0.245025 -0.00154579 0.12174
0.6 0.241799 0.244175 -0.00155313 0.121311
0.625 0.240736 0.243273 -0.00156012 0.120856
0.65 0.239618 0.242315 -0.00156671 0.120374
0.675 0.238445 0.241302 -0.00157282 0.119865
0.7 0.237215 0.240231 -0.00157841 0.119327
0.725 0.235928 0.239102 -0.0015834 0.118759
0.75 0.234583 0.237913 -0.00158775 0.118163
0.775 0.233179 0.236663 -0.00159138 0.117536
0.8 0.231716 0.235351 -0.00159424 0.116879
0.825 0.230194 0.233977 -0.00159629 0.11619
0.85 0.228612 0.232538 -0.00159746 0.11547
0.875 0.22697 0.231035 -0.00159771 0.114719
0.9 0.225268 0.229468 -0.00159699 0.113935
0.925 0.223505 0.227834 -0.00159527 0.11312
0.95 0.221682 0.226136 -0.00159249 0.112272
0.975 0.2198 0.224371 -0.00158864 0.111391
1 0.217857 0.222541 -0.00158366 0.110478
1.025 0.215855 0.220644 -0.00157755 0.109533
1.05 0.213795 0.218683 -0.00157026 0.108556
1.075 0.211676 0.216656 -0.00156179 0.107547
1.1 0.2095 0.214566 -0.00155212 0.106507
1.125 0.207268 0.212411 -0.00154123 0.105435
1.15 0.204981 0.210194 -0.00152911 0.104332
1.175 0.202639 0.207915 -0.00151577 0.1032
1.2 0.200244 0.205576 -0.00150121 0.102037
1.225 0.197797 0.203177 -0.00148543 0.100846
1.25 0.1953 0.200721 -0.00146844 0.0996263
1.275 0.192755 0.198209 -0.00145025 0.0983793
1.3 0.190163 0.195642 -0.00143089 0.0971058
1.325 0.187526 0.193024 -0.00141037 0.0958066
1.35 0.184845 0.190354 -0.00138873 0.0944828
1.375 0.182124 0.187637 -0.00136598 0.0931355
1.4 0.179364 0.184874 -0.00134217 0.0917657
1.425 0.176566 0.182066 -0.00131733 0.0903746
1.45 0.173735 0.179218 -0.0012915 0.0889633
1.475 0.170871 0.176331 -0.00126472 0.0875333
1.5 0.167977 0.173408 -0.00123704 0.0860856
1.525 0.165056 0.170452 -0.00120852 0.0846217
1.55 0.162109 0.167465 -0.00117919 0.083143
1.575 0.159141 0.164451 -0.00114912 0.0816507
1.6 0.156153 0.161411 -0.00111836 0.0801464
1.625 0.153148 0.15835 -0.00108697 0.0786314
1.65 0.150128 0.155269 -0.001055 0.0771072
1.675 0.147097 0.152173 -0.00102252 0.0755752
1.7 0.144057 0.149064 -0.000989596 0.074037
1.725 0.141011 0.145944 -0.000956279 0.0724939
1.75 0.137961 0.142818 -0.000922637 0.0709475
1.775 0.13491 0.139687 -0.000888732 0.0693992
1.8 0.131861 0.136556 -0.000854629 0.0678505
1.825 0.128816 0.133426 -0.000820391 0.0663029
1.85 0.125779 0.130301 -0.000786079 0.0647576
1.875 0.122751 0.127184 -0.000751758 0.0632162
1.9 0.119736 0.124078 -0.000717487 0.0616801
1.925 0.116735 0.120984 -0.000683327 0.0601505
1.95 0.113751 0.117907 -0.000649338 0.0586288
1.975 0.110787 0.114848 -0.000615577 0.0571164
2 0.107845 0.111811 -0.000582101 0.0556144
2.025 0.104928 0.108797 -0.000548962 0.0541241
2.05 0.102037 0.10581 -0.000516214 0.0526466
2.075 0.0991738 0.10285 -0.000483907 0.0511832
2.1 0.0963417 0.0999219 -0.000452089 0.0497349
2.125 0.0935421 0.0970262 -0.000420805 0.0483027
2.15 0.0907769 0.0941654 -0.000390098 0.0468876
2.175 0.0880479 0.0913414 -0.000360009 0.0454907
2.2 0.0853567 0.088556 -0.000330577 0.0441127
2.225 0.082705 0.085811 -0.000301835 0.0427546
2.25 0.0800942 0.0831079 -0.000273817 0.041417
2.275 0.0775257 0.0804483 -0.000246553 0.0401009
2.3 0.0750009 0.0778336 -0.000220068 0.0388067
2.325 0.0725209 0.075265 -0.000194388 0.0375353
2.35 0.0700867 0.0727438 -0.000169533 0.0362871
2.375 0.0676995 0.0702709 -0.000145522 0.0350627
2.4 0.06536 0.0678475 -0.00012237 0.0338626
2.425 0.0630691 0.0654742 -0.00010009 0.0326871
2.45 0.0608274 0.0631519 -7.86922e-05 0.0315366
2.475 0.0586356 0.0608812 -5.8184e-05 0.0304115
2.5 0.0564942 0.0586626 -3.85701e-05 0.029312
2.525 0.0544035 0.0564965 -1.98529e-05 0.0282383
2.55 0.0523638 0.0543833 -2.03217e-06 0.0271906
2.575 0.0503754 0.0523231 1.48946e-05 0.026169
2.6 0.0484385 0.0503162 3.09322e-05 0.0251736
2.625 0.0465529 0.0483626 4.60876e-05 0.0242043
2.65 0.0447188 0.0464622 6.03696e-05 0.0232613
2.675 0.0429359 0.0446149 7.37894e-05 0.0223443
2.7 0.0412041 0.0428205 8.63595e-05 0.0214534
2.725 0.0395232 0.0410786 9.80945e-05 0.0205884
2.75 0.0378926 0.0393891 0.00010901 0.019749
2.775 0.0363122 0.0377513 0.000119125 0.0189352
2.8 0.0347813 0.0361648 0.000128456 0.0181466
2.825 0.0332995 0.0346291 0.000137025 0.0173831
2.85 0.0318661 0.0331435 0.000144853 0.0166442
2.875 0.0304805 0.0317073 0.000151961 0.0159297
2.9 0.029142 0.0303199 0.000158372 0.0152391
2.925 0.0278499 0.0289804 0.000164111 0.0145723
2.95 0.0266034 0.0276881 0.000169202 0.0139286
2.975 0.0254017 0.026442 0.000173669 0.0133078
3 0.0242438 0.0252413 0.000177538 0.0127094
3.025 0.023129 0.024085 0.000180834 0.0121329
3.05 0.0220563 0.0229723 0.000183583 0.0115779
3.075 0.0210248 0.0219021 0.000185811 0.011044
3.1 0.0200334 0.0208734 0.000187544 0.0105305
3.125 0.0190813 0.0198853 0.000188807 0.0100371
3.15 0.0181674 0.0189366 0.000189626 0.00956313
3.175 0.0172907 0.0180264 0.000190026 0.00910823
3.2 0.0164503 0.0171536 0.000190033 0.00867182
3.225 0.015645 0.0163171 0.00018967 0.00825339
3.25 0.0148738 0.0155159 0.000188962 0.00785244
3.275 0.0141358 0.0147489 0.000187933 0.00746843
3.3 0.0134298 0.0140151 0.000186606 0.00710085
3.325 0.012755 0.0133134 0.000185003 0.00674919
3.35 0.0121102 0.0126427 0.000183146 0.00641293
3.375 0.0114944 0.0120021 0.000181056 0.00609156
3.4 0.0109067 0.0113904 0.000178753 0.00578459
3.425 0.010346 0.0108067 0.000176258 0.0054915
3.45 0.00981139 0.01025 0.00017359 0.00521181
3.475 0.00930191 0.0097193 0.000170765 0.00494503
3.5 0.00881659 0.00921359 0.000167803 0.0046907
3.525 0.00835451 0.00873193 0.000164719 0.00444833
3.55 0.00791476 0.0082734 0.000161529 0.00421746
3.575 0.00749645 0.00783707 0.000158249 0.00399766
3.6 0.0070987 0.00742205 0.000154892 0.00378847
3.625 0.00672066 0.00702748 0.000151472 0.00358948
3.65 0.00636151 0.00665249 0.000148002 0.00340025
3.675 0.00602044 0.00629626 0.000144493 0.00322038
3.7 0.00569666 0.00595798 0.000140957 0.00304947
3.725 0.0053894 0.00563688 0.000137404 0.00288714
3.75 0.00509794 0.00533218 0.000133844 0.00273301
3.775 0.00482156 0.00504316 0.000130285 0.00258672
3.8 0.00455955 0.0047691 0.000126736 0.00244792
3.825 0.00431126 0.00450932 0.000123205 0.00231626
3.85 0.00407604 0.00426314 0.000119698 0.00219142
3.875 0.00385325 0.00402993 0.000116222 0.00207308
3.9 0.00364231 0.00380907 0.000112782 0.00196092
3.925 0.00344264 0.00359996 0.000109385 0.00185467
3.95 0.00325368 0.00340203 0.000106034 0.00175403
3.975 0.00307489 0.00321473 0.000102734 0.00165873
4 0.00290577 0.00303754 9.94883e-05 0.00156851
4.025 0.00274583 0.00286994 9.63005e-05 0.00148312
4.05 0.00259459 0.00271144 9.31733e-05 0.00140231
4.075 0.00245161 0.00256159 9.01091e-05 0.00132585
4.1 0.00231645 0.00241994 8.71099e-05 0.00125352
4.125 0.00218872 0.00228606 8.41774e-05 0.00118512
4.15 0.00206801 0.00215955 8.1313e-05 0.00112043
4.175 0.00195395 0.00204001 7.85176e-05 0.00105926
4.2 0.00184619 0.00192708 7.57922e-05 0.00100144
4.225 0.00174439 0.00182041 7.31371e-05 0.000946773
4.25 0.00164823 0.00171965 7.05526e-05 0.000895103
4.275 0.00155739 0.0016245 6.80388e-05 0.000846268
4.3 0.0014716 0.00153464 6.55955e-05 0.000800115
4.325 0.00139057 0.00144978 6.32223e-05 0.000756501
4.35 0.00131404 0.00136965 6.09188e-05 0.000715286
4.375 0.00124176 0.001294 5.86842e-05 0.000676341
4.4 0.00117349 0.00122256 5.65177e-05 0.000639541
4.425 0.00110902 0.00115512 5.44185e-05 0.000604769
4.45 0.00104813 0.00109144 5.23856e-05 0.000571913
4.475 0.000990616 0.00103132 5.04177e-05 0.000540867
4.5 0.000936296 0.000974549 4.85138e-05 0.000511531
4.525 0.000884989 0.000920948 4.66726e-05 0.00048381
4.55 0.000836523 0.000870336 4.48927e-05 0.000457615
4.575 0.000790741 0.000822545 4.31729e-05 0.000432859
4.6 0.000747491 0.000777414 4.15116e-05 0.000409463
4.625 0.00070663 0.000734793 3.99075e-05 0.00038735
4.65 0.000668023 0.00069454 3.83592e-05 0.00036645
4.675 0.000631545 0.000656522 3.68651e-05 0.000346693
4.7 0.000597074 0.00062061 3.54239e-05 0.000328017
4.725 0.000564498 0.000586687 3.40339e-05 0.00031036
4.75 0.000533711 0.000554639 3.26939e-05 0.000293666
4.775 0.000504612 0.00052436 3.14023e-05 0.000277881
4.8 0.000477107 0.00049575 3.01576e-05 0.000262954
4.825 0.000451106 0.000468715 2.89584e-05 0.000248837
4.85 0.000426526 0.000443166 2.78034e-05 0.000235485
4.875 0.000403286 0.000419019 2.6691e-05 0.000222855
4.9 0.000381314 0.000396195 2.562e-05 0.000210908
4.925 0.000360538 0.000374621 2.45891e-05 0.000199605
4.95 0.000340892 0.000354225 2.35968e-05 0.000188911
4.975 0.000322313 0.000334943 2.26419e-05 0.000178792
5 0.000304744 0.000316712 2.17231e-05 0.000169217
5.025 0.000288128 0.000299473 2.08393e-05 0.000160156
5.05 0.000272414 0.000283172 1.99892e-05 0.00015158
5.075 0.000257552 0.000267756 1.91717e-05 0.000143464
5.1 0.000243496 0.000253178 1.83855e-05 0.000135782
5.125 0.000230201 0.00023939 1.76297e-05 0.00012851
5.15 0.000217627 0.00022635 1.69032e-05 0.000121627
5.175 0.000205735 0.000214017 1.62049e-05 0.000115111
5.2 0.000194488 0.000202351 1.55338e-05 0.000108943
5.225 0.000183851 0.000191318 1.48889e-05 0.000103103
5.25 0.000173791 0.000180882 1.42694e-05 9.75755e-05
5.275 0.000164278 0.000171011 1.36742e-05 9.23425e-05
5.3 0.000155282 0.000161674 1.31026e-05 8.73885e-05
5.325 0.000146776 0.000152844 1.25536e-05 8.26988e-05
5.35 0.000138733 0.000144492 1.20265e-05 7.82593e-05
5.375 0.000131129 0.000136593 1.15204e-05 7.40569e-05
5.4 0.00012394 0.000129124 1.10346e-05 7.00791e-05
5.425 0.000117145 0.00012206 1.05683e-05 6.63139e-05
5.45 0.000110721 0.00011538 1.01208e-05 6.27502e-05
5.475 0.00010465 0.000109064 9.69137e-06 5.93775e-05
5.5 9.89126e-05 0.000103092 9.27942e-06 5.61856e-05
5.525 9.34909e-05 9.74461e-05 8.88425e-06 5.31652e-05
5.55 8.8368e-05 9.21091e-05 8.50525e-06 5.03072e-05
5.575 8.3528e-05 8.70642e-05 8.1418e-06 4.7603e-05
5.6 7.89556e-05 8.22961e-05 7.79332e-06 4.50447e-05
5.625 7.46366e-05 7.77898e-05 7.45924e-06 4.26245e-05
5.65 7.05571e-05 7.35316e-05 7.13902e-06 4.03353e-05
5.675 6.67043e-05 6.9508e-05 6.83213e-06 3.81701e-05
5.7 6.3066e-05 6.57066e-05 6.53806e-06 3.61223e-05
5.725 5.96303e-05 6.21154e-05 6.25631e-06 3.41859e-05
5.75 5.63863e-05 5.87232e-05 5.98642e-06 3.23548e-05
5.775 5.33236e-05 5.55192e-05 5.72791e-06 3.06236e-05
5.8 5.0432e-05 5.24933e-05 5.48035e-06 2.89868e-05
5.825 4.77023e-05 4.96359e-05 5.24331e-06 2.74396e-05
5.85 4.51255e-05 4.69378e-05 5.01636e-06 2.59771e-05
5.875 4.2693e-05 4.43902e-05 4.79912e-06 2.45947e-05
5.9 4.03969e-05 4.19851e-05 4.59119e-06 2.32881e-05
5.925 3.82295e-05 3.97145e-05 4.39219e-06 2.20534e-05
5.95 3.61835e-05 3.75711e-05 4.20178e-06 2.08865e-05
5.975 3.42522e-05 3.55478e-05 4.01959e-06 1.97837e-05
6 3.24291e-05 3.3638e-05 3.8453e-06 1.87416e-05
6.025 3.0708e-05 3.18353e-05 3.67857e-06 1.77569e-05
6.05 2.90831e-05 3.01337e-05 3.51909e-06 1.68264e-05
6.075 2.75489e-05 2.85275e-05 3.36657e-06 1.59471e-05
6.1 2.61002e-05 2.70114e-05 3.22071e-06 1.51161e-05
6.125 2.47321e-05 2.55802e-05 3.08122e-06 1.43307e-05
6.15 2.344e-05 2.42291e-05 2.94784e-06 1.35885e-05
6.175 2.22194e-05 2.29536e-05 2.82031e-06 1.28869e-05
6.2 2.10662e-05 2.17492e-05 2.69837e-06 1.22238e-05
6.225 1.99765e-05 2.06119e-05 2.58178e-06 1.15968e-05
6.25 1.89466e-05 1.95378e-05 2.47032e-06 1.10041e-05
6.275 1.7973e-05 1.85232e-05 2.36375e-06 1.04435e-05
6.3 1.70525e-05 1.75647e-05 2.26186e-06 9.91329e-06
6.325 1.61819e-05 1.6659e-05 2.16444e-06 9.41173e-06
6.35 1.53582e-05 1.5803e-05 2.07129e-06 8.93716e-06
6.375 1.45789e-05 1.49938e-05 1.98223e-06 8.48804e-06
6.4 1.38412e-05 1.42287e-05 1.89708e-06 8.06289e-06
6.425 1.31427e-05 1.3505e-05 1.81564e-06 7.66033e-06
6.45 1.24812e-05 1.28204e-05 1.73776e-06 7.27907e-06
6.475 1.18545e-05 1.21725e-05 1.66328e-06 6.91787e-06
6.5 1.12606e-05 1.15591e-05 1.59204e-06 6.57558e-06
6.525 1.06975e-05 1.09783e-05 1.52389e-06 6.2511e-06
6.55 1.01635e-05 1.04281e-05 1.4587e-06 5.94342e-06
6.575 9.65687e-06 9.9068e-06 1.39633e-06 5.65156e-06
6.6 9.17611e-06 9.41262e-06 1.33664e-06 5.37463e-06
6.625 8.71971e-06 8.94402e-06 1.27952e-06 5.11177e-06
6.65 8.28628e-06 8.49952e-06 1.22485e-06 4.86218e-06
6.675 7.87455e-06 8.07772e-06 1.17252e-06 4.62512e-06
6.7 7.48328e-06 7.67732e-06 1.12241e-06 4.39987e-06
6.725 7.11136e-06 7.29711e-06 1.07444e-06 4.18577e-06
6.75 6.7577e-06 6.93593e-06 1.0285e-06 3.98222e-06
6.775 6.42133e-06 6.59273e-06 9.845e-07 3.78862e-06
6.8 6.1013e-06 6.2665e-06 9.42354e-07 3.60443e-06
6.825 5.79675e-06 5.9563e-06 9.01978e-07 3.42914e-06
6.85 5.50686e-06 5.66126e-06 8.63293e-07 3.26228e-06
6.875 5.23087e-06 5.38055e-06 8.26224e-07 3.10339e-06
6.9 4.96807e-06 5.11341e-06 7.907e-07 2.95205e-06
6.925 4.71779e-06 4.85912e-06 7.56653e-07 2.80788e-06
6.95 4.4794e-06 4.617e-06 7.24019e-07 2.67051e-06
6.975 4.25233e-06 4.38643e-06 6.92737e-07 2.53958e-06
7 4.03602e-06 4.16682e-06 6.62748e-07 2.41478e-06
7.025 3.82997e-06 3.95762e-06 6.33998e-07 2.29581e-06
7.05 3.63368e-06 3.7583e-06 6.06434e-07 2.18237e-06
7.075 3.4467e-06 3.5684e-06 5.80008e-07 2.0742e-06
7.1 3.26862e-06 3.38744e-06 5.5467e-07 1.97105e-06
7.125 3.09903e-06 3.21501e-06 5.30378e-07 1.87269e-06
7.15 2.93754e-06 3.0507e-06 5.07088e-07 1.7789e-06
7.175 2.78381e-06 2.89415e-06 4.8476e-07 1.68945e-06
7.2 2.6375e-06 2.74498e-06 4.63355e-07 1.60417e-06
7.225 2.49828e-06 2.60288e-06 4.42837e-07 1.52286e-06
7.25 2.36585e-06 2.46752e-06 4.23171e-07 1.44535e-06
7.275 2.23993e-06 2.33861e-06 4.04323e-07 1.37147e-06
7.3 2.12023e-06 2.21587e-06 3.86261e-07 1.30106e-06
7.325 2.00648e-06 2.09902e-06 3.68956e-07 1.23399e-06
7.35 1.89845e-06 1.98782e-06 3.52379e-07 1.1701e-06
7.375 1.79588e-06 1.88203e-06 3.36501e-07 1.10927e-06
7.4 1.69855e-06 1.78142e-06 3.21296e-07 1.05136e-06
7.425 1.60622e-06 1.68577e-06 3.06738e-07 9.96254e-07
7.45 1.51868e-06 1.59487e-06 2.92804e-07 9.43837e-07
7.475 1.43573e-06 1.50852e-06 2.79469e-07 8.93997e-07
7.5 1.35717e-06 1.42654e-06 2.66711e-07 8.46627e-07
7.525 1.28279e-06 1.34874e-06 2.54509e-07 8.01624e-07
7.55 1.21241e-06 1.27494e-06 2.42841e-07 7.5889e-07
7.575 1.14585e-06 1.20498e-06 2.31687e-07 7.18332e-07
7.6 1.08293e-06 1.13868e-06 2.21028e-07 6.79856e-07
7.625 1.02348e-06 1.07591e-06 2.10845e-07 6.43376e-07
7.65 9.67341e-07 1.01649e-06 2.0112e-07 6.08805e-07
7.675 9.14349e-07 9.60291e-07 1.91834e-07 5.76063e-07
7.7 8.6435e-07 9.07165e-07 1.82972e-07 5.45068e-07
7.725 8.17196e-07 8.56973e-07 1.74516e-07 5.15744e-07
7.75 7.72742e-07 8.09583e-07 1.6645e-07 4.88016e-07
7.775 7.30851e-07 7.64864e-07 1.58759e-07 4.61812e-07
7.8 6.91388e-07 7.22692e-07 1.51429e-07 4.37061e-07
7.825 6.54227e-07 6.82945e-07 1.44443e-07 4.13694e-07
7.85 6.19242e-07 6.45504e-07 1.37788e-07 3.91646e-07
7.875 5.86316e-07 6.10254e-07 1.3145e-07 3.70852e-07
7.9 5.55336e-07 5.77086e-07 1.25417e-07 3.51251e-07
7.925 5.26193e-07 5.45891e-07 1.19674e-07 3.32782e-07
7.95 4.98782e-07 5.16565e-07 1.14209e-07 3.15387e-07
7.975 4.73005e-07 4.89008e-07 1.0901e-07 2.99009e-07
8 4.48767e-07 4.63124e-07 1.04066e-07 2.83595e-07
8.025 4.25978e-07 4.38818e-07 9.93636e-08 2.69091e-07
8.05 4.04552e-07 4.16e-07 9.48931e-08 2.55446e-07
8.075 3.84407e-07 3.94583e-07 9.06432e-08 2.42613e-07
8.1 3.65465e-07 3.74485e-07 8.66036e-08 2.30545e-07
8.125 3.47653e-07 3.55626e-07 8.27642e-08 2.19195e-07
8.15 3.30901e-07 3.37928e-07 7.91151e-08 2.08522e-07
8.175 3.15142e-07 3.21319e-07 7.56471e-08 1.98483e-07
8.2 3.00314e-07 3.0573e-07 7.23509e-08 1.8904e-07
8.225 2.86357e-07 2.91093e-07 6.92178e-08 1.80155e-07
8.25 2.73213e-07 2.77345e-07 6.62394e-08 1.71792e-07
8.275 2.60831e-07 2.64427e-07 6.34075e-08 1.63917e-07
8.3 2.4916e-07 2.52282e-07 6.07144e-08 1.56498e-07
8.325 2.3815e-07 2.40856e-07 5.81526e-08 1.49504e-07
8.35 2.27758e-07 2.30099e-07 5.57149e-08 1.42907e-07
8.375 2.1794e-07 2.19963e-07 5.33945e-08 1.36679e-07
8.4 2.08656e-07 2.10403e-07 5.11848e-08 1.30794e-07
8.425 1.99868e-07 2.01378e-07 4.90795e-08 1.25229e-07
8.45 1.9154e-07 1.92847e-07 4.70728e-08 1.1996e-07
8.475 1.83638e-07 1.84775e-07 4.51589e-08 1.14967e-07
8.5 1.7613e-07 1.77128e-07 4.33325e-08 1.1023e-07
8.525 1.68986e-07 1.69873e-07 4.15884e-08 1.05731e-07
8.55 1.62179e-07 1.62981e-07 3.99219e-08 1.01451e-07
8.575 1.55681e-07 1.56424e-07 3.83284e-08 9.73763e-08
8.6 1.4947e-07 1.50178e-07 3.68035e-08 9.34907e-08
8.625 1.43521e-07 1.44218e-07 3.53433e-08 8.97808e-08
8.65 1.37815e-07 1.38524e-07 3.3944e-08 8.62339e-08
8.675 1.32331e-07 1.33075e-07 3.26019e-08 8.28384e-08
8.7 1.27053e-07 1.27853e-07 3.13138e-08 7.95834e-08
8.725 1.21964e-07 1.22841e-07 3.00766e-08 7.6459e-08
8.75 1.1705e-07 1.18025e-07 2.88873e-08 7.34561e-08
8.775 1.12298e-07 1.13389e-07 2.77433e-08 7.05664e-08
8.8 1.07695e-07 1.08922e-07 2.6642e-08 6.77823e-08
8.825 1.03232e-07 1.04612e-07 2.55813e-08 6.50968e-08
8.85 9.89001e-08 1.00448e-07 2.45588e-08 6.25036e-08
8.875 9.46912e-08 9.64214e-08 2.35727e-08 5.99971e-08
8.9 9.05989e-08 9.25228e-08 2.26212e-08 5.7572e-08
8.925 8.66179e-08 8.87449e-08 2.17026e-08 5.52238e-08
8.95 8.27438e-08 8.5081e-08 2.08154e-08 5.29482e-08
8.975 7.89731e-08 8.1525e-08 1.99582e-08 5.07416e-08
9 7.53034e-08 7.80716e-08 1.91297e-08 4.86006e-08
9.025 7.17328e-08 7.4716e-08 1.83288e-08 4.65224e-08
9.05 6.82603e-08 7.14544e-08 1.75544e-08 4.45044e-08
9.075 6.48852e-08 6.82831e-08 1.68055e-08 4.25443e-08
9.1 6.16075e-08 6.51993e-08 1.60814e-08 4.06404e-08
9.125 5.84276e-08 6.22005e-08 1.53812e-08 3.87908e-08
9.15 5.53461e-08 5.92846e-08 1.47041e-08 3.69944e-08
9.175 5.23637e-08 5.64501e-08 1.40496e-08 3.52498e-08
9.2 4.94815e-08 5.36956e-08 1.3417e-08 3.35563e-08
9.225 4.67004e-08 5.10204e-08 1.28057e-08 3.19131e-08
9.25 4.40213e-08 4.84236e-08 1.22153e-08 3.03195e-08
9.275 4.14452e-08 4.5905e-08 1.16453e-08 2.87752e-08
9.3 3.89726e-08 4.34643e-08 1.10952e-08 2.72798e-08
9.325 3.6604e-08 4.11015e-08 1.05647e-08 2.58331e-08
9.35 3.43395e-08 3.88167e-08 1.00533e-08 2.4435e-08
9.375 3.21791e-08 3.66101e-08 9.56066e-09 2.30854e-08
9.4 3.01222e-08 3.44821e-08 9.08643e-09 2.17842e-08
9.425 2.81681e-08 3.24327e-08 8.63027e-09 2.05315e-08
9.45 2.63156e-08 3.04625e-08 8.19183e-09 1.93271e-08
9.475 2.4563e-08 2.85715e-08 7.77078e-09 1.81711e-08
9.5 2.29086e-08 2.67599e-08 7.3668e-09 1.70634e-08
9.525 2.135e-08 2.50279e-08 6.97955e-09 1.60037e-08
9.55 1.98848e-08 2.33753e-08 6.60871e-09 1.4992e-08
9.575 1.85099e-08 2.18019e-08 6.25395e-09 1.40279e-08
9.6 1.72222e-08 2.03074e-08 5.91492e-09 1.31112e-08
9.625 1.60185e-08 1.88912e-08 5.5913e-09 1.22413e-08
9.65 1.4895e-08 1.75525e-08 5.28272e-09 1.14176e-08
9.675 1.38482e-08 1.62904e-08 4.98886e-09 1.06396e-08
9.7 1.28741e-08 1.51037e-08 4.70934e-09 9.90654e-09
9.725 1.19688e-08 1.3991e-08 4.44381e-09 9.21742e-09
9.75 1.11285e-08 1.29507e-08 4.19189e-09 8.57132e-09
9.775 1.03492e-08 1.19811e-08 3.95322e-09 7.96714e-09
9.8 9.62714e-09 1.10799e-08 3.72741e-09 7.40368e-09
9.825 8.95847e-09 1.02452e-08 3.51408e-09 6.87966e-09
9.85 8.3396e-09 9.47455e-09 3.31283e-09 6.39369e-09
9.875 7.76706e-09 8.76535e-09 3.12327e-09 5.94431e-09
9.9 7.23755e-09 8.11497e-09 2.94499e-09 5.52998e-09
9.925 6.74797e-09 7.52063e-09 2.7776e-09 5.14912e-09
9.95 6.29544e-09 6.97945e-09 2.62068e-09 4.80007e-09
9.975 5.8773e-09 6.48846e-09 2.47383e-09 4.48115e-09
10 5.49112e-09 6.04468e-09 2.33664e-09 4.19066e-09
10.025 5.1347e-09 5.64507e-09 2.20868e-09 3.92688e-09
10.05 4.80605e-09 5.28659e-09 2.08956e-09 3.68808e-09
10.075 4.50342e-09 4.96625e-09 1.97885e-09 3.47255e-09
10.1 4.22524e-09 4.68109e-09 1.87615e-09 3.27862e-09
10.125 3.97014e-09 4.4282e-09 1.78105e-09 3.10463e-09
10.15 3.73692e-09 4.20479e-09 1.69314e-09 2.94896e-09
10.175 3.52451e-09 4.00813e-09 1.61202e-09 2.81008e-09
10.2 3.33199e-09 3.83566e-09 1.5373e-09 2.68648e-09
10.225 3.15854e-09 3.68491e-09 1.46857e-09 2.57674e-09
10.25 3.00339e-09 3.55357e-09 1.40546e-09 2.47951e-09
10.275 2.86586e-09 3.43947e-09 1.34759e-09 2.39353e-09
10.3 2.74528e-09 3.34063e-09 1.29459e-09 2.31761e-09
10.325 2.641e-09 3.25518e-09 1.24608e-09 2.25063e-09
10.35 2.55236e-09 3.18145e-09 1.20173e-09 2.19159e-09
10.375 2.47866e-09 3.11791e-09 1.16119e-09 2.13955e-09
10.4 2.41919e-09 3.0632e-09 1.12413e-09 2.09366e-09
10.425 2.37315e-09 3.01608e-09 1.09022e-09 2.05315e-09
10.45 2.33969e-09 2.9755e-09 1.05916e-09 2.01733e-09
10.475 2.31789e-09 2.94048e-09 1.03065e-09 1.98557e-09
10.5 2.30676e-09 2.91022e-09 1.00441e-09 1.95732e-09
10.525 2.30522e-09 2.884e-09 9.80171e-10 1.93209e-09
10.55 2.31215e-09 2.8612e-09 9.5768e-10 1.90944e-09
10.575 2.32634e-09 2.8413e-09 9.36698e-10 1.889e-09
10.6 2.34653e-09 2.82383e-09 9.16999e-10 1.87041e-09
10.625 2.37142e-09 2.8084e-09 8.98374e-10 1.85339e-09
10.65 2.39968e-09 2.79466e-09 8.80629e-10 1.83764e-09
10.675 2.42996e-09 2.78229e-09 8.63584e-10 1.82294e-09
10.7 2.46091e-09 2.77103e-09 8.47077e-10 1.80905e-09
10.725 2.4912e-09 2.76058e-09 8.30958e-10 1.79577e-09
10.75 2.51954e-09 2.7507e-09 8.15096e-10 1.7829e-09
10.775 2.54468e-09 2.74113e-09 7.99372e-10 1.77025e-09
10.8 2.56546e-09 2.7316e-09 7.83682e-10 1.75764e-09
10.825 2.5808e-09 2.72183e-09 7.67936e-10 1.74488e-09
10.85 2.5897e-09 2.71155e-09 7.52059e-10 1.7318e-09
10.875 2.59132e-09 2.70046e-09 7.35988e-10 1.71822e-09
10.9 2.5849e-09 2.68825e-09 7.19672e-10 1.70396e-09
10.925 2.56987e-09 2.6746e-09 7.03074e-10 1.68884e-09
10.95 2.54577e-09 2.65919e-09 6.86165e-10 1.67268e-09
10.975 2.5123e-09 2.64169e-09 6.68929e-10 1.65531e-09
11 2.46933e-09 2.62176e-09 6.5136e-10 1.63656e-09
11.025 2.41686e-09 2.59908e-09 6.33458e-10 1.61627e-09
11.05 2.35508e-09 2.57333e-09 6.15232e-10 1.59428e-09
11.075 2.28428e-09 2.54424e-09 5.96701e-10 1.57047e-09
11.1 2.20494e-09 2.51151e-09 5.77887e-10 1.5447e-09
11.125 2.11764e-09 2.47492e-09 5.58818e-10 1.51687e-09
11.15 2.02309e-09 2.43426e-09 5.39528e-10 1.48689e-09
11.175 1.9221e-09 2.38938e-09 5.20053e-10 1.45472e-09
11.2 1.81557e-09 2.34016e-09 5.00435e-10 1.4203e-09
11.225 1.70449e-09 2.28655e-09 4.80715e-10 1.38363e-09
11.25 1.58989e-09 2.22854e-09 4.60937e-10 1.34474e-09
11.275 1.47285e-09 2.16619e-09 4.41148e-10 1.30367e-09
11.3 1.35445e-09 2.09962e-09 4.21391e-10 1.26051e-09
11.325 1.23581e-09 2.02901e-09 4.01714e-10 1.21536e-09
11.35 1.11799e-09 1.9546e-09 3.82159e-10 1.16838e-09
11.375 1.00204e-09 1.87668e-09 3.62772e-10 1.11972e-09
11.4 8.88972e-10 1.7956e-09 3.43594e-10 1.0696e-09
11.425 7.79711e-10 1.71178e-09 3.24666e-10 1.01822e-09
11.45 6.75114e-10 1.62565e-09 3.06025e-10 9.65838e-10
11.475 5.75947e-10 1.53772e-09 2.87708e-10 9.12713e-10
11.5 4.82877e-10 1.4485e-09 2.69749e-10 8.59125e-10
11.525 3.9646e-10 1.35856e-09 2.52178e-10 8.05367e-10
11.55 3.17142e-10 1.26845e-09 2.35023e-10 7.51737e-10
11.575 2.45249e-10 1.17877e-09 2.18311e-10 6.98539e-10
11.6 1.80987e-10 1.09009e-09 2.02064e-10 6.46076e-10
11.625 1.24445e-10 1.00299e-09 1.86302e-10 5.94646e-10
11.65 7.55959e-11 9.18038e-10 1.71043e-10 5.44541e-10
11.675 3.42996e-11 8.35767e-10 1.56304e-10 4.96035e-10
11.7 3.11843e-13 7.56686e-10 1.42095e-10 4.4939e-10
11.725 -2.67091e-11 6.81262e-10 1.2843e-10 4.04846e-10
11.75 -4.71924e-11 6.09921e-10 1.15316e-10 3.62618e-10
11.775 -6.16442e-11 5.43035e-10 1.0276e-10 3.22897e-10
11.8 -7.06358e-11 4.80921e-10 9.07673e-11 2.85844e-10
11.825 -7.47908e-11 4.23837e-10 7.93418e-11 2.5159e-10
11.85 -7.47725e-11 3.71978e-10 6.84852e-11 2.20232e-10
11.875 -7.127e-11 3.25473e-10 5.81983e-11 1.91836e-10
11.9 -6.4985e-11 2.84388e-10 4.84806e-11 1.66434e-10
11.925 -5.66189e-11 2.48722e-10 3.93303e-11 1.44026e-10
11.95 -4.68597e-11 2.1841e-10 3.07447e-11 1.24577e-10
11.975 -3.63701e-11 1.93328e-10 2.27203e-11 1.08024e-10
12 -2.57763e-11 1.73291e-10 1.52523e-11 9.42717e-11
12.025 -1.56578e-11 1.58063e-10 8.33531e-12 8.3199e-11
12.05 -6.53857e-12 1.47356e-10 1.96307e-12 7.46596e-11
12.075 1.12056e-12 1.40842e-10 -3.87158e-12 6.84854e-11
12.1 6.92823e-12 1.38155e-10 -9.17659e-12 6.44893e-11
12.125 1.05671e-11 1.38899e-10 -1.39608e-11 6.24692e-11
12.15 1.17971e-11 1.42655e-10 -1.82338e-11 6.22106e-11
12.175 1.0457e-11 1.48989e-10 -2.20061e-11 6.34914e-11
12.2 6.46437e-12 1.57458e-10 -2.52892e-11 6.60844e-11
12.225 -1.85459e-13 1.6762e-10 -2.80956e-11 6.9762e-11
12.25 -9.42265e-12 1.79036e-10 -3.04385e-11 7.42989e-11
12.275 -2.11068e-11 1.91285e-10 -3.23324e-11 7.94761e-11
12.3 -3.50321e-11 2.0396e-10 -3.37927e-11 8.50836e-11
12.325 -5.09343e-11 2.16683e-10 -3.48359e-11 9.09237e-11
12.35 -6.84974e-11 2.29106e-10 -3.54794e-11 9.68133e-11
12.375 -8.73622e-11 2.40915e-10 -3.5742e-11 1.02587e-10
12.4 -1.07135e-10 2.51836e-10 -3.56431e-11 1.08096e-10
12.425 -1.27396e-10 2.61635e-10 -3.52033e-11 1.13216e-10
12.45 -1.4771e-10 2.70126e-10 -3.44444e-11 1.17841e-10
12.475 -1.67635e-10 2.77163e-10 -3.33887e-11 1.21887e-10
12.5 -1.86731e-10 2.8265e-10 -3.20595e-11 1.25295e-10
12.525 -2.0457e-10 2.86534e-10 -3.04809e-11 1.28027e-10
12.55 -2.20744e-10 2.88808e-10 -2.86774e-11 1.30065e-10
12.575 -2.34874e-10 2.89505e-10 -2.66744e-11 1.31415e-10
12.6 -2.46615e-10 2.88699e-10 -2.44971e-11 1.32101e-10
12.625 -2.55666e-10 2.86501e-10 -2.21715e-11 1.32165e-10
12.65 -2.61771e-10 2.83051e-10 -1.97233e-11 1.31664e-10
12.675 -2.64729e-10 2.78521e-10 -1.71783e-11 1.30671e-10
12.7 -2.64392e-10 2.73104e-10 -1.45618e-11 1.29271e-10
12.725 -2.60672e-10 2.67011e-10 -1.18991e-11 1.27556e-10
12.75 -2.53539e-10 2.60468e-10 -9.21443e-12 1.25627e-10
12.775 -2.43024e-10 2.53706e-10 -6.53159e-12 1.23587e-10
12.8 -2.29216e-10 2.46961e-10 -3.8733e-12 1.21544e-10
12.825 -2.12261e-10 2.40464e-10 -1.26123e-12 1.19602e-10
12.85 -1.92359e-10 2.34442e-10 1.28422e-12 1.17863e-10
12.875 -1.69759e-10 2.29105e-10 3.744e-12 1.16425e-10
12.9 -1.44757e-10 2.2465e-10 6.10058e-12 1.15375e-10
12.925 -1.17689e-10 2.21252e-10 8.33806e-12 1.14795e-10
12.95 -8.89248e-11 2.19061e-10 1.04422e-11 1.14751e-10
12.975 -5.88621e-11 2.18201e-10 1.24007e-11 1.15301e-10
13 -2.79195e-11 2.18769e-10 1.42029e-11 1.16486e-10
13.025 3.47056e-12 2.20827e-10 1.58403e-11 1.18334e-10
13.05 3.48689e-11 2.24408e-10 1.7306e-11 1.20857e-10
13.075 6.58372e-11 2.29513e-10 1.85952e-11 1.24054e-10
13.1 9.59445e-11 2.36109e-10 1.9705e-11 1.27907e-10
13.125 1.24775e-10 2.44133e-10 2.06342e-11 1.32384e-10
13.15 1.51932e-10 2.53491e-10 2.13837e-11 1.37437e-10
13.175 1.7705e-10 2.64063e-10 2.19557e-11 1.43009e-10
13.2 1.99791e-10 2.75701e-10 2.23544e-11 1.49028e-10
13.225 2.1986e-10 2.88236e-10 2.25851e-11 1.55411e-10
13.25 2.36999e-10 3.01479e-10 2.26549e-11 1.62067e-10
13.275 2.50998e-10 3.15224e-10 2.25719e-11 1.68898e-10
13.3 2.61694e-10 3.29253e-10 2.23453e-11 1.75799e-10
13.325 2.68975e-10 3.43342e-10 2.19852e-11 1.82664e-10
13.35 2.7278e-10 3.57261e-10 2.15027e-11 1.89382e-10
13.375 2.73098e-10 3.70778e-10 2.09092e-11 1.95844e-10
13.4 2.69969e-10 3.83669e-10 2.02168e-11 2.01943e-10
13.425 2.63483e-10 3.95714e-10 1.94379e-11 2.07576e-10
13.45 2.53778e-10 4.06708e-10 1.85847e-11 2.12646e-10
13.475 2.41036e-10 4.16457e-10 1.76697e-11 2.17064e-10
13.5 2.25479e-10 4.2479e-10 1.6705e-11 2.20747e-10
13.525 2.07369e-10 4.31553e-10 1.57026e-11 2.23628e-10
13.55 1.86998e-10 4.36617e-10 1.46738e-11 2.25645e-10
13.575 1.64687e-10 4.3988e-10 1.36294e-11 2.26755e-10
13.6 1.40781e-10 4.41266e-10 1.25796e-11 2.26923e-10
13.625 1.15641e-10 4.40726e-10 1.15337e-11 2.2613e-10
13.65 8.96404e-11 4.38244e-10 1.05002e-11 2.24372e-10
13.675 6.31574e-11 4.33829e-10 9.48676e-12 2.21658e-10
13.7 3.6572e-11 4.2752e-10 8.49994e-12 2.1801e-10
13.725 1.02587e-11 4.19387e-10 7.54539e-12 2.13466e-10
13.75 -1.54184e-11 4.09522e-10 6.62775e-12 2.08075e-10
13.775 -4.01106e-11 3.98046e-10 5.75064e-12 2.01898e-10
13.8 -6.34897e-11 3.85102e-10 4.91671e-12 1.95009e-10
13.825 -8.52519e-11 3.70853e-10 4.12762e-12 1.8749e-10
13.85 -1.05122e-10 3.55482e-10 3.38414e-12 1.79433e-10
13.875 -1.22856e-10 3.39187e-10 2.68619e-12 1.70936e-10
13.9 -1.38246e-10 3.22176e-10 2.03285e-12 1.62104e-10
13.925 -1.5112e-10 3.04668e-10 1.42252e-12 1.53045e-10
13.95 -1.61344e-10 2.86888e-10 8.52932e-13 1.43871e-10
13.975 -1.68827e-10 2.69063e-10 3.21284e-13 1.34692e-10
14 -1.73514e-10 2.51416e-10 -1.75697e-13 1.2562e-10
14.025 -1.75394e-10 2.3417e-10 -6.41643e-13 1.16764e-10
14.05 -1.74494e-10 2.17537e-10 -1.08045e-12 1.08228e-10
14.075 -1.7088e-10 2.01719e-10 -1.4962e-12 1.00112e-10
14.1 -1.64653e-10 1.86907e-10 -1.89302e-12 9.25069e-11
14.125 -1.55951e-10 1.73272e-10 -2.27503e-12 8.54986e-11
14.15 -1.44942e-10 1.6097e-10 -2.64627e-12 7.91617e-11
14.175 -1.31825e-10 1.50134e-10 -3.01054e-12 7.35616e-11
14.2 -1.16823e-10 1.40876e-10 -3.37143e-12 6.87523e-11
14.225 -1.0018e-10 1.33286e-10 -3.73214e-12 6.47767e-11
14.25 -8.21594e-11 1.27427e-10 -4.09552e-12 6.16656e-11
14.275 -6.30391e-11 1.23339e-10 -4.46396e-12 5.94374e-11
14.3 -4.31059e-11 1.21036e-10 -4.83937e-12 5.80985e-11
14.325 -2.26524e-11 1.20509e-10 -5.22314e-12 5.7643e-11
14.35 -1.97303e-12 1.21722e-10 -5.61613e-12 5.80528e-11
14.375 1.86403e-11 1.24616e-10 -6.01864e-12 5.92988e-11
14.4 3.89023e-11 1.29111e-10 -6.43045e-12 6.13405e-11
14.425 5.85376e-11 1.35106e-10 -6.85077e-12 6.41275e-11
14.45 7.72847e-11 1.42478e-10 -7.27832e-12 6.76001e-11
14.475 9.48991e-11 1.51092e-10 -7.71132e-12 7.16901e-11
14.5 1.11156e-10 1.60792e-10 -8.14753e-12 7.63223e-11
14.525 1.25854e-10 1.71415e-10 -8.58432e-12 8.14153e-11
14.55 1.38815e-10 1.82784e-10 -9.01867e-12 8.68828e-11
14.575 1.49888e-10 1.94717e-10 -9.44728e-12 9.2635e-11
14.6 1.58952e-10 2.07026e-10 -9.86658e-12 9.85798e-11
14.625 1.65913e-10 2.19521e-10 -1.02729e-11 1.04624e-10
14.65 1.70706e-10 2.32013e-10 -1.06623e-11 1.10675e-10
14.675 1.73299e-10 2.44315e-10 -1.10309e-11 1.16642e-10
14.7 1.73689e-10 2.56246e-10 -1.13748e-11 1.22436e-10
14.725 1.71899e-10 2.67635e-10 -1.16904e-11 1.27972e-10
14.75 1.67986e-10 2.78318e-10 -1.19739e-11 1.33172e-10
14.775 1.62028e-10 2.88145e-10 -1.22219e-11 1.37962e-10
14.8 1.54134e-10 2.9698e-10 -1.24313e-11 1.42274e-10
14.825 1.44432e-10 3.04702e-10 -1.25994e-11 1.46051e-10
14.85 1.33074e-10 3.11206e-10 -1.27237e-11 1.49241e-10
14.875 1.20231e-10 3.16409e-10 -1.28022e-11 1.51803e-10
14.9 1.0609e-10 3.20241e-10 -1.28334e-11 1.53704e-10
14.925 9.08497e-11 3.22657e-10 -1.28164e-11 1.5492e-10
14.95 7.4723e-11 3.23628e-10 -1.27506e-11 1.55439e-10
14.975 5.79288e-11 3.23147e-10 -1.26362e-11 1.55255e-10
15 4.06915e-11 3.21225e-10 -1.24736e-11 1.54375e-10
15.025 2.32374e-11 3.17891e-10 -1.22641e-11 1.52814e-10
15.05 5.79224e-12 3.13196e-10 -1.20094e-11 1.50593e-10
15.075 -1.1422e-11 3.07205e-10 -1.17118e-11 1.47747e-10
15.1 -2.81897e-11 2.99999e-10 -1.1374e-11 1.44313e-10
15.125 -4.43041e-11 2.91676e-10 -1.09992e-11 1.40339e-10
15.15 -5.95695e-11 2.82346e-10 -1.05912e-11 1.35877e-10
15.175 -7.3804e-11 2.72129e-10 -1.01541e-11 1.30987e-10
15.2 -8.6841e-11 2.61157e-10 -9.69227e-12 1.25732e-10
15.225 -9.8531e-11 2.49569e-10 -9.21066e-12 1.20179e-10
15.25 -1.08743e-10 2.37509e-10 -8.7143e-12 1.14397e-10
15.275 -1.17367e-10 2.25127e-10 -8.20846e-12 1.08459e-10
15.3 -1.24313e-10 2.12573e-10 -7.6986e-12 1.02437e-10
15.325 -1.29513e-10 1.99998e-10 -7.19024e-12 9.64039e-11
15.35 -1.32919e-10 1.87551e-10 -6.68895e-12 9.04311e-11
15.375 -1.34509e-10 1.75377e-10 -6.20024e-12 8.45884e-11
15.4 -1.3428e-10 1.63616e-10 -5.72956e-12 7.8943e-11
15.425 -1.32252e-10 1.52399e-10 -5.28219e-12 7.35585e-11
15.45 -1.28465e-10 1.41851e-10 -4.86318e-12 6.84941e-11
15.475 -1.22981e-10 1.32086e-10 -4.47734e-12 6.38044e-11
15.5 -1.1588e-10 1.23205e-10 -4.12914e-12 5.95381e-11
15.525 -1.07259e-10 1.15299e-10 -3.82268e-12 5.57383e-11
15.55 -9.72332e-11 1.08444e-10 -3.56166e-12 5.24412e-11
15.575 -8.59314e-11 1.02703e-10 -3.3493e-12 4.96766e-11
15.6 -7.3496e-11 9.81228e-11 -3.18834e-12 4.74672e-11
15.625 -6.00807e-11 9.47379e-11 -3.08101e-12 4.58285e-11
15.65 -4.58483e-11 9.25663e-11 -3.02897e-12 4.47687e-11
15.675 -3.09691e-11 9.16112e-11 -3.03334e-12 4.42889e-11
15.7 -1.56186e-11 9.18613e-11 -3.09466e-12 4.43833e-11
15.725 2.42019e-14 9.32909e-11 -3.21287e-12 4.5039e-11
15.75 1.57793e-11 9.58606e-11 -3.38736e-12 4.62366e-11
15.775 3.14675e-11 9.95181e-11 -3.61691e-12 4.79506e-11
15.8 4.6912e-11 1.04199e-10 -3.89975e-12 5.01496e-11
15.825 6.1941e-11 1.09827e-10 -4.23357e-12 5.27969e-11
15.85 7.63887e-11 1.16318e-10 -4.61552e-12 5.5851e-11
15.875 9.00978e-11 1.23575e-10 -5.04225e-12 5.92665e-11
15.9 1.0292e-10 1.31498e-10 -5.50995e-12 6.29942e-11
15.925 1.1472e-10 1.39978e-10 -6.01437e-12 6.6982e-11
15.95 1.25371e-10 1.48902e-10 -6.55087e-12 7.11758e-11
15.975 1.34764e-10 1.58154e-10 -7.11447e-12 7.55197e-11
16 1.42801e-10 1.67614e-10 -7.69985e-12 7.99572e-11
16.025 1.49402e-10 1.77165e-10 -8.30148e-12 8.44316e-11
16.05 1.54502e-10 1.86687e-10 -8.91359e-12 8.88868e-11
16.075 1.5805e-10 1.96066e-10 -9.53026e-12 9.32677e-11
16.1 1.60015e-10 2.05188e-10 -1.01455e-11 9.75212e-11
16.125 1.60382e-10 2.13947e-10 -1.07531e-11 1.01597e-10
16.15 1.59151e-10 2.2224e-10 -1.13472e-11 1.05447e-10
16.175 1.56339e-10 2.29975e-10 -1.19216e-11 1.09027e-10
16.2 1.51981e-10 2.37064e-10 -1.24704e-11 1.12297e-10
16.225 1.46124e-10 2.43431e-10 -1.29879e-11 1.15221e-10
16.25 1.38834e-10 2.49007e-10 -1.34684e-11 1.17769e-10
16.275 1.30188e-10 2.53737e-10 -1.39066e-11 1.19915e-10
16.3 1.20278e-10 2.57573e-10 -1.42974e-11 1.21638e-10
16.325 1.09207e-10 2.60482e-10 -1.46361e-11 1.22923e-10
16.35 9.70898e-11 2.6244e-10 -1.49183e-11 1.23761e-10
16.375 8.40508e-11 2.63437e-10 -1.51399e-11 1.24149e-10
16.4 7.02235e-11 2.63473e-10 -1.52974e-11 1.24088e-10
16.425 5.57486e-11 2.62559e-10 -1.53875e-11 1.23586e-10
16.45 4.0773e-11 2.60722e-10 -1.54075e-11 1.22657e-10
16.475 2.54481e-11 2.57994e-10 -1.53552e-11 1.2132e-10
16.5 9.92903e-12 2.54423e-10 -1.52288e-11 1.19597e-10
16.525 -5.62726e-12 2.50065e-10 -1.50271e-11 1.17519e-10
16.55 -2.10631e-11 2.44984e-10 -1.47492e-11 1.15118e-10
16.575 -3.62213e-11 2.39257e-10 -1.43948e-11 1.12431e-10
16.6 -5.09468e-11 2.32965e-10 -1.39642e-11 1.095e-10
16.625 -6.50876e-11 2.26199e-10 -1.3458e-11 1.0637e-10
16.65 -7.84959e-11 2.19054e-10 -1.28774e-11 1.03089e-10
16.675 -9.10296e-11 2.11634e-10 -1.22239e-11 9.97049e-11
16.7 -1.02553e-10 2.04043e-10 -1.14997e-11 9.62716e-11
16.725 -1.12937e-10 1.96391e-10 -1.07071e-11 9.28421e-11
16.75 -1.22063e-10 1.88791e-10 -9.84907e-12 8.9471e-11
16.775 -1.29819e-10 1.81355e-10 -8.92877e-12 8.62132e-11
16.8 -1.36104e-10 1.74197e-10 -7.94979e-12 8.31237e-11
16.825 -1.40828e-10 1.6743e-10 -6.91601e-12 8.02571e-11
16.85 -1.43912e-10 1.61165e-10 -5.83159e-12 7.76667e-11
16.875 -1.45285e-10 1.5551e-10 -4.70095e-12 7.54047e-11
16.9 -1.44893e-10 1.50571e-10 -3.52871e-12 7.35212e-11
16.925 -1.42689e-10 1.46448e-10 -2.31971e-12 7.2064e-11
16.95 -1.38642e-10 1.43236e-10 -1.0789e-12 7.10784e-11
16.975 -1.3273e-10 1.41024e-10 1.88628e-13 7.06065e-11
17 -1.24945e-10 1.39896e-10 1.4777e-12 7.0687e-11
17.025 -1.15288e-10 1.39927e-10 2.7831e-12 7.13549e-11
17.05 -1.03775e-10 1.41183e-10 4.09959e-12 7.26414e-11
17.075 -9.04313e-11 1.43725e-10 5.42194e-12 7.45736e-11
17.1 -7.5293e-11 1.47603e-10 6.74498e-12 7.71739e-11
17.125 -5.84071e-11 1.52858e-10 8.06359e-12 8.04606e-11
17.15 -3.98305e-11 1.59522e-10 9.37277e-12 8.44473e-11
17.175 -1.96291e-11 1.67618e-10 1.06676e-11 8.91429e-11
17.2 2.1222e-12 1.7716e-10 1.19435e-11 9.45516e-11
17.225 2.53406e-11 1.8815e-10 1.31958e-11 1.00673e-10
17.25 4.99357e-11 2.00584e-10 1.44201e-11 1.07502e-10
17.275 7.58109e-11 2.14445e-10 1.56124e-11 1.15029e-10
17.3 1.02863e-10 2.29711e-10 1.67687e-11 1.2324e-10
17.325 1.30985e-10 2.46346e-10 1.78854e-11 1.32116e-10
17.35 1.60063e-10 2.64311e-10 1.89591e-11 1.41635e-10
17.375 1.89982e-10 2.83554e-10 1.99866e-11 1.5177e-10
17.4 2.20623e-10 3.04018e-10 2.09652e-11 1.62492e-10
17.425 2.51865e-10 3.25639e-10 2.18922e-11 1.73766e-10
17.45 2.83586e-10 3.48344e-10 2.27655e-11 1.85555e-10
17.475 3.15662e-10 3.72056e-10 2.35829e-11 1.97819e-10
17.5 3.47972e-10 3.9669e-10 2.43429e-11 2.10517e-10
17.525 3.80392e-10 4.22159e-10 2.50441e-11 2.23602e-10
17.55 4.12803e-10 4.4837e-10 2.56853e-11 2.37028e-10
17.575 4.45086e-10 4.75225e-10 2.62658e-11 2.50746e-10
17.6 4.77124e-10 5.02625e-10 2.6785e-11 2.64705e-10
17.625 5.08805e-10 5.30468e-10 2.72427e-11 2.78855e-10
17.65 5.40021e-10 5.58648e-10 2.76389e-11 2.93143e-10
17.675 5.70665e-10 5.87061e-10 2.79739e-11 3.07518e-10
17.7 6.00638e-10 6.15601e-10 2.82481e-11 3.21925e-10
17.725 6.29844e-10 6.44161e-10 2.84623e-11 3.36312e-10
17.75 6.58194e-10 6.72637e-10 2.86175e-11 3.50627e-10
17.775 6.85603e-10 7.00924e-10 2.87148e-11 3.6482e-10
17.8 7.11992e-10 7.2892e-10 2.87556e-11 3.78838e-10
17.825 7.37288e-10 7.56525e-10 2.87414e-11 3.92633e-10
17.85 7.61426e-10 7.83641e-10 2.8674e-11 4.06158e-10
17.875 7.84346e-10 8.10175e-10 2.85551e-11 4.19365e-10
17.9 8.05993e-10 8.36036e-10 2.83868e-11 4.32211e-10
17.925 8.26322e-10 8.61137e-10 2.81711e-11 4.44654e-10
17.95 8.4529e-10 8.85397e-10 2.79103e-11 4.56654e-10
17.975 8.62864e-10 9.08739e-10 2.76066e-11 4.68173e-10
18 8.79016e-10 9.31089e-10 2.72624e-11 4.79176e-10
18.025 8.93725e-10 9.52382e-10 2.68801e-11 4.89631e-10
18.05 9.06974e-10 9.72556e-10 2.64622e-11 4.99509e-10
18.075 9.18755e-10 9.91553e-10 2.60113e-11 5.08782e-10
18.1 9.29064e-10 1.00933e-09 2.55297e-11 5.17428e-10
18.125 9.37901e-10 1.02583e-09 2.50201e-11 5.25424e-10
18.15 9.45276e-10 1.04102e-09 2.44849e-11 5.32752e-10
18.175 9.51199e-10 1.05487e-09 2.39267e-11 5.39398e-10
18.2 9.55689e-10 1.06735e-09 2.33479e-11 5.4535e-10
18.225 9.58766e-10 1.07844e-09 2.2751e-11 5.50597e-10
18.25 9.60457e-10 1.08813e-09 2.21383e-11 5.55133e-10
18.275 9.60792e-10 1.0964e-09 2.15123e-11 5.58955e-10
18.3 9.59805e-10 1.10325e-09 2.08752e-11 5.62062e-10
18.325 9.57533e-10 1.10868e-09 2.02291e-11 5.64454e-10
18.35 9.54016e-10 1.11269e-09 1.95763e-11 5.66135e-10
18.375 9.49297e-10 1.11531e-09 1.89187e-11 5.67114e-10
18.4 9.43422e-10 1.11654e-09 1.82584e-11 5.67397e-10
18.425 9.36439e-10 1.1164e-09 1.75973e-11 5.66996e-10
18.45 9.28396e-10 1.11491e-09 1.6937e-11 5.65925e-10
18.475 9.19346e-10 1.11211e-09 1.62794e-11 5.64197e-10
18.5 9.09342e-10 1.10803e-09 1.5626e-11 5.6183e-10
18.525 8.98435e-10 1.10271e-09 1.49782e-11 5.58842e-10
18.55 8.86682e-10 1.09617e-09 1.43376e-11 5.55254e-10
18.575 8.74136e-10 1.08847e-09 1.37054e-11 5.51085e-10
18.6 8.60854e-10 1.07964e-09 1.30828e-11 5.4636e-10
18.625 8.46889e-10 1.06973e-09 1.24708e-11 5.41102e-10
18.65 8.32298e-10 1.0588e-09 1.18706e-11 5.35334e-10
18.675 8.17135e-10 1.04688e-09 1.1283e-11 5.29083e-10
18.7 8.01453e-10 1.03404e-09 1.07088e-11 5.22375e-10
18.725 7.85307e-10 1.02032e-09 1.01487e-11 5.15237e-10
18.75 7.68748e-10 1.00579e-09 9.6034e-12 5.07695e-10
18.775 7.51828e-10 9.90479e-10 9.07342e-12 4.99776e-10
18.8 7.34596e-10 9.7446e-10 8.55921e-12 4.91509e-10
18.825 7.17102e-10 9.57782e-10 8.06116e-12 4.82921e-10
18.85 6.99392e-10 9.405e-10 7.57957e-12 4.7404e-10
18.875 6.81512e-10 9.2267e-10 7.11466e-12 4.64892e-10
18.9 6.63506e-10 9.04344e-10 6.66661e-12 4.55505e-10
18.925 6.45416e-10 8.85577e-10 6.23551e-12 4.45906e-10
18.95 6.27283e-10 8.66421e-10 5.82139e-12 4.36121e-10
18.975 6.09145e-10 8.46928e-10 5.42422e-12 4.26176e-10
19 5.91038e-10 8.27147e-10 5.04394e-12 4.16096e-10
19.025 5.72998e-10 8.07129e-10 4.6804e-12 4.05905e-10
19.05 5.55057e-10 7.86921e-10 4.33344e-12 3.95627e-10
19.075 5.37246e-10 7.6657e-10 4.00283e-12 3.85286e-10
19.1 5.19594e-10 7.4612e-10 3.68833e-12 3.74904e-10
19.125 5.02128e-10 7.25614e-10 3.38963e-12 3.64502e-10
19.15 4.84872e-10 7.05094e-10 3.10642e-12 3.541e-10
19.175 4.6785e-10 6.84599e-10 2.83835e-12 3.43719e-10
19.2 4.51083e-10 6.64167e-10 2.58503e-12 3.33376e-10
19.225 4.34591e-10 6.43833e-10 2.34607e-12 3.2309e-10
19.25 4.1839e-10 6.23632e-10 2.12106e-12 3.12876e-10
19.275 4.02498e-10 6.03594e-10 1.90956e-12 3.02752e-10
19.3 3.86927e-10 5.83751e-10 1.71112e-12 2.92731e-10
19.325 3.71691e-10 5.64129e-10 1.5253e-12 2.82827e-10
19.35 3.568e-10 5.44755e-10 1.35163e-12 2.73053e-10
19.375 3.42263e-10 5.25653e-10 1.18964e-12 2.63421e-10
19.4 3.28089e-10 5.06844e-10 1.03886e-12 2.53942e-10
19.425 3.14284e-10 4.8835e-10 8.98818e-13 2.44624e-10
19.45 3.00853e-10 4.70188e-10 7.69047e-13 2.35478e-10
19.475 2.87799e-10 4.52374e-10 6.49075e-13 2.26512e-10
19.5 2.75127e-10 4.34924e-10 5.3844e-13 2.17731e-10
19.525 2.62836e-10 4.17851e-10 4.36682e-13 2.09144e-10
19.55 2.50928e-10 4.01165e-10 3.43349e-13 2.00754e-10
19.575 2.39401e-10 3.84878e-10 2.57999e-13 1.92568e-10
19.6 2.28256e-10 3.68996e-10 1.80198e-13 1.84588e-10
19.625 2.17488e-10 3.53527e-10 1.09521e-13 1.76818e-10
19.65 2.07095e-10 3.38475e-10 4.55565e-14 1.6926e-10
19.675 1.97074e-10 3.23846e-10 -1.20976e-14 1.61917e-10
19.7 1.87419e-10 3.09642e-10 -6.38297e-14 1.54789e-10
19.725 1.78125e-10 2.95864e-10 -1.10016e-13 1.47877e-10
19.75 1.69187e-10 2.82512e-10 -1.51019e-13 1.41181e-10
19.775 1.60598e-10 2.69586e-10 -1.87189e-13 1.347e-10
19.8 1.52352e-10 2.57085e-10 -2.18861e-13 1.28433e-10
19.825 1.44441e-10 2.45005e-10 -2.46357e-13 1.22379e-10
19.85 1.36858e-10 2.33343e-10 -2.69985e-13 1.16537e-10
19.875 1.29596e-10 2.22095e-10 -2.90038e-13 1.10902e-10
19.9 1.22646e-10 2.11255e-10 -3.06798e-13 1.05474e-10
19.925 1.16e-10 2.00819e-10 -3.2053e-13 1.00249e-10
19.95 1.0965e-10 1.90779e-10 -3.31487e-13 9.52239e-11
19.975 1.03586e-10 1.81129e-10 -3.39909e-13 9.03947e-11
20 9.78019e-11 1.71862e-10 -3.46022e-13 8.57579e-11
