0 9.44214e-05 -7.22307e-05
0.025 9.44214e-05 -7.22307e-05
0.05 0.00018863 -0.000144223
0.075 0.000282415 -0.00021574
0.1 0.000375564 -0.000286546
0.125 0.00046787 -0.000356408
0.15 0.000559124 -0.000425098
0.175 0.000649123 -0.00049239
0.2 0.000737667 -0.000558067
0.225 0.000824559 -0.000621915
0.25 0.000909607 -0.00068373
0.275 0.000992624 -0.000743314
0.3 0.00107343 -0.000800478
0.325 0.00115184 -0.000855043
0.35 0.0012277 -0.000906839
0.375 0.00130084 -0.000955707
0.4 0.0013711 -0.0010015
0.425 0.00143834 -0.00104408
0.45 0.00150242 -0.00108333
0.475 0.0015632 -0.00111913
0.5 0.00162058 -0.00115139
0.525 0.00167442 -0.00118002
0.55 0.00172464 -0.00120495
0.575 0.00177113 -0.00122612
0.6 0.00181382 -0.00124349
0.625 0.00185263 -0.00125702
0.65 0.0018875 -0.0012667
0.675 0.00191838 -0.00127252
0.7 0.00194522 -0.0012745
0.725 0.001968 -0.00127265
0.75 0.00198669 -0.00126702
0.775 0.0020013 -0.00125765
0.8 0.00201181 -0.0012446
0.825 0.00201825 -0.00122795
0.85 0.00202064 -0.00120778
0.875 0.00201901 -0.00118418
0.9 0.00201341 -0.00115726
0.925 0.0020039 -0.00112715
0.95 0.00199055 -0.00109395
0.975 0.00197344 -0.0010578
1 0.00195265 -0.00101886
1.025 0.00192828 -0.000977259
1.05 0.00190044 -0.000933161
1.075 0.00186925 -0.000886725
1.1 0.00183483 -0.000838118
1.125 0.00179733 -0.000787512
1.15 0.00175688 -0.00073508
1.175 0.00171365 -0.000681001
1.2 0.00166778 -0.000625453
1.225 0.00161945 -0.000568619
1.25 0.00156884 -0.000510678
1.275 0.00151611 -0.000451814
1.3 0.00146147 -0.000392206
1.325 0.0014051 -0.000332035
1.35 0.00134721 -0.000271475
1.375 0.00128799 -0.000210703
1.4 0.00122765 -0.000149888
1.425 0.00116641 -8.91977e-05
1.45 0.00110447 -2.87925e-05
1.475 0.00104205 3.11704e-05
1.5 0.000979366 9.05406e-05
1.525 0.000916639 0.000149174
1.55 0.000854086 0.000206932
1.575 0.000791926 0.000263684
1.6 0.000730377 0.000319308
1.625 0.000669656 0.000373688
1.65 0.000609977 0.000426718
1.675 0.000551552 0.000478298
1.7 0.00049459 0.000528338
1.725 0.000439297 0.000576757
1.75 0.000385873 0.000623483
1.775 0.000334513 0.000668453
1.8 0.000285407 0.00071161
1.825 0.000238738 0.000752911
1.85 0.000194683 0.000792319
1.875 0.000153411 0.000829805
1.9 0.000115081 0.000865351
1.925 7.98458e-05 0.000898945
1.95 4.78476e-05 0.000930586
1.975 1.92188e-05 0.00096028
2 -5.91867e-06 0.000988039
2.025 -2.74537e-05 0.00101388
2.05 -4.52868e-05 0.00103784
2.075 -5.93304e-05 0.00105995
2.1 -6.95093e-05 0.00108025
2.125 -7.5761e-05 0.00109878
2.15 -7.80364e-05 0.0011156
2.175 -7.62999e-05 0.00113076
2.2 -7.05298e-05 0.00114432
2.225 -6.07187e-05 0.00115635
2.25 -4.68734e-05 0.00116691
2.275 -2.90156e-05 0.00117607
2.3 -7.1817e-06 0.00118391
2.325 1.85768e-05 0.00119048
2.35 4.81934e-05 0.00119587
2.375 8.15864e-05 0.00120015
2.4 0.000118659 0.00120338
2.425 0.0001593 0.00120563
2.45 0.000203382 0.00120698
2.475 0.000250763 0.00120749
2.5 0.000301287 0.0012072
2.525 0.000354785 0.00120619
2.55 0.00041107 0.00120451
2.575 0.000469945 0.00120219
2.6 0.000531197 0.00119928
2.625 0.000594604 0.00119581
2.65 0.000659927 0.00119181
2.675 0.000726918 0.0011873
2.7 0.000795317 0.0011823
2.725 0.000864854 0.00117679
2.75 0.00093525 0.00117079
2.775 0.00100621 0.00116427
2.8 0.00107745 0.00115721
2.825 0.00114865 0.00114959
2.85 0.00121952 0.00114135
2.875 0.00128972 0.00113246
2.9 0.00135894 0.00112284
2.925 0.00142685 0.00111244
2.95 0.00149313 0.00110116
2.975 0.00155745 0.00108893
3 0.00161949 0.00107565
3.025 0.0016789 0.00106121
3.05 0.00173537 0.0010455
3.075 0.00178857 0.0010284
3.1 0.00183819 0.00100977
3.125 0.00188391 0.000989496
3.15 0.00192542 0.000967421
3.175 0.00196242 0.000943401
3.2 0.00199463 0.000917284
3.225 0.00202176 0.000888916
3.25 0.00204354 0.000858135
3.275 0.00205972 0.000824781
3.3 0.00207004 0.000788688
3.325 0.00207428 0.000749694
3.35 0.00207223 0.000707633
3.375 0.00206367 0.000662343
3.4 0.00204844 0.000613663
3.425 0.00202636 0.000561435
3.45 0.00199729 0.000505504
3.475 0.0019611 0.000445724
3.5 0.00191769 0.000381951
3.525 0.00186696 0.000314051
3.55 0.00180885 0.000241897
3.575 0.00174332 0.000165371
3.6 0.00167035 8.43666e-05
3.625 0.00158993 -1.21347e-06
3.65 0.00150209 -9.14532e-05
3.675 0.00140687 -0.000186424
3.7 0.00130435 -0.000286183
3.725 0.0011946 -0.000390775
3.75 0.00107776 -0.000500227
3.775 0.000953944 -0.000614552
3.8 0.00082332 -0.000733745
3.825 0.000686065 -0.000857787
3.85 0.000542382 -0.000986639
3.875 0.000392492 -0.00112025
3.9 0.000236638 -0.00125853
3.925 7.50817e-05 -0.00140141
3.95 -9.18951e-05 -0.00154877
3.975 -0.000263994 -0.00170048
4 -0.000440898 -0.00185639
4.025 -0.000622274 -0.00201634
4.05 -0.000807776 -0.00218016
4.075 -0.00099704 -0.00234763
4.1 -0.00118969 -0.00251855
4.125 -0.00138535 -0.00269268
4.15 -0.00158361 -0.00286977
4.175 -0.00178406 -0.00304956
4.2 -0.0019863 -0.00323177
4.225 -0.0021899 -0.00341611
4.25 -0.00239444 -0.00360228
4.275 -0.00259948 -0.00378995
4.3 -0.00280459 -0.0039788
4.325 -0.00300935 -0.0041685
4.35 -0.0032133 -0.00435869
4.375 -0.00341603 -0.00454903
4.4 -0.00361711 -0.00473916
4.425 -0.0038161 -0.00492871
4.45 -0.0040126 -0.00511732
4.475 -0.00420618 -0.00530462
4.5 -0.00439646 -0.00549024
4.525 -0.00458303 -0.0056738
4.55 -0.00476551 -0.00585494
4.575 -0.00494354 -0.0060333
4.6 -0.00511675 -0.00620851
4.625 -0.00528481 -0.00638022
4.65 -0.00544739 -0.00654808
4.675 -0.00560417 -0.00671176
4.7 -0.00575487 -0.00687092
4.725 -0.00589922 -0.00702524
4.75 -0.00603694 -0.00717442
4.775 -0.00616781 -0.00731815
4.8 -0.00629161 -0.00745617
4.825 -0.00640815 -0.0075882
4.85 -0.00651724 -0.00771399
4.875 -0.00661873 -0.0078333
4.9 -0.00671248 -0.00794593
4.925 -0.0067984 -0.00805167
4.95 -0.00687637 -0.00815033
4.975 -0.00694635 -0.00824176
5 -0.00700827 -0.00832581
5.025 -0.00706211 -0.00840236
5.05 -0.00710788 -0.00847131
5.075 -0.00714557 -0.00853257
5.1 -0.00717523 -0.00858607
5.125 -0.00719692 -0.00863178
5.15 -0.00721071 -0.00866966
5.175 -0.0072167 -0.00869972
5.2 -0.00721499 -0.00872197
5.225 -0.00720572 -0.00873645
5.25 -0.00718903 -0.0087432
5.275 -0.00716509 -0.0087423
5.3 -0.00713407 -0.00873384
5.325 -0.00709616 -0.00871792
5.35 -0.00705158 -0.00869468
5.375 -0.00700053 -0.00866423
5.4 -0.00694324 -0.00862675
5.425 -0.00687996 -0.0085824
5.45 -0.00681093 -0.00853136
5.475 -0.00673641 -0.00847383
5.5 -0.00665666 -0.00841
5.525 -0.00657194 -0.00834011
5.55 -0.00648255 -0.00826437
5.575 -0.00638874 -0.00818302
5.6 -0.00629082 -0.00809631
5.625 -0.00618905 -0.00800449
5.65 -0.00608373 -0.0079078
5.675 -0.00597514 -0.00780653
5.7 -0.00586357 -0.00770092
5.725 -0.0057493 -0.00759125
5.75 -0.00563262 -0.0074778
5.775 -0.0055138 -0.00736083
5.8 -0.00539311 -0.00724061
5.825 -0.00527083 -0.00711743
5.85 -0.00514723 -0.00699155
5.875 -0.00502255 -0.00686323
5.9 -0.00489705 -0.00673276
5.925 -0.00477099 -0.00660039
5.95 -0.00464458 -0.00646637
5.975 -0.00451808 -0.00633098
6 -0.00439168 -0.00619444
6.025 -0.00426562 -0.00605701
6.05 -0.00414009 -0.00591892
6.075 -0.00401527 -0.00578041
6.1 -0.00389137 -0.00564168
6.125 -0.00376855 -0.00550297
6.15 -0.00364698 -0.00536446
6.175 -0.0035268 -0.00522637
6.2 -0.00340817 -0.00508888
6.225 -0.00329121 -0.00495217
6.25 -0.00317606 -0.00481641
6.275 -0.00306283 -0.00468176
6.3 -0.00295161 -0.00454838
6.325 -0.00284251 -0.00441641
6.35 -0.0027356 -0.00428598
6.375 -0.00263098 -0.00415722
6.4 -0.00252869 -0.00403025
6.425 -0.0024288 -0.00390517
6.45 -0.00233135 -0.00378207
6.475 -0.0022364 -0.00366106
6.5 -0.00214396 -0.00354221
6.525 -0.00205407 -0.00342558
6.55 -0.00196673 -0.00331126
6.575 -0.00188198 -0.00319928
6.6 -0.00179979 -0.0030897
6.625 -0.00172018 -0.00298256
6.65 -0.00164314 -0.0028779
6.675 -0.00156864 -0.00277573
6.7 -0.00149667 -0.00267608
6.725 -0.00142722 -0.00257897
6.75 -0.00136023 -0.00248439
6.775 -0.0012957 -0.00239236
6.8 -0.00123357 -0.00230287
6.825 -0.0011738 -0.0022159
6.85 -0.00111636 -0.00213146
6.875 -0.0010612 -0.00204951
6.9 -0.00100827 -0.00197004
6.925 -0.000957517 -0.00189302
6.95 -0.000908889 -0.00181843
6.975 -0.000862331 -0.00174622
7 -0.000817789 -0.00167637
7.025 -0.000775206 -0.00160884
7.05 -0.000734524 -0.00154358
7.075 -0.000695685 -0.00148056
7.1 -0.000658631 -0.00141973
7.125 -0.000623303 -0.00136104
7.15 -0.000589642 -0.00130445
7.175 -0.000557591 -0.0012499
7.2 -0.000527091 -0.00119736
7.225 -0.000498084 -0.00114677
7.25 -0.000470514 -0.00109807
7.275 -0.000444324 -0.00105122
7.3 -0.00041946 -0.00100617
7.325 -0.000395867 -0.000962859
7.35 -0.000373493 -0.000921242
7.375 -0.000352284 -0.000881267
7.4 -0.000332191 -0.000842882
7.425 -0.000313164 -0.000806037
7.45 -0.000295155 -0.000770681
7.475 -0.000278117 -0.000736766
7.5 -0.000262005 -0.000704243
7.525 -0.000246774 -0.000673063
7.55 -0.000232384 -0.000643181
7.575 -0.000218792 -0.000614548
7.6 -0.000205959 -0.000587121
7.625 -0.000193847 -0.000560854
7.65 -0.00018242 -0.000535705
7.675 -0.000171642 -0.000511631
7.7 -0.00016148 -0.000488592
7.725 -0.000151901 -0.000466547
7.75 -0.000142874 -0.000445457
7.775 -0.000134369 -0.000425285
7.8 -0.000126359 -0.000405994
7.825 -0.000118817 -0.000387549
7.85 -0.000111716 -0.000369914
7.875 -0.000105032 -0.000353058
7.9 -9.87424e-05 -0.000336947
7.925 -9.2824e-05 -0.000321551
7.95 -8.72563e-05 -0.000306839
7.975 -8.2019e-05 -0.000292783
8 -7.70932e-05 -0.000279356
8.025 -7.24611e-05 -0.000266529
8.05 -6.81053e-05 -0.000254278
8.075 -6.401e-05 -0.000242578
8.1 -6.01598e-05 -0.000231404
8.125 -5.65402e-05 -0.000220735
8.15 -5.31377e-05 -0.000210547
8.175 -4.99394e-05 -0.00020082
8.2 -4.69331e-05 -0.000191533
8.225 -4.41074e-05 -0.000182668
8.25 -4.14515e-05 -0.000174205
8.275 -3.89552e-05 -0.000166127
8.3 -3.66089e-05 -0.000158417
8.325 -3.44037e-05 -0.000151057
8.35 -3.2331e-05 -0.000144034
8.375 -3.03829e-05 -0.000137331
8.4 -2.85518e-05 -0.000130934
8.425 -2.68307e-05 -0.00012483
8.45 -2.52129e-05 -0.000119005
8.475 -2.36922e-05 -0.000113448
8.5 -2.22628e-05 -0.000108145
8.525 -2.09191e-05 -0.000103086
8.55 -1.96559e-05 -9.82598e-05
8.575 -1.84685e-05 -9.36556e-05
8.6 -1.73523e-05 -8.92635e-05
8.625 -1.63029e-05 -8.50741e-05
8.65 -1.53163e-05 -8.10781e-05
8.675 -1.43889e-05 -7.7267e-05
8.7 -1.3517e-05 -7.36324e-05
8.725 -1.26973e-05 -7.01664e-05
8.75 -1.19267e-05 -6.68613e-05
8.775 -1.12023e-05 -6.37098e-05
8.8 -1.05212e-05 -6.07052e-05
8.825 -9.88102e-06 -5.78407e-05
8.85 -9.2792e-06 -5.511e-05
8.875 -8.7135e-06 -5.25071e-05
8.9 -8.18176e-06 -5.00262e-05
8.925 -7.68198e-06 -4.76618e-05
8.95 -7.21225e-06 -4.54086e-05
8.975 -6.77081e-06 -4.32616e-05
9 -6.35598e-06 -4.1216e-05
9.025 -5.96618e-06 -3.92671e-05
9.05 -5.59994e-06 -3.74106e-05
9.075 -5.25587e-06 -3.56422e-05
9.1 -4.93265e-06 -3.39579e-05
9.125 -4.62905e-06 -3.23539e-05
9.15 -4.34392e-06 -3.08265e-05
9.175 -4.07615e-06 -2.93722e-05
9.2 -3.82474e-06 -2.79876e-05
9.225 -3.5887e-06 -2.66694e-05
9.25 -3.36712e-06 -2.54147e-05
9.275 -3.15916e-06 -2.42205e-05
9.3 -2.96399e-06 -2.3084e-05
9.325 -2.78085e-06 -2.20024e-05
9.35 -2.60904e-06 -2.09731e-05
9.375 -2.44786e-06 -1.99939e-05
9.4 -2.2967e-06 -1.90621e-05
9.425 -2.15493e-06 -1.81757e-05
9.45 -2.022e-06 -1.73325e-05
9.475 -1.89738e-06 -1.65304e-05
9.5 -1.78056e-06 -1.57674e-05
9.525 -1.67107e-06 -1.50416e-05
9.55 -1.56846e-06 -1.43513e-05
9.575 -1.47231e-06 -1.36948e-05
9.6 -1.38222e-06 -1.30703e-05
9.625 -1.29783e-06 -1.24763e-05
9.65 -1.21878e-06 -1.19114e-05
9.675 -1.14474e-06 -1.1374e-05
9.7 -1.07539e-06 -1.08629e-05
9.725 -1.01045e-06 -1.03767e-05
9.75 -9.49639e-07 -9.91419e-06
9.775 -8.92695e-07 -9.47416e-06
9.8 -8.39375e-07 -9.05548e-06
9.825 -7.89448e-07 -8.65708e-06
9.85 -7.42699e-07 -8.27793e-06
9.875 -6.98924e-07 -7.91706e-06
9.9 -6.57932e-07 -7.57353e-06
9.925 -6.19543e-07 -7.24646e-06
9.95 -5.83589e-07 -6.935e-06
9.975 -5.49911e-07 -6.63834e-06
10 -5.18361e-07 -6.35574e-06
10.025 -4.88799e-07 -6.08646e-06
10.05 -4.61095e-07 -5.82981e-06
10.075 -4.35126e-07 -5.58514e-06
10.1 -4.10777e-07 -5.35183e-06
10.125 -3.8794e-07 -5.1293e-06
10.15 -3.66515e-07 -4.91697e-06
10.175 -3.46406e-07 -4.71433e-06
10.2 -3.27527e-07 -4.52087e-06
10.225 -3.09795e-07 -4.33612e-06
10.25 -2.93131e-07 -4.15963e-06
10.275 -2.77465e-07 -3.99097e-06
10.3 -2.6273e-07 -3.82974e-06
10.325 -2.48862e-07 -3.67557e-06
10.35 -2.35803e-07 -3.52808e-06
10.375 -2.23499e-07 -3.38694e-06
10.4 -2.11898e-07 -3.25183e-06
10.425 -2.00955e-07 -3.12244e-06
10.45 -1.90624e-07 -2.99849e-06
10.475 -1.80866e-07 -2.87972e-06
10.5 -1.71643e-07 -2.76585e-06
10.525 -1.62918e-07 -2.65665e-06
10.55 -1.5466e-07 -2.5519e-06
10.575 -1.46839e-07 -2.45138e-06
10.6 -1.39426e-07 -2.35489e-06
10.625 -1.32396e-07 -2.26223e-06
10.65 -1.25724e-07 -2.17324e-06
10.675 -1.1939e-07 -2.08772e-06
10.7 -1.13371e-07 -2.00554e-06
10.725 -1.07649e-07 -1.92654e-06
10.75 -1.02207e-07 -1.85056e-06
10.775 -9.7029e-08 -1.77749e-06
10.8 -9.20994e-08 -1.70719e-06
10.825 -8.74046e-08 -1.63955e-06
10.85 -8.29319e-08 -1.57445e-06
10.875 -7.86696e-08 -1.51178e-06
10.9 -7.46068e-08 -1.45145e-06
10.925 -7.07334e-08 -1.39335e-06
10.95 -6.70401e-08 -1.33741e-06
10.975 -6.35181e-08 -1.28352e-06
11 -6.01594e-08 -1.23163e-06
11.025 -5.69564e-08 -1.18164e-06
11.05 -5.39023e-08 -1.13348e-06
11.075 -5.09903e-08 -1.08709e-06
11.1 -4.82143e-08 -1.04241e-06
11.125 -4.55685e-08 -9.99363e-07
11.15 -4.30475e-08 -9.57898e-07
11.175 -4.06461e-08 -9.1796e-07
11.2 -3.83593e-08 -8.79493e-07
11.225 -3.61825e-08 -8.42448e-07
11.25 -3.41112e-08 -8.06776e-07
11.275 -3.21412e-08 -7.72432e-07
11.3 -3.02684e-08 -7.39369e-07
11.325 -2.84887e-08 -7.07547e-07
11.35 -2.67985e-08 -6.76924e-07
11.375 -2.5194e-08 -6.47461e-07
11.4 -2.36717e-08 -6.19121e-07
11.425 -2.22281e-08 -5.91868e-07
11.45 -2.086e-08 -5.65665e-07
11.475 -1.9564e-08 -5.40481e-07
11.5 -1.8337e-08 -5.16281e-07
11.525 -1.71759e-08 -4.93035e-07
11.55 -1.60779e-08 -4.70711e-07
11.575 -1.50399e-08 -4.4928e-07
11.6 -1.40593e-08 -4.28714e-07
11.625 -1.31332e-08 -4.08983e-07
11.65 -1.22591e-08 -3.90061e-07
11.675 -1.14345e-08 -3.71921e-07
11.7 -1.06568e-08 -3.54538e-07
11.725 -9.92373e-09 -3.37885e-07
11.75 -9.23302e-09 -3.21938e-07
11.775 -8.58246e-09 -3.06673e-07
11.8 -7.96996e-09 -2.92066e-07
11.825 -7.39351e-09 -2.78095e-07
11.85 -6.8512e-09 -2.64736e-07
11.875 -6.3412e-09 -2.51968e-07
11.9 -5.86177e-09 -2.39769e-07
11.925 -5.41125e-09 -2.28118e-07
11.95 -4.98808e-09 -2.16995e-07
11.975 -4.59079e-09 -2.0638e-07
12 -4.21797e-09 -1.96252e-07
12.025 -3.8683e-09 -1.86594e-07
12.05 -3.54054e-09 -1.77386e-07
12.075 -3.23353e-09 -1.6861e-07
12.1 -2.94617e-09 -1.6025e-07
12.125 -2.67744e-09 -1.52287e-07
12.15 -2.42637e-09 -1.44705e-07
12.175 -2.19207e-09 -1.37487e-07
12.2 -1.97368e-09 -1.3062e-07
12.225 -1.77041e-09 -1.24086e-07
12.25 -1.58153e-09 -1.17872e-07
12.275 -1.40633e-09 -1.11963e-07
12.3 -1.24415e-09 -1.06347e-07
12.325 -1.09438e-09 -1.01009e-07
12.35 -9.56419e-10 -9.59371e-08
12.375 -8.29721e-10 -9.11194e-08
12.4 -7.13748e-10 -8.65442e-08
12.425 -6.07991e-10 -8.22002e-08
12.45 -5.11962e-10 -7.80769e-08
12.475 -4.25187e-10 -7.41639e-08
12.5 -3.47208e-10 -7.04516e-08
12.525 -2.77581e-10 -6.69306e-08
12.55 -2.15868e-10 -6.3592e-08
12.575 -1.61643e-10 -6.04274e-08
12.6 -1.14486e-10 -5.74287e-08
12.625 -7.39831e-11 -5.45882e-08
12.65 -3.97243e-11 -5.18986e-08
12.675 -1.13048e-11 -4.93528e-08
12.7 1.16764e-11 -4.69443e-08
12.725 2.96166e-11 -4.46666e-08
12.75 4.29093e-11 -4.25138e-08
12.775 5.19442e-11 -4.048e-08
12.8 5.71063e-11 -3.85597e-08
12.825 5.87755e-11 -3.67476e-08
12.85 5.73262e-11 -3.50386e-08
12.875 5.31262e-11 -3.34277e-08
12.9 4.65357e-11 -3.19103e-08
12.925 3.79065e-11 -3.04818e-08
12.95 2.7581e-11 -2.91378e-08
12.975 1.58912e-11 -2.78738e-08
13 3.15736e-12 -2.66857e-08
13.025 -1.03126e-11 -2.55694e-08
13.05 -2.42243e-11 -2.45208e-08
13.075 -3.82979e-11 -2.3536e-08
13.1 -5.22687e-11 -2.2611e-08
13.125 -6.58881e-11 -2.17419e-08
13.15 -7.8924e-11 -2.0925e-08
13.175 -9.11619e-11 -2.01563e-08
13.2 -1.02405e-10 -1.94321e-08
13.225 -1.12473e-10 -1.87488e-08
13.25 -1.21207e-10 -1.81025e-08
13.275 -1.28464e-10 -1.74895e-08
13.3 -1.34119e-10 -1.69062e-08
13.325 -1.38066e-10 -1.63489e-08
13.35 -1.40217e-10 -1.58139e-08
13.375 -1.40501e-10 -1.52978e-08
13.4 -1.38863e-10 -1.47969e-08
13.425 -1.35265e-10 -1.43077e-08
13.45 -1.29685e-10 -1.38268e-08
13.475 -1.22114e-10 -1.33508e-08
13.5 -1.12558e-10 -1.28763e-08
13.525 -1.01036e-10 -1.24002e-08
13.55 -8.75769e-11 -1.19193e-08
13.575 -7.22221e-11 -1.14305e-08
13.6 -5.50221e-11 -1.09309e-08
13.625 -3.60356e-11 -1.04176e-08
13.65 -1.53289e-11 -9.88815e-09
13.675 7.0254e-12 -9.33984e-09
13.7 3.09497e-11 -8.77033e-09
13.725 5.63622e-11 -8.1774e-09
13.75 8.31782e-11 -7.55902e-09
13.775 1.11311e-10 -6.91332e-09
13.8 1.40672e-10 -6.23862e-09
13.825 1.71175e-10 -5.53346e-09
13.85 2.0273e-10 -4.79656e-09
13.875 2.35253e-10 -4.02685e-09
13.9 2.6866e-10 -3.22349e-09
13.925 3.02868e-10 -2.38584e-09
13.95 3.37802e-10 -1.5135e-09
13.975 3.73385e-10 -6.06255e-10
14 4.09549e-10 3.35856e-10
14.025 4.46228e-10 1.31259e-09
14.05 4.8336e-10 2.32347e-09
14.075 5.20889e-10 3.36784e-09
14.1 5.58763e-10 4.44478e-09
14.125 5.96936e-10 5.55322e-09
14.15 6.35365e-10 6.69185e-09
14.175 6.74013e-10 7.85918e-09
14.2 7.12847e-10 9.05356e-09
14.225 7.51837e-10 1.02731e-08
14.25 7.90958e-10 1.15159e-08
14.275 8.30189e-10 1.27796e-08
14.3 8.6951e-10 1.40621e-08
14.325 9.08905e-10 1.53608e-08
14.35 9.48361e-10 1.66733e-08
14.375 9.87865e-10 1.79968e-08
14.4 1.02741e-09 1.93286e-08
14.425 1.06698e-09 2.06659e-08
14.45 1.10657e-09 2.20057e-08
14.475 1.14617e-09 2.33453e-08
14.5 1.18577e-09 2.46814e-08
14.525 1.22536e-09 2.60113e-08
14.55 1.26493e-09 2.73318e-08
14.575 1.30447e-09 2.864e-08
14.6 1.34395e-09 2.99328e-08
14.625 1.38337e-09 3.12074e-08
14.65 1.42271e-09 3.24608e-08
14.675 1.46194e-09 3.36903e-08
14.7 1.50104e-09 3.48929e-08
14.725 1.53998e-09 3.60661e-08
14.75 1.57873e-09 3.72073e-08
14.775 1.61726e-09 3.83139e-08
14.8 1.65553e-09 3.93836e-08
14.825 1.69349e-09 4.04141e-08
14.85 1.73112e-09 4.14033e-08
14.875 1.76835e-09 4.23491e-08
14.9 1.80515e-09 4.32498e-08
14.925 1.84146e-09 4.41036e-08
14.95 1.87723e-09 4.4909e-08
14.975 1.9124e-09 4.56646e-08
15 1.94691e-09 4.63691e-08
15.025 1.98071e-09 4.70214e-08
15.05 2.01373e-09 4.76206e-08
15.075 2.04591e-09 4.81661e-08
15.1 2.07719e-09 4.86571e-08
15.125 2.1075e-09 4.90932e-08
15.15 2.13679e-09 4.94742e-08
15.175 2.16499e-09 4.98e-08
15.2 2.19204e-09 5.00706e-08
15.225 2.21787e-09 5.02861e-08
15.25 2.24243e-09 5.0447e-08
15.275 2.26566e-09 5.05537e-08
15.3 2.28751e-09 5.06068e-08
15.325 2.30791e-09 5.06071e-08
15.35 2.32683e-09 5.05554e-08
15.375 2.34421e-09 5.04528e-08
15.4 2.36e-09 5.03003e-08
15.425 2.37417e-09 5.00992e-08
15.45 2.38668e-09 4.98508e-08
15.475 2.3975e-09 4.95565e-08
15.5 2.40659e-09 4.92178e-08
15.525 2.41394e-09 4.88362e-08
15.55 2.41952e-09 4.84134e-08
15.575 2.42331e-09 4.79511e-08
15.6 2.4253e-09 4.7451e-08
15.625 2.42549e-09 4.6915e-08
15.65 2.42388e-09 4.63449e-08
15.675 2.42046e-09 4.57425e-08
15.7 2.41525e-09 4.51098e-08
15.725 2.40825e-09 4.44486e-08
15.75 2.39948e-09 4.37609e-08
15.775 2.38896e-09 4.30487e-08
15.8 2.37673e-09 4.23137e-08
15.825 2.36279e-09 4.15581e-08
15.85 2.3472e-09 4.07836e-08
15.875 2.32998e-09 3.99922e-08
15.9 2.31118e-09 3.91857e-08
15.925 2.29084e-09 3.8366e-08
15.95 2.26901e-09 3.75348e-08
15.975 2.24574e-09 3.6694e-08
16 2.22108e-09 3.58451e-08
16.025 2.19509e-09 3.499e-08
16.05 2.16782e-09 3.41303e-08
16.075 2.13934e-09 3.32674e-08
16.1 2.10971e-09 3.2403e-08
16.125 2.07899e-09 3.15385e-08
16.15 2.04725e-09 3.06752e-08
16.175 2.01456e-09 2.98147e-08
16.2 1.98098e-09 2.8958e-08
16.225 1.94657e-09 2.81065e-08
16.25 1.91142e-09 2.72612e-08
16.275 1.87558e-09 2.64234e-08
16.3 1.83913e-09 2.5594e-08
16.325 1.80213e-09 2.47739e-08
16.35 1.76465e-09 2.39642e-08
16.375 1.72676e-09 2.31656e-08
16.4 1.68852e-09 2.23788e-08
16.425 1.65001e-09 2.16047e-08
16.45 1.61127e-09 2.08438e-08
16.475 1.57238e-09 2.00967e-08
16.5 1.5334e-09 1.9364e-08
16.525 1.49438e-09 1.86462e-08
16.55 1.45538e-09 1.79436e-08
16.575 1.41646e-09 1.72567e-08
16.6 1.37767e-09 1.65857e-08
16.625 1.33907e-09 1.59309e-08
16.65 1.30069e-09 1.52925e-08
16.675 1.2626e-09 1.46707e-08
16.7 1.22483e-09 1.40656e-08
16.725 1.18743e-09 1.34772e-08
16.75 1.15043e-09 1.29057e-08
16.775 1.11387e-09 1.23511e-08
16.8 1.0778e-09 1.18132e-08
16.825 1.04223e-09 1.1292e-08
16.85 1.00721e-09 1.07875e-08
16.875 9.72762e-10 1.02994e-08
16.9 9.38907e-10 9.82773e-09
16.925 9.05671e-10 9.37218e-09
16.95 8.73076e-10 8.93258e-09
16.975 8.41141e-10 8.5087e-09
17 8.09882e-10 8.10029e-09
17.025 7.79313e-10 7.70709e-09
17.05 7.49448e-10 7.32882e-09
17.075 7.20296e-10 6.96518e-09
17.1 6.91867e-10 6.61585e-09
17.125 6.64166e-10 6.28053e-09
17.15 6.37199e-10 5.95889e-09
17.175 6.10969e-10 5.65057e-09
17.2 5.85478e-10 5.35525e-09
17.225 5.60724e-10 5.07257e-09
17.25 5.36708e-10 4.80218e-09
17.275 5.13425e-10 4.54372e-09
17.3 4.90871e-10 4.29683e-09
17.325 4.69042e-10 4.06115e-09
17.35 4.4793e-10 3.83633e-09
17.375 4.27527e-10 3.62201e-09
17.4 4.07825e-10 3.41783e-09
17.425 3.88814e-10 3.22344e-09
17.45 3.70484e-10 3.03848e-09
17.475 3.52823e-10 2.86262e-09
17.5 3.35819e-10 2.69552e-09
17.525 3.1946e-10 2.53683e-09
17.55 3.03732e-10 2.38623e-09
17.575 2.88622e-10 2.2434e-09
17.6 2.74116e-10 2.10802e-09
17.625 2.60199e-10 1.97978e-09
17.65 2.46857e-10 1.85837e-09
17.675 2.34074e-10 1.74351e-09
17.7 2.21836e-10 1.63491e-09
17.725 2.10127e-10 1.53228e-09
17.75 1.98931e-10 1.43536e-09
17.775 1.88233e-10 1.34389e-09
17.8 1.78018e-10 1.2576e-09
17.825 1.68271e-10 1.17625e-09
17.85 1.58975e-10 1.09961e-09
17.875 1.50115e-10 1.02744e-09
17.9 1.41677e-10 9.59526e-10
17.925 1.33645e-10 8.95649e-10
17.95 1.26004e-10 8.35604e-10
17.975 1.1874e-10 7.79194e-10
18 1.11839e-10 7.2623e-10
18.025 1.05286e-10 6.76527e-10
18.05 9.90677e-11 6.29913e-10
18.075 9.31703e-11 5.86219e-10
18.1 8.75807e-11 5.45285e-10
18.125 8.22859e-11 5.06959e-10
18.15 7.72732e-11 4.71093e-10
18.175 7.25305e-11 4.37549e-10
18.2 6.80457e-11 4.06193e-10
18.225 6.38073e-11 3.76899e-10
18.25 5.9804e-11 3.49546e-10
18.275 5.60249e-11 3.2402e-10
18.3 5.24595e-11 3.0021e-10
18.325 4.90975e-11 2.78014e-10
18.35 4.59292e-11 2.57333e-10
18.375 4.29449e-11 2.38075e-10
18.4 4.01356e-11 2.20151e-10
18.425 3.74924e-11 2.03477e-10
18.45 3.50069e-11 1.87974e-10
18.475 3.2671e-11 1.73569e-10
18.5 3.04767e-11 1.60189e-10
18.525 2.84166e-11 1.47769e-10
18.55 2.64835e-11 1.36247e-10
18.575 2.46706e-11 1.25561e-10
18.6 2.29713e-11 1.15658e-10
18.625 2.13792e-11 1.06485e-10
18.65 1.98884e-11 9.79913e-11
18.675 1.84932e-11 9.01318e-11
18.7 1.7188e-11 8.28626e-11
18.725 1.59678e-11 7.61428e-11
18.75 1.48276e-11 6.99342e-11
18.775 1.37626e-11 6.42008e-11
18.8 1.27684e-11 5.8909e-11
18.825 1.18407e-11 5.40272e-11
18.85 1.09756e-11 4.9526e-11
18.875 1.01692e-11 4.53779e-11
18.9 9.41792e-12 4.15571e-11
18.925 8.71829e-12 3.80396e-11
18.95 8.06711e-12 3.48029e-11
18.975 7.46131e-12 3.18262e-11
19 6.898e-12 2.909e-11
19.025 6.37446e-12 2.6576e-11
19.05 5.88811e-12 2.42676e-11
19.075 5.43652e-12 2.21488e-11
19.1 5.01741e-12 2.02052e-11
19.125 4.62863e-12 1.84232e-11
19.15 4.26815e-12 1.67901e-11
19.175 3.93407e-12 1.52942e-11
19.2 3.6246e-12 1.39248e-11
19.225 3.33807e-12 1.26718e-11
19.25 3.07288e-12 1.15258e-11
19.275 2.82758e-12 1.04783e-11
19.3 2.60076e-12 9.52127e-12
19.325 2.39114e-12 8.64736e-12
19.35 2.1975e-12 7.84976e-12
19.375 2.0187e-12 7.12216e-12
19.4 1.85368e-12 6.45877e-12
19.425 1.70145e-12 5.85422e-12
19.45 1.56107e-12 5.30359e-12
19.475 1.43169e-12 4.80232e-12
19.5 1.31249e-12 4.34622e-12
19.525 1.20272e-12 3.93143e-12
19.55 1.10169e-12 3.55441e-12
19.575 1.00873e-12 3.21189e-12
19.6 9.23238e-13 2.90089e-12
19.625 8.44651e-13 2.61863e-12
19.65 7.72442e-13 2.36261e-12
19.675 7.06122e-13 2.1305e-12
19.7 6.45237e-13 1.92018e-12
19.725 5.89365e-13 1.72971e-12
19.75 5.38117e-13 1.5573e-12
19.775 4.91129e-13 1.40133e-12
19.8 4.48065e-13 1.26029e-12
19.825 4.08616e-13 1.13284e-12
19.85 3.72493e-13 1.01772e-12
19.875 3.39429e-13 9.13789e-13
19.9 3.09178e-13 8.20019e-13
19.925 2.81513e-13 7.35459e-13
19.95 2.56222e-13 6.59247e-13
19.975 2.33113e-13 5.90597e-13
20 2.12005e-13 5.28791e-13
