0 0.141879 0.151914 -0.0480177 0.0519483
0.025 0.141879 0.151914 -0.0480177 0.0519483
0.05 0.141878 0.151913 -0.0479808 0.0519664
0.075 0.141876 0.151912 -0.0479194 0.0519963
0.1 0.141873 0.15191 -0.0478337 0.0520382
0.125 0.141869 0.151908 -0.0477239 0.0520919
0.15 0.141865 0.151905 -0.0475903 0.0521573
0.175 0.14186 0.151902 -0.0474333 0.0522343
0.2 0.141855 0.151899 -0.0472533 0.0523226
0.225 0.14185 0.151895 -0.0470508 0.0524222
0.25 0.141844 0.151892 -0.0468263 0.0525327
0.275 0.141839 0.151888 -0.0465805 0.0526539
0.3 0.141833 0.151885 -0.046314 0.0527856
0.325 0.141828 0.151882 -0.0460275 0.0529275
0.35 0.141823 0.15188 -0.0457218 0.0530792
0.375 0.141819 0.151879 -0.0453977 0.0532405
0.4 0.141815 0.151878 -0.0450561 0.053411
0.425 0.141813 0.151878 -0.0446979 0.0535902
0.45 0.141812 0.15188 -0.044324 0.0537779
0.475 0.141812 0.151883 -0.0439353 0.0539736
0.5 0.141814 0.151887 -0.0435331 0.0541769
0.525 0.141818 0.151893 -0.0431182 0.0543873
0.55 0.141823 0.1519 -0.0426917 0.0546043
0.575 0.141831 0.15191 -0.0422548 0.0548275
0.6 0.141841 0.151921 -0.0418085 0.0550565
0.625 0.141854 0.151935 -0.0413541 0.0552906
0.65 0.141869 0.151951 -0.0408925 0.0555294
0.675 0.141887 0.15197 -0.0404251 0.0557723
0.7 0.141907 0.151991 -0.039953 0.0560189
0.725 0.141931 0.152014 -0.0394773 0.0562685
0.75 0.141958 0.15204 -0.0389991 0.0565207
0.775 0.141987 0.152069 -0.0385198 0.0567748
0.8 0.142021 0.152101 -0.0380403 0.0570303
0.825 0.142057 0.152135 -0.0375618 0.0572867
0.85 0.142096 0.152172 -0.0370855 0.0575434
0.875 0.142139 0.152212 -0.0366124 0.0577999
0.9 0.142185 0.152255 -0.0361437 0.0580555
0.925 0.142234 0.1523 -0.0356803 0.0583097
0.95 0.142286 0.152347 -0.0352234 0.058562
0.975 0.142341 0.152397 -0.0347738 0.0588118
1 0.142399 0.15245 -0.0343326 0.0590587
1.025 0.142459 0.152505 -0.0339007 0.059302
1.05 0.142523 0.152561 -0.0334789 0.0595412
1.075 0.142588 0.15262 -0.0330681 0.0597759
1.1 0.142656 0.15268 -0.0326691 0.0600056
1.125 0.142726 0.152742 -0.0322827 0.0602298
1.15 0.142798 0.152805 -0.0319094 0.060448
1.175 0.142871 0.15287 -0.0315501 0.0606598
1.2 0.142945 0.152935 -0.0312052 0.0608648
1.225 0.14302 0.153001 -0.0308754 0.0610626
1.25 0.143096 0.153067 -0.0305612 0.0612528
1.275 0.143172 0.153133 -0.0302629 0.0614351
1.3 0.143249 0.153199 -0.0299809 0.061609
1.325 0.143324 0.153264 -0.0297156 0.0617744
1.35 0.1434 0.153329 -0.0294673 0.061931
1.375 0.143474 0.153393 -0.0292362 0.0620784
1.4 0.143547 0.153455 -0.0290224 0.0622165
1.425 0.143619 0.153516 -0.0288259 0.0623451
1.45 0.143688 0.153575 -0.028647 0.062464
1.475 0.143756 0.153632 -0.0284855 0.0625731
1.5 0.14382 0.153686 -0.0283414 0.0626723
1.525 0.143882 0.153738 -0.0282146 0.0627615
1.55 0.14394 0.153786 -0.0281048 0.0628406
1.575 0.143995 0.153832 -0.0280119 0.0629098
1.6 0.144046 0.153874 -0.0279356 0.062969
1.625 0.144093 0.153912 -0.0278756 0.0630182
1.65 0.144135 0.153947 -0.0278314 0.0630576
1.675 0.144173 0.153977 -0.0278026 0.0630873
1.7 0.144206 0.154004 -0.0277888 0.0631074
1.725 0.144234 0.154026 -0.0277895 0.0631181
1.75 0.144256 0.154044 -0.0278042 0.0631197
1.775 0.144274 0.154057 -0.0278321 0.0631124
1.8 0.144286 0.154066 -0.0278727 0.0630965
1.825 0.144292 0.15407 -0.0279254 0.0630723
1.85 0.144293 0.15407 -0.0279894 0.0630401
1.875 0.144288 0.154065 -0.0280641 0.0630003
1.9 0.144278 0.154055 -0.0281486 0.0629533
1.925 0.144262 0.154041 -0.0282423 0.0628996
1.95 0.144241 0.154023 -0.0283443 0.0628395
1.975 0.144214 0.154001 -0.0284539 0.0627735
2 0.144182 0.153975 -0.0285701 0.0627022
2.025 0.144144 0.153944 -0.0286923 0.062626
2.05 0.144102 0.15391 -0.0288195 0.0625455
2.075 0.144056 0.153873 -0.0289509 0.0624611
2.1 0.144005 0.153833 -0.0290857 0.0623736
2.125 0.14395 0.15379 -0.0292231 0.0622833
2.15 0.143891 0.153744 -0.0293621 0.062191
2.175 0.143829 0.153696 -0.0295019 0.0620972
2.2 0.143764 0.153647 -0.0296418 0.0620025
2.225 0.143696 0.153596 -0.0297809 0.0619075
2.25 0.143627 0.153544 -0.0299184 0.0618128
2.275 0.143555 0.153492 -0.0300535 0.061719
2.3 0.143483 0.153439 -0.0301856 0.0616268
2.325 0.14341 0.153387 -0.0303137 0.0615368
2.35 0.143338 0.153336 -0.0304373 0.0614495
2.375 0.143266 0.153287 -0.0305556 0.0613655
2.4 0.143195 0.153239 -0.030668 0.0612854
2.425 0.143125 0.153194 -0.0307738 0.0612099
2.45 0.143059 0.153151 -0.0308725 0.0611394
2.475 0.142995 0.153112 -0.0309635 0.0610745
2.5 0.142935 0.153078 -0.0310463 0.0610157
2.525 0.14288 0.153047 -0.0311204 0.0609635
2.55 0.142829 0.153022 -0.0311854 0.0609185
2.575 0.142784 0.153003 -0.0312407 0.060881
2.6 0.142745 0.152989 -0.0312862 0.0608516
2.625 0.142713 0.152983 -0.0313215 0.0608306
2.65 0.142689 0.152983 -0.0313462 0.0608184
2.675 0.142673 0.152991 -0.0313603 0.0608153
2.7 0.142665 0.153007 -0.0313633 0.0608218
2.725 0.142667 0.153031 -0.0313554 0.060838
2.75 0.142679 0.153065 -0.0313362 0.0608642
2.775 0.142701 0.153107 -0.0313059 0.0609007
2.8 0.142734 0.15316 -0.0312643 0.0609477
2.825 0.142778 0.153222 -0.0312115 0.0610052
2.85 0.142834 0.153294 -0.0311476 0.0610733
2.875 0.142902 0.153377 -0.0310727 0.0611523
2.9 0.142983 0.153471 -0.0309869 0.061242
2.925 0.143076 0.153576 -0.0308905 0.0613425
2.95 0.143183 0.153691 -0.0307837 0.0614538
2.975 0.143303 0.153818 -0.0306667 0.0615757
3 0.143437 0.153956 -0.0305398 0.0617081
3.025 0.143584 0.154105 -0.0304035 0.0618509
3.05 0.143745 0.154266 -0.030258 0.0620038
3.075 0.14392 0.154437 -0.0301037 0.0621666
3.1 0.144108 0.154619 -0.0299411 0.062339
3.125 0.14431 0.154812 -0.0297707 0.0625206
3.15 0.144526 0.155015 -0.0295929 0.0627112
3.175 0.144754 0.155229 -0.0294081 0.0629103
3.2 0.144996 0.155452 -0.029217 0.0631174
3.225 0.145249 0.155684 -0.02902 0.0633321
3.25 0.145515 0.155925 -0.0288177 0.0635539
3.275 0.145793 0.156175 -0.0286106 0.0637822
3.3 0.146081 0.156432 -0.0283993 0.0640164
3.325 0.14638 0.156696 -0.0281843 0.064256
3.35 0.146688 0.156967 -0.0279663 0.0645003
3.375 0.147006 0.157243 -0.0277457 0.0647486
3.4 0.147331 0.157523 -0.0275232 0.0650002
3.425 0.147664 0.157808 -0.0272992 0.0652544
3.45 0.148002 0.158095 -0.0270744 0.0655104
3.475 0.148346 0.158384 -0.0268493 0.0657676
3.5 0.148694 0.158674 -0.0266243 0.066025
3.525 0.149045 0.158964 -0.0264001 0.066282
3.55 0.149397 0.159252 -0.0261771 0.0665376
3.575 0.14975 0.159538 -0.0259559 0.066791
3.6 0.150102 0.15982 -0.0257367 0.0670415
3.625 0.150452 0.160096 -0.0255202 0.067288
3.65 0.150798 0.160366 -0.0253067 0.0675299
3.675 0.151139 0.160629 -0.0250965 0.0677661
3.7 0.151473 0.160882 -0.0248901 0.0679959
3.725 0.1518 0.161124 -0.0246878 0.0682182
3.75 0.152116 0.161355 -0.0244899 0.0684324
3.775 0.152421 0.161572 -0.0242966 0.0686374
3.8 0.152714 0.161773 -0.0241082 0.0688325
3.825 0.152991 0.161958 -0.023925 0.0690168
3.85 0.153253 0.162126 -0.023747 0.0691893
3.875 0.153497 0.162273 -0.0235744 0.0693493
3.9 0.153721 0.162399 -0.0234074 0.069496
3.925 0.153923 0.162503 -0.0232461 0.0696285
3.95 0.154103 0.162582 -0.0230904 0.069746
3.975 0.154258 0.162636 -0.0229404 0.0698478
4 0.154387 0.162662 -0.0227961 0.0699331
4.025 0.154488 0.16266 -0.0226574 0.0700012
4.05 0.15456 0.162627 -0.0225243 0.0700514
4.075 0.1546 0.162563 -0.0223966 0.070083
4.1 0.154608 0.162465 -0.0222743 0.0700954
4.125 0.154581 0.162333 -0.0221571 0.0700879
4.15 0.154519 0.162165 -0.022045 0.0700599
4.175 0.15442 0.161959 -0.0219376 0.0700109
4.2 0.154282 0.161716 -0.0218348 0.0699405
4.225 0.154104 0.161432 -0.0217363 0.069848
4.25 0.153886 0.161108 -0.0216418 0.0697331
4.275 0.153625 0.160742 -0.021551 0.0695953
4.3 0.15332 0.160333 -0.0214637 0.0694344
4.325 0.152972 0.159879 -0.0213796 0.0692499
4.35 0.152577 0.159381 -0.0212982 0.0690416
4.375 0.152137 0.158838 -0.0212193 0.0688092
4.4 0.151649 0.158248 -0.0211425 0.0685527
4.425 0.151114 0.157611 -0.0210674 0.0682717
4.45 0.15053 0.156926 -0.0209938 0.0679661
4.475 0.149897 0.156193 -0.0209211 0.0676361
4.5 0.149215 0.155412 -0.0208491 0.0672814
4.525 0.148483 0.154582 -0.0207774 0.0669021
4.55 0.1477 0.153703 -0.0207057 0.0664984
4.575 0.146868 0.152774 -0.0206335 0.0660703
4.6 0.145985 0.151796 -0.0205606 0.065618
4.625 0.145053 0.15077 -0.0204865 0.0651416
4.65 0.14407 0.149694 -0.020411 0.0646415
4.675 0.143037 0.14857 -0.0203337 0.0641179
4.7 0.141955 0.147397 -0.0202543 0.0635712
4.725 0.140824 0.146176 -0.0201726 0.0630017
4.75 0.139645 0.144908 -0.0200881 0.0624099
4.775 0.138417 0.143593 -0.0200007 0.0617961
4.8 0.137143 0.142232 -0.0199101 0.061161
4.825 0.135823 0.140826 -0.019816 0.0605051
4.85 0.134458 0.139376 -0.0197182 0.0598288
4.875 0.133048 0.137882 -0.0196166 0.0591329
4.9 0.131595 0.136347 -0.0195109 0.058418
4.925 0.130101 0.13477 -0.019401 0.0576847
4.95 0.128566 0.133154 -0.0192867 0.0569337
4.975 0.126992 0.1315 -0.019168 0.0561659
5 0.12538 0.129808 -0.0190446 0.0553818
5.025 0.123732 0.128081 -0.0189165 0.0545824
5.05 0.122049 0.126321 -0.0187836 0.0537685
5.075 0.120334 0.124528 -0.018646 0.0529408
5.1 0.118587 0.122704 -0.0185035 0.0521002
5.125 0.11681 0.120851 -0.0183561 0.0512476
5.15 0.115006 0.118972 -0.0182039 0.0503838
5.175 0.113176 0.117067 -0.0180469 0.0495099
5.2 0.111322 0.115138 -0.0178851 0.0486266
5.225 0.109446 0.113188 -0.0177186 0.0477349
5.25 0.107549 0.111219 -0.0175474 0.0468357
5.275 0.105635 0.109232 -0.0173717 0.0459299
5.3 0.103704 0.107229 -0.0171916 0.0450186
5.325 0.101759 0.105212 -0.0170071 0.0441025
5.35 0.0998021 0.103184 -0.0168184 0.0431827
5.375 0.0978347 0.101146 -0.0166256 0.04226
5.4 0.0958592 0.0990998 -0.016429 0.0413354
5.425 0.0938774 0.0970482 -0.0162285 0.0404098
5.45 0.0918914 0.0949929 -0.0160246 0.0394842
5.475 0.089903 0.0929358 -0.0158172 0.0385593
5.5 0.0879144 0.0908788 -0.0156067 0.0376361
5.525 0.0859273 0.0888239 -0.0153931 0.0367154
5.55 0.0839436 0.0867729 -0.0151767 0.0357981
5.575 0.0819653 0.0847278 -0.0149577 0.034885
5.6 0.079994 0.0826902 -0.0147364 0.0339769
5.625 0.0780316 0.0806621 -0.0145128 0.0330747
5.65 0.0760798 0.0786452 -0.0142873 0.0321789
5.675 0.0741402 0.0766411 -0.01406 0.0312905
5.7 0.0722145 0.0746514 -0.0138312 0.0304101
5.725 0.0703042 0.0726778 -0.013601 0.0295384
5.75 0.0684109 0.0707219 -0.0133697 0.0286761
5.775 0.0665359 0.0687849 -0.0131375 0.0278237
5.8 0.0646807 0.0668684 -0.0129046 0.0269819
5.825 0.0628466 0.0649738 -0.0126712 0.0261513
5.85 0.0610348 0.0631022 -0.0124375 0.0253323
5.875 0.0592465 0.0612549 -0.0122037 0.0245256
5.9 0.0574828 0.059433 -0.01197 0.0237315
5.925 0.0557449 0.0576376 -0.0117366 0.0229505
5.95 0.0540335 0.0558697 -0.0115036 0.022183
5.975 0.0523498 0.0541302 -0.0112714 0.0214294
6 0.0506945 0.0524201 -0.0110399 0.0206901
6.025 0.0490683 0.05074 -0.0108094 0.0199653
6.05 0.047472 0.0490907 -0.0105801 0.0192553
6.075 0.0459063 0.0474729 -0.0103521 0.0185604
6.1 0.0443716 0.0458871 -0.0101255 0.0178808
6.125 0.0428684 0.0443338 -0.00990053 0.0172166
6.15 0.0413972 0.0428135 -0.0096773 0.0165681
6.175 0.0399584 0.0413266 -0.00945593 0.0159353
6.2 0.0385523 0.0398733 -0.00923654 0.0153184
6.225 0.037179 0.0384539 -0.00901925 0.0147173
6.25 0.0358387 0.0370686 -0.00880418 0.0141322
6.275 0.0345317 0.0357176 -0.00859141 0.0135631
6.3 0.0332578 0.0344008 -0.00838106 0.0130099
6.325 0.0320172 0.0331183 -0.00817321 0.0124725
6.35 0.0308098 0.03187 -0.00796795 0.011951
6.375 0.0296354 0.0306558 -0.00776535 0.0114452
6.4 0.0284939 0.0294756 -0.00756549 0.0109551
6.425 0.0273852 0.0283292 -0.00736843 0.0104804
6.45 0.026309 0.0272163 -0.00717423 0.010021
6.475 0.0252649 0.0261366 -0.00698296 0.00957684
6.5 0.0242527 0.0250899 -0.00679465 0.00914762
6.525 0.023272 0.0240757 -0.00660937 0.00873316
6.55 0.0223224 0.0230936 -0.00642714 0.00833325
6.575 0.0214036 0.0221433 -0.006248 0.00794763
6.6 0.0205149 0.0212241 -0.00607198 0.00757607
6.625 0.019656 0.0203357 -0.00589911 0.0072183
6.65 0.0188263 0.0194775 -0.00572941 0.00687404
6.675 0.0180254 0.018649 -0.0055629 0.00654303
6.7 0.0172526 0.0178495 -0.0053996 0.00622496
6.725 0.0165073 0.0170786 -0.00523951 0.00591954
6.75 0.0157891 0.0163355 -0.00508263 0.00562646
6.775 0.0150973 0.0156198 -0.00492898 0.00534541
6.8 0.0144312 0.0149307 -0.00477855 0.00507608
6.825 0.0137903 0.0142676 -0.00463134 0.00481814
6.85 0.013174 0.0136299 -0.00448735 0.00457129
6.875 0.0125815 0.0130169 -0.00434655 0.00433518
6.9 0.0120123 0.012428 -0.00420895 0.00410951
6.925 0.0114657 0.0118624 -0.00407452 0.00389394
6.95 0.0109411 0.0113195 -0.00394324 0.00368815
6.975 0.0104378 0.0107987 -0.00381511 0.00349182
7 0.00995515 0.0102993 -0.00369008 0.00330463
7.025 0.00949257 0.00982066 -0.00356815 0.00312626
7.05 0.0090494 0.00936206 -0.00344928 0.00295639
7.075 0.008625 0.00892289 -0.00333344 0.00279473
7.1 0.00821877 0.0085025 -0.00322061 0.00264095
7.125 0.00783007 0.00810026 -0.00311074 0.00249476
7.15 0.00745831 0.00771554 -0.00300381 0.00235586
7.175 0.00710288 0.00734772 -0.00289979 0.00222397
7.2 0.0067632 0.0069962 -0.00279862 0.00209879
7.225 0.0064387 0.00666038 -0.00270028 0.00198005
7.25 0.00612881 0.00633967 -0.00260472 0.00186747
7.275 0.00583297 0.0060335 -0.0025119 0.0017608
7.3 0.00555065 0.00574132 -0.00242179 0.00165977
7.325 0.00528131 0.00546257 -0.00233433 0.00156412
7.35 0.00502444 0.00519673 -0.00224948 0.00147363
7.375 0.00477954 0.00494328 -0.00216719 0.00138804
7.4 0.00454612 0.0047017 -0.00208743 0.00130714
7.425 0.0043237 0.00447151 -0.00201013 0.00123069
7.45 0.00411183 0.00425223 -0.00193526 0.00115849
7.475 0.00391006 0.0040434 -0.00186277 0.00109032
7.5 0.00371795 0.00384458 -0.0017926 0.00102599
7.525 0.00353509 0.00365532 -0.00172471 0.000965303
7.55 0.00336106 0.00347521 -0.00165905 0.000908078
7.575 0.00319549 0.00330384 -0.00159557 0.000854135
7.6 0.00303799 0.00314082 -0.00153422 0.000803304
7.625 0.00288819 0.00298578 -0.00147494 0.00075542
7.65 0.00274574 0.00283835 -0.00141769 0.000710328
7.675 0.00261031 0.00269818 -0.00136243 0.000667878
7.7 0.00248157 0.00256494 -0.00130908 0.000627926
7.725 0.00235921 0.00243829 -0.00125762 0.000590335
7.75 0.00224293 0.00231794 -0.00120799 0.000554974
7.775 0.00213244 0.00220357 -0.00116013 0.00052172
7.8 0.00202746 0.00209492 -0.00111401 0.000490453
7.825 0.00192772 0.00199169 -0.00106957 0.000461061
7.85 0.00183298 0.00189363 -0.00102676 0.000433436
7.875 0.00174299 0.00180049 -0.000985538 0.000407477
7.9 0.00165752 0.00171203 -0.000945854 0.000383086
7.925 0.00157634 0.00162801 -0.000907664 0.000360172
7.95 0.00149925 0.00154822 -0.000870919 0.000338649
7.975 0.00142604 0.00147244 -0.000835577 0.000318432
8 0.00135651 0.00140048 -0.000801591 0.000299446
8.025 0.00129048 0.00133215 -0.000768919 0.000281615
8.05 0.00122778 0.00126726 -0.000737517 0.00026487
8.075 0.00116824 0.00120564 -0.000707344 0.000249146
8.1 0.00111169 0.00114712 -0.000678357 0.00023438
8.125 0.00105799 0.00109155 -0.000650517 0.000220514
8.15 0.00100699 0.00103877 -0.000623784 0.000207493
8.175 0.000958557 0.000988649 -0.00059812 0.000195264
8.2 0.000912551 0.000941045 -0.000573486 0.00018378
8.225 0.000868852 0.00089583 -0.000549845 0.000172992
8.25 0.000827342 0.000852882 -0.000527162 0.00016286
8.275 0.000787907 0.000812084 -0.000505402 0.000153341
8.3 0.000750441 0.000773325 -0.00048453 0.000144397
8.325 0.000714842 0.000736501 -0.000464514 0.000135993
8.35 0.000681014 0.000701511 -0.00044532 0.000128095
8.375 0.000648866 0.000668261 -0.000426918 0.000120672
8.4 0.000618311 0.000636662 -0.000409277 0.000113692
8.425 0.000589266 0.000606628 -0.000392368 0.00010713
8.45 0.000561655 0.000578079 -0.000376162 0.000100959
8.475 0.000535402 0.000550938 -0.000360631 9.51535e-05
8.5 0.000510437 0.000525132 -0.000345748 8.96919e-05
8.525 0.000486695 0.000500593 -0.000331488 8.45524e-05
8.55 0.000464113 0.000477256 -0.000317826 7.97149e-05
8.575 0.00044263 0.000455058 -0.000304736 7.51608e-05
8.6 0.00042219 0.000433941 -0.000292196 7.08725e-05
8.625 0.00040274 0.000413851 -0.000280184 6.68335e-05
8.65 0.000384229 0.000394733 -0.000268676 6.30286e-05
8.675 0.000366609 0.00037654 -0.000257653 5.94433e-05
8.7 0.000349834 0.000359222 -0.000247094 5.60643e-05
8.725 0.000333863 0.000342737 -0.000236979 5.28789e-05
8.75 0.000318653 0.000327041 -0.00022729 4.98755e-05
8.775 0.000304166 0.000312095 -0.000218009 4.7043e-05
8.8 0.000290365 0.00029786 -0.000209118 4.43712e-05
8.825 0.000277217 0.000284301 -0.0002006 4.18505e-05
8.85 0.000264688 0.000271384 -0.00019244 3.94719e-05
8.875 0.000252748 0.000259076 -0.000184622 3.72271e-05
8.9 0.000241366 0.000247348 -0.000177132 3.5108e-05
8.925 0.000230515 0.000236169 -0.000169954 3.31075e-05
8.95 0.000220169 0.000225514 -0.000163076 3.12186e-05
8.975 0.000210302 0.000215355 -0.000156485 2.94348e-05
9 0.000200892 0.000205668 -0.000150168 2.77502e-05
9.025 0.000191915 0.000196431 -0.000144113 2.61591e-05
9.05 0.00018335 0.00018762 -0.000138308 2.46562e-05
9.075 0.000175178 0.000179216 -0.000132743 2.32365e-05
9.1 0.000167379 0.000171198 -0.000127407 2.18953e-05
9.125 0.000159935 0.000163547 -0.000122291 2.06284e-05
9.15 0.000152829 0.000156246 -0.000117383 1.94316e-05
9.175 0.000146045 0.000149278 -0.000112676 1.8301e-05
9.2 0.000139567 0.000142627 -0.000108161 1.7233e-05
9.225 0.000133381 0.000136278 -0.000103829 1.62242e-05
9.25 0.000127473 0.000130215 -9.96723e-05 1.52715e-05
9.275 0.000121829 0.000124427 -9.56832e-05 1.43717e-05
9.3 0.000116438 0.000118899 -9.18544e-05 1.35221e-05
9.325 0.000111288 0.000113619 -8.8179e-05 1.272e-05
9.35 0.000106366 0.000108576 -8.46504e-05 1.19628e-05
9.375 0.000101664 0.000103759 -8.12623e-05 1.12482e-05
9.4 9.71696e-05 9.91565e-05 -7.80087e-05 1.05739e-05
9.425 9.28743e-05 9.47594e-05 -7.48839e-05 9.93777e-06
9.45 8.87687e-05 9.05579e-05 -7.18823e-05 9.3378e-06
9.475 8.48441e-05 8.6543e-05 -6.89988e-05 8.77208e-06
9.5 8.10923e-05 8.27061e-05 -6.62285e-05 8.23881e-06
9.525 7.75055e-05 7.90391e-05 -6.35666e-05 7.73627e-06
9.55 7.40762e-05 7.55342e-05 -6.10085e-05 7.26284e-06
9.575 7.07973e-05 7.21841e-05 -5.85501e-05 6.81699e-06
9.6 6.7662e-05 6.89818e-05 -5.61873e-05 6.39725e-06
9.625 6.4664e-05 6.59206e-05 -5.39161e-05 6.00223e-06
9.65 6.17971e-05 6.29941e-05 -5.17329e-05 5.63061e-06
9.675 5.90556e-05 6.01964e-05 -4.96341e-05 5.28114e-06
9.7 5.64338e-05 5.75216e-05 -4.76163e-05 4.95263e-06
9.725 5.39265e-05 5.49643e-05 -4.56765e-05 4.64394e-06
9.75 5.15286e-05 5.25194e-05 -4.38114e-05 4.35399e-06
9.775 4.92355e-05 5.01817e-05 -4.20182e-05 4.08177e-06
9.8 4.70424e-05 4.79467e-05 -4.02942e-05 3.82628e-06
9.825 4.49452e-05 4.58098e-05 -3.86366e-05 3.5866e-06
9.85 4.29395e-05 4.37666e-05 -3.70429e-05 3.36185e-06
9.875 4.10215e-05 4.18132e-05 -3.55108e-05 3.15118e-06
9.9 3.91874e-05 3.99455e-05 -3.40379e-05 2.9538e-06
9.925 3.74335e-05 3.81599e-05 -3.2622e-05 2.76894e-06
9.95 3.57564e-05 3.64528e-05 -3.1261e-05 2.59588e-06
9.975 3.41529e-05 3.48207e-05 -2.99529e-05 2.43392e-06
10 3.26198e-05 3.32605e-05 -2.86957e-05 2.28242e-06
10.025 3.11541e-05 3.17691e-05 -2.74876e-05 2.14075e-06
10.05 2.97529e-05 3.03435e-05 -2.63268e-05 2.00832e-06
10.075 2.84134e-05 2.89808e-05 -2.52117e-05 1.88456e-06
10.1 2.71331e-05 2.76784e-05 -2.41405e-05 1.76896e-06
10.125 2.59095e-05 2.64336e-05 -2.31117e-05 1.66099e-06
10.15 2.47402e-05 2.52441e-05 -2.21237e-05 1.56019e-06
10.175 2.36227e-05 2.41075e-05 -2.11753e-05 1.4661e-06
10.2 2.25551e-05 2.30214e-05 -2.02648e-05 1.3783e-06
10.225 2.15351e-05 2.19838e-05 -1.9391e-05 1.29637e-06
10.25 2.05607e-05 2.09925e-05 -1.85526e-05 1.21994e-06
10.275 1.963e-05 2.00457e-05 -1.77484e-05 1.14865e-06
10.3 1.87412e-05 1.91413e-05 -1.6977e-05 1.08216e-06
10.325 1.78925e-05 1.82777e-05 -1.62374e-05 1.02014e-06
10.35 1.70821e-05 1.7453e-05 -1.55284e-05 9.62292e-07
10.375 1.63085e-05 1.66655e-05 -1.48489e-05 9.0834e-07
10.4 1.55702e-05 1.59138e-05 -1.41978e-05 8.58013e-07
10.425 1.48655e-05 1.51963e-05 -1.35742e-05 8.11062e-07
10.45 1.4193e-05 1.45114e-05 -1.29769e-05 7.67252e-07
10.475 1.35515e-05 1.38579e-05 -1.24052e-05 7.26364e-07
10.5 1.29395e-05 1.32344e-05 -1.1858e-05 6.88192e-07
10.525 1.23557e-05 1.26395e-05 -1.13344e-05 6.52546e-07
10.55 1.17991e-05 1.2072e-05 -1.08335e-05 6.19244e-07
10.575 1.12683e-05 1.15308e-05 -1.03546e-05 5.88121e-07
10.6 1.07623e-05 1.10148e-05 -9.89671e-06 5.5902e-07
10.625 1.028e-05 1.05227e-05 -9.45909e-06 5.31796e-07
10.65 9.82036e-06 1.00536e-05 -9.04096e-06 5.06314e-07
10.675 9.38236e-06 9.60645e-06 -8.64156e-06 4.82447e-07
10.7 8.96505e-06 9.18031e-06 -8.26016e-06 4.60079e-07
10.725 8.56752e-06 8.77424e-06 -7.89604e-06 4.39101e-07
10.75 8.18889e-06 8.38734e-06 -7.54852e-06 4.19412e-07
10.775 7.8283e-06 8.01876e-06 -7.21692e-06 4.00919e-07
10.8 7.48494e-06 7.66768e-06 -6.90061e-06 3.83534e-07
10.825 7.15802e-06 7.3333e-06 -6.59894e-06 3.67178e-07
10.85 6.8468e-06 7.01487e-06 -6.31132e-06 3.51775e-07
10.875 6.55054e-06 6.71165e-06 -6.03714e-06 3.37256e-07
10.9 6.26857e-06 6.42295e-06 -5.77584e-06 3.23556e-07
10.925 6.0002e-06 6.1481e-06 -5.52687e-06 3.10617e-07
10.95 5.7448e-06 5.88645e-06 -5.28968e-06 2.98384e-07
10.975 5.50176e-06 5.63738e-06 -5.06377e-06 2.86804e-07
11 5.27048e-06 5.40029e-06 -4.84863e-06 2.75831e-07
11.025 5.0504e-06 5.17462e-06 -4.64378e-06 2.65421e-07
11.05 4.84099e-06 4.95981e-06 -4.44875e-06 2.55532e-07
11.075 4.64171e-06 4.75535e-06 -4.26309e-06 2.46127e-07
11.1 4.45207e-06 4.56072e-06 -4.08638e-06 2.37171e-07
11.125 4.2716e-06 4.37545e-06 -3.91818e-06 2.28631e-07
11.15 4.09983e-06 4.19907e-06 -3.75811e-06 2.20477e-07
11.175 3.93634e-06 4.03113e-06 -3.60577e-06 2.1268e-07
11.2 3.78069e-06 3.87123e-06 -3.4608e-06 2.05215e-07
11.225 3.6325e-06 3.71894e-06 -3.32283e-06 1.98056e-07
11.25 3.49138e-06 3.57388e-06 -3.19152e-06 1.91183e-07
11.275 3.35696e-06 3.43569e-06 -3.06655e-06 1.84572e-07
11.3 3.22891e-06 3.30401e-06 -2.94759e-06 1.78206e-07
11.325 3.10688e-06 3.17849e-06 -2.83436e-06 1.72067e-07
11.35 2.99056e-06 3.05883e-06 -2.72656e-06 1.66136e-07
11.375 2.87964e-06 2.94471e-06 -2.62391e-06 1.60401e-07
11.4 2.77385e-06 2.83584e-06 -2.52615e-06 1.54845e-07
11.425 2.67291e-06 2.73194e-06 -2.43303e-06 1.49457e-07
11.45 2.57657e-06 2.63276e-06 -2.34431e-06 1.44225e-07
11.475 2.48456e-06 2.53803e-06 -2.25976e-06 1.39137e-07
11.5 2.39667e-06 2.44753e-06 -2.17916e-06 1.34184e-07
11.525 2.31268e-06 2.36102e-06 -2.10231e-06 1.29357e-07
11.55 2.23236e-06 2.2783e-06 -2.029e-06 1.24649e-07
11.575 2.15553e-06 2.19916e-06 -1.95905e-06 1.20051e-07
11.6 2.08199e-06 2.1234e-06 -1.89229e-06 1.15559e-07
11.625 2.01158e-06 2.05086e-06 -1.82853e-06 1.11167e-07
11.65 1.94412e-06 1.98136e-06 -1.76762e-06 1.06869e-07
11.675 1.87945e-06 1.91474e-06 -1.70941e-06 1.02663e-07
11.7 1.81742e-06 1.85084e-06 -1.65375e-06 9.85448e-08
11.725 1.75791e-06 1.78952e-06 -1.6005e-06 9.45118e-08
11.75 1.70076e-06 1.73066e-06 -1.54953e-06 9.05622e-08
11.775 1.64586e-06 1.67412e-06 -1.50073e-06 8.66946e-08
11.8 1.59309e-06 1.61977e-06 -1.45396e-06 8.2908e-08
11.825 1.54235e-06 1.56752e-06 -1.40912e-06 7.92021e-08
11.85 1.49351e-06 1.51725e-06 -1.3661e-06 7.55768e-08
11.875 1.4465e-06 1.46887e-06 -1.32481e-06 7.20325e-08
11.9 1.4012e-06 1.42228e-06 -1.28514e-06 6.857e-08
11.925 1.35755e-06 1.37739e-06 -1.24701e-06 6.51902e-08
11.95 1.31545e-06 1.33411e-06 -1.21033e-06 6.18944e-08
11.975 1.27483e-06 1.29238e-06 -1.17501e-06 5.86841e-08
12 1.23562e-06 1.25212e-06 -1.14099e-06 5.55609e-08
12.025 1.19774e-06 1.21324e-06 -1.10819e-06 5.25266e-08
12.05 1.16114e-06 1.1757e-06 -1.07654e-06 4.95829e-08
12.075 1.12574e-06 1.13943e-06 -1.04597e-06 4.67316e-08
12.1 1.0915e-06 1.10437e-06 -1.01642e-06 4.39746e-08
12.125 1.05836e-06 1.07045e-06 -9.87825e-07 4.13136e-08
12.15 1.02626e-06 1.03764e-06 -9.60137e-07 3.87502e-08
12.175 9.95151e-07 1.00587e-06 -9.33297e-07 3.6286e-08
12.2 9.64994e-07 9.751e-07 -9.07255e-07 3.39223e-08
12.225 9.3574e-07 9.45283e-07 -8.81963e-07 3.16603e-08
12.25 9.07347e-07 9.16375e-07 -8.57373e-07 2.95009e-08
12.275 8.79774e-07 8.88333e-07 -8.33443e-07 2.74448e-08
12.3 8.52982e-07 8.61116e-07 -8.10132e-07 2.54925e-08
12.325 8.26934e-07 8.34687e-07 -7.87399e-07 2.3644e-08
12.35 8.01595e-07 8.09007e-07 -7.65209e-07 2.18993e-08
12.375 7.76931e-07 7.84042e-07 -7.43526e-07 2.02578e-08
12.4 7.5291e-07 7.59757e-07 -7.22319e-07 1.87188e-08
12.425 7.29502e-07 7.3612e-07 -7.01557e-07 1.72812e-08
12.45 7.06677e-07 7.13099e-07 -6.81212e-07 1.59436e-08
12.475 6.84408e-07 6.90665e-07 -6.61257e-07 1.47041e-08
12.5 6.62669e-07 6.68789e-07 -6.41668e-07 1.35608e-08
12.525 6.41434e-07 6.47445e-07 -6.22422e-07 1.25113e-08
12.55 6.20681e-07 6.26607e-07 -6.03501e-07 1.15529e-08
12.575 6.00387e-07 6.0625e-07 -5.84884e-07 1.06828e-08
12.6 5.80532e-07 5.86351e-07 -5.66556e-07 9.89758e-09
12.625 5.61096e-07 5.6689e-07 -5.48502e-07 9.19395e-09
12.65 5.42061e-07 5.47846e-07 -5.3071e-07 8.56822e-09
12.675 5.23412e-07 5.29202e-07 -5.13168e-07 8.01654e-09
12.7 5.05134e-07 5.10938e-07 -4.95869e-07 7.53488e-09
12.725 4.87212e-07 4.93042e-07 -4.78804e-07 7.11907e-09
12.75 4.69635e-07 4.75498e-07 -4.61968e-07 6.7648e-09
12.775 4.52393e-07 4.58294e-07 -4.45358e-07 6.46772e-09
12.8 4.35476e-07 4.41419e-07 -4.28972e-07 6.22336e-09
12.825 4.18877e-07 4.24864e-07 -4.12809e-07 6.02726e-09
12.85 4.02589e-07 4.08622e-07 -3.96872e-07 5.87493e-09
12.875 3.86609e-07 3.92686e-07 -3.81162e-07 5.76193e-09
12.9 3.70932e-07 3.77051e-07 -3.65684e-07 5.68384e-09
12.925 3.55557e-07 3.61716e-07 -3.50443e-07 5.63634e-09
12.95 3.40484e-07 3.46678e-07 -3.35447e-07 5.61523e-09
12.975 3.25714e-07 3.31937e-07 -3.20704e-07 5.61641e-09
13 3.11248e-07 3.17495e-07 -3.06223e-07 5.63594e-09
13.025 2.9709e-07 3.03355e-07 -2.92015e-07 5.67008e-09
13.05 2.83246e-07 2.8952e-07 -2.7809e-07 5.71527e-09
13.075 2.6972e-07 2.75997e-07 -2.64461e-07 5.76815e-09
13.1 2.56519e-07 2.62792e-07 -2.51141e-07 5.82562e-09
13.125 2.43653e-07 2.49913e-07 -2.38143e-07 5.8848e-09
13.15 2.31128e-07 2.37367e-07 -2.25481e-07 5.94308e-09
13.175 2.18955e-07 2.25166e-07 -2.1317e-07 5.99811e-09
13.2 2.07144e-07 2.1332e-07 -2.01224e-07 6.04782e-09
13.225 1.95706e-07 2.01839e-07 -1.89658e-07 6.09042e-09
13.25 1.84652e-07 1.90735e-07 -1.78487e-07 6.12438e-09
13.275 1.73994e-07 1.80022e-07 -1.67725e-07 6.14848e-09
13.3 1.63744e-07 1.69711e-07 -1.57387e-07 6.16176e-09
13.325 1.53913e-07 1.59815e-07 -1.47488e-07 6.16356e-09
13.35 1.44515e-07 1.50347e-07 -1.3804e-07 6.15348e-09
13.375 1.35562e-07 1.4132e-07 -1.29057e-07 6.13136e-09
13.4 1.27064e-07 1.32747e-07 -1.20553e-07 6.09733e-09
13.425 1.19035e-07 1.24641e-07 -1.12538e-07 6.05175e-09
13.45 1.11484e-07 1.17013e-07 -1.05023e-07 5.9952e-09
13.475 1.04424e-07 1.09876e-07 -9.80188e-08 5.92849e-09
13.5 9.78633e-08 1.03239e-07 -9.15342e-08 5.85263e-09
13.525 9.1812e-08 9.71147e-08 -8.55771e-08 5.7688e-09
13.55 8.62785e-08 9.15108e-08 -8.01541e-08 5.67836e-09
13.575 8.12703e-08 8.64363e-08 -7.52707e-08 5.58282e-09
13.6 7.6794e-08 8.18987e-08 -7.09311e-08 5.4838e-09
13.625 7.2855e-08 7.79041e-08 -6.7138e-08 5.38305e-09
13.65 6.94576e-08 7.44578e-08 -6.3893e-08 5.2824e-09
13.675 6.66048e-08 7.15633e-08 -6.11959e-08 5.18375e-09
13.7 6.42982e-08 6.92233e-08 -5.90452e-08 5.08906e-09
13.725 6.25383e-08 6.74387e-08 -5.74381e-08 5.0003e-09
13.75 6.13241e-08 6.6209e-08 -5.637e-08 4.91948e-09
13.775 6.06529e-08 6.55323e-08 -5.58351e-08 4.84858e-09
13.8 6.0521e-08 6.54051e-08 -5.5826e-08 4.78955e-09
13.825 6.09228e-08 6.58224e-08 -5.63337e-08 4.74433e-09
13.85 6.18515e-08 6.67775e-08 -5.7348e-08 4.71475e-09
13.875 6.32986e-08 6.82624e-08 -5.88572e-08 4.7026e-09
13.9 6.52543e-08 7.02673e-08 -6.08482e-08 4.70957e-09
13.925 6.77072e-08 7.2781e-08 -6.33065e-08 4.73724e-09
13.95 7.06446e-08 7.57907e-08 -6.62166e-08 4.78709e-09
13.975 7.40523e-08 7.92823e-08 -6.95614e-08 4.86043e-09
14 7.79148e-08 8.324e-08 -7.3323e-08 4.95849e-09
14.025 8.22152e-08 8.76468e-08 -7.74822e-08 5.0823e-09
14.05 8.69354e-08 9.24845e-08 -8.20189e-08 5.23276e-09
14.075 9.20561e-08 9.77333e-08 -8.69121e-08 5.41062e-09
14.1 9.75569e-08 1.03373e-07 -9.21397e-08 5.61642e-09
14.125 1.03416e-07 1.0938e-07 -9.76791e-08 5.85059e-09
14.15 1.09612e-07 1.15734e-07 -1.03507e-07 6.11334e-09
14.175 1.16121e-07 1.22409e-07 -1.096e-07 6.40474e-09
14.2 1.22919e-07 1.29381e-07 -1.15932e-07 6.72466e-09
14.225 1.2998e-07 1.36626e-07 -1.2248e-07 7.07283e-09
14.25 1.37281e-07 1.44116e-07 -1.29218e-07 7.44878e-09
14.275 1.44794e-07 1.51825e-07 -1.36121e-07 7.85192e-09
14.3 1.52494e-07 1.59726e-07 -1.43163e-07 8.28145e-09
14.325 1.60354e-07 1.67792e-07 -1.50319e-07 8.73646e-09
14.35 1.68346e-07 1.75996e-07 -1.57564e-07 9.21587e-09
14.375 1.76446e-07 1.84309e-07 -1.64872e-07 9.71848e-09
14.4 1.84624e-07 1.92704e-07 -1.72218e-07 1.02429e-08
14.425 1.92855e-07 2.01154e-07 -1.79578e-07 1.07878e-08
14.45 2.01112e-07 2.0963e-07 -1.86927e-07 1.13515e-08
14.475 2.09368e-07 2.18107e-07 -1.94242e-07 1.19323e-08
14.5 2.17598e-07 2.26557e-07 -2.015e-07 1.25286e-08
14.525 2.25776e-07 2.34954e-07 -2.08677e-07 1.31383e-08
14.55 2.33877e-07 2.43272e-07 -2.15752e-07 1.37598e-08
14.575 2.41878e-07 2.51487e-07 -2.22705e-07 1.43909e-08
14.6 2.49753e-07 2.59573e-07 -2.29514e-07 1.50296e-08
14.625 2.57481e-07 2.67509e-07 -2.36161e-07 1.5674e-08
14.65 2.6504e-07 2.7527e-07 -2.42626e-07 1.63219e-08
14.675 2.72408e-07 2.82836e-07 -2.48894e-07 1.69713e-08
14.7 2.79566e-07 2.90186e-07 -2.54946e-07 1.76201e-08
14.725 2.86494e-07 2.973e-07 -2.60768e-07 1.82661e-08
14.75 2.93175e-07 3.04161e-07 -2.66346e-07 1.89074e-08
14.775 2.99592e-07 3.10749e-07 -2.71665e-07 1.95419e-08
14.8 3.05728e-07 3.17051e-07 -2.76715e-07 2.01677e-08
14.825 3.11571e-07 3.23049e-07 -2.81484e-07 2.07827e-08
14.85 3.17106e-07 3.28732e-07 -2.85962e-07 2.13851e-08
14.875 3.22321e-07 3.34087e-07 -2.9014e-07 2.19731e-08
14.9 3.27206e-07 3.39101e-07 -2.94012e-07 2.25449e-08
14.925 3.31751e-07 3.43767e-07 -2.97569e-07 2.30988e-08
14.95 3.35947e-07 3.48075e-07 -3.00808e-07 2.36333e-08
14.975 3.39788e-07 3.52017e-07 -3.03723e-07 2.41469e-08
15 3.43268e-07 3.55588e-07 -3.06312e-07 2.46381e-08
15.025 3.46381e-07 3.58784e-07 -3.08572e-07 2.51057e-08
15.05 3.49126e-07 3.616e-07 -3.10503e-07 2.55484e-08
15.075 3.51499e-07 3.64034e-07 -3.12104e-07 2.59651e-08
15.1 3.53499e-07 3.66086e-07 -3.13376e-07 2.63548e-08
15.125 3.55127e-07 3.67755e-07 -3.14321e-07 2.67168e-08
15.15 3.56383e-07 3.69042e-07 -3.14942e-07 2.70501e-08
15.175 3.57271e-07 3.6995e-07 -3.15242e-07 2.73541e-08
15.2 3.57792e-07 3.70482e-07 -3.15226e-07 2.76283e-08
15.225 3.57952e-07 3.70643e-07 -3.14899e-07 2.78722e-08
15.25 3.57754e-07 3.70437e-07 -3.14266e-07 2.80854e-08
15.275 3.57207e-07 3.69871e-07 -3.13335e-07 2.82679e-08
15.3 3.56315e-07 3.68952e-07 -3.12113e-07 2.84193e-08
15.325 3.55087e-07 3.67687e-07 -3.10607e-07 2.85398e-08
15.35 3.53531e-07 3.66085e-07 -3.08827e-07 2.86293e-08
15.375 3.51657e-07 3.64156e-07 -3.0678e-07 2.86881e-08
15.4 3.49473e-07 3.61909e-07 -3.04476e-07 2.87164e-08
15.425 3.4699e-07 3.59355e-07 -3.01926e-07 2.87145e-08
15.45 3.44219e-07 3.56504e-07 -2.99138e-07 2.8683e-08
15.475 3.41171e-07 3.53369e-07 -2.96125e-07 2.86223e-08
15.5 3.37857e-07 3.49961e-07 -2.92895e-07 2.8533e-08
15.525 3.3429e-07 3.46292e-07 -2.8946e-07 2.84158e-08
15.55 3.30482e-07 3.42375e-07 -2.85832e-07 2.82715e-08
15.575 3.26445e-07 3.38223e-07 -2.82022e-07 2.81007e-08
15.6 3.22192e-07 3.33849e-07 -2.7804e-07 2.79044e-08
15.625 3.17736e-07 3.29265e-07 -2.73898e-07 2.76835e-08
15.65 3.13089e-07 3.24486e-07 -2.69608e-07 2.74388e-08
15.675 3.08266e-07 3.19524e-07 -2.65181e-07 2.71714e-08
15.7 3.03278e-07 3.14393e-07 -2.60628e-07 2.68824e-08
15.725 2.98139e-07 3.09106e-07 -2.55961e-07 2.65727e-08
15.75 2.92862e-07 3.03677e-07 -2.5119e-07 2.62434e-08
15.775 2.8746e-07 2.98118e-07 -2.46327e-07 2.58956e-08
15.8 2.81945e-07 2.92443e-07 -2.41382e-07 2.55305e-08
15.825 2.7633e-07 2.86665e-07 -2.36366e-07 2.51491e-08
15.85 2.70627e-07 2.80795e-07 -2.3129e-07 2.47526e-08
15.875 2.64849e-07 2.74847e-07 -2.26163e-07 2.43422e-08
15.9 2.59006e-07 2.68833e-07 -2.20995e-07 2.39189e-08
15.925 2.53112e-07 2.62764e-07 -2.15796e-07 2.34839e-08
15.95 2.47176e-07 2.56652e-07 -2.10575e-07 2.30383e-08
15.975 2.4121e-07 2.50508e-07 -2.05341e-07 2.25832e-08
16 2.35224e-07 2.44342e-07 -2.00103e-07 2.21196e-08
16.025 2.29229e-07 2.38166e-07 -1.94868e-07 2.16488e-08
16.05 2.23234e-07 2.31989e-07 -1.89646e-07 2.11717e-08
16.075 2.17248e-07 2.25821e-07 -1.84443e-07 2.06893e-08
16.1 2.11281e-07 2.19671e-07 -1.79266e-07 2.02027e-08
16.125 2.05342e-07 2.13548e-07 -1.74123e-07 1.97128e-08
16.15 1.99437e-07 2.0746e-07 -1.69019e-07 1.92205e-08
16.175 1.93576e-07 2.01416e-07 -1.63962e-07 1.87269e-08
16.2 1.87765e-07 1.95422e-07 -1.58957e-07 1.82327e-08
16.225 1.82011e-07 1.89486e-07 -1.54008e-07 1.77388e-08
16.25 1.7632e-07 1.83614e-07 -1.49122e-07 1.72459e-08
16.275 1.707e-07 1.77813e-07 -1.44303e-07 1.6755e-08
16.3 1.65154e-07 1.72088e-07 -1.39554e-07 1.62666e-08
16.325 1.59689e-07 1.66445e-07 -1.34881e-07 1.57816e-08
16.35 1.5431e-07 1.60888e-07 -1.30287e-07 1.53005e-08
16.375 1.4902e-07 1.55422e-07 -1.25774e-07 1.4824e-08
16.4 1.43823e-07 1.50052e-07 -1.21347e-07 1.43526e-08
16.425 1.38723e-07 1.44781e-07 -1.17007e-07 1.38869e-08
16.45 1.33724e-07 1.39612e-07 -1.12757e-07 1.34274e-08
16.475 1.28828e-07 1.34548e-07 -1.08598e-07 1.29746e-08
16.5 1.24038e-07 1.29592e-07 -1.04534e-07 1.25289e-08
16.525 1.19355e-07 1.24745e-07 -1.00564e-07 1.20906e-08
16.55 1.14782e-07 1.20011e-07 -9.66908e-08 1.16602e-08
16.575 1.1032e-07 1.1539e-07 -9.29146e-08 1.12379e-08
16.6 1.0597e-07 1.10884e-07 -8.92363e-08 1.08241e-08
16.625 1.01733e-07 1.06494e-07 -8.56562e-08 1.0419e-08
16.65 9.76102e-08 1.0222e-07 -8.21747e-08 1.00227e-08
16.675 9.36011e-08 9.80629e-08 -7.87917e-08 9.63561e-09
16.7 8.97062e-08 9.40226e-08 -7.55071e-08 9.25776e-09
16.725 8.59253e-08 9.0099e-08 -7.23204e-08 8.8893e-09
16.75 8.2258e-08 8.62918e-08 -6.92312e-08 8.53033e-09
16.775 7.87036e-08 8.26005e-08 -6.62387e-08 8.18094e-09
16.8 7.52614e-08 7.90244e-08 -6.3342e-08 7.84118e-09
16.825 7.19305e-08 7.55623e-08 -6.05402e-08 7.51107e-09
16.85 6.87096e-08 7.22134e-08 -5.78321e-08 7.19063e-09
16.875 6.55975e-08 6.89761e-08 -5.52165e-08 6.87982e-09
16.9 6.25928e-08 6.58492e-08 -5.26919e-08 6.57863e-09
16.925 5.96937e-08 6.28309e-08 -5.02569e-08 6.28699e-09
16.95 5.68988e-08 5.99197e-08 -4.791e-08 6.00483e-09
16.975 5.4206e-08 5.71137e-08 -4.56495e-08 5.73206e-09
17 5.16135e-08 5.44109e-08 -4.34737e-08 5.46859e-09
17.025 4.91194e-08 5.18094e-08 -4.13809e-08 5.21429e-09
17.05 4.67215e-08 4.93071e-08 -3.9369e-08 4.96903e-09
17.075 4.44176e-08 4.69018e-08 -3.74364e-08 4.73267e-09
17.1 4.22057e-08 4.45912e-08 -3.55811e-08 4.50507e-09
17.125 4.00833e-08 4.23732e-08 -3.38011e-08 4.28605e-09
17.15 3.80484e-08 4.02453e-08 -3.20944e-08 4.07545e-09
17.175 3.60984e-08 3.82052e-08 -3.0459e-08 3.8731e-09
17.2 3.42311e-08 3.62506e-08 -2.8893e-08 3.67881e-09
17.225 3.24441e-08 3.4379e-08 -2.73943e-08 3.49238e-09
17.25 3.0735e-08 3.25881e-08 -2.59608e-08 3.31363e-09
17.275 2.91015e-08 3.08754e-08 -2.45907e-08 3.14236e-09
17.3 2.75412e-08 2.92385e-08 -2.32817e-08 2.97837e-09
17.325 2.60518e-08 2.7675e-08 -2.20321e-08 2.82145e-09
17.35 2.46308e-08 2.61824e-08 -2.08396e-08 2.6714e-09
17.375 2.32759e-08 2.47586e-08 -1.97025e-08 2.52802e-09
17.4 2.19849e-08 2.3401e-08 -1.86188e-08 2.3911e-09
17.425 2.07555e-08 2.21073e-08 -1.75865e-08 2.26043e-09
17.45 1.95854e-08 2.08753e-08 -1.66037e-08 2.1358e-09
17.475 1.84724e-08 1.97027e-08 -1.56687e-08 2.01702e-09
17.5 1.74144e-08 1.85872e-08 -1.47795e-08 1.90388e-09
17.525 1.64091e-08 1.75268e-08 -1.39344e-08 1.79618e-09
17.55 1.54546e-08 1.65191e-08 -1.31317e-08 1.69372e-09
17.575 1.45488e-08 1.55622e-08 -1.23696e-08 1.59631e-09
17.6 1.36896e-08 1.4654e-08 -1.16465e-08 1.50375e-09
17.625 1.28751e-08 1.37925e-08 -1.09608e-08 1.41586e-09
17.65 1.21035e-08 1.29757e-08 -1.03108e-08 1.33245e-09
17.675 1.13729e-08 1.22017e-08 -9.69507e-09 1.25334e-09
17.7 1.06814e-08 1.14688e-08 -9.11206e-09 1.17835e-09
17.725 1.00273e-08 1.07749e-08 -8.56032e-09 1.10731e-09
17.75 9.40905e-09 1.01186e-08 -8.03846e-09 1.04005e-09
17.775 8.82485e-09 9.49791e-09 -7.5451e-09 9.76401e-10
17.8 8.27317e-09 8.91136e-09 -7.07894e-09 9.16211e-10
17.825 7.75247e-09 8.35733e-09 -6.63869e-09 8.59321e-10
17.85 7.26127e-09 7.83429e-09 -6.22313e-09 8.0558e-10
17.875 6.79814e-09 7.34075e-09 -5.83106e-09 7.54843e-10
17.9 6.36171e-09 6.87528e-09 -5.46134e-09 7.06969e-10
17.925 5.95064e-09 6.43652e-09 -5.11288e-09 6.6182e-10
17.95 5.56366e-09 6.02314e-09 -4.78461e-09 6.19265e-10
17.975 5.19955e-09 5.63387e-09 -4.47551e-09 5.79177e-10
18 4.85713e-09 5.26748e-09 -4.18461e-09 5.41433e-10
18.025 4.53526e-09 4.9228e-09 -3.91097e-09 5.05915e-10
18.05 4.23288e-09 4.5987e-09 -3.65368e-09 4.72509e-10
18.075 3.94893e-09 4.29411e-09 -3.41189e-09 4.41108e-10
18.1 3.68243e-09 4.00798e-09 -3.18477e-09 4.11605e-10
18.125 3.43243e-09 3.73933e-09 -2.97153e-09 3.83901e-10
18.15 3.19802e-09 3.48722e-09 -2.77142e-09 3.579e-10
18.175 2.97834e-09 3.25073e-09 -2.58371e-09 3.33509e-10
18.2 2.77256e-09 3.02901e-09 -2.40773e-09 3.10641e-10
18.225 2.5799e-09 2.82123e-09 -2.24281e-09 2.89212e-10
18.25 2.3996e-09 2.62661e-09 -2.08833e-09 2.69141e-10
18.275 2.23096e-09 2.4444e-09 -1.9437e-09 2.50351e-10
18.3 2.07329e-09 2.27389e-09 -1.80835e-09 2.3277e-10
18.325 1.92595e-09 2.1144e-09 -1.68174e-09 2.16329e-10
18.35 1.78833e-09 1.96529e-09 -1.56337e-09 2.0096e-10
18.375 1.65985e-09 1.82594e-09 -1.45274e-09 1.86601e-10
18.4 1.53996e-09 1.69578e-09 -1.3494e-09 1.73193e-10
18.425 1.42814e-09 1.57426e-09 -1.2529e-09 1.60678e-10
18.45 1.32388e-09 1.46085e-09 -1.16285e-09 1.49003e-10
18.475 1.22673e-09 1.35507e-09 -1.07883e-09 1.38117e-10
18.5 1.13624e-09 1.25643e-09 -1.00049e-09 1.27971e-10
18.525 1.05199e-09 1.16451e-09 -9.27472e-10 1.18519e-10
18.55 9.73586e-10 1.07888e-09 -8.59443e-10 1.09719e-10
18.575 9.0066e-10 9.99146e-10 -7.9609e-10 1.01528e-10
18.6 8.32857e-10 9.24937e-10 -7.37117e-10 9.39096e-11
18.625 7.69846e-10 8.55898e-10 -6.82246e-10 8.68258e-11
18.65 7.11314e-10 7.91699e-10 -6.31214e-10 8.02424e-11
18.675 6.56967e-10 7.32025e-10 -5.83771e-10 7.41269e-11
18.7 6.06528e-10 6.76583e-10 -5.39685e-10 6.84489e-11
18.725 5.59736e-10 6.25094e-10 -4.98736e-10 6.31793e-11
18.75 5.16348e-10 5.77297e-10 -4.60715e-10 5.82911e-11
18.775 4.76133e-10 5.32947e-10 -4.25429e-10 5.37588e-11
18.8 4.38875e-10 4.91812e-10 -3.92695e-10 4.95583e-11
18.825 4.04372e-10 4.53676e-10 -3.62341e-10 4.56672e-11
18.85 3.72434e-10 4.18334e-10 -3.34206e-10 4.20643e-11
18.875 3.42883e-10 3.85597e-10 -3.08138e-10 3.87297e-11
18.9 3.15553e-10 3.55285e-10 -2.83995e-10 3.56448e-11
18.925 2.90287e-10 3.27229e-10 -2.61645e-10 3.27923e-11
18.95 2.6694e-10 3.01274e-10 -2.40962e-10 3.01558e-11
18.975 2.45374e-10 2.77271e-10 -2.21831e-10 2.772e-11
19 2.25463e-10 2.55083e-10 -2.04142e-10 2.54706e-11
19.025 2.07087e-10 2.34582e-10 -1.87793e-10 2.33944e-11
19.05 1.90135e-10 2.15646e-10 -1.72689e-10 2.14787e-11
19.075 1.74504e-10 1.98164e-10 -1.5874e-10 1.9712e-11
19.1 1.60096e-10 1.82031e-10 -1.45864e-10 1.80834e-11
19.125 1.4682e-10 1.67148e-10 -1.33982e-10 1.65827e-11
19.15 1.34594e-10 1.53424e-10 -1.23023e-10 1.52005e-11
19.175 1.23339e-10 1.40774e-10 -1.12918e-10 1.39279e-11
19.2 1.12982e-10 1.29119e-10 -1.03605e-10 1.27569e-11
19.225 1.03456e-10 1.18385e-10 -9.50253e-11 1.16797e-11
19.25 9.46962e-11 1.08502e-10 -8.7124e-11 1.06892e-11
19.275 8.66456e-11 9.94083e-11 -7.98504e-11 9.77895e-12
19.3 7.92495e-11 9.10426e-11 -7.31573e-11 8.94266e-12
19.325 7.24574e-11 8.33502e-11 -6.70008e-11 8.17471e-12
19.35 6.62225e-11 7.62796e-11 -6.134e-11 7.46979e-12
19.375 6.05014e-11 6.97831e-11 -5.61371e-11 6.823e-12
19.4 5.52539e-11 6.38166e-11 -5.1357e-11 6.2298e-12
19.425 5.04427e-11 5.83388e-11 -4.69668e-11 5.68597e-12
19.45 4.60333e-11 5.33117e-11 -4.29365e-11 5.18762e-12
19.475 4.19937e-11 4.87001e-11 -3.92379e-11 4.73112e-12
19.5 3.82943e-11 4.44713e-11 -3.5845e-11 4.31314e-12
19.525 3.4908e-11 4.05949e-11 -3.27338e-11 3.93057e-12
19.55 3.18094e-11 3.7043e-11 -2.98819e-11 3.58058e-12
19.575 2.89751e-11 3.37897e-11 -2.72687e-11 3.2605e-12
19.6 2.63837e-11 3.0811e-11 -2.48752e-11 2.96791e-12
19.625 2.40152e-11 2.80848e-11 -2.26837e-11 2.70055e-12
19.65 2.18514e-11 2.55907e-11 -2.0678e-11 2.45635e-12
19.675 1.98752e-11 2.33096e-11 -1.88429e-11 2.23338e-12
19.7 1.80712e-11 2.12244e-11 -1.71646e-11 2.02989e-12
19.725 1.6425e-11 1.93188e-11 -1.56303e-11 1.84424e-12
19.75 1.49233e-11 1.7578e-11 -1.42281e-11 1.67495e-12
19.775 1.3554e-11 1.59884e-11 -1.29472e-11 1.52063e-12
19.8 1.23059e-11 1.45374e-11 -1.17774e-11 1.38001e-12
19.825 1.11687e-11 1.32134e-11 -1.07096e-11 1.25193e-12
19.85 1.0133e-11 1.20058e-11 -9.73518e-12 1.13531e-12
19.875 9.19e-12 1.09047e-11 -8.84634e-12 1.02917e-12
19.9 8.33178e-12 9.90109e-12 -8.03586e-12 9.32615e-13
19.925 7.551e-12 8.98671e-12 -7.2971e-12 8.44804e-13
19.95 6.84095e-12 8.15391e-12 -6.62395e-12 7.64978e-13
19.975 6.19547e-12 7.39571e-12 -6.01083e-12 6.92441e-13
20 5.60889e-12 6.70567e-12 -5.45257e-12 6.26552e-13
