0 9.27689e-05 -7.83517e-05
0.025 9.27689e-05 -7.83517e-05
0.05 0.000185331 -0.00015644
0.075 0.000277479 -0.000234001
0.1 0.000369009 -0.000310776
0.125 0.000459716 -0.000386507
0.15 0.000549398 -0.00046094
0.175 0.000637858 -0.000533828
0.2 0.000724898 -0.000604928
0.225 0.000810329 -0.000674007
0.25 0.000893961 -0.000740837
0.275 0.000975612 -0.0008052
0.3 0.00105511 -0.000866889
0.325 0.00113227 -0.000925706
0.35 0.00120693 -0.000981465
0.375 0.00127895 -0.00103399
0.4 0.00134815 -0.00108312
0.425 0.00141441 -0.00112871
0.45 0.00147757 -0.00117063
0.475 0.00153752 -0.00120874
0.5 0.00159414 -0.00124295
0.525 0.0016473 -0.00127316
0.55 0.00169692 -0.0012993
0.575 0.0017429 -0.00132131
0.6 0.00178515 -0.00133913
0.625 0.00182361 -0.00135274
0.65 0.00185821 -0.00136213
0.675 0.0018889 -0.00136728
0.7 0.00191563 -0.00136823
0.725 0.00193839 -0.00136499
0.75 0.00195714 -0.0013576
0.775 0.00197188 -0.00134614
0.8 0.0019826 -0.00133067
0.825 0.00198933 -0.00131126
0.85 0.00199208 -0.00128803
0.875 0.0019909 -0.00126108
0.9 0.00198581 -0.00123054
0.925 0.00197688 -0.00119652
0.95 0.00196418 -0.00115919
0.975 0.00194778 -0.00111868
1 0.00192777 -0.00107516
1.025 0.00190424 -0.00102879
1.05 0.00187731 -0.000979763
1.075 0.00184708 -0.000928247
1.1 0.00181368 -0.000874433
1.125 0.00177725 -0.000818513
1.15 0.00173793 -0.000760682
1.175 0.00169588 -0.000701139
1.2 0.00165124 -0.000640086
1.225 0.00160419 -0.000577723
1.25 0.0015549 -0.000514254
1.275 0.00150356 -0.000449879
1.3 0.00145035 -0.000384801
1.325 0.00139545 -0.000319216
1.35 0.00133908 -0.000253321
1.375 0.00128143 -0.000187308
1.4 0.00122271 -0.000121365
1.425 0.00116314 -5.56737e-05
1.45 0.00110291 9.58781e-06
1.475 0.00104225 7.4249e-05
1.5 0.000981386 0.000138146
1.525 0.000920524 0.000201122
1.55 0.000859889 0.000263027
1.575 0.000799701 0.000323723
1.6 0.000740178 0.000383077
1.625 0.000681538 0.000440965
1.65 0.000623998 0.000497276
1.675 0.00056777 0.000551905
1.7 0.000513065 0.000604759
1.725 0.00046009 0.000655753
1.75 0.000409044 0.000704815
1.775 0.000360126 0.00075188
1.8 0.000313524 0.000796896
1.825 0.000269424 0.00083982
1.85 0.000228 0.000880618
1.875 0.000189423 0.000919268
1.9 0.000153851 0.000955756
1.925 0.000121436 0.00099008
1.95 9.23195e-05 0.00102224
1.975 6.66314e-05 0.00105226
2 4.4492e-05 0.00108016
2.025 2.60097e-05 0.00110596
2.05 1.1281e-05 0.00112971
2.075 3.89984e-07 0.00115146
2.1 -6.59234e-06 0.00117125
2.125 -9.60828e-06 0.00118915
2.15 -8.61393e-06 0.00120521
2.175 -3.57954e-06 0.00121951
2.2 5.51013e-06 0.00123213
2.225 1.86556e-05 0.00124313
2.25 3.58421e-05 0.0012526
2.275 5.70401e-05 0.00126062
2.3 8.22041e-05 0.00126728
2.325 0.000111273 0.00127265
2.35 0.000144172 0.00127682
2.375 0.000180807 0.00127987
2.4 0.000221071 0.00128189
2.425 0.000264842 0.00128295
2.45 0.00031198 0.00128313
2.475 0.000362332 0.00128251
2.5 0.00041573 0.00128114
2.525 0.000471989 0.00127909
2.55 0.000530913 0.00127643
2.575 0.00059229 0.00127319
2.6 0.000655896 0.00126942
2.625 0.000721492 0.00126516
2.65 0.00078883 0.00126044
2.675 0.000857646 0.00125526
2.7 0.000927669 0.00124965
2.725 0.000998617 0.0012436
2.75 0.0010702 0.00123709
2.775 0.00114211 0.00123012
2.8 0.00121404 0.00122265
2.825 0.00128568 0.00121463
2.85 0.00135671 0.00120601
2.875 0.0014268 0.00119674
2.9 0.00149563 0.00118674
2.925 0.00156285 0.00117591
2.95 0.00162814 0.00116418
2.975 0.00169116 0.00115143
3 0.00175158 0.00113754
3.025 0.00180907 0.0011224
3.05 0.0018633 0.00110587
3.075 0.00191395 0.00108781
3.1 0.00196069 0.00106806
3.125 0.00200321 0.00104647
3.15 0.00204122 0.00102288
3.175 0.00207441 0.000997107
3.2 0.00210251 0.000968988
3.225 0.00212523 0.000938339
3.25 0.00214231 0.000904978
3.275 0.00215351 0.000868721
3.3 0.0021586 0.000829381
3.325 0.00215735 0.000786774
3.35 0.00214956 0.000740713
3.375 0.00213505 0.000691017
3.4 0.00211365 0.000637505
3.425 0.00208521 0.000580003
3.45 0.00204961 0.000518341
3.475 0.00200674 0.000452356
3.5 0.00195651 0.000381894
3.525 0.00189885 0.000306808
3.55 0.00183372 0.000226964
3.575 0.00176111 0.000142236
3.6 0.00168101 5.25135e-05
3.625 0.00159344 -4.23031e-05
3.65 0.00149845 -0.000142298
3.675 0.00139612 -0.000247539
3.7 0.00128653 -0.00035808
3.725 0.00116979 -0.000473957
3.75 0.00104606 -0.000595186
3.775 0.000915476 -0.000721769
3.8 0.000778232 -0.000853685
3.825 0.000634529 -0.000990896
3.85 0.00048459 -0.00113334
3.875 0.000328659 -0.00128095
3.9 0.000166999 -0.00143361
3.925 -1.07902e-07 -0.0015912
3.95 -0.000172361 -0.0017536
3.975 -0.000349444 -0.00192063
4 -0.000531023 -0.00209212
4.025 -0.000716752 -0.00226785
4.05 -0.000906267 -0.00244762
4.075 -0.0010992 -0.00263118
4.1 -0.00129515 -0.00281828
4.125 -0.00149374 -0.00300863
4.15 -0.00169455 -0.00320194
4.175 -0.00189718 -0.0033979
4.2 -0.0021012 -0.00359619
4.225 -0.00230619 -0.00379646
4.25 -0.00251173 -0.00399836
4.275 -0.00271738 -0.00420154
4.3 -0.00292271 -0.0044056
4.325 -0.0031273 -0.00461017
4.35 -0.00333071 -0.00481485
4.375 -0.00353252 -0.00501925
4.4 -0.00373231 -0.00522296
4.425 -0.00392967 -0.00542556
4.45 -0.00412419 -0.00562665
4.475 -0.00431548 -0.00582581
4.5 -0.00450313 -0.00602264
4.525 -0.00468679 -0.00621673
4.55 -0.00486608 -0.00640767
4.575 -0.00504064 -0.00659506
4.6 -0.00521015 -0.00677851
4.625 -0.00537428 -0.00695763
4.65 -0.00553273 -0.00713206
4.675 -0.00568519 -0.00730142
4.7 -0.00583141 -0.00746537
4.725 -0.00597113 -0.00762357
4.75 -0.00610411 -0.0077757
4.775 -0.00623014 -0.00792145
4.8 -0.00634902 -0.00806052
4.825 -0.00646058 -0.00819266
4.85 -0.00656466 -0.00831761
4.875 -0.00666113 -0.00843513
4.9 -0.00674988 -0.00854502
4.925 -0.00683081 -0.00864708
4.95 -0.00690386 -0.00874114
4.975 -0.00696898 -0.00882706
5 -0.00702613 -0.0089047
5.025 -0.0070753 -0.00897398
5.05 -0.00711652 -0.0090348
5.075 -0.0071498 -0.00908711
5.1 -0.0071752 -0.00913087
5.125 -0.0071928 -0.00916608
5.15 -0.00720267 -0.00919274
5.175 -0.00720492 -0.00921088
5.2 -0.00719968 -0.00922055
5.225 -0.00718709 -0.00922184
5.25 -0.00716729 -0.00921483
5.275 -0.00714046 -0.00919964
5.3 -0.00710677 -0.0091764
5.325 -0.00706643 -0.00914527
5.35 -0.00701965 -0.0091064
5.375 -0.00696663 -0.00905999
5.4 -0.00690761 -0.00900623
5.425 -0.00684282 -0.00894535
5.45 -0.00677252 -0.00887756
5.475 -0.00669695 -0.00880312
5.5 -0.00661638 -0.00872226
5.525 -0.00653106 -0.00863525
5.55 -0.00644127 -0.00854237
5.575 -0.00634729 -0.0084439
5.6 -0.00624938 -0.00834011
5.625 -0.00614782 -0.0082313
5.65 -0.00604289 -0.00811777
5.675 -0.00593486 -0.00799982
5.7 -0.00582402 -0.00787774
5.725 -0.00571063 -0.00775185
5.75 -0.00559497 -0.00762245
5.775 -0.0054773 -0.00748984
5.8 -0.00535789 -0.00735432
5.825 -0.005237 -0.0072162
5.85 -0.00511488 -0.00707577
5.875 -0.00499178 -0.00693332
5.9 -0.00486794 -0.00678914
5.925 -0.00474359 -0.00664351
5.95 -0.00461896 -0.00649671
5.975 -0.00449427 -0.006349
6 -0.00436973 -0.00620066
6.025 -0.00424554 -0.00605192
6.05 -0.00412189 -0.00590304
6.075 -0.00399898 -0.00575425
6.1 -0.00387697 -0.00560578
6.125 -0.00375603 -0.00545784
6.15 -0.00363631 -0.00531064
6.175 -0.00351797 -0.00516438
6.2 -0.00340113 -0.00501923
6.225 -0.00328594 -0.00487539
6.25 -0.0031725 -0.00473301
6.275 -0.00306092 -0.00459225
6.3 -0.0029513 -0.00445326
6.325 -0.00284374 -0.00431616
6.35 -0.00273831 -0.00418108
6.375 -0.00263508 -0.00404813
6.4 -0.00253413 -0.00391742
6.425 -0.00243549 -0.00378904
6.45 -0.00233923 -0.00366308
6.475 -0.00224538 -0.0035396
6.5 -0.00215398 -0.00341867
6.525 -0.00206503 -0.00330036
6.55 -0.00197858 -0.00318469
6.575 -0.00189461 -0.00307173
6.6 -0.00181315 -0.00296149
6.625 -0.00173418 -0.002854
6.65 -0.0016577 -0.00274928
6.675 -0.0015837 -0.00264733
6.7 -0.00151216 -0.00254816
6.725 -0.00144306 -0.00245177
6.75 -0.00137636 -0.00235815
6.775 -0.00131205 -0.00226727
6.8 -0.00125008 -0.00217913
6.825 -0.00119043 -0.0020937
6.85 -0.00113304 -0.00201095
6.875 -0.00107788 -0.00193085
6.9 -0.00102489 -0.00185335
6.925 -0.000974043 -0.00177843
6.95 -0.000925274 -0.00170604
6.975 -0.000878537 -0.00163614
7 -0.000833779 -0.00156866
7.025 -0.000790946 -0.00150358
7.05 -0.000749984 -0.00144083
7.075 -0.000710838 -0.00138037
7.1 -0.000673453 -0.00132213
7.125 -0.000637771 -0.00126606
7.15 -0.000603739 -0.00121211
7.175 -0.000571299 -0.00116022
7.2 -0.000540397 -0.00111034
7.225 -0.000510977 -0.00106239
7.25 -0.000482985 -0.00101634
7.275 -0.000456367 -0.000972112
7.3 -0.00043107 -0.00092966
7.325 -0.000407041 -0.000888923
7.35 -0.00038423 -0.000849846
7.375 -0.000362586 -0.000812373
7.4 -0.000342059 -0.000776449
7.425 -0.000322603 -0.000742021
7.45 -0.000304169 -0.000709035
7.475 -0.000286713 -0.00067744
7.5 -0.00027019 -0.000647184
7.525 -0.000254557 -0.000618217
7.55 -0.000239773 -0.000590491
7.575 -0.000225798 -0.000563957
7.6 -0.000212592 -0.000538571
7.625 -0.000200118 -0.000514287
7.65 -0.00018834 -0.00049106
7.675 -0.000177223 -0.00046885
7.7 -0.000166734 -0.000447613
7.725 -0.00015684 -0.000427311
7.75 -0.000147511 -0.000407906
7.775 -0.000138718 -0.000389358
7.8 -0.000130431 -0.000371634
7.825 -0.000122623 -0.000354697
7.85 -0.00011527 -0.000338515
7.875 -0.000108346 -0.000323056
7.9 -0.000101828 -0.000308287
7.925 -9.5693e-05 -0.000294179
7.95 -8.99202e-05 -0.000280704
7.975 -8.44891e-05 -0.000267834
8 -7.93805e-05 -0.000255543
8.025 -7.4576e-05 -0.000243804
8.05 -7.00582e-05 -0.000232595
8.075 -6.58107e-05 -0.00022189
8.1 -6.18179e-05 -0.000211669
8.125 -5.80649e-05 -0.000201909
8.15 -5.45378e-05 -0.00019259
8.175 -5.12233e-05 -0.000183692
8.2 -4.81088e-05 -0.000175197
8.225 -4.51827e-05 -0.000167086
8.25 -4.24336e-05 -0.000159343
8.275 -3.9851e-05 -0.000151951
8.3 -3.74251e-05 -0.000144894
8.325 -3.51465e-05 -0.000138157
8.35 -3.30062e-05 -0.000131727
8.375 -3.0996e-05 -0.000125588
8.4 -2.9108e-05 -0.000119729
8.425 -2.73349e-05 -0.000114137
8.45 -2.56697e-05 -0.000108799
8.475 -2.41059e-05 -0.000103704
8.5 -2.26373e-05 -9.88427e-05
8.525 -2.12581e-05 -9.42032e-05
8.55 -1.9963e-05 -8.97759e-05
8.575 -1.87467e-05 -8.55514e-05
8.6 -1.76046e-05 -8.15207e-05
8.625 -1.65321e-05 -7.76752e-05
8.65 -1.5525e-05 -7.40066e-05
8.675 -1.45792e-05 -7.05071e-05
8.7 -1.36911e-05 -6.71691e-05
8.725 -1.28571e-05 -6.39854e-05
8.75 -1.2074e-05 -6.09493e-05
8.775 -1.13386e-05 -5.80541e-05
8.8 -1.06481e-05 -5.52935e-05
8.825 -9.99963e-06 -5.26617e-05
8.85 -9.39075e-06 -5.01528e-05
8.875 -8.81902e-06 -4.77614e-05
8.9 -8.28216e-06 -4.54823e-05
8.925 -7.77807e-06 -4.33104e-05
8.95 -7.30475e-06 -4.1241e-05
8.975 -6.86032e-06 -3.92695e-05
9 -6.44303e-06 -3.73914e-05
9.025 -6.05124e-06 -3.56027e-05
9.05 -5.68338e-06 -3.38992e-05
9.075 -5.33801e-06 -3.22772e-05
9.1 -5.01375e-06 -3.0733e-05
9.125 -4.70932e-06 -2.9263e-05
9.15 -4.42352e-06 -2.78638e-05
9.175 -4.15521e-06 -2.65323e-05
9.2 -3.90332e-06 -2.52654e-05
9.225 -3.66685e-06 -2.406e-05
9.25 -3.44487e-06 -2.29134e-05
9.275 -3.23649e-06 -2.18229e-05
9.3 -3.04087e-06 -2.07857e-05
9.325 -2.85725e-06 -1.97995e-05
9.35 -2.68489e-06 -1.88619e-05
9.375 -2.52309e-06 -1.79705e-05
9.4 -2.37122e-06 -1.71232e-05
9.425 -2.22867e-06 -1.63179e-05
9.45 -2.09485e-06 -1.55525e-05
9.475 -1.96925e-06 -1.48252e-05
9.5 -1.85134e-06 -1.41342e-05
9.525 -1.74067e-06 -1.34776e-05
9.55 -1.63679e-06 -1.28538e-05
9.575 -1.53927e-06 -1.22611e-05
9.6 -1.44774e-06 -1.16981e-05
9.625 -1.36181e-06 -1.11633e-05
9.65 -1.28114e-06 -1.06552e-05
9.675 -1.20541e-06 -1.01725e-05
9.7 -1.13432e-06 -9.71389e-06
9.725 -1.06757e-06 -9.27822e-06
9.75 -1.0049e-06 -8.86428e-06
9.775 -9.46053e-07 -8.47095e-06
9.8 -8.90797e-07 -8.09716e-06
9.825 -8.38908e-07 -7.74191e-06
9.85 -7.90177e-07 -7.40423e-06
9.875 -7.44407e-07 -7.08319e-06
9.9 -7.01415e-07 -6.77791e-06
9.925 -6.61028e-07 -6.48757e-06
9.95 -6.23085e-07 -6.21137e-06
9.975 -5.87432e-07 -5.94855e-06
10 -5.53927e-07 -5.6984e-06
10.025 -5.22436e-07 -5.46023e-06
10.05 -4.92834e-07 -5.23341e-06
10.075 -4.65002e-07 -5.01731e-06
10.1 -4.3883e-07 -4.81137e-06
10.125 -4.14214e-07 -4.61502e-06
10.15 -3.91056e-07 -4.42775e-06
10.175 -3.69266e-07 -4.24907e-06
10.2 -3.48757e-07 -4.07851e-06
10.225 -3.29449e-07 -3.91563e-06
10.25 -3.11267e-07 -3.76001e-06
10.275 -2.9414e-07 -3.61127e-06
10.3 -2.78002e-07 -3.46903e-06
10.325 -2.62791e-07 -3.33295e-06
10.35 -2.48449e-07 -3.20269e-06
10.375 -2.34922e-07 -3.07795e-06
10.4 -2.22158e-07 -2.95844e-06
10.425 -2.10111e-07 -2.84388e-06
10.45 -1.98735e-07 -2.73401e-06
10.475 -1.87989e-07 -2.6286e-06
10.5 -1.77835e-07 -2.52742e-06
10.525 -1.68235e-07 -2.43025e-06
10.55 -1.59155e-07 -2.33689e-06
10.575 -1.50565e-07 -2.24716e-06
10.6 -1.42435e-07 -2.16088e-06
10.625 -1.34736e-07 -2.07789e-06
10.65 -1.27444e-07 -1.99802e-06
10.675 -1.20534e-07 -1.92114e-06
10.7 -1.13985e-07 -1.84711e-06
10.725 -1.07775e-07 -1.7758e-06
10.75 -1.01885e-07 -1.70709e-06
10.775 -9.62964e-08 -1.64087e-06
10.8 -9.09937e-08 -1.57704e-06
10.825 -8.59607e-08 -1.51549e-06
10.85 -8.11829e-08 -1.45613e-06
10.875 -7.66469e-08 -1.39887e-06
10.9 -7.234e-08 -1.34364e-06
10.925 -6.82505e-08 -1.29036e-06
10.95 -6.43675e-08 -1.23894e-06
10.975 -6.06808e-08 -1.18933e-06
11 -5.71807e-08 -1.14146e-06
11.025 -5.38584e-08 -1.09527e-06
11.05 -5.07055e-08 -1.0507e-06
11.075 -4.7714e-08 -1.00769e-06
11.1 -4.48767e-08 -9.66201e-07
11.125 -4.21864e-08 -9.26171e-07
11.15 -3.96365e-08 -8.87558e-07
11.175 -3.72209e-08 -8.50315e-07
11.2 -3.49336e-08 -8.14401e-07
11.225 -3.27689e-08 -7.79774e-07
11.25 -3.07214e-08 -7.46394e-07
11.275 -2.8786e-08 -7.14224e-07
11.3 -2.69578e-08 -6.83227e-07
11.325 -2.52319e-08 -6.53368e-07
11.35 -2.36038e-08 -6.24612e-07
11.375 -2.20692e-08 -5.96928e-07
11.4 -2.06236e-08 -5.70282e-07
11.425 -1.92631e-08 -5.44645e-07
11.45 -1.79837e-08 -5.19987e-07
11.475 -1.67814e-08 -4.96277e-07
11.5 -1.56525e-08 -4.73488e-07
11.525 -1.45935e-08 -4.51591e-07
11.55 -1.36007e-08 -4.3056e-07
11.575 -1.26707e-08 -4.10369e-07
11.6 -1.18003e-08 -3.90991e-07
11.625 -1.09862e-08 -3.72401e-07
11.65 -1.02252e-08 -3.54574e-07
11.675 -9.51449e-09 -3.37486e-07
11.7 -8.851e-09 -3.21113e-07
11.725 -8.23198e-09 -3.05431e-07
11.75 -7.65471e-09 -2.90419e-07
11.775 -7.11659e-09 -2.76053e-07
11.8 -6.61514e-09 -2.62312e-07
11.825 -6.14796e-09 -2.49174e-07
11.85 -5.71277e-09 -2.36617e-07
11.875 -5.30739e-09 -2.24622e-07
11.9 -4.92975e-09 -2.13168e-07
11.925 -4.5779e-09 -2.02235e-07
11.95 -4.24996e-09 -1.91805e-07
11.975 -3.94419e-09 -1.81857e-07
12 -3.65894e-09 -1.72374e-07
12.025 -3.39267e-09 -1.63338e-07
12.05 -3.14392e-09 -1.54731e-07
12.075 -2.91136e-09 -1.46537e-07
12.1 -2.69372e-09 -1.38738e-07
12.125 -2.48985e-09 -1.31319e-07
12.15 -2.29867e-09 -1.24264e-07
12.175 -2.11921e-09 -1.17558e-07
12.2 -1.95056e-09 -1.11187e-07
12.225 -1.79189e-09 -1.05135e-07
12.25 -1.64245e-09 -9.93902e-08
12.275 -1.50157e-09 -9.39387e-08
12.3 -1.36863e-09 -8.87678e-08
12.325 -1.24308e-09 -8.38654e-08
12.35 -1.12441e-09 -7.92196e-08
12.375 -1.01219e-09 -7.48191e-08
12.4 -9.06017e-10 -7.06532e-08
12.425 -8.0554e-10 -6.67114e-08
12.45 -7.10448e-10 -6.29837e-08
12.475 -6.20461e-10 -5.94606e-08
12.5 -5.35335e-10 -5.61328e-08
12.525 -4.54851e-10 -5.29918e-08
12.55 -3.78816e-10 -5.00291e-08
12.575 -3.07056e-10 -4.72366e-08
12.6 -2.39417e-10 -4.46067e-08
12.625 -1.75758e-10 -4.21321e-08
12.65 -1.1595e-10 -3.98056e-08
12.675 -5.98731e-11 -3.76207e-08
12.7 -7.4161e-12 -3.55706e-08
12.725 4.15282e-11 -3.36494e-08
12.75 8.70633e-11 -3.18508e-08
12.775 1.29291e-10 -3.01691e-08
12.8 1.68313e-10 -2.85987e-08
12.825 2.04231e-10 -2.71342e-08
12.85 2.37149e-10 -2.57703e-08
12.875 2.67174e-10 -2.45017e-08
12.9 2.94415e-10 -2.33236e-08
12.925 3.18985e-10 -2.22309e-08
12.95 3.41001e-10 -2.12189e-08
12.975 3.60584e-10 -2.02827e-08
13 3.77859e-10 -1.94176e-08
13.025 3.92956e-10 -1.8619e-08
13.05 4.06006e-10 -1.78823e-08
13.075 4.17147e-10 -1.7203e-08
13.1 4.26519e-10 -1.65763e-08
13.125 4.34265e-10 -1.5998e-08
13.15 4.4053e-10 -1.54633e-08
13.175 4.45462e-10 -1.49679e-08
13.2 4.4921e-10 -1.45073e-08
13.225 4.51927e-10 -1.40769e-08
13.25 4.53763e-10 -1.36725e-08
13.275 4.54871e-10 -1.32896e-08
13.3 4.55403e-10 -1.29238e-08
13.325 4.55511e-10 -1.25707e-08
13.35 4.55345e-10 -1.22262e-08
13.375 4.55056e-10 -1.18859e-08
13.4 4.5479e-10 -1.15458e-08
13.425 4.54695e-10 -1.12016e-08
13.45 4.54912e-10 -1.08494e-08
13.475 4.55583e-10 -1.04854e-08
13.5 4.56844e-10 -1.01057e-08
13.525 4.58831e-10 -9.70662e-09
13.55 4.61672e-10 -9.2847e-09
13.575 4.65495e-10 -8.83654e-09
13.6 4.70421e-10 -8.35895e-09
13.625 4.7657e-10 -7.84891e-09
13.65 4.84053e-10 -7.30359e-09
13.675 4.92979e-10 -6.72035e-09
13.7 5.03452e-10 -6.09679e-09
13.725 5.1557e-10 -5.43073e-09
13.75 5.29426e-10 -4.72022e-09
13.775 5.45106e-10 -3.96355e-09
13.8 5.62692e-10 -3.15928e-09
13.825 5.8226e-10 -2.30623e-09
13.85 6.03878e-10 -1.40348e-09
13.875 6.2761e-10 -4.50376e-10
13.9 6.53511e-10 5.53447e-10
13.925 6.81632e-10 1.60809e-09
13.95 7.12014e-10 2.71336e-09
13.975 7.44694e-10 3.86881e-09
14 7.797e-10 5.07369e-09
14.025 8.17053e-10 6.32701e-09
14.05 8.56766e-10 7.6275e-09
14.075 8.98845e-10 8.97362e-09
14.1 9.43287e-10 1.03636e-08
14.125 9.90083e-10 1.17954e-08
14.15 1.03921e-09 1.32667e-08
14.175 1.09065e-09 1.47751e-08
14.2 1.14437e-09 1.63179e-08
14.225 1.20031e-09 1.78922e-08
14.25 1.25844e-09 1.94949e-08
14.275 1.31868e-09 2.11228e-08
14.3 1.38098e-09 2.27725e-08
14.325 1.44525e-09 2.44404e-08
14.35 1.51142e-09 2.61229e-08
14.375 1.57938e-09 2.78163e-08
14.4 1.64905e-09 2.95166e-08
14.425 1.72031e-09 3.12201e-08
14.45 1.79305e-09 3.29227e-08
14.475 1.86715e-09 3.46205e-08
14.5 1.94248e-09 3.63095e-08
14.525 2.01891e-09 3.79856e-08
14.55 2.09629e-09 3.9645e-08
14.575 2.17447e-09 4.12836e-08
14.6 2.25332e-09 4.28977e-08
14.625 2.33266e-09 4.44834e-08
14.65 2.41235e-09 4.6037e-08
14.675 2.49222e-09 4.75549e-08
14.7 2.5721e-09 4.90336e-08
14.725 2.65182e-09 5.04698e-08
14.75 2.73121e-09 5.18602e-08
14.775 2.81011e-09 5.32017e-08
14.8 2.88833e-09 5.44914e-08
14.825 2.9657e-09 5.57267e-08
14.85 3.04206e-09 5.69049e-08
14.875 3.11723e-09 5.80238e-08
14.9 3.19104e-09 5.90811e-08
14.925 3.26333e-09 6.00749e-08
14.95 3.33393e-09 6.10034e-08
14.975 3.40268e-09 6.18651e-08
15 3.46943e-09 6.26586e-08
15.025 3.53403e-09 6.33829e-08
15.05 3.59633e-09 6.4037e-08
15.075 3.65619e-09 6.46202e-08
15.1 3.71348e-09 6.51321e-08
15.125 3.76807e-09 6.55723e-08
15.15 3.81985e-09 6.59408e-08
15.175 3.8687e-09 6.62377e-08
15.2 3.91451e-09 6.64633e-08
15.225 3.95721e-09 6.66182e-08
15.25 3.99669e-09 6.6703e-08
15.275 4.03288e-09 6.67187e-08
15.3 4.06571e-09 6.66662e-08
15.325 4.09512e-09 6.65468e-08
15.35 4.12107e-09 6.63618e-08
15.375 4.14351e-09 6.61128e-08
15.4 4.16241e-09 6.58013e-08
15.425 4.17775e-09 6.54292e-08
15.45 4.18951e-09 6.49983e-08
15.475 4.1977e-09 6.45106e-08
15.5 4.20232e-09 6.39682e-08
15.525 4.20339e-09 6.33733e-08
15.55 4.20092e-09 6.27281e-08
15.575 4.19495e-09 6.20349e-08
15.6 4.18553e-09 6.12961e-08
15.625 4.17269e-09 6.05142e-08
15.65 4.15651e-09 5.96916e-08
15.675 4.13704e-09 5.88307e-08
15.7 4.11435e-09 5.79341e-08
15.725 4.08852e-09 5.70044e-08
15.75 4.05964e-09 5.6044e-08
15.775 4.02779e-09 5.50554e-08
15.8 3.99308e-09 5.40412e-08
15.825 3.9556e-09 5.30039e-08
15.85 3.91546e-09 5.19459e-08
15.875 3.87277e-09 5.08695e-08
15.9 3.82763e-09 4.97773e-08
15.925 3.78018e-09 4.86715e-08
15.95 3.73052e-09 4.75545e-08
15.975 3.67878e-09 4.64284e-08
16 3.62508e-09 4.52954e-08
16.025 3.56956e-09 4.41576e-08
16.05 3.51232e-09 4.3017e-08
16.075 3.45351e-09 4.18756e-08
16.1 3.39324e-09 4.07354e-08
16.125 3.33166e-09 3.95979e-08
16.15 3.26887e-09 3.84651e-08
16.175 3.20501e-09 3.73386e-08
16.2 3.1402e-09 3.62198e-08
16.225 3.07457e-09 3.51103e-08
16.25 3.00823e-09 3.40114e-08
16.275 2.94131e-09 3.29246e-08
16.3 2.87392e-09 3.18509e-08
16.325 2.80617e-09 3.07915e-08
16.35 2.73818e-09 2.97476e-08
16.375 2.67005e-09 2.87199e-08
16.4 2.60188e-09 2.77096e-08
16.425 2.53379e-09 2.67173e-08
16.45 2.46585e-09 2.57437e-08
16.475 2.39818e-09 2.47896e-08
16.5 2.33085e-09 2.38556e-08
16.525 2.26395e-09 2.2942e-08
16.55 2.19757e-09 2.20495e-08
16.575 2.13177e-09 2.11783e-08
16.6 2.06663e-09 2.03287e-08
16.625 2.00223e-09 1.9501e-08
16.65 1.93862e-09 1.86954e-08
16.675 1.87586e-09 1.7912e-08
16.7 1.81401e-09 1.71509e-08
16.725 1.75313e-09 1.64121e-08
16.75 1.69325e-09 1.56956e-08
16.775 1.63442e-09 1.50012e-08
16.8 1.57668e-09 1.43289e-08
16.825 1.52007e-09 1.36786e-08
16.85 1.46461e-09 1.30499e-08
16.875 1.41034e-09 1.24428e-08
16.9 1.35728e-09 1.18569e-08
16.925 1.30544e-09 1.12919e-08
16.95 1.25485e-09 1.07475e-08
16.975 1.20551e-09 1.02234e-08
17 1.15745e-09 9.71917e-09
17.025 1.11066e-09 9.23447e-09
17.05 1.06515e-09 8.76888e-09
17.075 1.02093e-09 8.32198e-09
17.1 9.77982e-10 7.89333e-09
17.125 9.36314e-10 7.48248e-09
17.15 8.95918e-10 7.08899e-09
17.175 8.56786e-10 6.71238e-09
17.2 8.18907e-10 6.35219e-09
17.225 7.82269e-10 6.00795e-09
17.25 7.46859e-10 5.67917e-09
17.275 7.12661e-10 5.36539e-09
17.3 6.79657e-10 5.06611e-09
17.325 6.4783e-10 4.78088e-09
17.35 6.1716e-10 4.5092e-09
17.375 5.87625e-10 4.25061e-09
17.4 5.59204e-10 4.00464e-09
17.425 5.31874e-10 3.77083e-09
17.45 5.05611e-10 3.54873e-09
17.475 4.80391e-10 3.33789e-09
17.5 4.56189e-10 3.13786e-09
17.525 4.32979e-10 2.94821e-09
17.55 4.10736e-10 2.76852e-09
17.575 3.89433e-10 2.59838e-09
17.6 3.69044e-10 2.43737e-09
17.625 3.49543e-10 2.28511e-09
17.65 3.30903e-10 2.14121e-09
17.675 3.13097e-10 2.0053e-09
17.7 2.96099e-10 1.877e-09
17.725 2.79881e-10 1.75597e-09
17.75 2.64419e-10 1.64187e-09
17.775 2.49685e-10 1.53437e-09
17.8 2.35655e-10 1.43314e-09
17.825 2.22302e-10 1.33787e-09
17.85 2.09602e-10 1.24828e-09
17.875 1.9753e-10 1.16407e-09
17.9 1.86062e-10 1.08496e-09
17.925 1.75174e-10 1.01069e-09
17.95 1.64842e-10 9.41013e-10
17.975 1.55045e-10 8.75674e-10
18 1.45759e-10 8.14441e-10
18.025 1.36963e-10 7.57091e-10
18.05 1.28636e-10 7.03407e-10
18.075 1.20757e-10 6.53186e-10
18.1 1.13307e-10 6.06231e-10
18.125 1.06266e-10 5.62354e-10
18.15 9.96159e-11 5.21379e-10
18.175 9.33375e-11 4.83134e-10
18.2 8.74137e-11 4.47459e-10
18.225 8.18275e-11 4.14199e-10
18.25 7.65626e-11 3.8321e-10
18.275 7.16031e-11 3.54352e-10
18.3 6.69338e-11 3.27494e-10
18.325 6.25402e-11 3.02512e-10
18.35 5.84081e-11 2.79288e-10
18.375 5.45239e-11 2.57711e-10
18.4 5.08749e-11 2.37674e-10
18.425 4.74484e-11 2.19079e-10
18.45 4.42326e-11 2.01832e-10
18.475 4.12161e-11 1.85843e-10
18.5 3.8388e-11 1.7103e-10
18.525 3.57379e-11 1.57313e-10
18.55 3.32558e-11 1.44619e-10
18.575 3.09323e-11 1.32878e-10
18.6 2.87584e-11 1.22025e-10
18.625 2.67253e-11 1.11998e-10
18.65 2.48251e-11 1.02739e-10
18.675 2.30497e-11 9.41941e-11
18.7 2.13919e-11 8.63132e-11
18.725 1.98447e-11 7.90486e-11
18.75 1.84013e-11 7.23557e-11
18.775 1.70555e-11 6.61931e-11
18.8 1.58013e-11 6.0522e-11
18.825 1.46329e-11 5.5306e-11
18.85 1.35451e-11 5.05115e-11
18.875 1.25328e-11 4.61068e-11
18.9 1.15911e-11 4.20626e-11
18.925 1.07157e-11 3.83515e-11
18.95 9.9021e-12 3.49479e-11
18.975 9.1464e-12 3.18282e-11
19 8.4448e-12 2.89703e-11
19.025 7.79372e-12 2.63538e-11
19.05 7.1898e-12 2.39597e-11
19.075 6.6299e-12 2.17703e-11
19.1 6.11103e-12 1.97693e-11
19.125 5.63042e-12 1.79415e-11
19.15 5.18545e-12 1.6273e-11
19.175 4.77365e-12 1.47507e-11
19.2 4.39274e-12 1.33627e-11
19.225 4.04055e-12 1.20978e-11
19.25 3.71507e-12 1.09459e-11
19.275 3.4144e-12 9.89742e-12
19.3 3.13678e-12 8.94372e-12
19.325 2.88055e-12 8.07675e-12
19.35 2.64417e-12 7.28909e-12
19.375 2.4262e-12 6.57393e-12
19.4 2.2253e-12 5.92501e-12
19.425 2.04021e-12 5.33655e-12
19.45 1.86976e-12 4.80326e-12
19.475 1.71285e-12 4.32028e-12
19.5 1.56849e-12 3.88314e-12
19.525 1.43572e-12 3.48775e-12
19.55 1.31366e-12 3.13035e-12
19.575 1.20149e-12 2.80751e-12
19.6 1.09847e-12 2.51607e-12
19.625 1.00389e-12 2.25318e-12
19.65 9.1708e-13 2.01618e-12
19.675 8.3745e-13 1.80268e-12
19.7 7.64433e-13 1.61048e-12
19.725 6.97508e-13 1.43759e-12
19.75 6.36193e-13 1.28217e-12
19.775 5.80041e-13 1.14256e-12
19.8 5.28638e-13 1.01725e-12
19.825 4.81603e-13 9.04856e-13
19.85 4.38583e-13 8.04125e-13
19.875 3.99251e-13 7.13918e-13
19.9 3.63305e-13 6.33201e-13
19.925 3.30468e-13 5.61034e-13
19.95 3.00484e-13 4.96565e-13
19.975 2.73115e-13 4.39021e-13
20 2.48144e-13 3.87705e-13
