0 9.63679e-05 -5.74395e-05
0.025 9.63679e-05 -5.74395e-05
0.05 0.000192507 -0.000114701
0.075 0.000288189 -0.000171607
0.1 0.000383186 -0.000227981
0.125 0.000477274 -0.00028365
0.15 0.000570231 -0.000338442
0.175 0.000661837 -0.000392189
0.2 0.000751878 -0.000444727
0.225 0.000840143 -0.000495897
0.25 0.000926427 -0.000545544
0.275 0.00101053 -0.00059352
0.3 0.00109226 -0.000639683
0.325 0.00117143 -0.000683897
0.35 0.00124786 -0.000726033
0.375 0.00132139 -0.000765972
0.4 0.00139184 -0.0008036
0.425 0.00145907 -0.000838814
0.45 0.00152293 -0.000871518
0.475 0.00158329 -0.000901625
0.5 0.00164002 -0.000929059
0.525 0.00169301 -0.000953751
0.55 0.00174216 -0.000975644
0.575 0.00178737 -0.000994688
0.6 0.00182858 -0.00101085
0.625 0.00186569 -0.00102409
0.65 0.00189867 -0.00103439
0.675 0.00192746 -0.00104176
0.7 0.00195203 -0.00104617
0.725 0.00197237 -0.00104765
0.75 0.00198845 -0.00104622
0.775 0.00200028 -0.00104189
0.8 0.00200789 -0.0010347
0.825 0.00201129 -0.00102471
0.85 0.00201052 -0.00101196
0.875 0.00200564 -0.00099651
0.9 0.0019967 -0.000978429
0.925 0.00198379 -0.000957792
0.95 0.00196698 -0.000934678
0.975 0.00194638 -0.000909174
1 0.00192208 -0.000881372
1.025 0.00189421 -0.000851368
1.05 0.0018629 -0.000819266
1.075 0.00182827 -0.000785169
1.1 0.00179049 -0.000749186
1.125 0.00174969 -0.00071143
1.15 0.00170606 -0.000672015
1.175 0.00165975 -0.000631057
1.2 0.00161096 -0.000588673
1.225 0.00155987 -0.000544981
1.25 0.00150667 -0.000500101
1.275 0.00145156 -0.000454151
1.3 0.00139475 -0.00040725
1.325 0.00133646 -0.000359513
1.35 0.00127689 -0.000311056
1.375 0.00121628 -0.000261992
1.4 0.00115483 -0.000212433
1.425 0.00109279 -0.000162487
1.45 0.00103037 -0.000112258
1.475 0.000967818 -6.18485e-05
1.5 0.000905354 -1.13556e-05
1.525 0.000843213 3.9127e-05
1.55 0.000781629 8.95101e-05
1.575 0.000720832 0.000139709
1.6 0.000661052 0.000189644
1.625 0.000602518 0.000239241
1.65 0.000545453 0.000288429
1.675 0.00049008 0.000337145
1.7 0.000436616 0.000385329
1.725 0.000385274 0.000432927
1.75 0.00033626 0.000479892
1.775 0.000289777 0.00052618
1.8 0.000246017 0.000571753
1.825 0.000205169 0.00061658
1.85 0.000167411 0.000660632
1.875 0.000132913 0.000703889
1.9 0.000101837 0.000746332
1.925 7.43332e-05 0.000787948
1.95 5.05423e-05 0.000828729
1.975 3.05939e-05 0.00086867
2 1.46058e-05 0.000907772
2.025 2.68346e-06 0.000946036
2.05 -5.08022e-06 0.00098347
2.075 -8.60567e-06 0.00102008
2.1 -7.82707e-06 0.00105588
2.125 -2.69278e-06 0.00109089
2.15 6.83422e-06 0.00112511
2.175 2.07759e-05 0.00115857
2.2 3.9139e-05 0.00119127
2.225 6.19143e-05 0.00122325
2.25 8.90769e-05 0.00125451
2.275 0.000120585 0.00128508
2.3 0.000156382 0.00131496
2.325 0.000196393 0.00134417
2.35 0.000240526 0.00137272
2.375 0.000288675 0.00140063
2.4 0.000340714 0.00142789
2.425 0.000396503 0.00145451
2.45 0.000455884 0.00148048
2.475 0.000518682 0.00150581
2.5 0.000584708 0.00153047
2.525 0.000653753 0.00155446
2.55 0.000725598 0.00157775
2.575 0.000800003 0.00160031
2.6 0.000876718 0.00162211
2.625 0.000955477 0.00164311
2.65 0.001036 0.00166326
2.675 0.00111799 0.0016825
2.7 0.00120115 0.00170077
2.725 0.00128515 0.001718
2.75 0.00136968 0.00173412
2.775 0.0014544 0.00174904
2.8 0.00153895 0.00176267
2.825 0.00162298 0.00177491
2.85 0.00170615 0.00178566
2.875 0.00178807 0.00179479
2.9 0.00186837 0.00180219
2.925 0.0019467 0.00180774
2.95 0.00202266 0.00181129
2.975 0.00209588 0.00181271
3 0.00216599 0.00181186
3.025 0.0022326 0.00180858
3.05 0.00229536 0.00180273
3.075 0.00235389 0.00179413
3.1 0.00240783 0.00178264
3.125 0.00245682 0.00176809
3.15 0.00250053 0.00175031
3.175 0.00253861 0.00172914
3.2 0.00257074 0.00170441
3.225 0.00259662 0.00167596
3.25 0.00261594 0.00164362
3.275 0.00262842 0.00160722
3.3 0.00263379 0.00156662
3.325 0.00263182 0.00152166
3.35 0.00262226 0.00147219
3.375 0.00260492 0.00141807
3.4 0.00257959 0.00135916
3.425 0.00254613 0.00129533
3.45 0.00250437 0.00122647
3.475 0.00245422 0.00115247
3.5 0.00239556 0.00107323
3.525 0.00232833 0.000988671
3.55 0.00225249 0.000898712
3.575 0.00216801 0.000803296
3.6 0.00207492 0.000702378
3.625 0.00197323 0.000595926
3.65 0.00186302 0.000483924
3.675 0.00174438 0.000366374
3.7 0.00161742 0.000243291
3.725 0.00148229 0.00011471
3.75 0.00133915 -1.93181e-05
3.775 0.00118821 -0.000158725
3.8 0.00102969 -0.000303424
3.825 0.00086383 -0.00045331
3.85 0.000690909 -0.000608262
3.875 0.000511223 -0.000768137
3.9 0.000325092 -0.000932778
3.925 0.000132858 -0.00110201
3.95 -6.51164e-05 -0.00127563
3.975 -0.000268449 -0.00145344
4 -0.000476737 -0.0016352
4.025 -0.000689563 -0.00182068
4.05 -0.000906492 -0.00200961
4.075 -0.00112707 -0.00220171
4.1 -0.00135085 -0.0023967
4.125 -0.00157734 -0.00259428
4.15 -0.00180606 -0.00279413
4.175 -0.00203653 -0.00299593
4.2 -0.00226824 -0.00319933
4.225 -0.00250069 -0.003404
4.25 -0.00273338 -0.00360957
4.275 -0.00296579 -0.00381569
4.3 -0.00319743 -0.00402199
4.325 -0.00342778 -0.00422809
4.35 -0.00365634 -0.00443362
4.375 -0.00388262 -0.0046382
4.4 -0.00410612 -0.00484145
4.425 -0.00432638 -0.005043
4.45 -0.00454292 -0.00524247
4.475 -0.00475527 -0.00543947
4.5 -0.00496301 -0.00563365
4.525 -0.00516569 -0.00582463
4.55 -0.00536291 -0.00601207
4.575 -0.00555427 -0.0061956
4.6 -0.00573939 -0.00637489
4.625 -0.00591791 -0.00654961
4.65 -0.0060895 -0.00671944
4.675 -0.00625384 -0.00688407
4.7 -0.00641064 -0.00704321
4.725 -0.00655963 -0.00719658
4.75 -0.00670057 -0.00734391
4.775 -0.00683322 -0.00748495
4.8 -0.00695741 -0.00761948
4.825 -0.00707295 -0.00774727
4.85 -0.00717969 -0.00786813
4.875 -0.00727753 -0.00798188
4.9 -0.00736636 -0.00808836
4.925 -0.00744611 -0.00818743
4.95 -0.00751675 -0.00827895
4.975 -0.00757824 -0.00836284
5 -0.0076306 -0.008439
5.025 -0.00767385 -0.00850738
5.05 -0.00770805 -0.00856791
5.075 -0.00773328 -0.00862059
5.1 -0.00774962 -0.0086654
5.125 -0.00775721 -0.00870235
5.15 -0.00775618 -0.00873147
5.175 -0.00774669 -0.00875281
5.2 -0.00772892 -0.00876644
5.225 -0.00770307 -0.00877243
5.25 -0.00766935 -0.00877089
5.275 -0.00762798 -0.00876192
5.3 -0.00757921 -0.00874567
5.325 -0.0075233 -0.00872226
5.35 -0.00746052 -0.00869187
5.375 -0.00739114 -0.00865465
5.4 -0.00731546 -0.0086108
5.425 -0.00723376 -0.0085605
5.45 -0.00714636 -0.00850396
5.475 -0.00705357 -0.00844139
5.5 -0.00695569 -0.008373
5.525 -0.00685306 -0.00829904
5.55 -0.00674599 -0.00821974
5.575 -0.0066348 -0.00813534
5.6 -0.00651983 -0.00804607
5.625 -0.00640138 -0.00795221
5.65 -0.00627979 -0.00785399
5.675 -0.00615536 -0.00775169
5.7 -0.00602842 -0.00764554
5.725 -0.00589928 -0.00753582
5.75 -0.00576823 -0.00742278
5.775 -0.00563558 -0.00730668
5.8 -0.00550162 -0.00718778
5.825 -0.00536663 -0.00706633
5.85 -0.00523089 -0.00694258
5.875 -0.00509466 -0.00681679
5.9 -0.0049582 -0.00668919
5.925 -0.00482177 -0.00656003
5.95 -0.00468559 -0.00642954
5.975 -0.00454989 -0.00629795
6 -0.00441489 -0.00616548
6.025 -0.00428081 -0.00603236
6.05 -0.00414782 -0.00589878
6.075 -0.00401611 -0.00576496
6.1 -0.00388586 -0.00563109
6.125 -0.00375723 -0.00549735
6.15 -0.00363036 -0.00536393
6.175 -0.00350539 -0.00523101
6.2 -0.00338245 -0.00509874
6.225 -0.00326166 -0.00496728
6.25 -0.00314311 -0.00483678
6.275 -0.00302691 -0.00470738
6.3 -0.00291314 -0.00457921
6.325 -0.00280186 -0.00445239
6.35 -0.00269315 -0.00432705
6.375 -0.00258706 -0.00420328
6.4 -0.00248363 -0.00408119
6.425 -0.0023829 -0.00396086
6.45 -0.0022849 -0.00384239
6.475 -0.00218965 -0.00372584
6.5 -0.00209715 -0.00361128
6.525 -0.00200742 -0.00349878
6.55 -0.00192045 -0.00338839
6.575 -0.00183623 -0.00328016
6.6 -0.00175475 -0.00317413
6.625 -0.00167599 -0.00307032
6.65 -0.00159992 -0.00296878
6.675 -0.00152652 -0.00286952
6.7 -0.00145574 -0.00277257
6.725 -0.00138754 -0.00267792
6.75 -0.0013219 -0.0025856
6.775 -0.00125875 -0.00249559
6.8 -0.00119805 -0.00240791
6.825 -0.00113975 -0.00232254
6.85 -0.0010838 -0.00223947
6.875 -0.00103013 -0.00215868
6.9 -0.000978699 -0.00208017
6.925 -0.000929437 -0.0020039
6.95 -0.000882288 -0.00192986
6.975 -0.000837189 -0.00185802
7 -0.00079408 -0.00178835
7.025 -0.000752899 -0.00172081
7.05 -0.000713584 -0.00165538
7.075 -0.000676073 -0.00159202
7.1 -0.000640304 -0.00153069
7.125 -0.000606215 -0.00147135
7.15 -0.000573746 -0.00141397
7.175 -0.000542837 -0.0013585
7.2 -0.000513428 -0.0013049
7.225 -0.000485461 -0.00125314
7.25 -0.000458879 -0.00120316
7.275 -0.000433625 -0.00115492
7.3 -0.000409644 -0.00110839
7.325 -0.000386883 -0.00106351
7.35 -0.00036529 -0.00102025
7.375 -0.000344812 -0.000978552
7.4 -0.000325402 -0.000938383
7.425 -0.00030701 -0.000899696
7.45 -0.00028959 -0.000862448
7.475 -0.000273097 -0.000826597
7.5 -0.000257487 -0.000792101
7.525 -0.000242719 -0.000758917
7.55 -0.000228752 -0.000727005
7.575 -0.000215546 -0.000696323
7.6 -0.000203064 -0.000666833
7.625 -0.00019127 -0.000638495
7.65 -0.00018013 -0.000611271
7.675 -0.000169609 -0.000585123
7.7 -0.000159677 -0.000560015
7.725 -0.000150303 -0.00053591
7.75 -0.000141457 -0.000512774
7.775 -0.000133112 -0.000490573
7.8 -0.000125241 -0.000469272
7.825 -0.00011782 -0.00044884
7.85 -0.000110823 -0.000429245
7.875 -0.000104227 -0.000410456
7.9 -9.80119e-05 -0.000392444
7.925 -9.21554e-05 -0.000375179
7.95 -8.66383e-05 -0.000358633
7.975 -8.14416e-05 -0.00034278
8 -7.65475e-05 -0.000327592
8.025 -7.19391e-05 -0.000313044
8.05 -6.76004e-05 -0.000299111
8.075 -6.35161e-05 -0.00028577
8.1 -5.96719e-05 -0.000272997
8.125 -5.60541e-05 -0.000260769
8.15 -5.26498e-05 -0.000249066
8.175 -4.94468e-05 -0.000237867
8.2 -4.64335e-05 -0.00022715
8.225 -4.35991e-05 -0.000216897
8.25 -4.09333e-05 -0.000207089
8.275 -3.84262e-05 -0.000197709
8.3 -3.60688e-05 -0.000188737
8.325 -3.38523e-05 -0.000180159
8.35 -3.17686e-05 -0.000171957
8.375 -2.98099e-05 -0.000164116
8.4 -2.79689e-05 -0.000156621
8.425 -2.62388e-05 -0.000149459
8.45 -2.4613e-05 -0.000142614
8.475 -2.30856e-05 -0.000136073
8.5 -2.16506e-05 -0.000129824
8.525 -2.03027e-05 -0.000123855
8.55 -1.90367e-05 -0.000118154
8.575 -1.78479e-05 -0.000112708
8.6 -1.67316e-05 -0.000107509
8.625 -1.56837e-05 -0.000102544
8.65 -1.47e-05 -9.78038e-05
8.675 -1.37768e-05 -9.3279e-05
8.7 -1.29104e-05 -8.89602e-05
8.725 -1.20975e-05 -8.48384e-05
8.75 -1.1335e-05 -8.09051e-05
8.775 -1.06198e-05 -7.71522e-05
8.8 -9.94904e-06 -7.35718e-05
8.825 -9.32014e-06 -7.01563e-05
8.85 -8.73057e-06 -6.68986e-05
8.875 -8.17797e-06 -6.37917e-05
8.9 -7.6601e-06 -6.08289e-05
8.925 -7.17488e-06 -5.80039e-05
8.95 -6.72032e-06 -5.53106e-05
8.975 -6.29457e-06 -5.27432e-05
9 -5.89586e-06 -5.02959e-05
9.025 -5.52256e-06 -4.79636e-05
9.05 -5.17309e-06 -4.57408e-05
9.075 -4.846e-06 -4.36229e-05
9.1 -4.53991e-06 -4.16049e-05
9.125 -4.2535e-06 -3.96825e-05
9.15 -3.98556e-06 -3.78511e-05
9.175 -3.73493e-06 -3.61068e-05
9.2 -3.50053e-06 -3.44454e-05
9.225 -3.28133e-06 -3.28632e-05
9.25 -3.07638e-06 -3.13565e-05
9.275 -2.88475e-06 -2.99217e-05
9.3 -2.70561e-06 -2.85556e-05
9.325 -2.53816e-06 -2.7255e-05
9.35 -2.38163e-06 -2.60166e-05
9.375 -2.23532e-06 -2.48377e-05
9.4 -2.09857e-06 -2.37154e-05
9.425 -1.97075e-06 -2.2647e-05
9.45 -1.85128e-06 -2.16298e-05
9.475 -1.7396e-06 -2.06616e-05
9.5 -1.63521e-06 -1.97398e-05
9.525 -1.5376e-06 -1.88622e-05
9.55 -1.44634e-06 -1.80268e-05
9.575 -1.36099e-06 -1.72313e-05
9.6 -1.28116e-06 -1.6474e-05
9.625 -1.20647e-06 -1.57528e-05
9.65 -1.13658e-06 -1.5066e-05
9.675 -1.07117e-06 -1.44119e-05
9.7 -1.00991e-06 -1.37888e-05
9.725 -9.52545e-07 -1.31952e-05
9.75 -8.98793e-07 -1.26297e-05
9.775 -8.48409e-07 -1.20908e-05
9.8 -8.01164e-07 -1.15772e-05
9.825 -7.56841e-07 -1.10875e-05
9.85 -7.15241e-07 -1.06207e-05
9.875 -6.76177e-07 -1.01755e-05
9.9 -6.39475e-07 -9.75076e-06
9.925 -6.04974e-07 -9.34556e-06
9.95 -5.72523e-07 -8.95885e-06
9.975 -5.41982e-07 -8.58971e-06
10 -5.13223e-07 -8.23724e-06
10.025 -4.86125e-07 -7.90059e-06
10.05 -4.60576e-07 -7.57897e-06
10.075 -4.36472e-07 -7.27161e-06
10.1 -4.13718e-07 -6.9778e-06
10.125 -3.92223e-07 -6.69685e-06
10.15 -3.71907e-07 -6.42812e-06
10.175 -3.52691e-07 -6.17101e-06
10.2 -3.34505e-07 -5.92493e-06
10.225 -3.17283e-07 -5.68934e-06
10.25 -3.00964e-07 -5.46372e-06
10.275 -2.85492e-07 -5.24759e-06
10.3 -2.70815e-07 -5.04048e-06
10.325 -2.56884e-07 -4.84196e-06
10.35 -2.43654e-07 -4.65161e-06
10.375 -2.31084e-07 -4.46906e-06
10.4 -2.19134e-07 -4.29391e-06
10.425 -2.0777e-07 -4.12584e-06
10.45 -1.96958e-07 -3.96451e-06
10.475 -1.86667e-07 -3.80961e-06
10.5 -1.76868e-07 -3.66084e-06
10.525 -1.67536e-07 -3.51793e-06
10.55 -1.58645e-07 -3.38061e-06
10.575 -1.50173e-07 -3.24863e-06
10.6 -1.42098e-07 -3.12175e-06
10.625 -1.344e-07 -2.99976e-06
10.65 -1.27061e-07 -2.88244e-06
10.675 -1.20063e-07 -2.76958e-06
10.7 -1.1339e-07 -2.661e-06
10.725 -1.07028e-07 -2.55652e-06
10.75 -1.00961e-07 -2.45596e-06
10.775 -9.51765e-08 -2.35917e-06
10.8 -8.96622e-08 -2.26598e-06
10.825 -8.44062e-08 -2.17625e-06
10.85 -7.93975e-08 -2.08985e-06
10.875 -7.46256e-08 -2.00663e-06
10.9 -7.00807e-08 -1.92648e-06
10.925 -6.57535e-08 -1.84927e-06
10.95 -6.16351e-08 -1.77489e-06
10.975 -5.77171e-08 -1.70323e-06
11 -5.39917e-08 -1.63419e-06
11.025 -5.04511e-08 -1.56767e-06
11.05 -4.70881e-08 -1.50358e-06
11.075 -4.38958e-08 -1.44183e-06
11.1 -4.08675e-08 -1.38234e-06
11.125 -3.79969e-08 -1.32502e-06
11.15 -3.52778e-08 -1.2698e-06
11.175 -3.27043e-08 -1.21661e-06
11.2 -3.02707e-08 -1.16537e-06
11.225 -2.79715e-08 -1.11602e-06
11.25 -2.58015e-08 -1.0685e-06
11.275 -2.37553e-08 -1.02275e-06
11.3 -2.18282e-08 -9.78702e-07
11.325 -2.00152e-08 -9.36311e-07
11.35 -1.83116e-08 -8.95521e-07
11.375 -1.67128e-08 -8.56282e-07
11.4 -1.52144e-08 -8.18544e-07
11.425 -1.38121e-08 -7.8226e-07
11.45 -1.25016e-08 -7.47387e-07
11.475 -1.12788e-08 -7.13879e-07
11.5 -1.01397e-08 -6.81696e-07
11.525 -9.08049e-09 -6.50796e-07
11.55 -8.09726e-09 -6.2114e-07
11.575 -7.18634e-09 -5.9269e-07
11.6 -6.34411e-09 -5.65409e-07
11.625 -5.56706e-09 -5.3926e-07
11.65 -4.85178e-09 -5.14207e-07
11.675 -4.19494e-09 -4.90217e-07
11.7 -3.59329e-09 -4.67255e-07
11.725 -3.04371e-09 -4.45288e-07
11.75 -2.54315e-09 -4.24283e-07
11.775 -2.08864e-09 -4.04208e-07
11.8 -1.67734e-09 -3.85032e-07
11.825 -1.30646e-09 -3.66723e-07
11.85 -9.73346e-10 -3.49252e-07
11.875 -6.75406e-10 -3.32587e-07
11.9 -4.10157e-10 -3.16699e-07
11.925 -1.75206e-10 -3.01559e-07
11.95 3.17432e-11 -2.87138e-07
11.975 2.12895e-10 -2.73407e-07
12 3.70358e-10 -2.6034e-07
12.025 5.06149e-10 -2.47907e-07
12.05 6.22187e-10 -2.36084e-07
12.075 7.203e-10 -2.24842e-07
12.1 8.02225e-10 -2.14157e-07
12.125 8.69603e-10 -2.04003e-07
12.15 9.23986e-10 -1.94355e-07
12.175 9.66836e-10 -1.8519e-07
12.2 9.99523e-10 -1.76484e-07
12.225 1.02333e-09 -1.68215e-07
12.25 1.03946e-09 -1.6036e-07
12.275 1.04902e-09 -1.52899e-07
12.3 1.05304e-09 -1.45811e-07
12.325 1.05247e-09 -1.39076e-07
12.35 1.04817e-09 -1.32676e-07
12.375 1.04094e-09 -1.26592e-07
12.4 1.03149e-09 -1.20808e-07
12.425 1.02047e-09 -1.15307e-07
12.45 1.00845e-09 -1.10072e-07
12.475 9.95931e-10 -1.05091e-07
12.5 9.83364e-10 -1.00348e-07
12.525 9.71126e-10 -9.58313e-08
12.55 9.59541e-10 -9.15275e-08
12.575 9.48876e-10 -8.74255e-08
12.6 9.39347e-10 -8.35146e-08
12.625 9.31121e-10 -7.97847e-08
12.65 9.24322e-10 -7.62265e-08
12.675 9.19028e-10 -7.28313e-08
12.7 9.15285e-10 -6.95912e-08
12.725 9.13099e-10 -6.64986e-08
12.75 9.12448e-10 -6.35468e-08
12.775 9.13282e-10 -6.07294e-08
12.8 9.15527e-10 -5.80406e-08
12.825 9.1909e-10 -5.5475e-08
12.85 9.23859e-10 -5.30276e-08
12.875 9.29711e-10 -5.06936e-08
12.9 9.36511e-10 -4.84687e-08
12.925 9.44119e-10 -4.63488e-08
12.95 9.5239e-10 -4.43301e-08
12.975 9.61181e-10 -4.24087e-08
13 9.70349e-10 -4.05813e-08
13.025 9.79758e-10 -3.88441e-08
13.05 9.89278e-10 -3.7194e-08
13.075 9.98792e-10 -3.56274e-08
13.1 1.00819e-09 -3.41411e-08
13.125 1.01739e-09 -3.27316e-08
13.15 1.02631e-09 -3.13954e-08
13.175 1.03489e-09 -3.01292e-08
13.2 1.04311e-09 -2.89291e-08
13.225 1.05093e-09 -2.77917e-08
13.25 1.05837e-09 -2.6713e-08
13.275 1.06546e-09 -2.56891e-08
13.3 1.07225e-09 -2.4716e-08
13.325 1.0788e-09 -2.37894e-08
13.35 1.08522e-09 -2.29051e-08
13.375 1.09163e-09 -2.20587e-08
13.4 1.09816e-09 -2.12456e-08
13.425 1.10498e-09 -2.04612e-08
13.45 1.11228e-09 -1.97009e-08
13.475 1.12025e-09 -1.89597e-08
13.5 1.12913e-09 -1.8233e-08
13.525 1.13914e-09 -1.7516e-08
13.55 1.15054e-09 -1.68036e-08
13.575 1.1636e-09 -1.60913e-08
13.6 1.17859e-09 -1.5374e-08
13.625 1.19581e-09 -1.46473e-08
13.65 1.21554e-09 -1.39064e-08
13.675 1.23808e-09 -1.31468e-08
13.7 1.26373e-09 -1.23642e-08
13.725 1.2928e-09 -1.15545e-08
13.75 1.32559e-09 -1.07135e-08
13.775 1.36237e-09 -9.83769e-09
13.8 1.40345e-09 -8.92339e-09
13.825 1.4491e-09 -7.96739e-09
13.85 1.49958e-09 -6.96671e-09
13.875 1.55514e-09 -5.91868e-09
13.9 1.61601e-09 -4.82095e-09
13.925 1.68242e-09 -3.6715e-09
13.95 1.75455e-09 -2.46867e-09
13.975 1.83259e-09 -1.21115e-09
14 1.91666e-09 1.02019e-10
14.025 2.00691e-09 1.4714e-09
14.05 2.10342e-09 2.8972e-09
14.075 2.20627e-09 4.37924e-09
14.1 2.31548e-09 5.91696e-09
14.125 2.43108e-09 7.50943e-09
14.15 2.55303e-09 9.15536e-09
14.175 2.68129e-09 1.08531e-08
14.2 2.81576e-09 1.26006e-08
14.225 2.95634e-09 1.43956e-08
14.25 3.10288e-09 1.62354e-08
14.275 3.2552e-09 1.8117e-08
14.3 3.41308e-09 2.00372e-08
14.325 3.57629e-09 2.19923e-08
14.35 3.74457e-09 2.39787e-08
14.375 3.91762e-09 2.59923e-08
14.4 4.09511e-09 2.80289e-08
14.425 4.2767e-09 3.0084e-08
14.45 4.46202e-09 3.21532e-08
14.475 4.65068e-09 3.42316e-08
14.5 4.84226e-09 3.63144e-08
14.525 5.03633e-09 3.83968e-08
14.55 5.23245e-09 4.04738e-08
14.575 5.43015e-09 4.25404e-08
14.6 5.62895e-09 4.45916e-08
14.625 5.82838e-09 4.66223e-08
14.65 6.02794e-09 4.86277e-08
14.675 6.22713e-09 5.06027e-08
14.7 6.42545e-09 5.25428e-08
14.725 6.6224e-09 5.4443e-08
14.75 6.81747e-09 5.62989e-08
14.775 7.01017e-09 5.8106e-08
14.8 7.2e-09 5.98601e-08
14.825 7.38647e-09 6.15571e-08
14.85 7.56911e-09 6.31931e-08
14.875 7.74745e-09 6.47644e-08
14.9 7.92104e-09 6.62677e-08
14.925 8.08945e-09 6.76997e-08
14.95 8.25224e-09 6.90574e-08
14.975 8.40902e-09 7.03382e-08
15 8.5594e-09 7.15397e-08
15.025 8.70302e-09 7.26596e-08
15.05 8.83955e-09 7.36961e-08
15.075 8.96865e-09 7.46476e-08
15.1 9.09005e-09 7.55128e-08
15.125 9.20348e-09 7.62905e-08
15.15 9.30869e-09 7.698e-08
15.175 9.40546e-09 7.75809e-08
15.2 9.49361e-09 7.80928e-08
15.225 9.57298e-09 7.85157e-08
15.25 9.64343e-09 7.885e-08
15.275 9.70486e-09 7.90962e-08
15.3 9.75718e-09 7.92551e-08
15.325 9.80034e-09 7.93277e-08
15.35 9.83431e-09 7.93151e-08
15.375 9.8591e-09 7.92189e-08
15.4 9.87472e-09 7.90407e-08
15.425 9.88123e-09 7.87823e-08
15.45 9.87871e-09 7.84458e-08
15.475 9.86724e-09 7.80333e-08
15.5 9.84696e-09 7.75472e-08
15.525 9.81799e-09 7.69899e-08
15.55 9.78051e-09 7.6364e-08
15.575 9.7347e-09 7.56723e-08
15.6 9.68076e-09 7.49176e-08
15.625 9.6189e-09 7.41027e-08
15.65 9.54936e-09 7.32307e-08
15.675 9.47238e-09 7.23047e-08
15.7 9.38824e-09 7.13276e-08
15.725 9.2972e-09 7.03026e-08
15.75 9.19955e-09 6.9233e-08
15.775 9.09558e-09 6.81218e-08
15.8 8.98561e-09 6.69722e-08
15.825 8.86993e-09 6.57874e-08
15.85 8.74887e-09 6.45706e-08
15.875 8.62274e-09 6.33248e-08
15.9 8.49188e-09 6.20532e-08
15.925 8.35661e-09 6.07588e-08
15.95 8.21727e-09 5.94445e-08
15.975 8.07417e-09 5.81134e-08
16 7.92764e-09 5.67682e-08
16.025 7.77803e-09 5.54117e-08
16.05 7.62564e-09 5.40467e-08
16.075 7.47079e-09 5.26757e-08
16.1 7.31381e-09 5.13014e-08
16.125 7.15501e-09 4.9926e-08
16.15 6.99468e-09 4.8552e-08
16.175 6.83312e-09 4.71816e-08
16.2 6.67063e-09 4.58169e-08
16.225 6.50748e-09 4.446e-08
16.25 6.34395e-09 4.31128e-08
16.275 6.18029e-09 4.1777e-08
16.3 6.01678e-09 4.04545e-08
16.325 5.85364e-09 3.91468e-08
16.35 5.69111e-09 3.78554e-08
16.375 5.52942e-09 3.65817e-08
16.4 5.36879e-09 3.5327e-08
16.425 5.2094e-09 3.40924e-08
16.45 5.05146e-09 3.28791e-08
16.475 4.89514e-09 3.1688e-08
16.5 4.74061e-09 3.05199e-08
16.525 4.58804e-09 2.93758e-08
16.55 4.43756e-09 2.82562e-08
16.575 4.28932e-09 2.71619e-08
16.6 4.14344e-09 2.60932e-08
16.625 4.00003e-09 2.50506e-08
16.65 3.8592e-09 2.40345e-08
16.675 3.72105e-09 2.30451e-08
16.7 3.58565e-09 2.20826e-08
16.725 3.45309e-09 2.11473e-08
16.75 3.32343e-09 2.0239e-08
16.775 3.19672e-09 1.93579e-08
16.8 3.07301e-09 1.85039e-08
16.825 2.95234e-09 1.76768e-08
16.85 2.83474e-09 1.68765e-08
16.875 2.72023e-09 1.61028e-08
16.9 2.60883e-09 1.53553e-08
16.925 2.50055e-09 1.46339e-08
16.95 2.39538e-09 1.39381e-08
16.975 2.29332e-09 1.32676e-08
17 2.19436e-09 1.2622e-08
17.025 2.09849e-09 1.20008e-08
17.05 2.00567e-09 1.14036e-08
17.075 1.91589e-09 1.08298e-08
17.1 1.82911e-09 1.0279e-08
17.125 1.74529e-09 9.75068e-09
17.15 1.66439e-09 9.24423e-09
17.175 1.58637e-09 8.75912e-09
17.2 1.51119e-09 8.29479e-09
17.225 1.43879e-09 7.85066e-09
17.25 1.36911e-09 7.42616e-09
17.275 1.30211e-09 7.0207e-09
17.3 1.23773e-09 6.6337e-09
17.325 1.1759e-09 6.26457e-09
17.35 1.11658e-09 5.91272e-09
17.375 1.05968e-09 5.57757e-09
17.4 1.00516e-09 5.25855e-09
17.425 9.52939e-10 4.95507e-09
17.45 9.02966e-10 4.66658e-09
17.475 8.5517e-10 4.39251e-09
17.5 8.09486e-10 4.13231e-09
17.525 7.6585e-10 3.88543e-09
17.55 7.24196e-10 3.65135e-09
17.575 6.84459e-10 3.42954e-09
17.6 6.46575e-10 3.2195e-09
17.625 6.1048e-10 3.02071e-09
17.65 5.76111e-10 2.8327e-09
17.675 5.43405e-10 2.655e-09
17.7 5.123e-10 2.48713e-09
17.725 4.82736e-10 2.32866e-09
17.75 4.54654e-10 2.17914e-09
17.775 4.27995e-10 2.03816e-09
17.8 4.02701e-10 1.90531e-09
17.825 3.78718e-10 1.7802e-09
17.85 3.5599e-10 1.66244e-09
17.875 3.34463e-10 1.55167e-09
17.9 3.14087e-10 1.44753e-09
17.925 2.94811e-10 1.34969e-09
17.95 2.76585e-10 1.25782e-09
17.975 2.59363e-10 1.1716e-09
18 2.43097e-10 1.09073e-09
18.025 2.27744e-10 1.01493e-09
18.05 2.13259e-10 9.43916e-10
18.075 1.99602e-10 8.77424e-10
18.1 1.86733e-10 8.15203e-10
18.125 1.74611e-10 7.5701e-10
18.15 1.63201e-10 7.02615e-10
18.175 1.52465e-10 6.518e-10
18.2 1.4237e-10 6.04356e-10
18.225 1.32883e-10 5.60082e-10
18.25 1.2397e-10 5.18791e-10
18.275 1.15603e-10 4.80303e-10
18.3 1.07751e-10 4.44447e-10
18.325 1.00387e-10 4.11061e-10
18.35 9.34843e-11 3.79993e-10
18.375 8.70168e-11 3.51097e-10
18.4 8.09604e-11 3.24236e-10
18.425 7.52917e-11 2.99281e-10
18.45 6.99887e-11 2.76108e-10
18.475 6.50303e-11 2.54602e-10
18.5 6.03964e-11 2.34654e-10
18.525 5.60679e-11 2.16162e-10
18.55 5.20266e-11 1.99027e-10
18.575 4.82554e-11 1.83158e-10
18.6 4.4738e-11 1.68471e-10
18.625 4.14589e-11 1.54885e-10
18.65 3.84034e-11 1.42323e-10
18.675 3.55576e-11 1.30714e-10
18.7 3.29085e-11 1.19992e-10
18.725 3.04436e-11 1.10095e-10
18.75 2.81512e-11 1.00963e-10
18.775 2.60202e-11 9.25428e-11
18.8 2.40403e-11 8.47821e-11
18.825 2.22015e-11 7.76331e-11
18.85 2.04947e-11 7.10513e-11
18.875 1.89111e-11 6.49948e-11
18.9 1.74424e-11 5.94245e-11
18.925 1.6081e-11 5.43043e-11
18.95 1.48197e-11 4.96001e-11
18.975 1.36515e-11 4.52805e-11
19 1.25702e-11 4.13161e-11
19.025 1.15697e-11 3.76796e-11
19.05 1.06444e-11 3.43457e-11
19.075 9.789e-12 3.12907e-11
19.1 8.99863e-12 2.84929e-11
19.125 8.26867e-12 2.59319e-11
19.15 7.59479e-12 2.35889e-11
19.175 6.97297e-12 2.14465e-11
19.2 6.39943e-12 1.94886e-11
19.225 5.87067e-12 1.77002e-11
19.25 5.3834e-12 1.60675e-11
19.275 4.93456e-12 1.45778e-11
19.3 4.52132e-12 1.32192e-11
19.325 4.141e-12 1.19809e-11
19.35 3.79114e-12 1.08528e-11
19.375 3.46944e-12 9.82571e-12
19.4 3.17377e-12 8.89103e-12
19.425 2.90213e-12 8.04091e-12
19.45 2.65267e-12 7.26814e-12
19.475 2.4237e-12 6.56604e-12
19.5 2.2136e-12 5.92852e-12
19.525 2.02091e-12 5.34993e-12
19.55 1.84427e-12 4.82512e-12
19.575 1.6824e-12 4.34936e-12
19.6 1.53413e-12 3.9183e-12
19.625 1.39838e-12 3.52795e-12
19.65 1.27414e-12 3.17467e-12
19.675 1.16048e-12 2.85512e-12
19.7 1.05655e-12 2.56623e-12
19.725 9.61549e-13 2.30522e-12
19.75 8.7475e-13 2.06953e-12
19.775 7.95478e-13 1.85682e-12
19.8 7.23109e-13 1.66496e-12
19.825 6.5707e-13 1.49201e-12
19.85 5.96831e-13 1.33621e-12
19.875 5.41906e-13 1.19592e-12
19.9 4.91846e-13 1.06968e-12
19.925 4.46239e-13 9.56155e-13
19.95 4.04707e-13 8.54121e-13
19.975 3.66899e-13 7.62473e-13
20 3.32496e-13 6.80203e-13
