0 9.22233e-05 -8.04089e-05
0.025 9.22233e-05 -8.04089e-05
0.05 0.000184239 -0.000160544
0.075 0.000275841 -0.000240134
0.1 0.000366824 -0.000318908
0.125 0.000456983 -0.000396599
0.15 0.000546116 -0.000472945
0.175 0.000634025 -0.000547689
0.2 0.000720513 -0.00062058
0.225 0.00080539 -0.000691377
0.25 0.000888466 -0.000759844
0.275 0.000969559 -0.000825756
0.3 0.00104849 -0.000888899
0.325 0.00112509 -0.000949069
0.35 0.00119919 -0.00100607
0.375 0.00127064 -0.00105973
0.4 0.00133928 -0.00110989
0.425 0.00140496 -0.00115638
0.45 0.00146755 -0.00119906
0.475 0.00152693 -0.00123783
0.5 0.00158296 -0.00127257
0.525 0.00163555 -0.00130318
0.55 0.00168459 -0.00132959
0.575 0.00172999 -0.00135174
0.6 0.00177166 -0.00136959
0.625 0.00180954 -0.0013831
0.65 0.00184356 -0.00139226
0.675 0.00187367 -0.00139708
0.7 0.00189983 -0.00139757
0.725 0.00192201 -0.00139376
0.75 0.00194019 -0.00138572
0.775 0.00195436 -0.00137349
0.8 0.00196453 -0.00135716
0.825 0.0019707 -0.00133681
0.85 0.00197291 -0.00131256
0.875 0.00197118 -0.00128452
0.9 0.00196557 -0.00125281
0.925 0.00195612 -0.00121758
0.95 0.00194292 -0.00117897
0.975 0.00192603 -0.00113715
1 0.00190554 -0.00109228
1.025 0.00188155 -0.00104455
1.05 0.00185418 -0.000994127
1.075 0.00182354 -0.000941209
1.1 0.00178975 -0.000885988
1.125 0.00175295 -0.000828664
1.15 0.00171329 -0.000769441
1.175 0.00167093 -0.000708523
1.2 0.00162601 -0.000646118
1.225 0.00157872 -0.000582434
1.25 0.00152923 -0.000517678
1.275 0.00147772 -0.000452058
1.3 0.00142439 -0.00038578
1.325 0.00136942 -0.000319045
1.35 0.00131302 -0.000252053
1.375 0.00125539 -0.000184999
1.4 0.00119675 -0.000118074
1.425 0.00113731 -5.1462e-05
1.45 0.00107728 1.46581e-05
1.475 0.00101689 8.01149e-05
1.5 0.000956349 0.000144744
1.525 0.000895887 0.00020839
1.55 0.000835726 0.000270904
1.575 0.000776089 0.000332149
1.6 0.000717198 0.000391994
1.625 0.000659275 0.00045032
1.65 0.000602539 0.000507017
1.675 0.000547206 0.000561986
1.7 0.000493489 0.000615137
1.725 0.000441599 0.000666392
1.75 0.000391739 0.000715682
1.775 0.000344108 0.000762951
1.8 0.000298899 0.000808152
1.825 0.0002563 0.000851248
1.85 0.000216487 0.000892213
1.875 0.000179633 0.000931033
1.9 0.000145899 0.000967701
1.925 0.000115438 0.00100222
1.95 8.8391e-05 0.00103461
1.975 6.48912e-05 0.00106488
2 4.50588e-05 0.00109308
2.025 2.90025e-05 0.00111923
2.05 1.68186e-05 0.0011434
2.075 8.59073e-06 0.00116562
2.1 4.38889e-06 0.00118596
2.125 4.26936e-06 0.00120449
2.15 8.2741e-06 0.00122127
2.175 1.64304e-05 0.0012364
2.2 2.87507e-05 0.00124993
2.225 4.52317e-05 0.00126197
2.25 6.5855e-05 0.00127259
2.275 9.0586e-05 0.00128187
2.3 0.000119374 0.00128992
2.325 0.000152153 0.00129681
2.35 0.00018884 0.00130263
2.375 0.000229336 0.00130748
2.4 0.000273525 0.00131142
2.425 0.000321276 0.00131455
2.45 0.000372442 0.00131693
2.475 0.00042686 0.00131864
2.5 0.00048435 0.00131974
2.525 0.00054472 0.0013203
2.55 0.000607761 0.00132037
2.575 0.000673249 0.00131998
2.6 0.000740947 0.00131919
2.625 0.000810607 0.00131801
2.65 0.000881963 0.00131647
2.675 0.000954742 0.00131457
2.7 0.00102866 0.00131232
2.725 0.00110341 0.00130971
2.75 0.0011787 0.0013067
2.775 0.00125421 0.00130326
2.8 0.00132961 0.00129936
2.825 0.00140458 0.00129494
2.85 0.00147878 0.00128992
2.875 0.00155187 0.00128422
2.9 0.00162351 0.00127776
2.925 0.00169334 0.00127042
2.95 0.00176103 0.00126211
2.975 0.00182622 0.00125268
3 0.00188858 0.00124201
3.025 0.00194775 0.00122995
3.05 0.00200339 0.00121634
3.075 0.00205517 0.00120102
3.1 0.00210276 0.00118382
3.125 0.00214584 0.00116456
3.15 0.00218409 0.00114304
3.175 0.00221722 0.00111909
3.2 0.00224492 0.00109249
3.225 0.00226692 0.00106306
3.25 0.00228296 0.00103058
3.275 0.00229277 0.000994846
3.3 0.00229613 0.000955661
3.325 0.00229281 0.000912815
3.35 0.00228262 0.000866104
3.375 0.00226536 0.000815328
3.4 0.00224087 0.000760291
3.425 0.00220902 0.000700803
3.45 0.00216967 0.00063668
3.475 0.00212273 0.000567748
3.5 0.00206811 0.000493839
3.525 0.00200577 0.0004148
3.55 0.00193566 0.000330488
3.575 0.00185778 0.000240772
3.6 0.00177214 0.000145537
3.625 0.00167877 4.4682e-05
3.65 0.00157775 -6.18758e-05
3.675 0.00146916 -0.000174203
3.7 0.0013531 -0.000292348
3.725 0.00122971 -0.00041634
3.75 0.00109915 -0.000546186
3.775 0.000961599 -0.000681877
3.8 0.000817253 -0.000823378
3.825 0.000666341 -0.000970634
3.85 0.000509109 -0.00112357
3.875 0.000345822 -0.00128209
3.9 0.000176767 -0.00144606
3.925 2.24909e-06 -0.00161535
3.95 -0.000177408 -0.00178978
3.975 -0.000361865 -0.00196918
4 -0.000550765 -0.00215331
4.025 -0.000743737 -0.00234197
4.05 -0.000940397 -0.00253488
4.075 -0.00114035 -0.00273177
4.1 -0.00134318 -0.00293235
4.125 -0.00154848 -0.00313631
4.15 -0.00175582 -0.0033433
4.175 -0.00196477 -0.00355299
4.2 -0.00217489 -0.003765
4.225 -0.00238574 -0.00397896
4.25 -0.00259687 -0.00419448
4.275 -0.00280784 -0.00441113
4.3 -0.00301821 -0.00462852
4.325 -0.00322752 -0.0048462
4.35 -0.00343535 -0.00506376
4.375 -0.00364124 -0.00528074
4.4 -0.00384479 -0.00549671
4.425 -0.00404556 -0.00571121
4.45 -0.00424314 -0.0059238
4.475 -0.00443712 -0.00613403
4.5 -0.00462713 -0.00634145
4.525 -0.00481277 -0.00654562
4.55 -0.00499368 -0.00674611
4.575 -0.00516952 -0.00694249
4.6 -0.00533994 -0.00713433
4.625 -0.00550462 -0.00732123
4.65 -0.00566327 -0.00750279
4.675 -0.0058156 -0.00767863
4.7 -0.00596135 -0.00784837
4.725 -0.00610028 -0.00801167
4.75 -0.00623215 -0.00816818
4.775 -0.00635677 -0.00831759
4.8 -0.00647394 -0.0084596
4.825 -0.00658352 -0.00859394
4.85 -0.00668535 -0.00872036
4.875 -0.00677933 -0.0088386
4.9 -0.00686535 -0.00894848
4.925 -0.00694333 -0.0090498
4.95 -0.00701323 -0.0091424
4.975 -0.007075 -0.00922614
5 -0.00712865 -0.00930092
5.025 -0.00717417 -0.00936663
5.05 -0.0072116 -0.00942322
5.075 -0.00724098 -0.00947066
5.1 -0.00726239 -0.00950892
5.125 -0.00727591 -0.00953802
5.15 -0.00728164 -0.009558
5.175 -0.00727971 -0.0095689
5.2 -0.00727026 -0.00957082
5.225 -0.00725345 -0.00956385
5.25 -0.00722943 -0.00954812
5.275 -0.0071984 -0.00952379
5.3 -0.00716055 -0.009491
5.325 -0.00711609 -0.00944995
5.35 -0.00706525 -0.00940084
5.375 -0.00700825 -0.00934389
5.4 -0.00694533 -0.00927934
5.425 -0.00687675 -0.00920743
5.45 -0.00680275 -0.00912842
5.475 -0.00672361 -0.0090426
5.5 -0.00663958 -0.00895025
5.525 -0.00655094 -0.00885165
5.55 -0.00645797 -0.00874713
5.575 -0.00636094 -0.00863699
5.6 -0.00626014 -0.00852155
5.625 -0.00615584 -0.00840112
5.65 -0.00604833 -0.00827605
5.675 -0.00593788 -0.00814665
5.7 -0.00582477 -0.00801325
5.725 -0.00570927 -0.00787619
5.75 -0.00559166 -0.00773579
5.775 -0.0054722 -0.00759239
5.8 -0.00535116 -0.0074463
5.825 -0.00522879 -0.00729784
5.85 -0.00510534 -0.00714734
5.875 -0.00498106 -0.00699509
5.9 -0.00485618 -0.00684141
5.925 -0.00473093 -0.00668659
5.95 -0.00460554 -0.00653091
5.975 -0.00448022 -0.00637466
6 -0.00435518 -0.00621811
6.025 -0.0042306 -0.00606151
6.05 -0.00410668 -0.00590512
6.075 -0.0039836 -0.00574918
6.1 -0.00386151 -0.00559392
6.125 -0.0037406 -0.00543955
6.15 -0.00362099 -0.00528628
6.175 -0.00350284 -0.00513432
6.2 -0.00338627 -0.00498383
6.225 -0.0032714 -0.00483501
6.25 -0.00315835 -0.004688
6.275 -0.00304722 -0.00454295
6.3 -0.00293809 -0.00440001
6.325 -0.00283106 -0.00425931
6.35 -0.0027262 -0.00412095
6.375 -0.00262357 -0.00398504
6.4 -0.00252324 -0.00385168
6.425 -0.00242525 -0.00372096
6.45 -0.00232965 -0.00359293
6.475 -0.00223646 -0.00346767
6.5 -0.00214572 -0.00334524
6.525 -0.00205745 -0.00322567
6.55 -0.00197166 -0.003109
6.575 -0.00188836 -0.00299526
6.6 -0.00180755 -0.00288447
6.625 -0.00172922 -0.00277664
6.65 -0.00165336 -0.00267178
6.675 -0.00157996 -0.00256987
6.7 -0.001509 -0.00247093
6.725 -0.00144046 -0.00237492
6.75 -0.00137431 -0.00228183
6.775 -0.00131051 -0.00219164
6.8 -0.00124903 -0.00210431
6.825 -0.00118983 -0.00201981
6.85 -0.00113288 -0.00193809
6.875 -0.00107812 -0.00185912
6.9 -0.00102551 -0.00178286
6.925 -0.000975008 -0.00170924
6.95 -0.00092656 -0.00163822
6.975 -0.000880115 -0.00156975
7 -0.000835621 -0.00150377
7.025 -0.000793027 -0.00144022
7.05 -0.000752277 -0.00137905
7.075 -0.000713317 -0.00132019
7.1 -0.000676094 -0.00126358
7.125 -0.000640551 -0.00120916
7.15 -0.000606634 -0.00115687
7.175 -0.00057429 -0.00110664
7.2 -0.000543462 -0.00105842
7.225 -0.000514097 -0.00101214
7.25 -0.000486143 -0.000967739
7.275 -0.000459545 -0.000925156
7.3 -0.000434253 -0.000884329
7.325 -0.000410214 -0.0008452
7.35 -0.00038738 -0.000807708
7.375 -0.000365701 -0.000771795
7.4 -0.000345128 -0.000737404
7.425 -0.000325616 -0.000704479
7.45 -0.000307117 -0.000672964
7.475 -0.000289589 -0.000642807
7.5 -0.000272986 -0.000613954
7.525 -0.000257269 -0.000586355
7.55 -0.000242395 -0.00055996
7.575 -0.000228325 -0.000534721
7.6 -0.000215022 -0.00051059
7.625 -0.000202448 -0.000487523
7.65 -0.000190568 -0.000465474
7.675 -0.000179348 -0.000444403
7.7 -0.000168756 -0.000424267
7.725 -0.000158758 -0.000405027
7.75 -0.000149326 -0.000386645
7.775 -0.00014043 -0.000369083
7.8 -0.000132043 -0.000352307
7.825 -0.000124137 -0.000336282
7.85 -0.000116687 -0.000320975
7.875 -0.000109668 -0.000306354
7.9 -0.000103058 -0.00029239
7.925 -9.68345e-05 -0.000279052
7.95 -9.09759e-05 -0.000266315
7.975 -8.54621e-05 -0.00025415
8 -8.02741e-05 -0.000242532
8.025 -7.53937e-05 -0.000231436
8.05 -7.08034e-05 -0.00022084
8.075 -6.64869e-05 -0.000210721
8.1 -6.24286e-05 -0.000201057
8.125 -5.86136e-05 -0.000191828
8.15 -5.50279e-05 -0.000183014
8.175 -5.16584e-05 -0.000174597
8.2 -4.84922e-05 -0.000166559
8.225 -4.55177e-05 -0.000158883
8.25 -4.27236e-05 -0.000151552
8.275 -4.00991e-05 -0.000144552
8.3 -3.76344e-05 -0.000137866
8.325 -3.53198e-05 -0.000131482
8.35 -3.31466e-05 -0.000125386
8.375 -3.11061e-05 -0.000119565
8.4 -2.91906e-05 -0.000114006
8.425 -2.73924e-05 -0.000108699
8.45 -2.57046e-05 -0.000103631
8.475 -2.41204e-05 -9.87922e-05
8.5 -2.26336e-05 -9.41727e-05
8.525 -2.12383e-05 -8.97624e-05
8.55 -1.9929e-05 -8.55523e-05
8.575 -1.87004e-05 -8.15335e-05
8.6 -1.75476e-05 -7.76975e-05
8.625 -1.6466e-05 -7.40364e-05
8.65 -1.54512e-05 -7.05424e-05
8.675 -1.44992e-05 -6.72083e-05
8.7 -1.36061e-05 -6.40269e-05
8.725 -1.27684e-05 -6.09917e-05
8.75 -1.19825e-05 -5.80962e-05
8.775 -1.12454e-05 -5.53342e-05
8.8 -1.0554e-05 -5.27001e-05
8.825 -9.90554e-06 -5.01881e-05
8.85 -9.29734e-06 -4.77929e-05
8.875 -8.72694e-06 -4.55093e-05
8.9 -8.192e-06 -4.33326e-05
8.925 -7.69032e-06 -4.1258e-05
8.95 -7.21985e-06 -3.9281e-05
8.975 -6.77866e-06 -3.73973e-05
9 -6.36493e-06 -3.56027e-05
9.025 -5.97695e-06 -3.38935e-05
9.05 -5.61313e-06 -3.22657e-05
9.075 -5.27195e-06 -3.07157e-05
9.1 -4.95202e-06 -2.92401e-05
9.125 -4.652e-06 -2.78356e-05
9.15 -4.37064e-06 -2.64989e-05
9.175 -4.10679e-06 -2.52271e-05
9.2 -3.85934e-06 -2.40171e-05
9.225 -3.62726e-06 -2.28661e-05
9.25 -3.4096e-06 -2.17715e-05
9.275 -3.20543e-06 -2.07307e-05
9.3 -3.01392e-06 -1.97412e-05
9.325 -2.83427e-06 -1.88007e-05
9.35 -2.66572e-06 -1.79067e-05
9.375 -2.50758e-06 -1.70573e-05
9.4 -2.35919e-06 -1.62502e-05
9.425 -2.21993e-06 -1.54834e-05
9.45 -2.08922e-06 -1.47551e-05
9.475 -1.96653e-06 -1.40634e-05
9.5 -1.85134e-06 -1.34065e-05
9.525 -1.74319e-06 -1.27827e-05
9.55 -1.64161e-06 -1.21904e-05
9.575 -1.54621e-06 -1.16281e-05
9.6 -1.45659e-06 -1.10942e-05
9.625 -1.37238e-06 -1.05874e-05
9.65 -1.29325e-06 -1.01063e-05
9.675 -1.21887e-06 -9.64955e-06
9.7 -1.14894e-06 -9.21595e-06
9.725 -1.08318e-06 -8.80429e-06
9.75 -1.02134e-06 -8.41344e-06
9.775 -9.63172e-07 -8.04233e-06
9.8 -9.0844e-07 -7.68991e-06
9.825 -8.56934e-07 -7.3552e-06
9.85 -8.08453e-07 -7.03725e-06
9.875 -7.62811e-07 -6.73518e-06
9.9 -7.19833e-07 -6.44812e-06
9.925 -6.79354e-07 -6.17527e-06
9.95 -6.41222e-07 -5.91585e-06
9.975 -6.05294e-07 -5.66913e-06
10 -5.71435e-07 -5.43442e-06
10.025 -5.3952e-07 -5.21104e-06
10.05 -5.09432e-07 -4.99837e-06
10.075 -4.8106e-07 -4.79583e-06
10.1 -4.54302e-07 -4.60283e-06
10.125 -4.29061e-07 -4.41886e-06
10.15 -4.05246e-07 -4.2434e-06
10.175 -3.82774e-07 -4.07598e-06
10.2 -3.61563e-07 -3.91615e-06
10.225 -3.4154e-07 -3.76348e-06
10.25 -3.22635e-07 -3.61758e-06
10.275 -3.04781e-07 -3.47807e-06
10.3 -2.87917e-07 -3.34458e-06
10.325 -2.71986e-07 -3.2168e-06
10.35 -2.56932e-07 -3.0944e-06
10.375 -2.42704e-07 -2.97709e-06
10.4 -2.29255e-07 -2.8646e-06
10.425 -2.16538e-07 -2.75666e-06
10.45 -2.04513e-07 -2.65303e-06
10.475 -1.93138e-07 -2.55349e-06
10.5 -1.82377e-07 -2.45782e-06
10.525 -1.72193e-07 -2.36582e-06
10.55 -1.62555e-07 -2.27731e-06
10.575 -1.5343e-07 -2.19211e-06
10.6 -1.4479e-07 -2.11006e-06
10.625 -1.36607e-07 -2.03101e-06
10.65 -1.28855e-07 -1.95481e-06
10.675 -1.21511e-07 -1.88134e-06
10.7 -1.14551e-07 -1.81048e-06
10.725 -1.07955e-07 -1.7421e-06
10.75 -1.01702e-07 -1.6761e-06
10.775 -9.57745e-08 -1.61238e-06
10.8 -9.01541e-08 -1.55084e-06
10.825 -8.48248e-08 -1.4914e-06
10.85 -7.97712e-08 -1.43399e-06
10.875 -7.49792e-08 -1.37851e-06
10.9 -7.04351e-08 -1.3249e-06
10.925 -6.61266e-08 -1.27309e-06
10.95 -6.20418e-08 -1.22301e-06
10.975 -5.81698e-08 -1.17462e-06
11 -5.45003e-08 -1.12785e-06
11.025 -5.10236e-08 -1.08265e-06
11.05 -4.77306e-08 -1.03897e-06
11.075 -4.46129e-08 -9.96765e-07
11.1 -4.16625e-08 -9.55986e-07
11.125 -3.88719e-08 -9.16593e-07
11.15 -3.62339e-08 -8.78543e-07
11.175 -3.37418e-08 -8.418e-07
11.2 -3.13892e-08 -8.06324e-07
11.225 -2.91703e-08 -7.72081e-07
11.25 -2.70791e-08 -7.39036e-07
11.275 -2.51102e-08 -7.07156e-07
11.3 -2.32585e-08 -6.76408e-07
11.325 -2.15188e-08 -6.46761e-07
11.35 -1.98863e-08 -6.18186e-07
11.375 -1.83564e-08 -5.90652e-07
11.4 -1.69246e-08 -5.64131e-07
11.425 -1.55864e-08 -5.38595e-07
11.45 -1.43378e-08 -5.14017e-07
11.475 -1.31745e-08 -4.9037e-07
11.5 -1.20926e-08 -4.67627e-07
11.525 -1.10881e-08 -4.45763e-07
11.55 -1.01571e-08 -4.24752e-07
11.575 -9.29608e-09 -4.04571e-07
11.6 -8.50121e-09 -3.85193e-07
11.625 -7.76895e-09 -3.66596e-07
11.65 -7.09581e-09 -3.48756e-07
11.675 -6.47835e-09 -3.3165e-07
11.7 -5.91322e-09 -3.15255e-07
11.725 -5.39717e-09 -2.99547e-07
11.75 -4.92699e-09 -2.84506e-07
11.775 -4.49959e-09 -2.7011e-07
11.8 -4.11194e-09 -2.56337e-07
11.825 -3.76112e-09 -2.43166e-07
11.85 -3.44429e-09 -2.30578e-07
11.875 -3.15871e-09 -2.1855e-07
11.9 -2.90174e-09 -2.07065e-07
11.925 -2.67084e-09 -1.96102e-07
11.95 -2.46359e-09 -1.85643e-07
11.975 -2.27767e-09 -1.75669e-07
12 -2.11087e-09 -1.66161e-07
12.025 -1.96109e-09 -1.57103e-07
12.05 -1.82635e-09 -1.48477e-07
12.075 -1.70481e-09 -1.40267e-07
12.1 -1.59473e-09 -1.32455e-07
12.125 -1.49448e-09 -1.25027e-07
12.15 -1.40256e-09 -1.17966e-07
12.175 -1.31761e-09 -1.11258e-07
12.2 -1.23835e-09 -1.04889e-07
12.225 -1.16366e-09 -9.88447e-08
12.25 -1.09249e-09 -9.31112e-08
12.275 -1.02395e-09 -8.76758e-08
12.3 -9.57216e-10 -8.25259e-08
12.325 -8.91602e-10 -7.76495e-08
12.35 -8.26509e-10 -7.30349e-08
12.375 -7.61442e-10 -6.8671e-08
12.4 -6.95996e-10 -6.4547e-08
12.425 -6.29859e-10 -6.06527e-08
12.45 -5.62799e-10 -5.69782e-08
12.475 -4.94663e-10 -5.3514e-08
12.5 -4.25371e-10 -5.02509e-08
12.525 -3.54908e-10 -4.71803e-08
12.55 -2.83322e-10 -4.42939e-08
12.575 -2.10713e-10 -4.15835e-08
12.6 -1.37232e-10 -3.90415e-08
12.625 -6.30684e-11 -3.66604e-08
12.65 1.1548e-11 -3.44331e-08
12.675 8.63591e-11 -3.23528e-08
12.7 1.61082e-10 -3.04129e-08
12.725 2.35414e-10 -2.86067e-08
12.75 3.0904e-10 -2.69283e-08
12.775 3.81636e-10 -2.53714e-08
12.8 4.52876e-10 -2.39303e-08
12.825 5.22435e-10 -2.25991e-08
12.85 5.89993e-10 -2.13723e-08
12.875 6.55243e-10 -2.02442e-08
12.9 7.17891e-10 -1.92095e-08
12.925 7.7766e-10 -1.82627e-08
12.95 8.34296e-10 -1.73985e-08
12.975 8.87567e-10 -1.66117e-08
13 9.37268e-10 -1.58969e-08
13.025 9.83226e-10 -1.5249e-08
13.05 1.02529e-09 -1.46627e-08
13.075 1.06336e-09 -1.41329e-08
13.1 1.09734e-09 -1.36542e-08
13.125 1.12719e-09 -1.32216e-08
13.15 1.15291e-09 -1.28298e-08
13.175 1.17451e-09 -1.24735e-08
13.2 1.19205e-09 -1.21477e-08
13.225 1.20563e-09 -1.1847e-08
13.25 1.21537e-09 -1.15664e-08
13.275 1.22143e-09 -1.13007e-08
13.3 1.22399e-09 -1.10447e-08
13.325 1.22329e-09 -1.07934e-08
13.35 1.21956e-09 -1.05417e-08
13.375 1.21309e-09 -1.02847e-08
13.4 1.20416e-09 -1.00176e-08
13.425 1.1931e-09 -9.73544e-09
13.45 1.18025e-09 -9.43367e-09
13.475 1.16597e-09 -9.10773e-09
13.5 1.15063e-09 -8.75321e-09
13.525 1.13462e-09 -8.36589e-09
13.55 1.11832e-09 -7.9417e-09
13.575 1.10215e-09 -7.47678e-09
13.6 1.08651e-09 -6.96749e-09
13.625 1.0718e-09 -6.41039e-09
13.65 1.05844e-09 -5.80232e-09
13.675 1.04682e-09 -5.14036e-09
13.7 1.03735e-09 -4.42185e-09
13.725 1.03042e-09 -3.64444e-09
13.75 1.0264e-09 -2.80606e-09
13.775 1.02565e-09 -1.90495e-09
13.8 1.02853e-09 -9.39682e-10
13.825 1.03538e-09 9.08624e-11
13.85 1.04649e-09 1.18746e-09
13.875 1.06216e-09 2.35057e-09
13.9 1.08266e-09 3.58027e-09
13.925 1.10824e-09 4.87635e-09
13.95 1.1391e-09 6.23822e-09
13.975 1.17545e-09 7.66496e-09
14 1.21745e-09 9.15533e-09
14.025 1.26522e-09 1.07077e-08
14.05 1.31887e-09 1.23203e-08
14.075 1.37848e-09 1.39907e-08
14.1 1.44409e-09 1.57165e-08
14.125 1.51572e-09 1.74949e-08
14.15 1.59334e-09 1.93228e-08
14.175 1.67692e-09 2.11967e-08
14.2 1.76637e-09 2.31132e-08
14.225 1.86159e-09 2.50683e-08
14.25 1.96244e-09 2.70579e-08
14.275 2.06877e-09 2.90779e-08
14.3 2.18037e-09 3.11238e-08
14.325 2.29705e-09 3.31911e-08
14.35 2.41855e-09 3.52749e-08
14.375 2.54462e-09 3.73705e-08
14.4 2.67496e-09 3.9473e-08
14.425 2.80928e-09 4.15773e-08
14.45 2.94724e-09 4.36785e-08
14.475 3.08852e-09 4.57715e-08
14.5 3.23274e-09 4.78512e-08
14.525 3.37954e-09 4.99126e-08
14.55 3.52853e-09 5.19507e-08
14.575 3.67933e-09 5.39606e-08
14.6 3.83153e-09 5.59375e-08
14.625 3.98471e-09 5.78766e-08
14.65 4.13848e-09 5.97733e-08
14.675 4.29241e-09 6.16232e-08
14.7 4.44609e-09 6.34219e-08
14.725 4.5991e-09 6.51652e-08
14.75 4.75102e-09 6.68493e-08
14.775 4.90146e-09 6.84703e-08
14.8 5.05e-09 7.00248e-08
14.825 5.19625e-09 7.15094e-08
14.85 5.33982e-09 7.29211e-08
14.875 5.48034e-09 7.42569e-08
14.9 5.61744e-09 7.55144e-08
14.925 5.75078e-09 7.66912e-08
14.95 5.88001e-09 7.77853e-08
14.975 6.00481e-09 7.87948e-08
15 6.12488e-09 7.97182e-08
15.025 6.23993e-09 8.05543e-08
15.05 6.3497e-09 8.1302e-08
15.075 6.45392e-09 8.19607e-08
15.1 6.55237e-09 8.25299e-08
15.125 6.64484e-09 8.30093e-08
15.15 6.73113e-09 8.3399e-08
15.175 6.81109e-09 8.36994e-08
15.2 6.88455e-09 8.39109e-08
15.225 6.95139e-09 8.40344e-08
15.25 7.0115e-09 8.40709e-08
15.275 7.06481e-09 8.40215e-08
15.3 7.11123e-09 8.38877e-08
15.325 7.15073e-09 8.36712e-08
15.35 7.18329e-09 8.33737e-08
15.375 7.20889e-09 8.29972e-08
15.4 7.22756e-09 8.2544e-08
15.425 7.23933e-09 8.20163e-08
15.45 7.24426e-09 8.14165e-08
15.475 7.2424e-09 8.07472e-08
15.5 7.23386e-09 8.00112e-08
15.525 7.21873e-09 7.92112e-08
15.55 7.19713e-09 7.835e-08
15.575 7.1692e-09 7.74307e-08
15.6 7.13509e-09 7.64563e-08
15.625 7.09495e-09 7.54298e-08
15.65 7.04896e-09 7.43544e-08
15.675 6.9973e-09 7.32333e-08
15.7 6.94017e-09 7.20695e-08
15.725 6.87776e-09 7.08662e-08
15.75 6.81029e-09 6.96267e-08
15.775 6.73798e-09 6.83541e-08
15.8 6.66106e-09 6.70515e-08
15.825 6.57974e-09 6.57221e-08
15.85 6.49428e-09 6.43688e-08
15.875 6.4049e-09 6.29948e-08
15.9 6.31184e-09 6.16029e-08
15.925 6.21536e-09 6.01961e-08
15.95 6.11569e-09 5.87772e-08
15.975 6.01308e-09 5.7349e-08
16 5.90777e-09 5.5914e-08
16.025 5.80001e-09 5.4475e-08
16.05 5.69003e-09 5.30344e-08
16.075 5.57807e-09 5.15946e-08
16.1 5.46437e-09 5.01579e-08
16.125 5.34916e-09 4.87265e-08
16.15 5.23267e-09 4.73025e-08
16.175 5.11511e-09 4.58879e-08
16.2 4.99671e-09 4.44847e-08
16.225 4.87767e-09 4.30945e-08
16.25 4.75819e-09 4.17191e-08
16.275 4.63848e-09 4.036e-08
16.3 4.51873e-09 3.90187e-08
16.325 4.39912e-09 3.76966e-08
16.35 4.27982e-09 3.63949e-08
16.375 4.16101e-09 3.51148e-08
16.4 4.04284e-09 3.38573e-08
16.425 3.92547e-09 3.26234e-08
16.45 3.80905e-09 3.14139e-08
16.475 3.6937e-09 3.02296e-08
16.5 3.57957e-09 2.90711e-08
16.525 3.46677e-09 2.79391e-08
16.55 3.35541e-09 2.6834e-08
16.575 3.2456e-09 2.57563e-08
16.6 3.13744e-09 2.47061e-08
16.625 3.03101e-09 2.36839e-08
16.65 2.9264e-09 2.26898e-08
16.675 2.82369e-09 2.17239e-08
16.7 2.72293e-09 2.07862e-08
16.725 2.62419e-09 1.98766e-08
16.75 2.52752e-09 1.89953e-08
16.775 2.43296e-09 1.81419e-08
16.8 2.34057e-09 1.73162e-08
16.825 2.25036e-09 1.65182e-08
16.85 2.16237e-09 1.57474e-08
16.875 2.07661e-09 1.50036e-08
16.9 1.99311e-09 1.42863e-08
16.925 1.91187e-09 1.35952e-08
16.95 1.83289e-09 1.29299e-08
16.975 1.75618e-09 1.22898e-08
17 1.68174e-09 1.16746e-08
17.025 1.60955e-09 1.10836e-08
17.05 1.53959e-09 1.05164e-08
17.075 1.47187e-09 9.97239e-09
17.1 1.40634e-09 9.45103e-09
17.125 1.343e-09 8.95173e-09
17.15 1.28181e-09 8.47391e-09
17.175 1.22274e-09 8.01698e-09
17.2 1.16576e-09 7.58033e-09
17.225 1.11085e-09 7.16336e-09
17.25 1.05795e-09 6.76546e-09
17.275 1.00704e-09 6.38602e-09
17.3 9.58064e-10 6.02444e-09
17.325 9.10993e-10 5.68012e-09
17.35 8.6578e-10 5.35244e-09
17.375 8.22382e-10 5.04082e-09
17.4 7.80753e-10 4.74468e-09
17.425 7.40847e-10 4.46342e-09
17.45 7.0262e-10 4.19649e-09
17.475 6.66023e-10 3.94331e-09
17.5 6.3101e-10 3.70334e-09
17.525 5.97534e-10 3.47603e-09
17.55 5.65547e-10 3.26086e-09
17.575 5.35004e-10 3.05731e-09
17.6 5.05855e-10 2.86488e-09
17.625 4.78056e-10 2.68307e-09
17.65 4.5156e-10 2.51141e-09
17.675 4.26322e-10 2.34943e-09
17.7 4.02295e-10 2.19668e-09
17.725 3.79436e-10 2.05273e-09
17.75 3.57701e-10 1.91716e-09
17.775 3.37046e-10 1.78956e-09
17.8 3.1743e-10 1.66953e-09
17.825 2.98812e-10 1.55669e-09
17.85 2.81149e-10 1.45068e-09
17.875 2.64404e-10 1.35115e-09
17.9 2.48538e-10 1.25775e-09
17.925 2.33512e-10 1.17016e-09
17.95 2.1929e-10 1.08808e-09
17.975 2.05838e-10 1.01119e-09
18 1.9312e-10 9.39226e-10
18.025 1.81102e-10 8.71899e-10
18.05 1.69753e-10 8.08952e-10
18.075 1.59042e-10 7.50135e-10
18.1 1.48937e-10 6.9521e-10
18.125 1.39409e-10 6.43951e-10
18.15 1.30431e-10 5.96141e-10
18.175 1.21975e-10 5.51574e-10
18.2 1.14015e-10 5.10055e-10
18.225 1.06526e-10 4.71399e-10
18.25 9.94842e-11 4.3543e-10
18.275 9.28653e-11 4.01981e-10
18.3 8.66478e-11 3.70893e-10
18.325 8.08101e-11 3.42017e-10
18.35 7.53319e-11 3.15212e-10
18.375 7.01938e-11 2.90343e-10
18.4 6.5377e-11 2.67285e-10
18.425 6.08636e-11 2.45918e-10
18.45 5.66368e-11 2.2613e-10
18.475 5.26803e-11 2.07815e-10
18.5 4.89786e-11 1.90873e-10
18.525 4.55171e-11 1.75212e-10
18.55 4.22817e-11 1.60742e-10
18.575 3.92592e-11 1.47381e-10
18.6 3.64369e-11 1.35051e-10
18.625 3.38029e-11 1.2368e-10
18.65 3.13457e-11 1.13199e-10
18.675 2.90546e-11 1.03545e-10
18.7 2.69195e-11 9.4657e-11
18.725 2.49305e-11 8.64797e-11
18.75 2.30787e-11 7.89608e-11
18.775 2.13554e-11 7.20514e-11
18.8 1.97523e-11 6.57061e-11
18.825 1.82618e-11 5.98822e-11
18.85 1.68767e-11 5.45403e-11
18.875 1.55901e-11 4.96434e-11
18.9 1.43956e-11 4.51573e-11
18.925 1.3287e-11 4.10501e-11
18.95 1.22586e-11 3.72921e-11
18.975 1.13052e-11 3.38559e-11
19 1.04215e-11 3.07157e-11
19.025 9.60299e-12 2.78481e-11
19.05 8.8451e-12 2.52309e-11
19.075 8.14366e-12 2.28439e-11
19.1 7.49477e-12 2.06682e-11
19.125 6.89476e-12 1.86864e-11
19.15 6.3402e-12 1.68825e-11
19.175 5.82786e-12 1.52416e-11
19.2 5.35475e-12 1.37499e-11
19.225 4.91805e-12 1.23948e-11
19.25 4.51515e-12 1.11647e-11
19.275 4.14357e-12 1.00488e-11
19.3 3.80105e-12 9.03714e-12
19.325 3.48544e-12 8.12073e-12
19.35 3.19476e-12 7.29118e-12
19.375 2.92715e-12 6.54079e-12
19.4 2.68088e-12 5.86252e-12
19.425 2.45436e-12 5.2499e-12
19.45 2.24609e-12 4.69699e-12
19.475 2.05468e-12 4.19837e-12
19.5 1.87884e-12 3.74906e-12
19.525 1.71737e-12 3.3445e-12
19.55 1.56917e-12 2.98054e-12
19.575 1.43319e-12 2.65338e-12
19.6 1.30848e-12 2.35954e-12
19.625 1.19415e-12 2.09587e-12
19.65 1.0894e-12 1.85947e-12
19.675 9.93441e-13 1.64772e-12
19.7 9.05588e-13 1.45823e-12
19.725 8.25184e-13 1.28882e-12
19.75 7.51629e-13 1.1375e-12
19.775 6.84367e-13 1.00249e-12
19.8 6.22884e-13 8.82156e-13
19.825 5.66708e-13 7.75012e-13
19.85 5.15401e-13 6.79722e-13
19.875 4.6856e-13 5.95071e-13
19.9 4.25814e-13 5.19963e-13
19.925 3.8682e-13 4.53403e-13
19.95 3.51264e-13 3.94496e-13
19.975 3.18856e-13 3.42431e-13
20 2.89328e-13 2.9648e-13
