0 0.247544 0.247548 -0.00158517 0.122981
0.025 0.247544 0.247548 -0.00158517 0.122981
0.05 0.247494 0.247511 -0.00158618 0.122962
0.075 0.247411 0.247449 -0.00158786 0.122931
0.1 0.247295 0.247362 -0.00159018 0.122886
0.125 0.247145 0.247249 -0.00159315 0.122828
0.15 0.246961 0.24711 -0.00159672 0.122757
0.175 0.246743 0.246944 -0.0016009 0.122672
0.2 0.246489 0.246751 -0.00160563 0.122573
0.225 0.2462 0.246529 -0.00161089 0.122459
0.25 0.245874 0.246278 -0.00161664 0.122331
0.275 0.245511 0.245997 -0.00162284 0.122187
0.3 0.24511 0.245685 -0.00162944 0.122028
0.325 0.244671 0.24534 -0.0016364 0.121852
0.35 0.244192 0.244961 -0.00164366 0.121659
0.375 0.243673 0.244547 -0.00165117 0.121448
0.4 0.243111 0.244097 -0.00165887 0.121219
0.425 0.242508 0.243608 -0.00166671 0.120971
0.45 0.241861 0.243081 -0.00167461 0.120703
0.475 0.241169 0.242512 -0.00168252 0.120415
0.5 0.240431 0.241901 -0.00169038 0.120105
0.525 0.239647 0.241247 -0.00169811 0.119774
0.55 0.238815 0.240547 -0.00170564 0.11942
0.575 0.237934 0.2398 -0.00171292 0.119043
0.6 0.237003 0.239004 -0.00171987 0.118642
0.625 0.236021 0.238159 -0.00172642 0.118216
0.65 0.234988 0.237262 -0.00173251 0.117765
0.675 0.233901 0.236313 -0.00173807 0.117287
0.7 0.232761 0.235309 -0.00174303 0.116783
0.725 0.231566 0.23425 -0.00174732 0.116252
0.75 0.230316 0.233135 -0.0017509 0.115692
0.775 0.229009 0.231962 -0.00175368 0.115104
0.8 0.227646 0.230729 -0.00175562 0.114487
0.825 0.226226 0.229438 -0.00175666 0.11384
0.85 0.224748 0.228085 -0.00175674 0.113164
0.875 0.223212 0.226671 -0.00175582 0.112458
0.9 0.221617 0.225195 -0.00175384 0.111721
0.925 0.219964 0.223656 -0.00175076 0.110953
0.95 0.218252 0.222055 -0.00174654 0.110154
0.975 0.216481 0.22039 -0.00174115 0.109324
1 0.214652 0.218661 -0.00173455 0.108463
1.025 0.212764 0.21687 -0.00172671 0.107571
1.05 0.210818 0.215015 -0.00171761 0.106648
1.075 0.208815 0.213096 -0.00170723 0.105695
1.1 0.206755 0.211116 -0.00169555 0.10471
1.125 0.204638 0.209073 -0.00168257 0.103695
1.15 0.202466 0.206969 -0.00166827 0.10265
1.175 0.20024 0.204804 -0.00165266 0.101576
1.2 0.19796 0.20258 -0.00163573 0.100472
1.225 0.195628 0.200297 -0.0016175 0.0993398
1.25 0.193245 0.197957 -0.00159798 0.0981796
1.275 0.190812 0.195562 -0.00157718 0.0969922
1.3 0.188332 0.193112 -0.00155513 0.0957784
1.325 0.185805 0.19061 -0.00153184 0.0945388
1.35 0.183233 0.188056 -0.00150736 0.0932745
1.375 0.180619 0.185455 -0.00148171 0.0919864
1.4 0.177963 0.182806 -0.00145493 0.0906754
1.425 0.175269 0.180112 -0.00142707 0.0893427
1.45 0.172538 0.177377 -0.00139816 0.0879892
1.475 0.169773 0.174601 -0.00136826 0.0866162
1.5 0.166975 0.171787 -0.00133741 0.0852248
1.525 0.164148 0.168938 -0.00130567 0.0838163
1.55 0.161292 0.166057 -0.0012731 0.0823919
1.575 0.158412 0.163146 -0.00123976 0.080953
1.6 0.155509 0.160207 -0.0012057 0.0795008
1.625 0.152587 0.157244 -0.001171 0.0780367
1.65 0.149646 0.15426 -0.00113571 0.0765621
1.675 0.146691 0.151257 -0.0010999 0.0750784
1.7 0.143724 0.148237 -0.00106364 0.0735869
1.725 0.140748 0.145205 -0.001027 0.0720891
1.75 0.137764 0.142163 -0.00099004 0.0705865
1.775 0.134777 0.139113 -0.000952836 0.0690803
1.8 0.131788 0.13606 -0.000915455 0.0675721
1.825 0.1288 0.133005 -0.000877966 0.0660633
1.85 0.125817 0.129951 -0.000840437 0.0645552
1.875 0.122839 0.126902 -0.000802934 0.0630493
1.9 0.119871 0.123859 -0.000765525 0.0615469
1.925 0.116914 0.120827 -0.000728274 0.0600494
1.95 0.113972 0.117807 -0.000691246 0.058558
1.975 0.111046 0.114803 -0.000654501 0.0570742
2 0.108139 0.111816 -0.0006181 0.0555991
2.025 0.105253 0.10885 -0.000582102 0.054134
2.05 0.102391 0.105907 -0.000546563 0.0526801
2.075 0.0995544 0.102989 -0.000511535 0.0512386
2.1 0.0967458 0.100098 -0.00047707 0.0498106
2.125 0.0939673 0.0972375 -0.000443217 0.0483971
2.15 0.0912206 0.0944086 -0.000410021 0.0469993
2.175 0.0885076 0.0916136 -0.000377525 0.045618
2.2 0.0858302 0.0888544 -0.000345768 0.0442543
2.225 0.0831901 0.0861328 -0.000314789 0.042909
2.25 0.0805887 0.0834505 -0.000284621 0.041583
2.275 0.0780277 0.0808093 -0.000255294 0.040277
2.3 0.0755085 0.0782105 -0.000226836 0.0389918
2.325 0.0730322 0.0756555 -0.000199273 0.0377281
2.35 0.0706002 0.0731458 -0.000172624 0.0364866
2.375 0.0682135 0.0706823 -0.00014691 0.0352677
2.4 0.0658732 0.0682663 -0.000122145 0.0340721
2.425 0.06358 0.0658987 -9.83414e-05 0.0329002
2.45 0.0613349 0.0635802 -7.55086e-05 0.0317524
2.475 0.0591385 0.0613118 -5.36533e-05 0.0306291
2.5 0.0569914 0.059094 -3.27789e-05 0.0295306
2.525 0.0548941 0.0569273 -1.28865e-05 0.0284572
2.55 0.052847 0.0548123 6.02576e-06 0.0274091
2.575 0.0508503 0.0527491 2.3962e-05 0.0263865
2.6 0.0489045 0.0507382 4.0929e-05 0.0253895
2.625 0.0470094 0.0487795 5.69358e-05 0.0244182
2.65 0.0451653 0.0468732 7.19934e-05 0.0234726
2.675 0.043372 0.0450193 8.61152e-05 0.0225527
2.7 0.0416295 0.0432176 9.93164e-05 0.0216584
2.725 0.0399374 0.0414678 0.000111614 0.0207897
2.75 0.0382956 0.0397698 0.000123026 0.0199464
2.775 0.0367037 0.0381232 0.000133574 0.0191284
2.8 0.0351612 0.0365275 0.000143279 0.0183354
2.825 0.0336677 0.0349823 0.000152163 0.0175672
2.85 0.0322227 0.033487 0.000160251 0.0168236
2.875 0.0308255 0.0320409 0.000167567 0.0161043
2.9 0.0294755 0.0306435 0.000174138 0.0154088
2.925 0.0281719 0.0292939 0.00017999 0.014737
2.95 0.0269141 0.0279915 0.00018515 0.0140883
2.975 0.0257012 0.0267353 0.000189645 0.0134625
3 0.0245325 0.0255246 0.000193505 0.0128591
3.025 0.0234069 0.0243585 0.000196756 0.0122776
3.05 0.0223238 0.023236 0.000199428 0.0117177
3.075 0.021282 0.0221562 0.000201548 0.0111789
3.1 0.0202807 0.0211181 0.000203145 0.0106606
3.125 0.0193189 0.0201207 0.000204248 0.0101625
3.15 0.0183956 0.019163 0.000204883 0.00968394
3.175 0.0175098 0.018244 0.00020508 0.00922454
3.2 0.0166605 0.0173626 0.000204863 0.00878375
3.225 0.0158468 0.0165179 0.000204262 0.00836106
3.25 0.0150674 0.0157086 0.000203301 0.00795596
3.275 0.0143215 0.0149339 0.000202006 0.00756794
3.3 0.0136079 0.0141926 0.000200402 0.00719648
3.325 0.0129258 0.0134836 0.000198513 0.00684107
3.35 0.0122739 0.012806 0.000196363 0.00650118
3.375 0.0116514 0.0121587 0.000193974 0.00617633
3.4 0.0110573 0.0115406 0.000191368 0.00586599
3.425 0.0104904 0.0109508 0.000188566 0.00556967
3.45 0.00994989 0.0103882 0.000185588 0.00528688
3.475 0.00943474 0.0098518 0.000182453 0.00501712
3.5 0.00894401 0.00934068 0.000179181 0.00475993
3.525 0.00847675 0.00885385 0.000175788 0.00451482
3.55 0.00803205 0.00839038 0.00017229 0.00428134
3.575 0.00760901 0.00794934 0.000168705 0.00405902
3.6 0.00720674 0.00752982 0.000165047 0.00384743
3.625 0.00682439 0.00713095 0.000161329 0.00364614
3.65 0.00646112 0.00675186 0.000157565 0.00345471
3.675 0.0061161 0.00639172 0.000153767 0.00327274
3.7 0.00578856 0.0060497 0.000149947 0.00309983
3.725 0.00547771 0.00572503 0.000146116 0.00293557
3.75 0.00518281 0.00541693 0.000142283 0.00277961
3.775 0.00490313 0.00512466 0.000138458 0.00263156
3.8 0.00463798 0.00484749 0.000134649 0.00249107
3.825 0.00438668 0.00458474 0.000130864 0.0023578
3.85 0.00414857 0.00433572 0.00012711 0.00223142
3.875 0.00392302 0.0040998 0.000123393 0.00211159
3.9 0.00370944 0.00387634 0.00011972 0.00199803
3.925 0.00350723 0.00366474 0.000116095 0.00189042
3.95 0.00331583 0.00346442 0.000112523 0.00178847
3.975 0.0031347 0.00327484 0.000109009 0.00169192
4 0.00296334 0.00309544 0.000105556 0.0016005
4.025 0.00280124 0.00292573 0.000102167 0.00151395
4.05 0.00264793 0.0027652 9.88441e-05 0.00143202
4.075 0.00250295 0.0026134 9.55908e-05 0.0013545
4.1 0.00236588 0.00246987 9.24086e-05 0.00128114
4.125 0.0022363 0.00233418 8.9299e-05 0.00121174
4.15 0.00211381 0.00220592 8.62632e-05 0.00114609
4.175 0.00199803 0.0020847 8.33021e-05 0.001084
4.2 0.00188862 0.00197014 8.04162e-05 0.00102528
4.225 0.00178522 0.0018619 7.7606e-05 0.000969753
4.25 0.00168752 0.00175963 7.48716e-05 0.000917249
4.275 0.0015952 0.001663 7.22127e-05 0.000867608
4.3 0.00150797 0.00157172 6.96291e-05 0.000820676
4.325 0.00142556 0.00148549 6.71203e-05 0.000776307
4.35 0.00134769 0.00140404 6.46855e-05 0.000734363
4.375 0.00127412 0.0013271 6.23241e-05 0.000694711
4.4 0.00120461 0.00125442 6.00349e-05 0.000657228
4.425 0.00113893 0.00118577 5.78171e-05 0.000621794
4.45 0.00107687 0.00112092 5.56693e-05 0.000588297
4.475 0.00101824 0.00105967 5.35904e-05 0.00055663
4.5 0.000962833 0.00100181 5.1579e-05 0.000526693
4.525 0.000910476 0.000947147 4.96337e-05 0.000498391
4.55 0.000860998 0.00089551 4.77531e-05 0.000471631
4.575 0.000814237 0.000846725 4.59358e-05 0.00044633
4.6 0.000770042 0.000800633 4.41802e-05 0.000422407
4.625 0.000728269 0.000757083 4.24848e-05 0.000399784
4.65 0.000688782 0.000715931 4.08481e-05 0.00037839
4.675 0.000651455 0.000677043 3.92684e-05 0.000358156
4.7 0.000616165 0.000640292 3.77442e-05 0.000339018
4.725 0.0005828 0.000605557 3.6274e-05 0.000320915
4.75 0.000551251 0.000572725 3.48561e-05 0.000303791
4.775 0.000521419 0.00054169 3.34892e-05 0.00028759
4.8 0.000493207 0.000512351 3.21715e-05 0.000272261
4.825 0.000466526 0.000484612 3.09017e-05 0.000257757
4.85 0.000441291 0.000458385 2.96783e-05 0.000244032
4.875 0.000417422 0.000433585 2.84997e-05 0.000231042
4.9 0.000394843 0.000410132 2.73646e-05 0.000218748
4.925 0.000373485 0.000387953 2.62715e-05 0.000207112
4.95 0.00035328 0.000366975 2.52191e-05 0.000196097
4.975 0.000334164 0.000347133 2.4206e-05 0.00018567
5 0.000316079 0.000328365 2.32309e-05 0.000175798
5.025 0.000298969 0.000310611 2.22926e-05 0.000166452
5.05 0.000282779 0.000293815 2.13897e-05 0.000157602
5.075 0.000267462 0.000277925 2.05212e-05 0.000149223
5.1 0.000252969 0.000262891 1.96857e-05 0.000141289
5.125 0.000239257 0.000248668 1.88822e-05 0.000133775
5.15 0.000226283 0.000235211 1.81096e-05 0.00012666
5.175 0.000214008 0.000222479 1.73667e-05 0.000119923
5.2 0.000202394 0.000210431 1.66525e-05 0.000113542
5.225 0.000191406 0.000199033 1.59661e-05 0.0001075
5.25 0.000181011 0.000188248 1.53064e-05 0.000101777
5.275 0.000171178 0.000178044 1.46725e-05 9.63584e-05
5.3 0.000161876 0.00016839 1.40635e-05 9.12268e-05
5.325 0.000153077 0.000159256 1.34784e-05 8.63674e-05
5.35 0.000144754 0.000150615 1.29165e-05 8.1766e-05
5.375 0.000136883 0.000142441 1.23768e-05 7.74089e-05
5.4 0.00012944 0.000134708 1.18587e-05 7.32834e-05
5.425 0.000122401 0.000127394 1.13612e-05 6.93774e-05
5.45 0.000115745 0.000120475 1.08837e-05 6.56794e-05
5.475 0.000109453 0.000113932 1.04253e-05 6.21785e-05
5.5 0.000103504 0.000107743 9.98554e-06 5.88645e-05
5.525 9.78804e-05 0.000101891 9.56356e-06 5.57275e-05
5.55 9.25651e-05 9.63581e-05 9.15875e-06 5.27584e-05
5.575 8.75414e-05 9.11264e-05 8.77047e-06 4.99484e-05
5.6 8.27939e-05 8.61803e-05 8.39811e-06 4.72892e-05
5.625 7.83077e-05 8.15046e-05 8.04106e-06 4.47728e-05
5.65 7.40687e-05 7.7085e-05 7.69875e-06 4.23919e-05
5.675 7.00638e-05 7.29078e-05 7.37062e-06 4.01392e-05
5.7 6.62801e-05 6.896e-05 7.05614e-06 3.80081e-05
5.725 6.27059e-05 6.52294e-05 6.75477e-06 3.59921e-05
5.75 5.93296e-05 6.17044e-05 6.46602e-06 3.40852e-05
5.775 5.61405e-05 5.83738e-05 6.18939e-06 3.22816e-05
5.8 5.31284e-05 5.52271e-05 5.92442e-06 3.05758e-05
5.825 5.02835e-05 5.22545e-05 5.67065e-06 2.89626e-05
5.85 4.75966e-05 4.94465e-05 5.42764e-06 2.74371e-05
5.875 4.5059e-05 4.67941e-05 5.19495e-06 2.59945e-05
5.9 4.26625e-05 4.42887e-05 4.97218e-06 2.46305e-05
5.925 4.0399e-05 4.19225e-05 4.75893e-06 2.33407e-05
5.95 3.82613e-05 3.96875e-05 4.55482e-06 2.21212e-05
5.975 3.62423e-05 3.75768e-05 4.35947e-06 2.09681e-05
6 3.43352e-05 3.55832e-05 4.17253e-06 1.98779e-05
6.025 3.25337e-05 3.37004e-05 3.99364e-06 1.8847e-05
6.05 3.0832e-05 3.1922e-05 3.82248e-06 1.78723e-05
6.075 2.92242e-05 3.02423e-05 3.65872e-06 1.69505e-05
6.1 2.7705e-05 2.86557e-05 3.50205e-06 1.60789e-05
6.125 2.62694e-05 2.7157e-05 3.35217e-06 1.52546e-05
6.15 2.49126e-05 2.57411e-05 3.2088e-06 1.44749e-05
6.175 2.36301e-05 2.44033e-05 3.07165e-06 1.37375e-05
6.2 2.24175e-05 2.31391e-05 2.94045e-06 1.30398e-05
6.225 2.12709e-05 2.19444e-05 2.81496e-06 1.23797e-05
6.25 2.01864e-05 2.08152e-05 2.69491e-06 1.17551e-05
6.275 1.91604e-05 1.97476e-05 2.58008e-06 1.11639e-05
6.3 1.81896e-05 1.87382e-05 2.47023e-06 1.06042e-05
6.325 1.72707e-05 1.77835e-05 2.36514e-06 1.00743e-05
6.35 1.64008e-05 1.68804e-05 2.26461e-06 9.57251e-06
6.375 1.55769e-05 1.60259e-05 2.16842e-06 9.09717e-06
6.4 1.47966e-05 1.52172e-05 2.0764e-06 8.64679e-06
6.425 1.40571e-05 1.44516e-05 1.98834e-06 8.21995e-06
6.45 1.33562e-05 1.37266e-05 1.90407e-06 7.81531e-06
6.475 1.26917e-05 1.30398e-05 1.82343e-06 7.43161e-06
6.5 1.20614e-05 1.23891e-05 1.74624e-06 7.06766e-06
6.525 1.14634e-05 1.17723e-05 1.67235e-06 6.72234e-06
6.55 1.08959e-05 1.11875e-05 1.60162e-06 6.39458e-06
6.575 1.03571e-05 1.06329e-05 1.5339e-06 6.08341e-06
6.6 9.84547e-06 1.01067e-05 1.46905e-06 5.78789e-06
6.625 9.35939e-06 9.60734e-06 1.40695e-06 5.50714e-06
6.65 8.89747e-06 9.13322e-06 1.34747e-06 5.24034e-06
6.675 8.45838e-06 8.68296e-06 1.29049e-06 4.98672e-06
6.7 8.04086e-06 8.2552e-06 1.2359e-06 4.74555e-06
6.725 7.64375e-06 7.8487e-06 1.1836e-06 4.51615e-06
6.75 7.26594e-06 7.46228e-06 1.13347e-06 4.29788e-06
6.775 6.9064e-06 7.09484e-06 1.08544e-06 4.09014e-06
6.8 6.56417e-06 6.74535e-06 1.03939e-06 3.89237e-06
6.825 6.23835e-06 6.41283e-06 9.95256e-07 3.70404e-06
6.85 5.92808e-06 6.09639e-06 9.5294e-07 3.52467e-06
6.875 5.63259e-06 5.79517e-06 9.12368e-07 3.35377e-06
6.9 5.35113e-06 5.50839e-06 8.73464e-07 3.19092e-06
6.925 5.083e-06 5.23528e-06 8.36156e-07 3.03572e-06
6.95 4.82755e-06 4.97517e-06 8.00376e-07 2.88777e-06
6.975 4.58417e-06 4.72739e-06 7.66061e-07 2.74673e-06
7 4.35229e-06 4.49133e-06 7.33149e-07 2.61224e-06
7.025 4.13136e-06 4.26642e-06 7.01582e-07 2.484e-06
7.05 3.92089e-06 4.05212e-06 6.71303e-07 2.36171e-06
7.075 3.72038e-06 3.84791e-06 6.42262e-07 2.24509e-06
7.1 3.5294e-06 3.65332e-06 6.14407e-07 2.13386e-06
7.125 3.34751e-06 3.46791e-06 5.87691e-07 2.0278e-06
7.15 3.17431e-06 3.29125e-06 5.62069e-07 1.92666e-06
7.175 3.00943e-06 3.12293e-06 5.37497e-07 1.83021e-06
7.2 2.8525e-06 2.96259e-06 5.13935e-07 1.73826e-06
7.225 2.70318e-06 2.80988e-06 4.91344e-07 1.65061e-06
7.25 2.56114e-06 2.66444e-06 4.69685e-07 1.56706e-06
7.275 2.42607e-06 2.52597e-06 4.48923e-07 1.48745e-06
7.3 2.29768e-06 2.39416e-06 4.29024e-07 1.41159e-06
7.325 2.17568e-06 2.26872e-06 4.09955e-07 1.33934e-06
7.35 2.05979e-06 2.14939e-06 3.91684e-07 1.27054e-06
7.375 1.94975e-06 2.03589e-06 3.74183e-07 1.20504e-06
7.4 1.84532e-06 1.92799e-06 3.57422e-07 1.14271e-06
7.425 1.74625e-06 1.82544e-06 3.41373e-07 1.08341e-06
7.45 1.65231e-06 1.72801e-06 3.26009e-07 1.02701e-06
7.475 1.56326e-06 1.6355e-06 3.11305e-07 9.73402e-07
7.5 1.47891e-06 1.54768e-06 2.97237e-07 9.22459e-07
7.525 1.39903e-06 1.46436e-06 2.8378e-07 8.7407e-07
7.55 1.32342e-06 1.38534e-06 2.70912e-07 8.28128e-07
7.575 1.25188e-06 1.31045e-06 2.5861e-07 7.84528e-07
7.6 1.18424e-06 1.23949e-06 2.46852e-07 7.43169e-07
7.625 1.12029e-06 1.17229e-06 2.35619e-07 7.03955e-07
7.65 1.05988e-06 1.10869e-06 2.24889e-07 6.66792e-07
7.675 1.00282e-06 1.04853e-06 2.14644e-07 6.31588e-07
7.7 9.48955e-07 9.9165e-07 2.04864e-07 5.98257e-07
7.725 8.98121e-07 9.37897e-07 1.95532e-07 5.66714e-07
7.75 8.50166e-07 8.87125e-07 1.86628e-07 5.36877e-07
7.775 8.04943e-07 8.39195e-07 1.78137e-07 5.08666e-07
7.8 7.6231e-07 7.9397e-07 1.70041e-07 4.82005e-07
7.825 7.2213e-07 7.51316e-07 1.62324e-07 4.5682e-07
7.85 6.84272e-07 7.11107e-07 1.5497e-07 4.33039e-07
7.875 6.4861e-07 6.73219e-07 1.47964e-07 4.10592e-07
7.9 6.15023e-07 6.37533e-07 1.41292e-07 3.89412e-07
7.925 5.83397e-07 6.03933e-07 1.34938e-07 3.69435e-07
7.95 5.53621e-07 5.72308e-07 1.28888e-07 3.50598e-07
7.975 5.2559e-07 5.42552e-07 1.2313e-07 3.32841e-07
8 4.99202e-07 5.14562e-07 1.1765e-07 3.16106e-07
8.025 4.74362e-07 4.88237e-07 1.12435e-07 3.00336e-07
8.05 4.50979e-07 4.63484e-07 1.07473e-07 2.85479e-07
8.075 4.28965e-07 4.40211e-07 1.02753e-07 2.71482e-07
8.1 4.08239e-07 4.1833e-07 9.82613e-08 2.58295e-07
8.125 3.88721e-07 3.97757e-07 9.39885e-08 2.45873e-07
8.15 3.70337e-07 3.78413e-07 8.99235e-08 2.34168e-07
8.175 3.53015e-07 3.6022e-07 8.60558e-08 2.23138e-07
8.2 3.3669e-07 3.43107e-07 8.23756e-08 2.12741e-07
8.225 3.21297e-07 3.27004e-07 7.88732e-08 2.02939e-07
8.25 3.06776e-07 3.11845e-07 7.55395e-08 1.93692e-07
8.275 2.93069e-07 2.97567e-07 7.23656e-08 1.84966e-07
8.3 2.80124e-07 2.84112e-07 6.93431e-08 1.76728e-07
8.325 2.67889e-07 2.71423e-07 6.64639e-08 1.68944e-07
8.35 2.56315e-07 2.59449e-07 6.37201e-08 1.61584e-07
8.375 2.45357e-07 2.48138e-07 6.11044e-08 1.54621e-07
8.4 2.34973e-07 2.37445e-07 5.86098e-08 1.48028e-07
8.425 2.25122e-07 2.27326e-07 5.62294e-08 1.41778e-07
8.45 2.15765e-07 2.17739e-07 5.3957e-08 1.35848e-07
8.475 2.06868e-07 2.08647e-07 5.17863e-08 1.30217e-07
8.5 1.98397e-07 2.00013e-07 4.97117e-08 1.24862e-07
8.525 1.9032e-07 1.91804e-07 4.77277e-08 1.19766e-07
8.55 1.82609e-07 1.83989e-07 4.58292e-08 1.14909e-07
8.575 1.75235e-07 1.7654e-07 4.40112e-08 1.10275e-07
8.6 1.68175e-07 1.69429e-07 4.22692e-08 1.05849e-07
8.625 1.61404e-07 1.62632e-07 4.0599e-08 1.01615e-07
8.65 1.54901e-07 1.56126e-07 3.89963e-08 9.75611e-08
8.675 1.48647e-07 1.49891e-07 3.74576e-08 9.36742e-08
8.7 1.42623e-07 1.43907e-07 3.59792e-08 8.9943e-08
8.725 1.36814e-07 1.38157e-07 3.45577e-08 8.63573e-08
8.75 1.31203e-07 1.32625e-07 3.31903e-08 8.29075e-08
8.775 1.25779e-07 1.27296e-07 3.18739e-08 7.95849e-08
8.8 1.20529e-07 1.22157e-07 3.06059e-08 7.63815e-08
8.825 1.15443e-07 1.17197e-07 2.93839e-08 7.32902e-08
8.85 1.10513e-07 1.12403e-07 2.82056e-08 7.03045e-08
8.875 1.05729e-07 1.07768e-07 2.70689e-08 6.74184e-08
8.9 1.01086e-07 1.03282e-07 2.59718e-08 6.46267e-08
8.925 9.65785e-08 9.89366e-08 2.49125e-08 6.19246e-08
8.95 9.2201e-08 9.47262e-08 2.38895e-08 5.93078e-08
8.975 8.79503e-08 9.06443e-08 2.29012e-08 5.67728e-08
9 8.38234e-08 8.66857e-08 2.19463e-08 5.4316e-08
9.025 7.98181e-08 8.28456e-08 2.10234e-08 5.19345e-08
9.05 7.59328e-08 7.91203e-08 2.01315e-08 4.96259e-08
9.075 7.21663e-08 7.55061e-08 1.92694e-08 4.73877e-08
9.1 6.85181e-08 7.20001e-08 1.84362e-08 4.52181e-08
9.125 6.49876e-08 6.85999e-08 1.7631e-08 4.31154e-08
9.15 6.15749e-08 6.53034e-08 1.6853e-08 4.10782e-08
9.175 5.82799e-08 6.21087e-08 1.61015e-08 3.91051e-08
9.2 5.51028e-08 5.90145e-08 1.53756e-08 3.71951e-08
9.225 5.20436e-08 5.60196e-08 1.46749e-08 3.53473e-08
9.25 4.91025e-08 5.31229e-08 1.39987e-08 3.35608e-08
9.275 4.62793e-08 5.03237e-08 1.33465e-08 3.18351e-08
9.3 4.35737e-08 4.76213e-08 1.27176e-08 3.01695e-08
9.325 4.09854e-08 4.5015e-08 1.21117e-08 2.85633e-08
9.35 3.85136e-08 4.25043e-08 1.15282e-08 2.70163e-08
9.375 3.61573e-08 4.00888e-08 1.09667e-08 2.55277e-08
9.4 3.39153e-08 3.77678e-08 1.04268e-08 2.40973e-08
9.425 3.17858e-08 3.55409e-08 9.90793e-09 2.27244e-08
9.45 2.97669e-08 3.34074e-08 9.40976e-09 2.14086e-08
9.475 2.78565e-08 3.13666e-08 8.93185e-09 2.01492e-08
9.5 2.6052e-08 2.94177e-08 8.47378e-09 1.89458e-08
9.525 2.43505e-08 2.75599e-08 8.03514e-09 1.77975e-08
9.55 2.27489e-08 2.5792e-08 7.61551e-09 1.67038e-08
9.575 2.12439e-08 2.41129e-08 7.21446e-09 1.56637e-08
9.6 1.9832e-08 2.25213e-08 6.83158e-09 1.46764e-08
9.625 1.85095e-08 2.10155e-08 6.46642e-09 1.3741e-08
9.65 1.72724e-08 1.9594e-08 6.11857e-09 1.28563e-08
9.675 1.61169e-08 1.8255e-08 5.78757e-09 1.20213e-08
9.7 1.50388e-08 1.69964e-08 5.47297e-09 1.12347e-08
9.725 1.40343e-08 1.58161e-08 5.17433e-09 1.04952e-08
9.75 1.30993e-08 1.47118e-08 4.89118e-09 9.80148e-09
9.775 1.22297e-08 1.36811e-08 4.62306e-09 9.15207e-09
9.8 1.14217e-08 1.27214e-08 4.3695e-09 8.54546e-09
9.825 1.06715e-08 1.18302e-08 4.13002e-09 7.98009e-09
9.85 9.97542e-09 1.10045e-08 3.90414e-09 7.45433e-09
9.875 9.33002e-09 1.02417e-08 3.69137e-09 6.96652e-09
9.9 8.73196e-09 9.53872e-09 3.49124e-09 6.51498e-09
9.925 8.17812e-09 8.89269e-09 3.30324e-09 6.09797e-09
9.95 7.66558e-09 8.30062e-09 3.1269e-09 5.71376e-09
9.975 7.19162e-09 7.7595e-09 2.96173e-09 5.36061e-09
10 6.75373e-09 7.26634e-09 2.80722e-09 5.03678e-09
10.025 6.34961e-09 6.81818e-09 2.66291e-09 4.74055e-09
10.05 5.97716e-09 6.41209e-09 2.5283e-09 4.47019e-09
10.075 5.63446e-09 6.04519e-09 2.40291e-09 4.22405e-09
10.1 5.31979e-09 5.71466e-09 2.28627e-09 4.00047e-09
10.125 5.03157e-09 5.41779e-09 2.17791e-09 3.79785e-09
10.15 4.76836e-09 5.15193e-09 2.07736e-09 3.61464e-09
10.175 4.52887e-09 4.91455e-09 1.98417e-09 3.44936e-09
10.2 4.3119e-09 4.70322e-09 1.89789e-09 3.30055e-09
10.225 4.11634e-09 4.51564e-09 1.81808e-09 3.16686e-09
10.25 3.94114e-09 4.34961e-09 1.74431e-09 3.04696e-09
10.275 3.78531e-09 4.20308e-09 1.67616e-09 2.93962e-09
10.3 3.64787e-09 4.07411e-09 1.61324e-09 2.84367e-09
10.325 3.52788e-09 3.96089e-09 1.55513e-09 2.75801e-09
10.35 3.42436e-09 3.86174e-09 1.50147e-09 2.6816e-09
10.375 3.33633e-09 3.7751e-09 1.45187e-09 2.61349e-09
10.4 3.26279e-09 3.69952e-09 1.406e-09 2.55276e-09
10.425 3.2027e-09 3.63368e-09 1.3635e-09 2.49859e-09
10.45 3.15496e-09 3.57636e-09 1.32405e-09 2.45021e-09
10.475 3.11843e-09 3.52643e-09 1.28735e-09 2.40689e-09
10.5 3.09195e-09 3.48287e-09 1.2531e-09 2.36799e-09
10.525 3.07429e-09 3.44475e-09 1.22102e-09 2.33288e-09
10.55 3.06419e-09 3.4112e-09 1.19084e-09 2.30102e-09
10.575 3.06036e-09 3.38144e-09 1.16233e-09 2.27189e-09
10.6 3.06147e-09 3.35475e-09 1.13525e-09 2.245e-09
10.625 3.06622e-09 3.33047e-09 1.10939e-09 2.21993e-09
10.65 3.07326e-09 3.30798e-09 1.08455e-09 2.19626e-09
10.675 3.0813e-09 3.28671e-09 1.06056e-09 2.17363e-09
10.7 3.08906e-09 3.26613e-09 1.03724e-09 2.15169e-09
10.725 3.09529e-09 3.24577e-09 1.01445e-09 2.13011e-09
10.75 3.09883e-09 3.22514e-09 9.92055e-10 2.1086e-09
10.775 3.09856e-09 3.20382e-09 9.69936e-10 2.08688e-09
10.8 3.09348e-09 3.18141e-09 9.4799e-10 2.0647e-09
10.825 3.08268e-09 3.15752e-09 9.26127e-10 2.04182e-09
10.85 3.06534e-09 3.13178e-09 9.0427e-10 2.01803e-09
10.875 3.0408e-09 3.10387e-09 8.82356e-10 1.99311e-09
10.9 3.0085e-09 3.07347e-09 8.60333e-10 1.9669e-09
10.925 2.96804e-09 3.04031e-09 8.38164e-10 1.93923e-09
10.95 2.91915e-09 3.00411e-09 8.15818e-10 1.90996e-09
10.975 2.86169e-09 2.96464e-09 7.93279e-10 1.87896e-09
11 2.79569e-09 2.92172e-09 7.70536e-10 1.84613e-09
11.025 2.7213e-09 2.87518e-09 7.47591e-10 1.81139e-09
11.05 2.63882e-09 2.82488e-09 7.24451e-10 1.77467e-09
11.075 2.54866e-09 2.77074e-09 7.0113e-10 1.73594e-09
11.1 2.45138e-09 2.71271e-09 6.7765e-10 1.69518e-09
11.125 2.34761e-09 2.65077e-09 6.54036e-10 1.65241e-09
11.15 2.23812e-09 2.58498e-09 6.30322e-10 1.60765e-09
11.175 2.12371e-09 2.5154e-09 6.06541e-10 1.56097e-09
11.2 2.00531e-09 2.44216e-09 5.82732e-10 1.51245e-09
11.225 1.88385e-09 2.36544e-09 5.58937e-10 1.46219e-09
11.25 1.76032e-09 2.28544e-09 5.35197e-10 1.41032e-09
11.275 1.63573e-09 2.20244e-09 5.11558e-10 1.357e-09
11.3 1.51108e-09 2.11671e-09 4.88064e-10 1.30239e-09
11.325 1.38738e-09 2.02861e-09 4.64761e-10 1.24668e-09
11.35 1.26558e-09 1.93849e-09 4.41692e-10 1.19009e-09
11.375 1.14661e-09 1.84677e-09 4.18903e-10 1.13284e-09
11.4 1.03134e-09 1.75386e-09 3.96434e-10 1.07515e-09
11.425 9.2056e-10 1.66021e-09 3.74329e-10 1.01727e-09
11.45 8.14985e-10 1.56628e-09 3.52625e-10 9.59454e-10
11.475 7.15241e-10 1.47255e-09 3.3136e-10 9.01956e-10
11.5 6.21856e-10 1.37949e-09 3.1057e-10 8.4503e-10
11.525 5.35255e-10 1.28757e-09 2.90285e-10 7.88928e-10
11.55 4.55758e-10 1.19726e-09 2.70537e-10 7.33898e-10
11.575 3.83574e-10 1.109e-09 2.51352e-10 6.80178e-10
11.6 3.18808e-10 1.02324e-09 2.32754e-10 6.27995e-10
11.625 2.61457e-10 9.40362e-10 2.14765e-10 5.77564e-10
11.65 2.11415e-10 8.60756e-10 1.97404e-10 5.2908e-10
11.675 1.68483e-10 7.84757e-10 1.80687e-10 4.82722e-10
11.7 1.32369e-10 7.12666e-10 1.64628e-10 4.38647e-10
11.725 1.02703e-10 6.44743e-10 1.49237e-10 3.9699e-10
11.75 7.90403e-11 5.81199e-10 1.34522e-10 3.57861e-10
11.775 6.08772e-11 5.22201e-10 1.2049e-10 3.21346e-10
11.8 4.7659e-11 4.67867e-10 1.07145e-10 2.87506e-10
11.825 3.87928e-11 4.18264e-10 9.44879e-11 2.56376e-10
11.85 3.36593e-11 3.73413e-10 8.25185e-11 2.27966e-10
11.875 3.16246e-11 3.33283e-10 7.12347e-11 2.02259e-10
11.9 3.20523e-11 2.97801e-10 6.06324e-11 1.79217e-10
11.925 3.43149e-11 2.66847e-10 5.07058e-11 1.58776e-10
11.95 3.78046e-11 2.40261e-10 4.14477e-11 1.40854e-10
11.975 4.19438e-11 2.17845e-10 3.28494e-11 1.25347e-10
12 4.6194e-11 1.99367e-10 2.49008e-11 1.12134e-10
12.025 5.00644e-11 1.84567e-10 1.75907e-11 1.01079e-10
12.05 5.31186e-11 1.7316e-10 1.09063e-11 9.20331e-11
12.075 5.49809e-11 1.6484e-10 4.8342e-12 8.48373e-11
12.1 5.53404e-11 1.5929e-10 -6.40421e-13 7.93249e-11
12.125 5.39542e-11 1.56182e-10 -5.53326e-12 7.53242e-11
12.15 5.06495e-11 1.55183e-10 -9.86098e-12 7.26611e-11
12.175 4.53233e-11 1.55965e-10 -1.36412e-11 7.11619e-11
12.2 3.79424e-11 1.58203e-10 -1.68923e-11 7.06555e-11
12.225 2.85403e-11 1.61586e-10 -1.96336e-11 7.0976e-11
12.25 1.72145e-11 1.65814e-10 -2.18852e-11 7.19646e-11
12.275 4.12129e-12 1.70612e-10 -2.36679e-11 7.34719e-11
12.3 -1.05291e-11 1.75722e-10 -2.50034e-11 7.53594e-11
12.325 -2.64791e-11 1.80916e-10 -2.59139e-11 7.75011e-11
12.35 -4.34311e-11 1.85991e-10 -2.64224e-11 7.97845e-11
12.375 -6.10546e-11 1.90776e-10 -2.65524e-11 8.2112e-11
12.4 -7.89948e-11 1.9513e-10 -2.63279e-11 8.44009e-11
12.425 -9.68803e-11 1.98942e-10 -2.57735e-11 8.65841e-11
12.45 -1.14332e-10 2.02135e-10 -2.49143e-11 8.86102e-11
12.475 -1.30971e-10 2.04662e-10 -2.37756e-11 9.0443e-11
12.5 -1.46426e-10 2.06505e-10 -2.23829e-11 9.20612e-11
12.525 -1.60344e-10 2.07677e-10 -2.07622e-11 9.34574e-11
12.55 -1.72395e-10 2.08214e-10 -1.89391e-11 9.46375e-11
12.575 -1.82276e-10 2.08178e-10 -1.69397e-11 9.56189e-11
12.6 -1.89723e-10 2.07649e-10 -1.47895e-11 9.64299e-11
12.625 -1.94514e-10 2.06729e-10 -1.25142e-11 9.71074e-11
12.65 -1.9647e-10 2.05531e-10 -1.01388e-11 9.76959e-11
12.675 -1.95461e-10 2.04178e-10 -7.68794e-12 9.82452e-11
12.7 -1.91409e-10 2.02804e-10 -5.18569e-12 9.88093e-11
12.725 -1.8429e-10 2.01544e-10 -2.65537e-12 9.94441e-11
12.75 -1.74129e-10 2.00531e-10 -1.19445e-13 1.00206e-10
12.775 -1.61007e-10 1.99899e-10 2.40057e-12 1.0115e-10
12.8 -1.45053e-10 1.99771e-10 4.88423e-12 1.02327e-10
12.825 -1.26448e-10 2.00261e-10 7.31229e-12 1.03787e-10
12.85 -1.05413e-10 2.01473e-10 9.66675e-12 1.0557e-10
12.875 -8.22154e-11 2.03491e-10 1.1931e-11 1.07711e-10
12.9 -5.71558e-11 2.06386e-10 1.40899e-11 1.10238e-10
12.925 -3.05673e-11 2.10207e-10 1.61298e-11 1.13168e-10
12.95 -2.80848e-12 2.14983e-10 1.80385e-11 1.16511e-10
12.975 2.57426e-11 2.20725e-10 1.98058e-11 1.20265e-10
13 5.46946e-11 2.27417e-10 2.14227e-11 1.2442e-10
13.025 8.36496e-11 2.35027e-10 2.2882e-11 1.28954e-10
13.05 1.12209e-10 2.43498e-10 2.41784e-11 1.33838e-10
13.075 1.39981e-10 2.52754e-10 2.53079e-11 1.39031e-10
13.1 1.66586e-10 2.62701e-10 2.62683e-11 1.44485e-10
13.125 1.91661e-10 2.73227e-10 2.70589e-11 1.50143e-10
13.15 2.14869e-10 2.84205e-10 2.76806e-11 1.55943e-10
13.175 2.35902e-10 2.95494e-10 2.81356e-11 1.61815e-10
13.2 2.54484e-10 3.06944e-10 2.84276e-11 1.67686e-10
13.225 2.70376e-10 3.18396e-10 2.85615e-11 1.73479e-10
13.25 2.83381e-10 3.29686e-10 2.85433e-11 1.79115e-10
13.275 2.93345e-10 3.40647e-10 2.83801e-11 1.84514e-10
13.3 3.0016e-10 3.51115e-10 2.80798e-11 1.89597e-10
13.325 3.03761e-10 3.60927e-10 2.76515e-11 1.94289e-10
13.35 3.04134e-10 3.69927e-10 2.71044e-11 1.98516e-10
13.375 3.01308e-10 3.7797e-10 2.64486e-11 2.02209e-10
13.4 2.95358e-10 3.8492e-10 2.56946e-11 2.05307e-10
13.425 2.86405e-10 3.90655e-10 2.4853e-11 2.07754e-10
13.45 2.74608e-10 3.95071e-10 2.39346e-11 2.09503e-10
13.475 2.60165e-10 3.98081e-10 2.29503e-11 2.10516e-10
13.5 2.4331e-10 3.99616e-10 2.19109e-11 2.10764e-10
13.525 2.24308e-10 3.9963e-10 2.08269e-11 2.10228e-10
13.55 2.03448e-10 3.98094e-10 1.97084e-11 2.08901e-10
13.575 1.81043e-10 3.95006e-10 1.85652e-11 2.06786e-10
13.6 1.57423e-10 3.90382e-10 1.74066e-11 2.03894e-10
13.625 1.32928e-10 3.84261e-10 1.62414e-11 2.00251e-10
13.65 1.07907e-10 3.76703e-10 1.50775e-11 1.9589e-10
13.675 8.27104e-11 3.67789e-10 1.39223e-11 1.90856e-10
13.7 5.7683e-11 3.57617e-10 1.27824e-11 1.852e-10
13.725 3.3163e-11 3.46304e-10 1.16636e-11 1.78984e-10
13.75 9.47541e-12 3.33981e-10 1.0571e-11 1.72276e-10
13.775 -1.30727e-11 3.20796e-10 9.50874e-12 1.65152e-10
13.8 -3.41954e-11 3.06905e-10 8.4804e-12 1.57693e-10
13.825 -5.36322e-11 2.92474e-10 7.48862e-12 1.49981e-10
13.85 -7.1151e-11 2.77677e-10 6.53535e-12 1.42106e-10
13.875 -8.65506e-11 2.6269e-10 5.62182e-12 1.34156e-10
13.9 -9.96636e-11 2.47693e-10 4.7486e-12 1.26221e-10
13.925 -1.10357e-10 2.32863e-10 3.91564e-12 1.18389e-10
13.95 -1.18536e-10 2.18374e-10 3.12236e-12 1.10748e-10
13.975 -1.2414e-10 2.04394e-10 2.36765e-12 1.03381e-10
14 -1.27147e-10 1.91082e-10 1.64999e-12 9.6366e-11
14.025 -1.27572e-10 1.78588e-10 9.67518e-13 8.97777e-11
14.05 -1.25464e-10 1.67048e-10 3.18062e-13 8.36829e-11
14.075 -1.20909e-10 1.56584e-10 -3.00747e-13 7.81415e-11
14.1 -1.14021e-10 1.47302e-10 -8.91427e-13 7.32053e-11
14.125 -1.04949e-10 1.39291e-10 -1.45656e-12 6.89173e-11
14.15 -9.38653e-11 1.32622e-10 -1.99876e-12 6.53117e-11
14.175 -8.09692e-11 1.27346e-10 -2.52054e-12 6.24128e-11
14.2 -6.64801e-11 1.23495e-10 -3.02433e-12 6.02354e-11
14.225 -5.06351e-11 1.21081e-10 -3.51238e-12 5.87845e-11
14.25 -3.36856e-11 1.20097e-10 -3.98674e-12 5.80553e-11
14.275 -1.58932e-11 1.20516e-10 -4.44917e-12 5.80336e-11
14.3 2.47414e-12 1.22293e-10 -4.90117e-12 5.86959e-11
14.325 2.11456e-11 1.25364e-10 -5.3439e-12 6.00101e-11
14.35 3.98515e-11 1.2965e-10 -5.77819e-12 6.19359e-11
14.375 5.8327e-11 1.35055e-10 -6.20454e-12 6.44254e-11
14.4 7.63152e-11 1.41471e-10 -6.62306e-12 6.74242e-11
14.425 9.35711e-11 1.48778e-10 -7.03353e-12 7.0872e-11
14.45 1.09864e-10 1.56843e-10 -7.4354e-12 7.47036e-11
14.475 1.24981e-10 1.65527e-10 -7.82776e-12 7.88498e-11
14.5 1.38729e-10 1.74686e-10 -8.20942e-12 8.32384e-11
14.525 1.50936e-10 1.8417e-10 -8.57891e-12 8.77955e-11
14.55 1.61456e-10 1.93827e-10 -8.93454e-12 9.2446e-11
14.575 1.70167e-10 2.03505e-10 -9.27436e-12 9.71154e-11
14.6 1.76974e-10 2.13056e-10 -9.59632e-12 1.0173e-10
14.625 1.81808e-10 2.22335e-10 -9.89821e-12 1.06218e-10
14.65 1.8463e-10 2.31201e-10 -1.01778e-11 1.10512e-10
14.675 1.85427e-10 2.39526e-10 -1.04327e-11 1.14547e-10
14.7 1.84213e-10 2.47186e-10 -1.06606e-11 1.18263e-10
14.725 1.81029e-10 2.54071e-10 -1.08595e-11 1.21606e-10
14.75 1.75942e-10 2.60084e-10 -1.10272e-11 1.24528e-10
14.775 1.6904e-10 2.65138e-10 -1.11617e-11 1.26988e-10
14.8 1.60438e-10 2.69165e-10 -1.12613e-11 1.28952e-10
14.825 1.50267e-10 2.72107e-10 -1.13246e-11 1.30391e-10
14.85 1.3868e-10 2.73927e-10 -1.13503e-11 1.31288e-10
14.875 1.25844e-10 2.74598e-10 -1.13376e-11 1.3163e-10
14.9 1.11938e-10 2.74115e-10 -1.1286e-11 1.31414e-10
14.925 9.71567e-11 2.72483e-10 -1.11952e-11 1.30644e-10
14.95 8.16987e-11 2.69726e-10 -1.10654e-11 1.29331e-10
14.975 6.57701e-11 2.65883e-10 -1.08972e-11 1.27493e-10
15 4.95798e-11 2.61004e-10 -1.06916e-11 1.25156e-10
15.025 3.33369e-11 2.55156e-10 -1.045e-11 1.22353e-10
15.05 1.7248e-11 2.48414e-10 -1.01742e-11 1.1912e-10
15.075 1.51487e-12 2.40868e-10 -9.86639e-12 1.15501e-10
15.1 -1.3668e-11 2.32615e-10 -9.52903e-12 1.11543e-10
15.125 -2.81157e-11 2.2376e-10 -9.16502e-12 1.07298e-10
15.15 -4.16552e-11 2.14417e-10 -8.77759e-12 1.0282e-10
15.175 -5.41268e-11 2.04702e-10 -8.37024e-12 9.81658e-11
15.2 -6.53863e-11 1.94736e-10 -7.94673e-12 9.33948e-11
15.225 -7.53063e-11 1.84643e-10 -7.51103e-12 8.85661e-11
15.25 -8.37772e-11 1.74546e-10 -7.06733e-12 8.37391e-11
15.275 -9.07086e-11 1.64565e-10 -6.61992e-12 7.89724e-11
15.3 -9.60298e-11 1.5482e-10 -6.17321e-12 7.43234e-11
15.325 -9.96904e-11 1.45426e-10 -5.73164e-12 6.9847e-11
15.35 -1.0166e-10 1.36491e-10 -5.29965e-12 6.55954e-11
15.375 -1.01931e-10 1.28117e-10 -4.88166e-12 6.16174e-11
15.4 -1.00511e-10 1.20397e-10 -4.48197e-12 5.79576e-11
15.425 -9.74338e-11 1.13417e-10 -4.10475e-12 5.46562e-11
15.45 -9.27472e-11 1.07251e-10 -3.75397e-12 5.17483e-11
15.475 -8.65194e-11 1.01961e-10 -3.4334e-12 4.92637e-11
15.5 -7.88354e-11 9.75999e-11 -3.14651e-12 4.72267e-11
15.525 -6.97959e-11 9.42075e-11 -2.89648e-12 4.56555e-11
15.55 -5.9516e-11 9.18113e-11 -2.68615e-12 4.45626e-11
15.575 -4.81235e-11 9.04263e-11 -2.51798e-12 4.39542e-11
15.6 -3.57578e-11 9.00552e-11 -2.39403e-12 4.38306e-11
15.625 -2.25672e-11 9.06882e-11 -2.31593e-12 4.41861e-11
15.65 -8.70805e-12 9.23037e-11 -2.28489e-12 4.50094e-11
15.675 5.65779e-12 9.48683e-11 -2.30164e-12 4.62833e-11
15.7 2.03645e-11 9.83377e-11 -2.36646e-12 4.79856e-11
15.725 3.52444e-11 1.02657e-10 -2.47914e-12 5.00891e-11
15.75 5.01295e-11 1.07763e-10 -2.63902e-12 5.2562e-11
15.775 6.48538e-11 1.13582e-10 -2.84495e-12 5.53685e-11
15.8 7.92546e-11 1.20034e-10 -3.09534e-12 5.84692e-11
15.825 9.31745e-11 1.27031e-10 -3.38816e-12 6.18216e-11
15.85 1.06463e-10 1.34483e-10 -3.72091e-12 6.53808e-11
15.875 1.18978e-10 1.4229e-10 -4.09073e-12 6.90998e-11
15.9 1.30586e-10 1.50355e-10 -4.49435e-12 7.29303e-11
15.925 1.41167e-10 1.58575e-10 -4.92816e-12 7.68234e-11
15.95 1.5061e-10 1.66848e-10 -5.38821e-12 8.07298e-11
15.975 1.58819e-10 1.75071e-10 -5.87028e-12 8.46006e-11
16 1.65712e-10 1.83146e-10 -6.36987e-12 8.83881e-11
16.025 1.71221e-10 1.90974e-10 -6.8823e-12 9.20461e-11
16.05 1.75292e-10 1.98463e-10 -7.40269e-12 9.55301e-11
16.075 1.77888e-10 2.05523e-10 -7.92604e-12 9.87987e-11
16.1 1.78986e-10 2.12073e-10 -8.44724e-12 1.01813e-10
16.125 1.78581e-10 2.18037e-10 -8.96114e-12 1.04538e-10
16.15 1.76681e-10 2.23347e-10 -9.46259e-12 1.06942e-10
16.175 1.73309e-10 2.27943e-10 -9.94646e-12 1.08998e-10
16.2 1.68505e-10 2.31774e-10 -1.04077e-11 1.10683e-10
16.225 1.62322e-10 2.348e-10 -1.08414e-11 1.11979e-10
16.25 1.54826e-10 2.36987e-10 -1.12427e-11 1.12872e-10
16.275 1.46096e-10 2.38316e-10 -1.16071e-11 1.13354e-10
16.3 1.36223e-10 2.38774e-10 -1.19301e-11 1.13422e-10
16.325 1.25309e-10 2.38361e-10 -1.22077e-11 1.13077e-10
16.35 1.13466e-10 2.37087e-10 -1.24361e-11 1.12325e-10
16.375 1.00815e-10 2.34969e-10 -1.26116e-11 1.11179e-10
16.4 8.74823e-11 2.32039e-10 -1.27312e-11 1.09654e-10
16.425 7.36036e-11 2.28335e-10 -1.27919e-11 1.07772e-10
16.45 5.93178e-11 2.23906e-10 -1.27914e-11 1.05557e-10
16.475 4.47681e-11 2.18807e-10 -1.27276e-11 1.0304e-10
16.5 3.01002e-11 2.13104e-10 -1.25988e-11 1.00253e-10
16.525 1.54611e-11 2.06869e-10 -1.24038e-11 9.72326e-11
16.55 9.97986e-13 2.00181e-10 -1.21416e-11 9.40196e-11
16.575 -1.31433e-11 1.93124e-10 -1.1812e-11 9.06562e-11
16.6 -2.68191e-11 1.8579e-10 -1.14148e-11 8.71874e-11
16.625 -3.98894e-11 1.7827e-10 -1.09504e-11 8.366e-11
16.65 -5.22185e-11 1.70665e-10 -1.04198e-11 8.01224e-11
16.675 -6.36763e-11 1.63072e-10 -9.82397e-12 7.66239e-11
16.7 -7.41392e-11 1.55594e-10 -9.16459e-12 7.32147e-11
16.725 -8.34909e-11 1.48333e-10 -8.44355e-12 6.99448e-11
16.75 -9.16233e-11 1.41392e-10 -7.66314e-12 6.68642e-11
16.775 -9.84369e-11 1.3487e-10 -6.82597e-12 6.4022e-11
16.8 -1.03842e-10 1.28868e-10 -5.93494e-12 6.14664e-11
16.825 -1.07758e-10 1.23481e-10 -4.99324e-12 5.92439e-11
16.85 -1.10116e-10 1.18802e-10 -4.00432e-12 5.73991e-11
16.875 -1.10856e-10 1.14921e-10 -2.97187e-12 5.59744e-11
16.9 -1.09932e-10 1.11919e-10 -1.89977e-12 5.50096e-11
16.925 -1.07304e-10 1.09876e-10 -7.92086e-13 5.45418e-11
16.95 -1.02949e-10 1.08862e-10 3.46964e-13 5.46044e-11
16.975 -9.6852e-11 1.08943e-10 1.51304e-12 5.5228e-11
17 -8.90085e-11 1.10177e-10 2.7017e-12 5.64391e-11
17.025 -7.94264e-11 1.12613e-10 3.90846e-12 5.82607e-11
17.05 -6.81238e-11 1.16294e-10 5.12875e-12 6.07115e-11
17.075 -5.5129e-11 1.21255e-10 6.35804e-12 6.38064e-11
17.1 -4.04803e-11 1.2752e-10 7.59177e-12 6.75561e-11
17.125 -2.42255e-11 1.35108e-10 8.82544e-12 7.19668e-11
17.15 -6.42137e-12 1.44027e-10 1.00546e-11 7.70409e-11
17.175 1.28669e-11 1.54278e-10 1.12749e-11 8.27763e-11
17.2 3.35662e-11 1.65851e-10 1.24821e-11 8.91668e-11
17.225 5.55963e-11 1.78732e-10 1.36721e-11 9.6202e-11
17.25 7.88701e-11 1.92895e-10 1.48409e-11 1.03868e-10
17.275 1.03295e-10 2.08307e-10 1.59847e-11 1.12146e-10
17.3 1.28773e-10 2.2493e-10 1.70999e-11 1.21015e-10
17.325 1.55201e-10 2.42715e-10 1.8183e-11 1.30449e-10
17.35 1.82474e-10 2.6161e-10 1.92309e-11 1.4042e-10
17.375 2.10481e-10 2.81552e-10 2.02404e-11 1.50896e-10
17.4 2.39111e-10 3.02476e-10 2.12089e-11 1.61843e-10
17.425 2.68252e-10 3.24311e-10 2.21338e-11 1.73222e-10
17.45 2.97787e-10 3.46979e-10 2.30128e-11 1.84996e-10
17.475 3.27603e-10 3.70399e-10 2.38439e-11 1.97121e-10
17.5 3.57585e-10 3.94487e-10 2.46251e-11 2.09556e-10
17.525 3.87621e-10 4.19154e-10 2.53551e-11 2.22255e-10
17.55 4.17598e-10 4.4431e-10 2.60324e-11 2.35171e-10
17.575 4.47406e-10 4.69861e-10 2.66561e-11 2.48258e-10
17.6 4.7694e-10 4.95713e-10 2.72252e-11 2.61469e-10
17.625 5.06095e-10 5.2177e-10 2.77393e-11 2.74755e-10
17.65 5.3477e-10 5.47937e-10 2.81979e-11 2.88067e-10
17.675 5.62871e-10 5.74117e-10 2.8601e-11 3.01359e-10
17.7 5.90306e-10 6.00216e-10 2.89486e-11 3.14582e-10
17.725 6.16987e-10 6.26139e-10 2.92411e-11 3.2769e-10
17.75 6.42832e-10 6.51795e-10 2.9479e-11 3.40637e-10
17.775 6.67767e-10 6.77092e-10 2.9663e-11 3.53378e-10
17.8 6.91719e-10 7.01944e-10 2.9794e-11 3.65869e-10
17.825 7.14623e-10 7.26265e-10 2.98729e-11 3.78069e-10
17.85 7.3642e-10 7.49973e-10 2.99012e-11 3.89937e-10
17.875 7.57058e-10 7.72992e-10 2.988e-11 4.01436e-10
17.9 7.76487e-10 7.95248e-10 2.9811e-11 4.12529e-10
17.925 7.94668e-10 8.1667e-10 2.96957e-11 4.23183e-10
17.95 8.11564e-10 8.37193e-10 2.95358e-11 4.33364e-10
17.975 8.27147e-10 8.56758e-10 2.93332e-11 4.43046e-10
18 8.41392e-10 8.75309e-10 2.90898e-11 4.52199e-10
18.025 8.54283e-10 8.92794e-10 2.88076e-11 4.60801e-10
18.05 8.65808e-10 9.0917e-10 2.84886e-11 4.68829e-10
18.075 8.75959e-10 9.24395e-10 2.81348e-11 4.76265e-10
18.1 8.84735e-10 9.38435e-10 2.77485e-11 4.83092e-10
18.125 8.92141e-10 9.5126e-10 2.73318e-11 4.89296e-10
18.15 8.98186e-10 9.62846e-10 2.68868e-11 4.94866e-10
18.175 9.02882e-10 9.73172e-10 2.64158e-11 4.99794e-10
18.2 9.06249e-10 9.82226e-10 2.59208e-11 5.04073e-10
18.225 9.08307e-10 9.89998e-10 2.54042e-11 5.07701e-10
18.25 9.09084e-10 9.96483e-10 2.48679e-11 5.10675e-10
18.275 9.08608e-10 1.00168e-09 2.43141e-11 5.12998e-10
18.3 9.06913e-10 1.0056e-09 2.37449e-11 5.14673e-10
18.325 9.04035e-10 1.00825e-09 2.31624e-11 5.15705e-10
18.35 9.00012e-10 1.00964e-09 2.25684e-11 5.16103e-10
18.375 8.94887e-10 1.00979e-09 2.1965e-11 5.15876e-10
18.4 8.88702e-10 1.00872e-09 2.13539e-11 5.15036e-10
18.425 8.81503e-10 1.00646e-09 2.07371e-11 5.13597e-10
18.45 8.73337e-10 1.00303e-09 2.01161e-11 5.11574e-10
18.475 8.64252e-10 9.98473e-10 1.94928e-11 5.08983e-10
18.5 8.54299e-10 9.92815e-10 1.88686e-11 5.05842e-10
18.525 8.43528e-10 9.86095e-10 1.8245e-11 5.0217e-10
18.55 8.3199e-10 9.78354e-10 1.76236e-11 4.97989e-10
18.575 8.19736e-10 9.69631e-10 1.70056e-11 4.93318e-10
18.6 8.06818e-10 9.5997e-10 1.63923e-11 4.88181e-10
18.625 7.93287e-10 9.49417e-10 1.57848e-11 4.82601e-10
18.65 7.79196e-10 9.38016e-10 1.51844e-11 4.766e-10
18.675 7.64594e-10 9.25816e-10 1.4592e-11 4.70204e-10
18.7 7.49533e-10 9.12865e-10 1.40085e-11 4.63437e-10
18.725 7.34061e-10 8.9921e-10 1.34348e-11 4.56322e-10
18.75 7.18228e-10 8.84902e-10 1.28717e-11 4.48887e-10
18.775 7.0208e-10 8.69989e-10 1.23199e-11 4.41154e-10
18.8 6.85664e-10 8.54521e-10 1.178e-11 4.3315e-10
18.825 6.69025e-10 8.38547e-10 1.12526e-11 4.249e-10
18.85 6.52206e-10 8.22115e-10 1.07382e-11 4.16427e-10
18.875 6.3525e-10 8.05274e-10 1.02371e-11 4.07756e-10
18.9 6.18196e-10 7.88072e-10 9.74972e-12 3.98911e-10
18.925 6.01084e-10 7.70555e-10 9.27638e-12 3.89915e-10
18.95 5.8395e-10 7.52768e-10 8.81728e-12 3.80792e-10
18.975 5.66831e-10 7.34756e-10 8.37259e-12 3.71564e-10
19 5.49759e-10 7.16562e-10 7.94245e-12 3.62252e-10
19.025 5.32765e-10 6.98229e-10 7.5269e-12 3.52878e-10
19.05 5.15881e-10 6.79797e-10 7.12598e-12 3.43461e-10
19.075 4.99134e-10 6.61305e-10 6.73966e-12 3.34022e-10
19.1 4.8255e-10 6.4279e-10 6.36787e-12 3.24579e-10
19.125 4.66154e-10 6.24289e-10 6.01051e-12 3.1515e-10
19.15 4.49968e-10 6.05835e-10 5.66744e-12 3.05751e-10
19.175 4.34013e-10 5.87462e-10 5.33848e-12 2.964e-10
19.2 4.18308e-10 5.69199e-10 5.02343e-12 2.87111e-10
19.225 4.02871e-10 5.51076e-10 4.72206e-12 2.77899e-10
19.25 3.87717e-10 5.33121e-10 4.43412e-12 2.68777e-10
19.275 3.7286e-10 5.15358e-10 4.15932e-12 2.59759e-10
19.3 3.58313e-10 4.97812e-10 3.89738e-12 2.50855e-10
19.325 3.44087e-10 4.80504e-10 3.64797e-12 2.42076e-10
19.35 3.30192e-10 4.63456e-10 3.41078e-12 2.33433e-10
19.375 3.16634e-10 4.46684e-10 3.18546e-12 2.24935e-10
19.4 3.03422e-10 4.30207e-10 2.97167e-12 2.16589e-10
19.425 2.90561e-10 4.1404e-10 2.76904e-12 2.08404e-10
19.45 2.78054e-10 3.98196e-10 2.57722e-12 2.00386e-10
19.475 2.65905e-10 3.82687e-10 2.39583e-12 1.92541e-10
19.5 2.54117e-10 3.67525e-10 2.2245e-12 1.84875e-10
19.525 2.42689e-10 3.52717e-10 2.06286e-12 1.7739e-10
19.55 2.31622e-10 3.38273e-10 1.91053e-12 1.70092e-10
19.575 2.20915e-10 3.24199e-10 1.76715e-12 1.62983e-10
19.6 2.10566e-10 3.10499e-10 1.63235e-12 1.56066e-10
19.625 2.00572e-10 2.97178e-10 1.50576e-12 1.49342e-10
19.65 1.9093e-10 2.84239e-10 1.38702e-12 1.42813e-10
19.675 1.81637e-10 2.71682e-10 1.27578e-12 1.36479e-10
19.7 1.72687e-10 2.5951e-10 1.17168e-12 1.30341e-10
19.725 1.64076e-10 2.47721e-10 1.07439e-12 1.24398e-10
19.75 1.55797e-10 2.36314e-10 9.83576e-13 1.18649e-10
19.775 1.47845e-10 2.25288e-10 8.98906e-13 1.13093e-10
19.8 1.40214e-10 2.14639e-10 8.20066e-13 1.07729e-10
19.825 1.32895e-10 2.04363e-10 7.4675e-13 1.02555e-10
19.85 1.25883e-10 1.94457e-10 6.78659e-13 9.75678e-11
19.875 1.19169e-10 1.84915e-10 6.15504e-13 9.27654e-11
19.9 1.12746e-10 1.75732e-10 5.57008e-13 8.81448e-11
19.925 1.06607e-10 1.66903e-10 5.02902e-13 8.37028e-11
19.95 1.00743e-10 1.58419e-10 4.52927e-13 7.94362e-11
19.975 9.51458e-11 1.50276e-10 4.06836e-13 7.53413e-11
20 8.98077e-11 1.42465e-10 3.64391e-13 7.14145e-11
