0 -0.000154591 -0.000174814
0.025 -0.000154591 -0.000174814
0.05 -0.00030869 -0.000349036
0.075 -0.000461805 -0.000522075
0.1 -0.000613447 -0.000693344
0.125 -0.000763134 -0.000862264
0.15 -0.000910387 -0.00102826
0.175 -0.00105474 -0.00119078
0.2 -0.00119572 -0.00134927
0.225 -0.00133289 -0.0015032
0.25 -0.0014658 -0.00165206
0.275 -0.00159403 -0.00179534
0.3 -0.00171716 -0.00193257
0.325 -0.00183481 -0.0020633
0.35 -0.00194659 -0.0021871
0.375 -0.00205214 -0.00230356
0.4 -0.00215112 -0.00241232
0.425 -0.00224321 -0.00251301
0.45 -0.00232812 -0.00260532
0.475 -0.00240556 -0.00268898
0.5 -0.0024753 -0.00276373
0.525 -0.00253709 -0.00282934
0.55 -0.00259075 -0.00288564
0.575 -0.00263609 -0.00293248
0.6 -0.00267298 -0.00296975
0.625 -0.00270129 -0.00299737
0.65 -0.00272094 -0.00301531
0.675 -0.00273186 -0.00302356
0.7 -0.00273403 -0.00302218
0.725 -0.00272744 -0.00301124
0.75 -0.00271213 -0.00299084
0.775 -0.00268815 -0.00296116
0.8 -0.0026556 -0.00292237
0.825 -0.00261459 -0.00287471
0.85 -0.00256528 -0.00281845
0.875 -0.00250786 -0.00275388
0.9 -0.00244252 -0.00268134
0.925 -0.00236952 -0.0026012
0.95 -0.00228911 -0.00251386
0.975 -0.00220161 -0.00241977
1 -0.00210733 -0.00231937
1.025 -0.00200662 -0.00221317
1.05 -0.00189987 -0.00210168
1.075 -0.00178746 -0.00198545
1.1 -0.00166984 -0.00186505
1.125 -0.00154744 -0.00174106
1.15 -0.00142072 -0.0016141
1.175 -0.00129018 -0.00148479
1.2 -0.00115632 -0.00135377
1.225 -0.00101966 -0.00122169
1.25 -0.000880723 -0.00108922
1.275 -0.000740065 -0.00095703
1.3 -0.000598238 -0.000825793
1.325 -0.000455808 -0.00069619
1.35 -0.000313344 -0.0005689
1.375 -0.000171423 -0.000444601
1.4 -3.06215e-05 -0.000323966
1.425 0.000108482 -0.000207659
1.45 0.000245311 -9.63355e-05
1.475 0.000379294 9.36108e-06
1.5 0.000509865 0.000108803
1.525 0.000636466 0.000201379
1.55 0.00075855 0.000286499
1.575 0.000875583 0.000363593
1.6 0.000987045 0.000432117
1.625 0.00109243 0.000491552
1.65 0.00119127 0.000541409
1.675 0.00128308 0.000581229
1.7 0.00136742 0.000610585
1.725 0.0014439 0.000629083
1.75 0.0015121 0.000636368
1.775 0.00157168 0.000632119
1.8 0.00162229 0.000616055
1.825 0.00166364 0.000587935
1.85 0.00169545 0.000547557
1.875 0.0017175 0.000494764
1.9 0.00172957 0.000429439
1.925 0.0017315 0.000351508
1.95 0.00172316 0.000260942
1.975 0.00170446 0.000157754
2 0.00167533 4.20013e-05
2.025 0.00163575 -8.62147e-05
2.05 0.00158575 -0.00022675
2.075 0.00152537 -0.000379417
2.1 0.00145472 -0.000543987
2.125 0.00137391 -0.000720188
2.15 0.00128311 -0.00090771
2.175 0.00118252 -0.0011062
2.2 0.00107238 -0.00131527
2.225 0.00095296 -0.0015345
2.25 0.00082456 -0.00176342
2.275 0.000687515 -0.00200154
2.3 0.000542189 -0.00224834
2.325 0.000388977 -0.00250325
2.35 0.000228299 -0.0027657
2.375 6.06025e-05 -0.00303507
2.4 -0.000113643 -0.00331073
2.425 -0.000293946 -0.00359204
2.45 -0.000479795 -0.00387831
2.475 -0.000670659 -0.00416886
2.5 -0.000865994 -0.00446299
2.525 -0.00106524 -0.00475999
2.55 -0.00126783 -0.00505912
2.575 -0.00147319 -0.00535967
2.6 -0.00168073 -0.00566091
2.625 -0.00188985 -0.00596209
2.65 -0.00209998 -0.0062625
2.675 -0.00231052 -0.0065614
2.7 -0.00252089 -0.00685808
2.725 -0.00273049 -0.00715183
2.75 -0.00293876 -0.00744194
2.775 -0.00314512 -0.00772773
2.8 -0.00334903 -0.00800854
2.825 -0.00354995 -0.00828371
2.85 -0.00374733 -0.00855261
2.875 -0.00394069 -0.00881465
2.9 -0.00412952 -0.00906922
2.925 -0.00431336 -0.00931578
2.95 -0.00449176 -0.00955379
2.975 -0.00466429 -0.00978275
3 -0.00483056 -0.0100022
3.025 -0.00499018 -0.0102117
3.05 -0.00514282 -0.0104108
3.075 -0.00528815 -0.0105992
3.1 -0.00542588 -0.0107765
3.125 -0.00555574 -0.0109424
3.15 -0.00567752 -0.0110967
3.175 -0.00579099 -0.0112391
3.2 -0.00589599 -0.0113694
3.225 -0.00599237 -0.0114874
3.25 -0.00608002 -0.0115931
3.275 -0.00615885 -0.0116863
3.3 -0.00622881 -0.011767
3.325 -0.00628988 -0.0118351
3.35 -0.00634205 -0.0118907
3.375 -0.00638535 -0.0119338
3.4 -0.00641984 -0.0119646
3.425 -0.00644561 -0.011983
3.45 -0.00646275 -0.0119893
3.475 -0.0064714 -0.0119836
3.5 -0.00647172 -0.0119661
3.525 -0.00646387 -0.011937
3.55 -0.00644806 -0.0118967
3.575 -0.00642449 -0.0118453
3.6 -0.0063934 -0.0117832
3.625 -0.00635504 -0.0117106
3.65 -0.00630967 -0.011628
3.675 -0.00625756 -0.0115356
3.7 -0.00619901 -0.0114339
3.725 -0.00613431 -0.0113232
3.75 -0.00606378 -0.011204
3.775 -0.00598771 -0.0110766
3.8 -0.00590644 -0.0109414
3.825 -0.0058203 -0.010799
3.85 -0.0057296 -0.0106496
3.875 -0.00563469 -0.0104938
3.9 -0.00553589 -0.010332
3.925 -0.00543354 -0.0101647
3.95 -0.00532797 -0.00999219
3.975 -0.00521949 -0.00981504
4 -0.00510844 -0.00963364
4.025 -0.00499514 -0.00944845
4.05 -0.00487989 -0.00925988
4.075 -0.00476301 -0.00906836
4.1 -0.00464478 -0.0088743
4.125 -0.0045255 -0.00867812
4.15 -0.00440545 -0.0084802
4.175 -0.00428489 -0.00828094
4.2 -0.0041641 -0.00808071
4.225 -0.00404332 -0.00787988
4.25 -0.00392278 -0.0076788
4.275 -0.00380272 -0.0074778
4.3 -0.00368335 -0.00727722
4.325 -0.00356487 -0.00707735
4.35 -0.00344748 -0.0068785
4.375 -0.00333135 -0.00668095
4.4 -0.00321665 -0.00648496
4.425 -0.00310353 -0.00629079
4.45 -0.00299215 -0.00609867
4.475 -0.00288262 -0.00590882
4.5 -0.00277506 -0.00572144
4.525 -0.00266959 -0.00553673
4.55 -0.0025663 -0.00535486
4.575 -0.00246528 -0.00517599
4.6 -0.00236659 -0.00500027
4.625 -0.0022703 -0.00482782
4.65 -0.00217647 -0.00465877
4.675 -0.00208514 -0.00449321
4.7 -0.00199634 -0.00433125
4.725 -0.00191009 -0.00417294
4.75 -0.00182643 -0.00401837
4.775 -0.00174534 -0.00386757
4.8 -0.00166685 -0.00372061
4.825 -0.00159093 -0.00357749
4.85 -0.00151759 -0.00343825
4.875 -0.00144679 -0.0033029
4.9 -0.00137852 -0.00317143
4.925 -0.00131276 -0.00304384
4.95 -0.00124945 -0.00292012
4.975 -0.00118858 -0.00280023
5 -0.00113009 -0.00268414
5.025 -0.00107394 -0.00257183
5.05 -0.00102008 -0.00246324
5.075 -0.000968462 -0.00235833
5.1 -0.00091903 -0.00225704
5.125 -0.000871729 -0.00215931
5.15 -0.000826502 -0.00206508
5.175 -0.000783289 -0.00197428
5.2 -0.000742032 -0.00188684
5.225 -0.000702669 -0.00180269
5.25 -0.000665139 -0.00172175
5.275 -0.000629382 -0.00164394
5.3 -0.000595335 -0.00156919
5.325 -0.000562938 -0.00149741
5.35 -0.000532129 -0.00142852
5.375 -0.000502849 -0.00136243
5.4 -0.000475037 -0.00129908
5.425 -0.000448634 -0.00123836
5.45 -0.000423584 -0.0011802
5.475 -0.000399829 -0.00112452
5.5 -0.000377314 -0.00107124
5.525 -0.000355983 -0.00102026
5.55 -0.000335786 -0.000971514
5.575 -0.000316669 -0.000924921
5.6 -0.000298583 -0.000880401
5.625 -0.000281479 -0.000837877
5.65 -0.000265311 -0.000797274
5.675 -0.000250033 -0.000758517
5.7 -0.0002356 -0.000721535
5.725 -0.000221972 -0.000686257
5.75 -0.000209107 -0.000652614
5.775 -0.000196965 -0.00062054
5.8 -0.00018551 -0.000589968
5.825 -0.000174706 -0.000560837
5.85 -0.000164518 -0.000533084
5.875 -0.000154913 -0.000506651
5.9 -0.00014586 -0.00048148
5.925 -0.000137328 -0.000457515
5.95 -0.000129289 -0.000434704
5.975 -0.000121716 -0.000412994
6 -0.000114583 -0.000392336
6.025 -0.000107865 -0.000372682
6.05 -0.000101538 -0.000353986
6.075 -9.55807e-05 -0.000336204
6.1 -8.99716e-05 -0.000319294
6.125 -8.46907e-05 -0.000303214
6.15 -7.97191e-05 -0.000287925
6.175 -7.5039e-05 -0.000273391
6.2 -7.06333e-05 -0.000259575
6.225 -6.6486e-05 -0.000246444
6.25 -6.25821e-05 -0.000233964
6.275 -5.89072e-05 -0.000222103
6.3 -5.5448e-05 -0.000210834
6.325 -5.21916e-05 -0.000200125
6.35 -4.91262e-05 -0.000189951
6.375 -4.62405e-05 -0.000180285
6.4 -4.35238e-05 -0.000171103
6.425 -4.09662e-05 -0.000162381
6.45 -3.85583e-05 -0.000154096
6.475 -3.62912e-05 -0.000146227
6.5 -3.41566e-05 -0.000138754
6.525 -3.21467e-05 -0.000131656
6.55 -3.02541e-05 -0.000124916
6.575 -2.84719e-05 -0.000118516
6.6 -2.67936e-05 -0.000112439
6.625 -2.52132e-05 -0.000106669
6.65 -2.37247e-05 -0.000101192
6.675 -2.2323e-05 -9.59915e-05
6.7 -2.10028e-05 -9.10552e-05
6.725 -1.97595e-05 -8.63697e-05
6.75 -1.85886e-05 -8.19226e-05
6.775 -1.74858e-05 -7.77021e-05
6.8 -1.64472e-05 -7.3697e-05
6.825 -1.54691e-05 -6.98966e-05
6.85 -1.45479e-05 -6.62907e-05
6.875 -1.36805e-05 -6.28697e-05
6.9 -1.28636e-05 -5.96245e-05
6.925 -1.20944e-05 -5.65462e-05
6.95 -1.13702e-05 -5.36266e-05
6.975 -1.06884e-05 -5.08579e-05
7 -1.00465e-05 -4.82323e-05
7.025 -9.44227e-06 -4.57429e-05
7.05 -8.87354e-06 -4.33829e-05
7.075 -8.3383e-06 -4.11456e-05
7.1 -7.83461e-06 -3.9025e-05
7.125 -7.3607e-06 -3.70153e-05
7.15 -6.91484e-06 -3.51107e-05
7.175 -6.49545e-06 -3.3306e-05
7.2 -6.10101e-06 -3.15962e-05
7.225 -5.73008e-06 -2.99764e-05
7.25 -5.38133e-06 -2.8442e-05
7.275 -5.05349e-06 -2.69886e-05
7.3 -4.74534e-06 -2.56121e-05
7.325 -4.45577e-06 -2.43086e-05
7.35 -4.18369e-06 -2.30742e-05
7.375 -3.92811e-06 -2.19053e-05
7.4 -3.68805e-06 -2.07986e-05
7.425 -3.46263e-06 -1.97508e-05
7.45 -3.25098e-06 -1.87587e-05
7.475 -3.0523e-06 -1.78195e-05
7.5 -2.86584e-06 -1.69303e-05
7.525 -2.69087e-06 -1.60885e-05
7.55 -2.52671e-06 -1.52915e-05
7.575 -2.37273e-06 -1.45369e-05
7.6 -2.22831e-06 -1.38224e-05
7.625 -2.09289e-06 -1.31459e-05
7.65 -1.96593e-06 -1.25052e-05
7.675 -1.84691e-06 -1.18985e-05
7.7 -1.73536e-06 -1.13238e-05
7.725 -1.63081e-06 -1.07794e-05
7.75 -1.53285e-06 -1.02635e-05
7.775 -1.44107e-06 -9.77471e-06
7.8 -1.35508e-06 -9.31141e-06
7.825 -1.27452e-06 -8.87219e-06
7.85 -1.19907e-06 -8.4557e-06
7.875 -1.12839e-06 -8.06066e-06
7.9 -1.06219e-06 -7.68588e-06
7.925 -1.00019e-06 -7.33022e-06
7.95 -9.42107e-07 -6.99258e-06
7.975 -8.87705e-07 -6.67197e-06
8 -8.36743e-07 -6.36741e-06
8.025 -7.88999e-07 -6.078e-06
8.05 -7.44265e-07 -5.8029e-06
8.075 -7.02343e-07 -5.54129e-06
8.1 -6.63051e-07 -5.29243e-06
8.125 -6.26214e-07 -5.05559e-06
8.15 -5.91672e-07 -4.83011e-06
8.175 -5.59272e-07 -4.61535e-06
8.2 -5.2887e-07 -4.41073e-06
8.225 -5.00335e-07 -4.21568e-06
8.25 -4.7354e-07 -4.02969e-06
8.275 -4.48368e-07 -3.85225e-06
8.3 -4.24711e-07 -3.68292e-06
8.325 -4.02466e-07 -3.52124e-06
8.35 -3.81537e-07 -3.36683e-06
8.375 -3.61836e-07 -3.21928e-06
8.4 -3.43279e-07 -3.07826e-06
8.425 -3.25789e-07 -2.94341e-06
8.45 -3.09293e-07 -2.81442e-06
8.475 -2.93726e-07 -2.691e-06
8.5 -2.79024e-07 -2.57287e-06
8.525 -2.6513e-07 -2.45976e-06
8.55 -2.51989e-07 -2.35143e-06
8.575 -2.39552e-07 -2.24766e-06
8.6 -2.27773e-07 -2.14822e-06
8.625 -2.16609e-07 -2.05292e-06
8.65 -2.06019e-07 -1.96155e-06
8.675 -1.95969e-07 -1.87395e-06
8.7 -1.86423e-07 -1.78994e-06
8.725 -1.77351e-07 -1.70937e-06
8.75 -1.68724e-07 -1.63209e-06
8.775 -1.60514e-07 -1.55795e-06
8.8 -1.52698e-07 -1.48682e-06
8.825 -1.45252e-07 -1.41859e-06
8.85 -1.38156e-07 -1.35313e-06
8.875 -1.3139e-07 -1.29032e-06
8.9 -1.24938e-07 -1.23008e-06
8.925 -1.18781e-07 -1.17229e-06
8.95 -1.12905e-07 -1.11686e-06
8.975 -1.07296e-07 -1.06371e-06
9 -1.0194e-07 -1.01274e-06
9.025 -9.68261e-08 -9.63892e-07
9.05 -9.19425e-08 -9.17073e-07
9.075 -8.72787e-08 -8.72215e-07
9.1 -8.28249e-08 -8.29249e-07
9.125 -7.85719e-08 -7.88109e-07
9.15 -7.45111e-08 -7.48732e-07
9.175 -7.06344e-08 -7.11059e-07
9.2 -6.69341e-08 -6.75029e-07
9.225 -6.3403e-08 -6.40589e-07
9.25 -6.00342e-08 -6.07685e-07
9.275 -5.68211e-08 -5.76264e-07
9.3 -5.37575e-08 -5.46277e-07
9.325 -5.08374e-08 -5.17675e-07
9.35 -4.8055e-08 -4.90412e-07
9.375 -4.54048e-08 -4.64443e-07
9.4 -4.28815e-08 -4.39722e-07
9.425 -4.048e-08 -4.16207e-07
9.45 -3.81952e-08 -3.93855e-07
9.475 -3.60224e-08 -3.72626e-07
9.5 -3.3957e-08 -3.52479e-07
9.525 -3.19944e-08 -3.33376e-07
9.55 -3.01304e-08 -3.15276e-07
9.575 -2.83606e-08 -2.98143e-07
9.6 -2.6681e-08 -2.81939e-07
9.625 -2.50877e-08 -2.66628e-07
9.65 -2.35768e-08 -2.52174e-07
9.675 -2.21447e-08 -2.38541e-07
9.7 -2.07877e-08 -2.25695e-07
9.725 -1.95026e-08 -2.13602e-07
9.75 -1.82858e-08 -2.02228e-07
9.775 -1.71344e-08 -1.91541e-07
9.8 -1.60452e-08 -1.81508e-07
9.825 -1.50153e-08 -1.72098e-07
9.85 -1.40419e-08 -1.63279e-07
9.875 -1.31223e-08 -1.55022e-07
9.9 -1.2254e-08 -1.47297e-07
9.925 -1.14344e-08 -1.40075e-07
9.95 -1.06612e-08 -1.33328e-07
9.975 -9.93217e-09 -1.27028e-07
10 -9.24522e-09 -1.21149e-07
10.025 -8.59827e-09 -1.15665e-07
10.05 -7.9894e-09 -1.10551e-07
10.075 -7.41676e-09 -1.05783e-07
10.1 -6.87858e-09 -1.01338e-07
10.125 -6.37319e-09 -9.71925e-08
10.15 -5.89898e-09 -9.33258e-08
10.175 -5.45444e-09 -8.97173e-08
10.2 -5.03809e-09 -8.63471e-08
10.225 -4.64855e-09 -8.31966e-08
10.25 -4.28448e-09 -8.0248e-08
10.275 -3.9446e-09 -7.74843e-08
10.3 -3.62768e-09 -7.48898e-08
10.325 -3.33255e-09 -7.24494e-08
10.35 -3.05807e-09 -7.0149e-08
10.375 -2.80315e-09 -6.79755e-08
10.4 -2.56674e-09 -6.59166e-08
10.425 -2.34781e-09 -6.3961e-08
10.45 -2.14539e-09 -6.20981e-08
10.475 -1.95853e-09 -6.03184e-08
10.5 -1.78631e-09 -5.86129e-08
10.525 -1.62785e-09 -5.69736e-08
10.55 -1.4823e-09 -5.53933e-08
10.575 -1.34882e-09 -5.38652e-08
10.6 -1.22662e-09 -5.23837e-08
10.625 -1.11492e-09 -5.09433e-08
10.65 -1.013e-09 -4.95396e-08
10.675 -9.20147e-10 -4.81686e-08
10.7 -8.3567e-10 -4.68267e-08
10.725 -7.58923e-10 -4.5511e-08
10.75 -6.89287e-10 -4.42191e-08
10.775 -6.2617e-10 -4.29489e-08
10.8 -5.69013e-10 -4.16987e-08
10.825 -5.1729e-10 -4.04673e-08
10.85 -4.70501e-10 -3.92537e-08
10.875 -4.28183e-10 -3.80571e-08
10.9 -3.89902e-10 -3.68772e-08
10.925 -3.55253e-10 -3.57138e-08
10.95 -3.23865e-10 -3.45667e-08
10.975 -2.95397e-10 -3.34362e-08
11 -2.69535e-10 -3.23224e-08
11.025 -2.45997e-10 -3.12257e-08
11.05 -2.24525e-10 -3.01466e-08
11.075 -2.04891e-10 -2.90855e-08
11.1 -1.8689e-10 -2.80429e-08
11.125 -1.70342e-10 -2.70193e-08
11.15 -1.55088e-10 -2.60152e-08
11.175 -1.40989e-10 -2.50312e-08
11.2 -1.27927e-10 -2.40676e-08
11.225 -1.15799e-10 -2.3125e-08
11.25 -1.04516e-10 -2.22035e-08
11.275 -9.40032e-11 -2.13036e-08
11.3 -8.41974e-11 -2.04254e-08
11.325 -7.50436e-11 -1.95692e-08
11.35 -6.64943e-11 -1.8735e-08
11.375 -5.85079e-11 -1.79227e-08
11.4 -5.10466e-11 -1.71324e-08
11.425 -4.40749e-11 -1.63639e-08
11.45 -3.75587e-11 -1.5617e-08
11.475 -3.14634e-11 -1.48914e-08
11.5 -2.5753e-11 -1.41867e-08
11.525 -2.03894e-11 -1.35027e-08
11.55 -1.53314e-11 -1.28388e-08
11.575 -1.05342e-11 -1.21945e-08
11.6 -5.94888e-12 -1.15694e-08
11.625 -1.52251e-12 -1.09629e-08
11.65 2.80222e-12 -1.03744e-08
11.675 7.08669e-12 -9.80326e-09
11.7 1.1396e-11 -9.24896e-09
11.725 1.57988e-11 -8.71086e-09
11.75 2.03661e-11 -8.18839e-09
11.775 2.51712e-11 -7.68094e-09
11.8 3.02884e-11 -7.18796e-09
11.825 3.57921e-11 -6.70891e-09
11.85 4.17562e-11 -6.24327e-09
11.875 4.82522e-11 -5.79057e-09
11.9 5.53491e-11 -5.35036e-09
11.925 6.31115e-11 -4.92224e-09
11.95 7.15988e-11 -4.50586e-09
11.975 8.0864e-11 -4.10092e-09
12 9.09529e-11 -3.70714e-09
12.025 1.01903e-10 -3.32431e-09
12.05 1.13742e-10 -2.95228e-09
12.075 1.26488e-10 -2.59093e-09
12.1 1.40148e-10 -2.24018e-09
12.125 1.54718e-10 -1.90002e-09
12.15 1.70182e-10 -1.57047e-09
12.175 1.86512e-10 -1.25159e-09
12.2 2.03668e-10 -9.43475e-10
12.225 2.21598e-10 -6.46272e-10
12.25 2.40236e-10 -3.6014e-10
12.275 2.59507e-10 -8.52719e-11
12.3 2.79323e-10 1.78119e-10
12.325 2.99585e-10 4.29803e-10
12.35 3.20187e-10 6.69539e-10
12.375 3.41011e-10 8.97076e-10
12.4 3.61932e-10 1.11216e-09
12.425 3.82819e-10 1.31456e-09
12.45 4.03536e-10 1.50402e-09
12.475 4.23941e-10 1.68032e-09
12.5 4.43892e-10 1.84326e-09
12.525 4.63243e-10 1.99265e-09
12.55 4.81851e-10 2.12834e-09
12.575 4.99574e-10 2.25021e-09
12.6 5.16273e-10 2.35817e-09
12.625 5.31815e-10 2.45217e-09
12.65 5.46075e-10 2.53222e-09
12.675 5.58933e-10 2.59834e-09
12.7 5.70283e-10 2.65064e-09
12.725 5.80026e-10 2.68926e-09
12.75 5.88078e-10 2.71438e-09
12.775 5.94369e-10 2.72626e-09
12.8 5.98842e-10 2.72519e-09
12.825 6.01456e-10 2.71153e-09
12.85 6.02188e-10 2.68569e-09
12.875 6.0103e-10 2.64813e-09
12.9 5.97993e-10 2.59936e-09
12.925 5.93107e-10 2.53995e-09
12.95 5.86417e-10 2.47051e-09
12.975 5.77991e-10 2.3917e-09
13 5.67911e-10 2.30423e-09
13.025 5.56279e-10 2.20883e-09
13.05 5.43214e-10 2.1063e-09
13.075 5.28851e-10 1.99744e-09
13.1 5.13342e-10 1.8831e-09
13.125 4.96855e-10 1.76415e-09
13.15 4.7957e-10 1.64148e-09
13.175 4.61681e-10 1.516e-09
13.2 4.43395e-10 1.38863e-09
13.225 4.24927e-10 1.26029e-09
13.25 4.06503e-10 1.13193e-09
13.275 3.88354e-10 1.00446e-09
13.3 3.70719e-10 8.78807e-10
13.325 3.53839e-10 7.55882e-10
13.35 3.37959e-10 6.36576e-10
13.375 3.23323e-10 5.21762e-10
13.4 3.10176e-10 4.12287e-10
13.425 2.98759e-10 3.08968e-10
13.45 2.89306e-10 2.12589e-10
13.475 2.8205e-10 1.23894e-10
13.5 2.7721e-10 4.35906e-11
13.525 2.75002e-10 -2.76626e-11
13.55 2.75625e-10 -8.92521e-11
13.575 2.79269e-10 -1.40615e-10
13.6 2.86111e-10 -1.81243e-10
13.625 2.9631e-10 -2.10679e-10
13.65 3.10011e-10 -2.28526e-10
13.675 3.27341e-10 -2.34445e-10
13.7 3.4841e-10 -2.28154e-10
13.725 3.73309e-10 -2.09433e-10
13.75 4.02109e-10 -1.78123e-10
13.775 4.34861e-10 -1.34125e-10
13.8 4.71597e-10 -7.74012e-11
13.825 5.12326e-10 -7.97295e-12
13.85 5.5704e-10 7.4078e-11
13.875 6.05708e-10 1.68612e-10
13.9 6.58278e-10 2.75432e-10
13.925 7.1468e-10 3.94288e-10
13.95 7.74823e-10 5.24874e-10
13.975 8.38597e-10 6.66834e-10
14 9.05873e-10 8.19764e-10
14.025 9.76505e-10 9.83214e-10
14.05 1.05033e-09 1.15669e-09
14.075 1.12717e-09 1.33966e-09
14.1 1.20682e-09 1.53155e-09
14.125 1.28909e-09 1.73175e-09
14.15 1.37375e-09 1.93964e-09
14.175 1.46056e-09 2.15454e-09
14.2 1.54929e-09 2.37577e-09
14.225 1.63968e-09 2.60263e-09
14.25 1.73147e-09 2.83439e-09
14.275 1.82439e-09 3.07032e-09
14.3 1.91818e-09 3.30967e-09
14.325 2.01256e-09 3.55168e-09
14.35 2.10725e-09 3.7956e-09
14.375 2.20198e-09 4.04069e-09
14.4 2.29646e-09 4.28618e-09
14.425 2.39042e-09 4.53134e-09
14.45 2.48359e-09 4.77543e-09
14.475 2.5757e-09 5.01774e-09
14.5 2.66648e-09 5.25755e-09
14.525 2.75568e-09 5.49419e-09
14.55 2.84304e-09 5.72698e-09
14.575 2.92833e-09 5.95529e-09
14.6 3.01132e-09 6.17851e-09
14.625 3.09177e-09 6.39603e-09
14.65 3.16949e-09 6.6073e-09
14.675 3.24426e-09 6.8118e-09
14.7 3.31591e-09 7.00902e-09
14.725 3.38425e-09 7.19851e-09
14.75 3.44914e-09 7.37982e-09
14.775 3.51041e-09 7.55256e-09
14.8 3.56794e-09 7.71639e-09
14.825 3.62161e-09 7.87096e-09
14.85 3.67131e-09 8.01599e-09
14.875 3.71695e-09 8.15124e-09
14.9 3.75846e-09 8.27649e-09
14.925 3.79578e-09 8.39155e-09
14.95 3.82885e-09 8.49629e-09
14.975 3.85765e-09 8.59061e-09
15 3.88215e-09 8.67441e-09
15.025 3.90235e-09 8.74768e-09
15.05 3.91827e-09 8.8104e-09
15.075 3.92991e-09 8.86259e-09
15.1 3.93731e-09 8.90432e-09
15.125 3.94052e-09 8.93567e-09
15.15 3.93959e-09 8.95676e-09
15.175 3.93459e-09 8.96772e-09
15.2 3.9256e-09 8.96873e-09
15.225 3.91271e-09 8.95998e-09
15.25 3.896e-09 8.94167e-09
15.275 3.87559e-09 8.91405e-09
15.3 3.85159e-09 8.87737e-09
15.325 3.82412e-09 8.83191e-09
15.35 3.7933e-09 8.77795e-09
15.375 3.75926e-09 8.71579e-09
15.4 3.72214e-09 8.64576e-09
15.425 3.68208e-09 8.56818e-09
15.45 3.63923e-09 8.4834e-09
15.475 3.59374e-09 8.39175e-09
15.5 3.54574e-09 8.29359e-09
15.525 3.49541e-09 8.18928e-09
15.55 3.44288e-09 8.07919e-09
15.575 3.38832e-09 7.96368e-09
15.6 3.33188e-09 7.84313e-09
15.625 3.27371e-09 7.71789e-09
15.65 3.21396e-09 7.58833e-09
15.675 3.1528e-09 7.45483e-09
15.7 3.09036e-09 7.31773e-09
15.725 3.0268e-09 7.17741e-09
15.75 2.96226e-09 7.0342e-09
15.775 2.89688e-09 6.88846e-09
15.8 2.8308e-09 6.74053e-09
15.825 2.76417e-09 6.59072e-09
15.85 2.6971e-09 6.43938e-09
15.875 2.62973e-09 6.2868e-09
15.9 2.56217e-09 6.1333e-09
15.925 2.49456e-09 5.97916e-09
15.95 2.427e-09 5.82467e-09
15.975 2.3596e-09 5.6701e-09
16 2.29247e-09 5.5157e-09
16.025 2.2257e-09 5.36174e-09
16.05 2.15938e-09 5.20844e-09
16.075 2.09362e-09 5.05602e-09
16.1 2.02848e-09 4.90471e-09
16.125 1.96406e-09 4.75469e-09
16.15 1.90041e-09 4.60617e-09
16.175 1.83761e-09 4.45931e-09
16.2 1.77573e-09 4.31428e-09
16.225 1.71481e-09 4.17123e-09
16.25 1.65492e-09 4.0303e-09
16.275 1.5961e-09 3.89163e-09
16.3 1.53839e-09 3.75532e-09
16.325 1.48183e-09 3.62148e-09
16.35 1.42647e-09 3.49022e-09
16.375 1.37231e-09 3.36161e-09
16.4 1.3194e-09 3.23573e-09
16.425 1.26776e-09 3.11265e-09
16.45 1.21739e-09 2.99241e-09
16.475 1.16832e-09 2.87508e-09
16.5 1.12056e-09 2.76068e-09
16.525 1.07411e-09 2.64925e-09
16.55 1.02898e-09 2.5408e-09
16.575 9.85162e-10 2.43536e-09
16.6 9.42662e-10 2.33292e-09
16.625 9.01472e-10 2.23349e-09
16.65 8.61585e-10 2.13705e-09
16.675 8.22992e-10 2.04361e-09
16.7 7.8568e-10 1.95313e-09
16.725 7.49636e-10 1.8656e-09
16.75 7.14843e-10 1.78098e-09
16.775 6.81284e-10 1.69925e-09
16.8 6.4894e-10 1.62036e-09
16.825 6.1779e-10 1.54428e-09
16.85 5.87813e-10 1.47096e-09
16.875 5.58985e-10 1.40035e-09
16.9 5.31282e-10 1.3324e-09
16.925 5.04679e-10 1.26706e-09
16.95 4.79152e-10 1.20428e-09
16.975 4.54672e-10 1.14399e-09
17 4.31214e-10 1.08614e-09
17.025 4.08751e-10 1.03067e-09
17.05 3.87253e-10 9.77516e-10
17.075 3.66695e-10 9.26615e-10
17.1 3.47048e-10 8.77905e-10
17.125 3.28283e-10 8.31323e-10
17.15 3.10373e-10 7.86805e-10
17.175 2.9329e-10 7.44287e-10
17.2 2.77006e-10 7.03706e-10
17.225 2.61494e-10 6.64998e-10
17.25 2.46725e-10 6.281e-10
17.275 2.32674e-10 5.92949e-10
17.3 2.19313e-10 5.59484e-10
17.325 2.06616e-10 5.27643e-10
17.35 1.94559e-10 4.97366e-10
17.375 1.83114e-10 4.68593e-10
17.4 1.72258e-10 4.41267e-10
17.425 1.61967e-10 4.1533e-10
17.45 1.52216e-10 3.90725e-10
17.475 1.42983e-10 3.67399e-10
17.5 1.34245e-10 3.45297e-10
17.525 1.25981e-10 3.24368e-10
17.55 1.18169e-10 3.04561e-10
17.575 1.10789e-10 2.85826e-10
17.6 1.0382e-10 2.68115e-10
17.625 9.7244e-11 2.51382e-10
17.65 9.10415e-11 2.35581e-10
17.675 8.51948e-11 2.20669e-10
17.7 7.96863e-11 2.06603e-10
17.725 7.44994e-11 1.93344e-10
17.75 6.96178e-11 1.80851e-10
17.775 6.50262e-11 1.69086e-10
17.8 6.07095e-11 1.58014e-10
17.825 5.66535e-11 1.47598e-10
17.85 5.28443e-11 1.37805e-10
17.875 4.92689e-11 1.28603e-10
17.9 4.59147e-11 1.19961e-10
17.925 4.27695e-11 1.11848e-10
17.95 3.98219e-11 1.04237e-10
17.975 3.70609e-11 9.70992e-11
18 3.44759e-11 9.04098e-11
18.025 3.2057e-11 8.41433e-11
18.05 2.97946e-11 7.82762e-11
18.075 2.76797e-11 7.27856e-11
18.1 2.57036e-11 6.765e-11
18.125 2.38581e-11 6.28489e-11
18.15 2.21355e-11 5.83627e-11
18.175 2.05283e-11 5.41728e-11
18.2 1.90296e-11 5.02616e-11
18.225 1.76327e-11 4.66124e-11
18.25 1.63312e-11 4.32092e-11
18.275 1.51194e-11 4.0037e-11
18.3 1.39915e-11 3.70817e-11
18.325 1.29422e-11 3.43296e-11
18.35 1.19665e-11 3.1768e-11
18.375 1.10597e-11 2.93849e-11
18.4 1.02173e-11 2.7169e-11
18.425 9.43503e-12 2.51093e-11
18.45 8.70904e-12 2.3196e-11
18.475 8.03555e-12 2.14193e-11
18.5 7.41104e-12 1.97702e-11
18.525 6.83223e-12 1.82405e-11
18.55 6.29601e-12 1.6822e-11
18.575 5.79948e-12 1.55072e-11
18.6 5.33991e-12 1.42893e-11
18.625 4.91473e-12 1.31614e-11
18.65 4.52156e-12 1.21176e-11
18.675 4.15813e-12 1.11519e-11
18.7 3.82236e-12 1.02588e-11
18.725 3.51228e-12 9.43341e-12
18.75 3.22604e-12 8.67081e-12
18.775 2.96194e-12 7.96658e-12
18.8 2.71835e-12 7.31653e-12
18.825 2.4938e-12 6.71677e-12
18.85 2.28688e-12 6.16365e-12
18.875 2.09629e-12 5.65377e-12
18.9 1.92082e-12 5.18396e-12
18.925 1.75934e-12 4.75125e-12
18.95 1.61079e-12 4.3529e-12
18.975 1.47421e-12 3.98633e-12
19 1.34867e-12 3.64916e-12
19.025 1.23334e-12 3.33916e-12
19.05 1.12742e-12 3.05427e-12
19.075 1.0302e-12 2.79257e-12
19.1 9.40998e-13 2.55227e-12
19.125 8.59182e-13 2.33171e-12
19.15 7.84176e-13 2.12937e-12
19.175 7.1544e-13 1.94381e-12
19.2 6.52476e-13 1.77372e-12
19.225 5.94825e-13 1.61788e-12
19.25 5.42058e-13 1.47514e-12
19.275 4.93783e-13 1.34447e-12
19.3 4.49635e-13 1.22489e-12
19.325 4.09278e-13 1.1155e-12
19.35 3.72401e-13 1.01549e-12
19.375 3.38718e-13 9.24085e-13
19.4 3.07964e-13 8.40578e-13
19.425 2.79897e-13 7.6432e-13
19.45 2.54291e-13 6.9471e-13
19.475 2.30941e-13 6.31195e-13
19.5 2.09657e-13 5.73265e-13
19.525 1.90262e-13 5.2045e-13
19.55 1.72597e-13 4.72319e-13
19.575 1.56514e-13 4.28474e-13
19.6 1.41876e-13 3.8855e-13
19.625 1.2856e-13 3.52211e-13
19.65 1.1645e-13 3.19148e-13
19.675 1.05442e-13 2.89079e-13
19.7 9.5439e-14 2.61742e-13
19.725 8.63532e-14 2.36901e-13
19.75 7.81036e-14 2.14335e-13
19.775 7.06162e-14 1.93846e-13
19.8 6.38232e-14 1.75249e-13
19.825 5.76625e-14 1.58376e-13
19.85 5.20775e-14 1.43073e-13
19.875 4.70163e-14 1.292e-13
19.9 4.24316e-14 1.16629e-13
19.925 3.828e-14 1.05241e-13
19.95 3.45221e-14 9.49298e-14
19.975 3.11219e-14 8.55966e-14
20 2.80464e-14 7.71521e-14
