0 9.54179e-05 -5.72754e-05
0.025 9.54179e-05 -5.72754e-05
0.05 0.000190611 -0.000114374
0.075 0.000285354 -0.00017112
0.1 0.000379425 -0.000227338
0.125 0.000472603 -0.000282856
0.15 0.000564669 -0.000337503
0.175 0.000655408 -0.000391113
0.2 0.000744609 -0.000443522
0.225 0.000832064 -0.000494573
0.25 0.000917572 -0.000544111
0.275 0.00100094 -0.00059199
0.3 0.00108197 -0.000638066
0.325 0.00116049 -0.000682206
0.35 0.00123631 -0.000724282
0.375 0.00130928 -0.000764172
0.4 0.00137922 -0.000801765
0.425 0.001446 -0.000836957
0.45 0.00150946 -0.000869651
0.475 0.00156948 -0.000899761
0.5 0.00162593 -0.000927209
0.525 0.00167871 -0.000951927
0.55 0.0017277 -0.000973857
0.575 0.00177282 -0.000992948
0.6 0.00181399 -0.00100916
0.625 0.00185115 -0.00102246
0.65 0.00188423 -0.00103284
0.675 0.00191319 -0.00104027
0.7 0.00193799 -0.00104476
0.725 0.00195862 -0.00104632
0.75 0.00197506 -0.00104496
0.775 0.00198732 -0.00104071
0.8 0.00199541 -0.0010336
0.825 0.00199936 -0.00102367
0.85 0.0019992 -0.00101098
0.875 0.00199498 -0.000995575
0.9 0.00198677 -0.000977531
0.925 0.00197463 -0.000956917
0.95 0.00195865 -0.000933812
0.975 0.00193892 -0.0009083
1 0.00191555 -0.000880471
1.025 0.00188865 -0.00085042
1.05 0.00185835 -0.000818247
1.075 0.00182477 -0.000784056
1.1 0.00178807 -0.000747955
1.125 0.00174839 -0.000710054
1.15 0.00170591 -0.000670465
1.175 0.00166077 -0.000629305
1.2 0.00161318 -0.00058669
1.225 0.0015633 -0.000542737
1.25 0.00151133 -0.000497564
1.275 0.00145746 -0.000451291
1.3 0.0014019 -0.000404034
1.325 0.00134486 -0.00035591
1.35 0.00128655 -0.000307036
1.375 0.00122718 -0.000257524
1.4 0.00116698 -0.000207486
1.425 0.00110617 -0.000157032
1.45 0.00104497 -0.000106267
1.475 0.000983613 -5.52949e-05
1.5 0.000922326 -4.21369e-06
1.525 0.000861337 4.6881e-05
1.55 0.000800874 9.78981e-05
1.575 0.000741166 0.000148751
1.6 0.000682439 0.000199357
1.625 0.000624917 0.00024964
1.65 0.000568821 0.000299527
1.675 0.000514371 0.000348951
1.7 0.00046178 0.00039785
1.725 0.000411257 0.000446166
1.75 0.000363008 0.000493849
1.775 0.000317229 0.000540852
1.8 0.000274113 0.000587134
1.825 0.000233844 0.000632659
1.85 0.000196599 0.000677396
1.875 0.000162544 0.000721318
1.9 0.000131839 0.000764405
1.925 0.000104633 0.000806639
1.95 8.10651e-05 0.000848009
1.975 6.12617e-05 0.000888506
2 4.53396e-05 0.000928125
2.025 3.34027e-05 0.000966866
2.05 2.55427e-05 0.00100473
2.075 2.1838e-05 0.00104172
2.1 2.23536e-05 0.00107785
2.125 2.71402e-05 0.00111313
2.15 3.62345e-05 0.00114757
2.175 4.96582e-05 0.00118117
2.2 6.74177e-05 0.00121396
2.225 8.95041e-05 0.00124595
2.25 0.000115893 0.00127716
2.275 0.000146543 0.00130759
2.3 0.000181398 0.00133726
2.325 0.000220384 0.00136618
2.35 0.000263412 0.00139436
2.375 0.000310375 0.00142181
2.4 0.000361151 0.00144853
2.425 0.000415601 0.00147452
2.45 0.000473569 0.00149979
2.475 0.000534884 0.00152432
2.5 0.000599358 0.00154811
2.525 0.000666787 0.00157113
2.55 0.000736954 0.00159337
2.575 0.000809623 0.00161479
2.6 0.000884548 0.00163538
2.625 0.000961467 0.00165508
2.65 0.0010401 0.00167386
2.675 0.00112017 0.00169166
2.7 0.00120136 0.00170842
2.725 0.00128338 0.00172407
2.75 0.00136589 0.00173855
2.775 0.00144856 0.00175178
2.8 0.00153106 0.00176366
2.825 0.00161303 0.00177411
2.85 0.00169413 0.00178302
2.875 0.00177399 0.00179029
2.9 0.00185225 0.0017958
2.925 0.00192854 0.00179944
2.95 0.00200249 0.00180107
2.975 0.00207373 0.00180056
3 0.00214189 0.00179779
3.025 0.00220661 0.00179261
3.05 0.00226752 0.00178487
3.075 0.00232425 0.00177442
3.1 0.00237646 0.00176111
3.125 0.00242379 0.00174479
3.15 0.00246592 0.00172531
3.175 0.0025025 0.0017025
3.2 0.00253322 0.00167621
3.225 0.00255778 0.00164628
3.25 0.00257589 0.00161256
3.275 0.00258726 0.0015749
3.3 0.00259164 0.00153315
3.325 0.00258879 0.00148715
3.35 0.00257848 0.00143678
3.375 0.00256051 0.0013819
3.4 0.00253469 0.00132238
3.425 0.00250087 0.00125811
3.45 0.00245889 0.00118896
3.475 0.00240865 0.00111484
3.5 0.00235005 0.00103567
3.525 0.00228303 0.000951351
3.55 0.00220754 0.000861825
3.575 0.00212357 0.000767036
3.6 0.00203112 0.000666941
3.625 0.00193024 0.000561512
3.65 0.00182098 0.000450736
3.675 0.00170343 0.000334616
3.7 0.0015777 0.000213168
3.725 0.00144395 8.64265e-05
3.75 0.00130233 -4.55582e-05
3.775 0.00115305 -0.000182719
3.8 0.000996312 -0.000324972
3.825 0.000832369 -0.000472216
3.85 0.000661487 -0.000624332
3.875 0.000483958 -0.000781185
3.9 0.000300096 -0.000942621
3.925 0.000110236 -0.00110847
3.95 -8.5266e-05 -0.00127855
3.975 -0.000286034 -0.00145265
4 -0.000491674 -0.00163056
4.025 -0.000701775 -0.00181204
4.05 -0.000915912 -0.00199685
4.075 -0.00113364 -0.00218471
4.1 -0.00135451 -0.00237535
4.125 -0.00157806 -0.00256849
4.15 -0.00180381 -0.00276382
4.175 -0.00203128 -0.00296102
4.2 -0.00225998 -0.00315978
4.225 -0.00248942 -0.00335976
4.25 -0.00271909 -0.00356062
4.275 -0.00294851 -0.00376201
4.3 -0.00317718 -0.00396359
4.325 -0.00340459 -0.004165
4.35 -0.00363026 -0.00436586
4.375 -0.0038537 -0.00456583
4.4 -0.00407443 -0.00476453
4.425 -0.00429198 -0.00496161
4.45 -0.00450589 -0.00515669
4.475 -0.0047157 -0.00534942
4.5 -0.00492099 -0.00553945
4.525 -0.00512133 -0.00572642
4.55 -0.0053163 -0.00590998
4.575 -0.00550554 -0.0060898
4.6 -0.00568865 -0.00626556
4.625 -0.0058653 -0.00643692
4.65 -0.00603514 -0.00660359
4.675 -0.00619787 -0.00676526
4.7 -0.00635319 -0.00692165
4.725 -0.00650085 -0.00707249
4.75 -0.0066406 -0.00721752
4.775 -0.00677222 -0.0073565
4.8 -0.00689551 -0.0074892
4.825 -0.0070103 -0.00761541
4.85 -0.00711646 -0.00773494
4.875 -0.00721385 -0.00784761
4.9 -0.00730239 -0.00795326
4.925 -0.007382 -0.00805175
4.95 -0.00745263 -0.00814296
4.975 -0.00751427 -0.00822677
5 -0.00756691 -0.00830312
5.025 -0.00761059 -0.00837193
5.05 -0.00764534 -0.00843314
5.075 -0.00767125 -0.00848674
5.1 -0.00768841 -0.0085327
5.125 -0.00769693 -0.00857103
5.15 -0.00769695 -0.00860176
5.175 -0.00768861 -0.00862493
5.2 -0.0076721 -0.00864059
5.225 -0.00764761 -0.00864881
5.25 -0.00761533 -0.0086497
5.275 -0.00757549 -0.00864334
5.3 -0.00752834 -0.00862986
5.325 -0.00747411 -0.00860939
5.35 -0.00741307 -0.00858208
5.375 -0.00734549 -0.00854809
5.4 -0.00727166 -0.00850759
5.425 -0.00719186 -0.00846076
5.45 -0.00710639 -0.00840779
5.475 -0.00701555 -0.00834888
5.5 -0.00691966 -0.00828425
5.525 -0.00681903 -0.0082141
5.55 -0.00671396 -0.00813867
5.575 -0.00660479 -0.00805818
5.6 -0.00649182 -0.00797288
5.625 -0.00637537 -0.00788299
5.65 -0.00625576 -0.00778876
5.675 -0.0061333 -0.00769044
5.7 -0.0060083 -0.00758827
5.725 -0.00588106 -0.00748251
5.75 -0.00575189 -0.00737341
5.775 -0.00562107 -0.0072612
5.8 -0.0054889 -0.00714615
5.825 -0.00535566 -0.00702849
5.85 -0.00522161 -0.00690847
5.875 -0.00508702 -0.00678633
5.9 -0.00495215 -0.00666232
5.925 -0.00481724 -0.00653665
5.95 -0.00468253 -0.00640956
5.975 -0.00454824 -0.00628128
6 -0.00441459 -0.00615203
6.025 -0.00428178 -0.006022
6.05 -0.00415 -0.00589142
6.075 -0.00401944 -0.00576049
6.1 -0.00389027 -0.00562938
6.125 -0.00376265 -0.0054983
6.15 -0.00363673 -0.00536741
6.175 -0.00351264 -0.0052369
6.2 -0.00339052 -0.00510692
6.225 -0.00327048 -0.00497762
6.25 -0.00315262 -0.00484917
6.275 -0.00303705 -0.00472169
6.3 -0.00292384 -0.00459533
6.325 -0.00281307 -0.00447019
6.35 -0.00270482 -0.00434641
6.375 -0.00259912 -0.00422409
6.4 -0.00249603 -0.00410333
6.425 -0.00239559 -0.00398422
6.45 -0.00229783 -0.00386685
6.475 -0.00220277 -0.0037513
6.5 -0.00211043 -0.00363764
6.525 -0.0020208 -0.00352593
6.55 -0.0019339 -0.00341623
6.575 -0.00184971 -0.0033086
6.6 -0.00176822 -0.00320307
6.625 -0.00168942 -0.00309969
6.65 -0.00161327 -0.00299848
6.675 -0.00153976 -0.00289948
6.7 -0.00146885 -0.0028027
6.725 -0.00140051 -0.00270816
6.75 -0.00133468 -0.00261588
6.775 -0.00127134 -0.00252585
6.8 -0.00121043 -0.00243807
6.825 -0.00115189 -0.00235255
6.85 -0.00109569 -0.00226928
6.875 -0.00104177 -0.00218825
6.9 -0.000990062 -0.00210944
6.925 -0.000940519 -0.00203284
6.95 -0.00089308 -0.00195843
6.975 -0.000847686 -0.00188617
7 -0.000804277 -0.00181605
7.025 -0.000762792 -0.00174805
7.05 -0.00072317 -0.00168212
7.075 -0.00068535 -0.00161823
7.1 -0.000649273 -0.00155636
7.125 -0.000614876 -0.00149646
7.15 -0.000582101 -0.00143851
7.175 -0.000550888 -0.00138245
7.2 -0.000521179 -0.00132826
7.225 -0.000492915 -0.00127589
7.25 -0.000466041 -0.0012253
7.275 -0.0004405 -0.00117645
7.3 -0.000416238 -0.00112931
7.325 -0.000393201 -0.00108381
7.35 -0.000371338 -0.00103994
7.375 -0.000350599 -0.00099763
7.4 -0.000330933 -0.000956854
7.425 -0.000312292 -0.000917566
7.45 -0.000294631 -0.000879725
7.475 -0.000277905 -0.000843287
7.5 -0.00026207 -0.000808213
7.525 -0.000247083 -0.000774461
7.55 -0.000232905 -0.000741991
7.575 -0.000219496 -0.000710762
7.6 -0.000206819 -0.000680737
7.625 -0.000194838 -0.000651876
7.65 -0.000183517 -0.000624141
7.675 -0.000172824 -0.000597495
7.7 -0.000162726 -0.000571901
7.725 -0.000153193 -0.000547325
7.75 -0.000144196 -0.000523731
7.775 -0.000135706 -0.000501085
7.8 -0.000127697 -0.000479353
7.825 -0.000120144 -0.000458504
7.85 -0.000113021 -0.000438505
7.875 -0.000106306 -0.000419326
7.9 -9.99771e-05 -0.000400936
7.925 -9.40126e-05 -0.000383308
7.95 -8.83929e-05 -0.000366412
7.975 -8.30988e-05 -0.00035022
8 -7.81124e-05 -0.000334708
8.025 -7.34166e-05 -0.000319847
8.05 -6.89949e-05 -0.000305614
8.075 -6.48322e-05 -0.000291985
8.1 -6.09138e-05 -0.000278935
8.125 -5.72257e-05 -0.000266442
8.15 -5.37551e-05 -0.000254484
8.175 -5.04894e-05 -0.000243041
8.2 -4.7417e-05 -0.000232091
8.225 -4.45267e-05 -0.000221615
8.25 -4.18082e-05 -0.000211593
8.275 -3.92514e-05 -0.000202008
8.3 -3.68471e-05 -0.000192841
8.325 -3.45865e-05 -0.000184076
8.35 -3.24611e-05 -0.000175696
8.375 -3.04631e-05 -0.000167685
8.4 -2.85852e-05 -0.000160028
8.425 -2.68203e-05 -0.00015271
8.45 -2.51617e-05 -0.000145717
8.475 -2.36034e-05 -0.000139036
8.5 -2.21393e-05 -0.000132653
8.525 -2.0764e-05 -0.000126556
8.55 -1.94723e-05 -0.000120732
8.575 -1.82591e-05 -0.000115171
8.6 -1.712e-05 -0.00010986
8.625 -1.60505e-05 -0.000104789
8.65 -1.50465e-05 -9.99488e-05
8.675 -1.41042e-05 -9.53281e-05
8.7 -1.32198e-05 -9.0918e-05
8.725 -1.239e-05 -8.67091e-05
8.75 -1.16114e-05 -8.2693e-05
8.775 -1.08811e-05 -7.8861e-05
8.8 -1.01961e-05 -7.52053e-05
8.825 -9.55377e-06 -7.17181e-05
8.85 -8.95152e-06 -6.8392e-05
8.875 -8.38695e-06 -6.52198e-05
8.9 -7.85778e-06 -6.21948e-05
8.925 -7.36188e-06 -5.93106e-05
8.95 -6.89724e-06 -5.65607e-05
8.975 -6.46196e-06 -5.39392e-05
9 -6.05424e-06 -5.14405e-05
9.025 -5.67241e-06 -4.90589e-05
9.05 -5.31489e-06 -4.67892e-05
9.075 -4.98017e-06 -4.46264e-05
9.1 -4.66685e-06 -4.25656e-05
9.125 -4.3736e-06 -4.06021e-05
9.15 -4.09918e-06 -3.87316e-05
9.175 -3.84242e-06 -3.69498e-05
9.2 -3.6022e-06 -3.52525e-05
9.225 -3.37749e-06 -3.3636e-05
9.25 -3.16731e-06 -3.20964e-05
9.275 -2.97073e-06 -3.06302e-05
9.3 -2.7869e-06 -2.9234e-05
9.325 -2.61499e-06 -2.79044e-05
9.35 -2.45423e-06 -2.66384e-05
9.375 -2.30392e-06 -2.5433e-05
9.4 -2.16337e-06 -2.42852e-05
9.425 -2.03194e-06 -2.31923e-05
9.45 -1.90905e-06 -2.21518e-05
9.475 -1.79413e-06 -2.1161e-05
9.5 -1.68665e-06 -2.02176e-05
9.525 -1.58613e-06 -1.93193e-05
9.55 -1.49209e-06 -1.8464e-05
9.575 -1.40412e-06 -1.76494e-05
9.6 -1.3218e-06 -1.68736e-05
9.625 -1.24476e-06 -1.61348e-05
9.65 -1.17263e-06 -1.5431e-05
9.675 -1.1051e-06 -1.47606e-05
9.7 -1.04184e-06 -1.41219e-05
9.725 -9.82574e-07 -1.35133e-05
9.75 -9.27024e-07 -1.29334e-05
9.775 -8.74941e-07 -1.23806e-05
9.8 -8.26087e-07 -1.18536e-05
9.825 -7.80245e-07 -1.13512e-05
9.85 -7.37208e-07 -1.08721e-05
9.875 -6.96787e-07 -1.0415e-05
9.9 -6.58804e-07 -9.97903e-06
9.925 -6.23094e-07 -9.56297e-06
9.95 -5.89503e-07 -9.16586e-06
9.975 -5.57889e-07 -8.78674e-06
10 -5.28118e-07 -8.4247e-06
10.025 -5.00067e-07 -8.07889e-06
10.05 -4.73621e-07 -7.74849e-06
10.075 -4.48675e-07 -7.43273e-06
10.1 -4.25128e-07 -7.13088e-06
10.125 -4.0289e-07 -6.84225e-06
10.15 -3.81876e-07 -6.56617e-06
10.175 -3.62005e-07 -6.30204e-06
10.2 -3.43206e-07 -6.04925e-06
10.225 -3.25411e-07 -5.80726e-06
10.25 -3.08555e-07 -5.57554e-06
10.275 -2.92581e-07 -5.35359e-06
10.3 -2.77435e-07 -5.14093e-06
10.325 -2.63066e-07 -4.93713e-06
10.35 -2.49427e-07 -4.74176e-06
10.375 -2.36476e-07 -4.55442e-06
10.4 -2.24172e-07 -4.37473e-06
10.425 -2.12477e-07 -4.20234e-06
10.45 -2.01358e-07 -4.0369e-06
10.475 -1.90781e-07 -3.87811e-06
10.5 -1.80718e-07 -3.72565e-06
10.525 -1.7114e-07 -3.57924e-06
10.55 -1.62021e-07 -3.4386e-06
10.575 -1.53337e-07 -3.30348e-06
10.6 -1.45065e-07 -3.17364e-06
10.625 -1.37186e-07 -3.04883e-06
10.65 -1.29678e-07 -2.92886e-06
10.675 -1.22524e-07 -2.81349e-06
10.7 -1.15707e-07 -2.70255e-06
10.725 -1.09211e-07 -2.59583e-06
10.75 -1.03021e-07 -2.49317e-06
10.775 -9.71222e-08 -2.39439e-06
10.8 -9.15021e-08 -2.29933e-06
10.825 -8.61483e-08 -2.20784e-06
10.85 -8.10489e-08 -2.11978e-06
10.875 -7.61931e-08 -2.035e-06
10.9 -7.15703e-08 -1.95338e-06
10.925 -6.71709e-08 -1.8748e-06
10.95 -6.29855e-08 -1.79912e-06
10.975 -5.90054e-08 -1.72625e-06
11 -5.5222e-08 -1.65607e-06
11.025 -5.16275e-08 -1.58848e-06
11.05 -4.82142e-08 -1.52339e-06
11.075 -4.4975e-08 -1.4607e-06
11.1 -4.19029e-08 -1.40033e-06
11.125 -3.89912e-08 -1.34218e-06
11.15 -3.62336e-08 -1.28619e-06
11.175 -3.36239e-08 -1.23227e-06
11.2 -3.11564e-08 -1.18036e-06
11.225 -2.88252e-08 -1.13038e-06
11.25 -2.66249e-08 -1.08226e-06
11.275 -2.45503e-08 -1.03595e-06
11.3 -2.25962e-08 -9.9139e-07
11.325 -2.07576e-08 -9.48513e-07
11.35 -1.90298e-08 -9.07268e-07
11.375 -1.7408e-08 -8.67603e-07
11.4 -1.58877e-08 -8.29466e-07
11.425 -1.44645e-08 -7.92809e-07
11.45 -1.31341e-08 -7.57585e-07
11.475 -1.18923e-08 -7.23749e-07
11.5 -1.07351e-08 -6.91257e-07
11.525 -9.65844e-09 -6.60067e-07
11.55 -8.65856e-09 -6.30139e-07
11.575 -7.73166e-09 -6.01432e-07
11.6 -6.87409e-09 -5.73907e-07
11.625 -6.0823e-09 -5.47529e-07
11.65 -5.35282e-09 -5.22259e-07
11.675 -4.68228e-09 -4.98062e-07
11.7 -4.06743e-09 -4.74904e-07
11.725 -3.50508e-09 -4.5275e-07
11.75 -2.99215e-09 -4.31567e-07
11.775 -2.52567e-09 -4.11321e-07
11.8 -2.10273e-09 -3.9198e-07
11.825 -1.72055e-09 -3.73514e-07
11.85 -1.37643e-09 -3.5589e-07
11.875 -1.06776e-09 -3.39077e-07
11.9 -7.92039e-10 -3.23046e-07
11.925 -5.46845e-10 -3.07767e-07
11.95 -3.29867e-10 -2.9321e-07
11.975 -1.38884e-10 -2.79347e-07
12 2.82278e-11 -2.6615e-07
12.025 1.73497e-10 -2.5359e-07
12.05 2.98856e-10 -2.41642e-07
12.075 4.06143e-10 -2.30278e-07
12.1 4.97099e-10 -2.19472e-07
12.125 5.73373e-10 -2.09198e-07
12.15 6.36521e-10 -1.99433e-07
12.175 6.88007e-10 -1.90152e-07
12.2 7.29201e-10 -1.81332e-07
12.225 7.61388e-10 -1.72949e-07
12.25 7.85762e-10 -1.64982e-07
12.275 8.03432e-10 -1.5741e-07
12.3 8.1542e-10 -1.50212e-07
12.325 8.22669e-10 -1.43369e-07
12.35 8.2604e-10 -1.36862e-07
12.375 8.26316e-10 -1.30672e-07
12.4 8.24205e-10 -1.24783e-07
12.425 8.20341e-10 -1.19178e-07
12.45 8.1529e-10 -1.13842e-07
12.475 8.0955e-10 -1.0876e-07
12.5 8.03553e-10 -1.03917e-07
12.525 7.97673e-10 -9.9302e-08
12.55 7.92225e-10 -9.49014e-08
12.575 7.87469e-10 -9.07039e-08
12.6 7.83615e-10 -8.6699e-08
12.625 7.80824e-10 -8.28764e-08
12.65 7.79216e-10 -7.9227e-08
12.675 7.78867e-10 -7.57421e-08
12.7 7.79818e-10 -7.24136e-08
12.725 7.82077e-10 -6.92342e-08
12.75 7.85622e-10 -6.61971e-08
12.775 7.90404e-10 -6.32958e-08
12.8 7.96353e-10 -6.05246e-08
12.825 8.0338e-10 -5.7878e-08
12.85 8.11379e-10 -5.53511e-08
12.875 8.20233e-10 -5.29391e-08
12.9 8.29818e-10 -5.06376e-08
12.925 8.4e-10 -4.84427e-08
12.95 8.50646e-10 -4.63504e-08
12.975 8.61623e-10 -4.4357e-08
13 8.72799e-10 -4.2459e-08
13.025 8.84051e-10 -4.06529e-08
13.05 8.95262e-10 -3.89354e-08
13.075 9.06325e-10 -3.73031e-08
13.1 9.17149e-10 -3.57527e-08
13.125 9.27655e-10 -3.42809e-08
13.15 9.37779e-10 -3.28843e-08
13.175 9.47478e-10 -3.15594e-08
13.2 9.56726e-10 -3.03027e-08
13.225 9.65517e-10 -2.91107e-08
13.25 9.73865e-10 -2.79795e-08
13.275 9.81808e-10 -2.69055e-08
13.3 9.89402e-10 -2.58846e-08
13.325 9.96729e-10 -2.49127e-08
13.35 1.00389e-09 -2.39858e-08
13.375 1.011e-09 -2.30995e-08
13.4 1.01822e-09 -2.22495e-08
13.425 1.02569e-09 -2.14312e-08
13.45 1.03361e-09 -2.06403e-08
13.475 1.04217e-09 -1.98719e-08
13.5 1.0516e-09 -1.91215e-08
13.525 1.06211e-09 -1.83844e-08
13.55 1.07396e-09 -1.7656e-08
13.575 1.08741e-09 -1.69314e-08
13.6 1.10272e-09 -1.62062e-08
13.625 1.12016e-09 -1.54758e-08
13.65 1.14001e-09 -1.47356e-08
13.675 1.16257e-09 -1.39814e-08
13.7 1.1881e-09 -1.32088e-08
13.725 1.2169e-09 -1.24139e-08
13.75 1.24925e-09 -1.15926e-08
13.775 1.28542e-09 -1.07414e-08
13.8 1.32568e-09 -9.85686e-09
13.825 1.37029e-09 -8.93566e-09
13.85 1.41949e-09 -7.97492e-09
13.875 1.47351e-09 -6.97199e-09
13.9 1.53257e-09 -5.92451e-09
13.925 1.59687e-09 -4.83047e-09
13.95 1.66658e-09 -3.68814e-09
13.975 1.74187e-09 -2.49617e-09
14 1.82285e-09 -1.25352e-09
14.025 1.90965e-09 4.04539e-11
14.05 2.00235e-09 1.38608e-09
14.075 2.10099e-09 2.78332e-09
14.1 2.20561e-09 4.23176e-09
14.125 2.31622e-09 5.73066e-09
14.15 2.43277e-09 7.27891e-09
14.175 2.55522e-09 8.87507e-09
14.2 2.68348e-09 1.05174e-08
14.225 2.81742e-09 1.22037e-08
14.25 2.95691e-09 1.39317e-08
14.275 3.10177e-09 1.56986e-08
14.3 3.2518e-09 1.75014e-08
14.325 3.40676e-09 1.9337e-08
14.35 3.5664e-09 2.12018e-08
14.375 3.73044e-09 2.30922e-08
14.4 3.89856e-09 2.50043e-08
14.425 4.07045e-09 2.69339e-08
14.45 4.24574e-09 2.88769e-08
14.475 4.42406e-09 3.08288e-08
14.5 4.60502e-09 3.27853e-08
14.525 4.78822e-09 3.47417e-08
14.55 4.97323e-09 3.66935e-08
14.575 5.15962e-09 3.8636e-08
14.6 5.34693e-09 4.05645e-08
14.625 5.53472e-09 4.24744e-08
14.65 5.72251e-09 4.43611e-08
14.675 5.90985e-09 4.622e-08
14.7 6.09626e-09 4.80465e-08
14.725 6.28128e-09 4.98364e-08
14.75 6.46442e-09 5.15853e-08
14.775 6.64523e-09 5.3289e-08
14.8 6.82324e-09 5.49437e-08
14.825 6.998e-09 5.65455e-08
14.85 7.16906e-09 5.80907e-08
14.875 7.336e-09 5.95759e-08
14.9 7.49838e-09 6.09979e-08
14.925 7.65581e-09 6.23537e-08
14.95 7.80789e-09 6.36404e-08
14.975 7.95424e-09 6.48556e-08
15 8.09453e-09 6.5997e-08
15.025 8.22839e-09 6.70624e-08
15.05 8.35554e-09 6.80502e-08
15.075 8.47566e-09 6.89587e-08
15.1 8.58849e-09 6.97868e-08
15.125 8.69379e-09 7.05334e-08
15.15 8.79134e-09 7.11976e-08
15.175 8.88093e-09 7.17792e-08
15.2 8.96239e-09 7.22777e-08
15.225 9.03558e-09 7.26932e-08
15.25 9.10038e-09 7.30258e-08
15.275 9.15668e-09 7.32762e-08
15.3 9.20443e-09 7.34449e-08
15.325 9.24357e-09 7.3533e-08
15.35 9.27408e-09 7.35414e-08
15.375 9.29596e-09 7.34715e-08
15.4 9.30925e-09 7.33249e-08
15.425 9.31399e-09 7.31033e-08
15.45 9.31025e-09 7.28084e-08
15.475 9.29814e-09 7.24424e-08
15.5 9.27776e-09 7.20073e-08
15.525 9.24926e-09 7.15055e-08
15.55 9.21278e-09 7.09394e-08
15.575 9.16851e-09 7.03114e-08
15.6 9.11663e-09 6.96243e-08
15.625 9.05734e-09 6.88807e-08
15.65 8.99088e-09 6.80834e-08
15.675 8.91747e-09 6.72352e-08
15.7 8.83736e-09 6.63389e-08
15.725 8.75081e-09 6.53976e-08
15.75 8.65809e-09 6.44141e-08
15.775 8.55947e-09 6.33914e-08
15.8 8.45525e-09 6.23324e-08
15.825 8.34571e-09 6.12402e-08
15.85 8.23115e-09 6.01176e-08
15.875 8.11188e-09 5.89675e-08
15.9 7.9882e-09 5.77928e-08
15.925 7.86042e-09 5.65964e-08
15.95 7.72884e-09 5.53811e-08
15.975 7.59377e-09 5.41495e-08
16 7.45553e-09 5.29043e-08
16.025 7.31441e-09 5.16482e-08
16.05 7.17072e-09 5.03837e-08
16.075 7.02477e-09 4.91131e-08
16.1 6.87684e-09 4.7839e-08
16.125 6.72722e-09 4.65635e-08
16.15 6.5762e-09 4.52889e-08
16.175 6.42406e-09 4.40172e-08
16.2 6.27107e-09 4.27504e-08
16.225 6.11749e-09 4.14905e-08
16.25 5.96357e-09 4.02392e-08
16.275 5.80956e-09 3.89983e-08
16.3 5.65571e-09 3.77693e-08
16.325 5.50223e-09 3.65538e-08
16.35 5.34934e-09 3.53532e-08
16.375 5.19727e-09 3.41687e-08
16.4 5.04619e-09 3.30017e-08
16.425 4.89631e-09 3.18531e-08
16.45 4.7478e-09 3.07241e-08
16.475 4.60083e-09 2.96155e-08
16.5 4.45555e-09 2.85281e-08
16.525 4.31213e-09 2.74628e-08
16.55 4.17068e-09 2.64201e-08
16.575 4.03134e-09 2.54007e-08
16.6 3.89423e-09 2.44051e-08
16.625 3.75945e-09 2.34335e-08
16.65 3.62711e-09 2.24865e-08
16.675 3.49728e-09 2.15642e-08
16.7 3.37005e-09 2.06668e-08
16.725 3.24548e-09 1.97946e-08
16.75 3.12364e-09 1.89474e-08
16.775 3.00459e-09 1.81255e-08
16.8 2.88835e-09 1.73286e-08
16.825 2.77497e-09 1.65567e-08
16.85 2.66448e-09 1.58097e-08
16.875 2.5569e-09 1.50874e-08
16.9 2.45223e-09 1.43895e-08
16.925 2.3505e-09 1.37158e-08
16.95 2.25169e-09 1.30659e-08
16.975 2.1558e-09 1.24395e-08
17 2.06283e-09 1.18362e-08
17.025 1.97276e-09 1.12557e-08
17.05 1.88555e-09 1.06974e-08
17.075 1.8012e-09 1.0161e-08
17.1 1.71966e-09 9.64602e-09
17.125 1.64091e-09 9.15189e-09
17.15 1.5649e-09 8.67815e-09
17.175 1.4916e-09 8.2243e-09
17.2 1.42096e-09 7.7898e-09
17.225 1.35293e-09 7.37413e-09
17.25 1.28746e-09 6.97676e-09
17.275 1.2245e-09 6.59714e-09
17.3 1.164e-09 6.23473e-09
17.325 1.1059e-09 5.88899e-09
17.35 1.05015e-09 5.55938e-09
17.375 9.96682e-10 5.24535e-09
17.4 9.45441e-10 4.94637e-09
17.425 8.96367e-10 4.66191e-09
17.45 8.49399e-10 4.39144e-09
17.475 8.04476e-10 4.13443e-09
17.5 7.61537e-10 3.89038e-09
17.525 7.20521e-10 3.65878e-09
17.55 6.81366e-10 3.43914e-09
17.575 6.44012e-10 3.23097e-09
17.6 6.08398e-10 3.0338e-09
17.625 5.74464e-10 2.84716e-09
17.65 5.42151e-10 2.6706e-09
17.675 5.11401e-10 2.50368e-09
17.7 4.82154e-10 2.34596e-09
17.725 4.54356e-10 2.19704e-09
17.75 4.27948e-10 2.0565e-09
17.775 4.02878e-10 1.92396e-09
17.8 3.79091e-10 1.79903e-09
17.825 3.56535e-10 1.68134e-09
17.85 3.35158e-10 1.57055e-09
17.875 3.14911e-10 1.46631e-09
17.9 2.95744e-10 1.36829e-09
17.925 2.77611e-10 1.27617e-09
17.95 2.60465e-10 1.18964e-09
17.975 2.44261e-10 1.10842e-09
18 2.28957e-10 1.03223e-09
18.025 2.14511e-10 9.60782e-10
18.05 2.00881e-10 8.93832e-10
18.075 1.88029e-10 8.31129e-10
18.1 1.75918e-10 7.72436e-10
18.125 1.64509e-10 7.17529e-10
18.15 1.5377e-10 6.66191e-10
18.175 1.43664e-10 6.18218e-10
18.2 1.34161e-10 5.73413e-10
18.225 1.2523e-10 5.31591e-10
18.25 1.16839e-10 4.92574e-10
18.275 1.08961e-10 4.56194e-10
18.3 1.01567e-10 4.22292e-10
18.325 9.4633e-11 3.90715e-10
18.35 8.81322e-11 3.61321e-10
18.375 8.2041e-11 3.33974e-10
18.4 7.63365e-11 3.08544e-10
18.425 7.0997e-11 2.84909e-10
18.45 6.60015e-11 2.62956e-10
18.475 6.13302e-11 2.42575e-10
18.5 5.69643e-11 2.23663e-10
18.525 5.28858e-11 2.06124e-10
18.55 4.90778e-11 1.89868e-10
18.575 4.55239e-11 1.74808e-10
18.6 4.22089e-11 1.60863e-10
18.625 3.91183e-11 1.47958e-10
18.65 3.62382e-11 1.36021e-10
18.675 3.35556e-11 1.24987e-10
18.7 3.10581e-11 1.14791e-10
18.725 2.87341e-11 1.05375e-10
18.75 2.65726e-11 9.66836e-11
18.775 2.45632e-11 8.86658e-11
18.8 2.2696e-11 8.1273e-11
18.825 2.09619e-11 7.446e-11
18.85 1.9352e-11 6.81846e-11
18.875 1.78581e-11 6.24073e-11
18.9 1.64727e-11 5.70915e-11
18.925 1.51883e-11 5.22026e-11
18.95 1.39981e-11 4.77089e-11
18.975 1.28959e-11 4.35805e-11
19 1.18754e-11 3.97896e-11
19.025 1.09312e-11 3.63105e-11
19.05 1.00578e-11 3.31191e-11
19.075 9.2504e-12 3.01933e-11
19.1 8.50428e-12 2.75122e-11
19.125 7.81512e-12 2.50566e-11
19.15 7.17885e-12 2.28089e-11
19.175 6.59168e-12 2.07523e-11
19.2 6.05005e-12 1.88717e-11
19.225 5.55067e-12 1.71529e-11
19.25 5.09042e-12 1.55828e-11
19.275 4.66645e-12 1.41492e-11
19.3 4.27605e-12 1.2841e-11
19.325 3.91673e-12 1.16478e-11
19.35 3.58616e-12 1.056e-11
19.375 3.28216e-12 9.56897e-12
19.4 3.00273e-12 8.66645e-12
19.425 2.74599e-12 7.84499e-12
19.45 2.5102e-12 7.09771e-12
19.475 2.29374e-12 6.41826e-12
19.5 2.09511e-12 5.80081e-12
19.525 1.91293e-12 5.23999e-12
19.55 1.74589e-12 4.7309e-12
19.575 1.59281e-12 4.26899e-12
19.6 1.45258e-12 3.85012e-12
19.625 1.32418e-12 3.47047e-12
19.65 1.20665e-12 3.12657e-12
19.675 1.09912e-12 2.81522e-12
19.7 1.00078e-12 2.53348e-12
19.725 9.1089e-13 2.27867e-12
19.75 8.28749e-13 2.04835e-12
19.775 7.53722e-13 1.84028e-12
19.8 6.85222e-13 1.65241e-12
19.825 6.22706e-13 1.48287e-12
19.85 5.65676e-13 1.32997e-12
19.875 5.13671e-13 1.19213e-12
19.9 4.66268e-13 1.06796e-12
19.925 4.23078e-13 9.56157e-13
19.95 3.83741e-13 8.55546e-13
19.975 3.47929e-13 7.6506e-13
20 3.15338e-13 6.83726e-13
