0 -0.00077682 -0.00079025
0.025 -0.00077682 -0.00079025
0.05 -0.0015527 -0.00157955
0.075 -0.00232669 -0.00236696
0.1 -0.00309785 -0.00315152
0.125 -0.00386526 -0.00393231
0.15 -0.00462796 -0.00470837
0.175 -0.00538505 -0.00547878
0.2 -0.00613561 -0.00624262
0.225 -0.00687871 -0.00699897
0.25 -0.00761347 -0.00774692
0.275 -0.008339 -0.00848558
0.3 -0.00905441 -0.00921405
0.325 -0.00975885 -0.00993148
0.35 -0.0104515 -0.010637
0.375 -0.0111315 -0.0113298
0.4 -0.011798 -0.012009
0.425 -0.0124502 -0.0126738
0.45 -0.0130875 -0.0133235
0.475 -0.013709 -0.0139573
0.5 -0.014314 -0.0145744
0.525 -0.0149018 -0.0151742
0.55 -0.0154717 -0.0157559
0.575 -0.0160231 -0.0163189
0.6 -0.0165555 -0.0168626
0.625 -0.0170681 -0.0173864
0.65 -0.0175606 -0.0178897
0.675 -0.0180322 -0.0183719
0.7 -0.0184827 -0.0188327
0.725 -0.0189115 -0.0192715
0.75 -0.0193183 -0.0196879
0.775 -0.0197026 -0.0200816
0.8 -0.0200643 -0.0204522
0.825 -0.0204029 -0.0207995
0.85 -0.0207183 -0.0211231
0.875 -0.0210103 -0.0214228
0.9 -0.0212787 -0.0216986
0.925 -0.0215234 -0.0219503
0.95 -0.0217444 -0.0221778
0.975 -0.0219417 -0.0223811
1 -0.0221153 -0.0225602
1.025 -0.0222653 -0.0227152
1.05 -0.0223917 -0.0228462
1.075 -0.0224948 -0.0229533
1.1 -0.0225749 -0.0230368
1.125 -0.022632 -0.023097
1.15 -0.0226666 -0.023134
1.175 -0.022679 -0.0231483
1.2 -0.0226695 -0.0231402
1.225 -0.0226386 -0.0231101
1.25 -0.0225867 -0.0230586
1.275 -0.0225144 -0.022986
1.3 -0.0224221 -0.0228929
1.325 -0.0223104 -0.0227799
1.35 -0.02218 -0.0226476
1.375 -0.0220313 -0.0224966
1.4 -0.0218651 -0.0223275
1.425 -0.021682 -0.0221411
1.45 -0.0214828 -0.021938
1.475 -0.0212681 -0.0217189
1.5 -0.0210386 -0.0214847
1.525 -0.0207951 -0.021236
1.55 -0.0205384 -0.0209736
1.575 -0.0202692 -0.0206983
1.6 -0.0199882 -0.0204109
1.625 -0.0196963 -0.0201122
1.65 -0.0193943 -0.0198029
1.675 -0.0190828 -0.0194839
1.7 -0.0187627 -0.019156
1.725 -0.0184348 -0.01882
1.75 -0.0180998 -0.0184766
1.775 -0.0177585 -0.0181266
1.8 -0.0174116 -0.0177709
1.825 -0.0170598 -0.01741
1.85 -0.0167039 -0.0170449
1.875 -0.0163446 -0.0166762
1.9 -0.0159825 -0.0163046
1.925 -0.0156184 -0.0159308
1.95 -0.0152528 -0.0155555
1.975 -0.0148863 -0.0151793
2 -0.0145197 -0.0148028
2.025 -0.0141534 -0.0144267
2.05 -0.013788 -0.0140515
2.075 -0.0134241 -0.0136777
2.1 -0.0130621 -0.0133059
2.125 -0.0127025 -0.0129365
2.15 -0.0123457 -0.0125701
2.175 -0.0119923 -0.012207
2.2 -0.0116425 -0.0118477
2.225 -0.0112967 -0.0114926
2.25 -0.0109553 -0.011142
2.275 -0.0106186 -0.0107962
2.3 -0.0102869 -0.0104555
2.325 -0.00996039 -0.0101203
2.35 -0.00963938 -0.0097907
2.375 -0.00932408 -0.00946699
2.4 -0.00901465 -0.00914936
2.425 -0.00871128 -0.00883799
2.45 -0.0084141 -0.00853303
2.475 -0.00812324 -0.00823459
2.5 -0.00783881 -0.00794281
2.525 -0.00756088 -0.00765775
2.55 -0.00728952 -0.00737949
2.575 -0.00702478 -0.00710808
2.6 -0.00676669 -0.00684356
2.625 -0.00651527 -0.00658593
2.65 -0.0062705 -0.00633519
2.675 -0.00603239 -0.00609134
2.7 -0.0058009 -0.00585435
2.725 -0.00557599 -0.00562417
2.75 -0.00535761 -0.00540076
2.775 -0.00514572 -0.00518404
2.8 -0.00494022 -0.00497396
2.825 -0.00474105 -0.00477042
2.85 -0.00454813 -0.00457335
2.875 -0.00436135 -0.00438264
2.9 -0.00418063 -0.00419819
2.925 -0.00400585 -0.0040199
2.95 -0.00383692 -0.00384764
2.975 -0.00367371 -0.00368131
3 -0.00351612 -0.00352079
3.025 -0.00336402 -0.00336594
3.05 -0.0032173 -0.00321665
3.075 -0.00307582 -0.00307278
3.1 -0.00293948 -0.00293421
3.125 -0.00280813 -0.0028008
3.15 -0.00268166 -0.00267242
3.175 -0.00255995 -0.00254895
3.2 -0.00244285 -0.00243025
3.225 -0.00233026 -0.00231618
3.25 -0.00222204 -0.00220662
3.275 -0.00211807 -0.00210144
3.3 -0.00201822 -0.00200051
3.325 -0.00192239 -0.0019037
3.35 -0.00183043 -0.00181089
3.375 -0.00174225 -0.00172195
3.4 -0.00165771 -0.00163676
3.425 -0.00157671 -0.00155519
3.45 -0.00149913 -0.00147714
3.475 -0.00142486 -0.00140248
3.5 -0.00135378 -0.00133109
3.525 -0.0012858 -0.00126288
3.55 -0.00122081 -0.00119772
3.575 -0.00115869 -0.00113551
3.6 -0.00109937 -0.00107614
3.625 -0.00104272 -0.00101951
3.65 -0.00098866 -0.000965517
3.675 -0.000937093 -0.000914066
3.7 -0.000887925 -0.000865059
3.725 -0.000841067 -0.000818403
3.75 -0.000796432 -0.000774005
3.775 -0.000753932 -0.000731777
3.8 -0.000713485 -0.000691633
3.825 -0.00067501 -0.000653487
3.85 -0.000638427 -0.000617257
3.875 -0.00060366 -0.000582865
3.9 -0.000570634 -0.000550232
3.925 -0.000539276 -0.000519283
3.95 -0.000509515 -0.000489945
3.975 -0.000481283 -0.000462148
4 -0.000454514 -0.000435824
4.025 -0.000429143 -0.000410904
4.05 -0.000405108 -0.000387327
4.075 -0.000382349 -0.000365029
4.1 -0.000360807 -0.000343951
4.125 -0.000340426 -0.000324034
4.15 -0.000321151 -0.000305223
4.175 -0.00030293 -0.000287464
4.2 -0.000285713 -0.000270706
4.225 -0.00026945 -0.000254898
4.25 -0.000254094 -0.000239992
4.275 -0.000239599 -0.000225943
4.3 -0.000225924 -0.000212705
4.325 -0.000213024 -0.000200236
4.35 -0.000200861 -0.000188497
4.375 -0.000189396 -0.000177447
4.4 -0.000178592 -0.000167049
4.425 -0.000168413 -0.000157267
4.45 -0.000158826 -0.000148068
4.475 -0.000149798 -0.000139418
4.5 -0.000141299 -0.000131287
4.525 -0.000133298 -0.000123645
4.55 -0.000125768 -0.000116463
4.575 -0.000118682 -0.000109716
4.6 -0.000112014 -0.000103376
4.625 -0.00010574 -9.74208e-05
4.65 -9.98368e-05 -9.18263e-05
4.675 -9.42828e-05 -8.65709e-05
4.7 -8.9057e-05 -8.1634e-05
4.725 -8.41398e-05 -7.6996e-05
4.75 -7.95124e-05 -7.26385e-05
4.775 -7.51572e-05 -6.85438e-05
4.8 -7.10575e-05 -6.46957e-05
4.825 -6.71976e-05 -6.10784e-05
4.85 -6.35627e-05 -5.76774e-05
4.875 -6.01386e-05 -5.4479e-05
4.9 -5.69123e-05 -5.14701e-05
4.925 -5.38714e-05 -4.86387e-05
4.95 -5.10041e-05 -4.59732e-05
4.975 -4.82995e-05 -4.3463e-05
5 -4.57475e-05 -4.10982e-05
5.025 -4.33383e-05 -3.88692e-05
5.05 -4.1063e-05 -3.67675e-05
5.075 -3.89131e-05 -3.47847e-05
5.1 -3.68808e-05 -3.29133e-05
5.125 -3.49588e-05 -3.11461e-05
5.15 -3.31401e-05 -2.94765e-05
5.175 -3.14184e-05 -2.78984e-05
5.2 -2.97878e-05 -2.6406e-05
5.225 -2.82426e-05 -2.49939e-05
5.25 -2.67778e-05 -2.36573e-05
5.275 -2.53886e-05 -2.23915e-05
5.3 -2.40704e-05 -2.11923e-05
5.325 -2.28192e-05 -2.00556e-05
5.35 -2.16311e-05 -1.89779e-05
5.375 -2.05026e-05 -1.79557e-05
5.4 -1.94303e-05 -1.69859e-05
5.425 -1.84111e-05 -1.60655e-05
5.45 -1.74423e-05 -1.51918e-05
5.475 -1.65211e-05 -1.43623e-05
5.5 -1.5645e-05 -1.35747e-05
5.525 -1.48118e-05 -1.28267e-05
5.55 -1.40194e-05 -1.21164e-05
5.575 -1.32656e-05 -1.14418e-05
5.6 -1.25488e-05 -1.08013e-05
5.625 -1.1867e-05 -1.0193e-05
5.65 -1.12187e-05 -9.61557e-06
5.675 -1.06024e-05 -9.06748e-06
5.7 -1.00165e-05 -8.54737e-06
5.725 -9.45986e-06 -8.05397e-06
5.75 -8.93103e-06 -7.58607e-06
5.775 -8.42884e-06 -7.14253e-06
5.8 -7.95213e-06 -6.72225e-06
5.825 -7.49982e-06 -6.32421e-06
5.85 -7.07086e-06 -5.94743e-06
5.875 -6.66425e-06 -5.59097e-06
5.9 -6.27903e-06 -5.25393e-06
5.925 -5.91429e-06 -4.93545e-06
5.95 -5.56915e-06 -4.63471e-06
5.975 -5.24277e-06 -4.35091e-06
6 -4.93433e-06 -4.0833e-06
6.025 -4.64304e-06 -3.83113e-06
6.05 -4.36814e-06 -3.5937e-06
6.075 -4.1089e-06 -3.37032e-06
6.1 -3.86461e-06 -3.16033e-06
6.125 -3.63459e-06 -2.96309e-06
6.15 -3.41815e-06 -2.77798e-06
6.175 -3.21466e-06 -2.6044e-06
6.2 -3.0235e-06 -2.44177e-06
6.225 -2.84405e-06 -2.28953e-06
6.25 -2.67572e-06 -2.14713e-06
6.275 -2.51796e-06 -2.01406e-06
6.3 -2.3702e-06 -1.88981e-06
6.325 -2.23192e-06 -1.77389e-06
6.35 -2.10259e-06 -1.66582e-06
6.375 -1.98173e-06 -1.56515e-06
6.4 -1.86885e-06 -1.47145e-06
6.425 -1.76348e-06 -1.38429e-06
6.45 -1.66518e-06 -1.30327e-06
6.475 -1.57352e-06 -1.228e-06
6.5 -1.48809e-06 -1.1581e-06
6.525 -1.40848e-06 -1.09323e-06
6.55 -1.33432e-06 -1.03303e-06
6.575 -1.26525e-06 -9.77179e-07
6.6 -1.20091e-06 -9.2537e-07
6.625 -1.14097e-06 -8.77304e-07
6.65 -1.08512e-06 -8.327e-07
6.675 -1.03306e-06 -7.91291e-07
6.7 -9.84489e-07 -7.52823e-07
6.725 -9.3915e-07 -7.17059e-07
6.75 -8.96782e-07 -6.83773e-07
6.775 -8.57145e-07 -6.52754e-07
6.8 -8.20012e-07 -6.23802e-07
6.825 -7.85169e-07 -5.96733e-07
6.85 -7.52417e-07 -5.71373e-07
6.875 -7.21571e-07 -5.47561e-07
6.9 -6.92458e-07 -5.25148e-07
6.925 -6.64918e-07 -5.03998e-07
6.95 -6.38803e-07 -4.83982e-07
6.975 -6.13978e-07 -4.64986e-07
7 -5.90318e-07 -4.46904e-07
7.025 -5.67711e-07 -4.29641e-07
7.05 -5.46054e-07 -4.13111e-07
7.075 -5.25254e-07 -3.97235e-07
7.1 -5.05229e-07 -3.81947e-07
7.125 -4.85905e-07 -3.67186e-07
7.15 -4.67218e-07 -3.52898e-07
7.175 -4.4911e-07 -3.39038e-07
7.2 -4.31532e-07 -3.25566e-07
7.225 -4.14442e-07 -3.12451e-07
7.25 -3.97804e-07 -2.99664e-07
7.275 -3.81588e-07 -2.87182e-07
7.3 -3.6577e-07 -2.7499e-07
7.325 -3.50331e-07 -2.63072e-07
7.35 -3.35255e-07 -2.51419e-07
7.375 -3.20532e-07 -2.40025e-07
7.4 -3.06153e-07 -2.28885e-07
7.425 -2.92114e-07 -2.18e-07
7.45 -2.78413e-07 -2.07368e-07
7.475 -2.65049e-07 -1.96993e-07
7.5 -2.52024e-07 -1.86877e-07
7.525 -2.3934e-07 -1.77026e-07
7.55 -2.27002e-07 -1.67444e-07
7.575 -2.15013e-07 -1.58137e-07
7.6 -2.03378e-07 -1.4911e-07
7.625 -1.92103e-07 -1.40368e-07
7.65 -1.81191e-07 -1.31916e-07
7.675 -1.70648e-07 -1.2376e-07
7.7 -1.60476e-07 -1.15902e-07
7.725 -1.5068e-07 -1.08346e-07
7.75 -1.41261e-07 -1.01094e-07
7.775 -1.32221e-07 -9.41478e-08
7.8 -1.23561e-07 -8.75081e-08
7.825 -1.1528e-07 -8.11744e-08
7.85 -1.07377e-07 -7.51453e-08
7.875 -9.98503e-08 -6.94188e-08
7.9 -9.26962e-08 -6.39918e-08
7.925 -8.59105e-08 -5.88602e-08
7.95 -7.94883e-08 -5.40195e-08
7.975 -7.34235e-08 -4.94642e-08
8 -6.77094e-08 -4.51882e-08
8.025 -6.23386e-08 -4.11848e-08
8.05 -5.73029e-08 -3.74467e-08
8.075 -5.25935e-08 -3.39662e-08
8.1 -4.82012e-08 -3.07352e-08
8.125 -4.41162e-08 -2.77453e-08
8.15 -4.03283e-08 -2.49878e-08
8.175 -3.68271e-08 -2.24538e-08
8.2 -3.36017e-08 -2.01341e-08
8.225 -3.06412e-08 -1.80196e-08
8.25 -2.79343e-08 -1.61011e-08
8.275 -2.54699e-08 -1.43694e-08
8.3 -2.32365e-08 -1.28151e-08
8.325 -2.12226e-08 -1.1429e-08
8.35 -1.9417e-08 -1.02021e-08
8.375 -1.78082e-08 -9.12513e-09
8.4 -1.63849e-08 -8.18921e-09
8.425 -1.51358e-08 -7.38543e-09
8.45 -1.40498e-08 -6.70504e-09
8.475 -1.31159e-08 -6.1394e-09
8.5 -1.23231e-08 -5.67999e-09
8.525 -1.16607e-08 -5.31845e-09
8.55 -1.11182e-08 -5.04657e-09
8.575 -1.06851e-08 -4.85626e-09
8.6 -1.03514e-08 -4.73962e-09
8.625 -1.01072e-08 -4.68891e-09
8.65 -9.94256e-09 -4.69657e-09
8.675 -9.84825e-09 -4.75523e-09
8.7 -9.81509e-09 -4.85774e-09
8.725 -9.83423e-09 -4.99717e-09
8.75 -9.89718e-09 -5.16682e-09
8.775 -9.99577e-09 -5.36026e-09
8.8 -1.01222e-08 -5.57135e-09
8.825 -1.02692e-08 -5.79423e-09
8.85 -1.04296e-08 -6.02337e-09
8.875 -1.05971e-08 -6.2536e-09
8.9 -1.07654e-08 -6.48008e-09
8.925 -1.09291e-08 -6.69837e-09
8.95 -1.1083e-08 -6.90441e-09
8.975 -1.12225e-08 -7.09457e-09
9 -1.13435e-08 -7.26563e-09
9.025 -1.14426e-08 -7.4148e-09
9.05 -1.15165e-08 -7.53973e-09
9.075 -1.15629e-08 -7.63851e-09
9.1 -1.15797e-08 -7.70966e-09
9.125 -1.15654e-08 -7.75214e-09
9.15 -1.1519e-08 -7.76531e-09
9.175 -1.14401e-08 -7.74895e-09
9.2 -1.13285e-08 -7.70323e-09
9.225 -1.11846e-08 -7.62867e-09
9.25 -1.10091e-08 -7.52615e-09
9.275 -1.08033e-08 -7.39683e-09
9.3 -1.05684e-08 -7.24217e-09
9.325 -1.03064e-08 -7.06388e-09
9.35 -1.00192e-08 -6.86388e-09
9.375 -9.70905e-09 -6.64424e-09
9.4 -9.37829e-09 -6.4072e-09
9.425 -9.02949e-09 -6.15507e-09
9.45 -8.66527e-09 -5.89024e-09
9.475 -8.28829e-09 -5.61513e-09
9.5 -7.90124e-09 -5.33213e-09
9.525 -7.5068e-09 -5.04359e-09
9.55 -7.10757e-09 -4.75182e-09
9.575 -6.70606e-09 -4.45899e-09
9.6 -6.3047e-09 -4.16716e-09
9.625 -5.90575e-09 -3.87825e-09
9.65 -5.51132e-09 -3.59402e-09
9.675 -5.12335e-09 -3.31603e-09
9.7 -4.74358e-09 -3.04567e-09
9.725 -4.37355e-09 -2.78414e-09
9.75 -4.01462e-09 -2.53244e-09
9.775 -3.66791e-09 -2.29136e-09
9.8 -3.33438e-09 -2.06151e-09
9.825 -3.01475e-09 -1.84332e-09
9.85 -2.70958e-09 -1.63705e-09
9.875 -2.41923e-09 -1.44277e-09
9.9 -2.14392e-09 -1.26044e-09
9.925 -1.88369e-09 -1.08988e-09
9.95 -1.63847e-09 -9.30772e-10
9.975 -1.40806e-09 -7.82737e-10
10 -1.19215e-09 -6.45305e-10
10.025 -9.90379e-10 -5.17951e-10
10.05 -8.02292e-10 -4.00112e-10
10.075 -6.27404e-10 -2.91205e-10
10.1 -4.65196e-10 -1.90644e-10
10.125 -3.15135e-10 -9.7851e-11
10.15 -1.76688e-10 -1.2276e-11
10.175 -4.9332e-11 6.65964e-11
10.2 6.74321e-11 1.39236e-10
10.225 1.74074e-10 2.06058e-10
10.25 2.71026e-10 2.6742e-10
10.275 3.5868e-10 3.23617e-10
10.3 4.37382e-10 3.74882e-10
10.325 5.07435e-10 4.21385e-10
10.35 5.69098e-10 4.63236e-10
10.375 6.22591e-10 5.00493e-10
10.4 6.68095e-10 5.33162e-10
10.425 7.05762e-10 5.61211e-10
10.45 7.35722e-10 5.84574e-10
10.475 7.58086e-10 6.03161e-10
10.5 7.72956e-10 6.16871e-10
10.525 7.80436e-10 6.25595e-10
10.55 7.80637e-10 6.29235e-10
10.575 7.73685e-10 6.27706e-10
10.6 7.59731e-10 6.2095e-10
10.625 7.38955e-10 6.08942e-10
10.65 7.11575e-10 5.91699e-10
10.675 6.77851e-10 5.69283e-10
10.7 6.38086e-10 5.41811e-10
10.725 5.92635e-10 5.09456e-10
10.75 5.41899e-10 4.72449e-10
10.775 4.86333e-10 4.31079e-10
10.8 4.26437e-10 3.85696e-10
10.825 3.62758e-10 3.36703e-10
10.85 2.95884e-10 2.84558e-10
10.875 2.26443e-10 2.29765e-10
10.9 1.5509e-10 1.7287e-10
10.925 8.25058e-11 1.14455e-10
10.95 9.38504e-12 5.51235e-11
10.975 -6.35692e-11 -4.49898e-12
11 -1.35656e-10 -6.37812e-11
11.025 -2.06185e-10 -1.22093e-10
11.05 -2.74488e-10 -1.78816e-10
11.075 -3.39922e-10 -2.33351e-10
11.1 -4.01887e-10 -2.85131e-10
11.125 -4.59825e-10 -3.33628e-10
11.15 -5.13234e-10 -3.78359e-10
11.175 -5.61673e-10 -4.18896e-10
11.2 -6.04765e-10 -4.54875e-10
11.225 -6.42207e-10 -4.85995e-10
11.25 -6.73768e-10 -5.12025e-10
11.275 -6.99296e-10 -5.32809e-10
11.3 -7.18717e-10 -5.48266e-10
11.325 -7.32034e-10 -5.58388e-10
11.35 -7.39327e-10 -5.63243e-10
11.375 -7.40751e-10 -5.62969e-10
11.4 -7.36531e-10 -5.57775e-10
11.425 -7.26957e-10 -5.47932e-10
11.45 -7.12379e-10 -5.33769e-10
11.475 -6.93201e-10 -5.15667e-10
11.5 -6.69871e-10 -4.94052e-10
11.525 -6.42876e-10 -4.69386e-10
11.55 -6.12732e-10 -4.42161e-10
11.575 -5.79975e-10 -4.12885e-10
11.6 -5.45155e-10 -3.82079e-10
11.625 -5.08822e-10 -3.50267e-10
11.65 -4.71521e-10 -3.17963e-10
11.675 -4.33786e-10 -2.8567e-10
11.7 -3.96124e-10 -2.53864e-10
11.725 -3.59019e-10 -2.22993e-10
11.75 -3.22913e-10 -1.9347e-10
11.775 -2.88213e-10 -1.65663e-10
11.8 -2.55274e-10 -1.39893e-10
11.825 -2.24407e-10 -1.16433e-10
11.85 -1.95864e-10 -9.54976e-11
11.875 -1.69846e-10 -7.72496e-11
11.9 -1.46497e-10 -6.17937e-11
11.925 -1.25904e-10 -4.91788e-11
11.95 -1.08103e-10 -3.93986e-11
11.975 -9.30731e-11 -3.23944e-11
12 -8.07457e-11 -2.80578e-11
12.025 -7.10057e-11 -2.62345e-11
12.05 -6.36959e-11 -2.6729e-11
12.075 -5.86223e-11 -2.93098e-11
12.1 -5.55592e-11 -3.37151e-11
12.125 -5.42553e-11 -3.96589e-11
12.15 -5.44395e-11 -4.68369e-11
12.175 -5.58272e-11 -5.49337e-11
12.2 -5.81265e-11 -6.36285e-11
12.225 -6.10443e-11 -7.26019e-11
12.25 -6.42922e-11 -8.15421e-11
12.275 -6.75924e-11 -9.01505e-11
12.3 -7.06827e-11 -9.81471e-11
12.325 -7.33212e-11 -1.05276e-10
12.35 -7.52909e-11 -1.11308e-10
12.375 -7.64028e-11 -1.16046e-10
12.4 -7.64994e-11 -1.1933e-10
12.425 -7.54565e-11 -1.21032e-10
12.45 -7.31849e-11 -1.21067e-10
12.475 -6.96316e-11 -1.19386e-10
12.5 -6.47792e-11 -1.15981e-10
12.525 -5.86461e-11 -1.10882e-10
12.55 -5.12846e-11 -1.04155e-10
12.575 -4.27794e-11 -9.59021e-11
12.6 -3.32451e-11 -8.62574e-11
12.625 -2.28232e-11 -7.53838e-11
12.65 -1.16786e-11 -6.34698e-11
12.675 4.00713e-15 -5.07252e-11
12.7 1.20241e-11 -3.73767e-11
12.725 2.417e-11 -2.36634e-11
12.75 3.62227e-11 -9.83227e-12
12.775 4.79611e-11 3.867e-12
12.8 5.91655e-11 1.71864e-11
12.825 6.96225e-11 2.98843e-11
12.85 7.9129e-11 4.17298e-11
12.875 8.74959e-11 5.25069e-11
12.9 9.45517e-11 6.20181e-11
12.925 1.00146e-10 7.00879e-11
12.95 1.0415e-10 7.6566e-11
12.975 1.06464e-10 8.1329e-11
13 1.07012e-10 8.4283e-11
13.025 1.05749e-10 8.53645e-11
13.05 1.0266e-10 8.45417e-11
13.075 9.77566e-11 8.18142e-11
13.1 9.10822e-11 7.7213e-11
13.125 8.27078e-11 7.07997e-11
13.15 7.27313e-11 6.26651e-11
13.175 6.12762e-11 5.29274e-11
13.2 4.84892e-11 4.173e-11
13.225 3.45375e-11 2.92387e-11
13.25 1.96061e-11 1.5639e-11
13.275 3.89491e-12 1.1329e-12
13.3 -1.23848e-11 -1.40649e-11
13.325 -2.90139e-11 -2.97304e-11
13.35 -4.57686e-11 -4.56337e-11
13.375 -6.24242e-11 -6.15431e-11
13.4 -7.87587e-11 -7.72289e-11
13.425 -9.45558e-11 -9.24665e-11
13.45 -1.09609e-10 -1.0704e-10
13.475 -1.23723e-10 -1.20746e-10
13.5 -1.36719e-10 -1.33397e-10
13.525 -1.48435e-10 -1.4482e-10
13.55 -1.5873e-10 -1.54867e-10
13.575 -1.67482e-10 -1.63408e-10
13.6 -1.74596e-10 -1.70339e-10
13.625 -1.8e-10 -1.7558e-10
13.65 -1.83646e-10 -1.79079e-10
13.675 -1.85512e-10 -1.80808e-10
13.7 -1.85603e-10 -1.80766e-10
13.725 -1.83948e-10 -1.78978e-10
13.75 -1.80599e-10 -1.75496e-10
13.775 -1.75634e-10 -1.70392e-10
13.8 -1.6915e-10 -1.63765e-10
13.825 -1.61265e-10 -1.55731e-10
13.85 -1.52114e-10 -1.46426e-10
13.875 -1.41848e-10 -1.36004e-10
13.9 -1.30631e-10 -1.2463e-10
13.925 -1.18638e-10 -1.12481e-10
13.95 -1.0605e-10 -9.97439e-11
13.975 -9.30559e-11 -8.66089e-11
14 -7.98442e-11 -7.32698e-11
14.025 -6.66041e-11 -5.99199e-11
14.05 -5.35214e-11 -4.67497e-11
14.075 -4.07759e-11 -3.39436e-11
14.1 -2.85396e-11 -2.16781e-11
14.125 -1.69737e-11 -1.01186e-11
14.15 -6.22697e-12 5.8213e-13
14.175 3.56635e-12 1.0286e-11
14.2 1.2288e-11 1.88716e-11
14.225 1.98369e-11 2.62352e-11
14.25 2.61307e-11 3.22923e-11
14.275 3.1106e-11 3.69781e-11
14.3 3.47193e-11 4.02482e-11
14.325 3.69468e-11 4.20787e-11
14.35 3.77847e-11 4.24665e-11
14.375 3.72485e-11 4.14284e-11
14.4 3.53725e-11 3.9001e-11
14.425 3.22093e-11 3.52395e-11
14.45 2.78279e-11 3.02166e-11
14.475 2.23133e-11 2.40212e-11
14.5 1.57643e-11 1.67569e-11
14.525 8.29203e-12 8.54028e-12
14.55 1.85694e-14 -5.00981e-13
14.575 -8.9255e-12 -1.02301e-11
14.6 -1.84027e-11 -2.05031e-11
14.625 -2.8271e-11 -3.11711e-11
14.65 -3.83852e-11 -4.20823e-11
14.675 -4.85999e-11 -5.30839e-11
14.7 -5.87705e-11 -6.40247e-11
14.725 -6.8756e-11 -7.47564e-11
14.75 -7.84199e-11 -8.51362e-11
14.775 -8.7633e-11 -9.50281e-11
14.8 -9.62739e-11 -1.04305e-10
14.825 -1.04231e-10 -1.12849e-10
14.85 -1.11405e-10 -1.20556e-10
14.875 -1.17706e-10 -1.27331e-10
14.9 -1.23059e-10 -1.33096e-10
14.925 -1.27403e-10 -1.37785e-10
14.95 -1.30692e-10 -1.41349e-10
14.975 -1.32891e-10 -1.43754e-10
15 -1.33983e-10 -1.44978e-10
15.025 -1.33966e-10 -1.4502e-10
15.05 -1.3285e-10 -1.4389e-10
15.075 -1.3066e-10 -1.41614e-10
15.1 -1.27435e-10 -1.38233e-10
15.125 -1.23227e-10 -1.33799e-10
15.15 -1.18097e-10 -1.28379e-10
15.175 -1.1212e-10 -1.2205e-10
15.2 -1.05379e-10 -1.149e-10
15.225 -9.79655e-11 -1.07024e-10
15.25 -8.99773e-11 -9.85255e-11
15.275 -8.15188e-11 -8.95153e-11
15.3 -7.26983e-11 -8.01073e-11
15.325 -6.3627e-11 -7.04189e-11
15.35 -5.44172e-11 -6.05694e-11
15.375 -4.51816e-11 -5.06779e-11
15.4 -3.60311e-11 -4.08623e-11
15.425 -2.70742e-11 -3.1238e-11
15.45 -1.84152e-11 -2.19161e-11
15.475 -1.01533e-11 -1.30027e-11
15.5 -2.38144e-12 -4.59724e-12
15.525 4.81459e-12 3.20819e-12
15.55 1.13573e-11 1.033e-11
15.575 1.7178e-11 1.66937e-11
15.6 2.22175e-11 2.2235e-11
15.625 2.64269e-11 2.68999e-11
15.65 2.97676e-11 3.06454e-11
15.675 3.22116e-11 3.34398e-11
15.7 3.37419e-11 3.52626e-11
15.725 3.43523e-11 3.61048e-11
15.75 3.40474e-11 3.59687e-11
15.775 3.2842e-11 3.48677e-11
15.8 3.07613e-11 3.28258e-11
15.825 2.784e-11 2.98774e-11
15.85 2.4122e-11 2.60663e-11
15.875 1.96596e-11 2.14457e-11
15.9 1.45126e-11 1.60767e-11
15.925 8.7482e-12 1.0028e-11
15.95 2.43924e-12 3.37509e-12
15.975 -4.33605e-12 -3.80121e-12
16 -1.14953e-11 -1.14152e-11
16.025 -1.89527e-11 -1.93777e-11
16.05 -2.66203e-11 -2.75965e-11
16.075 -3.44087e-11 -3.59781e-11
16.1 -4.22281e-11 -4.44281e-11
16.125 -4.99895e-11 -5.28525e-11
16.15 -5.7605e-11 -6.11586e-11
16.175 -6.49894e-11 -6.9256e-11
16.2 -7.20604e-11 -7.70573e-11
16.225 -7.874e-11 -8.4479e-11
16.25 -8.49547e-11 -9.14425e-11
16.275 -9.06363e-11 -9.78743e-11
16.3 -9.57228e-11 -1.03707e-10
16.325 -1.00159e-10 -1.08881e-10
16.35 -1.03895e-10 -1.13341e-10
16.375 -1.0689e-10 -1.17042e-10
16.4 -1.0911e-10 -1.19945e-10
16.425 -1.10529e-10 -1.22019e-10
16.45 -1.11128e-10 -1.23244e-10
16.475 -1.10898e-10 -1.23604e-10
16.5 -1.09835e-10 -1.23094e-10
16.525 -1.07945e-10 -1.21716e-10
16.55 -1.05241e-10 -1.1948e-10
16.575 -1.01743e-10 -1.16405e-10
16.6 -9.7478e-11 -1.12515e-10
16.625 -9.24807e-11 -1.07844e-10
16.65 -8.6791e-11 -1.02431e-10
16.675 -8.0455e-11 -9.63197e-11
16.7 -7.35242e-11 -8.95626e-11
16.725 -6.60547e-11 -8.22155e-11
16.75 -5.8107e-11 -7.4339e-11
16.775 -4.97451e-11 -6.59977e-11
16.8 -4.10362e-11 -5.72598e-11
16.825 -3.20498e-11 -4.8196e-11
16.85 -2.28571e-11 -3.8879e-11
16.875 -1.35308e-11 -2.93832e-11
16.9 -4.14399e-12 -1.97837e-11
16.925 5.23029e-12 -1.01557e-11
16.95 1.45195e-11 -5.74178e-13
16.975 2.36522e-11 8.88695e-12
17 3.25588e-11 1.81553e-11
17.025 4.11718e-11 2.71606e-11
17.05 4.94262e-11 3.5835e-11
17.075 5.72604e-11 4.41139e-11
17.1 6.46161e-11 5.1936e-11
17.125 7.14388e-11 5.92437e-11
17.15 7.76783e-11 6.59838e-11
17.175 8.32889e-11 7.21076e-11
17.2 8.82294e-11 7.75708e-11
17.225 9.24635e-11 8.23343e-11
17.25 9.59601e-11 8.6364e-11
17.275 9.86931e-11 8.9631e-11
17.3 1.00642e-10 9.21118e-11
17.325 1.0179e-10 9.37882e-11
17.35 1.02127e-10 9.46471e-11
17.375 1.01649e-10 9.4681e-11
17.4 1.00354e-10 9.38874e-11
17.425 9.8247e-11 9.22689e-11
17.45 9.53379e-11 8.98332e-11
17.475 9.16405e-11 8.65925e-11
17.5 8.71731e-11 8.25638e-11
17.525 8.19582e-11 7.77681e-11
17.55 7.60223e-11 7.22308e-11
17.575 6.93953e-11 6.59809e-11
17.6 6.21107e-11 5.9051e-11
17.625 5.42048e-11 5.14767e-11
17.65 4.57167e-11 4.32968e-11
17.675 3.6688e-11 3.45524e-11
17.7 2.71623e-11 2.5287e-11
17.725 1.7185e-11 1.55458e-11
17.75 6.80284e-12 5.37583e-12
17.775 -3.9362e-12 -5.17477e-12
17.8 -1.49834e-11 -1.60569e-11
17.825 -2.62894e-11 -2.72208e-11
17.85 -3.78049e-11 -3.86166e-11
17.875 -4.94805e-11 -5.01941e-11
17.9 -6.12672e-11 -6.19037e-11
17.925 -7.31165e-11 -7.3696e-11
17.95 -8.49811e-11 -8.55228e-11
17.975 -9.68145e-11 -9.73366e-11
18 -1.08572e-10 -1.09091e-10
18.025 -1.20209e-10 -1.20743e-10
18.05 -1.31685e-10 -1.32247e-10
18.075 -1.42959e-10 -1.43564e-10
18.1 -1.53993e-10 -1.54654e-10
18.125 -1.64752e-10 -1.6548e-10
18.15 -1.75202e-10 -1.76008e-10
18.175 -1.85311e-10 -1.86205e-10
18.2 -1.95052e-10 -1.96041e-10
18.225 -2.04396e-10 -2.05489e-10
18.25 -2.13322e-10 -2.14523e-10
18.275 -2.21806e-10 -2.23121e-10
18.3 -2.29831e-10 -2.31264e-10
18.325 -2.37379e-10 -2.38933e-10
18.35 -2.44438e-10 -2.46115e-10
18.375 -2.50995e-10 -2.52796e-10
18.4 -2.57043e-10 -2.58968e-10
18.425 -2.62573e-10 -2.64622e-10
18.45 -2.67583e-10 -2.69754e-10
18.475 -2.72069e-10 -2.74361e-10
18.5 -2.76032e-10 -2.78441e-10
18.525 -2.79475e-10 -2.81998e-10
18.55 -2.824e-10 -2.85033e-10
18.575 -2.84814e-10 -2.87553e-10
18.6 -2.86724e-10 -2.89565e-10
18.625 -2.8814e-10 -2.91077e-10
18.65 -2.89072e-10 -2.92099e-10
18.675 -2.89533e-10 -2.92643e-10
18.7 -2.89534e-10 -2.92723e-10
18.725 -2.89092e-10 -2.92353e-10
18.75 -2.88221e-10 -2.91547e-10
18.775 -2.86938e-10 -2.90323e-10
18.8 -2.8526e-10 -2.88696e-10
18.825 -2.83204e-10 -2.86685e-10
18.85 -2.80789e-10 -2.84309e-10
18.875 -2.78034e-10 -2.81585e-10
18.9 -2.74958e-10 -2.78534e-10
18.925 -2.71581e-10 -2.75175e-10
18.95 -2.67921e-10 -2.71527e-10
18.975 -2.63999e-10 -2.6761e-10
19 -2.59834e-10 -2.63445e-10
19.025 -2.55446e-10 -2.5905e-10
19.05 -2.50854e-10 -2.54446e-10
19.075 -2.46077e-10 -2.49651e-10
19.1 -2.41134e-10 -2.44685e-10
19.125 -2.36044e-10 -2.39566e-10
19.15 -2.30824e-10 -2.34314e-10
19.175 -2.25492e-10 -2.28944e-10
19.2 -2.20065e-10 -2.23475e-10
19.225 -2.1456e-10 -2.17924e-10
19.25 -2.08991e-10 -2.12306e-10
19.275 -2.03376e-10 -2.06638e-10
19.3 -1.97727e-10 -2.00933e-10
19.325 -1.9206e-10 -1.95207e-10
19.35 -1.86387e-10 -1.89473e-10
19.375 -1.8072e-10 -1.83743e-10
19.4 -1.75073e-10 -1.7803e-10
19.425 -1.69456e-10 -1.72345e-10
19.45 -1.63879e-10 -1.66699e-10
19.475 -1.58353e-10 -1.61102e-10
19.5 -1.52885e-10 -1.55563e-10
19.525 -1.47486e-10 -1.50092e-10
19.55 -1.42162e-10 -1.44695e-10
19.575 -1.36921e-10 -1.39381e-10
19.6 -1.31769e-10 -1.34155e-10
19.625 -1.26711e-10 -1.29024e-10
19.65 -1.21754e-10 -1.23993e-10
19.675 -1.16901e-10 -1.19067e-10
19.7 -1.12157e-10 -1.1425e-10
19.725 -1.07525e-10 -1.09546e-10
19.75 -1.03008e-10 -1.04958e-10
19.775 -9.86084e-11 -1.00488e-10
19.8 -9.43284e-11 -9.61383e-11
19.825 -9.01694e-11 -9.19109e-11
19.85 -8.61326e-11 -8.78068e-11
19.875 -8.22186e-11 -8.38268e-11
19.9 -7.84277e-11 -7.99713e-11
19.925 -7.476e-11 -7.62403e-11
19.95 -7.1215e-11 -7.26335e-11
19.975 -6.77921e-11 -6.91503e-11
20 -6.44903e-11 -6.57897e-11
