0 0.265194 0.265198 -0.00157863 0.13181
0.025 0.265194 0.265198 -0.00157863 0.13181
0.05 0.265133 0.26515 -0.00157995 0.131785
0.075 0.26503 0.26507 -0.00158214 0.131744
0.1 0.264886 0.264957 -0.00158518 0.131686
0.125 0.264701 0.264811 -0.00158905 0.131611
0.15 0.264473 0.264632 -0.00159373 0.131519
0.175 0.264203 0.264418 -0.00159918 0.131409
0.2 0.26389 0.264169 -0.00160537 0.131282
0.225 0.263533 0.263885 -0.00161225 0.131136
0.25 0.263131 0.263563 -0.00161977 0.130972
0.275 0.262685 0.263204 -0.00162789 0.130788
0.3 0.262191 0.262806 -0.00163654 0.130584
0.325 0.261651 0.262367 -0.00164565 0.130361
0.35 0.261063 0.261886 -0.00165518 0.130116
0.375 0.260426 0.261363 -0.00166504 0.129849
0.4 0.259738 0.260795 -0.00167517 0.12956
0.425 0.258999 0.260181 -0.00168548 0.129248
0.45 0.258208 0.259519 -0.0016959 0.128912
0.475 0.257364 0.258809 -0.00170636 0.128551
0.5 0.256465 0.258048 -0.00171676 0.128166
0.525 0.255511 0.257235 -0.00172704 0.127754
0.55 0.2545 0.256369 -0.00173709 0.127316
0.575 0.253431 0.255447 -0.00174685 0.12685
0.6 0.252304 0.254469 -0.00175622 0.126356
0.625 0.251117 0.253432 -0.00176512 0.125834
0.65 0.24987 0.252337 -0.00177348 0.125282
0.675 0.248561 0.25118 -0.0017812 0.124699
0.7 0.24719 0.249961 -0.00178821 0.124087
0.725 0.245756 0.248679 -0.00179444 0.123442
0.75 0.244259 0.247333 -0.00179981 0.122767
0.775 0.242697 0.245922 -0.00180424 0.122059
0.8 0.241071 0.244444 -0.00180767 0.121318
0.825 0.239381 0.242899 -0.00181003 0.120544
0.85 0.237625 0.241286 -0.00181127 0.119737
0.875 0.235804 0.239605 -0.00181132 0.118897
0.9 0.233918 0.237856 -0.00181013 0.118023
0.925 0.231967 0.236038 -0.00180765 0.117115
0.95 0.229951 0.23415 -0.00180384 0.116173
0.975 0.227871 0.232194 -0.00179867 0.115198
1 0.225727 0.230169 -0.00179209 0.114189
1.025 0.223519 0.228076 -0.00178408 0.113146
1.05 0.22125 0.225914 -0.00177462 0.11207
1.075 0.218919 0.223686 -0.00176369 0.110961
1.1 0.216527 0.221391 -0.00175128 0.10982
1.125 0.214077 0.219031 -0.00173738 0.108647
1.15 0.211568 0.216606 -0.00172199 0.107442
1.175 0.209003 0.214118 -0.00170512 0.106207
1.2 0.206383 0.211569 -0.00168678 0.104941
1.225 0.203711 0.20896 -0.00166699 0.103647
1.25 0.200986 0.206293 -0.00164575 0.102323
1.275 0.198213 0.203569 -0.00162311 0.100973
1.3 0.195392 0.200791 -0.00159909 0.099596
1.325 0.192527 0.197961 -0.00157373 0.0981937
1.35 0.189618 0.195081 -0.00154707 0.0967671
1.375 0.186669 0.192154 -0.00151915 0.0953174
1.4 0.183683 0.189182 -0.00149003 0.0938458
1.425 0.180661 0.186167 -0.00145975 0.0923538
1.45 0.177606 0.183113 -0.00142837 0.0908424
1.475 0.174521 0.180022 -0.00139595 0.0893132
1.5 0.171408 0.176898 -0.00136256 0.0877676
1.525 0.168272 0.173742 -0.00132826 0.086207
1.55 0.165113 0.170559 -0.00129312 0.0846328
1.575 0.161936 0.167351 -0.00125721 0.0830467
1.6 0.158743 0.164121 -0.0012206 0.08145
1.625 0.155537 0.160872 -0.00118336 0.0798444
1.65 0.152322 0.157608 -0.00114557 0.0782314
1.675 0.149099 0.154332 -0.00110731 0.0766125
1.7 0.145872 0.151047 -0.00106865 0.0749894
1.725 0.142644 0.147757 -0.00102967 0.0733635
1.75 0.139418 0.144463 -0.000990446 0.0717365
1.775 0.136197 0.141171 -0.000951051 0.0701098
1.8 0.132983 0.137882 -0.000911561 0.068485
1.825 0.12978 0.134599 -0.000872052 0.0668636
1.85 0.12659 0.131327 -0.000832598 0.0652472
1.875 0.123416 0.128067 -0.000793269 0.0636371
1.9 0.12026 0.124824 -0.000754137 0.0620347
1.925 0.117126 0.121598 -0.00071527 0.0604416
1.95 0.114015 0.118395 -0.000676735 0.058859
1.975 0.11093 0.115215 -0.000638594 0.0572883
2 0.107874 0.112062 -0.00060091 0.0557307
2.025 0.104849 0.108939 -0.000563742 0.0541875
2.05 0.101856 0.105847 -0.000527145 0.0526599
2.075 0.0988984 0.102789 -0.000491173 0.051149
2.1 0.0959778 0.0997676 -0.000455875 0.0496559
2.125 0.0930959 0.0967844 -0.0004213 0.0481815
2.15 0.0902547 0.0938416 -0.000387489 0.046727
2.175 0.0874557 0.090941 -0.000354484 0.0452932
2.2 0.0847006 0.0880844 -0.000322322 0.043881
2.225 0.0819907 0.0852735 -0.000291036 0.0424912
2.25 0.0793274 0.0825098 -0.000260657 0.0411246
2.275 0.076712 0.0797946 -0.000231211 0.0397817
2.3 0.0741456 0.0771294 -0.000202723 0.0384633
2.325 0.0716292 0.0745152 -0.000175211 0.03717
2.35 0.0691636 0.071953 -0.000148694 0.0359022
2.375 0.0667497 0.0694439 -0.000123185 0.0346604
2.4 0.0643881 0.0669886 -9.86937e-05 0.033445
2.425 0.0620795 0.0645878 -7.52282e-05 0.0322563
2.45 0.0598243 0.0622421 -5.27927e-05 0.0310947
2.475 0.0576229 0.059952 -3.13886e-05 0.0299603
2.5 0.0554756 0.0577177 -1.10146e-05 0.0288533
2.525 0.0533824 0.0555396 8.33345e-06 0.027774
2.55 0.0513436 0.0534179 2.66621e-05 0.0267223
2.575 0.0493592 0.0513525 4.39804e-05 0.0256982
2.6 0.0474289 0.0493434 6.02997e-05 0.0247018
2.625 0.0455527 0.0473904 7.56336e-05 0.023733
2.65 0.0437303 0.0454934 8.99977e-05 0.0227917
2.675 0.0419614 0.0436521 0.000103409 0.0218777
2.7 0.0402455 0.0418659 0.000115888 0.0209909
2.725 0.0385823 0.0401346 0.000127454 0.020131
2.75 0.036971 0.0384575 0.00013813 0.0192978
2.775 0.0354112 0.036834 0.000147939 0.0184909
2.8 0.0339023 0.0352634 0.000156907 0.0177102
2.825 0.0324434 0.0337451 0.000165059 0.0169551
2.85 0.0310338 0.0322782 0.000172422 0.0162253
2.875 0.0296727 0.0308619 0.000179022 0.0155205
2.9 0.0283593 0.0294954 0.000184889 0.0148401
2.925 0.0270927 0.0281776 0.000190051 0.0141838
2.95 0.025872 0.0269078 0.000194536 0.0135512
2.975 0.0246962 0.0256848 0.000198374 0.0129416
3 0.0235644 0.0245076 0.000201595 0.0123546
3.025 0.0224755 0.0233753 0.000204227 0.0117898
3.05 0.0214286 0.0222867 0.0002063 0.0112465
3.075 0.0204226 0.0212407 0.000207844 0.0107243
3.1 0.0194564 0.0202364 0.000208886 0.0102226
3.125 0.0185291 0.0192725 0.000209456 0.00974097
3.15 0.0176395 0.0183479 0.000209582 0.00927875
3.175 0.0167866 0.0174616 0.000209292 0.00883543
3.2 0.0159692 0.0166123 0.000208612 0.00841047
3.225 0.0151865 0.0157991 0.00020757 0.00800332
3.25 0.0144372 0.0150207 0.00020619 0.00761343
3.275 0.0137203 0.014276 0.000204499 0.00724026
3.3 0.0130348 0.013564 0.000202521 0.00688327
3.325 0.0123796 0.0128836 0.000200279 0.00654192
3.35 0.0117537 0.0122336 0.000197797 0.00621569
3.375 0.011156 0.011613 0.000195095 0.00590405
3.4 0.0105856 0.0110208 0.000192197 0.00560648
3.425 0.0100415 0.0104558 0.000189121 0.00532248
3.45 0.00952276 0.0099172 0.000185887 0.00505155
3.475 0.00902832 0.00940387 0.000182515 0.00479319
3.5 0.00855731 0.00891485 0.00017902 0.00454693
3.525 0.00810879 0.00844919 0.000175421 0.0043123
3.55 0.00768189 0.00800595 0.000171733 0.00408884
3.575 0.00727572 0.00758424 0.000167971 0.0038761
3.6 0.00688944 0.00718314 0.000164149 0.00367365
3.625 0.00652221 0.00680181 0.000160281 0.00348105
3.65 0.00617325 0.00643941 0.000156378 0.00329789
3.675 0.00584175 0.00609511 0.000152453 0.00312378
3.7 0.00552697 0.00576812 0.000148517 0.00295832
3.725 0.00522816 0.00545769 0.000144579 0.00280114
3.75 0.00494463 0.00516307 0.000140649 0.00265186
3.775 0.00467567 0.00488355 0.000136735 0.00251014
3.8 0.00442062 0.00461842 0.000132845 0.00237563
3.825 0.00417884 0.00436704 0.000128987 0.00224801
3.85 0.00394972 0.00412874 0.000125167 0.00212696
3.875 0.00373264 0.00390292 0.000121392 0.00201216
3.9 0.00352705 0.00368898 0.000117665 0.00190332
3.925 0.00333238 0.00348635 0.000113993 0.00180017
3.95 0.00314811 0.00329447 0.00011038 0.00170242
3.975 0.00297373 0.00311282 0.000106829 0.00160982
4 0.00280874 0.00294089 0.000103344 0.00152212
4.025 0.00265268 0.0027782 9.99272e-05 0.00143906
4.05 0.00250509 0.00262429 9.65816e-05 0.00136043
4.075 0.00236555 0.0024787 9.3309e-05 0.001286
4.1 0.00223365 0.00234102 9.01111e-05 0.00121557
4.125 0.002109 0.00221084 8.69893e-05 0.00114891
4.15 0.0019912 0.00208777 8.39446e-05 0.00108586
4.175 0.00187992 0.00197145 8.09778e-05 0.00102621
4.2 0.0017748 0.00186151 7.80892e-05 0.0009698
4.225 0.00167553 0.00175763 7.52791e-05 0.000916456
4.25 0.00158178 0.00165949 7.25474e-05 0.000866018
4.275 0.00149326 0.00156677 6.98939e-05 0.000818334
4.3 0.00140969 0.0014792 6.73181e-05 0.00077326
4.325 0.00133081 0.00139649 6.48195e-05 0.000730657
4.35 0.00125636 0.00131839 6.23972e-05 0.000690394
4.375 0.00118609 0.00124464 6.00504e-05 0.000652346
4.4 0.00111977 0.00117501 5.77781e-05 0.000616394
4.425 0.0010572 0.00110927 5.5579e-05 0.000582426
4.45 0.000998156 0.00104722 5.3452e-05 0.000550334
4.475 0.000942447 0.00098864 5.13957e-05 0.000520018
4.5 0.000889887 0.000933352 4.94087e-05 0.00049138
4.525 0.0008403 0.00088117 4.74896e-05 0.00046433
4.55 0.000793518 0.000831923 4.56368e-05 0.00043878
4.575 0.000749384 0.000785448 4.38489e-05 0.000414648
4.6 0.000707748 0.00074159 4.21241e-05 0.000391857
4.625 0.00066847 0.000700205 4.0461e-05 0.000370333
4.65 0.000631414 0.000661154 3.88579e-05 0.000350006
4.675 0.000596456 0.000624306 3.73131e-05 0.000330809
4.7 0.000563475 0.000589537 3.58251e-05 0.000312681
4.725 0.000532359 0.000556732 3.43921e-05 0.000295562
4.75 0.000503001 0.000525779 3.30125e-05 0.000279396
4.775 0.000475302 0.000496575 3.16848e-05 0.00026413
4.8 0.000449165 0.00046902 3.04072e-05 0.000249713
4.825 0.000424502 0.000443021 2.91783e-05 0.0002361
4.85 0.000401228 0.00041849 2.79963e-05 0.000223243
4.875 0.000379263 0.000395345 2.68599e-05 0.000211102
4.9 0.000358533 0.000373506 2.57674e-05 0.000199637
4.925 0.000338967 0.0003529 2.47174e-05 0.000188809
4.95 0.000320497 0.000333456 2.37084e-05 0.000178582
4.975 0.000303062 0.000315108 2.2739e-05 0.000168923
5 0.000286601 0.000297794 2.18078e-05 0.000159801
5.025 0.000271059 0.000281455 2.09133e-05 0.000151184
5.05 0.000256383 0.000266036 2.00544e-05 0.000143045
5.075 0.000242524 0.000251484 1.92296e-05 0.000135357
5.1 0.000229435 0.00023775 1.84377e-05 0.000128094
5.125 0.000217073 0.000224787 1.76776e-05 0.000121232
5.15 0.000205394 0.00021255 1.6948e-05 0.000114749
5.175 0.000194362 0.000201 1.62477e-05 0.000108624
5.2 0.000183938 0.000190095 1.55757e-05 0.000102836
5.225 0.000174088 0.000179801 1.49308e-05 9.73658e-05
5.25 0.00016478 0.000170081 1.43121e-05 9.21964e-05
5.275 0.000155982 0.000160903 1.37185e-05 8.73105e-05
5.3 0.000147667 0.000152236 1.31489e-05 8.26923e-05
5.325 0.000139806 0.00014405 1.26026e-05 7.83265e-05
5.35 0.000132373 0.00013632 1.20786e-05 7.4199e-05
5.375 0.000125346 0.000129017 1.15759e-05 7.02965e-05
5.4 0.0001187 0.000122119 1.10937e-05 6.66063e-05
5.425 0.000112415 0.000115601 1.06313e-05 6.31164e-05
5.45 0.00010647 0.000109443 1.01878e-05 5.98156e-05
5.475 0.000100846 0.000103624 9.76254e-06 5.66934e-05
5.5 9.55251e-05 9.81249e-05 9.35467e-06 5.37398e-05
5.525 9.04903e-05 9.29268e-05 8.96353e-06 5.09452e-05
5.55 8.57256e-05 8.80132e-05 8.58846e-06 4.83008e-05
5.575 8.1216e-05 8.33678e-05 8.22879e-06 4.57983e-05
5.6 7.69474e-05 7.89754e-05 7.88391e-06 4.34297e-05
5.625 7.29063e-05 7.48218e-05 7.55321e-06 4.11875e-05
5.65 6.90802e-05 7.08934e-05 7.23611e-06 3.90648e-05
5.675 6.54572e-05 6.71776e-05 6.93206e-06 3.70548e-05
5.7 6.20261e-05 6.36623e-05 6.64052e-06 3.51514e-05
5.725 5.87763e-05 6.03363e-05 6.36098e-06 3.33487e-05
5.75 5.5698e-05 5.7189e-05 6.09295e-06 3.1641e-05
5.775 5.27817e-05 5.42102e-05 5.83596e-06 3.00231e-05
5.8 5.00187e-05 5.13907e-05 5.58955e-06 2.84901e-05
5.825 4.74005e-05 4.87214e-05 5.3533e-06 2.70373e-05
5.85 4.49194e-05 4.6194e-05 5.12678e-06 2.56604e-05
5.875 4.25679e-05 4.38006e-05 4.90959e-06 2.43551e-05
5.9 4.03391e-05 4.15337e-05 4.70135e-06 2.31175e-05
5.925 3.82264e-05 3.93864e-05 4.5017e-06 2.1944e-05
5.95 3.62236e-05 3.7352e-05 4.31028e-06 2.08311e-05
5.975 3.43249e-05 3.54242e-05 4.12675e-06 1.97755e-05
6 3.25246e-05 3.35972e-05 3.9508e-06 1.8774e-05
6.025 3.08177e-05 3.18655e-05 3.7821e-06 1.78238e-05
6.05 2.91993e-05 3.02238e-05 3.62037e-06 1.69221e-05
6.075 2.76646e-05 2.86673e-05 3.46532e-06 1.60663e-05
6.1 2.62093e-05 2.71912e-05 3.31668e-06 1.5254e-05
6.125 2.48293e-05 2.57913e-05 3.17418e-06 1.44827e-05
6.15 2.35207e-05 2.44633e-05 3.03758e-06 1.37505e-05
6.175 2.22798e-05 2.32035e-05 2.90663e-06 1.30551e-05
6.2 2.11031e-05 2.20081e-05 2.78111e-06 1.23946e-05
6.225 1.99873e-05 2.08737e-05 2.66079e-06 1.17673e-05
6.25 1.89294e-05 1.97971e-05 2.54547e-06 1.11713e-05
6.275 1.79263e-05 1.87752e-05 2.43494e-06 1.06051e-05
6.3 1.69753e-05 1.78051e-05 2.32901e-06 1.0067e-05
6.325 1.60737e-05 1.6884e-05 2.2275e-06 9.55577e-06
6.35 1.5219e-05 1.60095e-05 2.13022e-06 9.06987e-06
6.375 1.44089e-05 1.51791e-05 2.037e-06 8.60806e-06
6.4 1.36411e-05 1.43905e-05 1.94769e-06 8.16911e-06
6.425 1.29134e-05 1.36416e-05 1.86212e-06 7.75187e-06
6.45 1.22238e-05 1.29303e-05 1.78015e-06 7.35524e-06
6.475 1.15705e-05 1.22548e-05 1.70163e-06 6.97821e-06
6.5 1.09515e-05 1.16132e-05 1.62641e-06 6.61979e-06
6.525 1.03651e-05 1.10038e-05 1.55438e-06 6.27907e-06
6.55 9.8097e-06 1.0425e-05 1.4854e-06 5.95519e-06
6.575 9.28369e-06 9.87528e-06 1.41935e-06 5.64731e-06
6.6 8.78555e-06 9.35324e-06 1.35611e-06 5.35468e-06
6.625 8.31389e-06 8.8575e-06 1.29557e-06 5.07654e-06
6.65 7.86732e-06 8.38678e-06 1.23762e-06 4.8122e-06
6.675 7.44457e-06 7.93986e-06 1.18216e-06 4.56101e-06
6.7 7.0444e-06 7.5156e-06 1.12909e-06 4.32235e-06
6.725 6.66564e-06 7.11291e-06 1.07831e-06 4.09561e-06
6.75 6.30717e-06 6.73074e-06 1.02973e-06 3.88023e-06
6.775 5.96795e-06 6.36814e-06 9.83254e-07 3.67569e-06
6.8 5.64695e-06 6.02415e-06 9.38808e-07 3.48148e-06
6.825 5.34323e-06 5.69791e-06 8.96306e-07 3.29711e-06
6.85 5.05587e-06 5.38857e-06 8.55669e-07 3.12212e-06
6.875 4.784e-06 5.09533e-06 8.16822e-07 2.95607e-06
6.9 4.52681e-06 4.81742e-06 7.79691e-07 2.79856e-06
6.925 4.28351e-06 4.55413e-06 7.44206e-07 2.64917e-06
6.95 4.05336e-06 4.30476e-06 7.10301e-07 2.50753e-06
6.975 3.83566e-06 4.06865e-06 6.7791e-07 2.37328e-06
7 3.62975e-06 3.84516e-06 6.46971e-07 2.24607e-06
7.025 3.435e-06 3.6337e-06 6.17424e-07 2.12556e-06
7.05 3.25081e-06 3.43368e-06 5.89211e-07 2.01144e-06
7.075 3.07661e-06 3.24454e-06 5.62277e-07 1.90341e-06
7.1 2.91188e-06 3.06577e-06 5.36569e-07 1.80117e-06
7.125 2.7561e-06 2.89684e-06 5.12034e-07 1.70444e-06
7.15 2.6088e-06 2.73728e-06 4.88625e-07 1.61295e-06
7.175 2.46953e-06 2.58662e-06 4.66292e-07 1.52646e-06
7.2 2.33787e-06 2.4444e-06 4.44991e-07 1.4447e-06
7.225 2.21341e-06 2.31021e-06 4.24676e-07 1.36744e-06
7.25 2.09577e-06 2.18362e-06 4.05307e-07 1.29447e-06
7.275 1.98459e-06 2.06425e-06 3.86842e-07 1.22555e-06
7.3 1.87954e-06 1.95172e-06 3.69241e-07 1.16048e-06
7.325 1.78029e-06 1.84566e-06 3.52468e-07 1.09906e-06
7.35 1.68654e-06 1.74573e-06 3.36485e-07 1.04111e-06
7.375 1.59801e-06 1.65159e-06 3.21258e-07 9.86426e-07
7.4 1.51442e-06 1.56294e-06 3.06753e-07 9.34846e-07
7.425 1.43552e-06 1.47946e-06 2.92939e-07 8.862e-07
7.45 1.36106e-06 1.40087e-06 2.79783e-07 8.40328e-07
7.475 1.2908e-06 1.3269e-06 2.67256e-07 7.97076e-07
7.5 1.22454e-06 1.25727e-06 2.55329e-07 7.56299e-07
7.525 1.16205e-06 1.19174e-06 2.43975e-07 7.17858e-07
7.55 1.10314e-06 1.13008e-06 2.33166e-07 6.81621e-07
7.575 1.04762e-06 1.07204e-06 2.22879e-07 6.47461e-07
7.6 9.95297e-07 1.01743e-06 2.13087e-07 6.1526e-07
7.625 9.46008e-07 9.66042e-07 2.03767e-07 5.84904e-07
7.65 8.99582e-07 9.17674e-07 1.94897e-07 5.56286e-07
7.675 8.55857e-07 8.7215e-07 1.86454e-07 5.29302e-07
7.7 8.14681e-07 8.29295e-07 1.78419e-07 5.03857e-07
7.725 7.75906e-07 7.88949e-07 1.70771e-07 4.7986e-07
7.75 7.3939e-07 7.50957e-07 1.63491e-07 4.57224e-07
7.775 7.04998e-07 7.15175e-07 1.5656e-07 4.35867e-07
7.8 6.72599e-07 6.81467e-07 1.4996e-07 4.15714e-07
7.825 6.42068e-07 6.49705e-07 1.43676e-07 3.9669e-07
7.85 6.13285e-07 6.19768e-07 1.3769e-07 3.78729e-07
7.875 5.86136e-07 5.91543e-07 1.31987e-07 3.61765e-07
7.9 5.6051e-07 5.64923e-07 1.26552e-07 3.45738e-07
7.925 5.36303e-07 5.39809e-07 1.21372e-07 3.3059e-07
7.95 5.13414e-07 5.16106e-07 1.16432e-07 3.16269e-07
7.975 4.9175e-07 4.93727e-07 1.1172e-07 3.02723e-07
8 4.71219e-07 4.72588e-07 1.07224e-07 2.89906e-07
8.025 4.51736e-07 4.52611e-07 1.02931e-07 2.77771e-07
8.05 4.33222e-07 4.33722e-07 9.88311e-08 2.66277e-07
8.075 4.156e-07 4.15854e-07 9.49134e-08 2.55384e-07
8.1 3.988e-07 3.9894e-07 9.1168e-08 2.45054e-07
8.125 3.82757e-07 3.82921e-07 8.75852e-08 2.35253e-07
8.15 3.67407e-07 3.67737e-07 8.41561e-08 2.25947e-07
8.175 3.52697e-07 3.53335e-07 8.08723e-08 2.17103e-07
8.2 3.38573e-07 3.39663e-07 7.77257e-08 2.08694e-07
8.225 3.24988e-07 3.26672e-07 7.47088e-08 2.00691e-07
8.25 3.119e-07 3.14318e-07 7.18144e-08 1.93066e-07
8.275 2.99271e-07 3.02556e-07 6.90359e-08 1.85796e-07
8.3 2.87065e-07 2.91346e-07 6.63669e-08 1.78857e-07
8.325 2.75253e-07 2.8065e-07 6.38016e-08 1.72226e-07
8.35 2.63808e-07 2.7043e-07 6.13344e-08 1.65882e-07
8.375 2.52707e-07 2.60652e-07 5.89602e-08 1.59806e-07
8.4 2.4193e-07 2.51283e-07 5.66743e-08 1.53979e-07
8.425 2.31463e-07 2.42295e-07 5.4472e-08 1.48383e-07
8.45 2.2129e-07 2.33656e-07 5.23492e-08 1.43003e-07
8.475 2.11402e-07 2.25342e-07 5.0302e-08 1.37822e-07
8.5 2.01789e-07 2.17327e-07 4.83269e-08 1.32827e-07
8.525 1.92447e-07 2.09586e-07 4.64204e-08 1.28003e-07
8.55 1.83371e-07 2.021e-07 4.45795e-08 1.2334e-07
8.575 1.74558e-07 1.94848e-07 4.28013e-08 1.18825e-07
8.6 1.66007e-07 1.87812e-07 4.10831e-08 1.14448e-07
8.625 1.57718e-07 1.80975e-07 3.94224e-08 1.10199e-07
8.65 1.49692e-07 1.74322e-07 3.78171e-08 1.0607e-07
8.675 1.4193e-07 1.6784e-07 3.6265e-08 1.02052e-07
8.7 1.34434e-07 1.61517e-07 3.47641e-08 9.81405e-08
8.725 1.27205e-07 1.55342e-07 3.33127e-08 9.43275e-08
8.75 1.20246e-07 1.49307e-07 3.1909e-08 9.06082e-08
8.775 1.13559e-07 1.43405e-07 3.05515e-08 8.6978e-08
8.8 1.07143e-07 1.37628e-07 2.92389e-08 8.34332e-08
8.825 1.01001e-07 1.31972e-07 2.79696e-08 7.99706e-08
8.85 9.51327e-08 1.26433e-07 2.67426e-08 7.65877e-08
8.875 8.95367e-08 1.21009e-07 2.55565e-08 7.32827e-08
8.9 8.42119e-08 1.15698e-07 2.44103e-08 7.00541e-08
8.925 7.91558e-08 1.105e-07 2.3303e-08 6.69013e-08
8.95 7.4365e-08 1.05414e-07 2.22335e-08 6.38238e-08
8.975 6.98352e-08 1.00442e-07 2.12008e-08 6.08216e-08
9 6.55611e-08 9.55863e-08 2.02042e-08 5.78952e-08
9.025 6.15365e-08 9.0848e-08 1.92426e-08 5.50453e-08
9.05 5.7754e-08 8.62302e-08 1.83153e-08 5.22728e-08
9.075 5.42057e-08 8.17361e-08 1.74215e-08 4.95788e-08
9.1 5.08826e-08 7.73689e-08 1.65602e-08 4.69645e-08
9.125 4.77752e-08 7.3132e-08 1.57309e-08 4.44315e-08
9.15 4.48732e-08 6.90291e-08 1.49327e-08 4.19809e-08
9.175 4.21657e-08 6.50635e-08 1.41648e-08 3.96142e-08
9.2 3.96415e-08 6.12387e-08 1.34265e-08 3.73326e-08
9.225 3.72891e-08 5.75576e-08 1.27172e-08 3.51374e-08
9.25 3.50965e-08 5.40231e-08 1.2036e-08 3.30296e-08
9.275 3.30518e-08 5.06377e-08 1.13823e-08 3.101e-08
9.3 3.11432e-08 4.74033e-08 1.07554e-08 2.90793e-08
9.325 2.93587e-08 4.43214e-08 1.01546e-08 2.7238e-08
9.35 2.76868e-08 4.13929e-08 9.57919e-09 2.54861e-08
9.375 2.61162e-08 3.86183e-08 9.02853e-09 2.38234e-08
9.4 2.46361e-08 3.59974e-08 8.50194e-09 2.22497e-08
9.425 2.3236e-08 3.35292e-08 7.99877e-09 2.0764e-08
9.45 2.19064e-08 3.12124e-08 7.51837e-09 1.93654e-08
9.475 2.06381e-08 2.90448e-08 7.06009e-09 1.80524e-08
9.5 1.94228e-08 2.70236e-08 6.62331e-09 1.68235e-08
9.525 1.82529e-08 2.51457e-08 6.2074e-09 1.56765e-08
9.55 1.71216e-08 2.3407e-08 5.81175e-09 1.46094e-08
9.575 1.60232e-08 2.18031e-08 5.43576e-09 1.36194e-08
9.6 1.49525e-08 2.03291e-08 5.07884e-09 1.2704e-08
9.625 1.39054e-08 1.89796e-08 4.7404e-09 1.186e-08
9.65 1.28786e-08 1.77487e-08 4.41988e-09 1.10843e-08
9.675 1.18696e-08 1.66302e-08 4.11671e-09 1.03735e-08
9.7 1.08767e-08 1.56178e-08 3.83034e-09 9.72408e-09
9.725 9.89922e-09 1.47047e-08 3.56022e-09 9.13249e-09
9.75 8.93685e-09 1.38841e-08 3.30584e-09 8.59499e-09
9.775 7.99019e-09 1.31491e-08 3.06665e-09 8.10785e-09
9.8 7.06038e-09 1.24925e-08 2.84216e-09 7.66732e-09
9.825 6.14913e-09 1.19075e-08 2.63184e-09 7.26965e-09
9.85 5.25863e-09 1.13871e-08 2.43521e-09 6.91115e-09
9.875 4.39147e-09 1.09247e-08 2.25178e-09 6.58821e-09
9.9 3.55055e-09 1.05136e-08 2.08105e-09 6.29732e-09
9.925 2.73904e-09 1.01476e-08 1.92255e-09 6.0351e-09
9.95 1.96026e-09 9.82082e-09 1.77581e-09 5.79832e-09
9.975 1.21763e-09 9.52747e-09 1.64037e-09 5.58392e-09
10 5.14566e-10 9.26234e-09 1.51575e-09 5.38904e-09
10.025 -1.45572e-10 9.02059e-09 1.4015e-09 5.21104e-09
10.05 -7.5956e-10 8.7978e-09 1.29717e-09 5.04749e-09
10.075 -1.32438e-09 8.59003e-09 1.2023e-09 4.89616e-09
10.1 -1.83727e-09 8.39378e-09 1.11645e-09 4.75511e-09
10.125 -2.29579e-09 8.20604e-09 1.03918e-09 4.62261e-09
10.15 -2.69787e-09 8.02429e-09 9.70037e-10 4.49716e-09
10.175 -3.04186e-09 7.84645e-09 9.08592e-10 4.37752e-09
10.2 -3.32655e-09 7.67094e-09 8.54408e-10 4.26267e-09
10.225 -3.55118e-09 7.49658e-09 8.07055e-10 4.15182e-09
10.25 -3.71553e-09 7.32264e-09 7.66106e-10 4.04437e-09
10.275 -3.81985e-09 7.14879e-09 7.31138e-10 3.93996e-09
10.3 -3.86491e-09 6.97504e-09 7.01734e-10 3.83839e-09
10.325 -3.852e-09 6.80177e-09 6.7748e-10 3.73963e-09
10.35 -3.78291e-09 6.62963e-09 6.5797e-10 3.6438e-09
10.375 -3.6599e-09 6.45953e-09 6.42803e-10 3.55117e-09
10.4 -3.48571e-09 6.29262e-09 6.31587e-10 3.4621e-09
10.425 -3.2635e-09 6.1302e-09 6.23936e-10 3.37707e-09
10.45 -2.99683e-09 5.97372e-09 6.19475e-10 3.2966e-09
10.475 -2.68964e-09 5.82471e-09 6.17838e-10 3.22128e-09
10.5 -2.34617e-09 5.68478e-09 6.18668e-10 3.15172e-09
10.525 -1.97093e-09 5.55551e-09 6.21623e-10 3.08857e-09
10.55 -1.56866e-09 5.43847e-09 6.2637e-10 3.03242e-09
10.575 -1.14428e-09 5.33518e-09 6.32592e-10 2.98388e-09
10.6 -7.0282e-10 5.24702e-09 6.39983e-10 2.9435e-09
10.625 -2.49374e-10 5.17528e-09 6.48254e-10 2.91177e-09
10.65 2.10946e-10 5.12106e-09 6.57131e-10 2.88909e-09
10.675 6.73071e-10 5.08528e-09 6.66356e-10 2.87582e-09
10.7 1.13202e-09 5.06868e-09 6.75688e-10 2.87218e-09
10.725 1.58296e-09 5.07174e-09 6.84903e-10 2.87832e-09
10.75 2.02125e-09 5.09473e-09 6.93794e-10 2.89426e-09
10.775 2.44246e-09 5.13766e-09 7.02172e-10 2.91992e-09
10.8 2.84245e-09 5.2003e-09 7.09867e-10 2.95508e-09
10.825 3.2174e-09 5.28216e-09 7.16727e-10 2.99944e-09
10.85 3.56383e-09 5.38251e-09 7.22618e-10 3.05256e-09
10.875 3.87861e-09 5.50037e-09 7.27422e-10 3.11389e-09
10.9 4.15903e-09 5.63453e-09 7.31043e-10 3.18279e-09
10.925 4.40279e-09 5.78358e-09 7.334e-10 3.25849e-09
10.95 4.60804e-09 5.94589e-09 7.34429e-10 3.34016e-09
10.975 4.77332e-09 6.11964e-09 7.34082e-10 3.42686e-09
11 4.89767e-09 6.30289e-09 7.32331e-10 3.51761e-09
11.025 4.98054e-09 6.49352e-09 7.29158e-10 3.61134e-09
11.05 5.02183e-09 6.68932e-09 7.24563e-10 3.70694e-09
11.075 5.02186e-09 6.88801e-09 7.18559e-10 3.80328e-09
11.1 4.98139e-09 7.08722e-09 7.11171e-10 3.8992e-09
11.125 4.90155e-09 7.28459e-09 7.02437e-10 3.99351e-09
11.15 4.78386e-09 7.47774e-09 6.92404e-10 4.08507e-09
11.175 4.63018e-09 7.66431e-09 6.81131e-10 4.17272e-09
11.2 4.44271e-09 7.84203e-09 6.68683e-10 4.25536e-09
11.225 4.22393e-09 8.00868e-09 6.55135e-10 4.33191e-09
11.25 3.97659e-09 8.16218e-09 6.40567e-10 4.40137e-09
11.275 3.70363e-09 8.30056e-09 6.25065e-10 4.46281e-09
11.3 3.40823e-09 8.42201e-09 6.08718e-10 4.51536e-09
11.325 3.09368e-09 8.5249e-09 5.91618e-10 4.55826e-09
11.35 2.76341e-09 8.60779e-09 5.73862e-10 4.59082e-09
11.375 2.4209e-09 8.66945e-09 5.55544e-10 4.61249e-09
11.4 2.0697e-09 8.70886e-09 5.3676e-10 4.62281e-09
11.425 1.71333e-09 8.72526e-09 5.17604e-10 4.62143e-09
11.45 1.35529e-09 8.7181e-09 4.98171e-10 4.60813e-09
11.475 9.99009e-10 8.68707e-09 4.78549e-10 4.58281e-09
11.5 6.47826e-10 8.63212e-09 4.58827e-10 4.54547e-09
11.525 3.04933e-10 8.55344e-09 4.39086e-10 4.49626e-09
11.55 -2.66346e-11 8.45145e-09 4.19405e-10 4.43542e-09
11.575 -3.44026e-10 8.3268e-09 3.99857e-10 4.36333e-09
11.6 -6.44603e-10 8.18037e-09 3.80509e-10 4.28044e-09
11.625 -9.25955e-10 8.01326e-09 3.61423e-10 4.18734e-09
11.65 -1.18592e-09 7.82675e-09 3.42654e-10 4.0847e-09
11.675 -1.42261e-09 7.62231e-09 3.24251e-10 3.97328e-09
11.7 -1.63439e-09 7.40157e-09 3.06257e-10 3.85391e-09
11.725 -1.81993e-09 7.16632e-09 2.88706e-10 3.72751e-09
11.75 -1.97818e-09 6.91846e-09 2.71628e-10 3.59505e-09
11.775 -2.10836e-09 6.66002e-09 2.55046e-10 3.45753e-09
11.8 -2.21003e-09 6.39307e-09 2.38976e-10 3.31602e-09
11.825 -2.28299e-09 6.11978e-09 2.23429e-10 3.17161e-09
11.85 -2.32734e-09 5.84235e-09 2.08409e-10 3.02538e-09
11.875 -2.34346e-09 5.56299e-09 1.93915e-10 2.87845e-09
11.9 -2.33198e-09 5.2839e-09 1.79942e-10 2.73192e-09
11.925 -2.29377e-09 5.00727e-09 1.66479e-10 2.58687e-09
11.95 -2.22996e-09 4.73521e-09 1.53511e-10 2.44436e-09
11.975 -2.14186e-09 4.46978e-09 1.41019e-10 2.3054e-09
12 -2.03103e-09 4.21296e-09 1.28983e-10 2.17097e-09
12.025 -1.89914e-09 3.9666e-09 1.17377e-10 2.04199e-09
12.05 -1.74808e-09 3.73245e-09 1.06174e-10 1.91931e-09
12.075 -1.57982e-09 3.51209e-09 9.53473e-11 1.80372e-09
12.1 -1.3965e-09 3.30699e-09 8.48661e-11 1.69593e-09
12.125 -1.20029e-09 3.11841e-09 7.47005e-11 1.59655e-09
12.15 -9.93472e-10 2.94747e-09 6.48198e-11 1.50615e-09
12.175 -7.78349e-10 2.79511e-09 5.51938e-11 1.42515e-09
12.2 -5.57253e-10 2.66205e-09 4.5793e-11 1.35392e-09
12.225 -3.32513e-10 2.54887e-09 3.65888e-11 1.29273e-09
12.25 -1.06435e-10 2.45591e-09 2.75543e-11 1.24173e-09
12.275 1.18715e-10 2.38336e-09 1.86644e-11 1.20101e-09
12.3 3.40735e-10 2.33118e-09 9.89607e-12 1.17054e-09
12.325 5.57503e-10 2.29918e-09 1.2288e-12 1.1502e-09
12.35 7.66995e-10 2.28696e-09 -7.35527e-12 1.1398e-09
12.375 9.67299e-10 2.29396e-09 -1.58711e-11 1.13904e-09
12.4 1.15663e-09 2.31947e-09 -2.43308e-11 1.14757e-09
12.425 1.33334e-09 2.36259e-09 -3.2743e-11 1.16492e-09
12.45 1.49595e-09 2.42232e-09 -4.11135e-11 1.1906e-09
12.475 1.6431e-09 2.49748e-09 -4.94446e-11 1.22402e-09
12.5 1.77364e-09 2.58682e-09 -5.77354e-11 1.26454e-09
12.525 1.88658e-09 2.68896e-09 -6.59821e-11 1.31149e-09
12.55 1.98108e-09 2.80243e-09 -7.41774e-11 1.36413e-09
12.575 2.05653e-09 2.92571e-09 -8.23113e-11 1.4217e-09
12.6 2.11245e-09 3.05718e-09 -9.03708e-11 1.48341e-09
12.625 2.14858e-09 3.19523e-09 -9.83404e-11 1.54845e-09
12.65 2.1648e-09 3.33819e-09 -1.06202e-10 1.61599e-09
12.675 2.1612e-09 3.48438e-09 -1.13935e-10 1.68522e-09
12.7 2.13802e-09 3.63215e-09 -1.21518e-10 1.75531e-09
12.725 2.09565e-09 3.77984e-09 -1.28926e-10 1.82546e-09
12.75 2.03466e-09 3.92586e-09 -1.36135e-10 1.89486e-09
12.775 1.95576e-09 4.06863e-09 -1.43117e-10 1.96276e-09
12.8 1.85977e-09 4.20666e-09 -1.49845e-10 2.02841e-09
12.825 1.74768e-09 4.33852e-09 -1.56292e-10 2.09111e-09
12.85 1.62055e-09 4.46288e-09 -1.62428e-10 2.15023e-09
12.875 1.47959e-09 4.57849e-09 -1.68227e-10 2.20513e-09
12.9 1.32607e-09 4.68422e-09 -1.7366e-10 2.25528e-09
12.925 1.16134e-09 4.77903e-09 -1.787e-10 2.30017e-09
12.95 9.86837e-10 4.86203e-09 -1.8332e-10 2.33936e-09
12.975 8.04031e-10 4.93243e-09 -1.87497e-10 2.37247e-09
13 6.14445e-10 4.98958e-09 -1.91205e-10 2.39919e-09
13.025 4.19627e-10 5.03297e-09 -1.94424e-10 2.41927e-09
13.05 2.21141e-10 5.0622e-09 -1.97132e-10 2.43254e-09
13.075 2.05571e-11 5.07704e-09 -1.99313e-10 2.43886e-09
13.1 -1.80565e-10 5.07737e-09 -2.0095e-10 2.43821e-09
13.125 -3.80683e-10 5.0632e-09 -2.02029e-10 2.43059e-09
13.15 -5.78286e-10 5.0347e-09 -2.02541e-10 2.41608e-09
13.175 -7.71902e-10 4.99214e-09 -2.02476e-10 2.39483e-09
13.2 -9.60109e-10 4.93592e-09 -2.0183e-10 2.36704e-09
13.225 -1.14155e-09 4.86655e-09 -2.006e-10 2.33297e-09
13.25 -1.31491e-09 4.78467e-09 -1.98785e-10 2.29294e-09
13.275 -1.47899e-09 4.691e-09 -1.96389e-10 2.24731e-09
13.3 -1.63264e-09 4.58637e-09 -1.93417e-10 2.19648e-09
13.325 -1.7748e-09 4.4717e-09 -1.89878e-10 2.14091e-09
13.35 -1.90451e-09 4.34797e-09 -1.85784e-10 2.0811e-09
13.375 -2.02091e-09 4.21625e-09 -1.81148e-10 2.01755e-09
13.4 -2.12322e-09 4.07765e-09 -1.75986e-10 1.95083e-09
13.425 -2.21077e-09 3.93335e-09 -1.70319e-10 1.88151e-09
13.45 -2.28301e-09 3.78454e-09 -1.64166e-10 1.81019e-09
13.475 -2.33947e-09 3.63247e-09 -1.57553e-10 1.73746e-09
13.5 -2.37978e-09 3.47839e-09 -1.50503e-10 1.66394e-09
13.525 -2.40371e-09 3.32356e-09 -1.43045e-10 1.59026e-09
13.55 -2.41109e-09 3.16926e-09 -1.35208e-10 1.51703e-09
13.575 -2.40188e-09 3.01674e-09 -1.27023e-10 1.44486e-09
13.6 -2.37612e-09 2.86724e-09 -1.1852e-10 1.37436e-09
13.625 -2.33395e-09 2.72196e-09 -1.09735e-10 1.30611e-09
13.65 -2.27559e-09 2.58207e-09 -1.007e-10 1.24069e-09
13.675 -2.20138e-09 2.44872e-09 -9.14503e-11 1.17863e-09
13.7 -2.1117e-09 2.32297e-09 -8.20216e-11 1.12047e-09
13.725 -2.00703e-09 2.20584e-09 -7.24492e-11 1.0667e-09
13.75 -1.88793e-09 2.0983e-09 -6.2769e-11 1.01776e-09
13.775 -1.755e-09 2.00122e-09 -5.30168e-11 9.74102e-10
13.8 -1.60892e-09 1.91543e-09 -4.32278e-11 9.36101e-10
13.825 -1.45043e-09 1.84165e-09 -3.34373e-11 9.04108e-10
13.85 -1.28031e-09 1.78055e-09 -2.36797e-11 8.78433e-10
13.875 -1.09937e-09 1.73267e-09 -1.39885e-11 8.59343e-10
13.9 -9.08477e-10 1.69852e-09 -4.39661e-12 8.47062e-10
13.925 -7.08525e-10 1.67848e-09 5.06442e-12 8.4177e-10
13.95 -5.00428e-10 1.67284e-09 1.43641e-11 8.43603e-10
13.975 -2.85121e-10 1.68183e-09 2.34734e-11 8.52653e-10
14 -6.35519e-11 1.70557e-09 3.23646e-11 8.68968e-10
14.025 1.63324e-10 1.74409e-09 4.10116e-11 8.92553e-10
14.05 3.94548e-10 1.79735e-09 4.939e-11 9.23369e-10
14.075 6.29166e-10 1.8652e-09 5.7477e-11 9.61338e-10
14.1 8.66231e-10 1.94743e-09 6.52517e-11 1.00634e-09
14.125 1.10481e-09 2.04374e-09 7.2695e-11 1.05822e-09
14.15 1.34399e-09 2.15376e-09 7.97897e-11 1.11677e-09
14.175 1.58287e-09 2.27704e-09 8.65203e-11 1.18178e-09
14.2 1.82058e-09 2.41308e-09 9.28736e-11 1.25298e-09
14.225 2.05629e-09 2.56129e-09 9.8838e-11 1.33006e-09
14.25 2.28918e-09 2.72105e-09 1.04404e-10 1.41273e-09
14.275 2.51848e-09 2.89166e-09 1.09564e-10 1.50061e-09
14.3 2.74346e-09 3.07239e-09 1.14312e-10 1.59335e-09
14.325 2.96342e-09 3.26247e-09 1.18644e-10 1.69056e-09
14.35 3.17771e-09 3.46107e-09 1.22558e-10 1.79182e-09
14.375 3.38571e-09 3.66736e-09 1.26054e-10 1.8967e-09
14.4 3.58686e-09 3.88044e-09 1.29132e-10 2.00479e-09
14.425 3.78064e-09 4.09943e-09 1.31797e-10 2.11561e-09
14.45 3.96657e-09 4.32342e-09 1.34051e-10 2.22873e-09
14.475 4.14423e-09 4.55147e-09 1.35902e-10 2.34369e-09
14.5 4.31324e-09 4.78267e-09 1.37356e-10 2.46001e-09
14.525 4.47326e-09 5.01608e-09 1.38422e-10 2.57725e-09
14.55 4.62401e-09 5.25078e-09 1.3911e-10 2.69494e-09
14.575 4.76524e-09 5.48584e-09 1.3943e-10 2.81264e-09
14.6 4.89676e-09 5.72038e-09 1.39395e-10 2.92989e-09
14.625 5.01842e-09 5.95349e-09 1.39017e-10 3.04625e-09
14.65 5.13011e-09 6.18433e-09 1.38311e-10 3.16132e-09
14.675 5.23175e-09 6.41204e-09 1.3729e-10 3.27466e-09
14.7 5.32332e-09 6.63582e-09 1.35969e-10 3.38589e-09
14.725 5.40483e-09 6.85489e-09 1.34365e-10 3.49463e-09
14.75 5.47633e-09 7.06851e-09 1.32492e-10 3.6005e-09
14.775 5.5379e-09 7.27597e-09 1.30368e-10 3.70317e-09
14.8 5.58964e-09 7.4766e-09 1.28009e-10 3.8023e-09
14.825 5.63171e-09 7.66978e-09 1.25433e-10 3.89761e-09
14.85 5.66429e-09 7.85493e-09 1.22655e-10 3.98879e-09
14.875 5.68756e-09 8.0315e-09 1.19692e-10 4.0756e-09
14.9 5.70176e-09 8.19901e-09 1.16563e-10 4.15779e-09
14.925 5.70713e-09 8.35701e-09 1.13283e-10 4.23514e-09
14.95 5.70394e-09 8.50509e-09 1.09869e-10 4.30748e-09
14.975 5.69248e-09 8.64292e-09 1.06338e-10 4.37463e-09
15 5.67305e-09 8.77018e-09 1.02705e-10 4.43644e-09
15.025 5.64596e-09 8.88661e-09 9.89856e-11 4.4928e-09
15.05 5.61155e-09 8.992e-09 9.51959e-11 4.5436e-09
15.075 5.57015e-09 9.0862e-09 9.13502e-11 4.58877e-09
15.1 5.52211e-09 9.16906e-09 8.74629e-11 4.62826e-09
15.125 5.46778e-09 9.24053e-09 8.35475e-11 4.66204e-09
15.15 5.40753e-09 9.30056e-09 7.96173e-11 4.69009e-09
15.175 5.34171e-09 9.34916e-09 7.56849e-11 4.71242e-09
15.2 5.27069e-09 9.38637e-09 7.17621e-11 4.72907e-09
15.225 5.19483e-09 9.41229e-09 6.78603e-11 4.74008e-09
15.25 5.11449e-09 9.42703e-09 6.39901e-11 4.74551e-09
15.275 5.03003e-09 9.43074e-09 6.01616e-11 4.74545e-09
15.3 4.94181e-09 9.42362e-09 5.6384e-11 4.74e-09
15.325 4.85018e-09 9.40587e-09 5.26661e-11 4.72927e-09
15.35 4.75547e-09 9.37775e-09 4.90157e-11 4.71339e-09
15.375 4.65803e-09 9.33953e-09 4.54403e-11 4.69249e-09
15.4 4.55819e-09 9.29151e-09 4.19465e-11 4.66673e-09
15.425 4.45626e-09 9.23399e-09 3.85403e-11 4.63627e-09
15.45 4.35256e-09 9.16733e-09 3.52271e-11 4.60128e-09
15.475 4.24738e-09 9.09187e-09 3.20116e-11 4.56194e-09
15.5 4.14102e-09 9.00799e-09 2.8898e-11 4.51844e-09
15.525 4.03374e-09 8.91607e-09 2.58898e-11 4.47098e-09
15.55 3.92582e-09 8.8165e-09 2.29901e-11 4.41974e-09
15.575 3.81752e-09 8.70969e-09 2.02012e-11 4.36495e-09
15.6 3.70906e-09 8.59606e-09 1.75251e-11 4.30679e-09
15.625 3.60069e-09 8.47602e-09 1.49631e-11 4.24549e-09
15.65 3.49262e-09 8.35e-09 1.25162e-11 4.18126e-09
15.675 3.38506e-09 8.21841e-09 1.01849e-11 4.1143e-09
15.7 3.27819e-09 8.08168e-09 7.9692e-12 4.04482e-09
15.725 3.1722e-09 7.94024e-09 5.86872e-12 3.97305e-09
15.75 3.06726e-09 7.7945e-09 3.88274e-12 3.89919e-09
15.775 2.96352e-09 7.64488e-09 2.01018e-12 3.82345e-09
15.8 2.86112e-09 7.4918e-09 2.49615e-13 3.74602e-09
15.825 2.7602e-09 7.33564e-09 -1.40066e-12 3.66712e-09
15.85 2.66087e-09 7.17683e-09 -2.94263e-12 3.58694e-09
15.875 2.56325e-09 7.01573e-09 -4.37853e-12 3.50567e-09
15.9 2.46744e-09 6.85272e-09 -5.71082e-12 3.42351e-09
15.925 2.37351e-09 6.68818e-09 -6.94214e-12 3.34062e-09
15.95 2.28156e-09 6.52246e-09 -8.07533e-12 3.25719e-09
15.975 2.19164e-09 6.3559e-09 -9.11337e-12 3.1734e-09
16 2.10382e-09 6.18884e-09 -1.00594e-11 3.08939e-09
16.025 2.01814e-09 6.02159e-09 -1.09166e-11 3.00534e-09
16.05 1.93465e-09 5.85445e-09 -1.16883e-11 2.92138e-09
16.075 1.85338e-09 5.68772e-09 -1.23779e-11 2.83767e-09
16.1 1.77435e-09 5.52167e-09 -1.29888e-11 2.75434e-09
16.125 1.69759e-09 5.35656e-09 -1.35246e-11 2.67152e-09
16.15 1.62309e-09 5.19265e-09 -1.39887e-11 2.58933e-09
16.175 1.55087e-09 5.03015e-09 -1.43846e-11 2.50789e-09
16.2 1.48093e-09 4.8693e-09 -1.47159e-11 2.42729e-09
16.225 1.41325e-09 4.7103e-09 -1.49859e-11 2.34766e-09
16.25 1.34783e-09 4.55333e-09 -1.51982e-11 2.26906e-09
16.275 1.28464e-09 4.39856e-09 -1.53561e-11 2.1916e-09
16.3 1.22367e-09 4.24617e-09 -1.5463e-11 2.11535e-09
16.325 1.16489e-09 4.09629e-09 -1.55222e-11 2.04038e-09
16.35 1.10826e-09 3.94907e-09 -1.55369e-11 1.96676e-09
16.375 1.05376e-09 3.80461e-09 -1.55102e-11 1.89455e-09
16.4 1.00136e-09 3.66303e-09 -1.54452e-11 1.82379e-09
16.425 9.50998e-10 3.52443e-09 -1.53448e-11 1.75454e-09
16.45 9.0265e-10 3.38888e-09 -1.52119e-11 1.68683e-09
16.475 8.56268e-10 3.25646e-09 -1.50492e-11 1.62071e-09
16.5 8.11806e-10 3.12723e-09 -1.48595e-11 1.55619e-09
16.525 7.69218e-10 3.00124e-09 -1.46452e-11 1.4933e-09
16.55 7.28455e-10 2.87853e-09 -1.44089e-11 1.43206e-09
16.575 6.89469e-10 2.75912e-09 -1.41528e-11 1.37248e-09
16.6 6.5221e-10 2.64304e-09 -1.38793e-11 1.31458e-09
16.625 6.16626e-10 2.5303e-09 -1.35904e-11 1.25835e-09
16.65 5.82667e-10 2.4209e-09 -1.32881e-11 1.20381e-09
16.675 5.50281e-10 2.31484e-09 -1.29744e-11 1.15093e-09
16.7 5.19417e-10 2.21211e-09 -1.26511e-11 1.09973e-09
16.725 4.90024e-10 2.11268e-09 -1.23198e-11 1.05018e-09
16.75 4.62051e-10 2.01654e-09 -1.19821e-11 1.00228e-09
16.775 4.35446e-10 1.92365e-09 -1.16396e-11 9.56006e-10
16.8 4.1016e-10 1.83398e-09 -1.12936e-11 9.11341e-10
16.825 3.86142e-10 1.74747e-09 -1.09455e-11 8.68265e-10
16.85 3.63345e-10 1.6641e-09 -1.05963e-11 8.26752e-10
16.875 3.4172e-10 1.58381e-09 -1.02473e-11 7.86779e-10
16.9 3.2122e-10 1.50653e-09 -9.89943e-12 7.48317e-10
16.925 3.01798e-10 1.43223e-09 -9.55365e-12 7.11337e-10
16.95 2.83409e-10 1.36083e-09 -9.2108e-12 6.7581e-10
16.975 2.66008e-10 1.29228e-09 -8.87167e-12 6.41702e-10
17 2.49554e-10 1.2265e-09 -8.53694e-12 6.08981e-10
17.025 2.34002e-10 1.16344e-09 -8.20726e-12 5.77614e-10
17.05 2.19314e-10 1.10302e-09 -7.88318e-12 5.47566e-10
17.075 2.05448e-10 1.04517e-09 -7.5652e-12 5.18801e-10
17.1 1.92367e-10 9.89823e-10 -7.25375e-12 4.91285e-10
17.125 1.80033e-10 9.36908e-10 -6.94922e-12 4.6498e-10
17.15 1.6841e-10 8.86352e-10 -6.65192e-12 4.3985e-10
17.175 1.57464e-10 8.38082e-10 -6.36213e-12 4.1586e-10
17.2 1.4716e-10 7.92025e-10 -6.08008e-12 3.92973e-10
17.225 1.37467e-10 7.48109e-10 -5.80595e-12 3.71152e-10
17.25 1.28353e-10 7.06262e-10 -5.53988e-12 3.50361e-10
17.275 1.19788e-10 6.66412e-10 -5.28196e-12 3.30565e-10
17.3 1.11744e-10 6.28488e-10 -5.03227e-12 3.11728e-10
17.325 1.04193e-10 5.92419e-10 -4.79083e-12 2.93814e-10
17.35 9.71088e-11 5.58138e-10 -4.55766e-12 2.7679e-10
17.375 9.04656e-11 5.25574e-10 -4.33272e-12 2.60621e-10
17.4 8.42394e-11 4.94662e-10 -4.11597e-12 2.45273e-10
17.425 7.84071e-11 4.65336e-10 -3.90733e-12 2.30714e-10
17.45 7.29465e-11 4.37531e-10 -3.70671e-12 2.16912e-10
17.475 6.78366e-11 4.11183e-10 -3.514e-12 2.03835e-10
17.5 6.30573e-11 3.86233e-10 -3.32908e-12 1.91452e-10
17.525 5.85894e-11 3.62618e-10 -3.15179e-12 1.79733e-10
17.55 5.44147e-11 3.40282e-10 -2.982e-12 1.6865e-10
17.575 5.0516e-11 3.19166e-10 -2.81953e-12 1.58173e-10
17.6 4.68767e-11 2.99216e-10 -2.6642e-12 1.48276e-10
17.625 4.34812e-11 2.80379e-10 -2.51584e-12 1.38931e-10
17.65 4.03148e-11 2.62602e-10 -2.37425e-12 1.30114e-10
17.675 3.73634e-11 2.45834e-10 -2.23925e-12 1.21798e-10
17.7 3.46137e-11 2.30029e-10 -2.11063e-12 1.13959e-10
17.725 3.20532e-11 2.15138e-10 -1.9882e-12 1.06575e-10
17.75 2.96699e-11 2.01117e-10 -1.87174e-12 9.96224e-11
17.775 2.74527e-11 1.87921e-10 -1.76105e-12 9.308e-11
17.8 2.53908e-11 1.7551e-10 -1.65594e-12 8.69268e-11
17.825 2.34743e-11 1.63842e-10 -1.5562e-12 8.11429e-11
17.85 2.16938e-11 1.52879e-10 -1.46161e-12 7.57088e-11
17.875 2.00404e-11 1.42585e-10 -1.37199e-12 7.06063e-11
17.9 1.85056e-11 1.32922e-10 -1.28714e-12 6.58176e-11
17.925 1.70817e-11 1.23858e-10 -1.20685e-12 6.13257e-11
17.95 1.57611e-11 1.1536e-10 -1.13094e-12 5.71145e-11
17.975 1.45369e-11 1.07396e-10 -1.05922e-12 5.31685e-11
18 1.34027e-11 9.99371e-11 -9.91508e-13 4.94728e-11
18.025 1.23521e-11 9.29544e-11 -9.27616e-13 4.60134e-11
18.05 1.13796e-11 8.6421e-11 -8.67373e-13 4.27768e-11
18.075 1.04796e-11 8.0311e-11 -8.10607e-13 3.97502e-11
18.1 9.6471e-12 7.45999e-11 -7.57154e-13 3.69214e-11
18.125 8.8774e-12 6.92643e-11 -7.06853e-13 3.42787e-11
18.15 8.16605e-12 6.42821e-11 -6.59547e-13 3.18113e-11
18.175 7.50889e-12 5.96321e-11 -6.15087e-13 2.95085e-11
18.2 6.90204e-12 5.52943e-11 -5.73328e-13 2.73605e-11
18.225 6.3419e-12 5.12498e-11 -5.3413e-13 2.53578e-11
18.25 5.82506e-12 4.74805e-11 -4.97358e-13 2.34916e-11
18.275 5.34839e-12 4.39694e-11 -4.62884e-13 2.17533e-11
18.3 4.90894e-12 4.07004e-11 -4.30582e-13 2.01349e-11
18.325 4.50396e-12 3.76583e-11 -4.00334e-13 1.8629e-11
18.35 4.1309e-12 3.48287e-11 -3.72026e-13 1.72284e-11
18.375 3.78739e-12 3.2198e-11 -3.4555e-13 1.59262e-11
18.4 3.4712e-12 2.97534e-11 -3.208e-13 1.47163e-11
18.425 3.18028e-12 2.74828e-11 -2.97677e-13 1.35925e-11
18.45 2.91271e-12 2.53747e-11 -2.76088e-13 1.25493e-11
18.475 2.66671e-12 2.34185e-11 -2.55941e-13 1.15813e-11
18.5 2.44063e-12 2.1604e-11 -2.3715e-13 1.06834e-11
18.525 2.23295e-12 1.99218e-11 -2.19634e-13 9.8511e-12
18.55 2.04223e-12 1.8363e-11 -2.03316e-13 9.07984e-12
18.575 1.86715e-12 1.69191e-11 -1.88121e-13 8.36549e-12
18.6 1.7065e-12 1.55823e-11 -1.7398e-13 7.70416e-12
18.625 1.55914e-12 1.43452e-11 -1.60828e-13 7.0922e-12
18.65 1.42402e-12 1.32009e-11 -1.486e-13 6.52616e-12
18.675 1.30017e-12 1.21429e-11 -1.37239e-13 6.00284e-12
18.7 1.18669e-12 1.11652e-11 -1.26688e-13 5.51924e-12
18.725 1.08275e-12 1.0262e-11 -1.16895e-13 5.07253e-12
18.75 9.87588e-13 9.42798e-12 -1.0781e-13 4.66009e-12
18.775 9.0049e-13 8.65829e-12 -9.93864e-14 4.27945e-12
18.8 8.20802e-13 7.94822e-12 -9.15795e-14 3.92832e-12
18.825 7.47919e-13 7.29345e-12 -8.43479e-14 3.60455e-12
18.85 6.81285e-13 6.68994e-12 -7.76528e-14 3.30614e-12
18.875 6.20386e-13 6.13391e-12 -7.14573e-14 3.03123e-12
18.9 5.64746e-13 5.62186e-12 -6.57271e-14 2.77807e-12
18.925 5.13931e-13 5.1505e-12 -6.04298e-14 2.54504e-12
18.95 4.67538e-13 4.71679e-12 -5.55351e-14 2.33063e-12
18.975 4.25196e-13 4.3179e-12 -5.10146e-14 2.13344e-12
19 3.86565e-13 3.95118e-12 -4.68418e-14 1.95217e-12
19.025 3.51333e-13 3.61419e-12 -4.29916e-14 1.7856e-12
19.05 3.19211e-13 3.30464e-12 -3.94409e-14 1.6326e-12
19.075 2.89934e-13 3.02043e-12 -3.6168e-14 1.49213e-12
19.1 2.6326e-13 2.75958e-12 -3.31525e-14 1.36321e-12
19.125 2.38966e-13 2.52028e-12 -3.03754e-14 1.24495e-12
19.15 2.16845e-13 2.30083e-12 -2.78193e-14 1.13651e-12
19.175 1.96712e-13 2.09969e-12 -2.54674e-14 1.03711e-12
19.2 1.78393e-13 1.91538e-12 -2.33046e-14 9.4604e-13
19.225 1.6173e-13 1.74659e-12 -2.13165e-14 8.62636e-13
19.25 1.46578e-13 1.59205e-12 -1.94899e-14 7.86282e-13
19.275 1.32806e-13 1.45064e-12 -1.78124e-14 7.16413e-13
19.3 1.20291e-13 1.32128e-12 -1.62726e-14 6.52504e-13
19.325 1.08922e-13 1.203e-12 -1.48597e-14 5.94069e-13
19.35 9.85983e-14 1.09489e-12 -1.3564e-14 5.40663e-13
19.375 8.92261e-14 9.96118e-13 -1.23761e-14 4.91871e-13
19.4 8.07206e-14 9.05914e-13 -1.12877e-14 4.47313e-13
19.425 7.30041e-14 8.23567e-13 -1.02908e-14 4.06638e-13
19.45 6.60056e-14 7.48425e-13 -9.37811e-15 3.69523e-13
19.475 5.96603e-14 6.79883e-13 -8.54294e-15 3.3567e-13
19.5 5.39091e-14 6.17387e-13 -7.77901e-15 3.04804e-13
19.525 4.8698e-14 5.60426e-13 -7.08055e-15 2.76673e-13
19.55 4.39777e-14 5.08531e-13 -6.44223e-15 2.51044e-13
19.575 3.97033e-14 4.6127e-13 -5.85912e-15 2.27705e-13
19.6 3.58339e-14 4.18246e-13 -5.32666e-15 2.0646e-13
19.625 3.23323e-14 3.79094e-13 -4.84068e-15 1.87127e-13
19.65 2.91643e-14 3.43481e-13 -4.3973e-15 1.69542e-13
19.675 2.62992e-14 3.11099e-13 -3.99296e-15 1.53553e-13
19.7 2.37087e-14 2.81665e-13 -3.62438e-15 1.39021e-13
19.725 2.13672e-14 2.54923e-13 -3.28853e-15 1.25817e-13
19.75 1.92514e-14 2.30636e-13 -2.98264e-15 1.13827e-13
19.775 1.73402e-14 2.08586e-13 -2.70415e-15 1.02941e-13
19.8 1.56143e-14 1.88576e-13 -2.45071e-15 9.30626e-14
19.825 1.40562e-14 1.70423e-13 -2.22017e-15 8.41015e-14
19.85 1.265e-14 1.53962e-13 -2.01054e-15 7.59757e-14
19.875 1.13812e-14 1.3904e-13 -1.82e-15 6.86102e-14
19.9 1.02368e-14 1.2552e-13 -1.64689e-15 6.19363e-14
19.925 9.20488e-15 1.13273e-13 -1.48967e-15 5.58915e-14
19.95 8.27466e-15 1.02184e-13 -1.34695e-15 5.04185e-14
19.975 7.43636e-15 9.21477e-14 -1.21744e-15 4.54651e-14
20 6.68113e-15 8.30674e-14 -1.09997e-15 4.09837e-14
