0 0.13689 0.145974 -0.0425724 0.0517007
0.025 0.13689 0.145974 -0.0425724 0.0517007
0.05 0.136892 0.145976 -0.0425372 0.0517195
0.075 0.136896 0.14598 -0.0424788 0.0517507
0.1 0.136902 0.145986 -0.0423971 0.0517944
0.125 0.136909 0.145993 -0.0422925 0.0518503
0.15 0.136918 0.146002 -0.0421651 0.0519185
0.175 0.136928 0.146013 -0.0420155 0.0519987
0.2 0.13694 0.146025 -0.0418438 0.0520907
0.225 0.136955 0.14604 -0.0416507 0.0521944
0.25 0.136971 0.146056 -0.0414365 0.0523096
0.275 0.136989 0.146074 -0.0412018 0.0524359
0.3 0.137009 0.146094 -0.0409474 0.0525732
0.325 0.137031 0.146116 -0.0406737 0.0527211
0.35 0.137055 0.14614 -0.0403815 0.0528793
0.375 0.137082 0.146166 -0.0400717 0.0530474
0.4 0.137111 0.146195 -0.0397448 0.0532251
0.425 0.137142 0.146226 -0.0394019 0.053412
0.45 0.137176 0.146259 -0.0390438 0.0536077
0.475 0.137212 0.146295 -0.0386714 0.0538118
0.5 0.137252 0.146333 -0.0382856 0.0540238
0.525 0.137294 0.146374 -0.0378875 0.0542433
0.55 0.137338 0.146417 -0.0374779 0.0544697
0.575 0.137386 0.146463 -0.037058 0.0547026
0.6 0.137437 0.146512 -0.0366288 0.0549416
0.625 0.13749 0.146563 -0.0361913 0.0551859
0.65 0.137547 0.146617 -0.0357467 0.0554353
0.675 0.137606 0.146674 -0.035296 0.055689
0.7 0.137669 0.146733 -0.0348403 0.0559465
0.725 0.137734 0.146795 -0.0343807 0.0562073
0.75 0.137803 0.14686 -0.0339183 0.0564708
0.775 0.137874 0.146927 -0.0334543 0.0567365
0.8 0.137949 0.146997 -0.0329897 0.0570037
0.825 0.138026 0.147069 -0.0325255 0.057272
0.85 0.138106 0.147144 -0.0320629 0.0575406
0.875 0.138189 0.147221 -0.031603 0.0578091
0.9 0.138274 0.1473 -0.0311467 0.0580768
0.925 0.138361 0.147382 -0.0306951 0.0583432
0.95 0.138451 0.147465 -0.0302492 0.0586077
0.975 0.138544 0.14755 -0.0298099 0.0588698
1 0.138638 0.147636 -0.0293782 0.0591289
1.025 0.138733 0.147724 -0.028955 0.0593845
1.05 0.138831 0.147813 -0.0285412 0.059636
1.075 0.13893 0.147903 -0.0281376 0.0598829
1.1 0.139029 0.147994 -0.0277449 0.0601247
1.125 0.13913 0.148086 -0.027364 0.0603609
1.15 0.139231 0.148178 -0.0269956 0.0605911
1.175 0.139333 0.14827 -0.0266403 0.0608147
1.2 0.139435 0.148362 -0.0262988 0.0610314
1.225 0.139536 0.148453 -0.0259715 0.0612408
1.25 0.139637 0.148544 -0.0256591 0.0614424
1.275 0.139737 0.148634 -0.025362 0.0616358
1.3 0.139836 0.148722 -0.0250806 0.0618208
1.325 0.139934 0.148809 -0.0248153 0.061997
1.35 0.14003 0.148895 -0.0245665 0.0621641
1.375 0.140124 0.148978 -0.0243342 0.0623219
1.4 0.140215 0.149059 -0.0241189 0.0624701
1.425 0.140303 0.149137 -0.0239205 0.0626084
1.45 0.140389 0.149213 -0.0237393 0.0627368
1.475 0.140471 0.149285 -0.0235753 0.0628551
1.5 0.14055 0.149355 -0.0234283 0.0629631
1.525 0.140625 0.14942 -0.0232985 0.0630608
1.55 0.140696 0.149482 -0.0231856 0.0631481
1.575 0.140762 0.149539 -0.0230896 0.063225
1.6 0.140823 0.149593 -0.0230101 0.0632914
1.625 0.14088 0.149642 -0.0229469 0.0633476
1.65 0.140931 0.149686 -0.0228997 0.0633934
1.675 0.140978 0.149726 -0.0228682 0.063429
1.7 0.141018 0.149761 -0.0228519 0.0634546
1.725 0.141053 0.149791 -0.0228503 0.0634704
1.75 0.141083 0.149816 -0.0228631 0.0634765
1.775 0.141106 0.149836 -0.0228895 0.0634731
1.8 0.141124 0.14985 -0.0229292 0.0634606
1.825 0.141135 0.14986 -0.0229815 0.0634391
1.85 0.141141 0.149864 -0.0230457 0.0634092
1.875 0.14114 0.149863 -0.0231212 0.063371
1.9 0.141133 0.149857 -0.0232073 0.0633249
1.925 0.141121 0.149846 -0.0233032 0.0632715
1.95 0.141102 0.14983 -0.0234083 0.063211
1.975 0.141078 0.14981 -0.0235217 0.063144
2 0.141048 0.149784 -0.0236428 0.0630709
2.025 0.141013 0.149755 -0.0237706 0.0629921
2.05 0.140972 0.149721 -0.0239044 0.0629083
2.075 0.140927 0.149683 -0.0240434 0.06282
2.1 0.140876 0.149642 -0.0241867 0.0627276
2.125 0.140822 0.149597 -0.0243336 0.0626317
2.15 0.140763 0.149549 -0.0244831 0.062533
2.175 0.1407 0.149499 -0.0246346 0.062432
2.2 0.140635 0.149446 -0.0247871 0.0623292
2.225 0.140566 0.149391 -0.0249399 0.0622253
2.25 0.140494 0.149334 -0.0250921 0.0621209
2.275 0.140421 0.149276 -0.025243 0.0620166
2.3 0.140346 0.149218 -0.0253918 0.061913
2.325 0.14027 0.149159 -0.0255377 0.0618106
2.35 0.140194 0.1491 -0.0256801 0.0617101
2.375 0.140117 0.149042 -0.0258181 0.0616122
2.4 0.140041 0.148986 -0.0259512 0.0615173
2.425 0.139966 0.148931 -0.0260786 0.061426
2.45 0.139893 0.148878 -0.0261998 0.061339
2.475 0.139822 0.148827 -0.0263141 0.0612567
2.5 0.139754 0.14878 -0.0264209 0.0611798
2.525 0.139689 0.148737 -0.0265198 0.0611087
2.55 0.139628 0.148698 -0.0266102 0.0610439
2.575 0.139573 0.148664 -0.0266917 0.060986
2.6 0.139522 0.148635 -0.0267638 0.0609353
2.625 0.139477 0.148611 -0.0268262 0.0608925
2.65 0.139439 0.148594 -0.0268785 0.0608577
2.675 0.139408 0.148583 -0.0269204 0.0608315
2.7 0.139385 0.14858 -0.0269517 0.0608142
2.725 0.13937 0.148584 -0.0269721 0.0608061
2.75 0.139363 0.148597 -0.0269814 0.0608076
2.775 0.139366 0.148617 -0.0269796 0.0608189
2.8 0.139378 0.148647 -0.0269664 0.0608402
2.825 0.139401 0.148685 -0.0269419 0.0608717
2.85 0.139434 0.148733 -0.0269061 0.0609136
2.875 0.139478 0.148791 -0.0268589 0.0609661
2.9 0.139534 0.148859 -0.0268005 0.0610292
2.925 0.139602 0.148937 -0.0267309 0.061103
2.95 0.139681 0.149025 -0.0266503 0.0611874
2.975 0.139773 0.149124 -0.0265588 0.0612826
3 0.139877 0.149234 -0.0264568 0.0613884
3.025 0.139994 0.149354 -0.0263444 0.0615047
3.05 0.140124 0.149485 -0.0262219 0.0616314
3.075 0.140266 0.149626 -0.0260897 0.0617683
3.1 0.140422 0.149778 -0.0259481 0.0619152
3.125 0.14059 0.149941 -0.0257974 0.0620718
3.15 0.140771 0.150114 -0.0256382 0.0622379
3.175 0.140964 0.150297 -0.0254708 0.0624131
3.2 0.14117 0.15049 -0.0252956 0.0625971
3.225 0.141388 0.150692 -0.0251132 0.0627895
3.25 0.141618 0.150904 -0.024924 0.0629898
3.275 0.141859 0.151124 -0.0247286 0.0631975
3.3 0.142111 0.151352 -0.0245274 0.0634121
3.325 0.142373 0.151587 -0.0243211 0.0636332
3.35 0.142645 0.15183 -0.0241101 0.0638601
3.375 0.142927 0.152079 -0.0238951 0.0640922
3.4 0.143217 0.152334 -0.0236765 0.0643289
3.425 0.143514 0.152594 -0.023455 0.0645695
3.45 0.143819 0.152858 -0.0232312 0.0648134
3.475 0.144129 0.153125 -0.0230055 0.0650598
3.5 0.144445 0.153394 -0.0227786 0.0653079
3.525 0.144765 0.153665 -0.022551 0.0655571
3.55 0.145088 0.153936 -0.0223233 0.0658065
3.575 0.145413 0.154207 -0.022096 0.0660554
3.6 0.145739 0.154476 -0.0218697 0.0663029
3.625 0.146064 0.154741 -0.0216449 0.0665482
3.65 0.146388 0.155003 -0.0214221 0.0667904
3.675 0.146709 0.155259 -0.0212018 0.0670287
3.7 0.147026 0.155509 -0.0209844 0.0672623
3.725 0.147337 0.155751 -0.0207705 0.0674902
3.75 0.147641 0.155984 -0.0205605 0.0677116
3.775 0.147937 0.156206 -0.0203548 0.0679255
3.8 0.148223 0.156416 -0.0201538 0.0681312
3.825 0.148497 0.156613 -0.0199578 0.0683277
3.85 0.148759 0.156796 -0.0197672 0.0685142
3.875 0.149006 0.156962 -0.0195823 0.0686898
3.9 0.149237 0.157111 -0.0194035 0.0688535
3.925 0.14945 0.15724 -0.0192309 0.0690047
3.95 0.149645 0.15735 -0.0190649 0.0691424
3.975 0.149819 0.157437 -0.0189056 0.0692657
4 0.14997 0.157501 -0.0187532 0.069374
4.025 0.150098 0.157541 -0.0186079 0.0694664
4.05 0.1502 0.157554 -0.0184698 0.069542
4.075 0.150276 0.15754 -0.018339 0.0696003
4.1 0.150323 0.157496 -0.0182155 0.0696404
4.125 0.150341 0.157423 -0.0180994 0.0696617
4.15 0.150327 0.157318 -0.0179908 0.0696634
4.175 0.150281 0.15718 -0.0178895 0.069645
4.2 0.150201 0.157007 -0.0177955 0.0696059
4.225 0.150085 0.1568 -0.0177088 0.0695454
4.25 0.149933 0.156555 -0.0176293 0.069463
4.275 0.149743 0.156273 -0.0175568 0.0693582
4.3 0.149513 0.155952 -0.0174913 0.0692306
4.325 0.149244 0.155592 -0.0174324 0.0690798
4.35 0.148934 0.155191 -0.0173801 0.0689052
4.375 0.148582 0.154748 -0.0173341 0.0687067
4.4 0.148186 0.154262 -0.0172941 0.0684839
4.425 0.147747 0.153733 -0.01726 0.0682366
4.45 0.147263 0.15316 -0.0172315 0.0679645
4.475 0.146734 0.152543 -0.0172082 0.0676675
4.5 0.14616 0.151881 -0.0171898 0.0673455
4.525 0.145538 0.151173 -0.0171761 0.0669983
4.55 0.144871 0.150419 -0.0171666 0.0666261
4.575 0.144156 0.149619 -0.0171611 0.0662288
4.6 0.143393 0.148772 -0.0171592 0.0658064
4.625 0.142584 0.147879 -0.0171606 0.0653592
4.65 0.141727 0.146939 -0.0171648 0.0648872
4.675 0.140822 0.145953 -0.0171715 0.0643908
4.7 0.13987 0.14492 -0.0171802 0.06387
4.725 0.138871 0.143841 -0.0171907 0.0633254
4.75 0.137826 0.142717 -0.0172025 0.0627572
4.775 0.136734 0.141547 -0.0172152 0.0621658
4.8 0.135596 0.140332 -0.0172285 0.0615517
4.825 0.134413 0.139073 -0.0172419 0.0609154
4.85 0.133186 0.13777 -0.0172551 0.0602573
4.875 0.131915 0.136424 -0.0172677 0.0595782
4.9 0.130601 0.135036 -0.0172794 0.0588785
4.925 0.129245 0.133608 -0.0172896 0.058159
4.95 0.127849 0.132139 -0.0172982 0.0574203
4.975 0.126412 0.130631 -0.0173047 0.0566631
5 0.124937 0.129085 -0.0173088 0.0558883
5.025 0.123425 0.127503 -0.0173102 0.0550965
5.05 0.121877 0.125886 -0.0173085 0.0542887
5.075 0.120295 0.124235 -0.0173035 0.0534656
5.1 0.11868 0.122551 -0.0172948 0.0526281
5.125 0.117033 0.120837 -0.0172822 0.0517772
5.15 0.115356 0.119093 -0.0172654 0.0509137
5.175 0.113651 0.117321 -0.0172442 0.0500385
5.2 0.111919 0.115524 -0.0172183 0.0491526
5.225 0.110162 0.113702 -0.0171875 0.048257
5.25 0.108382 0.111857 -0.0171515 0.0473526
5.275 0.106581 0.109991 -0.0171103 0.0464405
5.3 0.104761 0.108107 -0.0170637 0.0455215
5.325 0.102922 0.106205 -0.0170115 0.0445967
5.35 0.101068 0.104288 -0.0169535 0.043667
5.375 0.0992004 0.102357 -0.0168896 0.0427335
5.4 0.0973203 0.100414 -0.0168199 0.0417972
5.425 0.09543 0.098462 -0.016744 0.040859
5.45 0.0935315 0.0965018 -0.0166621 0.0399198
5.475 0.0916265 0.0945356 -0.0165741 0.0389807
5.5 0.089717 0.0925652 -0.0164799 0.0380427
5.525 0.0878048 0.0905925 -0.0163795 0.0371065
5.55 0.0858918 0.0886194 -0.016273 0.0361732
5.575 0.0839797 0.0866476 -0.0161603 0.0352436
5.6 0.0820704 0.0846789 -0.0160415 0.0343187
5.625 0.0801656 0.0827151 -0.0159167 0.0333992
5.65 0.078267 0.080758 -0.0157859 0.0324861
5.675 0.0763763 0.0788092 -0.0156492 0.03158
5.7 0.0744952 0.0768704 -0.0155067 0.0306818
5.725 0.0726252 0.0749431 -0.0153585 0.0297923
5.75 0.0707679 0.0730291 -0.0152048 0.0289122
5.775 0.0689247 0.0711297 -0.0150456 0.028042
5.8 0.0670972 0.0692465 -0.0148812 0.0271826
5.825 0.0652868 0.0673808 -0.0147117 0.0263345
5.85 0.0634947 0.065534 -0.0145373 0.0254983
5.875 0.0617222 0.0637074 -0.0143582 0.0246746
5.9 0.0599706 0.0619023 -0.0141745 0.0238639
5.925 0.0582409 0.0601198 -0.0139865 0.0230667
5.95 0.0565344 0.0583609 -0.0137943 0.0222833
5.975 0.0548519 0.0566269 -0.0135982 0.0215143
6 0.0531945 0.0549185 -0.0133985 0.02076
6.025 0.0515631 0.0532369 -0.0131952 0.0200208
6.05 0.0499584 0.0515827 -0.0129888 0.0192969
6.075 0.0483813 0.0499568 -0.0127794 0.0185887
6.1 0.0468324 0.0483598 -0.0125672 0.0178963
6.125 0.0453123 0.0467926 -0.0123525 0.01722
6.15 0.0438217 0.0452555 -0.0121356 0.01656
6.175 0.042361 0.0437491 -0.0119166 0.0159162
6.2 0.0409307 0.042274 -0.011696 0.015289
6.225 0.0395311 0.0408304 -0.0114738 0.0146783
6.25 0.0381625 0.0394187 -0.0112503 0.0140842
6.275 0.0368252 0.0380391 -0.0110259 0.0135066
6.3 0.0355194 0.036692 -0.0108006 0.0129457
6.325 0.0342452 0.0353773 -0.0105749 0.0124012
6.35 0.0330028 0.0340952 -0.0103489 0.0118732
6.375 0.031792 0.0328458 -0.0101228 0.0113615
6.4 0.030613 0.031629 -0.00989688 0.010866
6.425 0.0294656 0.0304447 -0.00967139 0.0103866
6.45 0.0283497 0.0292928 -0.00944653 0.00992314
6.475 0.0272652 0.0281732 -0.00922251 0.00947536
6.5 0.0262118 0.0270857 -0.00899955 0.00904307
6.525 0.0251892 0.02603 -0.00877785 0.00862606
6.55 0.0241973 0.0250057 -0.0085576 0.00822408
6.575 0.0232357 0.0240127 -0.00833899 0.00783687
6.6 0.022304 0.0230505 -0.00812221 0.00746416
6.625 0.0214018 0.0221187 -0.00790742 0.00710566
6.65 0.0205288 0.021217 -0.0076948 0.00676109
6.675 0.0196844 0.0203448 -0.0074845 0.00643013
6.7 0.0188682 0.0195016 -0.00727667 0.00611247
6.725 0.0180797 0.018687 -0.00707146 0.00580778
6.75 0.0173184 0.0179005 -0.006869 0.00551574
6.775 0.0165838 0.0171414 -0.0066694 0.00523601
6.8 0.0158753 0.0164093 -0.0064728 0.00496826
6.825 0.0151923 0.0157036 -0.00627929 0.00471214
6.85 0.0145343 0.0150236 -0.00608897 0.0044673
6.875 0.0139007 0.0143687 -0.00590194 0.00423341
6.9 0.0132909 0.0137385 -0.00571827 0.00401011
6.925 0.0127043 0.0131322 -0.00553804 0.00379706
6.95 0.0121402 0.0125492 -0.00536132 0.00359393
6.975 0.0115982 0.0119889 -0.00518816 0.00340035
7 0.0110775 0.0114506 -0.00501862 0.00321601
7.025 0.0105776 0.0109338 -0.00485272 0.00304056
7.05 0.0100978 0.0104379 -0.00469052 0.00287367
7.075 0.0096376 0.00996205 -0.00453202 0.00271502
7.1 0.00919631 0.00950582 -0.00437726 0.00256428
7.125 0.00877336 0.00906852 -0.00422625 0.00242114
7.15 0.00836815 0.00864956 -0.00407899 0.00228529
7.175 0.00798009 0.00824833 -0.00393548 0.00215642
7.2 0.00760861 0.00786422 -0.00379571 0.00203425
7.225 0.00725314 0.00749665 -0.00365968 0.00191849
7.25 0.0069131 0.00714505 -0.00352736 0.00180884
7.275 0.00658795 0.00680883 -0.00339873 0.00170505
7.3 0.00627715 0.00648743 -0.00327376 0.00160684
7.325 0.00598017 0.00618032 -0.00315242 0.00151395
7.35 0.00569647 0.00588695 -0.00303467 0.00142614
7.375 0.00542556 0.0056068 -0.00292047 0.00134317
7.4 0.00516694 0.00533935 -0.00280977 0.00126479
7.425 0.00492013 0.00508411 -0.00270253 0.00119079
7.45 0.00468465 0.00484059 -0.00259869 0.00112095
7.475 0.00446004 0.00460831 -0.0024982 0.00105506
7.5 0.00424587 0.00438682 -0.00240099 0.000992913
7.525 0.00404168 0.00417566 -0.00230702 0.000934323
7.55 0.00384708 0.00397441 -0.0022162 0.000879102
7.575 0.00366165 0.00378264 -0.00212849 0.000827072
7.6 0.00348499 0.00359995 -0.00204382 0.000778064
7.625 0.00331673 0.00342594 -0.00196211 0.000731914
7.65 0.0031565 0.00326023 -0.0018833 0.000688467
7.675 0.00300395 0.00310246 -0.00180731 0.000647574
7.7 0.00285872 0.00295228 -0.00173409 0.000609094
7.725 0.0027205 0.00280933 -0.00166355 0.000572892
7.75 0.00258896 0.0026733 -0.00159562 0.00053884
7.775 0.0024638 0.00254387 -0.00153024 0.000506814
7.8 0.00234472 0.00242073 -0.00146733 0.0004767
7.825 0.00223145 0.00230359 -0.00140682 0.000448387
7.85 0.00212371 0.00219218 -0.00134864 0.000421769
7.875 0.00202123 0.00208621 -0.00129271 0.000396749
7.9 0.00192378 0.00198544 -0.00123898 0.000373232
7.925 0.00183111 0.00188962 -0.00118736 0.00035113
7.95 0.001743 0.0017985 -0.00113779 0.000330357
7.975 0.00165922 0.00171187 -0.0010902 0.000310835
8 0.00157956 0.00162951 -0.00104453 0.000292489
8.025 0.00150382 0.0015512 -0.0010007 0.000275248
8.05 0.00143182 0.00147675 -0.000958665 0.000259045
8.075 0.00136337 0.00140598 -0.000918349 0.000243816
8.1 0.00129829 0.0013387 -0.000879692 0.000229504
8.125 0.00123642 0.00127474 -0.000842635 0.00021605
8.15 0.00117759 0.00121393 -0.000807118 0.000203404
8.175 0.00112167 0.00115612 -0.000773084 0.000191516
8.2 0.0010685 0.00110115 -0.000740476 0.000180338
8.225 0.00101794 0.0010489 -0.000709239 0.000169828
8.25 0.000969864 0.000999209 -0.000679321 0.000159944
8.275 0.00092415 0.000951965 -0.000650668 0.000150648
8.3 0.000880677 0.000907039 -0.000623233 0.000141903
8.325 0.000839333 0.000864317 -0.000596964 0.000133676
8.35 0.000800009 0.000823685 -0.000571816 0.000125935
8.375 0.000762605 0.00078504 -0.000547742 0.000118649
8.4 0.000727023 0.000748281 -0.000524698 0.000111792
8.425 0.000693171 0.000713313 -0.000502642 0.000105335
8.45 0.000660963 0.000680045 -0.000481533 9.92564e-05
8.475 0.000630314 0.000648392 -0.000461329 9.35315e-05
8.5 0.000601146 0.000618272 -0.000441994 8.81391e-05
8.525 0.000573385 0.000589608 -0.00042349 8.30591e-05
8.55 0.000546959 0.000562326 -0.000405781 7.82725e-05
8.575 0.000521802 0.000536357 -0.000388833 7.37617e-05
8.6 0.000497848 0.000511634 -0.000372614 6.95101e-05
8.625 0.000475039 0.000488095 -0.000357091 6.55022e-05
8.65 0.000453316 0.000465681 -0.000342234 6.17235e-05
8.675 0.000432625 0.000444335 -0.000328014 5.81605e-05
8.7 0.000412914 0.000424004 -0.000314403 5.48003e-05
8.725 0.000394134 0.000404636 -0.000301374 5.16311e-05
8.75 0.00037624 0.000386185 -0.000288901 4.86417e-05
8.775 0.000359186 0.000368603 -0.00027696 4.58217e-05
8.8 0.000342931 0.000351849 -0.000265527 4.31613e-05
8.825 0.000327436 0.000335881 -0.000254579 4.06513e-05
8.85 0.000312663 0.000320661 -0.000244095 3.8283e-05
8.875 0.000298577 0.000306151 -0.000234054 3.60485e-05
8.9 0.000285144 0.000292316 -0.000224436 3.394e-05
8.925 0.000272332 0.000279124 -0.000215223 3.19506e-05
8.95 0.00026011 0.000266543 -0.000206396 3.00735e-05
8.975 0.000248451 0.000254543 -0.000197939 2.83024e-05
9 0.000237327 0.000243097 -0.000189834 2.66315e-05
9.025 0.000226711 0.000232177 -0.000182067 2.50551e-05
9.05 0.00021658 0.000221758 -0.000174621 2.35681e-05
9.075 0.00020691 0.000211815 -0.000167484 2.21656e-05
9.1 0.000197679 0.000202327 -0.000160641 2.08428e-05
9.125 0.000188867 0.000193271 -0.00015408 1.95956e-05
9.15 0.000180453 0.000184627 -0.000147787 1.84196e-05
9.175 0.000172419 0.000176375 -0.000141752 1.7311e-05
9.2 0.000164747 0.000168496 -0.000135964 1.62663e-05
9.225 0.000157419 0.000160974 -0.00013041 1.52818e-05
9.25 0.000150421 0.000153791 -0.000125082 1.43543e-05
9.275 0.000143735 0.000146931 -0.00011997 1.34808e-05
9.3 0.000137349 0.00014038 -0.000115064 1.26582e-05
9.325 0.000131247 0.000134123 -0.000110355 1.18838e-05
9.35 0.000125417 0.000128146 -0.000105836 1.11551e-05
9.375 0.000119847 0.000122437 -0.000101499 1.04694e-05
9.4 0.000114525 0.000116983 -9.73346e-05 9.82442e-06
9.425 0.000109438 0.000111773 -9.33371e-05 9.21794e-06
9.45 0.000104577 0.000106795 -8.94992e-05 8.64784e-06
9.475 9.99317e-05 0.000102039 -8.58143e-05 8.1121e-06
9.5 9.54918e-05 9.74939e-05 -8.22763e-05 7.60881e-06
9.525 9.12482e-05 9.31514e-05 -7.88791e-05 7.13616e-06
9.55 8.71922e-05 8.90019e-05 -7.56171e-05 6.69243e-06
9.575 8.33154e-05 8.50367e-05 -7.24847e-05 6.27599e-06
9.6 7.96097e-05 8.12475e-05 -6.94769e-05 5.88529e-06
9.625 7.60677e-05 7.76265e-05 -6.65888e-05 5.51887e-06
9.65 7.2682e-05 7.41661e-05 -6.38155e-05 5.17534e-06
9.675 6.94457e-05 7.08593e-05 -6.11525e-05 4.85337e-06
9.7 6.63522e-05 6.7699e-05 -5.85956e-05 4.55171e-06
9.725 6.33953e-05 6.4679e-05 -5.61407e-05 4.26918e-06
9.75 6.0569e-05 6.17929e-05 -5.37837e-05 4.00464e-06
9.775 5.78675e-05 5.90349e-05 -5.15209e-05 3.75702e-06
9.8 5.52854e-05 5.63993e-05 -4.93487e-05 3.52532e-06
9.825 5.28175e-05 5.38807e-05 -4.72636e-05 3.30858e-06
9.85 5.04588e-05 5.1474e-05 -4.52623e-05 3.10589e-06
9.875 4.82045e-05 4.91743e-05 -4.33415e-05 2.91639e-06
9.9 4.60502e-05 4.69769e-05 -4.14984e-05 2.73926e-06
9.925 4.39915e-05 4.48773e-05 -3.97298e-05 2.57375e-06
9.95 4.20242e-05 4.28713e-05 -3.8033e-05 2.41911e-06
9.975 4.01444e-05 4.09547e-05 -3.64053e-05 2.27468e-06
10 3.83482e-05 3.91236e-05 -3.48441e-05 2.13978e-06
10.025 3.66322e-05 3.73744e-05 -3.33468e-05 2.01382e-06
10.05 3.49928e-05 3.57035e-05 -3.1911e-05 1.89622e-06
10.075 3.34266e-05 3.41073e-05 -3.05345e-05 1.78643e-06
10.1 3.19306e-05 3.25828e-05 -2.92149e-05 1.68394e-06
10.125 3.05017e-05 3.11267e-05 -2.79502e-05 1.58827e-06
10.15 2.9137e-05 2.97361e-05 -2.67382e-05 1.49896e-06
10.175 2.78336e-05 2.84081e-05 -2.55769e-05 1.41557e-06
10.2 2.6589e-05 2.71399e-05 -2.44645e-05 1.33772e-06
10.225 2.54006e-05 2.5929e-05 -2.3399e-05 1.26503e-06
10.25 2.42659e-05 2.47729e-05 -2.23786e-05 1.19712e-06
10.275 2.31827e-05 2.3669e-05 -2.14017e-05 1.13369e-06
10.3 2.21485e-05 2.26153e-05 -2.04665e-05 1.0744e-06
10.325 2.11614e-05 2.16094e-05 -1.95714e-05 1.01897e-06
10.35 2.02192e-05 2.06492e-05 -1.87149e-05 9.67127e-07
10.375 1.932e-05 1.97327e-05 -1.78955e-05 9.1861e-07
10.4 1.84619e-05 1.8858e-05 -1.71117e-05 8.73181e-07
10.425 1.7643e-05 1.80233e-05 -1.6362e-05 8.30614e-07
10.45 1.68617e-05 1.72267e-05 -1.56453e-05 7.90702e-07
10.475 1.61162e-05 1.64666e-05 -1.49601e-05 7.53248e-07
10.5 1.5405e-05 1.57413e-05 -1.43051e-05 7.1807e-07
10.525 1.47265e-05 1.50493e-05 -1.36793e-05 6.84999e-07
10.55 1.40793e-05 1.4389e-05 -1.30813e-05 6.53878e-07
10.575 1.3462e-05 1.37592e-05 -1.251e-05 6.24559e-07
10.6 1.28731e-05 1.31583e-05 -1.19645e-05 5.96907e-07
10.625 1.23116e-05 1.25851e-05 -1.14435e-05 5.70796e-07
10.65 1.1776e-05 1.20383e-05 -1.09461e-05 5.46108e-07
10.675 1.12652e-05 1.15168e-05 -1.04713e-05 5.22737e-07
10.7 1.07781e-05 1.10193e-05 -1.00181e-05 5.00582e-07
10.725 1.03136e-05 1.05448e-05 -9.5857e-06 4.79552e-07
10.75 9.8706e-06 1.00922e-05 -9.17311e-06 4.59562e-07
10.775 9.4482e-06 9.66058e-06 -8.77951e-06 4.40533e-07
10.8 9.04542e-06 9.24887e-06 -8.40408e-06 4.22396e-07
10.825 8.66133e-06 8.8562e-06 -8.04603e-06 4.05083e-07
10.85 8.29508e-06 8.48168e-06 -7.7046e-06 3.88537e-07
10.875 7.94582e-06 8.12445e-06 -7.37905e-06 3.72701e-07
10.9 7.61275e-06 7.78372e-06 -7.06867e-06 3.57527e-07
10.925 7.29512e-06 7.45872e-06 -6.77278e-06 3.42968e-07
10.95 6.9922e-06 7.1487e-06 -6.49073e-06 3.28985e-07
10.975 6.70329e-06 6.85297e-06 -6.22189e-06 3.15541e-07
11 6.42772e-06 6.57084e-06 -5.96564e-06 3.02601e-07
11.025 6.16486e-06 6.30167e-06 -5.7214e-06 2.90135e-07
11.05 5.9141e-06 6.04485e-06 -5.48862e-06 2.78117e-07
11.075 5.67486e-06 5.79979e-06 -5.26674e-06 2.66523e-07
11.1 5.44659e-06 5.56593e-06 -5.05527e-06 2.5533e-07
11.125 5.22875e-06 5.34272e-06 -4.85369e-06 2.44519e-07
11.15 5.02085e-06 5.12967e-06 -4.66152e-06 2.34073e-07
11.175 4.82239e-06 4.92627e-06 -4.47832e-06 2.23976e-07
11.2 4.63293e-06 4.73207e-06 -4.30364e-06 2.14216e-07
11.225 4.45202e-06 4.54662e-06 -4.13706e-06 2.04778e-07
11.25 4.27925e-06 4.36949e-06 -3.97818e-06 1.95653e-07
11.275 4.11421e-06 4.20027e-06 -3.82661e-06 1.86831e-07
11.3 3.95652e-06 4.03859e-06 -3.68198e-06 1.78304e-07
11.325 3.80583e-06 3.88407e-06 -3.54394e-06 1.70062e-07
11.35 3.66179e-06 3.73636e-06 -3.41216e-06 1.621e-07
11.375 3.52407e-06 3.59513e-06 -3.2863e-06 1.54411e-07
11.4 3.39235e-06 3.46005e-06 -3.16607e-06 1.46989e-07
11.425 3.26635e-06 3.33083e-06 -3.05117e-06 1.39828e-07
11.45 3.14577e-06 3.20717e-06 -2.94132e-06 1.32923e-07
11.475 3.03034e-06 3.0888e-06 -2.83626e-06 1.2627e-07
11.5 2.91982e-06 2.97546e-06 -2.73573e-06 1.19863e-07
11.525 2.81395e-06 2.86689e-06 -2.6395e-06 1.13697e-07
11.55 2.7125e-06 2.76287e-06 -2.54733e-06 1.07769e-07
11.575 2.61526e-06 2.66317e-06 -2.45902e-06 1.02074e-07
11.6 2.52201e-06 2.56756e-06 -2.37435e-06 9.66063e-08
11.625 2.43256e-06 2.47586e-06 -2.29314e-06 9.13619e-08
11.65 2.34671e-06 2.38786e-06 -2.21519e-06 8.6336e-08
11.675 2.2643e-06 2.30339e-06 -2.14034e-06 8.15236e-08
11.7 2.18514e-06 2.22227e-06 -2.06843e-06 7.69198e-08
11.725 2.10908e-06 2.14433e-06 -1.99929e-06 7.25195e-08
11.75 2.03596e-06 2.06942e-06 -1.93279e-06 6.83174e-08
11.775 1.96565e-06 1.9974e-06 -1.86878e-06 6.43081e-08
11.8 1.898e-06 1.92811e-06 -1.80714e-06 6.04863e-08
11.825 1.83288e-06 1.86144e-06 -1.74775e-06 5.68464e-08
11.85 1.77018e-06 1.79725e-06 -1.69049e-06 5.33827e-08
11.875 1.70977e-06 1.73543e-06 -1.63526e-06 5.00895e-08
11.9 1.65155e-06 1.67587e-06 -1.58195e-06 4.69611e-08
11.925 1.59541e-06 1.61845e-06 -1.53047e-06 4.39918e-08
11.95 1.54126e-06 1.56308e-06 -1.48073e-06 4.11756e-08
11.975 1.48901e-06 1.50967e-06 -1.43266e-06 3.8507e-08
12 1.43856e-06 1.45813e-06 -1.38617e-06 3.598e-08
12.025 1.38983e-06 1.40836e-06 -1.34118e-06 3.35891e-08
12.05 1.34275e-06 1.3603e-06 -1.29764e-06 3.13285e-08
12.075 1.29725e-06 1.31386e-06 -1.25548e-06 2.91929e-08
12.1 1.25325e-06 1.26898e-06 -1.21463e-06 2.71767e-08
12.125 1.21069e-06 1.22559e-06 -1.17504e-06 2.52747e-08
12.15 1.16951e-06 1.18363e-06 -1.13667e-06 2.34818e-08
12.175 1.12964e-06 1.14303e-06 -1.09945e-06 2.17929e-08
12.2 1.09105e-06 1.10375e-06 -1.06334e-06 2.02032e-08
12.225 1.05366e-06 1.06572e-06 -1.0283e-06 1.87081e-08
12.25 1.01744e-06 1.0289e-06 -9.94293e-07 1.73031e-08
12.275 9.82345e-07 9.93238e-07 -9.6127e-07 1.59841e-08
12.3 9.48321e-07 9.58692e-07 -9.29199e-07 1.47468e-08
12.325 9.15332e-07 9.25218e-07 -8.98043e-07 1.35874e-08
12.35 8.83338e-07 8.92776e-07 -8.67772e-07 1.25022e-08
12.375 8.52303e-07 8.61327e-07 -8.38352e-07 1.14877e-08
12.4 8.22192e-07 8.30835e-07 -8.09754e-07 1.05407e-08
12.425 7.92972e-07 8.01266e-07 -7.8195e-07 9.65798e-09
12.45 7.64612e-07 7.72587e-07 -7.54913e-07 8.83663e-09
12.475 7.37082e-07 7.44766e-07 -7.28618e-07 8.07386e-09
12.5 7.10355e-07 7.17774e-07 -7.0304e-07 7.36708e-09
12.525 6.84403e-07 6.91582e-07 -6.78155e-07 6.71381e-09
12.55 6.59202e-07 6.66165e-07 -6.53941e-07 6.11173e-09
12.575 6.34727e-07 6.41495e-07 -6.30378e-07 5.55865e-09
12.6 6.10956e-07 6.17549e-07 -6.07444e-07 5.05248e-09
12.625 5.87866e-07 5.94304e-07 -5.85121e-07 4.59125e-09
12.65 5.65438e-07 5.71737e-07 -5.6339e-07 4.17308e-09
12.675 5.43651e-07 5.49827e-07 -5.42234e-07 3.79616e-09
12.7 5.22487e-07 5.28553e-07 -5.21636e-07 3.45876e-09
12.725 5.01929e-07 5.07898e-07 -5.0158e-07 3.15921e-09
12.75 4.81959e-07 4.87842e-07 -4.82051e-07 2.89588e-09
12.775 4.62562e-07 4.68369e-07 -4.63035e-07 2.66719e-09
12.8 4.43722e-07 4.49462e-07 -4.44519e-07 2.47156e-09
12.825 4.25426e-07 4.31105e-07 -4.2649e-07 2.30746e-09
12.85 4.07659e-07 4.13284e-07 -4.08937e-07 2.17338e-09
12.875 3.90409e-07 3.95985e-07 -3.91849e-07 2.06778e-09
12.9 3.73665e-07 3.79194e-07 -3.75216e-07 1.98916e-09
12.925 3.57414e-07 3.62901e-07 -3.59029e-07 1.936e-09
12.95 3.41647e-07 3.47092e-07 -3.43279e-07 1.90679e-09
12.975 3.26354e-07 3.31758e-07 -3.27958e-07 1.89999e-09
13 3.11525e-07 3.16889e-07 -3.13061e-07 1.91408e-09
13.025 2.97151e-07 3.02476e-07 -2.98581e-07 1.94751e-09
13.05 2.83226e-07 2.88509e-07 -2.84512e-07 1.99874e-09
13.075 2.69742e-07 2.74982e-07 -2.70849e-07 2.06622e-09
13.1 2.56691e-07 2.61887e-07 -2.5759e-07 2.14841e-09
13.125 2.44069e-07 2.49218e-07 -2.4473e-07 2.24376e-09
13.15 2.31869e-07 2.36969e-07 -2.32267e-07 2.35073e-09
13.175 2.20087e-07 2.25135e-07 -2.20199e-07 2.4678e-09
13.2 2.08718e-07 2.13711e-07 -2.08524e-07 2.59346e-09
13.225 1.97759e-07 2.02694e-07 -1.97241e-07 2.72623e-09
13.25 1.87204e-07 1.92079e-07 -1.8635e-07 2.86465e-09
13.275 1.77052e-07 1.81864e-07 -1.7585e-07 3.00732e-09
13.3 1.673e-07 1.72047e-07 -1.65741e-07 3.15285e-09
13.325 1.57944e-07 1.62624e-07 -1.56024e-07 3.29992e-09
13.35 1.48984e-07 1.53593e-07 -1.46699e-07 3.44727e-09
13.375 1.40416e-07 1.44955e-07 -1.37767e-07 3.59368e-09
13.4 1.3224e-07 1.36705e-07 -1.29229e-07 3.73803e-09
13.425 1.24453e-07 1.28845e-07 -1.21087e-07 3.87924e-09
13.45 1.17055e-07 1.21373e-07 -1.1334e-07 4.01633e-09
13.475 1.10044e-07 1.14287e-07 -1.0599e-07 4.1484e-09
13.5 1.03418e-07 1.07587e-07 -9.90376e-08 4.27462e-09
13.525 9.71759e-08 1.01272e-07 -9.24835e-08 4.39429e-09
13.55 9.1317e-08 9.53414e-08 -8.63279e-08 4.50675e-09
13.575 8.58394e-08 8.97938e-08 -8.05709e-08 4.61149e-09
13.6 8.07415e-08 8.46282e-08 -7.52121e-08 4.70806e-09
13.625 7.60214e-08 7.98432e-08 -7.0251e-08 4.79611e-09
13.65 7.1677e-08 7.54371e-08 -6.56863e-08 4.87541e-09
13.675 6.7706e-08 7.1408e-08 -6.15164e-08 4.94581e-09
13.7 6.41057e-08 6.77538e-08 -5.77392e-08 5.00727e-09
13.725 6.0873e-08 6.44716e-08 -5.4352e-08 5.05982e-09
13.75 5.80045e-08 6.15587e-08 -5.13515e-08 5.1036e-09
13.775 5.54964e-08 5.90113e-08 -4.87336e-08 5.13883e-09
13.8 5.33445e-08 5.68256e-08 -4.6494e-08 5.16581e-09
13.825 5.15438e-08 5.49971e-08 -4.46273e-08 5.18494e-09
13.85 5.00893e-08 5.35209e-08 -4.31275e-08 5.19666e-09
13.875 4.89751e-08 5.23912e-08 -4.19882e-08 5.20151e-09
13.9 4.81949e-08 5.16022e-08 -4.1202e-08 5.20007e-09
13.925 4.77419e-08 5.11469e-08 -4.0761e-08 5.19297e-09
13.95 4.76087e-08 5.10182e-08 -4.06564e-08 5.18092e-09
13.975 4.77874e-08 5.12082e-08 -4.08789e-08 5.16463e-09
14 4.82695e-08 5.17084e-08 -4.14186e-08 5.14489e-09
14.025 4.90459e-08 5.25097e-08 -4.22647e-08 5.12247e-09
14.05 5.01071e-08 5.36025e-08 -4.34061e-08 5.0982e-09
14.075 5.14429e-08 5.49766e-08 -4.48309e-08 5.07289e-09
14.1 5.30428e-08 5.66213e-08 -4.65265e-08 5.04738e-09
14.125 5.48955e-08 5.85252e-08 -4.84802e-08 5.02249e-09
14.15 5.69895e-08 6.06766e-08 -5.06785e-08 4.99905e-09
14.175 5.93128e-08 6.30631e-08 -5.31074e-08 4.97786e-09
14.2 6.18528e-08 6.56721e-08 -5.57527e-08 4.9597e-09
14.225 6.45968e-08 6.84903e-08 -5.85997e-08 4.94532e-09
14.25 6.75313e-08 7.15043e-08 -6.16334e-08 4.93545e-09
14.275 7.0643e-08 7.47001e-08 -6.48386e-08 4.93075e-09
14.3 7.3918e-08 7.80636e-08 -6.81999e-08 4.93188e-09
14.325 7.73422e-08 8.15804e-08 -7.17016e-08 4.93941e-09
14.35 8.09013e-08 8.52356e-08 -7.53279e-08 4.95388e-09
14.375 8.45808e-08 8.90146e-08 -7.90631e-08 4.97577e-09
14.4 8.83663e-08 9.29023e-08 -8.28913e-08 5.0055e-09
14.425 9.2243e-08 9.68837e-08 -8.67969e-08 5.04343e-09
14.45 9.61963e-08 1.00944e-07 -9.0764e-08 5.08985e-09
14.475 1.00212e-07 1.05067e-07 -9.47772e-08 5.14499e-09
14.5 1.04274e-07 1.09239e-07 -9.88212e-08 5.20902e-09
14.525 1.0837e-07 1.13445e-07 -1.02881e-07 5.28203e-09
14.55 1.12484e-07 1.1767e-07 -1.06941e-07 5.36405e-09
14.575 1.16603e-07 1.21899e-07 -1.10988e-07 5.45506e-09
14.6 1.20712e-07 1.26118e-07 -1.15008e-07 5.55495e-09
14.625 1.24798e-07 1.30313e-07 -1.18986e-07 5.66355e-09
14.65 1.28849e-07 1.3447e-07 -1.22909e-07 5.78066e-09
14.675 1.3285e-07 1.38577e-07 -1.26765e-07 5.90599e-09
14.7 1.36789e-07 1.4262e-07 -1.30542e-07 6.03919e-09
14.725 1.40655e-07 1.46588e-07 -1.34228e-07 6.17989e-09
14.75 1.44435e-07 1.50467e-07 -1.37811e-07 6.32763e-09
14.775 1.48119e-07 1.54246e-07 -1.41282e-07 6.48194e-09
14.8 1.51696e-07 1.57915e-07 -1.44631e-07 6.64228e-09
14.825 1.55156e-07 1.61464e-07 -1.47848e-07 6.80809e-09
14.85 1.58489e-07 1.64882e-07 -1.50925e-07 6.97875e-09
14.875 1.61687e-07 1.68161e-07 -1.53854e-07 7.15364e-09
14.9 1.64742e-07 1.71292e-07 -1.56628e-07 7.33211e-09
14.925 1.67645e-07 1.74267e-07 -1.5924e-07 7.51345e-09
14.95 1.7039e-07 1.77079e-07 -1.61685e-07 7.69698e-09
14.975 1.7297e-07 1.79722e-07 -1.63958e-07 7.88199e-09
15 1.75381e-07 1.82189e-07 -1.66054e-07 8.06775e-09
15.025 1.77615e-07 1.84476e-07 -1.67969e-07 8.25354e-09
15.05 1.7967e-07 1.86578e-07 -1.69701e-07 8.43863e-09
15.075 1.81542e-07 1.88491e-07 -1.71247e-07 8.6223e-09
15.1 1.83227e-07 1.90213e-07 -1.72605e-07 8.80384e-09
15.125 1.84723e-07 1.91739e-07 -1.73774e-07 8.98254e-09
15.15 1.86028e-07 1.9307e-07 -1.74754e-07 9.15771e-09
15.175 1.87141e-07 1.94203e-07 -1.75545e-07 9.32868e-09
15.2 1.88061e-07 1.95137e-07 -1.76148e-07 9.49482e-09
15.225 1.88789e-07 1.95874e-07 -1.76563e-07 9.65548e-09
15.25 1.89325e-07 1.96413e-07 -1.76793e-07 9.81008e-09
15.275 1.89669e-07 1.96756e-07 -1.7684e-07 9.95805e-09
15.3 1.89825e-07 1.96904e-07 -1.76706e-07 1.00989e-08
15.325 1.89793e-07 1.9686e-07 -1.76396e-07 1.0232e-08
15.35 1.89576e-07 1.96626e-07 -1.75912e-07 1.0357e-08
15.375 1.89179e-07 1.96206e-07 -1.75259e-07 1.04735e-08
15.4 1.88603e-07 1.95602e-07 -1.74441e-07 1.05809e-08
15.425 1.87854e-07 1.94821e-07 -1.73462e-07 1.06791e-08
15.45 1.86935e-07 1.93865e-07 -1.72329e-07 1.07677e-08
15.475 1.85851e-07 1.9274e-07 -1.71047e-07 1.08464e-08
15.5 1.84607e-07 1.9145e-07 -1.6962e-07 1.0915e-08
15.525 1.83209e-07 1.90002e-07 -1.68055e-07 1.09733e-08
15.55 1.81663e-07 1.88401e-07 -1.66359e-07 1.10211e-08
15.575 1.79973e-07 1.86653e-07 -1.64536e-07 1.10584e-08
15.6 1.78146e-07 1.84764e-07 -1.62594e-07 1.10851e-08
15.625 1.76189e-07 1.82742e-07 -1.60539e-07 1.11011e-08
15.65 1.74108e-07 1.80591e-07 -1.58378e-07 1.11064e-08
15.675 1.71909e-07 1.7832e-07 -1.56117e-07 1.11012e-08
15.7 1.69598e-07 1.75934e-07 -1.53763e-07 1.10854e-08
15.725 1.67184e-07 1.73441e-07 -1.51323e-07 1.10591e-08
15.75 1.64672e-07 1.70848e-07 -1.48803e-07 1.10227e-08
15.775 1.6207e-07 1.68162e-07 -1.4621e-07 1.09761e-08
15.8 1.59384e-07 1.65389e-07 -1.4355e-07 1.09196e-08
15.825 1.5662e-07 1.62538e-07 -1.40831e-07 1.08535e-08
15.85 1.53787e-07 1.59614e-07 -1.38058e-07 1.0778e-08
15.875 1.5089e-07 1.56625e-07 -1.35238e-07 1.06933e-08
15.9 1.47937e-07 1.53577e-07 -1.32377e-07 1.05999e-08
15.925 1.44933e-07 1.50477e-07 -1.29482e-07 1.04979e-08
15.95 1.41885e-07 1.47333e-07 -1.26557e-07 1.03878e-08
15.975 1.388e-07 1.44149e-07 -1.23609e-07 1.02699e-08
16 1.35684e-07 1.40933e-07 -1.20644e-07 1.01445e-08
16.025 1.32543e-07 1.37692e-07 -1.17667e-07 1.00122e-08
16.05 1.29382e-07 1.3443e-07 -1.14683e-07 9.87313e-09
16.075 1.26208e-07 1.31153e-07 -1.11698e-07 9.72784e-09
16.1 1.23025e-07 1.27868e-07 -1.08715e-07 9.5767e-09
16.125 1.1984e-07 1.2458e-07 -1.0574e-07 9.42013e-09
16.15 1.16657e-07 1.21294e-07 -1.02777e-07 9.25853e-09
16.175 1.13481e-07 1.18015e-07 -9.98306e-08 9.09232e-09
16.2 1.10318e-07 1.14748e-07 -9.69044e-08 8.92192e-09
16.225 1.0717e-07 1.11498e-07 -9.40022e-08 8.74773e-09
16.25 1.04043e-07 1.08268e-07 -9.11277e-08 8.57017e-09
16.275 1.00941e-07 1.05063e-07 -8.82841e-08 8.38964e-09
16.3 9.78673e-08 1.01888e-07 -8.54745e-08 8.20655e-09
16.325 9.48255e-08 9.87444e-08 -8.27018e-08 8.02127e-09
16.35 9.18191e-08 9.56372e-08 -7.99688e-08 7.83419e-09
16.375 8.88512e-08 9.25692e-08 -7.72778e-08 7.6457e-09
16.4 8.59247e-08 8.95434e-08 -7.46311e-08 7.45615e-09
16.425 8.30422e-08 8.65626e-08 -7.20308e-08 7.26589e-09
16.45 8.02061e-08 8.36293e-08 -6.94787e-08 7.07527e-09
16.475 7.74189e-08 8.07458e-08 -6.69765e-08 6.88462e-09
16.5 7.46824e-08 7.79142e-08 -6.45257e-08 6.69425e-09
16.525 7.19985e-08 7.51364e-08 -6.21274e-08 6.50447e-09
16.55 6.93688e-08 7.2414e-08 -5.97829e-08 6.31556e-09
16.575 6.67948e-08 6.97487e-08 -5.74931e-08 6.1278e-09
16.6 6.42778e-08 6.71416e-08 -5.52587e-08 5.94146e-09
16.625 6.18186e-08 6.4594e-08 -5.30804e-08 5.75677e-09
16.65 5.94184e-08 6.21066e-08 -5.09587e-08 5.57397e-09
16.675 5.70777e-08 5.96803e-08 -4.88938e-08 5.39329e-09
16.7 5.47972e-08 5.73157e-08 -4.68859e-08 5.21491e-09
16.725 5.25772e-08 5.50132e-08 -4.49351e-08 5.03904e-09
16.75 5.0418e-08 5.27731e-08 -4.30414e-08 4.86584e-09
16.775 4.83197e-08 5.05955e-08 -4.12046e-08 4.69547e-09
16.8 4.62824e-08 4.84805e-08 -3.94243e-08 4.52808e-09
16.825 4.43057e-08 4.64278e-08 -3.77003e-08 4.3638e-09
16.85 4.23896e-08 4.44374e-08 -3.60319e-08 4.20274e-09
16.875 4.05336e-08 4.25087e-08 -3.44187e-08 4.04503e-09
16.9 3.87373e-08 4.06414e-08 -3.286e-08 3.89074e-09
16.925 3.70001e-08 3.88349e-08 -3.1355e-08 3.73995e-09
16.95 3.53213e-08 3.70885e-08 -2.9903e-08 3.59274e-09
16.975 3.37002e-08 3.54015e-08 -2.85032e-08 3.44917e-09
17 3.21359e-08 3.37731e-08 -2.71546e-08 3.30926e-09
17.025 3.06277e-08 3.22024e-08 -2.58562e-08 3.17308e-09
17.05 2.91745e-08 3.06884e-08 -2.46071e-08 3.04062e-09
17.075 2.77753e-08 2.92301e-08 -2.34062e-08 2.91192e-09
17.1 2.64292e-08 2.78265e-08 -2.22525e-08 2.78698e-09
17.125 2.51349e-08 2.64764e-08 -2.11448e-08 2.66579e-09
17.15 2.38914e-08 2.51787e-08 -2.0082e-08 2.54835e-09
17.175 2.26975e-08 2.39322e-08 -1.9063e-08 2.43464e-09
17.2 2.1552e-08 2.27358e-08 -1.80865e-08 2.32462e-09
17.225 2.04537e-08 2.1588e-08 -1.71515e-08 2.21828e-09
17.25 1.94013e-08 2.04878e-08 -1.62567e-08 2.11556e-09
17.275 1.83935e-08 1.94338e-08 -1.54009e-08 2.01644e-09
17.3 1.74292e-08 1.84247e-08 -1.4583e-08 1.92085e-09
17.325 1.6507e-08 1.74592e-08 -1.38017e-08 1.82874e-09
17.35 1.56256e-08 1.65361e-08 -1.30559e-08 1.74007e-09
17.375 1.47839e-08 1.56539e-08 -1.23444e-08 1.65475e-09
17.4 1.39804e-08 1.48115e-08 -1.16661e-08 1.57273e-09
17.425 1.3214e-08 1.40075e-08 -1.10197e-08 1.49395e-09
17.45 1.24834e-08 1.32407e-08 -1.04041e-08 1.41832e-09
17.475 1.17874e-08 1.25098e-08 -9.81821e-09 1.34577e-09
17.5 1.11246e-08 1.18134e-08 -9.26093e-09 1.27623e-09
17.525 1.0494e-08 1.11504e-08 -8.73115e-09 1.20963e-09
17.55 9.89423e-09 1.05196e-08 -8.22781e-09 1.14588e-09
17.575 9.32422e-09 9.91965e-09 -7.74985e-09 1.0849e-09
17.6 8.78278e-09 9.34948e-09 -7.29625e-09 1.02661e-09
17.625 8.26878e-09 8.8079e-09 -6.86602e-09 9.7094e-10
17.65 7.78112e-09 8.29376e-09 -6.45817e-09 9.17796e-10
17.675 7.31871e-09 7.80595e-09 -6.07175e-09 8.67103e-10
17.7 6.88049e-09 7.34339e-09 -5.70583e-09 8.18778e-10
17.725 6.46544e-09 6.90501e-09 -5.35953e-09 7.72742e-10
17.75 6.07254e-09 6.48978e-09 -5.03195e-09 7.28914e-10
17.775 5.70084e-09 6.09669e-09 -4.72226e-09 6.87215e-10
17.8 5.34937e-09 5.72477e-09 -4.42963e-09 6.47567e-10
17.825 5.01722e-09 5.37306e-09 -4.15328e-09 6.09894e-10
17.85 4.70351e-09 5.04066e-09 -3.89242e-09 5.74119e-10
17.875 4.40736e-09 4.72666e-09 -3.64632e-09 5.40168e-10
17.9 4.12795e-09 4.43021e-09 -3.41427e-09 5.07967e-10
17.925 3.86448e-09 4.15047e-09 -3.19558e-09 4.77446e-10
17.95 3.61615e-09 3.88664e-09 -2.98958e-09 4.48533e-10
17.975 3.38224e-09 3.63795e-09 -2.79563e-09 4.21161e-10
18 3.16202e-09 3.40365e-09 -2.61313e-09 3.95263e-10
18.025 2.9548e-09 3.18302e-09 -2.44147e-09 3.70774e-10
18.05 2.75991e-09 2.97537e-09 -2.28011e-09 3.47632e-10
18.075 2.57671e-09 2.78004e-09 -2.12849e-09 3.25774e-10
18.1 2.40459e-09 2.59639e-09 -1.9861e-09 3.05142e-10
18.125 2.24296e-09 2.4238e-09 -1.85244e-09 2.85677e-10
18.15 2.09127e-09 2.26169e-09 -1.72704e-09 2.67325e-10
18.175 1.94897e-09 2.10951e-09 -1.60945e-09 2.50032e-10
18.2 1.81555e-09 1.96671e-09 -1.49922e-09 2.33745e-10
18.225 1.69051e-09 1.83279e-09 -1.39596e-09 2.18415e-10
18.25 1.5734e-09 1.70725e-09 -1.29926e-09 2.03993e-10
18.275 1.46375e-09 1.58962e-09 -1.20875e-09 1.90433e-10
18.3 1.36115e-09 1.47946e-09 -1.12408e-09 1.77691e-10
18.325 1.2652e-09 1.37635e-09 -1.04491e-09 1.65723e-10
18.35 1.17549e-09 1.27988e-09 -9.70904e-10 1.5449e-10
18.375 1.09168e-09 1.18967e-09 -9.01769e-10 1.43951e-10
18.4 1.0134e-09 1.10535e-09 -8.37213e-10 1.34068e-10
18.425 9.40333e-10 1.02657e-09 -7.76959e-10 1.24806e-10
18.45 8.72159e-10 9.53008e-10 -7.20746e-10 1.16131e-10
18.475 8.08583e-10 8.84346e-10 -6.68328e-10 1.08009e-10
18.5 7.49322e-10 8.20288e-10 -6.19469e-10 1.0041e-10
18.525 6.9411e-10 7.60554e-10 -5.7395e-10 9.33021e-11
18.55 6.42694e-10 7.04878e-10 -5.31561e-10 8.66585e-11
18.575 5.94835e-10 6.53007e-10 -4.92104e-10 8.04516e-11
18.6 5.50309e-10 6.04704e-10 -4.55393e-10 7.46556e-11
18.625 5.08903e-10 5.59744e-10 -4.21251e-10 6.92462e-11
18.65 4.70415e-10 5.17914e-10 -3.89514e-10 6.42e-11
18.675 4.34657e-10 4.79015e-10 -3.60025e-10 5.94951e-11
18.7 4.0145e-10 4.42857e-10 -3.32636e-10 5.51105e-11
18.725 3.70626e-10 4.09263e-10 -3.0721e-10 5.10265e-11
18.75 3.42028e-10 3.78064e-10 -2.83615e-10 4.72244e-11
18.775 3.15507e-10 3.49102e-10 -2.61729e-10 4.36864e-11
18.8 2.90922e-10 3.22229e-10 -2.41438e-10 4.03958e-11
18.825 2.68143e-10 2.97306e-10 -2.22632e-10 3.73367e-11
18.85 2.47047e-10 2.742e-10 -2.05212e-10 3.44943e-11
18.875 2.27518e-10 2.5279e-10 -1.89081e-10 3.18546e-11
18.9 2.09447e-10 2.32958e-10 -1.7415e-10 2.94041e-11
18.925 1.92734e-10 2.14597e-10 -1.60336e-10 2.71305e-11
18.95 1.77283e-10 1.97606e-10 -1.47562e-10 2.5022e-11
18.975 1.63005e-10 1.81888e-10 -1.35753e-10 2.30674e-11
19 1.49816e-10 1.67354e-10 -1.24841e-10 2.12565e-11
19.025 1.37639e-10 1.53921e-10 -1.14762e-10 1.95795e-11
19.05 1.26402e-10 1.41511e-10 -1.05457e-10 1.80271e-11
19.075 1.16036e-10 1.30051e-10 -9.68693e-11 1.65908e-11
19.1 1.06477e-10 1.19472e-10 -8.89474e-11 1.52625e-11
19.125 9.76674e-11 1.09712e-10 -8.16424e-11 1.40347e-11
19.15 8.9551e-11 1.0071e-10 -7.4909e-11 1.29002e-11
19.175 8.20768e-11 9.24103e-11 -6.87052e-11 1.18526e-11
19.2 7.51967e-11 8.47624e-11 -6.29915e-11 1.08854e-11
19.225 6.88664e-11 7.77175e-11 -5.77313e-11 9.9931e-12
19.25 6.30443e-11 7.12309e-11 -5.28907e-11 9.17012e-12
19.275 5.76918e-11 6.52608e-11 -4.84379e-11 8.41145e-12
19.3 5.27732e-11 5.97682e-11 -4.43435e-11 7.71238e-12
19.325 4.82552e-11 5.47172e-11 -4.05801e-11 7.06852e-12
19.35 4.41069e-11 5.0074e-11 -3.71224e-11 6.47576e-12
19.375 4.02996e-11 4.58075e-11 -3.39469e-11 5.9303e-12
19.4 3.68067e-11 4.18887e-11 -3.10315e-11 5.42858e-12
19.425 3.36036e-11 3.82907e-11 -2.83561e-11 4.96729e-12
19.45 3.06675e-11 3.49886e-11 -2.59019e-11 4.54337e-12
19.475 2.79772e-11 3.19594e-11 -2.36515e-11 4.15395e-12
19.5 2.55132e-11 2.91815e-11 -2.15887e-11 3.79639e-12
19.525 2.32573e-11 2.66351e-11 -1.96987e-11 3.46822e-12
19.55 2.11928e-11 2.43019e-11 -1.79676e-11 3.16715e-12
19.575 1.93043e-11 2.21648e-11 -1.63827e-11 2.89106e-12
19.6 1.75773e-11 2.02082e-11 -1.49322e-11 2.63799e-12
19.625 1.59988e-11 1.84175e-11 -1.36052e-11 2.40613e-12
19.65 1.45566e-11 1.67793e-11 -1.23918e-11 2.19377e-12
19.675 1.32394e-11 1.52812e-11 -1.12825e-11 1.99937e-12
19.7 1.20369e-11 1.39117e-11 -1.02688e-11 1.82148e-12
19.725 1.09395e-11 1.26604e-11 -9.34285e-12 1.65877e-12
19.75 9.93844e-12 1.15174e-11 -8.49738e-12 1.51e-12
19.775 9.02562e-12 1.04737e-11 -7.72567e-12 1.37404e-12
19.8 8.19358e-12 9.52122e-12 -7.02156e-12 1.24983e-12
19.825 7.43549e-12 8.65219e-12 -6.37936e-12 1.13641e-12
19.85 6.74504e-12 7.85962e-12 -5.79385e-12 1.03289e-12
19.875 6.11644e-12 7.13708e-12 -5.26023e-12 9.38428e-13
19.9 5.54438e-12 6.47863e-12 -4.77407e-12 8.5228e-13
19.925 5.02397e-12 5.87881e-12 -4.33133e-12 7.73743e-13
19.95 4.55073e-12 5.33262e-12 -3.92827e-12 7.02173e-13
19.975 4.12056e-12 4.83543e-12 -3.56147e-12 6.3698e-13
20 3.72969e-12 4.38304e-12 -3.2278e-12 5.7762e-13
