0 9.45405e-05 -7.18085e-05
0.025 9.45405e-05 -7.18085e-05
0.05 0.000188868 -0.00014338
0.075 0.000282771 -0.00021448
0.1 0.000376039 -0.000284874
0.125 0.000468462 -0.000354332
0.15 0.000559832 -0.000422625
0.175 0.000649947 -0.000489531
0.2 0.000738606 -0.000554834
0.225 0.000825611 -0.000618321
0.25 0.000910771 -0.000679789
0.275 0.000993897 -0.000739041
0.3 0.00107481 -0.000795891
0.325 0.00115333 -0.000850159
0.35 0.00122929 -0.000901678
0.375 0.00130253 -0.000950289
0.4 0.0013729 -0.000995846
0.425 0.00144024 -0.00103821
0.45 0.00150441 -0.00107727
0.475 0.00156529 -0.0011129
0.5 0.00162275 -0.001145
0.525 0.00167669 -0.0011735
0.55 0.001727 -0.00119833
0.575 0.00177358 -0.00121941
0.6 0.00181635 -0.00123671
0.625 0.00185524 -0.0012502
0.65 0.00189019 -0.00125986
0.675 0.00192114 -0.00126568
0.7 0.00194805 -0.00126768
0.725 0.0019709 -0.00126587
0.75 0.00198967 -0.00126029
0.775 0.00200434 -0.00125099
0.8 0.00201492 -0.00123803
0.825 0.00202142 -0.00122147
0.85 0.00202387 -0.00120141
0.875 0.0020223 -0.00117794
0.9 0.00201676 -0.00115115
0.925 0.00200731 -0.00112117
0.95 0.00199401 -0.00108812
0.975 0.00197695 -0.00105214
1 0.0019562 -0.00101335
1.025 0.00193188 -0.000971911
1.05 0.00190409 -0.000927976
1.075 0.00187295 -0.000881705
1.1 0.00183857 -0.000833262
1.125 0.00180111 -0.000782817
1.15 0.0017607 -0.000730545
1.175 0.0017175 -0.00067662
1.2 0.00167167 -0.000621222
1.225 0.00162337 -0.000564532
1.25 0.00157278 -0.000506729
1.275 0.00152008 -0.000447994
1.3 0.00146546 -0.000388508
1.325 0.00140912 -0.00032845
1.35 0.00135124 -0.000267995
1.375 0.00129203 -0.000207318
1.4 0.0012317 -0.000146589
1.425 0.00117045 -8.59751e-05
1.45 0.00110851 -2.56375e-05
1.475 0.00104608 3.42668e-05
1.5 0.000983377 9.35869e-05
1.525 0.000920627 0.000152178
1.55 0.000858043 0.000209901
1.575 0.000795845 0.000266626
1.6 0.000734249 0.000322228
1.625 0.000673471 0.000376592
1.65 0.000613726 0.000429608
1.675 0.000555225 0.000481178
1.7 0.000498177 0.00053121
1.725 0.000442785 0.000579622
1.75 0.00038925 0.000626338
1.775 0.000337766 0.000671295
1.8 0.000288522 0.000714437
1.825 0.000241701 0.000755716
1.85 0.000197478 0.000795094
1.875 0.000156022 0.000832541
1.9 0.000117492 0.000868037
1.925 8.20391e-05 0.000901569
1.95 4.98052e-05 0.000933134
1.975 2.0922e-05 0.000962734
2 -4.48913e-06 0.000990382
2.025 -2.63179e-05 0.0010161
2.05 -4.44653e-05 0.0010399
2.075 -5.88443e-05 0.00106184
2.1 -6.93802e-05 0.00108193
2.125 -7.60111e-05 0.00110024
2.15 -7.86883e-05 0.0011168
2.175 -7.73765e-05 0.00113168
2.2 -7.20543e-05 0.00114492
2.225 -6.27146e-05 0.0011566
2.25 -4.93644e-05 0.00116678
2.275 -3.20255e-05 0.00117553
2.3 -1.07345e-05 0.00118291
2.325 1.44574e-05 0.001189
2.35 4.34835e-05 0.00119387
2.375 7.62626e-05 0.00119758
2.4 0.000112698 0.00120021
2.425 0.000152679 0.00120183
2.45 0.000196078 0.00120251
2.475 0.000242754 0.0012023
2.5 0.000292553 0.00120127
2.525 0.000345304 0.00119947
2.55 0.000400822 0.00119696
2.575 0.000458912 0.00119379
2.6 0.000519362 0.00118999
2.625 0.000581948 0.0011856
2.65 0.000646436 0.00118065
2.675 0.000712577 0.00117516
2.7 0.000780114 0.00116914
2.725 0.000848777 0.0011626
2.75 0.000918289 0.00115554
2.775 0.000988361 0.00114795
2.8 0.0010587 0.0011398
2.825 0.001129 0.00113107
2.85 0.00119895 0.00112171
2.875 0.00126825 0.00111169
2.9 0.00133656 0.00110095
2.925 0.00140357 0.00108941
2.95 0.00146895 0.00107702
2.975 0.00153238 0.00106367
3 0.00159353 0.00104929
3.025 0.00165208 0.00103376
3.05 0.00170769 0.00101698
3.075 0.00176005 0.000998842
3.1 0.00180885 0.000979211
3.125 0.00185376 0.00095796
3.15 0.00189449 0.000934952
3.175 0.00193074 0.000910045
3.2 0.00196221 0.000883092
3.225 0.00198864 0.000853942
3.25 0.00200975 0.000822439
3.275 0.00202529 0.000788427
3.3 0.00203501 0.000751747
3.325 0.00203868 0.000712239
3.35 0.0020361 0.000669743
3.375 0.00202705 0.0006241
3.4 0.00201137 0.000575155
3.425 0.00198889 0.000522752
3.45 0.00195945 0.000466743
3.475 0.00192295 0.000406982
3.5 0.00187926 0.000343331
3.525 0.00182831 0.000275658
3.55 0.00177003 0.000203839
3.575 0.00170438 0.000127758
3.6 0.00163134 4.73114e-05
3.625 0.0015509 -3.75966e-05
3.65 0.00146309 -0.000127048
3.675 0.00136795 -0.000221114
3.7 0.00126556 -0.000319852
3.725 0.001156 -0.000423303
3.75 0.00103939 -0.000531498
3.775 0.000915865 -0.000644449
3.8 0.000785579 -0.000762152
3.825 0.000648714 -0.00088459
3.85 0.000505469 -0.00101173
3.875 0.000356067 -0.00114351
3.9 0.000200749 -0.00127986
3.925 3.9775e-05 -0.0014207
3.95 -0.000126574 -0.00156592
3.975 -0.000298 -0.00171539
4 -0.000474188 -0.00186898
4.025 -0.000654808 -0.00202653
4.05 -0.000839513 -0.00218785
4.075 -0.00102794 -0.00235276
4.1 -0.00121973 -0.00252104
4.125 -0.00141447 -0.00269247
4.15 -0.0016118 -0.00286681
4.175 -0.00181128 -0.0030438
4.2 -0.00201253 -0.00322317
4.225 -0.00221511 -0.00340463
4.25 -0.0024186 -0.0035879
4.275 -0.00262257 -0.00377265
4.3 -0.0028266 -0.00395857
4.325 -0.00303025 -0.00414534
4.35 -0.00323309 -0.00433261
4.375 -0.00343469 -0.00452004
4.4 -0.00363462 -0.00470728
4.425 -0.00383247 -0.00489398
4.45 -0.00402781 -0.00507978
4.475 -0.00422024 -0.00526431
4.5 -0.00440936 -0.00544722
4.525 -0.00459477 -0.00562813
4.55 -0.00477611 -0.0058067
4.575 -0.00495299 -0.00598257
4.6 -0.00512507 -0.00615537
4.625 -0.005292 -0.00632477
4.65 -0.00545347 -0.00649042
4.675 -0.00560915 -0.00665198
4.7 -0.00575877 -0.00680914
4.725 -0.00590205 -0.00696158
4.75 -0.00603873 -0.007109
4.775 -0.00616858 -0.00725111
4.8 -0.00629138 -0.00738762
4.825 -0.00640693 -0.00751828
4.85 -0.00651507 -0.00764283
4.875 -0.00661564 -0.00776106
4.9 -0.0067085 -0.00787273
4.925 -0.00679355 -0.00797766
4.95 -0.00687069 -0.00807566
4.975 -0.00693985 -0.00816657
5 -0.007001 -0.00825024
5.025 -0.0070541 -0.00832656
5.05 -0.00709916 -0.00839542
5.075 -0.00713618 -0.00845673
5.1 -0.0071652 -0.00851043
5.125 -0.00718628 -0.00855646
5.15 -0.0071995 -0.00859481
5.175 -0.00720495 -0.00862546
5.2 -0.00720273 -0.00864844
5.225 -0.00719299 -0.00866375
5.25 -0.00717587 -0.00867147
5.275 -0.00715153 -0.00867165
5.3 -0.00712014 -0.00866437
5.325 -0.00708191 -0.00864975
5.35 -0.00703702 -0.00862789
5.375 -0.00698571 -0.00859892
5.4 -0.00692819 -0.00856301
5.425 -0.0068647 -0.0085203
5.45 -0.0067955 -0.00847098
5.475 -0.00672083 -0.00841524
5.5 -0.00664096 -0.00835326
5.525 -0.00655616 -0.00828527
5.55 -0.0064667 -0.00821148
5.575 -0.00637287 -0.00813213
5.6 -0.00627493 -0.00804744
5.625 -0.00617318 -0.00795767
5.65 -0.0060679 -0.00786306
5.675 -0.00595938 -0.00776388
5.7 -0.00584789 -0.00766037
5.725 -0.00573373 -0.00755281
5.75 -0.00561717 -0.00744146
5.775 -0.00549849 -0.00732659
5.8 -0.00537796 -0.00720846
5.825 -0.00525586 -0.00708734
5.85 -0.00513244 -0.0069635
5.875 -0.00500797 -0.0068372
5.9 -0.00488269 -0.00670872
5.925 -0.00475685 -0.00657829
5.95 -0.00463069 -0.00644619
5.975 -0.00450443 -0.00631265
6 -0.0043783 -0.00617794
6.025 -0.0042525 -0.00604228
6.05 -0.00412724 -0.00590591
6.075 -0.00400271 -0.00576905
6.1 -0.0038791 -0.00563193
6.125 -0.00375657 -0.00549477
6.15 -0.00363528 -0.00535775
6.175 -0.00351541 -0.00522108
6.2 -0.00339708 -0.00508496
6.225 -0.00328042 -0.00494955
6.25 -0.00316557 -0.00481502
6.275 -0.00305264 -0.00468155
6.3 -0.00294173 -0.00454928
6.325 -0.00283293 -0.00441835
6.35 -0.00272632 -0.00428891
6.375 -0.00262199 -0.00416107
6.4 -0.00252 -0.00403496
6.425 -0.0024204 -0.00391067
6.45 -0.00232325 -0.00378832
6.475 -0.00222857 -0.00366799
6.5 -0.00213642 -0.00354975
6.525 -0.0020468 -0.0034337
6.55 -0.00195974 -0.00331988
6.575 -0.00187525 -0.00320837
6.6 -0.00179333 -0.0030992
6.625 -0.00171397 -0.00299242
6.65 -0.00163718 -0.00288807
6.675 -0.00156293 -0.00278618
6.7 -0.0014912 -0.00268676
6.725 -0.00142197 -0.00258983
6.75 -0.00135522 -0.0024954
6.775 -0.0012909 -0.00240348
6.8 -0.00122898 -0.00231406
6.825 -0.00116942 -0.00222714
6.85 -0.00111219 -0.00214271
6.875 -0.00105722 -0.00206075
6.9 -0.00100447 -0.00198124
6.925 -0.000953902 -0.00190415
6.95 -0.000905448 -0.00182947
6.975 -0.000859059 -0.00175715
7 -0.00081468 -0.00168717
7.025 -0.000772253 -0.00161949
7.05 -0.000731722 -0.00155407
7.075 -0.000693028 -0.00149087
7.1 -0.000656112 -0.00142985
7.125 -0.000620918 -0.00137096
7.15 -0.000587385 -0.00131416
7.175 -0.000555456 -0.00125939
7.2 -0.000525072 -0.00120662
7.225 -0.000496177 -0.0011558
7.25 -0.000468714 -0.00110686
7.275 -0.000442626 -0.00105977
7.3 -0.000417859 -0.00101448
7.325 -0.000394359 -0.000970923
7.35 -0.000372072 -0.000929059
7.375 -0.000350947 -0.000888838
7.4 -0.000330934 -0.000850207
7.425 -0.000311982 -0.000813117
7.45 -0.000294045 -0.000777519
7.475 -0.000277075 -0.000743364
7.5 -0.000261027 -0.000710603
7.525 -0.000245858 -0.00067919
7.55 -0.000231525 -0.000649078
7.575 -0.000217988 -0.00062022
7.6 -0.000205206 -0.000592571
7.625 -0.000193143 -0.000566089
7.65 -0.000181762 -0.000540729
7.675 -0.000171027 -0.00051645
7.7 -0.000160905 -0.000493211
7.725 -0.000151364 -0.000470972
7.75 -0.000142373 -0.000449694
7.775 -0.000133903 -0.000429339
7.8 -0.000125925 -0.000409871
7.825 -0.000118412 -0.000391254
7.85 -0.00011134 -0.000373455
7.875 -0.000104682 -0.000356439
7.9 -9.84168e-05 -0.000340175
7.925 -9.25215e-05 -0.000324631
7.95 -8.69752e-05 -0.000309777
7.975 -8.17581e-05 -0.000295585
8 -7.68512e-05 -0.000282026
8.025 -7.22366e-05 -0.000269074
8.05 -6.78972e-05 -0.000256703
8.075 -6.38172e-05 -0.000244888
8.1 -5.99812e-05 -0.000233604
8.125 -5.63748e-05 -0.000222829
8.15 -5.29846e-05 -0.000212541
8.175 -4.97978e-05 -0.000202718
8.2 -4.68021e-05 -0.00019334
8.225 -4.39863e-05 -0.000184387
8.25 -4.13396e-05 -0.000175841
8.275 -3.88518e-05 -0.000167684
8.3 -3.65134e-05 -0.000159898
8.325 -3.43155e-05 -0.000152467
8.35 -3.22495e-05 -0.000145375
8.375 -3.03076e-05 -0.000138608
8.4 -2.84823e-05 -0.000132149
8.425 -2.67665e-05 -0.000125987
8.45 -2.51536e-05 -0.000120107
8.475 -2.36375e-05 -0.000114497
8.5 -2.22122e-05 -0.000109144
8.525 -2.08723e-05 -0.000104038
8.55 -1.96127e-05 -9.91663e-05
8.575 -1.84285e-05 -9.45194e-05
8.6 -1.73153e-05 -9.00869e-05
8.625 -1.62686e-05 -8.58591e-05
8.65 -1.52846e-05 -8.18268e-05
8.675 -1.43594e-05 -7.79811e-05
8.7 -1.34896e-05 -7.43138e-05
8.725 -1.26719e-05 -7.08167e-05
8.75 -1.1903e-05 -6.74821e-05
8.775 -1.11802e-05 -6.43027e-05
8.8 -1.05007e-05 -6.12714e-05
8.825 -9.86179e-06 -5.83817e-05
8.85 -9.26121e-06 -5.56271e-05
8.875 -8.69662e-06 -5.30014e-05
8.9 -8.16591e-06 -5.04989e-05
8.925 -7.66707e-06 -4.81139e-05
8.95 -7.1982e-06 -4.58412e-05
8.975 -6.75754e-06 -4.36756e-05
9 -6.34343e-06 -4.16122e-05
9.025 -5.95429e-06 -3.96464e-05
9.05 -5.58865e-06 -3.77737e-05
9.075 -5.24513e-06 -3.599e-05
9.1 -4.92241e-06 -3.42911e-05
9.125 -4.61929e-06 -3.26731e-05
9.15 -4.33459e-06 -3.11323e-05
9.175 -4.06723e-06 -2.96652e-05
9.2 -3.81618e-06 -2.82684e-05
9.225 -3.58049e-06 -2.69386e-05
9.25 -3.35924e-06 -2.56727e-05
9.275 -3.15157e-06 -2.44677e-05
9.3 -2.95669e-06 -2.33208e-05
9.325 -2.77383e-06 -2.22294e-05
9.35 -2.60227e-06 -2.11907e-05
9.375 -2.44134e-06 -2.02023e-05
9.4 -2.2904e-06 -1.92618e-05
9.425 -2.14886e-06 -1.8367e-05
9.45 -2.01615e-06 -1.75157e-05
9.475 -1.89173e-06 -1.67058e-05
9.5 -1.77511e-06 -1.59354e-05
9.525 -1.66581e-06 -1.52024e-05
9.55 -1.56339e-06 -1.45052e-05
9.575 -1.46743e-06 -1.38419e-05
9.6 -1.37752e-06 -1.3211e-05
9.625 -1.2933e-06 -1.26109e-05
9.65 -1.21442e-06 -1.204e-05
9.675 -1.14054e-06 -1.14969e-05
9.7 -1.07136e-06 -1.09802e-05
9.725 -1.00658e-06 -1.04887e-05
9.75 -9.45926e-07 -1.0021e-05
9.775 -8.89135e-07 -9.57602e-06
9.8 -8.35964e-07 -9.15257e-06
9.825 -7.86183e-07 -8.74957e-06
9.85 -7.39577e-07 -8.36599e-06
9.875 -6.95941e-07 -8.00085e-06
9.9 -6.55085e-07 -7.65322e-06
9.925 -6.16829e-07 -7.3222e-06
9.95 -5.81004e-07 -7.00694e-06
9.975 -5.47452e-07 -6.70664e-06
10 -5.16025e-07 -6.42053e-06
10.025 -4.86582e-07 -6.14788e-06
10.05 -4.58993e-07 -5.888e-06
10.075 -4.33136e-07 -5.64023e-06
10.1 -4.08894e-07 -5.40395e-06
10.125 -3.86162e-07 -5.17857e-06
10.15 -3.64838e-07 -4.96352e-06
10.175 -3.44827e-07 -4.75828e-06
10.2 -3.26042e-07 -4.56233e-06
10.225 -3.08399e-07 -4.3752e-06
10.25 -2.91823e-07 -4.19644e-06
10.275 -2.76241e-07 -4.02562e-06
10.3 -2.61585e-07 -3.86233e-06
10.325 -2.47794e-07 -3.70619e-06
10.35 -2.34809e-07 -3.55684e-06
10.375 -2.22575e-07 -3.41393e-06
10.4 -2.11042e-07 -3.27714e-06
10.425 -2.00163e-07 -3.14616e-06
10.45 -1.89894e-07 -3.0207e-06
10.475 -1.80195e-07 -2.9005e-06
10.5 -1.71027e-07 -2.78528e-06
10.525 -1.62355e-07 -2.67482e-06
10.55 -1.54148e-07 -2.56887e-06
10.575 -1.46374e-07 -2.46722e-06
10.6 -1.39007e-07 -2.36966e-06
10.625 -1.32019e-07 -2.27601e-06
10.65 -1.25388e-07 -2.18607e-06
10.675 -1.19092e-07 -2.09968e-06
10.7 -1.13109e-07 -2.01667e-06
10.725 -1.07421e-07 -1.9369e-06
10.75 -1.02011e-07 -1.86021e-06
10.775 -9.68629e-08 -1.78646e-06
10.8 -9.19611e-08 -1.71554e-06
10.825 -8.72924e-08 -1.64732e-06
10.85 -8.2844e-08 -1.58167e-06
10.875 -7.86042e-08 -1.5185e-06
10.9 -7.45622e-08 -1.4577e-06
10.925 -7.07079e-08 -1.39918e-06
10.95 -6.70322e-08 -1.34284e-06
10.975 -6.35263e-08 -1.28859e-06
11 -6.01822e-08 -1.23635e-06
11.025 -5.69925e-08 -1.18605e-06
11.05 -5.39502e-08 -1.13761e-06
11.075 -5.10488e-08 -1.09096e-06
11.1 -4.82822e-08 -1.04603e-06
11.125 -4.56446e-08 -1.00276e-06
11.15 -4.31306e-08 -9.61094e-07
11.175 -4.07351e-08 -9.20971e-07
11.2 -3.84533e-08 -8.82336e-07
11.225 -3.62805e-08 -8.45138e-07
11.25 -3.42124e-08 -8.09328e-07
11.275 -3.22446e-08 -7.74857e-07
11.3 -3.03732e-08 -7.41681e-07
11.325 -2.85943e-08 -7.09756e-07
11.35 -2.69042e-08 -6.7904e-07
11.375 -2.52991e-08 -6.49494e-07
11.4 -2.37757e-08 -6.21079e-07
11.425 -2.23305e-08 -5.93759e-07
11.45 -2.09602e-08 -5.67497e-07
11.475 -1.96616e-08 -5.42259e-07
11.5 -1.84318e-08 -5.18012e-07
11.525 -1.72675e-08 -4.94724e-07
11.55 -1.6166e-08 -4.72363e-07
11.575 -1.51243e-08 -4.509e-07
11.6 -1.41398e-08 -4.30305e-07
11.625 -1.32098e-08 -4.1055e-07
11.65 -1.23316e-08 -3.91606e-07
11.675 -1.15028e-08 -3.73447e-07
11.7 -1.07209e-08 -3.56047e-07
11.725 -9.98372e-09 -3.39381e-07
11.75 -9.28889e-09 -3.23422e-07
11.775 -8.63428e-09 -3.08146e-07
11.8 -8.01784e-09 -2.93531e-07
11.825 -7.43757e-09 -2.79551e-07
11.85 -6.89158e-09 -2.66186e-07
11.875 -6.37806e-09 -2.53412e-07
11.9 -5.89527e-09 -2.41208e-07
11.925 -5.4416e-09 -2.29553e-07
11.95 -5.01547e-09 -2.18425e-07
11.975 -4.61543e-09 -2.07806e-07
12 -4.24006e-09 -1.97674e-07
12.025 -3.88807e-09 -1.88012e-07
12.05 -3.55822e-09 -1.78799e-07
12.075 -3.24933e-09 -1.70019e-07
12.1 -2.96031e-09 -1.61653e-07
12.125 -2.69013e-09 -1.53685e-07
12.15 -2.43783e-09 -1.46097e-07
12.175 -2.20249e-09 -1.38873e-07
12.2 -1.98328e-09 -1.31998e-07
12.225 -1.77937e-09 -1.25456e-07
12.25 -1.59003e-09 -1.19233e-07
12.275 -1.41455e-09 -1.13315e-07
12.3 -1.25225e-09 -1.07687e-07
12.325 -1.10251e-09 -1.02338e-07
12.35 -9.64724e-10 -9.72535e-08
12.375 -8.38325e-10 -9.24224e-08
12.4 -7.22769e-10 -8.78327e-08
12.425 -6.17535e-10 -8.34734e-08
12.45 -5.22122e-10 -7.93336e-08
12.475 -4.36047e-10 -7.54033e-08
12.5 -3.58841e-10 -7.16727e-08
12.525 -2.90047e-10 -6.81324e-08
12.55 -2.29218e-10 -6.47736e-08
12.575 -1.75919e-10 -6.15879e-08
12.6 -1.29719e-10 -5.85671e-08
12.625 -9.01945e-11 -5.57037e-08
12.65 -5.69284e-11 -5.29904e-08
12.675 -2.95076e-11 -5.04201e-08
12.7 -7.52349e-12 -4.79863e-08
12.725 9.42812e-12 -4.56827e-08
12.75 2.17471e-11 -4.35033e-08
12.775 2.98286e-11 -4.14424e-08
12.8 3.40629e-11 -3.94944e-08
12.825 3.48348e-11 -3.76542e-08
12.85 3.25225e-11 -3.59167e-08
12.875 2.74974e-11 -3.4277e-08
12.9 2.01229e-11 -3.27305e-08
12.925 1.07533e-11 -3.12728e-08
12.95 -2.66688e-13 -2.98993e-08
12.975 -1.26036e-11 -2.8606e-08
13 -2.59357e-11 -2.73886e-08
13.025 -3.99542e-11 -2.62431e-08
13.05 -5.43644e-11 -2.51656e-08
13.075 -6.8886e-11 -2.41521e-08
13.1 -8.32547e-11 -2.31989e-08
13.125 -9.72222e-11 -2.23022e-08
13.15 -1.10557e-10 -2.14581e-08
13.175 -1.23047e-10 -2.06631e-08
13.2 -1.34495e-10 -1.99133e-08
13.225 -1.44724e-10 -1.92053e-08
13.25 -1.53575e-10 -1.85352e-08
13.275 -1.60908e-10 -1.78996e-08
13.3 -1.66601e-10 -1.72948e-08
13.325 -1.7055e-10 -1.67172e-08
13.35 -1.7267e-10 -1.61634e-08
13.375 -1.72892e-10 -1.56299e-08
13.4 -1.71166e-10 -1.51131e-08
13.425 -1.67457e-10 -1.46096e-08
13.45 -1.61745e-10 -1.41161e-08
13.475 -1.54026e-10 -1.36293e-08
13.5 -1.4431e-10 -1.31458e-08
13.525 -1.32619e-10 -1.26627e-08
13.55 -1.18988e-10 -1.21767e-08
13.575 -1.03461e-10 -1.16848e-08
13.6 -8.60942e-11 -1.11843e-08
13.625 -6.69507e-11 -1.06724e-08
13.65 -4.61014e-11 -1.01463e-08
13.675 -2.36239e-11 -9.60369e-09
13.7 3.99323e-13 -9.04213e-09
13.725 2.58815e-11 -8.45946e-09
13.75 5.27329e-11 -7.85364e-09
13.775 8.08616e-11 -7.22283e-09
13.8 1.10175e-10 -6.56535e-09
13.825 1.40579e-10 -5.87974e-09
13.85 1.71982e-10 -5.1647e-09
13.875 2.04294e-10 -4.41915e-09
13.9 2.37425e-10 -3.64222e-09
13.925 2.7129e-10 -2.83323e-09
13.95 3.05806e-10 -1.99173e-09
13.975 3.40895e-10 -1.11748e-09
14 3.76483e-10 -2.10437e-10
14.025 4.12501e-10 7.29211e-10
14.05 4.48882e-10 1.70107e-09
14.075 4.85569e-10 2.70455e-09
14.1 5.22506e-10 3.73884e-09
14.125 5.59645e-10 4.80295e-09
14.15 5.9694e-10 5.89567e-09
14.175 6.34352e-10 7.01563e-09
14.2 6.71846e-10 8.16127e-09
14.225 7.09394e-10 9.33085e-09
14.25 7.46967e-10 1.05225e-08
14.275 7.84546e-10 1.17342e-08
14.3 8.2211e-10 1.29637e-08
14.325 8.59646e-10 1.42088e-08
14.35 8.9714e-10 1.5467e-08
14.375 9.34582e-10 1.67359e-08
14.4 9.71964e-10 1.80127e-08
14.425 1.00928e-09 1.92948e-08
14.45 1.04652e-09 2.05796e-08
14.475 1.08369e-09 2.18641e-08
14.5 1.12077e-09 2.31455e-08
14.525 1.15776e-09 2.4421e-08
14.55 1.19465e-09 2.56877e-08
14.575 1.23145e-09 2.69428e-08
14.6 1.26813e-09 2.81835e-08
14.625 1.30468e-09 2.94068e-08
14.65 1.34111e-09 3.061e-08
14.675 1.37738e-09 3.17905e-08
14.7 1.41348e-09 3.29456e-08
14.725 1.44939e-09 3.40727e-08
14.75 1.48509e-09 3.51693e-08
14.775 1.52056e-09 3.6233e-08
14.8 1.55576e-09 3.72617e-08
14.825 1.59065e-09 3.8253e-08
14.85 1.62522e-09 3.92049e-08
14.875 1.65941e-09 4.01156e-08
14.9 1.69319e-09 4.09833e-08
14.925 1.72652e-09 4.18063e-08
14.95 1.75934e-09 4.25831e-08
14.975 1.79161e-09 4.33124e-08
15 1.82329e-09 4.39929e-08
15.025 1.85431e-09 4.46237e-08
15.05 1.88463e-09 4.52039e-08
15.075 1.91418e-09 4.57327e-08
15.1 1.94293e-09 4.62095e-08
15.125 1.9708e-09 4.6634e-08
15.15 1.99774e-09 4.70058e-08
15.175 2.02369e-09 4.73248e-08
15.2 2.0486e-09 4.75911e-08
15.225 2.07242e-09 4.78048e-08
15.25 2.09508e-09 4.79663e-08
15.275 2.11654e-09 4.80759e-08
15.3 2.13674e-09 4.81344e-08
15.325 2.15564e-09 4.81423e-08
15.35 2.17317e-09 4.81005e-08
15.375 2.18931e-09 4.801e-08
15.4 2.20401e-09 4.78718e-08
15.425 2.21723e-09 4.7687e-08
15.45 2.22893e-09 4.7457e-08
15.475 2.23908e-09 4.7183e-08
15.5 2.24766e-09 4.68665e-08
15.525 2.25463e-09 4.65089e-08
15.55 2.25998e-09 4.61119e-08
15.575 2.26369e-09 4.5677e-08
15.6 2.26574e-09 4.52059e-08
15.625 2.26614e-09 4.47003e-08
15.65 2.26487e-09 4.41619e-08
15.675 2.26194e-09 4.35927e-08
15.7 2.25735e-09 4.29942e-08
15.725 2.25111e-09 4.23685e-08
15.75 2.24322e-09 4.17173e-08
15.775 2.23372e-09 4.10425e-08
15.8 2.22262e-09 4.03458e-08
15.825 2.20994e-09 3.96292e-08
15.85 2.19572e-09 3.88945e-08
15.875 2.17999e-09 3.81434e-08
15.9 2.16278e-09 3.73777e-08
15.925 2.14413e-09 3.65993e-08
15.95 2.12408e-09 3.58097e-08
15.975 2.10269e-09 3.50107e-08
16 2.07999e-09 3.4204e-08
16.025 2.05605e-09 3.33911e-08
16.05 2.03091e-09 3.25736e-08
16.075 2.00462e-09 3.17529e-08
16.1 1.97725e-09 3.09306e-08
16.125 1.94886e-09 3.01081e-08
16.15 1.91949e-09 2.92866e-08
16.175 1.88922e-09 2.84675e-08
16.2 1.85811e-09 2.7652e-08
16.225 1.82622e-09 2.68413e-08
16.25 1.79361e-09 2.60365e-08
16.275 1.76035e-09 2.52385e-08
16.3 1.72649e-09 2.44485e-08
16.325 1.69211e-09 2.36673e-08
16.35 1.65726e-09 2.28957e-08
16.375 1.62202e-09 2.21347e-08
16.4 1.58643e-09 2.13849e-08
16.425 1.55056e-09 2.0647e-08
16.45 1.51447e-09 1.99217e-08
16.475 1.47822e-09 1.92094e-08
16.5 1.44187e-09 1.85108e-08
16.525 1.40547e-09 1.78263e-08
16.55 1.36907e-09 1.71562e-08
16.575 1.33273e-09 1.6501e-08
16.6 1.2965e-09 1.58608e-08
16.625 1.26042e-09 1.52361e-08
16.65 1.22455e-09 1.4627e-08
16.675 1.18892e-09 1.40336e-08
16.7 1.15358e-09 1.34561e-08
16.725 1.11857e-09 1.28945e-08
16.75 1.08393e-09 1.2349e-08
16.775 1.0497e-09 1.18194e-08
16.8 1.01589e-09 1.13059e-08
16.825 9.82562e-10 1.08082e-08
16.85 9.49726e-10 1.03263e-08
16.875 9.17415e-10 9.86021e-09
16.9 8.85652e-10 9.40963e-09
16.925 8.54461e-10 8.97443e-09
16.95 8.23861e-10 8.55442e-09
16.975 7.93872e-10 8.14938e-09
17 7.64508e-10 7.75909e-09
17.025 7.35785e-10 7.38329e-09
17.05 7.07714e-10 7.02171e-09
17.075 6.80307e-10 6.67408e-09
17.1 6.53571e-10 6.3401e-09
17.125 6.27513e-10 6.01948e-09
17.15 6.02139e-10 5.71189e-09
17.175 5.77451e-10 5.41702e-09
17.2 5.53452e-10 5.13454e-09
17.225 5.30142e-10 4.86412e-09
17.25 5.0752e-10 4.60542e-09
17.275 4.85584e-10 4.35811e-09
17.3 4.6433e-10 4.12185e-09
17.325 4.43753e-10 3.89629e-09
17.35 4.23847e-10 3.68109e-09
17.375 4.04606e-10 3.47591e-09
17.4 3.86022e-10 3.28042e-09
17.425 3.68085e-10 3.09427e-09
17.45 3.50787e-10 2.91715e-09
17.475 3.34116e-10 2.74871e-09
17.5 3.18062e-10 2.58863e-09
17.525 3.02614e-10 2.4366e-09
17.55 2.87759e-10 2.29229e-09
17.575 2.73484e-10 2.15541e-09
17.6 2.59777e-10 2.02566e-09
17.625 2.46625e-10 1.90272e-09
17.65 2.34012e-10 1.78633e-09
17.675 2.21927e-10 1.67619e-09
17.7 2.10353e-10 1.57204e-09
17.725 1.99278e-10 1.47361e-09
17.75 1.88687e-10 1.38063e-09
17.775 1.78565e-10 1.29287e-09
17.8 1.68898e-10 1.21007e-09
17.825 1.59671e-10 1.132e-09
17.85 1.50871e-10 1.05843e-09
17.875 1.42482e-10 9.89145e-10
17.9 1.3449e-10 9.23932e-10
17.925 1.26882e-10 8.62587e-10
17.95 1.19644e-10 8.04914e-10
17.975 1.12761e-10 7.50722e-10
18 1.06221e-10 6.99831e-10
18.025 1.0001e-10 6.52067e-10
18.05 9.4115e-11 6.07262e-10
18.075 8.85234e-11 5.65256e-10
18.1 8.32229e-11 5.25897e-10
18.125 7.8201e-11 4.89038e-10
18.15 7.34461e-11 4.5454e-10
18.175 6.89466e-11 4.22268e-10
18.2 6.46911e-11 3.92096e-10
18.225 6.06688e-11 3.63902e-10
18.25 5.68691e-11 3.3757e-10
18.275 5.32816e-11 3.12992e-10
18.3 4.98965e-11 2.90063e-10
18.325 4.67041e-11 2.68683e-10
18.35 4.36952e-11 2.48758e-10
18.375 4.08606e-11 2.302e-10
18.4 3.81919e-11 2.12923e-10
18.425 3.56807e-11 1.96848e-10
18.45 3.33189e-11 1.81899e-10
18.475 3.1099e-11 1.68004e-10
18.5 2.90134e-11 1.55097e-10
18.525 2.70551e-11 1.43112e-10
18.55 2.52173e-11 1.3199e-10
18.575 2.34935e-11 1.21674e-10
18.6 2.18775e-11 1.1211e-10
18.625 2.03634e-11 1.03249e-10
18.65 1.89453e-11 9.50429e-11
18.675 1.76181e-11 8.74471e-11
18.7 1.63763e-11 8.04199e-11
18.725 1.52153e-11 7.39221e-11
18.75 1.41302e-11 6.79169e-11
18.775 1.31165e-11 6.23698e-11
18.8 1.21702e-11 5.72484e-11
18.825 1.12871e-11 5.25225e-11
18.85 1.04635e-11 4.81637e-11
18.875 9.6956e-12 4.41456e-11
18.9 8.98014e-12 4.04434e-11
18.925 8.31382e-12 3.7034e-11
18.95 7.69356e-12 3.38958e-11
18.975 7.11647e-12 3.10088e-11
19 6.5798e-12 2.83541e-11
19.025 6.08096e-12 2.59142e-11
19.05 5.61751e-12 2.3673e-11
19.075 5.18714e-12 2.16153e-11
19.1 4.78768e-12 1.9727e-11
19.125 4.41709e-12 1.7995e-11
19.15 4.07345e-12 1.64071e-11
19.175 3.75493e-12 1.49522e-11
19.2 3.45985e-12 1.36198e-11
19.225 3.18661e-12 1.24001e-11
19.25 2.93371e-12 1.12842e-11
19.275 2.69975e-12 1.02637e-11
19.3 2.48339e-12 9.33102e-12
19.325 2.28342e-12 8.47896e-12
19.35 2.09868e-12 7.70095e-12
19.375 1.92808e-12 6.99092e-12
19.4 1.77061e-12 6.34326e-12
19.425 1.62533e-12 5.75277e-12
19.45 1.49135e-12 5.21469e-12
19.475 1.36786e-12 4.72462e-12
19.5 1.25407e-12 4.27848e-12
19.525 1.14928e-12 3.87255e-12
19.55 1.05282e-12 3.50339e-12
19.575 9.64058e-13 3.16784e-12
19.6 8.82422e-13 2.863e-12
19.625 8.07371e-13 2.58619e-12
19.65 7.38406e-13 2.33496e-12
19.675 6.75059e-13 2.10707e-12
19.7 6.16898e-13 1.90046e-12
19.725 5.63523e-13 1.71322e-12
19.75 5.14559e-13 1.54364e-12
19.775 4.69663e-13 1.39013e-12
19.8 4.28513e-13 1.25124e-12
19.825 3.90814e-13 1.12563e-12
19.85 3.5629e-13 1.0121e-12
19.875 3.24688e-13 9.09547e-13
19.9 2.95772e-13 8.16947e-13
19.925 2.69325e-13 7.33382e-13
19.95 2.45147e-13 6.58011e-13
19.975 2.23052e-13 5.90065e-13
20 2.0287e-13 5.28847e-13
