0 -0.000945091 -0.000971088
0.025 -0.000945091 -0.000971088
0.05 -0.00188881 -0.00194078
0.075 -0.00282978 -0.00290767
0.1 -0.00376665 -0.00387037
0.125 -0.00469804 -0.00482751
0.15 -0.00562263 -0.0057777
0.175 -0.00653908 -0.00671959
0.2 -0.00744607 -0.00765184
0.225 -0.00834231 -0.00857313
0.25 -0.00922653 -0.00948215
0.275 -0.0100975 -0.0103776
0.3 -0.010954 -0.0112584
0.325 -0.0117948 -0.0121231
0.35 -0.0126188 -0.0129706
0.375 -0.0134248 -0.0137998
0.4 -0.0142118 -0.0146096
0.425 -0.0149788 -0.0153989
0.45 -0.0157247 -0.0161666
0.475 -0.0164486 -0.0169118
0.5 -0.0171496 -0.0176336
0.525 -0.0178269 -0.018331
0.55 -0.0184795 -0.0190033
0.575 -0.0191069 -0.0196496
0.6 -0.0197082 -0.0202692
0.625 -0.0202829 -0.0208615
0.65 -0.0208303 -0.0214258
0.675 -0.02135 -0.0219616
0.7 -0.0218414 -0.0224684
0.725 -0.0223042 -0.0229458
0.75 -0.0227379 -0.0233933
0.775 -0.0231425 -0.0238107
0.8 -0.0235175 -0.0241978
0.825 -0.0238629 -0.0245543
0.85 -0.0241785 -0.0248801
0.875 -0.0244643 -0.0251753
0.9 -0.0247204 -0.0254397
0.925 -0.0249468 -0.0256735
0.95 -0.0251436 -0.0258768
0.975 -0.0253112 -0.0260498
1 -0.0254497 -0.0261928
1.025 -0.0255594 -0.026306
1.05 -0.0256408 -0.0263899
1.075 -0.0256942 -0.0264449
1.1 -0.0257202 -0.0264715
1.125 -0.0257192 -0.0264702
1.15 -0.025692 -0.0264415
1.175 -0.025639 -0.0263862
1.2 -0.0255609 -0.026305
1.225 -0.0254585 -0.0261984
1.25 -0.0253325 -0.0260674
1.275 -0.0251837 -0.0259127
1.3 -0.0250128 -0.0257352
1.325 -0.0248208 -0.0255357
1.35 -0.0246086 -0.0253151
1.375 -0.0243769 -0.0250743
1.4 -0.0241267 -0.0248143
1.425 -0.023859 -0.0245361
1.45 -0.0235746 -0.0242406
1.475 -0.0232746 -0.0239289
1.5 -0.0229599 -0.0236018
1.525 -0.0226314 -0.0232605
1.55 -0.0222902 -0.022906
1.575 -0.0219372 -0.0225392
1.6 -0.0215734 -0.0221611
1.625 -0.0211997 -0.0217728
1.65 -0.0208171 -0.0213753
1.675 -0.0204265 -0.0209694
1.7 -0.0200289 -0.0205563
1.725 -0.019625 -0.0201368
1.75 -0.0192159 -0.0197119
1.775 -0.0188025 -0.0192824
1.8 -0.0183854 -0.0188493
1.825 -0.0179656 -0.0184134
1.85 -0.0175439 -0.0179755
1.875 -0.0171209 -0.0175365
1.9 -0.0166976 -0.0170971
1.925 -0.0162744 -0.016658
1.95 -0.0158522 -0.01622
1.975 -0.0154316 -0.0157837
2 -0.0150132 -0.0153497
2.025 -0.0145975 -0.0149188
2.05 -0.0141852 -0.0144913
2.075 -0.0137766 -0.014068
2.1 -0.0133724 -0.0136492
2.125 -0.0129729 -0.0132354
2.15 -0.0125785 -0.0128271
2.175 -0.0121897 -0.0124247
2.2 -0.0118067 -0.0120285
2.225 -0.0114299 -0.0116388
2.25 -0.0110596 -0.0112559
2.275 -0.010696 -0.0108802
2.3 -0.0103394 -0.0105117
2.325 -0.00998989 -0.0101508
2.35 -0.0096477 -0.00979763
2.375 -0.00931295 -0.00945227
2.4 -0.00898577 -0.00911486
2.425 -0.00866625 -0.00878551
2.45 -0.00835445 -0.00846428
2.475 -0.00805042 -0.00815122
2.5 -0.0077542 -0.00784634
2.525 -0.00746578 -0.00754966
2.55 -0.00718516 -0.00726116
2.575 -0.00691231 -0.0069808
2.6 -0.00664719 -0.00670855
2.625 -0.00638974 -0.00644432
2.65 -0.0061399 -0.00618805
2.675 -0.00589758 -0.00593965
2.7 -0.00566269 -0.00569901
2.725 -0.00543513 -0.00546603
2.75 -0.00521479 -0.00524059
2.775 -0.00500155 -0.00502255
2.8 -0.00479529 -0.00481178
2.825 -0.00459587 -0.00460815
2.85 -0.00440317 -0.00441151
2.875 -0.00421704 -0.0042217
2.9 -0.00403733 -0.00403858
2.925 -0.00386391 -0.00386199
2.95 -0.00369663 -0.00369177
2.975 -0.00353534 -0.00352776
3 -0.00337989 -0.0033698
3.025 -0.00323012 -0.00321774
3.05 -0.00308589 -0.00307141
3.075 -0.00294706 -0.00293066
3.1 -0.00281346 -0.00279532
3.125 -0.00268496 -0.00266524
3.15 -0.0025614 -0.00254027
3.175 -0.00244265 -0.00242025
3.2 -0.00232855 -0.00230503
3.225 -0.00221898 -0.00219447
3.25 -0.00211379 -0.00208842
3.275 -0.00201285 -0.00198673
3.3 -0.00191602 -0.00188927
3.325 -0.00182317 -0.00179589
3.35 -0.00173418 -0.00170647
3.375 -0.00164891 -0.00162087
3.4 -0.00156726 -0.00153896
3.425 -0.00148909 -0.00146061
3.45 -0.00141429 -0.00138572
3.475 -0.00134274 -0.00131414
3.5 -0.00127434 -0.00124577
3.525 -0.00120897 -0.0011805
3.55 -0.00114653 -0.00111821
3.575 -0.00108691 -0.00105879
3.6 -0.00103002 -0.00100213
3.625 -0.000975741 -0.000948145
3.65 -0.000923992 -0.000896721
3.675 -0.000874675 -0.000847764
3.7 -0.000827698 -0.000801177
3.725 -0.000782972 -0.00075687
3.75 -0.00074041 -0.000714752
3.775 -0.000699928 -0.000674735
3.8 -0.000661442 -0.000636734
3.825 -0.000624874 -0.000600666
3.85 -0.000590144 -0.000566452
3.875 -0.000557178 -0.000534013
3.9 -0.000525901 -0.000503274
3.925 -0.000496243 -0.00047416
3.95 -0.000468134 -0.000446601
3.975 -0.000441506 -0.000420527
4 -0.000416294 -0.000395872
4.025 -0.000392436 -0.000372571
4.05 -0.000369869 -0.00035056
4.075 -0.000348534 -0.00032978
4.1 -0.000328375 -0.000310171
4.125 -0.000309335 -0.000291678
4.15 -0.000291361 -0.000274245
4.175 -0.000274401 -0.000257819
4.2 -0.000258406 -0.000242351
4.225 -0.000243327 -0.000227791
4.25 -0.000229117 -0.000214092
4.275 -0.000215733 -0.000201208
4.3 -0.000203132 -0.000189098
4.325 -0.000191271 -0.000177718
4.35 -0.000180113 -0.00016703
4.375 -0.000169618 -0.000156994
4.4 -0.000159751 -0.000147574
4.425 -0.000150476 -0.000138736
4.45 -0.000141761 -0.000130445
4.475 -0.000133574 -0.00012267
4.5 -0.000125884 -0.000115381
4.525 -0.000118662 -0.000108548
4.55 -0.000111881 -0.000102144
4.575 -0.000105515 -9.61434e-05
4.6 -9.95386e-05 -9.05204e-05
4.625 -9.39279e-05 -8.52518e-05
4.65 -8.86607e-05 -8.03152e-05
4.675 -8.37155e-05 -7.56895e-05
4.7 -7.90722e-05 -7.13547e-05
4.725 -7.47117e-05 -6.72919e-05
4.75 -7.0616e-05 -6.34832e-05
4.775 -6.6768e-05 -5.9912e-05
4.8 -6.31517e-05 -5.65624e-05
4.825 -5.97518e-05 -5.34196e-05
4.85 -5.65543e-05 -5.04696e-05
4.875 -5.35458e-05 -4.76993e-05
4.9 -5.07137e-05 -4.50965e-05
4.925 -4.80463e-05 -4.26498e-05
4.95 -4.55326e-05 -4.03485e-05
4.975 -4.31624e-05 -3.81825e-05
5 -4.09259e-05 -3.61426e-05
5.025 -3.88144e-05 -3.42201e-05
5.05 -3.68194e-05 -3.24069e-05
5.075 -3.49333e-05 -3.06957e-05
5.1 -3.31488e-05 -2.90794e-05
5.125 -3.14593e-05 -2.75517e-05
5.15 -2.98585e-05 -2.61066e-05
5.175 -2.83408e-05 -2.47386e-05
5.2 -2.69009e-05 -2.34428e-05
5.225 -2.55338e-05 -2.22143e-05
5.25 -2.42351e-05 -2.10491e-05
5.275 -2.30006e-05 -1.9943e-05
5.3 -2.18265e-05 -1.88925e-05
5.325 -2.07092e-05 -1.78942e-05
5.35 -1.96454e-05 -1.69451e-05
5.375 -1.86323e-05 -1.60423e-05
5.4 -1.7667e-05 -1.51833e-05
5.425 -1.6747e-05 -1.43657e-05
5.45 -1.58699e-05 -1.35874e-05
5.475 -1.50337e-05 -1.28462e-05
5.5 -1.42363e-05 -1.21404e-05
5.525 -1.34759e-05 -1.14682e-05
5.55 -1.27508e-05 -1.08281e-05
5.575 -1.20595e-05 -1.02186e-05
5.6 -1.14003e-05 -9.63843e-06
5.625 -1.07721e-05 -9.08621e-06
5.65 -1.01735e-05 -8.56079e-06
5.675 -9.60324e-06 -8.06109e-06
5.7 -9.06031e-06 -7.58605e-06
5.725 -8.5436e-06 -7.13468e-06
5.75 -8.05211e-06 -6.70606e-06
5.775 -7.58486e-06 -6.29931e-06
5.8 -7.14094e-06 -5.91356e-06
5.825 -6.71947e-06 -5.548e-06
5.85 -6.31961e-06 -5.20186e-06
5.875 -5.94053e-06 -4.87438e-06
5.9 -5.58146e-06 -4.56483e-06
5.925 -5.24162e-06 -4.2725e-06
5.95 -4.92028e-06 -3.9967e-06
5.975 -4.6167e-06 -3.73676e-06
6 -4.33018e-06 -3.49203e-06
6.025 -4.06003e-06 -3.26187e-06
6.05 -3.80559e-06 -3.04565e-06
6.075 -3.56618e-06 -2.84277e-06
6.1 -3.34116e-06 -2.65263e-06
6.125 -3.1299e-06 -2.47465e-06
6.15 -2.93179e-06 -2.30826e-06
6.175 -2.74621e-06 -2.1529e-06
6.2 -2.57258e-06 -2.00803e-06
6.225 -2.41032e-06 -1.87312e-06
6.25 -2.25887e-06 -1.74765e-06
6.275 -2.11766e-06 -1.63113e-06
6.3 -1.98617e-06 -1.52306e-06
6.325 -1.86387e-06 -1.42296e-06
6.35 -1.75024e-06 -1.33037e-06
6.375 -1.6448e-06 -1.24485e-06
6.4 -1.54707e-06 -1.16596e-06
6.425 -1.45656e-06 -1.09328e-06
6.45 -1.37285e-06 -1.0264e-06
6.475 -1.29547e-06 -9.64943e-07
6.5 -1.22402e-06 -9.08521e-07
6.525 -1.15809e-06 -8.56774e-07
6.55 -1.09729e-06 -8.09358e-07
6.575 -1.04124e-06 -7.65937e-07
6.6 -9.89582e-07 -7.26196e-07
6.625 -9.41973e-07 -6.89831e-07
6.65 -8.98083e-07 -6.56554e-07
6.675 -8.57602e-07 -6.2609e-07
6.7 -8.20232e-07 -5.98181e-07
6.725 -7.85692e-07 -5.72581e-07
6.75 -7.53718e-07 -5.49059e-07
6.775 -7.24059e-07 -5.274e-07
6.8 -6.96483e-07 -5.07399e-07
6.825 -6.70769e-07 -4.8887e-07
6.85 -6.46714e-07 -4.71636e-07
6.875 -6.2413e-07 -4.55536e-07
6.9 -6.02842e-07 -4.40422e-07
6.925 -5.82691e-07 -4.26156e-07
6.95 -5.6353e-07 -4.12616e-07
6.975 -5.45226e-07 -3.99691e-07
7 -5.27661e-07 -3.87281e-07
7.025 -5.10729e-07 -3.75296e-07
7.05 -4.94333e-07 -3.63661e-07
7.075 -4.78393e-07 -3.52307e-07
7.1 -4.62836e-07 -3.41177e-07
7.125 -4.476e-07 -3.30222e-07
7.15 -4.32635e-07 -3.19403e-07
7.175 -4.17899e-07 -3.08689e-07
7.2 -4.03357e-07 -2.98055e-07
7.225 -3.88984e-07 -2.87485e-07
7.25 -3.74762e-07 -2.76966e-07
7.275 -3.60679e-07 -2.66494e-07
7.3 -3.46728e-07 -2.56069e-07
7.325 -3.32908e-07 -2.45694e-07
7.35 -3.19223e-07 -2.35377e-07
7.375 -3.05681e-07 -2.25128e-07
7.4 -2.92291e-07 -2.14961e-07
7.425 -2.79067e-07 -2.04892e-07
7.45 -2.66025e-07 -1.94937e-07
7.475 -2.5318e-07 -1.85114e-07
7.5 -2.40551e-07 -1.75442e-07
7.525 -2.28155e-07 -1.65939e-07
7.55 -2.16011e-07 -1.56624e-07
7.575 -2.04138e-07 -1.47513e-07
7.6 -1.92552e-07 -1.38625e-07
7.625 -1.81271e-07 -1.29975e-07
7.65 -1.70309e-07 -1.21578e-07
7.675 -1.59681e-07 -1.13447e-07
7.7 -1.494e-07 -1.05593e-07
7.725 -1.39477e-07 -9.80264e-08
7.75 -1.29921e-07 -9.07552e-08
7.775 -1.2074e-07 -8.3786e-08
7.8 -1.1194e-07 -7.71235e-08
7.825 -1.03525e-07 -7.07709e-08
7.85 -9.54981e-08 -6.47296e-08
7.875 -8.78597e-08 -5.89998e-08
7.9 -8.06093e-08 -5.35799e-08
7.925 -7.37448e-08 -4.84673e-08
7.95 -6.72629e-08 -4.36582e-08
7.975 -6.11588e-08 -3.91476e-08
8 -5.54268e-08 -3.49298e-08
8.025 -5.006e-08 -3.09981e-08
8.05 -4.50506e-08 -2.73452e-08
8.075 -4.03903e-08 -2.39632e-08
8.1 -3.60697e-08 -2.0844e-08
8.125 -3.20791e-08 -1.79787e-08
8.15 -2.84083e-08 -1.53585e-08
8.175 -2.50465e-08 -1.29743e-08
8.2 -2.19829e-08 -1.08168e-08
8.225 -1.9206e-08 -8.8769e-09
8.25 -1.67044e-08 -7.14514e-09
8.275 -1.44666e-08 -5.61224e-09
8.3 -1.24805e-08 -4.26894e-09
8.325 -1.07345e-08 -3.106e-09
8.35 -9.2165e-09 -2.11423e-09
8.375 -7.91448e-09 -1.28449e-09
8.4 -6.81639e-09 -6.07664e-10
8.425 -5.91012e-09 -7.46929e-11
8.45 -5.18354e-09 3.23476e-10
8.475 -4.62453e-09 5.95879e-10
8.5 -4.22095e-09 7.5155e-10
8.525 -3.96067e-09 7.99524e-10
8.55 -3.83161e-09 7.48842e-10
8.575 -3.82172e-09 6.08547e-10
8.6 -3.91903e-09 3.87678e-10
8.625 -4.11167e-09 9.52602e-11
8.65 -4.3879e-09 -2.5972e-10
8.675 -4.73615e-09 -6.68334e-10
8.7 -5.14506e-09 -1.12174e-09
8.725 -5.60351e-09 -1.61123e-09
8.75 -6.1007e-09 -2.12826e-09
8.775 -6.62618e-09 -2.66448e-09
8.8 -7.16989e-09 -3.21182e-09
8.825 -7.72222e-09 -3.7625e-09
8.85 -8.27408e-09 -4.3091e-09
8.875 -8.81694e-09 -4.84463e-09
8.9 -9.34284e-09 -5.36253e-09
8.925 -9.8445e-09 -5.85675e-09
8.95 -1.03153e-08 -6.32179e-09
8.975 -1.07494e-08 -6.75273e-09
9 -1.11416e-08 -7.1453e-09
9.025 -1.14875e-08 -7.49582e-09
9.05 -1.17836e-08 -7.80132e-09
9.075 -1.2027e-08 -8.05948e-09
9.1 -1.22157e-08 -8.26867e-09
9.125 -1.23484e-08 -8.42794e-09
9.15 -1.24246e-08 -8.53696e-09
9.175 -1.24445e-08 -8.5961e-09
9.2 -1.24089e-08 -8.60627e-09
9.225 -1.23194e-08 -8.56901e-09
9.25 -1.21779e-08 -8.48633e-09
9.275 -1.19872e-08 -8.36076e-09
9.3 -1.17504e-08 -8.19522e-09
9.325 -1.14708e-08 -7.99299e-09
9.35 -1.11523e-08 -7.75764e-09
9.375 -1.07989e-08 -7.49299e-09
9.4 -1.04149e-08 -7.203e-09
9.425 -1.00047e-08 -6.89171e-09
9.45 -9.57277e-09 -6.56322e-09
9.475 -9.12342e-09 -6.22158e-09
9.5 -8.66102e-09 -5.87074e-09
9.525 -8.18979e-09 -5.51451e-09
9.55 -7.71374e-09 -5.15649e-09
9.575 -7.23666e-09 -4.80004e-09
9.6 -6.76207e-09 -4.44824e-09
9.625 -6.29318e-09 -4.10385e-09
9.65 -5.83288e-09 -3.7693e-09
9.675 -5.38369e-09 -3.44666e-09
9.7 -4.94779e-09 -3.13764e-09
9.725 -4.52699e-09 -2.84358e-09
9.75 -4.12276e-09 -2.56548e-09
9.775 -3.73618e-09 -2.30397e-09
9.8 -3.36802e-09 -2.05936e-09
9.825 -3.01874e-09 -1.83165e-09
9.85 -2.68849e-09 -1.62056e-09
9.875 -2.37717e-09 -1.42557e-09
9.9 -2.08445e-09 -1.24594e-09
9.925 -1.8098e-09 -1.08075e-09
9.95 -1.55254e-09 -9.28964e-10
9.975 -1.31186e-09 -7.89419e-10
10 -1.08686e-09 -6.60911e-10
10.025 -8.76591e-10 -5.42206e-10
10.05 -6.80077e-10 -4.32084e-10
10.075 -4.96362e-10 -3.29371e-10
10.1 -3.24522e-10 -2.32967e-10
10.125 -1.637e-10 -1.4187e-10
10.15 -1.31192e-11 -5.52045e-11
10.175 1.27895e-10 2.77695e-11
10.2 2.59905e-10 1.07639e-10
10.225 3.83355e-10 1.8483e-10
10.25 4.98561e-10 2.59607e-10
10.275 6.05719e-10 3.32075e-10
10.3 7.04903e-10 4.02178e-10
10.325 7.96076e-10 4.6972e-10
10.35 8.79103e-10 5.34369e-10
10.375 9.53759e-10 5.95678e-10
10.4 1.01975e-09 6.53105e-10
10.425 1.07674e-09 7.06031e-10
10.45 1.12435e-09 7.53789e-10
10.475 1.1622e-09 7.95681e-10
10.5 1.1899e-09 8.31007e-10
10.525 1.20713e-09 8.5909e-10
10.55 1.21359e-09 8.79295e-10
10.575 1.20904e-09 8.91055e-10
10.6 1.19337e-09 8.9389e-10
10.625 1.16653e-09 8.87424e-10
10.65 1.12859e-09 8.71402e-10
10.675 1.07976e-09 8.45702e-10
10.7 1.02036e-09 8.1034e-10
10.725 9.50851e-10 7.65485e-10
10.75 8.71821e-10 7.11451e-10
10.775 7.83991e-10 6.48702e-10
10.8 6.88202e-10 5.77848e-10
10.825 5.85411e-10 4.99632e-10
10.85 4.76678e-10 4.14926e-10
10.875 3.63152e-10 3.24712e-10
10.9 2.46054e-10 2.30069e-10
10.925 1.26661e-10 1.32154e-10
10.95 6.28663e-12 3.21847e-11
10.975 -1.13738e-10 -6.85866e-11
11 -2.32088e-10 -1.68889e-10
11.025 -3.47462e-10 -2.67459e-10
11.05 -4.58603e-10 -3.63059e-10
11.075 -5.6432e-10 -4.54502e-10
11.1 -6.63502e-10 -5.40668e-10
11.125 -7.55142e-10 -6.20526e-10
11.15 -8.38344e-10 -6.9315e-10
11.175 -9.12343e-10 -7.57734e-10
11.2 -9.76512e-10 -8.13605e-10
11.225 -1.03037e-09 -8.60231e-10
11.25 -1.07359e-09 -8.97232e-10
11.275 -1.10601e-09 -9.24382e-10
11.3 -1.1276e-09 -9.4161e-10
11.325 -1.1385e-09 -9.49002e-10
11.35 -1.13901e-09 -9.46794e-10
11.375 -1.12956e-09 -9.35369e-10
11.4 -1.11069e-09 -9.15241e-10
11.425 -1.0831e-09 -8.87053e-10
11.45 -1.04756e-09 -8.51554e-10
11.475 -1.00496e-09 -8.09591e-10
11.5 -9.56236e-10 -7.62089e-10
11.525 -9.02402e-10 -7.10035e-10
11.55 -8.445e-10 -6.54457e-10
11.575 -7.83594e-10 -5.96407e-10
11.6 -7.20748e-10 -5.36942e-10
11.625 -6.57013e-10 -4.77106e-10
11.65 -5.93404e-10 -4.17911e-10
11.675 -5.30889e-10 -3.60321e-10
11.7 -4.70371e-10 -3.05234e-10
11.725 -4.12675e-10 -2.53473e-10
11.75 -3.58538e-10 -2.05769e-10
11.775 -3.08598e-10 -1.6275e-10
11.8 -2.63387e-10 -1.24939e-10
11.825 -2.23327e-10 -9.27404e-11
11.85 -1.88722e-10 -6.64404e-11
11.875 -1.59762e-10 -4.62044e-11
11.9 -1.36522e-10 -3.20774e-11
11.925 -1.18962e-10 -2.3987e-11
11.95 -1.06937e-10 -2.17479e-11
11.975 -1.002e-10 -2.50694e-11
12 -9.84128e-11 -3.3563e-11
12.025 -1.01153e-10 -4.67534e-11
12.05 -1.07928e-10 -6.40892e-11
12.075 -1.18185e-10 -8.4956e-11
12.1 -1.31322e-10 -1.08689e-10
12.125 -1.46707e-10 -1.34589e-10
12.15 -1.63684e-10 -1.61932e-10
12.175 -1.81593e-10 -1.89989e-10
12.2 -1.99777e-10 -2.18038e-10
12.225 -2.17601e-10 -2.45374e-10
12.25 -2.34459e-10 -2.71329e-10
12.275 -2.49786e-10 -2.95276e-10
12.3 -2.6307e-10 -3.16646e-10
12.325 -2.7386e-10 -3.34934e-10
12.35 -2.81771e-10 -3.4971e-10
12.375 -2.86494e-10 -3.60622e-10
12.4 -2.87794e-10 -3.67402e-10
12.425 -2.85522e-10 -3.69873e-10
12.45 -2.79607e-10 -3.67945e-10
12.475 -2.70061e-10 -3.61618e-10
12.5 -2.56976e-10 -3.5098e-10
12.525 -2.4052e-10 -3.36203e-10
12.55 -2.20933e-10 -3.1754e-10
12.575 -1.98521e-10 -2.95314e-10
12.6 -1.73649e-10 -2.69919e-10
12.625 -1.46732e-10 -2.41804e-10
12.65 -1.18228e-10 -2.11466e-10
12.675 -8.86289e-11 -1.79443e-10
12.7 -5.84484e-11 -1.463e-10
12.725 -2.8214e-11 -1.12621e-10
12.75 1.54342e-12 -7.89941e-11
12.775 3.02994e-11 -4.60067e-11
12.8 5.75459e-11 -1.42302e-11
12.825 8.28e-11 1.57876e-11
12.85 1.05613e-10 4.35329e-11
12.875 1.25576e-10 6.85339e-11
12.9 1.42331e-10 9.03689e-11
12.925 1.55573e-10 1.08673e-10
12.95 1.65057e-10 1.23143e-10
12.975 1.70599e-10 1.33542e-10
13 1.72083e-10 1.39705e-10
13.025 1.69458e-10 1.41538e-10
13.05 1.62743e-10 1.39017e-10
13.075 1.52021e-10 1.32194e-10
13.1 1.37441e-10 1.2119e-10
13.125 1.19211e-10 1.0619e-10
13.15 9.75999e-11 8.74483e-11
13.175 7.29257e-11 6.52729e-11
13.2 4.55548e-11 4.00265e-11
13.225 1.58937e-11 1.21175e-11
13.25 -1.56182e-11 -1.80073e-11
13.275 -4.85154e-11 -4.98696e-11
13.3 -8.23142e-11 -8.29686e-11
13.325 -1.16521e-10 -1.16789e-10
13.35 -1.50638e-10 -1.50809e-10
13.375 -1.84177e-10 -1.84509e-10
13.4 -2.16658e-10 -2.17381e-10
13.425 -2.47624e-10 -2.48934e-10
13.45 -2.76645e-10 -2.78703e-10
13.475 -3.03325e-10 -3.06258e-10
13.5 -3.27305e-10 -3.31204e-10
13.525 -3.48272e-10 -3.53194e-10
13.55 -3.6596e-10 -3.71928e-10
13.575 -3.80156e-10 -3.8716e-10
13.6 -3.907e-10 -3.98701e-10
13.625 -3.97488e-10 -4.06418e-10
13.65 -4.00473e-10 -4.10238e-10
13.675 -3.99663e-10 -4.10149e-10
13.7 -3.95122e-10 -4.06196e-10
13.725 -3.86967e-10 -3.98481e-10
13.75 -3.75368e-10 -3.87161e-10
13.775 -3.60539e-10 -3.72444e-10
13.8 -3.42741e-10 -3.54586e-10
13.825 -3.22271e-10 -3.33886e-10
13.85 -2.99463e-10 -3.10679e-10
13.875 -2.74677e-10 -2.85333e-10
13.9 -2.48296e-10 -2.58242e-10
13.925 -2.20723e-10 -2.2982e-10
13.95 -1.92368e-10 -2.00493e-10
13.975 -1.63646e-10 -1.70697e-10
14 -1.34972e-10 -1.40864e-10
14.025 -1.06754e-10 -1.11424e-10
14.05 -7.93836e-11 -8.27917e-11
14.075 -5.3237e-11 -5.53667e-11
14.1 -2.86653e-11 -2.95237e-11
14.125 -5.99149e-12 -5.60952e-12
14.15 1.44935e-11 1.60617e-11
14.175 3.25347e-11 3.52126e-11
14.2 4.79157e-11 5.16057e-11
14.225 6.04616e-11 6.50462e-11
14.25 7.00397e-11 7.53837e-11
14.275 7.65616e-11 8.25142e-11
14.3 7.9983e-11 8.63796e-11
14.325 8.03035e-11 8.69689e-11
14.35 7.75659e-11 8.43166e-11
14.375 7.18549e-11 7.85019e-11
14.4 6.32949e-11 6.96464e-11
14.425 5.20477e-11 5.7912e-11
14.45 3.83092e-11 4.34977e-11
14.475 2.23066e-11 2.66364e-11
14.5 4.29428e-12 7.59063e-12
14.525 -1.54501e-11 -1.3351e-11
14.55 -3.66299e-11 -3.58786e-11
14.575 -5.89336e-11 -5.96656e-11
14.6 -8.20395e-11 -8.43731e-11
14.625 -1.05621e-10 -1.09655e-10
14.65 -1.29348e-10 -1.35164e-10
14.675 -1.52898e-10 -1.60552e-10
14.7 -1.75951e-10 -1.8548e-10
14.725 -1.98203e-10 -2.09621e-10
14.75 -2.19363e-10 -2.3266e-10
14.775 -2.39159e-10 -2.54305e-10
14.8 -2.57342e-10 -2.74284e-10
14.825 -2.73689e-10 -2.92352e-10
14.85 -2.88003e-10 -3.08292e-10
14.875 -3.00117e-10 -3.21918e-10
14.9 -3.09894e-10 -3.33076e-10
14.925 -3.17232e-10 -3.41648e-10
14.95 -3.22061e-10 -3.47547e-10
14.975 -3.24342e-10 -3.50726e-10
15 -3.24072e-10 -3.51171e-10
15.025 -3.21279e-10 -3.48901e-10
15.05 -3.16024e-10 -3.43973e-10
15.075 -3.08396e-10 -3.36472e-10
15.1 -2.98514e-10 -3.26518e-10
15.125 -2.86524e-10 -3.14256e-10
15.15 -2.72595e-10 -2.99862e-10
15.175 -2.56917e-10 -2.8353e-10
15.2 -2.397e-10 -2.6548e-10
15.225 -2.21169e-10 -2.45947e-10
15.25 -2.01563e-10 -2.25181e-10
15.275 -1.81129e-10 -2.03444e-10
15.3 -1.6012e-10 -1.81006e-10
15.325 -1.38795e-10 -1.5814e-10
15.35 -1.1741e-10 -1.35121e-10
15.375 -9.62189e-11 -1.12222e-10
15.4 -7.54698e-11 -8.97097e-11
15.425 -5.54013e-11 -6.78435e-11
15.45 -3.62406e-11 -4.68704e-11
15.475 -1.82007e-11 -2.70234e-11
15.5 -1.47814e-12 -8.51918e-12
15.525 1.37488e-11 8.44475e-12
15.55 2.73222e-11 2.36915e-11
15.575 3.91055e-11 3.70665e-11
15.6 4.89851e-11 4.84392e-11
15.625 5.68711e-11 5.77038e-11
15.65 6.26979e-11 6.47801e-11
15.675 6.64245e-11 6.96139e-11
15.7 6.80343e-11 7.21773e-11
15.725 6.75354e-11 7.24682e-11
15.75 6.49596e-11 7.05103e-11
15.775 6.03616e-11 6.63519e-11
15.8 5.38183e-11 6.00652e-11
15.825 4.54274e-11 5.1745e-11
15.85 3.53058e-11 4.15072e-11
15.875 2.35882e-11 2.94874e-11
15.9 1.04253e-11 1.58385e-11
15.925 -4.01846e-12 7.29396e-13
15.95 -1.95663e-11 -1.56574e-11
15.975 -3.60317e-11 -3.31281e-11
16 -5.32204e-11 -5.14796e-11
16.025 -7.09325e-11 -7.0502e-11
16.05 -8.89648e-11 -8.99808e-11
16.075 -1.07113e-10 -1.09699e-10
16.1 -1.25173e-10 -1.29441e-10
16.125 -1.42946e-10 -1.48991e-10
16.15 -1.60235e-10 -1.68139e-10
16.175 -1.76852e-10 -1.86682e-10
16.2 -1.92618e-10 -2.04425e-10
16.225 -2.07363e-10 -2.21183e-10
16.25 -2.20929e-10 -2.36781e-10
16.275 -2.33173e-10 -2.51061e-10
16.3 -2.43965e-10 -2.63877e-10
16.325 -2.5319e-10 -2.751e-10
16.35 -2.6075e-10 -2.84617e-10
16.375 -2.66564e-10 -2.92332e-10
16.4 -2.70569e-10 -2.98169e-10
16.425 -2.72719e-10 -3.0207e-10
16.45 -2.72986e-10 -3.03994e-10
16.475 -2.71359e-10 -3.03921e-10
16.5 -2.67846e-10 -3.01848e-10
16.525 -2.62471e-10 -2.97792e-10
16.55 -2.55277e-10 -2.91786e-10
16.575 -2.46321e-10 -2.83881e-10
16.6 -2.35675e-10 -2.74146e-10
16.625 -2.23427e-10 -2.62663e-10
16.65 -2.09677e-10 -2.4953e-10
16.675 -1.94538e-10 -2.34858e-10
16.7 -1.78135e-10 -2.1877e-10
16.725 -1.606e-10 -2.014e-10
16.75 -1.42076e-10 -1.82893e-10
16.775 -1.22713e-10 -1.63401e-10
16.8 -1.02665e-10 -1.43081e-10
16.825 -8.2093e-11 -1.22099e-10
16.85 -6.11585e-11 -1.00623e-10
16.875 -4.00261e-11 -7.88219e-11
16.9 -1.88605e-11 -5.68684e-11
16.925 2.1747e-12 -3.49334e-11
16.95 2.29182e-11 -1.31863e-11
16.975 4.3212e-11 8.20635e-12
17 6.29029e-11 2.90824e-11
17.025 8.18433e-11 4.9285e-11
17.05 9.98924e-11 6.86636e-11
17.075 1.16917e-10 8.70753e-11
17.1 1.32792e-10 1.04385e-10
17.125 1.47402e-10 1.20469e-10
17.15 1.6064e-10 1.35209e-10
17.175 1.72413e-10 1.48502e-10
17.2 1.82634e-10 1.60253e-10
17.225 1.91231e-10 1.70379e-10
17.25 1.98141e-10 1.7881e-10
17.275 2.03314e-10 1.85487e-10
17.3 2.06711e-10 1.90362e-10
17.325 2.08305e-10 1.93401e-10
17.35 2.0808e-10 1.94581e-10
17.375 2.06033e-10 1.93891e-10
17.4 2.02169e-10 1.91333e-10
17.425 1.96508e-10 1.86917e-10
17.45 1.89076e-10 1.80667e-10
17.475 1.79913e-10 1.72617e-10
17.5 1.69065e-10 1.6281e-10
17.525 1.56588e-10 1.51299e-10
17.55 1.42548e-10 1.38147e-10
17.575 1.27016e-10 1.23423e-10
17.6 1.10073e-10 1.07205e-10
17.625 9.18022e-11 8.95773e-11
17.65 7.22961e-11 7.06312e-11
17.675 5.16504e-11 5.04624e-11
17.7 2.99652e-11 2.91716e-11
17.725 7.34397e-12 6.86344e-12
17.75 -1.6107e-11 -1.63544e-11
17.775 -4.02795e-11 -4.03718e-11
17.8 -6.5064e-11 -6.50768e-11
17.825 -9.03502e-11 -9.03567e-11
17.85 -1.16028e-10 -1.16098e-10
17.875 -1.41988e-10 -1.42188e-10
17.9 -1.68121e-10 -1.68516e-10
17.925 -1.94322e-10 -1.9497e-10
17.95 -2.20485e-10 -2.21443e-10
17.975 -2.4651e-10 -2.47829e-10
18 -2.72299e-10 -2.74025e-10
18.025 -2.97756e-10 -2.99934e-10
18.05 -3.22792e-10 -3.2546e-10
18.075 -3.47321e-10 -3.50514e-10
18.1 -3.7126e-10 -3.75008e-10
18.125 -3.94535e-10 -3.98863e-10
18.15 -4.17073e-10 -4.22004e-10
18.175 -4.38809e-10 -4.44359e-10
18.2 -4.59682e-10 -4.65865e-10
18.225 -4.79638e-10 -4.86462e-10
18.25 -4.98626e-10 -5.06097e-10
18.275 -5.16604e-10 -5.24723e-10
18.3 -5.33534e-10 -5.42299e-10
18.325 -5.49382e-10 -5.58788e-10
18.35 -5.64123e-10 -5.7416e-10
18.375 -5.77734e-10 -5.88391e-10
18.4 -5.90199e-10 -6.01462e-10
18.425 -6.01508e-10 -6.13359e-10
18.45 -6.11654e-10 -6.24073e-10
18.475 -6.20637e-10 -6.33602e-10
18.5 -6.28459e-10 -6.41946e-10
18.525 -6.35127e-10 -6.49111e-10
18.55 -6.40655e-10 -6.55108e-10
18.575 -6.45058e-10 -6.59951e-10
18.6 -6.48354e-10 -6.63659e-10
18.625 -6.50568e-10 -6.66252e-10
18.65 -6.51725e-10 -6.67757e-10
18.675 -6.51853e-10 -6.68202e-10
18.7 -6.50985e-10 -6.67617e-10
18.725 -6.49153e-10 -6.66036e-10
18.75 -6.46395e-10 -6.63496e-10
18.775 -6.42747e-10 -6.60033e-10
18.8 -6.38248e-10 -6.55687e-10
18.825 -6.3294e-10 -6.505e-10
18.85 -6.26865e-10 -6.44513e-10
18.875 -6.20063e-10 -6.37769e-10
18.9 -6.1258e-10 -6.30313e-10
18.925 -6.04457e-10 -6.22189e-10
18.95 -5.9574e-10 -6.13441e-10
18.975 -5.86471e-10 -6.04114e-10
19 -5.76695e-10 -5.94253e-10
19.025 -5.66455e-10 -5.83902e-10
19.05 -5.55792e-10 -5.73106e-10
19.075 -5.44751e-10 -5.61907e-10
19.1 -5.33371e-10 -5.50348e-10
19.125 -5.21693e-10 -5.38471e-10
19.15 -5.09756e-10 -5.26316e-10
19.175 -4.976e-10 -5.13923e-10
19.2 -4.8526e-10 -5.0133e-10
19.225 -4.72773e-10 -4.88575e-10
19.25 -4.60173e-10 -4.75693e-10
19.275 -4.47493e-10 -4.62718e-10
19.3 -4.34765e-10 -4.49683e-10
19.325 -4.22017e-10 -4.36619e-10
19.35 -4.0928e-10 -4.23557e-10
19.375 -3.9658e-10 -4.10523e-10
19.4 -3.83942e-10 -3.97546e-10
19.425 -3.71389e-10 -3.84649e-10
19.45 -3.58945e-10 -3.71855e-10
19.475 -3.46631e-10 -3.59188e-10
19.5 -3.34464e-10 -3.46666e-10
19.525 -3.22462e-10 -3.34308e-10
19.55 -3.10643e-10 -3.22132e-10
19.575 -2.99021e-10 -3.10153e-10
19.6 -2.87608e-10 -2.98384e-10
19.625 -2.76417e-10 -2.8684e-10
19.65 -2.65459e-10 -2.75531e-10
19.675 -2.54742e-10 -2.64466e-10
19.7 -2.44276e-10 -2.53655e-10
19.725 -2.34066e-10 -2.43106e-10
19.75 -2.24118e-10 -2.32824e-10
19.775 -2.14438e-10 -2.22814e-10
19.8 -2.05028e-10 -2.13081e-10
19.825 -1.95892e-10 -2.03628e-10
19.85 -1.87032e-10 -1.94457e-10
19.875 -1.78448e-10 -1.85568e-10
19.9 -1.7014e-10 -1.76964e-10
19.925 -1.62107e-10 -1.68642e-10
19.95 -1.54349e-10 -1.60602e-10
19.975 -1.46864e-10 -1.52842e-10
20 -1.39648e-10 -1.4536e-10
