0 9.29368e-05 -7.10436e-05
0.025 9.29368e-05 -7.10436e-05
0.05 0.000185666 -0.000141851
0.075 0.00027798 -0.000212185
0.1 0.000369673 -0.000281813
0.125 0.00046054 -0.000350504
0.15 0.000550379 -0.00041803
0.175 0.000638991 -0.000484168
0.2 0.000726179 -0.000548702
0.225 0.000811751 -0.000611419
0.25 0.000895519 -0.000672118
0.275 0.000977299 -0.000730601
0.3 0.00105691 -0.000786682
0.325 0.00113419 -0.000840183
0.35 0.00120896 -0.000890936
0.375 0.00128107 -0.000938784
0.4 0.00135037 -0.000983581
0.425 0.0014167 -0.00102519
0.45 0.00147994 -0.0010635
0.475 0.00153996 -0.00109839
0.5 0.00159662 -0.00112976
0.525 0.00164984 -0.00115754
0.55 0.00169949 -0.00118165
0.575 0.00174549 -0.00120204
0.6 0.00178777 -0.00121867
0.625 0.00182623 -0.0012315
0.65 0.00186083 -0.00124051
0.675 0.00189151 -0.00124572
0.7 0.00191823 -0.00124712
0.725 0.00194096 -0.00124474
0.75 0.00195967 -0.00123862
0.775 0.00197437 -0.00122882
0.8 0.00198504 -0.00121538
0.825 0.00199171 -0.00119839
0.85 0.00199439 -0.00117793
0.875 0.00199312 -0.0011541
0.9 0.00198794 -0.001127
0.925 0.00197891 -0.00109676
0.95 0.00196609 -0.00106349
0.975 0.00194956 -0.00102733
1 0.00192941 -0.000988419
1.025 0.00190572 -0.000946912
1.05 0.00187861 -0.000902962
1.075 0.00184819 -0.000856731
1.1 0.00181459 -0.000808383
1.125 0.00177793 -0.000758091
1.15 0.00173836 -0.000706028
1.175 0.00169603 -0.000652371
1.2 0.00165109 -0.000597298
1.225 0.00160371 -0.00054099
1.25 0.00155406 -0.000483627
1.275 0.00150232 -0.000425388
1.3 0.00144868 -0.000366453
1.325 0.00139331 -0.000307
1.35 0.00133643 -0.000247203
1.375 0.00127822 -0.000187234
1.4 0.0012189 -0.000127262
1.425 0.00115866 -6.745e-05
1.45 0.00109773 -7.95748e-06
1.475 0.00103631 5.1062e-05
1.5 0.000974611 0.000109461
1.525 0.00091286 0.000167098
1.55 0.000851269 0.000223839
1.575 0.000790056 0.000279556
1.6 0.000729438 0.000334132
1.625 0.000669629 0.000387453
1.65 0.000610843 0.000439418
1.675 0.000553291 0.000489931
1.7 0.000497182 0.000538907
1.725 0.000442719 0.000586269
1.75 0.000390104 0.000631948
1.775 0.000339532 0.000675887
1.8 0.000291191 0.000718034
1.825 0.000245266 0.00075835
1.85 0.000201933 0.000796803
1.875 0.000161362 0.000833369
1.9 0.000123713 0.000868035
1.925 8.91385e-05 0.000900794
1.95 5.77826e-05 0.00093165
1.975 2.97783e-05 0.000960613
2 5.24878e-06 0.000987701
2.025 -1.56939e-05 0.00101294
2.05 -3.29489e-05 0.00103636
2.075 -4.64273e-05 0.00105801
2.1 -5.60526e-05 0.00107792
2.125 -6.17609e-05 0.00109615
2.15 -6.35017e-05 0.00111276
2.175 -6.1238e-05 0.0011278
2.2 -5.49467e-05 0.00114133
2.225 -4.46188e-05 0.00115343
2.25 -3.026e-05 0.00116417
2.275 -1.18905e-05 0.00117362
2.3 1.04544e-05 0.00118184
2.325 3.67244e-05 0.00118892
2.35 6.68542e-05 0.00119493
2.375 0.000100763 0.00119994
2.4 0.000138355 0.00120402
2.425 0.00017952 0.00120725
2.45 0.000224131 0.00120969
2.475 0.000272046 0.00121141
2.5 0.000323112 0.00121245
2.525 0.000377156 0.00121289
2.55 0.000433995 0.00121277
2.575 0.000493431 0.00121214
2.6 0.00055525 0.00121102
2.625 0.00061923 0.00120946
2.65 0.000685133 0.00120748
2.675 0.000752709 0.00120508
2.7 0.000821698 0.00120228
2.725 0.00089183 0.00119908
2.75 0.000962823 0.00119546
2.775 0.00103439 0.00119141
2.8 0.00110623 0.00118689
2.825 0.00117803 0.00118186
2.85 0.0012495 0.00117628
2.875 0.0013203 0.00117008
2.9 0.00139011 0.00116319
2.925 0.00145862 0.00115554
2.95 0.00152549 0.00114703
2.975 0.00159039 0.00113756
3 0.00165299 0.00112703
3.025 0.00171297 0.00111532
3.05 0.00176999 0.0011023
3.075 0.00182373 0.00108784
3.1 0.00187388 0.0010718
3.125 0.00192011 0.00105402
3.15 0.00196211 0.00103435
3.175 0.0019996 0.00101262
3.2 0.00203227 0.000988683
3.225 0.00205984 0.000962354
3.25 0.00208205 0.000933464
3.275 0.00209863 0.000901834
3.3 0.00210935 0.000867289
3.325 0.00211396 0.000829649
3.35 0.00211225 0.000788737
3.375 0.00210403 0.000744377
3.4 0.00208911 0.000696395
3.425 0.00206733 0.000644623
3.45 0.00203853 0.000588895
3.475 0.0020026 0.000529052
3.5 0.00195943 0.000464943
3.525 0.00190893 0.000396425
3.55 0.00185104 0.000323361
3.575 0.00178571 0.000245629
3.6 0.00171293 0.000163116
3.625 0.00163269 7.57197e-05
3.65 0.00154502 -1.66462e-05
3.675 0.00144996 -0.000114055
3.7 0.0013476 -0.000216566
3.725 0.00123801 -0.000324222
3.75 0.00112131 -0.000437049
3.775 0.000997647 -0.000555055
3.8 0.000867172 -0.000678233
3.825 0.000730068 -0.000806556
3.85 0.000586538 -0.000939978
3.875 0.000436807 -0.00107844
3.9 0.000281116 -0.00122184
3.925 0.000119731 -0.0013701
3.95 -4.70677e-05 -0.00152308
3.975 -0.00021898 -0.00168065
4 -0.000395688 -0.00184264
4.025 -0.00057686 -0.00200886
4.05 -0.000762147 -0.00217914
4.075 -0.000951187 -0.00235323
4.1 -0.00114361 -0.00253092
4.125 -0.00133902 -0.00271194
4.15 -0.00153702 -0.00289603
4.175 -0.00173722 -0.0030829
4.2 -0.00193919 -0.00327224
4.225 -0.00214252 -0.00346376
4.25 -0.00234678 -0.00365711
4.275 -0.00255155 -0.00385196
4.3 -0.00275638 -0.00404796
4.325 -0.00296086 -0.00424475
4.35 -0.00316455 -0.00444196
4.375 -0.00336701 -0.00463921
4.4 -0.00356783 -0.00483612
4.425 -0.00376658 -0.00503231
4.45 -0.00396285 -0.00522738
4.475 -0.00415623 -0.00542095
4.5 -0.00434632 -0.00561263
4.525 -0.00453273 -0.00580202
4.55 -0.00471508 -0.00598874
4.575 -0.00489301 -0.00617241
4.6 -0.00506616 -0.00635264
4.625 -0.0052342 -0.00652908
4.65 -0.00539679 -0.00670135
4.675 -0.00555365 -0.00686911
4.7 -0.00570446 -0.00703201
4.725 -0.00584897 -0.00718972
4.75 -0.00598692 -0.00734193
4.775 -0.00611808 -0.00748834
4.8 -0.00624222 -0.00762865
4.825 -0.00635916 -0.0077626
4.85 -0.00646872 -0.00788993
4.875 -0.00657075 -0.00801041
4.9 -0.00666512 -0.00812381
4.925 -0.00675172 -0.00822995
4.95 -0.00683045 -0.00832865
4.975 -0.00690126 -0.00841974
5 -0.00696408 -0.00850308
5.025 -0.0070189 -0.00857858
5.05 -0.00706572 -0.00864611
5.075 -0.00710454 -0.00870562
5.1 -0.0071354 -0.00875705
5.125 -0.00715836 -0.00880037
5.15 -0.00717349 -0.00883557
5.175 -0.00718088 -0.00886265
5.2 -0.00718065 -0.00888165
5.225 -0.00717292 -0.00889262
5.25 -0.00715783 -0.00889562
5.275 -0.00713555 -0.00889075
5.3 -0.00710625 -0.00887811
5.325 -0.00707011 -0.00885782
5.35 -0.00702733 -0.00883004
5.375 -0.00697814 -0.0087949
5.4 -0.00692275 -0.0087526
5.425 -0.0068614 -0.00870331
5.45 -0.00679433 -0.00864723
5.475 -0.00672179 -0.00858457
5.5 -0.00664403 -0.00851557
5.525 -0.00656134 -0.00844045
5.55 -0.00647397 -0.00835947
5.575 -0.0063822 -0.00827286
5.6 -0.0062863 -0.0081809
5.625 -0.00618655 -0.00808384
5.65 -0.00608325 -0.00798197
5.675 -0.00597665 -0.00787555
5.7 -0.00586706 -0.00776487
5.725 -0.00575474 -0.00765021
5.75 -0.00563997 -0.00753185
5.775 -0.00552302 -0.00741008
5.8 -0.00540418 -0.00728518
5.825 -0.00528369 -0.00715743
5.85 -0.00516183 -0.00702712
5.875 -0.00503884 -0.00689452
5.9 -0.00491499 -0.0067599
5.925 -0.00479049 -0.00662354
5.95 -0.0046656 -0.00648569
5.975 -0.00454054 -0.00634663
6 -0.00441553 -0.00620659
6.025 -0.00429077 -0.00606584
6.05 -0.00416647 -0.00592459
6.075 -0.00404282 -0.00578309
6.1 -0.00392 -0.00564156
6.125 -0.00379818 -0.00550021
6.15 -0.00367754 -0.00535925
6.175 -0.00355821 -0.00521887
6.2 -0.00344035 -0.00507926
6.225 -0.00332409 -0.0049406
6.25 -0.00320955 -0.00480305
6.275 -0.00309685 -0.00466678
6.3 -0.00298609 -0.00453194
6.325 -0.00287737 -0.00439865
6.35 -0.00277078 -0.00426706
6.375 -0.00266638 -0.00413728
6.4 -0.00256426 -0.00400942
6.425 -0.00246446 -0.00388359
6.45 -0.00236705 -0.00375987
6.475 -0.00227205 -0.00363836
6.5 -0.00217951 -0.00351911
6.525 -0.00208946 -0.00340221
6.55 -0.00200191 -0.0032877
6.575 -0.00191688 -0.00317564
6.6 -0.00183437 -0.00306607
6.625 -0.00175438 -0.00295903
6.65 -0.00167692 -0.00285453
6.675 -0.00160196 -0.0027526
6.7 -0.00152949 -0.00265326
6.725 -0.00145949 -0.00255651
6.75 -0.00139193 -0.00246236
6.775 -0.00132679 -0.0023708
6.8 -0.00126402 -0.00228182
6.825 -0.0012036 -0.0021954
6.85 -0.00114548 -0.00211154
6.875 -0.00108962 -0.0020302
6.9 -0.00103597 -0.00195137
6.925 -0.000984482 -0.00187501
6.95 -0.000935109 -0.00180108
6.975 -0.000887799 -0.00172956
7 -0.000842497 -0.0016604
7.025 -0.00079915 -0.00159357
7.05 -0.000757703 -0.00152901
7.075 -0.000718098 -0.00146668
7.1 -0.00068028 -0.00140654
7.125 -0.000644191 -0.00134854
7.15 -0.000609776 -0.00129263
7.175 -0.000576977 -0.00123875
7.2 -0.000545737 -0.00118687
7.225 -0.000516001 -0.00113691
7.25 -0.000487713 -0.00108884
7.275 -0.000460818 -0.0010426
7.3 -0.000435262 -0.000998137
7.325 -0.000410991 -0.000955399
7.35 -0.000387954 -0.000914334
7.375 -0.000366099 -0.00087489
7.4 -0.000345375 -0.000837015
7.425 -0.000325735 -0.000800659
7.45 -0.00030713 -0.000765771
7.475 -0.000289514 -0.000732302
7.5 -0.000272842 -0.000700203
7.525 -0.000257071 -0.000669427
7.55 -0.000242157 -0.000639925
7.575 -0.00022806 -0.000611653
7.6 -0.000214741 -0.000584565
7.625 -0.000202162 -0.000558618
7.65 -0.000190285 -0.000533768
7.675 -0.000179076 -0.000509974
7.7 -0.0001685 -0.000487196
7.725 -0.000158524 -0.000465393
7.75 -0.000149119 -0.000444528
7.775 -0.000140253 -0.000424564
7.8 -0.000131898 -0.000405464
7.825 -0.000124026 -0.000387194
7.85 -0.000116612 -0.000369719
7.875 -0.00010963 -0.000353008
7.9 -0.000103057 -0.00033703
7.925 -9.68702e-05 -0.000321752
7.95 -9.10477e-05 -0.000307148
7.975 -8.55693e-05 -0.000293187
8 -8.04153e-05 -0.000279844
8.025 -7.55675e-05 -0.000267091
8.05 -7.10081e-05 -0.000254904
8.075 -6.67207e-05 -0.000243259
8.1 -6.26894e-05 -0.000232132
8.125 -5.88994e-05 -0.000221502
8.15 -5.53366e-05 -0.000211346
8.175 -5.19876e-05 -0.000201644
8.2 -4.88399e-05 -0.000192377
8.225 -4.58816e-05 -0.000183525
8.25 -4.31014e-05 -0.00017507
8.275 -4.04888e-05 -0.000166996
8.3 -3.80338e-05 -0.000159285
8.325 -3.57269e-05 -0.000151922
8.35 -3.35593e-05 -0.000144891
8.375 -3.15226e-05 -0.000138177
8.4 -2.9609e-05 -0.000131768
8.425 -2.78111e-05 -0.000125648
8.45 -2.61218e-05 -0.000119807
8.475 -2.45348e-05 -0.00011423
8.5 -2.30436e-05 -0.000108907
8.525 -2.16427e-05 -0.000103827
8.55 -2.03265e-05 -9.89779e-05
8.575 -1.909e-05 -9.43505e-05
8.6 -1.79283e-05 -8.99348e-05
8.625 -1.68368e-05 -8.57214e-05
8.65 -1.58114e-05 -8.17014e-05
8.675 -1.48481e-05 -7.78661e-05
8.7 -1.39431e-05 -7.42074e-05
8.725 -1.30928e-05 -7.07174e-05
8.75 -1.22941e-05 -6.73887e-05
8.775 -1.15438e-05 -6.42141e-05
8.8 -1.08389e-05 -6.11868e-05
8.825 -1.01768e-05 -5.83002e-05
8.85 -9.55479e-06 -5.5548e-05
8.875 -8.97055e-06 -5.29242e-05
8.9 -8.42179e-06 -5.04232e-05
8.925 -7.90636e-06 -4.80394e-05
8.95 -7.42227e-06 -4.57676e-05
8.975 -6.96764e-06 -4.36028e-05
9 -6.54068e-06 -4.15401e-05
9.025 -6.13975e-06 -3.95749e-05
9.05 -5.76327e-06 -3.7703e-05
9.075 -5.40978e-06 -3.59199e-05
9.1 -5.07789e-06 -3.42218e-05
9.125 -4.76631e-06 -3.26048e-05
9.15 -4.47382e-06 -3.10651e-05
9.175 -4.19926e-06 -2.95993e-05
9.2 -3.94156e-06 -2.82039e-05
9.225 -3.6997e-06 -2.68758e-05
9.25 -3.47272e-06 -2.56117e-05
9.275 -3.25973e-06 -2.44088e-05
9.3 -3.05987e-06 -2.32642e-05
9.325 -2.87236e-06 -2.21752e-05
9.35 -2.69645e-06 -2.11391e-05
9.375 -2.53143e-06 -2.01536e-05
9.4 -2.37664e-06 -1.92161e-05
9.425 -2.23145e-06 -1.83245e-05
9.45 -2.09528e-06 -1.74765e-05
9.475 -1.96758e-06 -1.667e-05
9.5 -1.84783e-06 -1.59031e-05
9.525 -1.73555e-06 -1.51738e-05
9.55 -1.63026e-06 -1.44803e-05
9.575 -1.53154e-06 -1.38209e-05
9.6 -1.43899e-06 -1.31939e-05
9.625 -1.35222e-06 -1.25977e-05
9.65 -1.27087e-06 -1.20307e-05
9.675 -1.19461e-06 -1.14915e-05
9.7 -1.12312e-06 -1.09788e-05
9.725 -1.0561e-06 -1.04911e-05
9.75 -9.93271e-07 -1.00273e-05
9.775 -9.34368e-07 -9.5861e-06
9.8 -8.79145e-07 -9.16637e-06
9.825 -8.27369e-07 -8.76701e-06
9.85 -7.78823e-07 -8.38697e-06
9.875 -7.33302e-07 -8.02527e-06
9.9 -6.90613e-07 -7.68095e-06
9.925 -6.50576e-07 -7.35311e-06
9.95 -6.13022e-07 -7.0409e-06
9.975 -5.77791e-07 -6.74351e-06
10 -5.44735e-07 -6.46015e-06
10.025 -5.13713e-07 -6.1901e-06
10.05 -4.84596e-07 -5.93266e-06
10.075 -4.57259e-07 -5.68717e-06
10.1 -4.31589e-07 -5.45299e-06
10.125 -4.07476e-07 -5.22955e-06
10.15 -3.84821e-07 -5.01626e-06
10.175 -3.63528e-07 -4.81261e-06
10.2 -3.43509e-07 -4.61808e-06
10.225 -3.24682e-07 -4.43221e-06
10.25 -3.06968e-07 -4.25453e-06
10.275 -2.90296e-07 -4.08462e-06
10.3 -2.74598e-07 -3.92209e-06
10.325 -2.5981e-07 -3.76655e-06
10.35 -2.45874e-07 -3.61764e-06
10.375 -2.32734e-07 -3.47503e-06
10.4 -2.20339e-07 -3.33839e-06
10.425 -2.08641e-07 -3.20742e-06
10.45 -1.97596e-07 -3.08185e-06
10.475 -1.8716e-07 -2.9614e-06
10.5 -1.77297e-07 -2.84582e-06
10.525 -1.6797e-07 -2.73488e-06
10.55 -1.59144e-07 -2.62834e-06
10.575 -1.50789e-07 -2.52601e-06
10.6 -1.42876e-07 -2.42768e-06
10.625 -1.35378e-07 -2.33316e-06
10.65 -1.28269e-07 -2.24229e-06
10.675 -1.21526e-07 -2.15489e-06
10.7 -1.15128e-07 -2.0708e-06
10.725 -1.09055e-07 -1.98989e-06
10.75 -1.03288e-07 -1.91201e-06
10.775 -9.78089e-08 -1.83704e-06
10.8 -9.26028e-08 -1.76484e-06
10.825 -8.76543e-08 -1.69531e-06
10.85 -8.29496e-08 -1.62833e-06
10.875 -7.84758e-08 -1.56379e-06
10.9 -7.42211e-08 -1.50162e-06
10.925 -7.01742e-08 -1.4417e-06
10.95 -6.63248e-08 -1.38395e-06
10.975 -6.26633e-08 -1.32829e-06
11 -5.91806e-08 -1.27465e-06
11.025 -5.58682e-08 -1.22294e-06
11.05 -5.27184e-08 -1.1731e-06
11.075 -4.97235e-08 -1.12506e-06
11.1 -4.68768e-08 -1.07875e-06
11.125 -4.41715e-08 -1.03412e-06
11.15 -4.16015e-08 -9.91109e-07
11.175 -3.91609e-08 -9.4966e-07
11.2 -3.68441e-08 -9.09721e-07
11.225 -3.46458e-08 -8.71243e-07
11.25 -3.25608e-08 -8.34178e-07
11.275 -3.05844e-08 -7.9848e-07
11.3 -2.87118e-08 -7.64104e-07
11.325 -2.69387e-08 -7.31009e-07
11.35 -2.52607e-08 -6.99154e-07
11.375 -2.36736e-08 -6.68499e-07
11.4 -2.21734e-08 -6.39008e-07
11.425 -2.07564e-08 -6.10643e-07
11.45 -1.94187e-08 -5.8337e-07
11.475 -1.81566e-08 -5.57154e-07
11.5 -1.69668e-08 -5.31963e-07
11.525 -1.58457e-08 -5.07764e-07
11.55 -1.47901e-08 -4.84526e-07
11.575 -1.37968e-08 -4.6222e-07
11.6 -1.28626e-08 -4.40816e-07
11.625 -1.19847e-08 -4.20284e-07
11.65 -1.116e-08 -4.00598e-07
11.675 -1.03857e-08 -3.8173e-07
11.7 -9.65926e-09 -3.63654e-07
11.725 -8.97797e-09 -3.46342e-07
11.75 -8.33933e-09 -3.29771e-07
11.775 -7.74094e-09 -3.13914e-07
11.8 -7.1805e-09 -2.98748e-07
11.825 -6.6558e-09 -2.84248e-07
11.85 -6.16473e-09 -2.70392e-07
11.875 -5.70527e-09 -2.57156e-07
11.9 -5.27552e-09 -2.44518e-07
11.925 -4.87366e-09 -2.32456e-07
11.95 -4.49797e-09 -2.20949e-07
11.975 -4.14682e-09 -2.09976e-07
12 -3.81868e-09 -1.99515e-07
12.025 -3.51211e-09 -1.89548e-07
12.05 -3.22574e-09 -1.80054e-07
12.075 -2.95832e-09 -1.71015e-07
12.1 -2.70864e-09 -1.62412e-07
12.125 -2.47559e-09 -1.54226e-07
12.15 -2.25815e-09 -1.4644e-07
12.175 -2.05534e-09 -1.39038e-07
12.2 -1.86627e-09 -1.32002e-07
12.225 -1.69011e-09 -1.25316e-07
12.25 -1.52608e-09 -1.18965e-07
12.275 -1.37346e-09 -1.12934e-07
12.3 -1.23159e-09 -1.07207e-07
12.325 -1.09986e-09 -1.01772e-07
12.35 -9.7768e-10 -9.66149e-08
12.375 -8.64528e-10 -9.17222e-08
12.4 -7.59905e-10 -8.70817e-08
12.425 -6.63347e-10 -8.26814e-08
12.45 -5.7442e-10 -7.851e-08
12.475 -4.92715e-10 -7.45564e-08
12.5 -4.17848e-10 -7.08103e-08
12.525 -3.49456e-10 -6.72616e-08
12.55 -2.8719e-10 -6.39008e-08
12.575 -2.30722e-10 -6.07189e-08
12.6 -1.79732e-10 -5.77073e-08
12.625 -1.33916e-10 -5.48577e-08
12.65 -9.29775e-11 -5.21624e-08
12.675 -5.66286e-11 -4.96139e-08
12.7 -2.45891e-11 -4.72051e-08
12.725 3.41506e-12 -4.49295e-08
12.75 2.76525e-11 -4.27805e-08
12.775 4.83868e-11 -4.0752e-08
12.8 6.58772e-11 -3.88384e-08
12.825 8.03784e-11 -3.70339e-08
12.85 9.21412e-11 -3.53334e-08
12.875 1.01412e-10 -3.37316e-08
12.9 1.08433e-10 -3.22237e-08
12.925 1.13441e-10 -3.08049e-08
12.95 1.16669e-10 -2.94706e-08
12.975 1.18344e-10 -2.82164e-08
13 1.18687e-10 -2.70379e-08
13.025 1.17914e-10 -2.59308e-08
13.05 1.16232e-10 -2.4891e-08
13.075 1.13843e-10 -2.39144e-08
13.1 1.10939e-10 -2.29969e-08
13.125 1.07707e-10 -2.21345e-08
13.15 1.04323e-10 -2.13233e-08
13.175 1.00955e-10 -2.05593e-08
13.2 9.77609e-11 -1.98385e-08
13.225 9.48908e-11 -1.91572e-08
13.25 9.24839e-11 -1.85112e-08
13.275 9.067e-11 -1.78969e-08
13.3 8.9569e-11 -1.73102e-08
13.325 8.9291e-11 -1.67474e-08
13.35 8.99362e-11 -1.62046e-08
13.375 9.15954e-11 -1.5678e-08
13.4 9.43499e-11 -1.51637e-08
13.425 9.82716e-11 -1.46581e-08
13.45 1.03424e-10 -1.41574e-08
13.475 1.09861e-10 -1.3658e-08
13.5 1.17631e-10 -1.31563e-08
13.525 1.26771e-10 -1.26487e-08
13.55 1.37314e-10 -1.21319e-08
13.575 1.49284e-10 -1.16025e-08
13.6 1.62701e-10 -1.10574e-08
13.625 1.77578e-10 -1.04935e-08
13.65 1.93921e-10 -9.90771e-09
13.675 2.11736e-10 -9.2974e-09
13.7 2.31021e-10 -8.65991e-09
13.725 2.51771e-10 -7.9928e-09
13.75 2.73979e-10 -7.29381e-09
13.775 2.97634e-10 -6.5609e-09
13.8 3.22724e-10 -5.79223e-09
13.825 3.49233e-10 -4.98616e-09
13.85 3.77144e-10 -4.14132e-09
13.875 4.0644e-10 -3.25653e-09
13.9 4.37102e-10 -2.3309e-09
13.925 4.69109e-10 -1.36373e-09
13.95 5.02441e-10 -3.54626e-10
13.975 5.37077e-10 6.96594e-10
14 5.72993e-10 1.78984e-09
14.025 6.10168e-10 2.92477e-09
14.05 6.48578e-10 4.1008e-09
14.075 6.88199e-10 5.31708e-09
14.1 7.29007e-10 6.57252e-09
14.125 7.70976e-10 7.86581e-09
14.15 8.14081e-10 9.19538e-09
14.175 8.58294e-10 1.05595e-08
14.2 9.03586e-10 1.1956e-08
14.225 9.49927e-10 1.33829e-08
14.25 9.97285e-10 1.48377e-08
14.275 1.04563e-09 1.63178e-08
14.3 1.09492e-09 1.78204e-08
14.325 1.14511e-09 1.93428e-08
14.35 1.19618e-09 2.08818e-08
14.375 1.24807e-09 2.24342e-08
14.4 1.30075e-09 2.39968e-08
14.425 1.35415e-09 2.55663e-08
14.45 1.40822e-09 2.71391e-08
14.475 1.46292e-09 2.87118e-08
14.5 1.51818e-09 3.02808e-08
14.525 1.57393e-09 3.18425e-08
14.55 1.63011e-09 3.33935e-08
14.575 1.68666e-09 3.493e-08
14.6 1.74349e-09 3.64485e-08
14.625 1.80053e-09 3.79456e-08
14.65 1.85769e-09 3.94177e-08
14.675 1.9149e-09 4.08615e-08
14.7 1.97206e-09 4.22736e-08
14.725 2.02909e-09 4.36509e-08
14.75 2.08589e-09 4.49902e-08
14.775 2.14237e-09 4.62886e-08
14.8 2.19843e-09 4.75432e-08
14.825 2.25396e-09 4.87513e-08
14.85 2.30888e-09 4.99104e-08
14.875 2.36306e-09 5.10181e-08
14.9 2.41642e-09 5.20721e-08
14.925 2.46885e-09 5.30704e-08
14.95 2.52024e-09 5.40111e-08
14.975 2.57049e-09 5.48926e-08
15 2.6195e-09 5.57134e-08
15.025 2.66717e-09 5.64722e-08
15.05 2.71339e-09 5.71679e-08
15.075 2.75807e-09 5.77995e-08
15.1 2.80112e-09 5.83664e-08
15.125 2.84243e-09 5.8868e-08
15.15 2.88193e-09 5.93041e-08
15.175 2.91952e-09 5.96744e-08
15.2 2.95513e-09 5.99791e-08
15.225 2.98867e-09 6.02184e-08
15.25 3.02007e-09 6.03925e-08
15.275 3.04927e-09 6.05023e-08
15.3 3.0762e-09 6.05483e-08
15.325 3.10081e-09 6.05315e-08
15.35 3.12305e-09 6.0453e-08
15.375 3.14286e-09 6.03139e-08
15.4 3.16021e-09 6.01155e-08
15.425 3.17507e-09 5.98594e-08
15.45 3.18741e-09 5.95471e-08
15.475 3.19721e-09 5.91803e-08
15.5 3.20445e-09 5.87607e-08
15.525 3.20914e-09 5.82904e-08
15.55 3.21125e-09 5.77711e-08
15.575 3.21082e-09 5.7205e-08
15.6 3.20783e-09 5.65942e-08
15.625 3.20232e-09 5.59409e-08
15.65 3.1943e-09 5.52472e-08
15.675 3.18381e-09 5.45153e-08
15.7 3.17088e-09 5.37476e-08
15.725 3.15555e-09 5.29464e-08
15.75 3.13788e-09 5.21139e-08
15.775 3.1179e-09 5.12525e-08
15.8 3.09568e-09 5.03645e-08
15.825 3.07129e-09 4.94522e-08
15.85 3.04478e-09 4.85178e-08
15.875 3.01622e-09 4.75637e-08
15.9 2.98569e-09 4.65921e-08
15.925 2.95327e-09 4.5605e-08
15.95 2.91903e-09 4.46048e-08
15.975 2.88307e-09 4.35935e-08
16 2.84545e-09 4.25732e-08
16.025 2.80628e-09 4.15458e-08
16.05 2.76563e-09 4.05133e-08
16.075 2.72361e-09 3.94776e-08
16.1 2.6803e-09 3.84405e-08
16.125 2.63579e-09 3.74038e-08
16.15 2.59018e-09 3.6369e-08
16.175 2.54356e-09 3.53379e-08
16.2 2.49603e-09 3.43119e-08
16.225 2.44767e-09 3.32924e-08
16.25 2.39858e-09 3.2281e-08
16.275 2.34885e-09 3.12788e-08
16.3 2.29857e-09 3.0287e-08
16.325 2.24783e-09 2.93069e-08
16.35 2.19672e-09 2.83394e-08
16.375 2.14532e-09 2.73856e-08
16.4 2.09371e-09 2.64464e-08
16.425 2.04198e-09 2.55226e-08
16.45 1.9902e-09 2.46149e-08
16.475 1.93845e-09 2.37241e-08
16.5 1.88681e-09 2.28508e-08
16.525 1.83535e-09 2.19955e-08
16.55 1.78412e-09 2.11588e-08
16.575 1.73321e-09 2.0341e-08
16.6 1.68266e-09 1.95424e-08
16.625 1.63255e-09 1.87635e-08
16.65 1.58291e-09 1.80044e-08
16.675 1.53382e-09 1.72654e-08
16.7 1.48532e-09 1.65464e-08
16.725 1.43745e-09 1.58477e-08
16.75 1.39025e-09 1.51693e-08
16.775 1.34378e-09 1.45111e-08
16.8 1.29805e-09 1.38732e-08
16.825 1.25312e-09 1.32553e-08
16.85 1.209e-09 1.26574e-08
16.875 1.16573e-09 1.20793e-08
16.9 1.12333e-09 1.15208e-08
16.925 1.08182e-09 1.09816e-08
16.95 1.04123e-09 1.04616e-08
16.975 1.00156e-09 9.96039e-09
17 9.62841e-10 9.4777e-09
17.025 9.25071e-10 9.0132e-09
17.05 8.88263e-10 8.56655e-09
17.075 8.52424e-10 8.13738e-09
17.1 8.17557e-10 7.7253e-09
17.125 7.83665e-10 7.32994e-09
17.15 7.50748e-10 6.95088e-09
17.175 7.18804e-10 6.58772e-09
17.2 6.87828e-10 6.24004e-09
17.225 6.57816e-10 5.90741e-09
17.25 6.2876e-10 5.58941e-09
17.275 6.00651e-10 5.28559e-09
17.3 5.7348e-10 4.99553e-09
17.325 5.47235e-10 4.71879e-09
17.35 5.21903e-10 4.45495e-09
17.375 4.97471e-10 4.20356e-09
17.4 4.73924e-10 3.96419e-09
17.425 4.51246e-10 3.73644e-09
17.45 4.2942e-10 3.51986e-09
17.475 4.08431e-10 3.31405e-09
17.5 3.88259e-10 3.1186e-09
17.525 3.68886e-10 2.9331e-09
17.55 3.50294e-10 2.75717e-09
17.575 3.32464e-10 2.59041e-09
17.6 3.15374e-10 2.43244e-09
17.625 2.99007e-10 2.2829e-09
17.65 2.83341e-10 2.14142e-09
17.675 2.68356e-10 2.00765e-09
17.7 2.54032e-10 1.88125e-09
17.725 2.40349e-10 1.76188e-09
17.75 2.27287e-10 1.64923e-09
17.775 2.14824e-10 1.54297e-09
17.8 2.02942e-10 1.44281e-09
17.825 1.9162e-10 1.34845e-09
17.85 1.80838e-10 1.25961e-09
17.875 1.70577e-10 1.17601e-09
17.9 1.60818e-10 1.0974e-09
17.925 1.51541e-10 1.02351e-09
17.95 1.42729e-10 9.54107e-10
17.975 1.34363e-10 8.88954e-10
18 1.26425e-10 8.27826e-10
18.025 1.18898e-10 7.70507e-10
18.05 1.11764e-10 7.16791e-10
18.075 1.05007e-10 6.66479e-10
18.1 9.86113e-11 6.19384e-10
18.125 9.256e-11 5.75323e-10
18.15 8.68383e-11 5.34126e-10
18.175 8.14313e-11 4.95627e-10
18.2 7.63245e-11 4.5967e-10
18.225 7.15039e-11 4.26105e-10
18.25 6.69561e-11 3.94792e-10
18.275 6.26679e-11 3.65595e-10
18.3 5.86268e-11 3.38386e-10
18.325 5.48206e-11 3.13044e-10
18.35 5.12375e-11 2.89454e-10
18.375 4.78664e-11 2.67507e-10
18.4 4.46963e-11 2.47099e-10
18.425 4.17169e-11 2.28133e-10
18.45 3.89182e-11 2.10516e-10
18.475 3.62906e-11 1.94162e-10
18.5 3.38249e-11 1.78989e-10
18.525 3.15124e-11 1.64917e-10
18.55 2.93446e-11 1.51876e-10
18.575 2.73137e-11 1.39795e-10
18.6 2.54118e-11 1.2861e-10
18.625 2.36317e-11 1.18261e-10
18.65 2.19664e-11 1.08689e-10
18.675 2.04094e-11 9.98417e-11
18.7 1.89543e-11 9.1668e-11
18.725 1.75952e-11 8.41209e-11
18.75 1.63263e-11 7.71559e-11
18.775 1.51422e-11 7.07317e-11
18.8 1.40378e-11 6.48094e-11
18.825 1.30083e-11 5.93528e-11
18.85 1.2049e-11 5.43278e-11
18.875 1.11556e-11 4.97028e-11
18.9 1.03239e-11 4.54483e-11
18.925 9.55014e-12 4.15366e-11
18.95 8.83054e-12 3.79421e-11
18.975 8.16166e-12 3.46408e-11
19 7.5402e-12 3.16103e-11
19.025 6.96309e-12 2.883e-11
19.05 6.42741e-12 2.62806e-11
19.075 5.93041e-12 2.39441e-11
19.1 5.46953e-12 2.1804e-11
19.125 5.04233e-12 1.98447e-11
19.15 4.64655e-12 1.80519e-11
19.175 4.28002e-12 1.64124e-11
19.2 3.94076e-12 1.49139e-11
19.225 3.62688e-12 1.3545e-11
19.25 3.3366e-12 1.22951e-11
19.275 3.06828e-12 1.11545e-11
19.3 2.82038e-12 1.01143e-11
19.325 2.59142e-12 9.1661e-12
19.35 2.38008e-12 8.30224e-12
19.375 2.18507e-12 7.51565e-12
19.4 2.00522e-12 6.79982e-12
19.425 1.83942e-12 6.14875e-12
19.45 1.68664e-12 5.55689e-12
19.475 1.54592e-12 5.01917e-12
19.5 1.41637e-12 4.53091e-12
19.525 1.29715e-12 4.0878e-12
19.55 1.18748e-12 3.68589e-12
19.575 1.08665e-12 3.32156e-12
19.6 9.93982e-13 2.99149e-12
19.625 9.08852e-13 2.69262e-12
19.65 8.30681e-13 2.42216e-12
19.675 7.58932e-13 2.17755e-12
19.7 6.93104e-13 1.95645e-12
19.725 6.32735e-13 1.75671e-12
19.75 5.77395e-13 1.57638e-12
19.775 5.26688e-13 1.41367e-12
19.8 4.80245e-13 1.26695e-12
19.825 4.37725e-13 1.13471e-12
19.85 3.98814e-13 1.01562e-12
19.875 3.63219e-13 9.08419e-13
19.9 3.30673e-13 8.11987e-13
19.925 3.00925e-13 7.25294e-13
19.95 2.73748e-13 6.47408e-13
19.975 2.48928e-13 5.77477e-13
20 2.26272e-13 5.1473e-13
