0 0.135676 0.144177 -0.0405024 0.0518374
0.025 0.135676 0.144177 -0.0405024 0.0518374
0.05 0.13568 0.14418 -0.0404667 0.0518568
0.075 0.135685 0.144186 -0.0404073 0.0518892
0.1 0.135692 0.144193 -0.0403243 0.0519344
0.125 0.135702 0.144203 -0.040218 0.0519923
0.15 0.135713 0.144214 -0.0400886 0.0520628
0.175 0.135727 0.144228 -0.0399365 0.0521458
0.2 0.135743 0.144244 -0.039762 0.0522411
0.225 0.135762 0.144263 -0.0395657 0.0523484
0.25 0.135783 0.144283 -0.039348 0.0524676
0.275 0.135806 0.144306 -0.0391095 0.0525984
0.3 0.135832 0.144332 -0.0388507 0.0527404
0.325 0.13586 0.144359 -0.0385725 0.0528935
0.35 0.13589 0.14439 -0.0382754 0.0530571
0.375 0.135924 0.144422 -0.0379602 0.0532311
0.4 0.13596 0.144458 -0.0376278 0.053415
0.425 0.135998 0.144496 -0.0372789 0.0536084
0.45 0.13604 0.144536 -0.0369146 0.0538109
0.475 0.136084 0.14458 -0.0365356 0.054022
0.5 0.136132 0.144626 -0.0361429 0.0542413
0.525 0.136182 0.144674 -0.0357376 0.0544684
0.55 0.136235 0.144726 -0.0353206 0.0547026
0.575 0.136291 0.14478 -0.034893 0.0549435
0.6 0.136351 0.144837 -0.0344559 0.0551907
0.625 0.136413 0.144897 -0.0340102 0.0554434
0.65 0.136478 0.14496 -0.0335571 0.0557013
0.675 0.136547 0.145025 -0.0330977 0.0559637
0.7 0.136618 0.145093 -0.0326332 0.05623
0.725 0.136693 0.145164 -0.0321645 0.0564997
0.75 0.13677 0.145238 -0.031693 0.0567723
0.775 0.13685 0.145314 -0.0312195 0.057047
0.8 0.136933 0.145392 -0.0307454 0.0573234
0.825 0.137019 0.145473 -0.0302716 0.0576008
0.85 0.137108 0.145556 -0.0297993 0.0578786
0.875 0.137199 0.145642 -0.0293295 0.0581563
0.9 0.137292 0.14573 -0.0288633 0.0584332
0.925 0.137388 0.145819 -0.0284018 0.0587087
0.95 0.137486 0.145911 -0.0279459 0.0589824
0.975 0.137586 0.146004 -0.0274967 0.0592535
1 0.137688 0.146098 -0.0270551 0.0595216
1.025 0.137791 0.146194 -0.026622 0.0597861
1.05 0.137895 0.146291 -0.0261983 0.0600464
1.075 0.138001 0.146389 -0.025785 0.060302
1.1 0.138108 0.146487 -0.0253827 0.0605523
1.125 0.138215 0.146586 -0.0249923 0.060797
1.15 0.138323 0.146685 -0.0246145 0.0610355
1.175 0.138431 0.146785 -0.0242501 0.0612673
1.2 0.138539 0.146883 -0.0238996 0.0614919
1.225 0.138647 0.146982 -0.0235636 0.0617091
1.25 0.138754 0.147079 -0.0232427 0.0619183
1.275 0.13886 0.147176 -0.0229373 0.0621192
1.3 0.138964 0.147271 -0.022648 0.0623114
1.325 0.139067 0.147364 -0.0223751 0.0624947
1.35 0.139169 0.147456 -0.0221189 0.0626686
1.375 0.139268 0.147546 -0.0218798 0.062833
1.4 0.139364 0.147633 -0.0216579 0.0629876
1.425 0.139458 0.147718 -0.0214533 0.0631321
1.45 0.139549 0.147799 -0.0212663 0.0632664
1.475 0.139636 0.147878 -0.0210969 0.0633904
1.5 0.13972 0.147953 -0.0209451 0.0635039
1.525 0.1398 0.148024 -0.0208108 0.0636068
1.55 0.139876 0.148092 -0.020694 0.063699
1.575 0.139947 0.148156 -0.0205944 0.0637806
1.6 0.140014 0.148215 -0.0205119 0.0638516
1.625 0.140076 0.14827 -0.0204463 0.0639119
1.65 0.140133 0.148321 -0.0203971 0.0639617
1.675 0.140184 0.148366 -0.0203641 0.0640011
1.7 0.140231 0.148407 -0.0203469 0.0640301
1.725 0.140271 0.148443 -0.020345 0.064049
1.75 0.140306 0.148474 -0.0203579 0.064058
1.775 0.140336 0.1485 -0.0203851 0.0640573
1.8 0.140359 0.14852 -0.0204261 0.0640471
1.825 0.140376 0.148536 -0.0204802 0.0640278
1.85 0.140388 0.148546 -0.0205468 0.0639996
1.875 0.140394 0.148551 -0.0206252 0.063963
1.9 0.140393 0.148551 -0.0207147 0.0639182
1.925 0.140387 0.148546 -0.0208146 0.0638657
1.95 0.140375 0.148536 -0.0209242 0.063806
1.975 0.140357 0.148521 -0.0210427 0.0637393
2 0.140334 0.148502 -0.0211693 0.0636663
2.025 0.140306 0.148478 -0.0213031 0.0635875
2.05 0.140272 0.14845 -0.0214434 0.0635032
2.075 0.140233 0.148418 -0.0215894 0.0634141
2.1 0.14019 0.148382 -0.0217401 0.0633207
2.125 0.140142 0.148342 -0.0218948 0.0632236
2.15 0.14009 0.148299 -0.0220526 0.0631232
2.175 0.140034 0.148253 -0.0222127 0.0630203
2.2 0.139975 0.148205 -0.0223741 0.0629154
2.225 0.139913 0.148154 -0.0225362 0.062809
2.25 0.139848 0.148102 -0.022698 0.0627019
2.275 0.13978 0.148048 -0.0228588 0.0625945
2.3 0.139711 0.147993 -0.0230176 0.0624875
2.325 0.139641 0.147937 -0.0231739 0.0623815
2.35 0.13957 0.147881 -0.0233267 0.0622772
2.375 0.139498 0.147825 -0.0234754 0.062175
2.4 0.139427 0.147771 -0.0236192 0.0620757
2.425 0.139356 0.147717 -0.0237574 0.0619797
2.45 0.139287 0.147665 -0.0238893 0.0618877
2.475 0.139219 0.147615 -0.0240144 0.0618002
2.5 0.139154 0.147568 -0.024132 0.0617178
2.525 0.139091 0.147523 -0.0242415 0.0616409
2.55 0.139033 0.147483 -0.0243424 0.0615702
2.575 0.138978 0.147446 -0.0244342 0.0615061
2.6 0.138928 0.147415 -0.0245165 0.0614491
2.625 0.138883 0.147388 -0.0245887 0.0613996
2.65 0.138844 0.147367 -0.0246505 0.061358
2.675 0.138811 0.147351 -0.0247016 0.0613249
2.7 0.138785 0.147343 -0.0247417 0.0613004
2.725 0.138766 0.147341 -0.0247705 0.061285
2.75 0.138755 0.147346 -0.0247877 0.0612791
2.775 0.138753 0.147359 -0.0247933 0.0612828
2.8 0.138759 0.14738 -0.024787 0.0612964
2.825 0.138774 0.147409 -0.0247688 0.0613201
2.85 0.1388 0.147447 -0.0247386 0.0613542
2.875 0.138835 0.147494 -0.0246965 0.0613988
2.9 0.138881 0.14755 -0.0246424 0.0614539
2.925 0.138938 0.147616 -0.0245765 0.0615197
2.95 0.139005 0.147691 -0.0244988 0.0615962
2.975 0.139084 0.147776 -0.0244096 0.0616834
3 0.139175 0.147871 -0.024309 0.0617812
3.025 0.139277 0.147976 -0.0241972 0.0618896
3.05 0.139391 0.148091 -0.0240746 0.0620084
3.075 0.139517 0.148217 -0.0239415 0.0621376
3.1 0.139655 0.148352 -0.0237981 0.0622768
3.125 0.139805 0.148497 -0.0236449 0.0624259
3.15 0.139966 0.148652 -0.0234823 0.0625846
3.175 0.14014 0.148816 -0.0233107 0.0627526
3.2 0.140325 0.14899 -0.0231306 0.0629295
3.225 0.140521 0.149173 -0.0229425 0.063115
3.25 0.140729 0.149364 -0.0227469 0.0633086
3.275 0.140947 0.149564 -0.0225443 0.0635098
3.3 0.141176 0.149772 -0.0223353 0.0637182
3.325 0.141414 0.149987 -0.0221205 0.0639333
3.35 0.141662 0.150209 -0.0219004 0.0641544
3.375 0.141919 0.150438 -0.0216757 0.064381
3.4 0.142184 0.150672 -0.021447 0.0646125
3.425 0.142456 0.150911 -0.0212149 0.0648482
3.45 0.142735 0.151155 -0.02098 0.0650874
3.475 0.143021 0.151402 -0.020743 0.0653294
3.5 0.143311 0.151651 -0.0205045 0.0655734
3.525 0.143606 0.151903 -0.0202651 0.0658188
3.55 0.143904 0.152155 -0.0200256 0.0660647
3.575 0.144204 0.152407 -0.0197864 0.0663104
3.6 0.144506 0.152658 -0.0195483 0.0665549
3.625 0.144807 0.152907 -0.0193118 0.0667975
3.65 0.145108 0.153152 -0.0190776 0.0670374
3.675 0.145407 0.153394 -0.0188463 0.0672736
3.7 0.145702 0.153629 -0.0186184 0.0675053
3.725 0.145992 0.153858 -0.0183945 0.0677316
3.75 0.146276 0.154078 -0.0181751 0.0679516
3.775 0.146553 0.15429 -0.0179608 0.0681645
3.8 0.146822 0.15449 -0.017752 0.0683692
3.825 0.14708 0.154679 -0.0175493 0.068565
3.85 0.147326 0.154855 -0.017353 0.0687509
3.875 0.14756 0.155016 -0.0171637 0.0689261
3.9 0.147779 0.155161 -0.0169817 0.0690896
3.925 0.147982 0.155289 -0.0168074 0.0692406
3.95 0.148168 0.155398 -0.0166412 0.0693783
3.975 0.148334 0.155487 -0.0164833 0.0695017
4 0.148481 0.155554 -0.016334 0.0696101
4.025 0.148605 0.155599 -0.0161936 0.0697026
4.05 0.148707 0.155619 -0.0160623 0.0697784
4.075 0.148783 0.155614 -0.0159402 0.0698368
4.1 0.148833 0.155582 -0.0158276 0.069877
4.125 0.148855 0.155521 -0.0157245 0.0698983
4.15 0.148849 0.155431 -0.0156311 0.0699
4.175 0.148811 0.15531 -0.0155473 0.0698814
4.2 0.148742 0.155157 -0.0154732 0.069842
4.225 0.14864 0.154971 -0.0154088 0.069781
4.25 0.148503 0.15475 -0.015354 0.069698
4.275 0.148331 0.154494 -0.0153087 0.0695924
4.3 0.148122 0.1542 -0.0152729 0.0694638
4.325 0.147875 0.15387 -0.0152463 0.0693117
4.35 0.14759 0.1535 -0.0152288 0.0691356
4.375 0.147264 0.153091 -0.0152201 0.0689353
4.4 0.146897 0.152641 -0.0152201 0.0687104
4.425 0.146489 0.15215 -0.0152285 0.0684607
4.45 0.146038 0.151617 -0.0152449 0.0681859
4.475 0.145543 0.151041 -0.0152691 0.0678859
4.5 0.145005 0.150422 -0.0153007 0.0675604
4.525 0.144423 0.149759 -0.0153394 0.0672096
4.55 0.143795 0.149051 -0.0153847 0.0668333
4.575 0.143122 0.148299 -0.0154363 0.0664315
4.6 0.142403 0.147502 -0.0154936 0.0660043
4.625 0.141639 0.14666 -0.0155564 0.0655519
4.65 0.140828 0.145773 -0.015624 0.0650744
4.675 0.139971 0.14484 -0.0156961 0.064572
4.7 0.139068 0.143862 -0.0157721 0.0640451
4.725 0.13812 0.142839 -0.0158516 0.0634938
4.75 0.137125 0.141771 -0.015934 0.0629186
4.775 0.136085 0.140659 -0.0160189 0.0623199
4.8 0.135 0.139502 -0.0161056 0.0616981
4.825 0.133871 0.138301 -0.0161938 0.0610538
4.85 0.132698 0.137058 -0.0162828 0.0603875
4.875 0.131481 0.135772 -0.0163722 0.0596998
4.9 0.130222 0.134444 -0.0164613 0.0589913
4.925 0.128921 0.133075 -0.0165498 0.0582627
4.95 0.127579 0.131666 -0.0166371 0.0575147
4.975 0.126198 0.130219 -0.0167226 0.056748
5 0.124778 0.128733 -0.0168059 0.0559634
5.025 0.12332 0.12721 -0.0168865 0.0551618
5.05 0.121827 0.125652 -0.0169639 0.0543439
5.075 0.120298 0.124059 -0.0170377 0.0535107
5.1 0.118735 0.122433 -0.0171074 0.0526629
5.125 0.11714 0.120776 -0.0171725 0.0518016
5.15 0.115515 0.119088 -0.0172326 0.0509277
5.175 0.11386 0.117372 -0.0172874 0.0500421
5.2 0.112177 0.115628 -0.0173365 0.0491458
5.225 0.110469 0.113859 -0.0173794 0.0482399
5.25 0.108736 0.112066 -0.017416 0.0473251
5.275 0.106981 0.110251 -0.0174457 0.0464027
5.3 0.105204 0.108416 -0.0174684 0.0454736
5.325 0.103409 0.106561 -0.0174837 0.0445388
5.35 0.101596 0.10469 -0.0174914 0.0435993
5.375 0.0997679 0.102804 -0.0174914 0.0426561
5.4 0.0979259 0.100904 -0.0174833 0.0417103
5.425 0.0960721 0.0989926 -0.017467 0.0407628
5.45 0.0942082 0.0970716 -0.0174423 0.0398146
5.475 0.0923362 0.0951429 -0.0174092 0.0388668
5.5 0.0904578 0.0932081 -0.0173676 0.0379203
5.525 0.088575 0.0912692 -0.0173172 0.036976
5.55 0.0866894 0.0893278 -0.0172582 0.0360348
5.575 0.0848029 0.0873859 -0.0171904 0.0350978
5.6 0.0829174 0.0854453 -0.0171139 0.0341657
5.625 0.0810344 0.0835076 -0.0170287 0.0332394
5.65 0.0791558 0.0815746 -0.0169348 0.0323199
5.675 0.0772833 0.079648 -0.0168323 0.0314078
5.7 0.0754184 0.0777294 -0.0167214 0.030504
5.725 0.0735629 0.0758205 -0.016602 0.0296093
5.75 0.0717183 0.0739229 -0.0164744 0.0287243
5.775 0.069886 0.0720382 -0.0163386 0.0278498
5.8 0.0680677 0.0701677 -0.016195 0.0269864
5.825 0.0662646 0.0683129 -0.0160436 0.0261347
5.85 0.0644783 0.0664753 -0.0158847 0.0252953
5.875 0.0627099 0.0646562 -0.0157184 0.0244689
5.9 0.0609608 0.0628568 -0.0155452 0.0236558
5.925 0.0592322 0.0610783 -0.0153651 0.0228566
5.95 0.0575251 0.059322 -0.0151785 0.0220717
5.975 0.0558407 0.0575889 -0.0149857 0.0213016
6 0.05418 0.05588 -0.0147868 0.0205466
6.025 0.052544 0.0541963 -0.0145824 0.019807
6.05 0.0509334 0.0525388 -0.0143726 0.0190831
6.075 0.0493492 0.0509082 -0.0141578 0.0183752
6.1 0.0477921 0.0493054 -0.0139383 0.0176835
6.125 0.0462628 0.047731 -0.0137145 0.0170083
6.15 0.0447618 0.0461857 -0.0134866 0.0163495
6.175 0.0432899 0.04467 -0.013255 0.0157075
6.2 0.0418474 0.0431846 -0.0130201 0.0150822
6.225 0.0404348 0.0417297 -0.0127823 0.0144737
6.25 0.0390525 0.0403059 -0.0125417 0.0138821
6.275 0.0377008 0.0389135 -0.0122989 0.0133073
6.3 0.0363799 0.0375527 -0.012054 0.0127493
6.325 0.0350901 0.0362237 -0.0118076 0.0122081
6.35 0.0338315 0.0349267 -0.0115598 0.0116834
6.375 0.0326041 0.0336617 -0.0113111 0.0111753
6.4 0.031408 0.0324289 -0.0110617 0.0106836
6.425 0.0302433 0.0312282 -0.010812 0.0102081
6.45 0.0291097 0.0300596 -0.0105623 0.00974863
6.475 0.0280073 0.0289228 -0.0103128 0.00930499
6.5 0.0269358 0.0278179 -0.010064 0.00887696
6.525 0.025895 0.0267445 -0.00981594 0.00846429
6.55 0.0248848 0.0257025 -0.00956905 0.00806673
6.575 0.0239048 0.0246916 -0.00932356 0.007684
6.6 0.0229547 0.0237113 -0.00907971 0.00731582
6.625 0.0220341 0.0227615 -0.00883776 0.00696188
6.65 0.0211427 0.0218417 -0.00859794 0.00662189
6.675 0.0202801 0.0209515 -0.00836047 0.00629551
6.7 0.0194459 0.0200904 -0.00812556 0.00598243
6.725 0.0186394 0.019258 -0.0078934 0.00568231
6.75 0.0178604 0.0184538 -0.00766419 0.00539481
6.775 0.0171083 0.0176773 -0.00743809 0.00511959
6.8 0.0163824 0.0169279 -0.00721527 0.00485629
6.825 0.0156824 0.016205 -0.00699588 0.00460458
6.85 0.0150077 0.0155082 -0.00678005 0.00436408
6.875 0.0143576 0.0148368 -0.00656792 0.00413446
6.9 0.0137317 0.0141903 -0.0063596 0.00391536
6.925 0.0131293 0.013568 -0.00615518 0.00370643
6.95 0.0125498 0.0129694 -0.00595477 0.00350732
6.975 0.0119926 0.0123938 -0.00575843 0.00331768
7 0.0114572 0.0118406 -0.00556625 0.00313718
7.025 0.0109429 0.0113092 -0.00537828 0.00296546
7.05 0.0104492 0.010799 -0.00519456 0.00280221
7.075 0.00997532 0.0103093 -0.00501515 0.00264708
7.1 0.00952079 0.00983956 -0.00484005 0.00249975
7.125 0.00908498 0.00938915 -0.00466931 0.00235992
7.15 0.0086673 0.00895744 -0.00450291 0.00222726
7.175 0.00826717 0.00854384 -0.00434088 0.00210148
7.2 0.00788399 0.00814776 -0.00418319 0.00198228
7.225 0.00751719 0.00776859 -0.00402984 0.00186937
7.25 0.00716621 0.00740575 -0.00388081 0.00176247
7.275 0.0068305 0.00705868 -0.00373607 0.00166131
7.3 0.0065095 0.00672681 -0.00359558 0.00156562
7.325 0.00620267 0.00640959 -0.0034593 0.00147514
7.35 0.0059095 0.00610647 -0.00332719 0.00138964
7.375 0.00562946 0.00581692 -0.00319919 0.00130886
7.4 0.00536205 0.00554042 -0.00307525 0.00123258
7.425 0.00510679 0.00527647 -0.00295531 0.00116058
7.45 0.00486318 0.00502458 -0.00283931 0.00109263
7.475 0.00463077 0.00478425 -0.00272717 0.00102854
7.5 0.0044091 0.00455503 -0.00261882 0.000968103
7.525 0.00419773 0.00433645 -0.00251419 0.000911129
7.55 0.00399623 0.00412808 -0.0024132 0.000857437
7.575 0.00380418 0.00392948 -0.00231578 0.000806851
7.6 0.00362119 0.00374025 -0.00222184 0.000759205
7.625 0.00344686 0.00355997 -0.00213129 0.000714339
7.65 0.00328082 0.00338826 -0.00204406 0.000672101
7.675 0.0031227 0.00322475 -0.00196006 0.000632345
7.7 0.00297215 0.00306907 -0.0018792 0.000594932
7.725 0.00282884 0.00292086 -0.0018014 0.00055973
7.75 0.00269243 0.00277981 -0.00172658 0.000526615
7.775 0.00256262 0.00264557 -0.00165463 0.000495467
7.8 0.00243909 0.00251783 -0.00158549 0.000466172
7.825 0.00232157 0.00239631 -0.00151906 0.000438624
7.85 0.00220977 0.0022807 -0.00145526 0.00041272
7.875 0.00210342 0.00217073 -0.001394 0.000388365
7.9 0.00200226 0.00206614 -0.0013352 0.000365466
7.925 0.00190605 0.00196666 -0.00127878 0.000343938
7.95 0.00181456 0.00187206 -0.00122466 0.000323699
7.975 0.00172755 0.0017821 -0.00117276 0.000304672
8 0.00164481 0.00169656 -0.00112299 0.000286784
8.025 0.00156613 0.00161522 -0.00107529 0.000269967
8.05 0.00149132 0.00153789 -0.00102958 0.000254155
8.075 0.00142018 0.00146435 -0.000985774 0.000239288
8.1 0.00135254 0.00139443 -0.000943813 0.000225309
8.125 0.00128822 0.00132795 -0.000903624 0.000212163
8.15 0.00122706 0.00126474 -0.000865138 0.000199799
8.175 0.0011689 0.00120463 -0.000828289 0.000188171
8.2 0.0011136 0.00114748 -0.000793012 0.000177232
8.225 0.001061 0.00109313 -0.000759244 0.000166941
8.25 0.00101098 0.00104144 -0.000726924 0.000157258
8.275 0.000963403 0.000992286 -0.000695994 0.000148146
8.3 0.000918152 0.000945535 -0.000666396 0.00013957
8.325 0.000875106 0.000901068 -0.000638075 0.000131497
8.35 0.000834157 0.00085877 -0.000610977 0.000123896
8.375 0.000795197 0.000818531 -0.000585052 0.00011674
8.4 0.000758128 0.000780248 -0.000560249 0.00011
8.425 0.000722853 0.000743823 -0.00053652 0.000103651
8.45 0.000689283 0.000709161 -0.000513819 9.76708e-05
8.475 0.000657331 0.000676174 -0.000492103 9.20358e-05
8.5 0.000626917 0.000644778 -0.000471327 8.67256e-05
8.525 0.000597962 0.000614893 -0.000451451 8.17208e-05
8.55 0.000570394 0.000586442 -0.000432435 7.70032e-05
8.575 0.000544143 0.000559354 -0.000414242 7.25556e-05
8.6 0.000519142 0.00053356 -0.000396836 6.8362e-05
8.625 0.00049533 0.000508995 -0.00038018 6.44075e-05
8.65 0.000472647 0.000485599 -0.000364243 6.06781e-05
8.675 0.000451036 0.000463312 -0.000348991 5.71605e-05
8.7 0.000430444 0.00044208 -0.000334395 5.38426e-05
8.725 0.000410821 0.00042185 -0.000320425 5.07126e-05
8.75 0.000392119 0.000402572 -0.000307053 4.77598e-05
8.775 0.000374292 0.0003842 -0.000294252 4.49741e-05
8.8 0.000357297 0.000366688 -0.000281996 4.23459e-05
8.825 0.000341093 0.000349995 -0.000270262 3.98663e-05
8.85 0.000325642 0.000334079 -0.000259026 3.75268e-05
8.875 0.000310907 0.000318904 -0.000248265 3.53197e-05
8.9 0.000296852 0.000304433 -0.000237958 3.32375e-05
8.925 0.000283445 0.000290632 -0.000228086 3.12731e-05
8.95 0.000270655 0.000277468 -0.000218628 2.94202e-05
8.975 0.000258452 0.000264911 -0.000209566 2.76725e-05
9 0.000246808 0.000252931 -0.000200883 2.60242e-05
9.025 0.000235696 0.000241501 -0.000192561 2.44699e-05
9.05 0.00022509 0.000230595 -0.000184586 2.30044e-05
9.075 0.000214967 0.000220187 -0.000176941 2.16228e-05
9.1 0.000205304 0.000210254 -0.000169613 2.03206e-05
9.125 0.000196079 0.000200773 -0.000162587 1.90934e-05
9.15 0.000187272 0.000191724 -0.00015585 1.79372e-05
9.175 0.000178863 0.000183086 -0.00014939 1.6848e-05
9.2 0.000170833 0.00017484 -0.000143195 1.58223e-05
9.225 0.000163166 0.000166966 -0.000137253 1.48565e-05
9.25 0.000155843 0.00015945 -0.000131555 1.39475e-05
9.275 0.00014885 0.000152272 -0.000126088 1.3092e-05
9.3 0.000142171 0.000145419 -0.000120844 1.22872e-05
9.325 0.000135792 0.000138874 -0.000115814 1.15303e-05
9.35 0.000129698 0.000132625 -0.000110988 1.08186e-05
9.375 0.000123878 0.000126657 -0.000106358 1.01496e-05
9.4 0.000118318 0.000120957 -0.000101915 9.52107e-06
9.425 0.000113008 0.000115514 -9.76528e-05 8.93062e-06
9.45 0.000107934 0.000110315 -9.35631e-05 8.37617e-06
9.475 0.000103088 0.00010535 -8.96391e-05 7.85569e-06
9.5 9.84586e-05 0.000100609 -8.58741e-05 7.36725e-06
9.525 9.40361e-05 9.60797e-05 -8.22617e-05 6.90904e-06
9.55 8.98114e-05 9.17543e-05 -7.87957e-05 6.47932e-06
9.575 8.57757e-05 8.76232e-05 -7.54703e-05 6.07645e-06
9.6 8.19204e-05 8.36777e-05 -7.22799e-05 5.69888e-06
9.625 7.82377e-05 7.99096e-05 -6.92193e-05 5.34514e-06
9.65 7.47199e-05 7.63108e-05 -6.62831e-05 5.01382e-06
9.675 7.13597e-05 7.28739e-05 -6.34667e-05 4.70361e-06
9.7 6.815e-05 6.95916e-05 -6.07652e-05 4.41323e-06
9.725 6.50843e-05 6.64572e-05 -5.81741e-05 4.14151e-06
9.75 6.21562e-05 6.34639e-05 -5.56893e-05 3.88732e-06
9.775 5.93596e-05 6.06056e-05 -5.33064e-05 3.64958e-06
9.8 5.66887e-05 5.78762e-05 -5.10216e-05 3.4273e-06
9.825 5.4138e-05 5.52701e-05 -4.88311e-05 3.21951e-06
9.85 5.17023e-05 5.27818e-05 -4.67311e-05 3.02531e-06
9.875 4.93763e-05 5.0406e-05 -4.47183e-05 2.84386e-06
9.9 4.71554e-05 4.81378e-05 -4.27891e-05 2.67434e-06
9.925 4.50348e-05 4.59724e-05 -4.09404e-05 2.516e-06
9.95 4.30102e-05 4.39052e-05 -3.9169e-05 2.36812e-06
9.975 4.10773e-05 4.19319e-05 -3.74719e-05 2.23002e-06
10 3.92321e-05 4.00483e-05 -3.58462e-05 2.10107e-06
10.025 3.74707e-05 3.82505e-05 -3.42892e-05 1.98066e-06
10.05 3.57894e-05 3.65346e-05 -3.27981e-05 1.86823e-06
10.075 3.41847e-05 3.48969e-05 -3.13704e-05 1.76326e-06
10.1 3.26531e-05 3.3334e-05 -3.00036e-05 1.66523e-06
10.125 3.11914e-05 3.18426e-05 -2.86952e-05 1.57368e-06
10.15 2.97966e-05 3.04194e-05 -2.74431e-05 1.48817e-06
10.175 2.84656e-05 2.90614e-05 -2.62448e-05 1.40829e-06
10.2 2.71955e-05 2.77657e-05 -2.50984e-05 1.33364e-06
10.225 2.59838e-05 2.65294e-05 -2.40017e-05 1.26386e-06
10.25 2.48276e-05 2.53499e-05 -2.29527e-05 1.1986e-06
10.275 2.37246e-05 2.42247e-05 -2.19495e-05 1.13756e-06
10.3 2.26724e-05 2.31512e-05 -2.09903e-05 1.08042e-06
10.325 2.16686e-05 2.21271e-05 -2.00733e-05 1.02692e-06
10.35 2.07111e-05 2.11502e-05 -1.91966e-05 9.76775e-07
10.375 1.97978e-05 2.02183e-05 -1.83588e-05 9.29755e-07
10.4 1.89266e-05 1.93294e-05 -1.75581e-05 8.85628e-07
10.425 1.80956e-05 1.84815e-05 -1.67931e-05 8.44182e-07
10.45 1.7303e-05 1.76727e-05 -1.60623e-05 8.05216e-07
10.475 1.65471e-05 1.69012e-05 -1.53641e-05 7.68546e-07
10.5 1.5826e-05 1.61654e-05 -1.46974e-05 7.34001e-07
10.525 1.51383e-05 1.54634e-05 -1.40606e-05 7.0142e-07
10.55 1.44824e-05 1.47939e-05 -1.34526e-05 6.70654e-07
10.575 1.38568e-05 1.41552e-05 -1.2872e-05 6.41566e-07
10.6 1.32601e-05 1.35459e-05 -1.23179e-05 6.14028e-07
10.625 1.26909e-05 1.29647e-05 -1.17889e-05 5.87923e-07
10.65 1.21479e-05 1.24103e-05 -1.1284e-05 5.63141e-07
10.675 1.163e-05 1.18813e-05 -1.08021e-05 5.39582e-07
10.7 1.1136e-05 1.13766e-05 -1.03423e-05 5.17153e-07
10.725 1.06646e-05 1.08951e-05 -9.90351e-06 4.9577e-07
10.75 1.02149e-05 1.04356e-05 -9.48485e-06 4.75355e-07
10.775 9.78578e-06 9.99708e-06 -9.08541e-06 4.55836e-07
10.8 9.37631e-06 9.57861e-06 -8.70431e-06 4.37148e-07
10.825 8.98555e-06 9.1792e-06 -8.34074e-06 4.19231e-07
10.85 8.6126e-06 8.79795e-06 -7.99388e-06 4.02033e-07
10.875 8.25661e-06 8.43399e-06 -7.66298e-06 3.85503e-07
10.9 7.91677e-06 8.0865e-06 -7.3473e-06 3.69599e-07
10.925 7.59231e-06 7.7547e-06 -7.04614e-06 3.54279e-07
10.95 7.28249e-06 7.43783e-06 -6.75882e-06 3.39508e-07
10.975 6.98661e-06 7.13519e-06 -6.48468e-06 3.25255e-07
11 6.704e-06 6.84609e-06 -6.22311e-06 3.11491e-07
11.025 6.43403e-06 6.56988e-06 -5.97351e-06 2.9819e-07
11.05 6.17608e-06 6.30596e-06 -5.7353e-06 2.85329e-07
11.075 5.92958e-06 6.05373e-06 -5.50795e-06 2.7289e-07
11.1 5.69398e-06 5.81264e-06 -5.29093e-06 2.60854e-07
11.125 5.46876e-06 5.58214e-06 -5.08373e-06 2.49206e-07
11.15 5.25341e-06 5.36175e-06 -4.88588e-06 2.37933e-07
11.175 5.04747e-06 5.15096e-06 -4.69692e-06 2.27023e-07
11.2 4.85049e-06 4.94933e-06 -4.5164e-06 2.16466e-07
11.225 4.66203e-06 4.75643e-06 -4.34392e-06 2.06252e-07
11.25 4.48168e-06 4.57182e-06 -4.17907e-06 1.96375e-07
11.275 4.30907e-06 4.39512e-06 -4.02147e-06 1.86826e-07
11.3 4.14381e-06 4.22596e-06 -3.87076e-06 1.77601e-07
11.325 3.98557e-06 4.06397e-06 -3.72658e-06 1.68693e-07
11.35 3.834e-06 3.90881e-06 -3.58862e-06 1.60097e-07
11.375 3.68879e-06 3.76017e-06 -3.45655e-06 1.5181e-07
11.4 3.54964e-06 3.61773e-06 -3.33008e-06 1.43826e-07
11.425 3.41626e-06 3.4812e-06 -3.20892e-06 1.36142e-07
11.45 3.28838e-06 3.35031e-06 -3.0928e-06 1.28753e-07
11.475 3.16573e-06 3.22478e-06 -2.98147e-06 1.21655e-07
11.5 3.04808e-06 3.10437e-06 -2.87468e-06 1.14845e-07
11.525 2.93518e-06 2.98884e-06 -2.77221e-06 1.08317e-07
11.55 2.82682e-06 2.87796e-06 -2.67383e-06 1.02066e-07
11.575 2.72279e-06 2.77151e-06 -2.57933e-06 9.60896e-08
11.6 2.62288e-06 2.66929e-06 -2.48853e-06 9.03809e-08
11.625 2.5269e-06 2.57111e-06 -2.40124e-06 8.4935e-08
11.65 2.43467e-06 2.47677e-06 -2.31728e-06 7.97463e-08
11.675 2.34602e-06 2.3861e-06 -2.23648e-06 7.48089e-08
11.7 2.26078e-06 2.29894e-06 -2.1587e-06 7.01164e-08
11.725 2.17881e-06 2.21512e-06 -2.08379e-06 6.56624e-08
11.75 2.09994e-06 2.13449e-06 -2.01161e-06 6.14401e-08
11.775 2.02404e-06 2.05691e-06 -1.94203e-06 5.74424e-08
11.8 1.95098e-06 1.98224e-06 -1.87492e-06 5.36619e-08
11.825 1.88063e-06 1.91036e-06 -1.81018e-06 5.00914e-08
11.85 1.81287e-06 1.84114e-06 -1.74769e-06 4.67229e-08
11.875 1.74758e-06 1.77446e-06 -1.68736e-06 4.35489e-08
11.9 1.68466e-06 1.71021e-06 -1.62909e-06 4.05614e-08
11.925 1.62401e-06 1.64829e-06 -1.57278e-06 3.77524e-08
11.95 1.56552e-06 1.58859e-06 -1.51837e-06 3.5114e-08
11.975 1.50911e-06 1.53103e-06 -1.46576e-06 3.26382e-08
12 1.45468e-06 1.47551e-06 -1.41488e-06 3.03172e-08
12.025 1.40216e-06 1.42195e-06 -1.36567e-06 2.81431e-08
12.05 1.35146e-06 1.37027e-06 -1.31805e-06 2.61082e-08
12.075 1.30252e-06 1.32039e-06 -1.27198e-06 2.4205e-08
12.1 1.25525e-06 1.27223e-06 -1.22738e-06 2.24261e-08
12.125 1.20959e-06 1.22573e-06 -1.1842e-06 2.07645e-08
12.15 1.16548e-06 1.18083e-06 -1.1424e-06 1.92132e-08
12.175 1.12286e-06 1.13746e-06 -1.10193e-06 1.77656e-08
12.2 1.08167e-06 1.09556e-06 -1.06273e-06 1.64154e-08
12.225 1.04186e-06 1.05507e-06 -1.02476e-06 1.51566e-08
12.25 1.00337e-06 1.01595e-06 -9.87984e-07 1.39833e-08
12.275 9.66159e-07 9.78142e-07 -9.52362e-07 1.28902e-08
12.3 9.30175e-07 9.41599e-07 -9.17855e-07 1.18723e-08
12.325 8.95376e-07 9.06275e-07 -8.84426e-07 1.09246e-08
12.35 8.6172e-07 8.72127e-07 -8.52041e-07 1.00429e-08
12.375 8.29168e-07 8.39113e-07 -8.20667e-07 9.22295e-09
12.4 7.97681e-07 8.07195e-07 -7.90273e-07 8.46101e-09
12.425 7.67223e-07 7.76334e-07 -7.60827e-07 7.75358e-09
12.45 7.37759e-07 7.46496e-07 -7.32301e-07 7.09748e-09
12.475 7.09258e-07 7.17645e-07 -7.04665e-07 6.48981e-09
12.5 6.81687e-07 6.89749e-07 -6.77893e-07 5.92792e-09
12.525 6.55017e-07 6.62777e-07 -6.51958e-07 5.40942e-09
12.55 6.29219e-07 6.36698e-07 -6.26834e-07 4.93216e-09
12.575 6.04265e-07 6.11485e-07 -6.02497e-07 4.49419e-09
12.6 5.8013e-07 5.87109e-07 -5.78922e-07 4.09376e-09
12.625 5.56788e-07 5.63544e-07 -5.56086e-07 3.72929e-09
12.65 5.34215e-07 5.40765e-07 -5.33966e-07 3.39934e-09
12.675 5.12388e-07 5.18747e-07 -5.12542e-07 3.10262e-09
12.7 4.91285e-07 4.97467e-07 -4.91791e-07 2.83793e-09
12.725 4.70883e-07 4.76901e-07 -4.71693e-07 2.60417e-09
12.75 4.51163e-07 4.57029e-07 -4.52229e-07 2.4003e-09
12.775 4.32104e-07 4.37829e-07 -4.33379e-07 2.22534e-09
12.8 4.13687e-07 4.19281e-07 -4.15125e-07 2.07835e-09
12.825 3.95894e-07 4.01366e-07 -3.97449e-07 1.9584e-09
12.85 3.78707e-07 3.84065e-07 -3.80335e-07 1.86456e-09
12.875 3.62109e-07 3.67359e-07 -3.63767e-07 1.7959e-09
12.9 3.46083e-07 3.51231e-07 -3.47728e-07 1.75146e-09
12.925 3.30613e-07 3.35664e-07 -3.32204e-07 1.73027e-09
12.95 3.15683e-07 3.20643e-07 -3.1718e-07 1.73131e-09
12.975 3.01279e-07 3.06151e-07 -3.02644e-07 1.75352e-09
13 2.87387e-07 2.92175e-07 -2.88583e-07 1.79577e-09
13.025 2.73992e-07 2.78698e-07 -2.74984e-07 1.85693e-09
13.05 2.61082e-07 2.65708e-07 -2.61836e-07 1.93576e-09
13.075 2.48643e-07 2.53191e-07 -2.49129e-07 2.03101e-09
13.1 2.36664e-07 2.41135e-07 -2.36852e-07 2.14137e-09
13.125 2.25132e-07 2.29527e-07 -2.24996e-07 2.26547e-09
13.15 2.14036e-07 2.18356e-07 -2.13552e-07 2.40191e-09
13.175 2.03366e-07 2.07611e-07 -2.02512e-07 2.54926e-09
13.2 1.93111e-07 1.97281e-07 -1.91869e-07 2.70605e-09
13.225 1.83261e-07 1.87356e-07 -1.81615e-07 2.87078e-09
13.25 1.73806e-07 1.77827e-07 -1.71743e-07 3.04197e-09
13.275 1.64738e-07 1.68685e-07 -1.62248e-07 3.21809e-09
13.3 1.56048e-07 1.5992e-07 -1.53124e-07 3.39765e-09
13.325 1.47727e-07 1.51524e-07 -1.44366e-07 3.57917e-09
13.35 1.39768e-07 1.4349e-07 -1.35968e-07 3.76117e-09
13.375 1.32163e-07 1.35811e-07 -1.27926e-07 3.94224e-09
13.4 1.24905e-07 1.28478e-07 -1.20236e-07 4.12098e-09
13.425 1.17987e-07 1.21486e-07 -1.12894e-07 4.29606e-09
13.45 1.11402e-07 1.14828e-07 -1.05895e-07 4.46622e-09
13.475 1.05144e-07 1.08498e-07 -9.92371e-08 4.63026e-09
13.5 9.92074e-08 1.02489e-07 -9.29152e-08 4.78707e-09
13.525 9.35857e-08 9.67974e-08 -8.69262e-08 4.93561e-09
13.55 8.82735e-08 9.14165e-08 -8.12666e-08 5.07494e-09
13.575 8.32652e-08 8.63413e-08 -7.59328e-08 5.20424e-09
13.6 7.85556e-08 8.15667e-08 -7.09212e-08 5.32276e-09
13.625 7.41396e-08 7.70879e-08 -6.62282e-08 5.42989e-09
13.65 7.00119e-08 7.29e-08 -6.18498e-08 5.52512e-09
13.675 6.61675e-08 6.89982e-08 -5.77822e-08 5.60804e-09
13.7 6.26016e-08 6.53778e-08 -5.40211e-08 5.67839e-09
13.725 5.93091e-08 6.20341e-08 -5.05621e-08 5.73598e-09
13.75 5.62851e-08 5.89622e-08 -4.74006e-08 5.78078e-09
13.775 5.35246e-08 5.61574e-08 -4.45318e-08 5.81284e-09
13.8 5.10225e-08 5.36149e-08 -4.19503e-08 5.83234e-09
13.825 4.87738e-08 5.13298e-08 -3.96506e-08 5.83957e-09
13.85 4.67732e-08 4.92968e-08 -3.7627e-08 5.83489e-09
13.875 4.50155e-08 4.75109e-08 -3.58733e-08 5.81881e-09
13.9 4.34951e-08 4.59667e-08 -3.43829e-08 5.79189e-09
13.925 4.22064e-08 4.46587e-08 -3.31491e-08 5.75479e-09
13.95 4.11438e-08 4.35812e-08 -3.21647e-08 5.70825e-09
13.975 4.03011e-08 4.27282e-08 -3.1422e-08 5.65308e-09
14 3.96725e-08 4.20937e-08 -3.09134e-08 5.59016e-09
14.025 3.92514e-08 4.16713e-08 -3.06305e-08 5.52041e-09
14.05 3.90314e-08 4.14545e-08 -3.05649e-08 5.44481e-09
14.075 3.90057e-08 4.14365e-08 -3.07078e-08 5.36437e-09
14.1 3.91675e-08 4.16103e-08 -3.10501e-08 5.28013e-09
14.125 3.95096e-08 4.19687e-08 -3.15824e-08 5.19315e-09
14.15 4.00246e-08 4.25042e-08 -3.22952e-08 5.1045e-09
14.175 4.0705e-08 4.32091e-08 -3.31786e-08 5.01527e-09
14.2 4.15431e-08 4.40756e-08 -3.42225e-08 4.92652e-09
14.225 4.25309e-08 4.50955e-08 -3.54169e-08 4.8393e-09
14.25 4.36604e-08 4.62606e-08 -3.67513e-08 4.75464e-09
14.275 4.49233e-08 4.75624e-08 -3.82153e-08 4.67355e-09
14.3 4.63112e-08 4.89923e-08 -3.97983e-08 4.597e-09
14.325 4.78155e-08 5.05416e-08 -4.14898e-08 4.52589e-09
14.35 4.94276e-08 5.22014e-08 -4.32791e-08 4.46112e-09
14.375 5.11388e-08 5.39626e-08 -4.51557e-08 4.40348e-09
14.4 5.29402e-08 5.58163e-08 -4.71088e-08 4.35373e-09
14.425 5.4823e-08 5.77532e-08 -4.91281e-08 4.31257e-09
14.45 5.67782e-08 5.97643e-08 -5.1203e-08 4.28062e-09
14.475 5.8797e-08 6.18402e-08 -5.33234e-08 4.25841e-09
14.5 6.08703e-08 6.39719e-08 -5.5479e-08 4.24643e-09
14.525 6.29893e-08 6.61502e-08 -5.766e-08 4.24507e-09
14.55 6.51452e-08 6.8366e-08 -5.98567e-08 4.25465e-09
14.575 6.73293e-08 7.06103e-08 -6.20595e-08 4.2754e-09
14.6 6.95328e-08 7.28742e-08 -6.42592e-08 4.30749e-09
14.625 7.17473e-08 7.51489e-08 -6.64469e-08 4.35099e-09
14.65 7.39645e-08 7.74259e-08 -6.86141e-08 4.4059e-09
14.675 7.61761e-08 7.96967e-08 -7.07524e-08 4.47214e-09
14.7 7.83741e-08 8.19531e-08 -7.28539e-08 4.54958e-09
14.725 8.05508e-08 8.41871e-08 -7.49112e-08 4.63798e-09
14.75 8.26987e-08 8.6391e-08 -7.69169e-08 4.73704e-09
14.775 8.48104e-08 8.85572e-08 -7.88644e-08 4.84642e-09
14.8 8.6879e-08 9.06787e-08 -8.07473e-08 4.96569e-09
14.825 8.88978e-08 9.27484e-08 -8.25596e-08 5.09437e-09
14.85 9.08603e-08 9.47598e-08 -8.4296e-08 5.23193e-09
14.875 9.27605e-08 9.67068e-08 -8.59512e-08 5.37778e-09
14.9 9.45926e-08 9.85833e-08 -8.75207e-08 5.53129e-09
14.925 9.63513e-08 1.00384e-07 -8.90003e-08 5.69179e-09
14.95 9.80315e-08 1.02103e-07 -9.03862e-08 5.85858e-09
14.975 9.96286e-08 1.03737e-07 -9.16752e-08 6.03091e-09
15 1.01138e-07 1.0528e-07 -9.28643e-08 6.20803e-09
15.025 1.02556e-07 1.06729e-07 -9.39511e-08 6.38916e-09
15.05 1.0388e-07 1.08081e-07 -9.49335e-08 6.57349e-09
15.075 1.05105e-07 1.09331e-07 -9.58101e-08 6.76021e-09
15.1 1.06229e-07 1.10477e-07 -9.65795e-08 6.94852e-09
15.125 1.0725e-07 1.11516e-07 -9.72411e-08 7.1376e-09
15.15 1.08166e-07 1.12448e-07 -9.77943e-08 7.32663e-09
15.175 1.08975e-07 1.13269e-07 -9.82392e-08 7.51481e-09
15.2 1.09676e-07 1.13979e-07 -9.8576e-08 7.70136e-09
15.225 1.10268e-07 1.14576e-07 -9.88055e-08 7.88549e-09
15.25 1.10751e-07 1.15061e-07 -9.89286e-08 8.06645e-09
15.275 1.11123e-07 1.15434e-07 -9.89466e-08 8.24351e-09
15.3 1.11387e-07 1.15693e-07 -9.88611e-08 8.41597e-09
15.325 1.11541e-07 1.1584e-07 -9.86741e-08 8.58315e-09
15.35 1.11587e-07 1.15876e-07 -9.83876e-08 8.74441e-09
15.375 1.11526e-07 1.15802e-07 -9.8004e-08 8.89914e-09
15.4 1.11359e-07 1.1562e-07 -9.7526e-08 9.04677e-09
15.425 1.11088e-07 1.1533e-07 -9.69563e-08 9.18678e-09
15.45 1.10715e-07 1.14935e-07 -9.6298e-08 9.31867e-09
15.475 1.10243e-07 1.14438e-07 -9.55542e-08 9.442e-09
15.5 1.09673e-07 1.13841e-07 -9.47282e-08 9.55635e-09
15.525 1.09008e-07 1.13146e-07 -9.38235e-08 9.66137e-09
15.55 1.08251e-07 1.12357e-07 -9.28437e-08 9.75673e-09
15.575 1.07405e-07 1.11477e-07 -9.17924e-08 9.84217e-09
15.6 1.06474e-07 1.10508e-07 -9.06734e-08 9.91745e-09
15.625 1.0546e-07 1.09455e-07 -8.94904e-08 9.98239e-09
15.65 1.04367e-07 1.08321e-07 -8.82474e-08 1.00368e-08
15.675 1.03199e-07 1.0711e-07 -8.69482e-08 1.00807e-08
15.7 1.01959e-07 1.05825e-07 -8.55968e-08 1.01139e-08
15.725 1.00652e-07 1.0447e-07 -8.4197e-08 1.01365e-08
15.75 9.92801e-08 1.0305e-07 -8.27527e-08 1.01484e-08
15.775 9.78484e-08 1.01567e-07 -8.12679e-08 1.01497e-08
15.8 9.63606e-08 1.00027e-07 -7.97463e-08 1.01406e-08
15.825 9.48205e-08 9.84339e-08 -7.81919e-08 1.0121e-08
15.85 9.32321e-08 9.67908e-08 -7.66082e-08 1.00913e-08
15.875 9.15994e-08 9.51022e-08 -7.4999e-08 1.00516e-08
15.9 8.99263e-08 9.33721e-08 -7.33679e-08 1.00021e-08
15.925 8.82168e-08 9.16045e-08 -7.17184e-08 9.94302e-09
15.95 8.64747e-08 8.98034e-08 -7.0054e-08 9.87472e-09
15.975 8.47038e-08 8.79728e-08 -6.83779e-08 9.79745e-09
16 8.29079e-08 8.61164e-08 -6.66933e-08 9.71155e-09
16.025 8.10907e-08 8.42381e-08 -6.50035e-08 9.61733e-09
16.05 7.92558e-08 8.23416e-08 -6.33113e-08 9.51517e-09
16.075 7.74067e-08 8.04305e-08 -6.16196e-08 9.40542e-09
16.1 7.55468e-08 7.85082e-08 -5.99313e-08 9.28847e-09
16.125 7.36795e-08 7.65783e-08 -5.82489e-08 9.16471e-09
16.15 7.1808e-08 7.46439e-08 -5.65748e-08 9.03453e-09
16.175 6.99353e-08 7.27083e-08 -5.49116e-08 8.89835e-09
16.2 6.80646e-08 7.07746e-08 -5.32614e-08 8.75658e-09
16.225 6.61985e-08 6.88456e-08 -5.16264e-08 8.60962e-09
16.25 6.43399e-08 6.69243e-08 -5.00085e-08 8.45791e-09
16.275 6.24914e-08 6.50132e-08 -4.84095e-08 8.30184e-09
16.3 6.06554e-08 6.31149e-08 -4.68312e-08 8.14183e-09
16.325 5.88344e-08 6.12318e-08 -4.52752e-08 7.9783e-09
16.35 5.70304e-08 5.93663e-08 -4.3743e-08 7.81165e-09
16.375 5.52457e-08 5.75204e-08 -4.22358e-08 7.64227e-09
16.4 5.34821e-08 5.56961e-08 -4.0755e-08 7.47057e-09
16.425 5.17415e-08 5.38954e-08 -3.93015e-08 7.29691e-09
16.45 5.00256e-08 5.21199e-08 -3.78765e-08 7.12169e-09
16.475 4.83359e-08 5.03713e-08 -3.64808e-08 6.94525e-09
16.5 4.66738e-08 4.8651e-08 -3.51151e-08 6.76796e-09
16.525 4.50407e-08 4.69604e-08 -3.37801e-08 6.59015e-09
16.55 4.34377e-08 4.53006e-08 -3.24763e-08 6.41215e-09
16.575 4.18659e-08 4.36729e-08 -3.12044e-08 6.23428e-09
16.6 4.03262e-08 4.20782e-08 -2.99645e-08 6.05684e-09
16.625 3.88195e-08 4.05172e-08 -2.8757e-08 5.88012e-09
16.65 3.73465e-08 3.89909e-08 -2.75821e-08 5.70439e-09
16.675 3.59078e-08 3.74997e-08 -2.64399e-08 5.52991e-09
16.7 3.45039e-08 3.60443e-08 -2.53304e-08 5.35692e-09
16.725 3.31351e-08 3.4625e-08 -2.42537e-08 5.18566e-09
16.75 3.1802e-08 3.32423e-08 -2.32096e-08 5.01633e-09
16.775 3.05045e-08 3.18962e-08 -2.21979e-08 4.84915e-09
16.8 2.92429e-08 3.05871e-08 -2.12185e-08 4.6843e-09
16.825 2.80173e-08 2.93149e-08 -2.0271e-08 4.52194e-09
16.85 2.68276e-08 2.80796e-08 -1.93551e-08 4.36224e-09
16.875 2.56737e-08 2.68812e-08 -1.84705e-08 4.20533e-09
16.9 2.45554e-08 2.57195e-08 -1.76167e-08 4.05136e-09
16.925 2.34726e-08 2.45942e-08 -1.67933e-08 3.90043e-09
16.95 2.24249e-08 2.35051e-08 -1.59998e-08 3.75265e-09
16.975 2.14119e-08 2.24518e-08 -1.52356e-08 3.6081e-09
17 2.04334e-08 2.14339e-08 -1.45002e-08 3.46687e-09
17.025 1.94887e-08 2.0451e-08 -1.37929e-08 3.32903e-09
17.05 1.85776e-08 1.95026e-08 -1.31133e-08 3.19462e-09
17.075 1.76993e-08 1.85881e-08 -1.24607e-08 3.06369e-09
17.1 1.68533e-08 1.7707e-08 -1.18344e-08 2.93628e-09
17.125 1.60391e-08 1.68586e-08 -1.12338e-08 2.81241e-09
17.15 1.52561e-08 1.60423e-08 -1.06581e-08 2.6921e-09
17.175 1.45034e-08 1.52575e-08 -1.01068e-08 2.57534e-09
17.2 1.37806e-08 1.45035e-08 -9.5792e-09 2.46214e-09
17.225 1.30868e-08 1.37795e-08 -9.07451e-09 2.35248e-09
17.25 1.24214e-08 1.30848e-08 -8.5921e-09 2.24635e-09
17.275 1.17836e-08 1.24187e-08 -8.13126e-09 2.14373e-09
17.3 1.11727e-08 1.17805e-08 -7.69131e-09 2.04457e-09
17.325 1.0588e-08 1.11693e-08 -7.27157e-09 1.94885e-09
17.35 1.00287e-08 1.05844e-08 -6.87136e-09 1.85652e-09
17.375 9.49406e-09 1.0025e-08 -6.48999e-09 1.76753e-09
17.4 8.9833e-09 9.49046e-09 -6.1268e-09 1.68183e-09
17.425 8.49567e-09 8.97986e-09 -5.78113e-09 1.59937e-09
17.45 8.03044e-09 8.49247e-09 -5.45233e-09 1.52007e-09
17.475 7.58683e-09 8.02754e-09 -5.13976e-09 1.44389e-09
17.5 7.16413e-09 7.58429e-09 -4.8428e-09 1.37075e-09
17.525 6.76158e-09 7.16198e-09 -4.56083e-09 1.30058e-09
17.55 6.37847e-09 6.75986e-09 -4.29324e-09 1.23331e-09
17.575 6.01407e-09 6.3772e-09 -4.03944e-09 1.16888e-09
17.6 5.66769e-09 6.01326e-09 -3.79887e-09 1.10719e-09
17.625 5.33862e-09 5.66734e-09 -3.57096e-09 1.04819e-09
17.65 5.02619e-09 5.33875e-09 -3.35516e-09 9.91792e-10
17.675 4.72974e-09 5.02679e-09 -3.15095e-09 9.37918e-10
17.7 4.44861e-09 4.73078e-09 -2.9578e-09 8.86492e-10
17.725 4.18216e-09 4.45009e-09 -2.77522e-09 8.37435e-10
17.75 3.92977e-09 4.18407e-09 -2.60272e-09 7.90672e-10
17.775 3.69084e-09 3.93208e-09 -2.43984e-09 7.46123e-10
17.8 3.46477e-09 3.69353e-09 -2.28611e-09 7.03712e-10
17.825 3.25101e-09 3.46783e-09 -2.1411e-09 6.63364e-10
17.85 3.04898e-09 3.2544e-09 -2.00439e-09 6.25003e-10
17.875 2.85815e-09 3.05268e-09 -1.87558e-09 5.88553e-10
17.9 2.67801e-09 2.86214e-09 -1.75426e-09 5.53943e-10
17.925 2.50804e-09 2.68226e-09 -1.64006e-09 5.21101e-10
17.95 2.34777e-09 2.51252e-09 -1.53261e-09 4.89954e-10
17.975 2.19671e-09 2.35245e-09 -1.43158e-09 4.60435e-10
18 2.05441e-09 2.20157e-09 -1.33662e-09 4.32475e-10
18.025 1.92045e-09 2.05943e-09 -1.24742e-09 4.06007e-10
18.05 1.79439e-09 1.9256e-09 -1.16366e-09 3.80969e-10
18.075 1.67584e-09 1.79965e-09 -1.08506e-09 3.57296e-10
18.1 1.56441e-09 1.68119e-09 -1.01133e-09 3.34928e-10
18.125 1.45972e-09 1.56982e-09 -9.42208e-10 3.13804e-10
18.15 1.36142e-09 1.46517e-09 -8.77433e-10 2.93868e-10
18.175 1.26916e-09 1.36689e-09 -8.16763e-10 2.75064e-10
18.2 1.18262e-09 1.27464e-09 -7.59965e-10 2.57338e-10
18.225 1.10149e-09 1.18809e-09 -7.06818e-10 2.40637e-10
18.25 1.02546e-09 1.10693e-09 -6.5711e-10 2.24911e-10
18.275 9.54259e-10 1.03086e-09 -6.10642e-10 2.10111e-10
18.3 8.87603e-10 9.59605e-10 -5.67222e-10 1.96191e-10
18.325 8.25238e-10 8.92883e-10 -5.2667e-10 1.83107e-10
18.35 7.66915e-10 8.30439e-10 -4.88813e-10 1.70813e-10
18.375 7.12401e-10 7.7203e-10 -4.5349e-10 1.5927e-10
18.4 6.61471e-10 7.17419e-10 -4.20546e-10 1.48436e-10
18.425 6.13914e-10 6.66385e-10 -3.89835e-10 1.38275e-10
18.45 5.69527e-10 6.18717e-10 -3.61218e-10 1.28749e-10
18.475 5.2812e-10 5.74213e-10 -3.34566e-10 1.19824e-10
18.5 4.89511e-10 5.32684e-10 -3.09754e-10 1.11465e-10
18.525 4.53528e-10 4.93949e-10 -2.86665e-10 1.03642e-10
18.55 4.2001e-10 4.57838e-10 -2.6519e-10 9.63237e-11
18.575 3.88802e-10 4.24188e-10 -2.45225e-10 8.94811e-11
18.6 3.59759e-10 3.92846e-10 -2.26673e-10 8.30867e-11
18.625 3.32743e-10 3.63668e-10 -2.09439e-10 7.71141e-11
18.65 3.07625e-10 3.36516e-10 -1.93439e-10 7.15385e-11
18.675 2.84282e-10 3.11262e-10 -1.7859e-10 6.63361e-11
18.7 2.626e-10 2.87784e-10 -1.64816e-10 6.14844e-11
18.725 2.42469e-10 2.65967e-10 -1.52043e-10 5.6962e-11
18.75 2.23787e-10 2.45703e-10 -1.40206e-10 5.27488e-11
18.775 2.06458e-10 2.2689e-10 -1.29239e-10 4.88255e-11
18.8 1.90391e-10 2.09431e-10 -1.19083e-10 4.5174e-11
18.825 1.75502e-10 1.93236e-10 -1.09682e-10 4.17771e-11
18.85 1.61709e-10 1.78222e-10 -1.00984e-10 3.86187e-11
18.875 1.48939e-10 1.64307e-10 -9.29403e-11 3.56834e-11
18.9 1.3712e-10 1.51418e-10 -8.55038e-11 3.29569e-11
18.925 1.26188e-10 1.39483e-10 -7.8632e-11 3.04254e-11
18.95 1.16079e-10 1.28437e-10 -7.22846e-11 2.80762e-11
18.975 1.06736e-10 1.18219e-10 -6.64241e-11 2.58972e-11
19 9.81051e-11 1.0877e-10 -6.10154e-11 2.38771e-11
19.025 9.01353e-11 1.00036e-10 -5.60257e-11 2.20051e-11
19.05 8.27793e-11 9.19668e-11 -5.14245e-11 2.02711e-11
19.075 7.59927e-11 8.4515e-11 -4.71832e-11 1.86659e-11
19.1 6.97344e-11 7.76363e-11 -4.32754e-11 1.71805e-11
19.125 6.39656e-11 7.12894e-11 -3.96763e-11 1.58065e-11
19.15 5.86504e-11 6.54355e-11 -3.63628e-11 1.45364e-11
19.175 5.37553e-11 6.00387e-11 -3.33135e-11 1.33626e-11
19.2 4.9249e-11 5.50655e-11 -3.05085e-11 1.22785e-11
19.225 4.51024e-11 5.04845e-11 -2.79293e-11 1.12776e-11
19.25 4.12885e-11 4.62666e-11 -2.55585e-11 1.0354e-11
19.275 3.77821e-11 4.23846e-11 -2.33804e-11 9.50211e-12
19.3 3.45598e-11 3.88133e-11 -2.13799e-11 8.71667e-12
19.325 3.15998e-11 3.55292e-11 -1.95434e-11 7.99286e-12
19.35 2.88819e-11 3.25104e-11 -1.78581e-11 7.32613e-12
19.375 2.63874e-11 2.97366e-11 -1.63121e-11 6.71226e-12
19.4 2.40988e-11 2.71891e-11 -1.48945e-11 6.14731e-12
19.425 2.20001e-11 2.48503e-11 -1.35951e-11 5.62762e-12
19.45 2.00764e-11 2.27041e-11 -1.24046e-11 5.14976e-12
19.475 1.83137e-11 2.07353e-11 -1.13142e-11 4.71056e-12
19.5 1.66993e-11 1.893e-11 -1.03159e-11 4.30708e-12
19.525 1.52213e-11 1.72754e-11 -9.40223e-12 3.93657e-12
19.55 1.38687e-11 1.57594e-11 -8.56643e-12 3.59649e-12
19.575 1.26314e-11 1.43711e-11 -7.80212e-12 3.28447e-12
19.6 1.15001e-11 1.31001e-11 -7.10345e-12 2.99831e-12
19.625 1.04661e-11 1.1937e-11 -6.46503e-12 2.736e-12
19.65 9.52136e-12 1.08732e-11 -5.88188e-12 2.49564e-12
19.675 8.65861e-12 9.90041e-12 -5.34942e-12 2.2755e-12
19.7 7.87103e-12 9.01133e-12 -4.86343e-12 2.07395e-12
19.725 7.15236e-12 8.19904e-12 -4.42003e-12 1.88951e-12
19.75 6.49683e-12 7.4572e-12 -4.01562e-12 1.72079e-12
19.775 5.89915e-12 6.77997e-12 -3.64693e-12 1.56652e-12
19.8 5.35441e-12 6.16197e-12 -3.31092e-12 1.42552e-12
19.825 4.85815e-12 5.59824e-12 -3.00482e-12 1.29671e-12
19.85 4.40621e-12 5.08421e-12 -2.72605e-12 1.17908e-12
19.875 3.99482e-12 4.61569e-12 -2.47228e-12 1.0717e-12
19.9 3.62047e-12 4.18881e-12 -2.24136e-12 9.73726e-13
19.925 3.27997e-12 3.80002e-12 -2.03129e-12 8.84364e-13
19.95 2.97039e-12 3.44606e-12 -1.84027e-12 8.02894e-13
19.975 2.68902e-12 3.12393e-12 -1.66664e-12 7.28648e-13
20 2.43339e-12 2.83089e-12 -1.50886e-12 6.61014e-13
