0 -0.000798767 -0.00081247
0.025 -0.000798767 -0.00081247
0.05 -0.00159654 -0.00162394
0.075 -0.00239233 -0.00243342
0.1 -0.00318514 -0.00323991
0.125 -0.003974 -0.00404241
0.15 -0.00475791 -0.00483995
0.175 -0.00553591 -0.00563155
0.2 -0.00630704 -0.00641623
0.225 -0.00707033 -0.00719303
0.25 -0.00782485 -0.007961
0.275 -0.00856967 -0.00871921
0.3 -0.00930386 -0.00946672
0.325 -0.0100265 -0.0102026
0.35 -0.0107368 -0.010926
0.375 -0.0114338 -0.0116361
0.4 -0.0121166 -0.0123318
0.425 -0.0127845 -0.0130126
0.45 -0.0134367 -0.0136774
0.475 -0.0140724 -0.0143256
0.5 -0.0146907 -0.0149563
0.525 -0.0152911 -0.0155689
0.55 -0.0158729 -0.0161626
0.575 -0.0164352 -0.0167367
0.6 -0.0169777 -0.0172907
0.625 -0.0174995 -0.0178239
0.65 -0.0180003 -0.0183356
0.675 -0.0184794 -0.0188255
0.7 -0.0189364 -0.019293
0.725 -0.0193709 -0.0197376
0.75 -0.0197825 -0.020159
0.775 -0.0201707 -0.0205567
0.8 -0.0205354 -0.0209304
0.825 -0.0208761 -0.0212798
0.85 -0.0211928 -0.0216048
0.875 -0.0214852 -0.0219051
0.9 -0.0217532 -0.0221805
0.925 -0.0219967 -0.022431
0.95 -0.0222157 -0.0226565
0.975 -0.0224102 -0.022857
1 -0.0225802 -0.0230326
1.025 -0.0227259 -0.0231833
1.05 -0.0228473 -0.0233093
1.075 -0.0229448 -0.0234108
1.1 -0.0230186 -0.023488
1.125 -0.0230688 -0.0235412
1.15 -0.023096 -0.0235707
1.175 -0.0231004 -0.0235769
1.2 -0.0230824 -0.0235603
1.225 -0.0230426 -0.0235211
1.25 -0.0229813 -0.0234601
1.275 -0.0228992 -0.0233776
1.3 -0.0227968 -0.0232743
1.325 -0.0226747 -0.0231507
1.35 -0.0225335 -0.0230076
1.375 -0.0223739 -0.0228454
1.4 -0.0221965 -0.022665
1.425 -0.0220021 -0.0224671
1.45 -0.0217914 -0.0222524
1.475 -0.0215651 -0.0220216
1.5 -0.021324 -0.0217755
1.525 -0.0210689 -0.021515
1.55 -0.0208005 -0.0212407
1.575 -0.0205197 -0.0209536
1.6 -0.0202272 -0.0206545
1.625 -0.0199238 -0.0203441
1.65 -0.0196104 -0.0200233
1.675 -0.0192878 -0.019693
1.7 -0.0189567 -0.0193539
1.725 -0.018618 -0.0190068
1.75 -0.0182724 -0.0186526
1.775 -0.0179207 -0.0182921
1.8 -0.0175637 -0.017926
1.825 -0.0172021 -0.0175551
1.85 -0.0168366 -0.0171803
1.875 -0.016468 -0.0168021
1.9 -0.016097 -0.0164213
1.925 -0.0157242 -0.0160387
1.95 -0.0153502 -0.0156549
1.975 -0.0149758 -0.0152706
2 -0.0146015 -0.0148863
2.025 -0.0142279 -0.0145027
2.05 -0.0138556 -0.0141203
2.075 -0.013485 -0.0137398
2.1 -0.0131167 -0.0133615
2.125 -0.0127511 -0.0129861
2.15 -0.0123887 -0.0126139
2.175 -0.01203 -0.0122454
2.2 -0.0116752 -0.0118811
2.225 -0.0113248 -0.0115212
2.25 -0.010979 -0.0111661
2.275 -0.0106383 -0.0108162
2.3 -0.0103028 -0.0104717
2.325 -0.00997287 -0.0101329
2.35 -0.00964869 -0.00980006
2.375 -0.00933046 -0.00947337
2.4 -0.00901838 -0.00915303
2.425 -0.00871259 -0.00883918
2.45 -0.00841323 -0.00853199
2.475 -0.00812041 -0.00823155
2.5 -0.00783423 -0.00793797
2.525 -0.00755475 -0.00765133
2.55 -0.00728203 -0.00737168
2.575 -0.0070161 -0.00709906
2.6 -0.00675699 -0.00683349
2.625 -0.0065047 -0.00657498
2.65 -0.00625921 -0.00632351
2.675 -0.00602051 -0.00607905
2.7 -0.00578855 -0.00584158
2.725 -0.00556329 -0.00561104
2.75 -0.00534466 -0.00538737
2.775 -0.0051326 -0.00517049
2.8 -0.00492703 -0.00496034
2.825 -0.00472786 -0.0047568
2.85 -0.004535 -0.0045598
2.875 -0.00434835 -0.00436922
2.9 -0.00416781 -0.00418495
2.925 -0.00399326 -0.00400689
2.95 -0.00382459 -0.00383491
2.975 -0.00366168 -0.00366888
3 -0.00350441 -0.00350869
3.025 -0.00335265 -0.0033542
3.05 -0.00320629 -0.00320528
3.075 -0.00306519 -0.00306179
3.1 -0.00292923 -0.00292362
3.125 -0.00279827 -0.00279061
3.15 -0.0026722 -0.00266264
3.175 -0.00255087 -0.00253956
3.2 -0.00243416 -0.00242126
3.225 -0.00232195 -0.00230759
3.25 -0.00221411 -0.00219842
3.275 -0.0021105 -0.00209361
3.3 -0.00201102 -0.00199305
3.325 -0.00191552 -0.0018966
3.35 -0.00182391 -0.00180413
3.375 -0.00173604 -0.00171551
3.4 -0.00165181 -0.00163064
3.425 -0.0015711 -0.00154938
3.45 -0.0014938 -0.00147161
3.475 -0.00141979 -0.00139722
3.5 -0.00134896 -0.0013261
3.525 -0.00128122 -0.00125813
3.55 -0.00121645 -0.0011932
3.575 -0.00115455 -0.00113121
3.6 -0.00109541 -0.00107204
3.625 -0.00103895 -0.00101561
3.65 -0.000985068 -0.000961797
3.675 -0.000933664 -0.000910517
3.7 -0.000884649 -0.00086167
3.725 -0.000837934 -0.000815163
3.75 -0.000793432 -0.000770905
3.775 -0.000751057 -0.000728809
3.8 -0.000710728 -0.000688788
3.825 -0.000672362 -0.000650758
3.85 -0.000635882 -0.000614637
3.875 -0.000601212 -0.000580347
3.9 -0.000568276 -0.00054781
3.925 -0.000537004 -0.000516952
3.95 -0.000507324 -0.000487701
3.975 -0.000479169 -0.000459986
4 -0.000452473 -0.000433738
4.025 -0.000427172 -0.000408893
4.05 -0.000403203 -0.000385386
4.075 -0.000380508 -0.000363156
4.1 -0.000359028 -0.000342143
4.125 -0.000338706 -0.00032229
4.15 -0.000319489 -0.00030354
4.175 -0.000301323 -0.00028584
4.2 -0.00028416 -0.000269139
4.225 -0.00026795 -0.000253386
4.25 -0.000252645 -0.000238535
4.275 -0.000238201 -0.000224538
4.3 -0.000224575 -0.000211352
4.325 -0.000211725 -0.000198935
4.35 -0.000199609 -0.000187245
4.375 -0.000188191 -0.000176244
4.4 -0.000177433 -0.000165893
4.425 -0.0001673 -0.000156159
4.45 -0.000157757 -0.000147006
4.475 -0.000148773 -0.000138401
4.5 -0.000140317 -0.000130314
4.525 -0.000132358 -0.000122716
4.55 -0.00012487 -0.000115576
4.575 -0.000117824 -0.00010887
4.6 -0.000111196 -0.000102571
4.625 -0.000104961 -9.66553e-05
4.65 -9.90964e-05 -9.10992e-05
4.675 -9.35795e-05 -8.58813e-05
4.7 -8.83899e-05 -8.09808e-05
4.725 -8.35078e-05 -7.6378e-05
4.75 -7.89145e-05 -7.20546e-05
4.775 -7.45924e-05 -6.7993e-05
4.8 -7.05247e-05 -6.41768e-05
4.825 -6.66956e-05 -6.05902e-05
4.85 -6.30904e-05 -5.72188e-05
4.875 -5.96949e-05 -5.40487e-05
4.9 -5.6496e-05 -5.1067e-05
4.925 -5.34813e-05 -4.82615e-05
4.95 -5.06391e-05 -4.56208e-05
4.975 -4.79585e-05 -4.31342e-05
5 -4.54292e-05 -4.07917e-05
5.025 -4.30416e-05 -3.85839e-05
5.05 -4.07867e-05 -3.65022e-05
5.075 -3.86562e-05 -3.45383e-05
5.1 -3.66421e-05 -3.26847e-05
5.125 -3.47371e-05 -3.09342e-05
5.15 -3.29344e-05 -2.92803e-05
5.175 -3.12277e-05 -2.77167e-05
5.2 -2.9611e-05 -2.62379e-05
5.225 -2.80789e-05 -2.48385e-05
5.25 -2.66261e-05 -2.35135e-05
5.275 -2.5248e-05 -2.22585e-05
5.3 -2.394e-05 -2.10692e-05
5.325 -2.26982e-05 -1.99417e-05
5.35 -2.15188e-05 -1.88723e-05
5.375 -2.03981e-05 -1.78577e-05
5.4 -1.93329e-05 -1.68948e-05
5.425 -1.83202e-05 -1.59806e-05
5.45 -1.73572e-05 -1.51126e-05
5.475 -1.64412e-05 -1.42882e-05
5.5 -1.55699e-05 -1.35051e-05
5.525 -1.47409e-05 -1.27612e-05
5.55 -1.39522e-05 -1.20545e-05
5.575 -1.32017e-05 -1.13831e-05
5.6 -1.24878e-05 -1.07454e-05
5.625 -1.18086e-05 -1.01396e-05
5.65 -1.11626e-05 -9.56437e-06
5.675 -1.05482e-05 -9.01819e-06
5.7 -9.96408e-06 -8.49977e-06
5.725 -9.40889e-06 -8.00784e-06
5.75 -8.88136e-06 -7.54122e-06
5.775 -8.38031e-06 -7.0988e-06
5.8 -7.9046e-06 -6.67952e-06
5.825 -7.45317e-06 -6.28236e-06
5.85 -7.02499e-06 -5.90637e-06
5.875 -6.61909e-06 -5.55062e-06
5.9 -6.23452e-06 -5.21423e-06
5.925 -5.87039e-06 -4.89636e-06
5.95 -5.52583e-06 -4.59621e-06
5.975 -5.20002e-06 -4.31298e-06
6 -4.89213e-06 -4.04592e-06
6.025 -4.60141e-06 -3.79432e-06
6.05 -4.32709e-06 -3.55746e-06
6.075 -4.06845e-06 -3.33467e-06
6.1 -3.82479e-06 -3.12528e-06
6.125 -3.59541e-06 -2.92867e-06
6.15 -3.37967e-06 -2.74422e-06
6.175 -3.17691e-06 -2.57133e-06
6.2 -2.9865e-06 -2.40941e-06
6.225 -2.80785e-06 -2.25792e-06
6.25 -2.64037e-06 -2.11631e-06
6.275 -2.48348e-06 -1.98405e-06
6.3 -2.33663e-06 -1.86064e-06
6.325 -2.1993e-06 -1.74558e-06
6.35 -2.07095e-06 -1.63841e-06
6.375 -1.9511e-06 -1.53866e-06
6.4 -1.83925e-06 -1.44589e-06
6.425 -1.73494e-06 -1.35969e-06
6.45 -1.63772e-06 -1.27964e-06
6.475 -1.54716e-06 -1.20535e-06
6.5 -1.46283e-06 -1.13645e-06
6.525 -1.38434e-06 -1.07257e-06
6.55 -1.31131e-06 -1.01337e-06
6.575 -1.24336e-06 -9.58521e-07
6.6 -1.18014e-06 -9.07706e-07
6.625 -1.12132e-06 -8.60626e-07
6.65 -1.06658e-06 -8.16997e-07
6.675 -1.0156e-06 -7.7655e-07
6.7 -9.68113e-07 -7.39028e-07
6.725 -9.2383e-07 -7.0419e-07
6.75 -8.82495e-07 -6.71808e-07
6.775 -8.43866e-07 -6.41669e-07
6.8 -8.07711e-07 -6.1357e-07
6.825 -7.73816e-07 -5.87326e-07
6.85 -7.41979e-07 -5.6276e-07
6.875 -7.12013e-07 -5.3971e-07
6.9 -6.83742e-07 -5.18026e-07
6.925 -6.57006e-07 -4.97569e-07
6.95 -6.31655e-07 -4.78211e-07
6.975 -6.07553e-07 -4.59836e-07
7 -5.84574e-07 -4.42338e-07
7.025 -5.62606e-07 -4.25621e-07
7.05 -5.41545e-07 -4.09598e-07
7.075 -5.21299e-07 -3.94194e-07
7.1 -5.01786e-07 -3.79339e-07
7.125 -4.82932e-07 -3.64974e-07
7.15 -4.64673e-07 -3.51046e-07
7.175 -4.46952e-07 -3.3751e-07
7.2 -4.29723e-07 -3.24329e-07
7.225 -4.12943e-07 -3.1147e-07
7.25 -3.96579e-07 -2.98908e-07
7.275 -3.80602e-07 -2.86622e-07
7.3 -3.6499e-07 -2.74594e-07
7.325 -3.49724e-07 -2.62815e-07
7.35 -3.34792e-07 -2.51275e-07
7.375 -3.20185e-07 -2.3997e-07
7.4 -3.05897e-07 -2.28898e-07
7.425 -2.91924e-07 -2.18059e-07
7.45 -2.78268e-07 -2.07457e-07
7.475 -2.64929e-07 -1.97094e-07
7.5 -2.51911e-07 -1.86977e-07
7.525 -2.39219e-07 -1.77111e-07
7.55 -2.26859e-07 -1.67503e-07
7.575 -2.14837e-07 -1.5816e-07
7.6 -2.03159e-07 -1.4909e-07
7.625 -1.91832e-07 -1.40299e-07
7.65 -1.80863e-07 -1.31793e-07
7.675 -1.70256e-07 -1.23578e-07
7.7 -1.60018e-07 -1.1566e-07
7.725 -1.50152e-07 -1.08042e-07
7.75 -1.40663e-07 -1.00728e-07
7.775 -1.31553e-07 -9.37208e-08
7.8 -1.22823e-07 -8.70209e-08
7.825 -1.14475e-07 -8.06291e-08
7.85 -1.06508e-07 -7.45445e-08
7.875 -9.8919e-08 -6.87655e-08
7.9 -9.17068e-08 -6.32894e-08
7.925 -8.48671e-08 -5.81126e-08
7.95 -7.83953e-08 -5.32306e-08
7.975 -7.22858e-08 -4.86381e-08
8 -6.65318e-08 -4.4329e-08
8.025 -6.11262e-08 -4.02969e-08
8.05 -5.60608e-08 -3.65343e-08
8.075 -5.13269e-08 -3.30336e-08
8.1 -4.69151e-08 -2.97865e-08
8.125 -4.28157e-08 -2.67845e-08
8.15 -3.90183e-08 -2.40188e-08
8.175 -3.55124e-08 -2.14804e-08
8.2 -3.22871e-08 -1.91599e-08
8.225 -2.9331e-08 -1.70482e-08
8.25 -2.6633e-08 -1.51357e-08
8.275 -2.41816e-08 -1.34132e-08
8.3 -2.19651e-08 -1.1871e-08
8.325 -1.9972e-08 -1.05e-08
8.35 -1.81906e-08 -9.29077e-09
8.375 -1.66095e-08 -8.23407e-09
8.4 -1.52169e-08 -7.32078e-09
8.425 -1.40016e-08 -6.5419e-09
8.45 -1.29521e-08 -5.8885e-09
8.475 -1.20572e-08 -5.35181e-09
8.5 -1.13057e-08 -4.92318e-09
8.525 -1.06868e-08 -4.59409e-09
8.55 -1.01896e-08 -4.35617e-09
8.575 -9.8036e-09 -4.2012e-09
8.6 -9.51834e-09 -4.12109e-09
8.625 -9.32368e-09 -4.10795e-09
8.65 -9.20967e-09 -4.15405e-09
8.675 -9.16666e-09 -4.25182e-09
8.7 -9.18525e-09 -4.39393e-09
8.725 -9.25634e-09 -4.57325e-09
8.75 -9.37118e-09 -4.78289e-09
8.775 -9.52136e-09 -5.0162e-09
8.8 -9.69884e-09 -5.26683e-09
8.825 -9.89597e-09 -5.52872e-09
8.85 -1.01055e-08 -5.79613e-09
8.875 -1.03208e-08 -6.06366e-09
8.9 -1.05354e-08 -6.32629e-09
8.925 -1.07435e-08 -6.57938e-09
8.95 -1.09399e-08 -6.81869e-09
8.975 -1.11197e-08 -7.04041e-09
9 -1.12787e-08 -7.24117e-09
9.025 -1.14132e-08 -7.41803e-09
9.05 -1.15199e-08 -7.56854e-09
9.075 -1.15964e-08 -7.69067e-09
9.1 -1.16405e-08 -7.78288e-09
9.125 -1.16506e-08 -7.84405e-09
9.15 -1.16257e-08 -7.87353e-09
9.175 -1.15654e-08 -7.8711e-09
9.2 -1.14695e-08 -7.83693e-09
9.225 -1.13386e-08 -7.77159e-09
9.25 -1.11733e-08 -7.67601e-09
9.275 -1.0975e-08 -7.55146e-09
9.3 -1.07452e-08 -7.3995e-09
9.325 -1.04858e-08 -7.22197e-09
9.35 -1.0199e-08 -7.0209e-09
9.375 -9.88722e-09 -6.79856e-09
9.4 -9.55298e-09 -6.55732e-09
9.425 -9.19903e-09 -6.29969e-09
9.45 -8.82819e-09 -6.02823e-09
9.475 -8.44334e-09 -5.74553e-09
9.5 -8.04737e-09 -5.45418e-09
9.525 -7.64315e-09 -5.15672e-09
9.55 -7.23349e-09 -4.8556e-09
9.575 -6.82111e-09 -4.55319e-09
9.6 -6.40858e-09 -4.2517e-09
9.625 -5.99835e-09 -3.95319e-09
9.65 -5.59269e-09 -3.65955e-09
9.675 -5.19366e-09 -3.37246e-09
9.7 -4.80314e-09 -3.09343e-09
9.725 -4.42278e-09 -2.82371e-09
9.75 -4.05401e-09 -2.56439e-09
9.775 -3.69804e-09 -2.3163e-09
9.8 -3.35586e-09 -2.0801e-09
9.825 -3.02825e-09 -1.85623e-09
9.85 -2.71578e-09 -1.64493e-09
9.875 -2.41882e-09 -1.44629e-09
9.9 -2.13756e-09 -1.26024e-09
9.925 -1.87205e-09 -1.08653e-09
9.95 -1.62217e-09 -9.24844e-10
9.975 -1.38768e-09 -7.7472e-10
10 -1.16823e-09 -6.35634e-10
10.025 -9.634e-10 -5.06999e-10
10.05 -7.7268e-10 -3.88185e-10
10.075 -5.95528e-10 -2.78544e-10
10.1 -4.31366e-10 -1.77423e-10
10.125 -2.79605e-10 -8.41853e-11
10.15 -1.3966e-10 1.77866e-12
10.175 -1.0958e-11 8.10355e-11
10.2 1.07042e-10 1.54099e-10
10.225 2.14847e-10 2.21423e-10
10.25 3.12919e-10 2.83393e-10
10.275 4.01671e-10 3.40325e-10
10.3 4.81463e-10 3.92461e-10
10.325 5.52606e-10 4.39976e-10
10.35 6.15356e-10 4.82973e-10
10.375 6.69925e-10 5.21494e-10
10.4 7.1648e-10 5.55528e-10
10.425 7.55153e-10 5.85011e-10
10.45 7.86046e-10 6.09846e-10
10.475 8.09242e-10 6.29904e-10
10.5 8.24811e-10 6.45041e-10
10.525 8.32821e-10 6.55108e-10
10.55 8.3335e-10 6.59961e-10
10.575 8.26488e-10 6.59472e-10
10.6 8.12355e-10 6.5354e-10
10.625 7.911e-10 6.42101e-10
10.65 7.62915e-10 6.25136e-10
10.675 7.28038e-10 6.02678e-10
10.7 6.86758e-10 5.74817e-10
10.725 6.39415e-10 5.41709e-10
10.75 5.86411e-10 5.03572e-10
10.775 5.282e-10 4.60691e-10
10.8 4.65294e-10 4.13419e-10
10.825 3.98256e-10 3.62169e-10
10.85 3.27698e-10 3.07416e-10
10.875 2.54275e-10 2.49691e-10
10.9 1.78682e-10 1.89569e-10
10.925 1.01637e-10 1.2767e-10
10.95 2.38832e-11 6.46418e-11
10.975 -5.38274e-11 1.15509e-12
11 -1.30741e-10 -6.21076e-11
11.025 -2.06113e-10 -1.24463e-10
11.05 -2.79218e-10 -1.85237e-10
11.075 -3.49359e-10 -2.43777e-10
11.1 -4.1588e-10 -2.99459e-10
11.125 -4.7817e-10 -3.51703e-10
11.15 -5.35678e-10 -3.99975e-10
11.175 -5.87915e-10 -4.43802e-10
11.2 -6.34465e-10 -4.82774e-10
11.225 -6.74986e-10 -5.16553e-10
11.25 -7.09218e-10 -5.44879e-10
11.275 -7.36986e-10 -5.67567e-10
11.3 -7.58196e-10 -5.84519e-10
11.325 -7.72843e-10 -5.95714e-10
11.35 -7.81003e-10 -6.01215e-10
11.375 -7.82836e-10 -6.01165e-10
11.4 -7.78577e-10 -5.95779e-10
11.425 -7.68533e-10 -5.85344e-10
11.45 -7.53079e-10 -5.70213e-10
11.475 -7.32648e-10 -5.50794e-10
11.5 -7.07722e-10 -5.27546e-10
11.525 -6.78827e-10 -5.0097e-10
11.55 -6.46522e-10 -4.71597e-10
11.575 -6.1139e-10 -4.39981e-10
11.6 -5.74025e-10 -4.0669e-10
11.625 -5.35028e-10 -3.72293e-10
11.65 -4.94994e-10 -3.37355e-10
11.675 -4.54501e-10 -3.02424e-10
11.7 -4.14108e-10 -2.68024e-10
11.725 -3.74339e-10 -2.34646e-10
11.75 -3.35683e-10 -2.02743e-10
11.775 -2.9858e-10 -1.72721e-10
11.8 -2.63423e-10 -1.44936e-10
11.825 -2.3055e-10 -1.19686e-10
11.85 -2.00239e-10 -9.72119e-11
11.875 -1.7271e-10 -7.76936e-11
11.9 -1.4812e-10 -6.12484e-11
11.925 -1.26566e-10 -4.7932e-11
11.95 -1.08084e-10 -3.77396e-11
11.975 -9.26515e-11 -3.06082e-11
12 -8.01924e-11 -2.64199e-11
12.025 -7.05783e-11 -2.50059e-11
12.05 -6.36347e-11 -2.61518e-11
12.075 -5.91462e-11 -2.96031e-11
12.1 -5.68623e-11 -3.50712e-11
12.125 -5.65036e-11 -4.22405e-11
12.15 -5.7769e-11 -5.07749e-11
12.175 -6.03419e-11 -6.03253e-11
12.2 -6.38976e-11 -7.05363e-11
12.225 -6.81096e-11 -8.10536e-11
12.25 -7.26566e-11 -9.15307e-11
12.275 -7.72286e-11 -1.01635e-10
12.3 -8.15327e-11 -1.11055e-10
12.325 -8.52984e-11 -1.19505e-10
12.35 -8.82824e-11 -1.26728e-10
12.375 -9.02727e-11 -1.32503e-10
12.4 -9.10918e-11 -1.36649e-10
12.425 -9.05994e-11 -1.39022e-10
12.45 -8.86938e-11 -1.39522e-10
12.475 -8.53136e-11 -1.38094e-10
12.5 -8.04372e-11 -1.34724e-10
12.525 -7.40825e-11 -1.29442e-10
12.55 -6.63057e-11 -1.22318e-10
12.575 -5.7199e-11 -1.13463e-10
12.6 -4.68881e-11 -1.03022e-10
12.625 -3.5529e-11 -9.11736e-11
12.65 -2.33043e-11 -7.81246e-11
12.675 -1.04186e-11 -6.41062e-11
12.7 2.90515e-12 -4.93687e-11
12.725 1.64312e-11 -3.41766e-11
12.75 2.99153e-11 -1.88038e-11
12.775 4.31101e-11 -3.52765e-12
12.8 5.57694e-11 1.13758e-11
12.825 6.76537e-11 2.5637e-11
12.85 7.85342e-11 3.89977e-11
12.875 8.81974e-11 5.12159e-11
12.9 9.64487e-11 6.20694e-11
12.925 1.03116e-10 7.13603e-11
12.95 1.08054e-10 7.89177e-11
12.975 1.11144e-10 8.46007e-11
13 1.12299e-10 8.83007e-11
13.025 1.11462e-10 8.99427e-11
13.05 1.08611e-10 8.94864e-11
13.075 1.03755e-10 8.69265e-11
13.1 9.69346e-11 8.22925e-11
13.125 8.82246e-11 7.56478e-11
13.15 7.77285e-11 6.70884e-11
13.175 6.55782e-11 5.67407e-11
13.2 5.19321e-11 4.47593e-11
13.225 3.69713e-11 3.13241e-11
13.25 2.08975e-11 1.66372e-11
13.275 3.92879e-12 9.18984e-13
13.3 -1.37033e-11 -1.55953e-11
13.325 -3.17581e-11 -3.26596e-11
13.35 -4.99894e-11 -5.00211e-11
13.375 -6.81494e-11 -6.74246e-11
13.4 -8.59929e-11 -8.46161e-11
13.425 -1.03281e-10 -1.01347e-10
13.45 -1.19783e-10 -1.17379e-10
13.475 -1.35284e-10 -1.32486e-10
13.5 -1.49583e-10 -1.46457e-10
13.525 -1.625e-10 -1.59101e-10
13.55 -1.73875e-10 -1.70252e-10
13.575 -1.83575e-10 -1.79763e-10
13.6 -1.91488e-10 -1.87518e-10
13.625 -1.97533e-10 -1.93425e-10
13.65 -2.01654e-10 -1.97422e-10
13.675 -2.03824e-10 -1.99476e-10
13.7 -2.04045e-10 -1.99583e-10
13.725 -2.02346e-10 -1.97768e-10
13.75 -1.98782e-10 -1.94083e-10
13.775 -1.93435e-10 -1.88607e-10
13.8 -1.86411e-10 -1.81445e-10
13.825 -1.77836e-10 -1.72723e-10
13.85 -1.67858e-10 -1.6259e-10
13.875 -1.56643e-10 -1.51212e-10
13.9 -1.44368e-10 -1.3877e-10
13.925 -1.31226e-10 -1.25459e-10
13.95 -1.17416e-10 -1.11483e-10
13.975 -1.03144e-10 -9.70504e-11
14 -8.86198e-11 -8.23758e-11
14.025 -7.40506e-11 -6.7672e-11
14.05 -5.96418e-11 -5.31492e-11
14.075 -4.55924e-11 -3.90114e-11
14.1 -3.20927e-11 -2.54539e-11
14.125 -1.93213e-11 -1.26604e-11
14.15 -7.4435e-12 -8.00411e-13
14.175 3.39135e-12 9.97229e-12
14.2 1.30514e-11 1.95221e-11
14.225 2.14237e-11 2.77331e-11
14.25 2.84159e-11 3.451e-11
14.275 3.39564e-11 3.97795e-11
14.3 3.79954e-11 4.34907e-11
14.325 4.05053e-11 4.56153e-11
14.35 4.14801e-11 4.6148e-11
14.375 4.09354e-11 4.51054e-11
14.4 3.89078e-11 4.25261e-11
14.425 3.54537e-11 3.84692e-11
14.45 3.06483e-11 3.30133e-11
14.475 2.4584e-11 2.62551e-11
14.5 1.7369e-11 1.83077e-11
14.525 9.12538e-12 9.29853e-12
14.55 -1.30202e-14 -6.32518e-13
14.575 -9.90241e-12 -1.13352e-11
14.6 -2.03914e-11 -2.26513e-11
14.625 -3.13231e-11 -3.44168e-11
14.65 -4.25374e-11 -4.64642e-11
14.675 -5.38733e-11 -5.86251e-11
14.7 -6.51709e-11 -7.07323e-11
14.725 -7.62739e-11 -8.26216e-11
14.75 -8.70311e-11 -9.4135e-11
14.775 -9.72986e-11 -1.05121e-10
14.8 -1.06942e-10 -1.1544e-10
14.825 -1.15836e-10 -1.24959e-10
14.85 -1.2387e-10 -1.33562e-10
14.875 -1.30945e-10 -1.41145e-10
14.9 -1.36976e-10 -1.47618e-10
14.925 -1.41894e-10 -1.52909e-10
14.95 -1.45645e-10 -1.56961e-10
14.975 -1.48193e-10 -1.59734e-10
15 -1.49516e-10 -1.61205e-10
15.025 -1.49609e-10 -1.61369e-10
15.05 -1.48484e-10 -1.60237e-10
15.075 -1.46166e-10 -1.57836e-10
15.1 -1.42699e-10 -1.5421e-10
15.125 -1.38136e-10 -1.49415e-10
15.15 -1.32547e-10 -1.43523e-10
15.175 -1.26012e-10 -1.3662e-10
15.2 -1.18622e-10 -1.28799e-10
15.225 -1.10478e-10 -1.20167e-10
15.25 -1.01688e-10 -1.10838e-10
15.275 -9.23659e-11 -1.00931e-10
15.3 -8.26321e-11 -9.05737e-11
15.325 -7.2609e-11 -7.98943e-11
15.35 -6.24209e-11 -6.90246e-11
15.375 -5.21923e-11 -5.80963e-11
15.4 -4.20463e-11 -4.72398e-11
15.425 -3.21029e-11 -3.65826e-11
15.45 -2.24781e-11 -2.62479e-11
15.475 -1.32821e-11 -1.63534e-11
15.5 -4.61831e-12 -7.00956e-12
15.525 3.41767e-12 1.68124e-12
15.55 1.07393e-11 9.62581e-12
15.575 1.72697e-11 1.67411e-11
15.6 2.29426e-11 2.2955e-11
15.625 2.77027e-11 2.82069e-11
15.65 3.15064e-11 3.24483e-11
15.675 3.43217e-11 3.56429e-11
15.7 3.61287e-11 3.77672e-11
15.725 3.69194e-11 3.881e-11
15.75 3.66978e-11 3.87728e-11
15.775 3.54793e-11 3.76692e-11
15.8 3.32907e-11 3.55247e-11
15.825 3.01695e-11 3.23762e-11
15.85 2.61631e-11 2.82712e-11
15.875 2.13285e-11 2.32674e-11
15.9 1.57312e-11 1.74315e-11
15.925 9.44454e-12 1.08386e-11
15.95 2.54855e-12 3.57121e-12
15.975 -4.87092e-12 -4.28189e-12
16 -1.27232e-11 -1.26267e-11
16.025 -2.0914e-11 -2.13649e-11
16.05 -2.93462e-11 -3.03955e-11
16.075 -3.79213e-11 -3.9615e-11
16.1 -4.65402e-11 -4.89197e-11
16.125 -5.51043e-11 -5.82057e-11
16.15 -6.35166e-11 -6.73706e-11
16.175 -7.16827e-11 -7.63146e-11
16.2 -7.95115e-11 -8.49408e-11
16.225 -8.69164e-11 -9.31569e-11
16.25 -9.38158e-11 -1.00876e-10
16.275 -1.00134e-10 -1.08015e-10
16.3 -1.05802e-10 -1.14502e-10
16.325 -1.10757e-10 -1.20267e-10
16.35 -1.14945e-10 -1.25251e-10
16.375 -1.1832e-10 -1.29403e-10
16.4 -1.20844e-10 -1.32679e-10
16.425 -1.22486e-10 -1.35046e-10
16.45 -1.23226e-10 -1.36477e-10
16.475 -1.23052e-10 -1.36957e-10
16.5 -1.2196e-10 -1.36479e-10
16.525 -1.19956e-10 -1.35044e-10
16.55 -1.17052e-10 -1.32663e-10
16.575 -1.13271e-10 -1.29356e-10
16.6 -1.08643e-10 -1.25149e-10
16.625 -1.03203e-10 -1.20078e-10
16.65 -9.6996e-11 -1.14185e-10
16.675 -9.00725e-11 -1.0752e-10
16.7 -8.24886e-11 -1.00138e-10
16.725 -7.4306e-11 -9.21018e-11
16.75 -6.55908e-11 -8.34769e-11
16.775 -5.64137e-11 -7.43345e-11
16.8 -4.68482e-11 -6.47493e-11
16.825 -3.6971e-11 -5.47991e-11
16.85 -2.68606e-11 -4.45639e-11
16.875 -1.65969e-11 -3.41256e-11
16.9 -6.26065e-12 -2.35668e-11
16.925 4.06759e-12 -1.29706e-11
16.95 1.43077e-11 -2.41956e-12
16.975 2.43809e-11 8.00476e-12
17 3.42101e-11 1.82224e-11
17.025 4.37207e-11 2.81558e-11
17.05 5.28408e-11 3.773e-11
17.075 6.15022e-11 4.68733e-11
17.1 6.96402e-11 5.5518e-11
17.125 7.71945e-11 6.36005e-11
17.15 8.41095e-11 7.10616e-11
17.175 9.03341e-11 7.78472e-11
17.2 9.58227e-11 8.39084e-11
17.225 1.00535e-10 8.92015e-11
17.25 1.04436e-10 9.36886e-11
17.275 1.07497e-10 9.73375e-11
17.3 1.09694e-10 1.00122e-10
17.325 1.1101e-10 1.02021e-10
17.35 1.11432e-10 1.0302e-10
17.375 1.10954e-10 1.03111e-10
17.4 1.09576e-10 1.02291e-10
17.425 1.07303e-10 1.00561e-10
17.45 1.04144e-10 9.793e-11
17.475 1.00115e-10 9.44114e-11
17.5 9.52347e-11 9.00232e-11
17.525 8.9529e-11 8.47885e-11
17.55 8.30262e-11 7.8735e-11
17.575 7.57594e-11 7.18942e-11
17.6 6.77651e-11 6.4302e-11
17.625 5.90832e-11 5.59975e-11
17.65 4.97568e-11 4.7023e-11
17.675 3.98315e-11 3.74239e-11
17.7 2.93554e-11 2.72478e-11
17.725 1.83783e-11 1.65447e-11
17.75 6.95198e-12 5.3661e-12
17.775 -4.87085e-12 -6.2349e-12
17.8 -1.70364e-11 -1.82042e-11
17.825 -2.94904e-11 -3.04872e-11
17.85 -4.21782e-11 -4.30285e-11
17.875 -5.50454e-11 -5.57731e-11
17.9 -6.80378e-11 -6.86661e-11
17.925 -8.1102e-11 -8.16531e-11
17.95 -9.41856e-11 -9.46809e-11
17.975 -1.07237e-10 -1.07697e-10
18 -1.20207e-10 -1.20651e-10
18.025 -1.33047e-10 -1.33492e-10
18.05 -1.45711e-10 -1.46175e-10
18.075 -1.58154e-10 -1.58653e-10
18.1 -1.70335e-10 -1.70883e-10
18.125 -1.82213e-10 -1.82824e-10
18.15 -1.93752e-10 -1.94437e-10
18.175 -2.04917e-10 -2.05688e-10
18.2 -2.15676e-10 -2.16542e-10
18.225 -2.25999e-10 -2.26969e-10
18.25 -2.35861e-10 -2.36942e-10
18.275 -2.45237e-10 -2.46435e-10
18.3 -2.54106e-10 -2.55426e-10
18.325 -2.62451e-10 -2.63897e-10
18.35 -2.70256e-10 -2.7183e-10
18.375 -2.77508e-10 -2.79213e-10
18.4 -2.84197e-10 -2.86033e-10
18.425 -2.90315e-10 -2.92283e-10
18.45 -2.95859e-10 -2.97958e-10
18.475 -3.00825e-10 -3.03053e-10
18.5 -3.05214e-10 -3.07568e-10
18.525 -3.09027e-10 -3.11505e-10
18.55 -3.1227e-10 -3.14867e-10
18.575 -3.14947e-10 -3.1766e-10
18.6 -3.17068e-10 -3.19892e-10
18.625 -3.18643e-10 -3.21572e-10
18.65 -3.19683e-10 -3.22712e-10
18.675 -3.20202e-10 -3.23324e-10
18.7 -3.20214e-10 -3.23424e-10
18.725 -3.19734e-10 -3.23025e-10
18.75 -3.18781e-10 -3.22146e-10
18.775 -3.17372e-10 -3.20804e-10
18.8 -3.15525e-10 -3.19017e-10
18.825 -3.13262e-10 -3.16806e-10
18.85 -3.106e-10 -3.14191e-10
18.875 -3.07563e-10 -3.11192e-10
18.9 -3.0417e-10 -3.07831e-10
18.925 -3.00443e-10 -3.04128e-10
18.95 -2.96404e-10 -3.00107e-10
18.975 -2.92074e-10 -2.95788e-10
19 -2.87476e-10 -2.91194e-10
19.025 -2.8263e-10 -2.86346e-10
19.05 -2.77558e-10 -2.81266e-10
19.075 -2.72281e-10 -2.75976e-10
19.1 -2.6682e-10 -2.70495e-10
19.125 -2.61196e-10 -2.64845e-10
19.15 -2.55427e-10 -2.59047e-10
19.175 -2.49535e-10 -2.53119e-10
19.2 -2.43537e-10 -2.47081e-10
19.225 -2.37451e-10 -2.40951e-10
19.25 -2.31296e-10 -2.34747e-10
19.275 -2.25087e-10 -2.28486e-10
19.3 -2.18842e-10 -2.22186e-10
19.325 -2.12576e-10 -2.15861e-10
19.35 -2.06302e-10 -2.09526e-10
19.375 -2.00037e-10 -2.03196e-10
19.4 -1.93791e-10 -1.96884e-10
19.425 -1.87579e-10 -1.90603e-10
19.45 -1.8141e-10 -1.84364e-10
19.475 -1.75298e-10 -1.7818e-10
19.5 -1.6925e-10 -1.72059e-10
19.525 -1.63277e-10 -1.66012e-10
19.55 -1.57388e-10 -1.60047e-10
19.575 -1.51589e-10 -1.54173e-10
19.6 -1.45889e-10 -1.48397e-10
19.625 -1.40293e-10 -1.42725e-10
19.65 -1.34808e-10 -1.37164e-10
19.675 -1.29438e-10 -1.31718e-10
19.7 -1.24188e-10 -1.26393e-10
19.725 -1.19062e-10 -1.21192e-10
19.75 -1.14063e-10 -1.16119e-10
19.775 -1.09194e-10 -1.11177e-10
19.8 -1.04458e-10 -1.06368e-10
19.825 -9.98544e-11 -1.01693e-10
19.85 -9.53863e-11 -9.71546e-11
19.875 -9.1054e-11 -9.27533e-11
19.9 -8.68578e-11 -8.84894e-11
19.925 -8.27977e-11 -8.43631e-11
19.95 -7.88734e-11 -8.0374e-11
19.975 -7.50841e-11 -7.65214e-11
20 -7.14288e-11 -7.28044e-11
