0 0.132497 0.141861 -0.0368329 0.0525142
0.025 0.132497 0.141861 -0.0368329 0.0525142
0.05 0.132503 0.141867 -0.0368015 0.052533
0.075 0.132514 0.141878 -0.0367492 0.0525642
0.1 0.132529 0.141892 -0.0366762 0.0526078
0.125 0.132549 0.14191 -0.0365826 0.0526636
0.15 0.132573 0.141932 -0.0364687 0.0527317
0.175 0.132601 0.141958 -0.0363349 0.0528117
0.2 0.132634 0.141988 -0.0361813 0.0529035
0.225 0.13267 0.142022 -0.0360085 0.0530069
0.25 0.132711 0.14206 -0.0358169 0.0531217
0.275 0.132756 0.142102 -0.0356069 0.0532476
0.3 0.132806 0.142148 -0.0353791 0.0533842
0.325 0.132859 0.142197 -0.0351341 0.0535314
0.35 0.132917 0.14225 -0.0348725 0.0536888
0.375 0.132978 0.142307 -0.0345949 0.0538559
0.4 0.133043 0.142367 -0.0343022 0.0540324
0.425 0.133113 0.142431 -0.0339949 0.0542179
0.45 0.133186 0.142498 -0.0336738 0.0544121
0.475 0.133262 0.142568 -0.0333399 0.0546143
0.5 0.133343 0.142642 -0.0329939 0.0548242
0.525 0.133426 0.142719 -0.0326366 0.0550413
0.55 0.133513 0.142799 -0.032269 0.0552651
0.575 0.133604 0.142882 -0.0318919 0.055495
0.6 0.133697 0.142968 -0.0315063 0.0557307
0.625 0.133794 0.143056 -0.0311132 0.0559714
0.65 0.133893 0.143147 -0.0307134 0.0562167
0.675 0.133995 0.14324 -0.030308 0.056466
0.7 0.1341 0.143335 -0.0298978 0.0567187
0.725 0.134206 0.143433 -0.029484 0.0569744
0.75 0.134315 0.143532 -0.0290674 0.0572323
0.775 0.134426 0.143633 -0.028649 0.0574919
0.8 0.134539 0.143735 -0.0282299 0.0577526
0.825 0.134653 0.143839 -0.027811 0.0580139
0.85 0.134769 0.143944 -0.0273931 0.0582752
0.875 0.134885 0.144049 -0.0269774 0.0585358
0.9 0.135003 0.144155 -0.0265647 0.0587953
0.925 0.135121 0.144262 -0.0261559 0.0590529
0.95 0.135239 0.144369 -0.025752 0.0593083
0.975 0.135358 0.144475 -0.0253537 0.0595607
1 0.135476 0.144581 -0.0249619 0.0598098
1.025 0.135594 0.144687 -0.0245776 0.0600548
1.05 0.135711 0.144792 -0.0242013 0.0602954
1.075 0.135827 0.144896 -0.023834 0.060531
1.1 0.135941 0.144998 -0.0234763 0.0607611
1.125 0.136054 0.145099 -0.0231289 0.0609853
1.15 0.136165 0.145198 -0.0227924 0.061203
1.175 0.136274 0.145295 -0.0224675 0.0614139
1.2 0.13638 0.14539 -0.0221548 0.0616176
1.225 0.136484 0.145482 -0.0218548 0.0618136
1.25 0.136585 0.145571 -0.0215679 0.0620016
1.275 0.136682 0.145657 -0.0212946 0.0621813
1.3 0.136775 0.14574 -0.0210354 0.0623523
1.325 0.136865 0.145819 -0.0207905 0.0625144
1.35 0.136951 0.145895 -0.0205602 0.0626673
1.375 0.137032 0.145966 -0.0203449 0.0628107
1.4 0.137108 0.146034 -0.0201448 0.0629445
1.425 0.13718 0.146097 -0.0199599 0.0630685
1.45 0.137247 0.146156 -0.0197904 0.0631826
1.475 0.137308 0.14621 -0.0196365 0.0632866
1.5 0.137364 0.146259 -0.019498 0.0633804
1.525 0.137415 0.146303 -0.019375 0.0634641
1.55 0.137459 0.146343 -0.0192675 0.0635377
1.575 0.137498 0.146377 -0.0191752 0.063601
1.6 0.137531 0.146407 -0.019098 0.0636543
1.625 0.137558 0.146431 -0.0190358 0.0636975
1.65 0.137579 0.14645 -0.0189882 0.0637308
1.675 0.137594 0.146464 -0.018955 0.0637544
1.7 0.137602 0.146473 -0.0189359 0.0637684
1.725 0.137605 0.146476 -0.0189304 0.063773
1.75 0.137601 0.146475 -0.0189382 0.0637685
1.775 0.137592 0.146469 -0.0189588 0.0637552
1.8 0.137576 0.146458 -0.0189917 0.0637334
1.825 0.137555 0.146443 -0.0190364 0.0637033
1.85 0.137528 0.146423 -0.0190924 0.0636654
1.875 0.137496 0.146399 -0.0191591 0.0636201
1.9 0.137459 0.146371 -0.0192359 0.0635677
1.925 0.137416 0.14634 -0.0193222 0.0635087
1.95 0.137369 0.146305 -0.0194173 0.0634436
1.975 0.137318 0.146266 -0.0195206 0.0633728
2 0.137262 0.146225 -0.0196313 0.0632969
2.025 0.137203 0.146182 -0.0197488 0.0632164
2.05 0.13714 0.146136 -0.0198724 0.0631317
2.075 0.137075 0.146088 -0.0200014 0.0630435
2.1 0.137007 0.14604 -0.0201349 0.0629524
2.125 0.136937 0.14599 -0.0202724 0.0628589
2.15 0.136865 0.14594 -0.020413 0.0627636
2.175 0.136792 0.14589 -0.020556 0.0626671
2.2 0.136719 0.145841 -0.0207006 0.06257
2.225 0.136645 0.145792 -0.0208462 0.0624729
2.25 0.136573 0.145745 -0.020992 0.0623765
2.275 0.136501 0.1457 -0.0211373 0.0622813
2.3 0.136431 0.145657 -0.0212813 0.062188
2.325 0.136363 0.145618 -0.0214235 0.0620972
2.35 0.136298 0.145582 -0.021563 0.0620094
2.375 0.136237 0.14555 -0.0216993 0.0619254
2.4 0.13618 0.145523 -0.0218317 0.0618456
2.425 0.136127 0.145501 -0.0219596 0.0617706
2.45 0.13608 0.145484 -0.0220824 0.061701
2.475 0.136039 0.145474 -0.0221995 0.0616374
2.5 0.136005 0.145471 -0.0223104 0.0615802
2.525 0.135977 0.145475 -0.0224145 0.0615301
2.55 0.135958 0.145486 -0.0225114 0.0614874
2.575 0.135947 0.145506 -0.0226007 0.0614526
2.6 0.135945 0.145534 -0.0226818 0.0614262
2.625 0.135952 0.145572 -0.0227544 0.0614086
2.65 0.13597 0.145619 -0.0228182 0.0614002
2.675 0.135998 0.145675 -0.0228728 0.0614013
2.7 0.136037 0.145742 -0.022918 0.0614122
2.725 0.136088 0.14582 -0.0229534 0.0614333
2.75 0.136151 0.145908 -0.0229789 0.0614648
2.775 0.136226 0.146008 -0.0229944 0.0615069
2.8 0.136315 0.146119 -0.0229996 0.0615598
2.825 0.136416 0.146242 -0.0229945 0.0616237
2.85 0.13653 0.146376 -0.022979 0.0616986
2.875 0.136658 0.146523 -0.0229531 0.0617847
2.9 0.1368 0.146681 -0.0229168 0.061882
2.925 0.136956 0.146851 -0.0228702 0.0619904
2.95 0.137126 0.147033 -0.0228133 0.06211
2.975 0.137311 0.147227 -0.0227462 0.0622406
3 0.137509 0.147433 -0.0226692 0.0623821
3.025 0.137722 0.147651 -0.0225824 0.0625343
3.05 0.137948 0.14788 -0.0224859 0.0626971
3.075 0.138188 0.14812 -0.0223802 0.0628701
3.1 0.138442 0.148372 -0.0222655 0.0630531
3.125 0.13871 0.148633 -0.022142 0.0632458
3.15 0.13899 0.148905 -0.0220101 0.0634477
3.175 0.139283 0.149187 -0.0218702 0.0636584
3.2 0.139588 0.149478 -0.0217226 0.0638776
3.225 0.139905 0.149777 -0.0215679 0.0641046
3.25 0.140232 0.150084 -0.0214063 0.064339
3.275 0.140571 0.150399 -0.0212384 0.0645803
3.3 0.140918 0.15072 -0.0210647 0.0648277
3.325 0.141275 0.151047 -0.0208856 0.0650808
3.35 0.14164 0.151379 -0.0207016 0.0653387
3.375 0.142012 0.151715 -0.0205133 0.0656009
3.4 0.14239 0.152054 -0.0203211 0.0658666
3.425 0.142774 0.152396 -0.0201256 0.066135
3.45 0.143162 0.152738 -0.0199274 0.0664053
3.475 0.143553 0.153081 -0.019727 0.0666769
3.5 0.143946 0.153422 -0.0195249 0.0669487
3.525 0.14434 0.153762 -0.0193217 0.0672201
3.55 0.144733 0.154098 -0.0191179 0.06749
3.575 0.145125 0.15443 -0.0189141 0.0677577
3.6 0.145514 0.154755 -0.0187108 0.0680223
3.625 0.145898 0.155074 -0.0185085 0.0682828
3.65 0.146276 0.155385 -0.0183079 0.0685383
3.675 0.146647 0.155685 -0.0181093 0.068788
3.7 0.14701 0.155975 -0.0179133 0.0690308
3.725 0.147362 0.156252 -0.0177204 0.0692658
3.75 0.147703 0.156516 -0.0175311 0.0694922
3.775 0.148031 0.156764 -0.0173458 0.0697089
3.8 0.148343 0.156995 -0.0171649 0.0699151
3.825 0.14864 0.157209 -0.016989 0.0701099
3.85 0.148919 0.157403 -0.0168183 0.0702922
3.875 0.149179 0.157576 -0.0166533 0.0704613
3.9 0.149417 0.157727 -0.0164943 0.0706162
3.925 0.149634 0.157854 -0.0163417 0.0707561
3.95 0.149826 0.157956 -0.0161958 0.0708801
3.975 0.149993 0.158032 -0.0160569 0.0709874
4 0.150134 0.15808 -0.0159252 0.0710772
4.025 0.150246 0.158098 -0.0158009 0.0711487
4.05 0.150328 0.158087 -0.0156843 0.0712012
4.075 0.150379 0.158043 -0.0155756 0.0712338
4.1 0.150398 0.157967 -0.0154748 0.071246
4.125 0.150383 0.157856 -0.0153822 0.0712371
4.15 0.150333 0.157711 -0.0152978 0.0712064
4.175 0.150247 0.157528 -0.0152217 0.0711534
4.2 0.150123 0.157309 -0.0151539 0.0710774
4.225 0.149961 0.157051 -0.0150945 0.0709781
4.25 0.149759 0.156753 -0.0150433 0.0708549
4.275 0.149517 0.156415 -0.0150005 0.0707074
4.3 0.149233 0.156036 -0.0149658 0.0705352
4.325 0.148907 0.155615 -0.0149393 0.070338
4.35 0.148538 0.155152 -0.0149207 0.0701155
4.375 0.148126 0.154645 -0.0149099 0.0698674
4.4 0.147668 0.154094 -0.0149067 0.0695936
4.425 0.147166 0.153499 -0.014911 0.0692939
4.45 0.146619 0.152859 -0.0149225 0.0689682
4.475 0.146026 0.152174 -0.014941 0.0686165
4.5 0.145386 0.151444 -0.0149661 0.0682387
4.525 0.144701 0.150668 -0.0149977 0.067835
4.55 0.143969 0.149846 -0.0150353 0.0674054
4.575 0.14319 0.148979 -0.0150787 0.0669501
4.6 0.142366 0.148066 -0.0151274 0.0664693
4.625 0.141494 0.147108 -0.0151812 0.0659632
4.65 0.140577 0.146104 -0.0152397 0.0654321
4.675 0.139614 0.145055 -0.0153024 0.0648765
4.7 0.138606 0.143962 -0.0153689 0.0642966
4.725 0.137553 0.142825 -0.0154389 0.0636929
4.75 0.136455 0.141644 -0.015512 0.0630659
4.775 0.135314 0.14042 -0.0155875 0.0624162
4.8 0.134129 0.139154 -0.0156653 0.0617443
4.825 0.132903 0.137846 -0.0157447 0.0610508
4.85 0.131635 0.136498 -0.0158253 0.0603364
4.875 0.130327 0.13511 -0.0159068 0.0596018
4.9 0.128979 0.133684 -0.0159885 0.0588476
4.925 0.127593 0.13222 -0.0160702 0.0580747
4.95 0.12617 0.130719 -0.0161513 0.0572839
4.975 0.124711 0.129183 -0.0162313 0.0564759
5 0.123218 0.127613 -0.0163099 0.0556517
5.025 0.121691 0.126011 -0.0163866 0.054812
5.05 0.120132 0.124377 -0.0164609 0.0539579
5.075 0.118543 0.122713 -0.0165325 0.0530901
5.1 0.116925 0.12102 -0.0166009 0.0522098
5.125 0.11528 0.119301 -0.0166657 0.0513177
5.15 0.113608 0.117556 -0.0167266 0.0504149
5.175 0.111913 0.115788 -0.0167831 0.0495024
5.2 0.110194 0.113997 -0.016835 0.0485812
5.225 0.108455 0.112186 -0.0168818 0.0476522
5.25 0.106696 0.110356 -0.0169232 0.0467165
5.275 0.10492 0.108509 -0.0169589 0.045775
5.3 0.103128 0.106646 -0.0169887 0.0448288
5.325 0.101322 0.10477 -0.0170121 0.0438789
5.35 0.0995033 0.102882 -0.0170291 0.0429262
5.375 0.0976739 0.100983 -0.0170393 0.0419718
5.4 0.0958356 0.0990758 -0.0170425 0.0410166
5.425 0.0939901 0.0971618 -0.0170386 0.0400616
5.45 0.0921391 0.0952428 -0.0170273 0.0391078
5.475 0.0902843 0.0933204 -0.0170085 0.038156
5.5 0.0884273 0.0913964 -0.016982 0.0372072
5.525 0.0865699 0.0894723 -0.0169478 0.0362623
5.55 0.0847137 0.08755 -0.0169058 0.0353221
5.575 0.0828603 0.085631 -0.0168558 0.0343876
5.6 0.0810112 0.0837169 -0.0167979 0.0334595
5.625 0.0791682 0.0818093 -0.016732 0.0325386
5.65 0.0773326 0.0799097 -0.0166582 0.0316258
5.675 0.0755059 0.0780196 -0.0165763 0.0307217
5.7 0.0736897 0.0761406 -0.0164865 0.029827
5.725 0.0718852 0.0742739 -0.0163889 0.0289425
5.75 0.0700939 0.0724211 -0.0162835 0.0280688
5.775 0.068317 0.0705833 -0.0161703 0.0272065
5.8 0.0665558 0.068762 -0.0160496 0.0263562
5.825 0.0648115 0.0669583 -0.0159214 0.0255184
5.85 0.0630852 0.0651733 -0.0157859 0.0246937
5.875 0.0613781 0.0634083 -0.0156433 0.0238825
5.9 0.0596912 0.0616642 -0.0154937 0.0230852
5.925 0.0580255 0.0599421 -0.0153374 0.0223024
5.95 0.0563818 0.058243 -0.0151745 0.0215342
5.975 0.0547612 0.0565676 -0.0150053 0.0207812
6 0.0531643 0.054917 -0.01483 0.0200435
6.025 0.051592 0.0532918 -0.0146489 0.0193214
6.05 0.050045 0.0516927 -0.0144622 0.0186153
6.075 0.0485239 0.0501205 -0.0142702 0.0179252
6.1 0.0470293 0.0485758 -0.0140732 0.0172513
6.125 0.0455617 0.047059 -0.0138714 0.0165938
6.15 0.0441216 0.0455707 -0.0136651 0.0159528
6.175 0.0427095 0.0441112 -0.0134547 0.0153283
6.2 0.0413257 0.0426811 -0.0132404 0.0147204
6.225 0.0399704 0.0412806 -0.0130225 0.014129
6.25 0.0386441 0.03991 -0.0128014 0.0135543
6.275 0.0373469 0.0385694 -0.0125773 0.0129961
6.3 0.0360789 0.0372591 -0.0123506 0.0124543
6.325 0.0348403 0.0359792 -0.0121215 0.0119289
6.35 0.0336311 0.0347298 -0.0118904 0.0114197
6.375 0.0324514 0.0335108 -0.0116576 0.0109266
6.4 0.0313011 0.0323222 -0.0114233 0.0104495
6.425 0.0301802 0.0311641 -0.0111879 0.00998808
6.45 0.0290886 0.0300362 -0.0109517 0.00954224
6.475 0.0280261 0.0289384 -0.0107149 0.00911175
6.5 0.0269925 0.0278706 -0.0104779 0.00869635
6.525 0.0259877 0.0268325 -0.0102409 0.00829581
6.55 0.0250114 0.0258239 -0.0100042 0.00790985
6.575 0.0240633 0.0248445 -0.00976803 0.00753822
6.6 0.0231432 0.0238939 -0.00953268 0.00718061
6.625 0.0222506 0.0229718 -0.00929837 0.00683673
6.65 0.0213852 0.0220779 -0.00906536 0.00650628
6.675 0.0205467 0.0212118 -0.00883387 0.00618894
6.7 0.0197346 0.0203729 -0.00860413 0.0058844
6.725 0.0189485 0.019561 -0.00837633 0.00559233
6.75 0.018188 0.0187755 -0.0081507 0.00531241
6.775 0.0174527 0.018016 -0.0079274 0.00504429
6.8 0.0167419 0.0172819 -0.00770663 0.00478764
6.825 0.0160553 0.0165728 -0.00748855 0.00454213
6.85 0.0153924 0.0158882 -0.00727333 0.00430742
6.875 0.0147526 0.0152274 -0.0070611 0.00408317
6.9 0.0141354 0.0145901 -0.00685202 0.00386904
6.925 0.0135404 0.0139756 -0.0066462 0.00366471
6.95 0.0129669 0.0133834 -0.00644377 0.00346983
6.975 0.0124145 0.012813 -0.00624483 0.00328409
7 0.0118826 0.0122638 -0.00604947 0.00310714
7.025 0.0113706 0.0117351 -0.00585779 0.00293868
7.05 0.0108781 0.0112266 -0.00566986 0.00277838
7.075 0.0104045 0.0107376 -0.00548575 0.00262593
7.1 0.00994921 0.0102676 -0.00530551 0.00248103
7.125 0.00951177 0.00981594 -0.0051292 0.00234337
7.15 0.00909162 0.00938217 -0.00495684 0.00221266
7.175 0.00868825 0.00896573 -0.00478848 0.00208862
7.2 0.00830112 0.00856606 -0.00462414 0.00197096
7.225 0.00792973 0.00818264 -0.00446382 0.00185941
7.25 0.00757355 0.00781495 -0.00430755 0.0017537
7.275 0.0072321 0.00746246 -0.0041553 0.00165358
7.3 0.00690488 0.00712466 -0.00400709 0.00155878
7.325 0.0065914 0.00680105 -0.00386289 0.00146908
7.35 0.00629119 0.00649113 -0.00372268 0.00138423
7.375 0.00600377 0.00619443 -0.00358644 0.001304
7.4 0.00572869 0.00591047 -0.00345413 0.00122817
7.425 0.00546551 0.00563879 -0.00332571 0.00115654
7.45 0.00521377 0.00537893 -0.00320115 0.00108889
7.475 0.00497306 0.00513044 -0.0030804 0.00102502
7.5 0.00474296 0.00489291 -0.0029634 0.000964757
7.525 0.00452306 0.0046659 -0.00285009 0.000907904
7.55 0.00431295 0.00444901 -0.00274043 0.000854289
7.575 0.00411227 0.00424184 -0.00263435 0.000803745
7.6 0.00392062 0.004044 -0.00253179 0.000756109
7.625 0.00373766 0.00385512 -0.00243267 0.000711228
7.65 0.00356302 0.00367483 -0.00233692 0.000668954
7.675 0.00339636 0.00350278 -0.00224449 0.000629147
7.7 0.00323735 0.00333862 -0.00215528 0.00059167
7.725 0.00308567 0.00318203 -0.00206923 0.000556397
7.75 0.00294101 0.00303268 -0.00198627 0.000523205
7.775 0.00280307 0.00289027 -0.00190631 0.000491978
7.8 0.00267155 0.00275449 -0.00182928 0.000462605
7.825 0.00254619 0.00262506 -0.0017551 0.00043498
7.85 0.00242671 0.0025017 -0.00168369 0.000409003
7.875 0.00231285 0.00238414 -0.00161497 0.000384581
7.9 0.00220436 0.00227212 -0.00154888 0.000361622
7.925 0.002101 0.0021654 -0.00148531 0.000340041
7.95 0.00200254 0.00206373 -0.00142422 0.000319758
7.975 0.00190875 0.00196689 -0.0013655 0.000300696
8 0.00181943 0.00187466 -0.00130909 0.000282784
8.025 0.00173436 0.00178682 -0.00125492 0.000265951
8.05 0.00165335 0.00170318 -0.00120291 0.000250135
8.075 0.00157622 0.00162353 -0.00115298 0.000235273
8.1 0.00150277 0.00154769 -0.00110507 0.000221309
8.125 0.00143284 0.00147548 -0.00105911 0.000208189
8.15 0.00136626 0.00140674 -0.00101502 0.00019586
8.175 0.00130287 0.00134129 -0.000972738 0.000184275
8.2 0.00124252 0.00127898 -0.000932199 0.000173389
8.225 0.00118507 0.00121966 -0.000893339 0.000163159
8.25 0.00113037 0.00116318 -0.000856093 0.000153545
8.275 0.00107829 0.00110942 -0.000820401 0.000144509
8.3 0.00102871 0.00105823 -0.000786203 0.000136016
8.325 0.000981508 0.0010095 -0.00075344 0.000128032
8.35 0.000936562 0.000963107 -0.000722056 0.000120526
8.375 0.000893764 0.000918932 -0.000691996 0.000113468
8.4 0.000853011 0.00087687 -0.000663208 0.000106831
8.425 0.000814203 0.000836819 -0.000635639 0.00010059
8.45 0.000777242 0.000798678 -0.000609239 9.47195e-05
8.475 0.00074204 0.000762356 -0.000583962 8.91971e-05
8.5 0.00070851 0.000727762 -0.000559759 8.40014e-05
8.525 0.000676569 0.000694811 -0.000536586 7.91123e-05
8.55 0.000646138 0.000663423 -0.0005144 7.45113e-05
8.575 0.000617144 0.00063352 -0.000493159 7.01806e-05
8.6 0.000589516 0.00060503 -0.000472822 6.61038e-05
8.625 0.000563185 0.000577882 -0.000453351 6.22655e-05
8.65 0.000538089 0.000552011 -0.000434708 5.86512e-05
8.675 0.000514165 0.000527353 -0.000416858 5.52474e-05
8.7 0.000491357 0.000503849 -0.000399766 5.20413e-05
8.725 0.000469609 0.000481442 -0.0003834 4.90211e-05
8.75 0.000448869 0.000460077 -0.000367726 4.61756e-05
8.775 0.000429088 0.000439704 -0.000352715 4.34945e-05
8.8 0.000410218 0.000420274 -0.000338338 4.09678e-05
8.825 0.000392214 0.00040174 -0.000324567 3.85866e-05
8.85 0.000375034 0.000384058 -0.000311374 3.63421e-05
8.875 0.000358639 0.000367188 -0.000298735 3.42263e-05
8.9 0.000342988 0.000351088 -0.000286625 3.22317e-05
8.925 0.000328048 0.000335722 -0.000275019 3.03512e-05
8.95 0.000313782 0.000321053 -0.000263897 2.85782e-05
8.975 0.000300158 0.000307049 -0.000253236 2.69064e-05
9 0.000287145 0.000293676 -0.000243016 2.533e-05
9.025 0.000274714 0.000280905 -0.000233218 2.38435e-05
9.05 0.000262837 0.000268706 -0.000223823 2.24418e-05
9.075 0.000251488 0.000257052 -0.000214812 2.112e-05
9.1 0.00024064 0.000245917 -0.00020617 1.98736e-05
9.125 0.000230271 0.000235276 -0.00019788 1.86983e-05
9.15 0.000220358 0.000225106 -0.000189926 1.75901e-05
9.175 0.00021088 0.000215385 -0.000182294 1.65453e-05
9.2 0.000201815 0.000206091 -0.00017497 1.55602e-05
9.225 0.000193145 0.000197204 -0.000167941 1.46315e-05
9.25 0.000184852 0.000188706 -0.000161193 1.37562e-05
9.275 0.000176918 0.000180578 -0.000154715 1.29311e-05
9.3 0.000169326 0.000172803 -0.000148496 1.21536e-05
9.325 0.000162061 0.000165365 -0.000142523 1.14209e-05
9.35 0.000155109 0.000158249 -0.000136788 1.07306e-05
9.375 0.000148454 0.00015144 -0.000131279 1.00804e-05
9.4 0.000142084 0.000144924 -0.000125988 9.46807e-06
9.425 0.000135986 0.000138687 -0.000120905 8.89145e-06
9.45 0.000130147 0.000132718 -0.000116021 8.3486e-06
9.475 0.000124557 0.000127005 -0.00011133 7.83766e-06
9.5 0.000119204 0.000121535 -0.000106822 7.35686e-06
9.525 0.000114077 0.000116299 -0.00010249 6.90454e-06
9.55 0.000109168 0.000111286 -9.83274e-05 6.47911e-06
9.575 0.000104467 0.000106486 -9.43274e-05 6.07909e-06
9.6 9.9964e-05 0.00010189 -9.04835e-05 5.70306e-06
9.625 9.56514e-05 9.74888e-05 -8.67895e-05 5.34968e-06
9.65 9.15208e-05 9.32748e-05 -8.32394e-05 5.01769e-06
9.675 8.75646e-05 8.92396e-05 -7.98278e-05 4.70589e-06
9.7 8.37754e-05 8.53755e-05 -7.65493e-05 4.41313e-06
9.725 8.01461e-05 8.16754e-05 -7.33987e-05 4.13835e-06
9.75 7.66701e-05 7.81321e-05 -7.03711e-05 3.88051e-06
9.775 7.33409e-05 7.47393e-05 -6.7462e-05 3.63866e-06
9.8 7.01524e-05 7.14905e-05 -6.46667e-05 3.41188e-06
9.825 6.70989e-05 6.83796e-05 -6.19811e-05 3.1993e-06
9.85 6.41748e-05 6.54011e-05 -5.94009e-05 3.00008e-06
9.875 6.13746e-05 6.25493e-05 -5.69224e-05 2.81347e-06
9.9 5.86934e-05 5.9819e-05 -5.45416e-05 2.6387e-06
9.925 5.61263e-05 5.72052e-05 -5.2255e-05 2.47508e-06
9.95 5.36686e-05 5.47031e-05 -5.00591e-05 2.32196e-06
9.975 5.13158e-05 5.2308e-05 -4.79506e-05 2.17869e-06
10 4.90637e-05 5.00156e-05 -4.59262e-05 2.04468e-06
10.025 4.69081e-05 4.78216e-05 -4.39828e-05 1.91937e-06
10.05 4.48452e-05 4.5722e-05 -4.21176e-05 1.80222e-06
10.075 4.28711e-05 4.37129e-05 -4.03275e-05 1.69273e-06
10.1 4.09823e-05 4.17907e-05 -3.86098e-05 1.59043e-06
10.125 3.91752e-05 3.99517e-05 -3.6962e-05 1.49485e-06
10.15 3.74466e-05 3.81925e-05 -3.53813e-05 1.40557e-06
10.175 3.57932e-05 3.65098e-05 -3.38654e-05 1.32218e-06
10.2 3.42121e-05 3.49005e-05 -3.24119e-05 1.24432e-06
10.225 3.27001e-05 3.33617e-05 -3.10184e-05 1.17161e-06
10.25 3.12545e-05 3.18902e-05 -2.96828e-05 1.10373e-06
10.275 2.98726e-05 3.04835e-05 -2.84028e-05 1.04034e-06
10.3 2.85517e-05 2.91388e-05 -2.71765e-05 9.81157e-07
10.325 2.72893e-05 2.78535e-05 -2.60017e-05 9.2589e-07
10.35 2.6083e-05 2.66252e-05 -2.48766e-05 8.74276e-07
10.375 2.49305e-05 2.54514e-05 -2.37993e-05 8.26066e-07
10.4 2.38296e-05 2.433e-05 -2.2768e-05 7.81025e-07
10.425 2.2778e-05 2.32587e-05 -2.17808e-05 7.38935e-07
10.45 2.17737e-05 2.22354e-05 -2.08362e-05 6.99589e-07
10.475 2.08147e-05 2.12581e-05 -1.99325e-05 6.62796e-07
10.5 1.98991e-05 2.03249e-05 -1.90681e-05 6.28376e-07
10.525 1.90251e-05 1.94338e-05 -1.82415e-05 5.9616e-07
10.55 1.81908e-05 1.85831e-05 -1.74511e-05 5.65993e-07
10.575 1.73946e-05 1.77711e-05 -1.66956e-05 5.37728e-07
10.6 1.66349e-05 1.6996e-05 -1.59736e-05 5.11229e-07
10.625 1.591e-05 1.62564e-05 -1.52836e-05 4.86369e-07
10.65 1.52185e-05 1.55506e-05 -1.46245e-05 4.63031e-07
10.675 1.45589e-05 1.48772e-05 -1.3995e-05 4.41106e-07
10.7 1.39298e-05 1.42348e-05 -1.33938e-05 4.20492e-07
10.725 1.33298e-05 1.36221e-05 -1.28199e-05 4.01095e-07
10.75 1.27577e-05 1.30376e-05 -1.2272e-05 3.82828e-07
10.775 1.22123e-05 1.24802e-05 -1.1749e-05 3.65611e-07
10.8 1.16922e-05 1.19487e-05 -1.125e-05 3.49369e-07
10.825 1.11965e-05 1.14419e-05 -1.07739e-05 3.34032e-07
10.85 1.07239e-05 1.09587e-05 -1.03197e-05 3.19539e-07
10.875 1.02735e-05 1.04981e-05 -9.88641e-06 3.05829e-07
10.9 9.84419e-06 1.00589e-05 -9.47321e-06 2.92849e-07
10.925 9.43504e-06 9.64028e-06 -9.07919e-06 2.80548e-07
10.95 9.04511e-06 9.24124e-06 -8.70348e-06 2.68881e-07
10.975 8.6735e-06 8.86088e-06 -8.34527e-06 2.57805e-07
11 8.31935e-06 8.49832e-06 -8.00376e-06 2.4728e-07
11.025 7.98184e-06 8.15274e-06 -7.6782e-06 2.3727e-07
11.05 7.66018e-06 7.82334e-06 -7.36786e-06 2.27742e-07
11.075 7.35361e-06 7.50935e-06 -7.07202e-06 2.18665e-07
11.1 7.06141e-06 7.21004e-06 -6.79002e-06 2.1001e-07
11.125 6.78288e-06 6.92469e-06 -6.52119e-06 2.0175e-07
11.15 6.51736e-06 6.65264e-06 -6.26492e-06 1.93861e-07
11.175 6.2642e-06 6.39323e-06 -6.02059e-06 1.86321e-07
11.2 6.0228e-06 6.14585e-06 -5.78763e-06 1.79108e-07
11.225 5.79257e-06 5.90989e-06 -5.56549e-06 1.72203e-07
11.25 5.57295e-06 5.6848e-06 -5.35363e-06 1.65586e-07
11.275 5.3634e-06 5.47002e-06 -5.15154e-06 1.59242e-07
11.3 5.16342e-06 5.26504e-06 -4.95874e-06 1.53154e-07
11.325 4.97252e-06 5.06936e-06 -4.77475e-06 1.47307e-07
11.35 4.79023e-06 4.8825e-06 -4.59913e-06 1.41688e-07
11.375 4.6161e-06 4.70401e-06 -4.43144e-06 1.36283e-07
11.4 4.44971e-06 4.53345e-06 -4.27129e-06 1.31081e-07
11.425 4.29065e-06 4.37041e-06 -4.11827e-06 1.2607e-07
11.45 4.13854e-06 4.2145e-06 -3.97203e-06 1.21239e-07
11.475 3.99302e-06 4.06534e-06 -3.83219e-06 1.16578e-07
11.5 3.85372e-06 3.92258e-06 -3.69842e-06 1.12078e-07
11.525 3.72032e-06 3.78586e-06 -3.5704e-06 1.0773e-07
11.55 3.59251e-06 3.65488e-06 -3.44783e-06 1.03526e-07
11.575 3.46997e-06 3.52933e-06 -3.33041e-06 9.94591e-08
11.6 3.35244e-06 3.4089e-06 -3.21786e-06 9.55213e-08
11.625 3.23964e-06 3.29334e-06 -3.10993e-06 9.17065e-08
11.65 3.13131e-06 3.18238e-06 -3.00636e-06 8.80084e-08
11.675 3.02721e-06 3.07577e-06 -2.90692e-06 8.44217e-08
11.7 2.92713e-06 2.97327e-06 -2.81139e-06 8.09412e-08
11.725 2.83083e-06 2.87468e-06 -2.71956e-06 7.75622e-08
11.75 2.73813e-06 2.77979e-06 -2.63123e-06 7.42806e-08
11.775 2.64883e-06 2.68839e-06 -2.54621e-06 7.10926e-08
11.8 2.56275e-06 2.60031e-06 -2.46432e-06 6.79947e-08
11.825 2.47972e-06 2.51538e-06 -2.38541e-06 6.4984e-08
11.85 2.39958e-06 2.43343e-06 -2.30931e-06 6.20578e-08
11.875 2.3222e-06 2.35431e-06 -2.23588e-06 5.92138e-08
11.9 2.24742e-06 2.27789e-06 -2.16499e-06 5.64502e-08
11.925 2.17512e-06 2.20402e-06 -2.09649e-06 5.37651e-08
11.95 2.10519e-06 2.13259e-06 -2.03028e-06 5.11573e-08
11.975 2.03749e-06 2.06349e-06 -1.96623e-06 4.86256e-08
12 1.97194e-06 1.99659e-06 -1.90425e-06 4.61692e-08
12.025 1.90843e-06 1.93181e-06 -1.84424e-06 4.37874e-08
12.05 1.84687e-06 1.86905e-06 -1.78609e-06 4.14797e-08
12.075 1.78718e-06 1.80822e-06 -1.72973e-06 3.92458e-08
12.1 1.72928e-06 1.74924e-06 -1.67507e-06 3.70856e-08
12.125 1.67309e-06 1.69204e-06 -1.62204e-06 3.49989e-08
12.15 1.61854e-06 1.63655e-06 -1.57057e-06 3.29858e-08
12.175 1.56557e-06 1.58269e-06 -1.5206e-06 3.10464e-08
12.2 1.51412e-06 1.53041e-06 -1.47205e-06 2.91808e-08
12.225 1.46414e-06 1.47966e-06 -1.42488e-06 2.7389e-08
12.25 1.41557e-06 1.43037e-06 -1.37903e-06 2.56712e-08
12.275 1.36837e-06 1.3825e-06 -1.33444e-06 2.40275e-08
12.3 1.32249e-06 1.336e-06 -1.29108e-06 2.24578e-08
12.325 1.27788e-06 1.29082e-06 -1.2489e-06 2.0962e-08
12.35 1.23452e-06 1.24693e-06 -1.20785e-06 1.95401e-08
12.375 1.19235e-06 1.20428e-06 -1.1679e-06 1.81916e-08
12.4 1.15134e-06 1.16284e-06 -1.12901e-06 1.69161e-08
12.425 1.11147e-06 1.12257e-06 -1.09114e-06 1.57131e-08
12.45 1.07269e-06 1.08343e-06 -1.05427e-06 1.45819e-08
12.475 1.03498e-06 1.0454e-06 -1.01836e-06 1.35216e-08
12.5 9.98314e-07 1.00844e-06 -9.83379e-07 1.25312e-08
12.525 9.62653e-07 9.72524e-07 -9.49305e-07 1.16093e-08
12.55 9.27976e-07 9.37619e-07 -9.1611e-07 1.07547e-08
12.575 8.94257e-07 9.03699e-07 -8.83767e-07 9.96583e-09
12.6 8.61469e-07 8.70735e-07 -8.52253e-07 9.2409e-09
12.625 8.2959e-07 8.38703e-07 -8.21546e-07 8.57806e-09
12.65 7.98595e-07 8.07575e-07 -7.91625e-07 7.97526e-09
12.675 7.68462e-07 7.77328e-07 -7.62467e-07 7.43032e-09
12.7 7.39169e-07 7.47937e-07 -7.34055e-07 6.94091e-09
12.725 7.10694e-07 7.19378e-07 -7.06369e-07 6.50458e-09
12.75 6.83017e-07 6.91629e-07 -6.79392e-07 6.11878e-09
12.775 6.56117e-07 6.64668e-07 -6.53106e-07 5.78084e-09
12.8 6.29975e-07 6.38474e-07 -6.27497e-07 5.48803e-09
12.825 6.04572e-07 6.13025e-07 -6.0255e-07 5.23754e-09
12.85 5.79891e-07 5.88302e-07 -5.78249e-07 5.02651e-09
12.875 5.55913e-07 5.64286e-07 -5.54582e-07 4.85207e-09
12.9 5.32621e-07 5.4096e-07 -5.31537e-07 4.71133e-09
12.925 5.10001e-07 5.18304e-07 -5.09101e-07 4.60138e-09
12.95 4.88036e-07 4.96303e-07 -4.87265e-07 4.51938e-09
12.975 4.66711e-07 4.74942e-07 -4.66017e-07 4.46249e-09
13 4.46015e-07 4.54205e-07 -4.4535e-07 4.42794e-09
13.025 4.25932e-07 4.3408e-07 -4.25253e-07 4.41307e-09
13.05 4.06452e-07 4.14552e-07 -4.05721e-07 4.41525e-09
13.075 3.87563e-07 3.9561e-07 -3.86746e-07 4.43202e-09
13.1 3.69255e-07 3.77244e-07 -3.68322e-07 4.46099e-09
13.125 3.51518e-07 3.59444e-07 -3.50444e-07 4.49993e-09
13.15 3.34344e-07 3.422e-07 -3.33106e-07 4.54675e-09
13.175 3.17724e-07 3.25505e-07 -3.16306e-07 4.59953e-09
13.2 3.01653e-07 3.09352e-07 -3.00039e-07 4.65648e-09
13.225 2.86124e-07 2.93735e-07 -2.84303e-07 4.716e-09
13.25 2.71131e-07 2.78648e-07 -2.69095e-07 4.77669e-09
13.275 2.5667e-07 2.64089e-07 -2.54414e-07 4.8373e-09
13.3 2.42738e-07 2.50052e-07 -2.40259e-07 4.89678e-09
13.325 2.29331e-07 2.36536e-07 -2.26628e-07 4.95425e-09
13.35 2.16447e-07 2.23539e-07 -2.13521e-07 5.00904e-09
13.375 2.04084e-07 2.11059e-07 -2.00938e-07 5.06066e-09
13.4 1.9224e-07 1.99096e-07 -1.88878e-07 5.10877e-09
13.425 1.80915e-07 1.87649e-07 -1.77343e-07 5.15324e-09
13.45 1.70109e-07 1.7672e-07 -1.66332e-07 5.1941e-09
13.475 1.59821e-07 1.66308e-07 -1.55844e-07 5.23153e-09
13.5 1.50051e-07 1.56414e-07 -1.45882e-07 5.26588e-09
13.525 1.408e-07 1.47039e-07 -1.36444e-07 5.29763e-09
13.55 1.32067e-07 1.38186e-07 -1.27531e-07 5.32741e-09
13.575 1.23855e-07 1.29854e-07 -1.19142e-07 5.35596e-09
13.6 1.16162e-07 1.22046e-07 -1.11277e-07 5.38412e-09
13.625 1.08989e-07 1.14761e-07 -1.03936e-07 5.41286e-09
13.65 1.02336e-07 1.08002e-07 -9.71152e-08 5.4432e-09
13.675 9.62023e-08 1.01767e-07 -9.08146e-08 5.47625e-09
13.7 9.05879e-08 9.60579e-08 -8.50316e-08 5.51317e-09
13.725 8.54912e-08 9.08734e-08 -7.9763e-08 5.55517e-09
13.75 8.09106e-08 8.62124e-08 -7.50055e-08 5.60347e-09
13.775 7.68438e-08 8.20735e-08 -7.07548e-08 5.65932e-09
13.8 7.32878e-08 7.8454e-08 -6.7006e-08 5.72397e-09
13.825 7.02391e-08 7.53508e-08 -6.37535e-08 5.79866e-09
13.85 6.76931e-08 7.27599e-08 -6.09908e-08 5.88459e-09
13.875 6.56447e-08 7.06765e-08 -5.87107e-08 5.98294e-09
13.9 6.40879e-08 6.90948e-08 -5.69052e-08 6.09482e-09
13.925 6.30156e-08 6.8008e-08 -5.55654e-08 6.22131e-09
13.95 6.242e-08 6.74085e-08 -5.46817e-08 6.36338e-09
13.975 6.22923e-08 6.72875e-08 -5.42436e-08 6.52194e-09
14 6.26228e-08 6.76354e-08 -5.42397e-08 6.69782e-09
14.025 6.34007e-08 6.84414e-08 -5.46579e-08 6.89173e-09
14.05 6.46145e-08 6.96938e-08 -5.54852e-08 7.10429e-09
14.075 6.62516e-08 7.13799e-08 -5.67079e-08 7.336e-09
14.1 6.82983e-08 7.3486e-08 -5.83114e-08 7.58726e-09
14.125 7.07403e-08 7.59973e-08 -6.02806e-08 7.85834e-09
14.15 7.35623e-08 7.88983e-08 -6.25996e-08 8.14937e-09
14.175 7.6748e-08 8.21724e-08 -6.52516e-08 8.46039e-09
14.2 8.02804e-08 8.58023e-08 -6.82197e-08 8.79129e-09
14.225 8.41419e-08 8.97696e-08 -7.14859e-08 9.14185e-09
14.25 8.83138e-08 9.40556e-08 -7.50321e-08 9.51172e-09
14.275 9.2777e-08 9.86404e-08 -7.88395e-08 9.90042e-09
14.3 9.75118e-08 1.03504e-07 -8.28891e-08 1.03074e-08
14.325 1.02498e-07 1.08625e-07 -8.71612e-08 1.07318e-08
14.35 1.07714e-07 1.13982e-07 -9.16362e-08 1.1173e-08
14.375 1.1314e-07 1.19554e-07 -9.62941e-08 1.16299e-08
14.4 1.18753e-07 1.25318e-07 -1.01115e-07 1.21017e-08
14.425 1.24531e-07 1.31252e-07 -1.06078e-07 1.2587e-08
14.45 1.30454e-07 1.37333e-07 -1.11163e-07 1.30847e-08
14.475 1.36497e-07 1.43538e-07 -1.16351e-07 1.35936e-08
14.5 1.4264e-07 1.49844e-07 -1.2162e-07 1.41122e-08
14.525 1.48861e-07 1.56229e-07 -1.26951e-07 1.46392e-08
14.55 1.55136e-07 1.6267e-07 -1.32324e-07 1.5173e-08
14.575 1.61444e-07 1.69144e-07 -1.3772e-07 1.57121e-08
14.6 1.67763e-07 1.75629e-07 -1.43119e-07 1.62549e-08
14.625 1.74073e-07 1.82103e-07 -1.48504e-07 1.67999e-08
14.65 1.80351e-07 1.88545e-07 -1.53854e-07 1.73454e-08
14.675 1.86579e-07 1.94933e-07 -1.59154e-07 1.78897e-08
14.7 1.92735e-07 2.01247e-07 -1.64385e-07 1.84313e-08
14.725 1.988e-07 2.07468e-07 -1.69531e-07 1.89684e-08
14.75 2.04756e-07 2.13575e-07 -1.74576e-07 1.94995e-08
14.775 2.10585e-07 2.19551e-07 -1.79505e-07 2.00229e-08
14.8 2.16269e-07 2.25377e-07 -1.84303e-07 2.05371e-08
14.825 2.21792e-07 2.31037e-07 -1.88956e-07 2.10405e-08
14.85 2.27139e-07 2.36515e-07 -1.93452e-07 2.15316e-08
14.875 2.32294e-07 2.41796e-07 -1.97778e-07 2.2009e-08
14.9 2.37244e-07 2.46865e-07 -2.01923e-07 2.24712e-08
14.925 2.41976e-07 2.5171e-07 -2.05876e-07 2.2917e-08
14.95 2.46478e-07 2.56318e-07 -2.09628e-07 2.3345e-08
14.975 2.50739e-07 2.60678e-07 -2.1317e-07 2.37541e-08
15 2.54749e-07 2.6478e-07 -2.16494e-07 2.41432e-08
15.025 2.585e-07 2.68615e-07 -2.19593e-07 2.45111e-08
15.05 2.61983e-07 2.72175e-07 -2.22461e-07 2.48569e-08
15.075 2.65192e-07 2.75452e-07 -2.25092e-07 2.51798e-08
15.1 2.68121e-07 2.78441e-07 -2.27483e-07 2.5479e-08
15.125 2.70764e-07 2.81137e-07 -2.2963e-07 2.57536e-08
15.15 2.73119e-07 2.83536e-07 -2.31529e-07 2.60033e-08
15.175 2.75182e-07 2.85635e-07 -2.3318e-07 2.62273e-08
15.2 2.76951e-07 2.87432e-07 -2.34582e-07 2.64253e-08
15.225 2.78426e-07 2.88927e-07 -2.35733e-07 2.6597e-08
15.25 2.79606e-07 2.90119e-07 -2.36635e-07 2.6742e-08
15.275 2.80492e-07 2.91009e-07 -2.37288e-07 2.68603e-08
15.3 2.81087e-07 2.91599e-07 -2.37696e-07 2.69517e-08
15.325 2.81392e-07 2.91892e-07 -2.37859e-07 2.70163e-08
15.35 2.81411e-07 2.91891e-07 -2.37783e-07 2.70541e-08
15.375 2.81148e-07 2.91601e-07 -2.3747e-07 2.70654e-08
15.4 2.80608e-07 2.91026e-07 -2.36925e-07 2.70503e-08
15.425 2.79797e-07 2.90172e-07 -2.36154e-07 2.70092e-08
15.45 2.78721e-07 2.89046e-07 -2.35161e-07 2.69425e-08
15.475 2.77385e-07 2.87654e-07 -2.33952e-07 2.68507e-08
15.5 2.75799e-07 2.86004e-07 -2.32535e-07 2.67343e-08
15.525 2.73969e-07 2.84104e-07 -2.30916e-07 2.65938e-08
15.55 2.71903e-07 2.81962e-07 -2.29102e-07 2.643e-08
15.575 2.69611e-07 2.79588e-07 -2.27101e-07 2.62435e-08
15.6 2.67102e-07 2.76991e-07 -2.2492e-07 2.6035e-08
15.625 2.64385e-07 2.74179e-07 -2.22568e-07 2.58054e-08
15.65 2.61469e-07 2.71164e-07 -2.20053e-07 2.55555e-08
15.675 2.58364e-07 2.67955e-07 -2.17383e-07 2.52861e-08
15.7 2.55081e-07 2.64563e-07 -2.14566e-07 2.49982e-08
15.725 2.5163e-07 2.60998e-07 -2.11612e-07 2.46926e-08
15.75 2.48021e-07 2.5727e-07 -2.0853e-07 2.43703e-08
15.775 2.44265e-07 2.53391e-07 -2.05327e-07 2.40322e-08
15.8 2.40371e-07 2.49372e-07 -2.02013e-07 2.36794e-08
15.825 2.36352e-07 2.45222e-07 -1.98597e-07 2.33127e-08
15.85 2.32216e-07 2.40953e-07 -1.95087e-07 2.29333e-08
15.875 2.27975e-07 2.36576e-07 -1.91492e-07 2.2542e-08
15.9 2.23639e-07 2.321e-07 -1.87821e-07 2.21399e-08
15.925 2.19218e-07 2.27537e-07 -1.84081e-07 2.1728e-08
15.95 2.14722e-07 2.22897e-07 -1.80282e-07 2.13072e-08
15.975 2.1016e-07 2.18189e-07 -1.76432e-07 2.08786e-08
16 2.05543e-07 2.13424e-07 -1.72538e-07 2.0443e-08
16.025 2.0088e-07 2.08612e-07 -1.68609e-07 2.00014e-08
16.05 1.96181e-07 2.03761e-07 -1.64651e-07 1.95547e-08
16.075 1.91453e-07 1.98881e-07 -1.60673e-07 1.91039e-08
16.1 1.86706e-07 1.9398e-07 -1.56681e-07 1.86498e-08
16.125 1.81948e-07 1.89068e-07 -1.52682e-07 1.81932e-08
16.15 1.77187e-07 1.84153e-07 -1.48682e-07 1.77351e-08
16.175 1.7243e-07 1.79242e-07 -1.44689e-07 1.72761e-08
16.2 1.67687e-07 1.74343e-07 -1.40708e-07 1.68171e-08
16.225 1.62962e-07 1.69463e-07 -1.36745e-07 1.63588e-08
16.25 1.58263e-07 1.6461e-07 -1.32806e-07 1.59019e-08
16.275 1.53597e-07 1.59789e-07 -1.28895e-07 1.5447e-08
16.3 1.48969e-07 1.55007e-07 -1.25018e-07 1.4995e-08
16.325 1.44385e-07 1.50271e-07 -1.21178e-07 1.45462e-08
16.35 1.39851e-07 1.45584e-07 -1.17382e-07 1.41014e-08
16.375 1.35371e-07 1.40953e-07 -1.13631e-07 1.3661e-08
16.4 1.3095e-07 1.36383e-07 -1.09932e-07 1.32256e-08
16.425 1.26592e-07 1.31877e-07 -1.06285e-07 1.27957e-08
16.45 1.22302e-07 1.2744e-07 -1.02696e-07 1.23716e-08
16.475 1.18083e-07 1.23075e-07 -9.91672e-08 1.19539e-08
16.5 1.13938e-07 1.18786e-07 -9.57007e-08 1.15428e-08
16.525 1.09871e-07 1.14577e-07 -9.22992e-08 1.11387e-08
16.55 1.05883e-07 1.10449e-07 -8.89648e-08 1.07419e-08
16.575 1.01977e-07 1.06405e-07 -8.56995e-08 1.03528e-08
16.6 9.81564e-08 1.02448e-07 -8.25048e-08 9.97154e-09
16.625 9.44215e-08 9.8579e-08 -7.93823e-08 9.59834e-09
16.65 9.07743e-08 9.48e-08 -7.63331e-08 9.23342e-09
16.675 8.72161e-08 9.11121e-08 -7.33583e-08 8.87693e-09
16.7 8.37478e-08 8.75166e-08 -7.04585e-08 8.52902e-09
16.725 8.03701e-08 8.4014e-08 -6.76344e-08 8.18979e-09
16.75 7.70837e-08 8.06051e-08 -6.48864e-08 7.85934e-09
16.775 7.38888e-08 7.72902e-08 -6.22147e-08 7.53773e-09
16.8 7.07855e-08 7.40694e-08 -5.96194e-08 7.225e-09
16.825 6.77737e-08 7.09426e-08 -5.71002e-08 6.92117e-09
16.85 6.48531e-08 6.79095e-08 -5.46571e-08 6.62624e-09
16.875 6.20233e-08 6.49698e-08 -5.22894e-08 6.3402e-09
16.9 5.92836e-08 6.21228e-08 -4.99968e-08 6.063e-09
16.925 5.66333e-08 5.93678e-08 -4.77786e-08 5.79459e-09
16.95 5.40714e-08 5.67037e-08 -4.56339e-08 5.53491e-09
16.975 5.15968e-08 5.41297e-08 -4.35619e-08 5.28388e-09
17 4.92085e-08 5.16444e-08 -4.15617e-08 5.04138e-09
17.025 4.69051e-08 4.92467e-08 -3.9632e-08 4.80733e-09
17.05 4.46852e-08 4.69351e-08 -3.77719e-08 4.58158e-09
17.075 4.25475e-08 4.47081e-08 -3.598e-08 4.36402e-09
17.1 4.04902e-08 4.25642e-08 -3.42552e-08 4.15451e-09
17.125 3.85118e-08 4.05017e-08 -3.25959e-08 3.95289e-09
17.15 3.66106e-08 3.85189e-08 -3.10009e-08 3.75901e-09
17.175 3.47849e-08 3.66141e-08 -2.94687e-08 3.5727e-09
17.2 3.30329e-08 3.47854e-08 -2.79978e-08 3.3938e-09
17.225 3.13526e-08 3.3031e-08 -2.65867e-08 3.22213e-09
17.25 2.97424e-08 3.13489e-08 -2.52338e-08 3.05752e-09
17.275 2.82003e-08 2.97373e-08 -2.39377e-08 2.89978e-09
17.3 2.67244e-08 2.81942e-08 -2.26967e-08 2.74874e-09
17.325 2.53127e-08 2.67176e-08 -2.15092e-08 2.60419e-09
17.35 2.39634e-08 2.53056e-08 -2.03737e-08 2.46596e-09
17.375 2.26744e-08 2.39562e-08 -1.92885e-08 2.33386e-09
17.4 2.1444e-08 2.26675e-08 -1.82521e-08 2.20769e-09
17.425 2.02702e-08 2.14374e-08 -1.72629e-08 2.08727e-09
17.45 1.9151e-08 2.02641e-08 -1.63193e-08 1.97241e-09
17.475 1.80846e-08 1.91456e-08 -1.54198e-08 1.86293e-09
17.5 1.70691e-08 1.808e-08 -1.45628e-08 1.75863e-09
17.525 1.61027e-08 1.70654e-08 -1.37467e-08 1.65934e-09
17.55 1.51836e-08 1.60999e-08 -1.29702e-08 1.56486e-09
17.575 1.43099e-08 1.51817e-08 -1.22316e-08 1.47503e-09
17.6 1.34799e-08 1.4309e-08 -1.15297e-08 1.38967e-09
17.625 1.26919e-08 1.348e-08 -1.08628e-08 1.3086e-09
17.65 1.19442e-08 1.2693e-08 -1.02297e-08 1.23166e-09
17.675 1.12352e-08 1.19463e-08 -9.62894e-09 1.15867e-09
17.7 1.05631e-08 1.12382e-08 -9.05922e-09 1.08947e-09
17.725 9.92659e-09 1.05671e-08 -8.51924e-09 1.02391e-09
17.75 9.32398e-09 9.93139e-09 -8.00773e-09 9.61833e-10
17.775 8.75381e-09 9.32961e-09 -7.52344e-09 9.03083e-10
17.8 8.21464e-09 8.76022e-09 -7.06519e-09 8.47516e-10
17.825 7.70506e-09 8.22178e-09 -6.63181e-09 7.94989e-10
17.85 7.22373e-09 7.71289e-09 -6.22216e-09 7.45363e-10
17.875 6.76931e-09 7.23217e-09 -5.83517e-09 6.98504e-10
17.9 6.34055e-09 6.77832e-09 -5.46976e-09 6.54284e-10
17.925 5.9362e-09 6.35007e-09 -5.12492e-09 6.12575e-10
17.95 5.55508e-09 5.94617e-09 -4.79966e-09 5.73258e-10
17.975 5.19606e-09 5.56545e-09 -4.49303e-09 5.36214e-10
18 4.85802e-09 5.20677e-09 -4.20411e-09 5.01333e-10
18.025 4.53991e-09 4.86902e-09 -3.93202e-09 4.68503e-10
18.05 4.24071e-09 4.55115e-09 -3.67591e-09 4.37623e-10
18.075 3.95944e-09 4.25215e-09 -3.43496e-09 4.08591e-10
18.1 3.69517e-09 3.97102e-09 -3.2084e-09 3.81311e-10
18.125 3.447e-09 3.70685e-09 -2.99547e-09 3.55691e-10
18.15 3.21405e-09 3.45873e-09 -2.79545e-09 3.31642e-10
18.175 2.99552e-09 3.22581e-09 -2.60765e-09 3.0908e-10
18.2 2.79061e-09 3.00726e-09 -2.43141e-09 2.87923e-10
18.225 2.59857e-09 2.80229e-09 -2.2661e-09 2.68094e-10
18.25 2.41869e-09 2.61017e-09 -2.11113e-09 2.4952e-10
18.275 2.25026e-09 2.43017e-09 -1.96591e-09 2.3213e-10
18.3 2.09266e-09 2.2616e-09 -1.82989e-09 2.15856e-10
18.325 1.94524e-09 2.10383e-09 -1.70256e-09 2.00634e-10
18.35 1.80742e-09 1.95623e-09 -1.58342e-09 1.86404e-10
18.375 1.67865e-09 1.8182e-09 -1.47199e-09 1.73108e-10
18.4 1.55837e-09 1.6892e-09 -1.36783e-09 1.60689e-10
18.425 1.4461e-09 1.56869e-09 -1.2705e-09 1.49097e-10
18.45 1.34133e-09 1.45616e-09 -1.1796e-09 1.38281e-10
18.475 1.24363e-09 1.35114e-09 -1.09475e-09 1.28194e-10
18.5 1.15255e-09 1.25316e-09 -1.01558e-09 1.18792e-10
18.525 1.06769e-09 1.16181e-09 -9.41743e-10 1.10033e-10
18.55 9.88662e-10 1.07666e-09 -8.72913e-10 1.01875e-10
18.575 9.15096e-10 9.97345e-10 -8.0878e-10 9.42825e-11
18.6 8.46648e-10 9.23488e-10 -7.49051e-10 8.72185e-11
18.625 7.82993e-10 8.54748e-10 -6.93449e-10 8.06497e-11
18.65 7.23821e-10 7.908e-10 -6.41711e-10 7.45441e-11
18.675 6.68842e-10 7.31336e-10 -5.93592e-10 6.88718e-11
18.7 6.17783e-10 6.76067e-10 -5.48858e-10 6.36044e-11
18.725 5.70385e-10 6.2472e-10 -5.07289e-10 5.87153e-11
18.75 5.26407e-10 5.77039e-10 -4.6868e-10 5.41794e-11
18.775 4.8562e-10 5.32781e-10 -4.32834e-10 4.99732e-11
18.8 4.47809e-10 4.91719e-10 -3.9957e-10 4.60745e-11
18.825 4.12774e-10 4.53639e-10 -3.68714e-10 4.24623e-11
18.85 3.80324e-10 4.1834e-10 -3.40105e-10 3.91173e-11
18.875 3.50283e-10 3.85633e-10 -3.13592e-10 3.6021e-11
18.9 3.22485e-10 3.55342e-10 -2.8903e-10 3.31562e-11
18.925 2.96772e-10 3.273e-10 -2.66286e-10 3.05067e-11
18.95 2.72999e-10 3.01351e-10 -2.45236e-10 2.80576e-11
18.975 2.5103e-10 2.7735e-10 -2.2576e-10 2.57947e-11
19 2.30736e-10 2.55159e-10 -2.0775e-10 2.37046e-11
19.025 2.11998e-10 2.34652e-10 -1.91101e-10 2.17751e-11
19.05 1.94704e-10 2.15708e-10 -1.75718e-10 1.99947e-11
19.075 1.78749e-10 1.98216e-10 -1.61511e-10 1.83524e-11
19.1 1.64037e-10 1.82071e-10 -1.48394e-10 1.68383e-11
19.125 1.50476e-10 1.67176e-10 -1.3629e-10 1.5443e-11
19.15 1.37982e-10 1.5344e-10 -1.25125e-10 1.41576e-11
19.175 1.26475e-10 1.40778e-10 -1.1483e-10 1.29741e-11
19.2 1.15883e-10 1.29111e-10 -1.05342e-10 1.18848e-11
19.225 1.06136e-10 1.18366e-10 -9.66003e-11 1.08827e-11
19.25 9.71709e-11 1.08473e-10 -8.85504e-11 9.96115e-12
19.275 8.89284e-11 9.93685e-11 -8.11403e-11 9.11407e-12
19.3 8.13535e-11 9.09936e-11 -7.43221e-11 8.33575e-12
19.325 7.43949e-11 8.32927e-11 -6.80509e-11 7.62093e-12
19.35 6.80052e-11 7.62146e-11 -6.22852e-11 6.96469e-12
19.375 6.21404e-11 6.97116e-11 -5.69866e-11 6.36249e-12
19.4 5.67595e-11 6.37392e-11 -5.2119e-11 5.81011e-12
19.425 5.18246e-11 5.82566e-11 -4.76493e-11 5.30363e-12
19.45 4.73007e-11 5.32254e-11 -4.35465e-11 4.83944e-12
19.475 4.31552e-11 4.86105e-11 -3.97822e-11 4.41418e-12
19.5 3.9358e-11 4.43791e-11 -3.63296e-11 4.02475e-12
19.525 3.58813e-11 4.05009e-11 -3.31644e-11 3.66826e-12
19.55 3.26993e-11 3.69478e-11 -3.02636e-11 3.34208e-12
19.575 2.97882e-11 3.36938e-11 -2.76064e-11 3.04374e-12
19.6 2.7126e-11 3.07151e-11 -2.51731e-11 2.77098e-12
19.625 2.46924e-11 2.79893e-11 -2.29458e-11 2.52171e-12
19.65 2.24687e-11 2.54959e-11 -2.09079e-11 2.294e-12
19.675 2.04376e-11 2.32161e-11 -1.9044e-11 2.08606e-12
19.7 1.85832e-11 2.11324e-11 -1.73399e-11 1.89625e-12
19.725 1.68907e-11 1.92287e-11 -1.57825e-11 1.72307e-12
19.75 1.53466e-11 1.749e-11 -1.43598e-11 1.56512e-12
19.775 1.39385e-11 1.59027e-11 -1.30605e-11 1.42112e-12
19.8 1.26549e-11 1.44542e-11 -1.18745e-11 1.28988e-12
19.825 1.14853e-11 1.31329e-11 -1.07922e-11 1.17033e-12
19.85 1.04199e-11 1.1928e-11 -9.80508e-12 1.06147e-12
19.875 9.44984e-12 1.08298e-11 -8.90501e-12 9.62373e-13
19.9 8.56695e-12 9.82906e-12 -8.08464e-12 8.72207e-13
19.925 7.7637e-12 8.91761e-12 -7.33721e-12 7.90198e-13
19.95 7.03319e-12 8.08776e-12 -6.65649e-12 7.15636e-13
19.975 6.36908e-12 7.33251e-12 -6.03676e-12 6.47872e-13
20 5.76558e-12 6.64539e-12 -5.47278e-12 5.8631e-13
