0 -0.000731227 -0.000744292
0.025 -0.000731227 -0.000744292
0.05 -0.00146164 -0.00148777
0.075 -0.00219043 -0.00222963
0.1 -0.00291678 -0.00296904
0.125 -0.00363989 -0.00370522
0.15 -0.00435895 -0.00443735
0.175 -0.00507316 -0.00516462
0.2 -0.00578173 -0.00588625
0.225 -0.00648387 -0.00660144
0.25 -0.00717879 -0.00730941
0.275 -0.00786573 -0.00800938
0.3 -0.00854391 -0.00870059
0.325 -0.00921259 -0.00938226
0.35 -0.00987102 -0.0100536
0.375 -0.0105185 -0.010714
0.4 -0.0111542 -0.0113627
0.425 -0.0117776 -0.0119988
0.45 -0.0123878 -0.0126218
0.475 -0.0129843 -0.013231
0.5 -0.0135664 -0.0138257
0.525 -0.0141335 -0.0144052
0.55 -0.0146849 -0.014969
0.575 -0.01522 -0.0155163
0.6 -0.0157384 -0.0160467
0.625 -0.0162393 -0.0165595
0.65 -0.0167224 -0.0170543
0.675 -0.0171871 -0.0175305
0.7 -0.017633 -0.0179876
0.725 -0.0180596 -0.0184252
0.75 -0.0184665 -0.0188428
0.775 -0.0188533 -0.0192401
0.8 -0.0192197 -0.0196166
0.825 -0.0195654 -0.0199721
0.85 -0.0198902 -0.0203062
0.875 -0.0201936 -0.0206188
0.9 -0.0204757 -0.0209094
0.925 -0.0207361 -0.0211781
0.95 -0.0209748 -0.0214246
0.975 -0.0211916 -0.0216487
1 -0.0213865 -0.0218505
1.025 -0.0215595 -0.0220298
1.05 -0.0217106 -0.0221868
1.075 -0.0218398 -0.0223213
1.1 -0.0219473 -0.0224336
1.125 -0.0220331 -0.0225236
1.15 -0.0220975 -0.0225917
1.175 -0.0221406 -0.0226379
1.2 -0.0221627 -0.0226625
1.225 -0.0221641 -0.0226659
1.25 -0.022145 -0.0226482
1.275 -0.0221059 -0.0226098
1.3 -0.0220471 -0.0225512
1.325 -0.0219691 -0.0224727
1.35 -0.0218722 -0.0223748
1.375 -0.021757 -0.022258
1.4 -0.0216239 -0.0221227
1.425 -0.0214736 -0.0219696
1.45 -0.0213065 -0.0217992
1.475 -0.0211233 -0.0216121
1.5 -0.0209245 -0.0214089
1.525 -0.0207108 -0.0211902
1.55 -0.0204828 -0.0209568
1.575 -0.0202413 -0.0207092
1.6 -0.0199868 -0.0204482
1.625 -0.01972 -0.0201746
1.65 -0.0194417 -0.0198889
1.675 -0.0191526 -0.019592
1.7 -0.0188534 -0.0192846
1.725 -0.0185447 -0.0189674
1.75 -0.0182274 -0.0186412
1.775 -0.0179021 -0.0183067
1.8 -0.0175696 -0.0179647
1.825 -0.0172306 -0.0176159
1.85 -0.0168858 -0.017261
1.875 -0.0165358 -0.0169009
1.9 -0.0161815 -0.0165361
1.925 -0.0158235 -0.0161675
1.95 -0.0154624 -0.0157957
1.975 -0.0150989 -0.0154214
2 -0.0147337 -0.0150452
2.025 -0.0143674 -0.0146679
2.05 -0.0140006 -0.0142901
2.075 -0.0136338 -0.0139123
2.1 -0.0132678 -0.0135352
2.125 -0.0129029 -0.0131594
2.15 -0.0125397 -0.0127853
2.175 -0.0121788 -0.0124135
2.2 -0.0118206 -0.0120446
2.225 -0.0114656 -0.0116789
2.25 -0.0111141 -0.011317
2.275 -0.0107667 -0.0109592
2.3 -0.0104236 -0.010606
2.325 -0.0100853 -0.0102577
2.35 -0.009752 -0.00991467
2.375 -0.00942409 -0.00957722
2.4 -0.00910183 -0.00924563
2.425 -0.00878546 -0.00892018
2.45 -0.00847522 -0.00860111
2.475 -0.00817131 -0.00828861
2.5 -0.0078739 -0.00798289
2.525 -0.00758316 -0.0076841
2.55 -0.00729922 -0.00739238
2.575 -0.00702219 -0.00710785
2.6 -0.00675216 -0.0068306
2.625 -0.00648921 -0.0065607
2.65 -0.00623338 -0.00629821
2.675 -0.0059847 -0.00604316
2.7 -0.00574319 -0.00579555
2.725 -0.00550884 -0.00555539
2.75 -0.00528163 -0.00532264
2.775 -0.00506154 -0.00509728
2.8 -0.0048485 -0.00487925
2.825 -0.00464245 -0.00466848
2.85 -0.00444333 -0.00446489
2.875 -0.00425104 -0.00426839
2.9 -0.00406549 -0.00407887
2.925 -0.00388656 -0.00389623
2.95 -0.00371415 -0.00372034
2.975 -0.00354813 -0.00355107
3 -0.00338837 -0.00338827
3.025 -0.00323472 -0.00323182
3.05 -0.00308706 -0.00308155
3.075 -0.00294523 -0.00293732
3.1 -0.00280909 -0.00279896
3.125 -0.00267847 -0.00266631
3.15 -0.00255323 -0.00253921
3.175 -0.0024332 -0.0024175
3.2 -0.00231824 -0.00230101
3.225 -0.00220817 -0.00218957
3.25 -0.00210284 -0.00208301
3.275 -0.00200209 -0.00198117
3.3 -0.00190576 -0.00188388
3.325 -0.0018137 -0.00179098
3.35 -0.00172576 -0.00170231
3.375 -0.00164177 -0.00161771
3.4 -0.00156159 -0.00153702
3.425 -0.00148508 -0.00146008
3.45 -0.00141208 -0.00138676
3.475 -0.00134246 -0.00131689
3.5 -0.00127608 -0.00125034
3.525 -0.0012128 -0.00118696
3.55 -0.0011525 -0.00112663
3.575 -0.00109505 -0.0010692
3.6 -0.00104032 -0.00101455
3.625 -0.000988194 -0.000962563
3.65 -0.000938559 -0.000913109
3.675 -0.000891303 -0.000866076
3.7 -0.000846319 -0.000821353
3.725 -0.000803504 -0.000778834
3.75 -0.000762757 -0.000738414
3.775 -0.000723984 -0.000699997
3.8 -0.000687093 -0.000663485
3.825 -0.000651996 -0.00062879
3.85 -0.000618609 -0.000595823
3.875 -0.000586851 -0.000564502
3.9 -0.000556645 -0.000534747
3.925 -0.000527917 -0.000506482
3.95 -0.000500597 -0.000479635
3.975 -0.000474617 -0.000454136
4 -0.000449914 -0.00042992
4.025 -0.000426426 -0.000406924
4.05 -0.000404096 -0.000385088
4.075 -0.000382867 -0.000364354
4.1 -0.000362686 -0.00034467
4.125 -0.000343504 -0.000325983
4.15 -0.000325272 -0.000308245
4.175 -0.000307946 -0.000291409
4.2 -0.00029148 -0.00027543
4.225 -0.000275835 -0.000260268
4.25 -0.000260971 -0.000245881
4.275 -0.000246851 -0.000232231
4.3 -0.00023344 -0.000219284
4.325 -0.000220702 -0.000207005
4.35 -0.000208608 -0.00019536
4.375 -0.000197125 -0.000184319
4.4 -0.000186226 -0.000173853
4.425 -0.000175881 -0.000163934
4.45 -0.000166066 -0.000154535
4.475 -0.000156755 -0.000145632
4.5 -0.000147924 -0.000137199
4.525 -0.00013955 -0.000129214
4.55 -0.000131612 -0.000121655
4.575 -0.000124089 -0.000114502
4.6 -0.000116962 -0.000107735
4.625 -0.000110212 -0.000101335
4.65 -0.000103821 -9.52844e-05
4.675 -9.77714e-05 -8.95658e-05
4.7 -9.20476e-05 -8.41632e-05
4.725 -8.66338e-05 -7.9061e-05
4.75 -8.15152e-05 -7.42445e-05
4.775 -7.66776e-05 -6.96994e-05
4.8 -7.21075e-05 -6.54124e-05
4.825 -6.77919e-05 -6.13707e-05
4.85 -6.37184e-05 -5.75619e-05
4.875 -5.98752e-05 -5.39743e-05
4.9 -5.62509e-05 -5.05967e-05
4.925 -5.28346e-05 -4.74185e-05
4.95 -4.96161e-05 -4.44294e-05
4.975 -4.65854e-05 -4.16196e-05
5 -4.3733e-05 -3.89799e-05
5.025 -4.10499e-05 -3.65013e-05
5.05 -3.85272e-05 -3.41753e-05
5.075 -3.61567e-05 -3.19938e-05
5.1 -3.39304e-05 -2.99489e-05
5.125 -3.18407e-05 -2.80333e-05
5.15 -2.98804e-05 -2.62399e-05
5.175 -2.80423e-05 -2.45618e-05
5.2 -2.63199e-05 -2.29926e-05
5.225 -2.47067e-05 -2.15261e-05
5.25 -2.31967e-05 -2.01564e-05
5.275 -2.17841e-05 -1.88779e-05
5.3 -2.04632e-05 -1.76852e-05
5.325 -1.92287e-05 -1.65732e-05
5.35 -1.80755e-05 -1.5537e-05
5.375 -1.69989e-05 -1.45719e-05
5.4 -1.59941e-05 -1.36735e-05
5.425 -1.50569e-05 -1.28377e-05
5.45 -1.41829e-05 -1.20604e-05
5.475 -1.33682e-05 -1.13377e-05
5.5 -1.26089e-05 -1.06662e-05
5.525 -1.19016e-05 -1.00423e-05
5.55 -1.12427e-05 -9.46287e-06
5.575 -1.06291e-05 -8.92478e-06
5.6 -1.00575e-05 -8.42513e-06
5.625 -9.52519e-06 -7.96118e-06
5.65 -9.02931e-06 -7.53034e-06
5.675 -8.56729e-06 -7.13016e-06
5.7 -8.13666e-06 -6.75834e-06
5.725 -7.73511e-06 -6.41272e-06
5.75 -7.36047e-06 -6.09128e-06
5.775 -7.01068e-06 -5.7921e-06
5.8 -6.68384e-06 -5.51341e-06
5.825 -6.37814e-06 -5.25355e-06
5.85 -6.0919e-06 -5.01095e-06
5.875 -5.82356e-06 -4.78418e-06
5.9 -5.57166e-06 -4.5719e-06
5.925 -5.33483e-06 -4.37285e-06
5.95 -5.11183e-06 -4.18589e-06
5.975 -4.90147e-06 -4.00995e-06
6 -4.70268e-06 -3.84406e-06
6.025 -4.51448e-06 -3.68731e-06
6.05 -4.33595e-06 -3.53888e-06
6.075 -4.16625e-06 -3.39802e-06
6.1 -4.00461e-06 -3.26404e-06
6.125 -3.85035e-06 -3.13632e-06
6.15 -3.70282e-06 -3.0143e-06
6.175 -3.56146e-06 -2.89746e-06
6.2 -3.42574e-06 -2.78536e-06
6.225 -3.2952e-06 -2.67758e-06
6.25 -3.16943e-06 -2.57376e-06
6.275 -3.04805e-06 -2.47358e-06
6.3 -2.93073e-06 -2.37676e-06
6.325 -2.81718e-06 -2.28303e-06
6.35 -2.70715e-06 -2.1922e-06
6.375 -2.6004e-06 -2.10407e-06
6.4 -2.49675e-06 -2.01847e-06
6.425 -2.39603e-06 -1.93527e-06
6.45 -2.29809e-06 -1.85435e-06
6.475 -2.20281e-06 -1.77562e-06
6.5 -2.11009e-06 -1.69898e-06
6.525 -2.01984e-06 -1.62438e-06
6.55 -1.93198e-06 -1.55176e-06
6.575 -1.84647e-06 -1.48107e-06
6.6 -1.76324e-06 -1.41229e-06
6.625 -1.68227e-06 -1.34538e-06
6.65 -1.60352e-06 -1.28032e-06
6.675 -1.52697e-06 -1.2171e-06
6.7 -1.45259e-06 -1.15571e-06
6.725 -1.38038e-06 -1.09614e-06
6.75 -1.31032e-06 -1.03838e-06
6.775 -1.2424e-06 -9.82431e-07
6.8 -1.1766e-06 -9.2828e-07
6.825 -1.11293e-06 -8.75926e-07
6.85 -1.05138e-06 -8.25363e-07
6.875 -9.91923e-07 -7.76584e-07
6.9 -9.34562e-07 -7.29579e-07
6.925 -8.79281e-07 -6.8434e-07
6.95 -8.26066e-07 -6.40854e-07
6.975 -7.74902e-07 -5.99106e-07
7 -7.2577e-07 -5.59081e-07
7.025 -6.78649e-07 -5.20758e-07
7.05 -6.33516e-07 -4.84118e-07
7.075 -5.90347e-07 -4.49136e-07
7.1 -5.49114e-07 -4.15788e-07
7.125 -5.09786e-07 -3.84045e-07
7.15 -4.72332e-07 -3.53878e-07
7.175 -4.36718e-07 -3.25256e-07
7.2 -4.02906e-07 -2.98145e-07
7.225 -3.7086e-07 -2.72511e-07
7.25 -3.40539e-07 -2.48317e-07
7.275 -3.11902e-07 -2.25526e-07
7.3 -2.84905e-07 -2.041e-07
7.325 -2.59507e-07 -1.84e-07
7.35 -2.3566e-07 -1.65184e-07
7.375 -2.13319e-07 -1.47613e-07
7.4 -1.92438e-07 -1.31245e-07
7.425 -1.72968e-07 -1.16039e-07
7.45 -1.54863e-07 -1.01952e-07
7.475 -1.38073e-07 -8.89432e-08
7.5 -1.2255e-07 -7.69701e-08
7.525 -1.08246e-07 -6.59911e-08
7.55 -9.51118e-08 -5.59645e-08
7.575 -8.30986e-08 -4.68487e-08
7.6 -7.21582e-08 -3.86027e-08
7.625 -6.22422e-08 -3.11857e-08
7.65 -5.33026e-08 -2.45573e-08
7.675 -4.52919e-08 -1.86778e-08
7.7 -3.81629e-08 -1.35076e-08
7.725 -3.18689e-08 -9.00791e-09
7.75 -2.63639e-08 -5.14048e-09
7.775 -2.16022e-08 -1.86759e-09
7.8 -1.75389e-08 8.47865e-10
7.825 -1.413e-08 3.04233e-09
7.85 -1.13318e-08 4.75158e-09
7.875 -9.10173e-09 6.01073e-09
7.9 -7.39784e-09 6.85415e-09
7.925 -6.17911e-09 7.3155e-09
7.95 -5.40545e-09 7.42766e-09
7.975 -5.0377e-09 7.2227e-09
8 -5.03771e-09 6.7319e-09
8.025 -5.36838e-09 5.98562e-09
8.05 -5.99371e-09 5.01339e-09
8.075 -6.87886e-09 3.84375e-09
8.1 -7.99016e-09 2.50428e-09
8.125 -9.29522e-09 1.02158e-09
8.15 -1.07629e-08 -5.78863e-10
8.175 -1.23635e-08 -2.27261e-09
8.2 -1.40686e-08 -4.03637e-09
8.225 -1.58512e-08 -5.84803e-09
8.25 -1.76859e-08 -7.68669e-09
8.275 -1.95488e-08 -9.53269e-09
8.3 -2.14173e-08 -1.13677e-08
8.325 -2.32706e-08 -1.31745e-08
8.35 -2.50895e-08 -1.49375e-08
8.375 -2.68562e-08 -1.66423e-08
8.4 -2.85548e-08 -1.82757e-08
8.425 -3.01709e-08 -1.98262e-08
8.45 -3.16916e-08 -2.12835e-08
8.475 -3.31057e-08 -2.26387e-08
8.5 -3.44037e-08 -2.38841e-08
8.525 -3.55774e-08 -2.50136e-08
8.55 -3.66205e-08 -2.60223e-08
8.575 -3.75278e-08 -2.69065e-08
8.6 -3.82959e-08 -2.76639e-08
8.625 -3.89224e-08 -2.82932e-08
8.65 -3.94067e-08 -2.87944e-08
8.675 -3.9749e-08 -2.91685e-08
8.7 -3.9951e-08 -2.94176e-08
8.725 -4.00154e-08 -2.95448e-08
8.75 -3.99458e-08 -2.95538e-08
8.775 -3.97468e-08 -2.94493e-08
8.8 -3.94241e-08 -2.92368e-08
8.825 -3.89837e-08 -2.89222e-08
8.85 -3.84327e-08 -2.85121e-08
8.875 -3.77783e-08 -2.80136e-08
8.9 -3.70285e-08 -2.74341e-08
8.925 -3.61915e-08 -2.67811e-08
8.95 -3.52759e-08 -2.60627e-08
8.975 -3.42903e-08 -2.52867e-08
9 -3.32435e-08 -2.44612e-08
9.025 -3.21442e-08 -2.35942e-08
9.05 -3.10012e-08 -2.26936e-08
9.075 -2.9823e-08 -2.1767e-08
9.1 -2.86179e-08 -2.08217e-08
9.125 -2.73938e-08 -1.98651e-08
9.15 -2.61585e-08 -1.89036e-08
9.175 -2.49192e-08 -1.79438e-08
9.2 -2.36826e-08 -1.69915e-08
9.225 -2.24552e-08 -1.60521e-08
9.25 -2.12426e-08 -1.51304e-08
9.275 -2.00501e-08 -1.42308e-08
9.3 -1.88825e-08 -1.33573e-08
9.325 -1.77438e-08 -1.25129e-08
9.35 -1.66376e-08 -1.17006e-08
9.375 -1.55669e-08 -1.09223e-08
9.4 -1.45342e-08 -1.01799e-08
9.425 -1.35413e-08 -9.47448e-09
9.45 -1.25896e-08 -8.80667e-09
9.475 -1.168e-08 -8.17668e-09
9.5 -1.08128e-08 -7.5843e-09
9.525 -9.98819e-09 -7.0289e-09
9.55 -9.20562e-09 -6.50952e-09
9.575 -8.46435e-09 -6.02485e-09
9.6 -7.76331e-09 -5.57333e-09
9.625 -7.10114e-09 -5.15317e-09
9.65 -6.47627e-09 -4.76237e-09
9.675 -5.88692e-09 -4.3988e-09
9.7 -5.3312e-09 -4.06023e-09
9.725 -4.80708e-09 -3.74435e-09
9.75 -4.3125e-09 -3.44886e-09
9.775 -3.84537e-09 -3.17144e-09
9.8 -3.40361e-09 -2.90985e-09
9.825 -2.98518e-09 -2.66194e-09
9.85 -2.58814e-09 -2.42565e-09
9.875 -2.21064e-09 -2.19908e-09
9.9 -1.85097e-09 -1.98051e-09
9.925 -1.50757e-09 -1.76837e-09
9.95 -1.17903e-09 -1.56132e-09
9.975 -8.64157e-10 -1.35823e-09
10 -5.61912e-10 -1.15818e-09
10.025 -2.71471e-10 -9.60484e-10
10.05 7.7963e-12 -7.64676e-10
10.075 2.76324e-10 -5.70516e-10
10.1 5.34355e-10 -3.77982e-10
10.125 7.81949e-10 -1.87255e-10
10.15 1.01899e-09 1.28746e-12
10.175 1.24521e-09 1.87089e-10
10.2 1.46019e-09 3.6943e-10
10.225 1.66339e-09 5.47453e-10
10.25 1.85416e-09 7.20174e-10
10.275 2.03176e-09 8.86513e-10
10.3 2.1954e-09 1.04531e-09
10.325 2.34422e-09 1.19537e-09
10.35 2.47738e-09 1.33544e-09
10.375 2.59399e-09 1.4643e-09
10.4 2.69324e-09 1.58071e-09
10.425 2.77432e-09 1.68351e-09
10.45 2.8365e-09 1.77158e-09
10.475 2.87913e-09 1.8439e-09
10.5 2.90168e-09 1.89955e-09
10.525 2.90371e-09 1.93773e-09
10.55 2.88493e-09 1.95777e-09
10.575 2.84517e-09 1.95915e-09
10.6 2.78443e-09 1.94154e-09
10.625 2.70287e-09 1.90474e-09
10.65 2.60079e-09 1.84874e-09
10.675 2.47867e-09 1.77371e-09
10.7 2.33718e-09 1.68001e-09
10.725 2.1771e-09 1.56816e-09
10.75 1.99942e-09 1.43886e-09
10.775 1.80526e-09 1.29298e-09
10.8 1.59589e-09 1.13157e-09
10.825 1.37271e-09 9.55797e-10
10.85 1.13725e-09 7.66995e-10
10.875 8.91136e-10 5.66614e-10
10.9 6.36105e-10 3.56215e-10
10.925 3.73962e-10 1.37457e-10
10.95 1.06576e-10 -8.79232e-11
10.975 -1.64141e-10 -3.18129e-10
11 -4.3625e-10 -5.51323e-10
11.025 -7.07807e-10 -7.85641e-10
11.05 -9.76877e-10 -1.01922e-09
11.075 -1.24156e-09 -1.2502e-09
11.1 -1.49998e-09 -1.47678e-09
11.125 -1.75037e-09 -1.69717e-09
11.15 -1.991e-09 -1.90969e-09
11.175 -2.22026e-09 -2.11271e-09
11.2 -2.43663e-09 -2.30472e-09
11.225 -2.63875e-09 -2.48432e-09
11.25 -2.82536e-09 -2.65023e-09
11.275 -2.99535e-09 -2.80132e-09
11.3 -3.14779e-09 -2.93658e-09
11.325 -3.28187e-09 -3.05519e-09
11.35 -3.39699e-09 -3.15647e-09
11.375 -3.49268e-09 -3.2399e-09
11.4 -3.56867e-09 -3.30514e-09
11.425 -3.62485e-09 -3.35201e-09
11.45 -3.66128e-09 -3.38051e-09
11.475 -3.67818e-09 -3.39079e-09
11.5 -3.67594e-09 -3.38317e-09
11.525 -3.65511e-09 -3.35813e-09
11.55 -3.61638e-09 -3.31628e-09
11.575 -3.56058e-09 -3.25838e-09
11.6 -3.48866e-09 -3.18534e-09
11.625 -3.40171e-09 -3.09815e-09
11.65 -3.30089e-09 -2.99794e-09
11.675 -3.18749e-09 -2.88592e-09
11.7 -3.06286e-09 -2.76338e-09
11.725 -2.9284e-09 -2.63169e-09
11.75 -2.78559e-09 -2.49226e-09
11.775 -2.63594e-09 -2.34655e-09
11.8 -2.48095e-09 -2.19604e-09
11.825 -2.32217e-09 -2.04222e-09
11.85 -2.16111e-09 -1.88658e-09
11.875 -1.99928e-09 -1.73058e-09
11.9 -1.83815e-09 -1.57567e-09
11.925 -1.67914e-09 -1.42325e-09
11.95 -1.52361e-09 -1.27464e-09
11.975 -1.37286e-09 -1.13114e-09
12 -1.22811e-09 -9.93926e-10
12.025 -1.09047e-09 -8.64119e-10
12.05 -9.60984e-10 -7.42733e-10
12.075 -8.40574e-10 -6.30682e-10
12.1 -7.30059e-10 -5.28773e-10
12.125 -6.3014e-10 -4.37698e-10
12.15 -5.41406e-10 -3.58035e-10
12.175 -4.64321e-10 -2.90242e-10
12.2 -3.99232e-10 -2.34656e-10
12.225 -3.46363e-10 -1.91493e-10
12.25 -3.0582e-10 -1.6085e-10
12.275 -2.77589e-10 -1.42706e-10
12.3 -2.61544e-10 -1.36924e-10
12.325 -2.57448e-10 -1.43256e-10
12.35 -2.64957e-10 -1.6135e-10
12.375 -2.83631e-10 -1.9075e-10
12.4 -3.12933e-10 -2.3091e-10
12.425 -3.52244e-10 -2.81193e-10
12.45 -4.00865e-10 -3.40885e-10
12.475 -4.58029e-10 -4.09203e-10
12.5 -5.22906e-10 -4.85297e-10
12.525 -5.94616e-10 -5.68269e-10
12.55 -6.72235e-10 -6.57173e-10
12.575 -7.54806e-10 -7.51031e-10
12.6 -8.41349e-10 -8.48838e-10
12.625 -9.30867e-10 -9.49574e-10
12.65 -1.02236e-09 -1.05221e-09
12.675 -1.11483e-09 -1.15573e-09
12.7 -1.20729e-09 -1.25911e-09
12.725 -1.29877e-09 -1.36137e-09
12.75 -1.38834e-09 -1.46153e-09
12.775 -1.47509e-09 -1.55868e-09
12.8 -1.55817e-09 -1.65191e-09
12.825 -1.63677e-09 -1.74041e-09
12.85 -1.71013e-09 -1.82337e-09
12.875 -1.77755e-09 -1.90009e-09
12.9 -1.83841e-09 -1.9699e-09
12.925 -1.89214e-09 -2.03222e-09
12.95 -1.93826e-09 -2.08654e-09
12.975 -1.97634e-09 -2.13241e-09
13 -2.00604e-09 -2.16947e-09
13.025 -2.0271e-09 -2.19745e-09
13.05 -2.03933e-09 -2.21613e-09
13.075 -2.04263e-09 -2.22538e-09
13.1 -2.03695e-09 -2.22517e-09
13.125 -2.02234e-09 -2.21552e-09
13.15 -1.99892e-09 -2.19654e-09
13.175 -1.96686e-09 -2.16839e-09
13.2 -1.92642e-09 -2.13133e-09
13.225 -1.87792e-09 -2.08568e-09
13.25 -1.82173e-09 -2.03179e-09
13.275 -1.75828e-09 -1.97012e-09
13.3 -1.68805e-09 -1.90113e-09
13.325 -1.61158e-09 -1.82538e-09
13.35 -1.52944e-09 -1.74343e-09
13.375 -1.44223e-09 -1.6559e-09
13.4 -1.35059e-09 -1.56344e-09
13.425 -1.25518e-09 -1.46674e-09
13.45 -1.1567e-09 -1.36648e-09
13.475 -1.05583e-09 -1.26339e-09
13.5 -9.53289e-10 -1.1582e-09
13.525 -8.49789e-10 -1.05162e-09
13.55 -7.4604e-10 -9.44406e-10
13.575 -6.42747e-10 -8.37276e-10
13.6 -5.40607e-10 -7.30949e-10
13.625 -4.40297e-10 -6.2613e-10
13.65 -3.42479e-10 -5.23503e-10
13.675 -2.47787e-10 -4.23731e-10
13.7 -1.5683e-10 -3.27447e-10
13.725 -7.01865e-11 -2.35255e-10
13.75 1.16014e-11 -1.47727e-10
13.775 8.80269e-11 -6.53949e-11
13.8 1.58623e-10 1.12476e-11
13.825 2.22964e-10 8.1748e-11
13.85 2.80668e-10 1.45698e-10
13.875 3.31398e-10 2.02734e-10
13.9 3.74861e-10 2.5254e-10
13.925 4.10811e-10 2.94844e-10
13.95 4.39051e-10 3.29426e-10
13.975 4.59429e-10 3.5611e-10
14 4.7184e-10 3.7477e-10
14.025 4.76225e-10 3.85325e-10
14.05 4.7257e-10 3.87743e-10
14.075 4.60906e-10 3.82036e-10
14.1 4.41308e-10 3.6826e-10
14.125 4.1389e-10 3.46514e-10
14.15 3.78807e-10 3.16938e-10
14.175 3.36252e-10 2.7971e-10
14.2 2.86452e-10 2.35048e-10
14.225 2.29669e-10 1.832e-10
14.25 1.66195e-10 1.2445e-10
14.275 9.63503e-11 5.91107e-11
14.3 2.04821e-11 -1.24795e-11
14.325 -6.10401e-11 -8.9956e-11
14.35 -1.47826e-10 -1.72933e-10
14.375 -2.39468e-10 -2.61005e-10
14.4 -3.35542e-10 -3.53752e-10
14.425 -4.35613e-10 -4.50738e-10
14.45 -5.39236e-10 -5.51518e-10
14.475 -6.45958e-10 -6.55638e-10
14.5 -7.55322e-10 -7.62639e-10
14.525 -8.66869e-10 -8.72057e-10
14.55 -9.8014e-10 -9.83432e-10
14.575 -1.09468e-09 -1.0963e-09
14.6 -1.21004e-09 -1.21021e-09
14.625 -1.32577e-09 -1.3247e-09
14.65 -1.44144e-09 -1.43934e-09
14.675 -1.55662e-09 -1.55369e-09
14.7 -1.67091e-09 -1.66733e-09
14.725 -1.7839e-09 -1.77987e-09
14.75 -1.89521e-09 -1.89089e-09
14.775 -2.00448e-09 -2.00004e-09
14.8 -2.11137e-09 -2.10696e-09
14.825 -2.21553e-09 -2.2113e-09
14.85 -2.31667e-09 -2.31275e-09
14.875 -2.4145e-09 -2.41102e-09
14.9 -2.50875e-09 -2.50582e-09
14.925 -2.59917e-09 -2.5969e-09
14.95 -2.68555e-09 -2.68402e-09
14.975 -2.76768e-09 -2.76699e-09
15 -2.84539e-09 -2.8456e-09
15.025 -2.91851e-09 -2.9197e-09
15.05 -2.98692e-09 -2.98914e-09
15.075 -3.05049e-09 -3.0538e-09
15.1 -3.10915e-09 -3.11358e-09
15.125 -3.16282e-09 -3.16839e-09
15.15 -3.21145e-09 -3.2182e-09
15.175 -3.255e-09 -3.26294e-09
15.2 -3.29348e-09 -3.30261e-09
15.225 -3.32689e-09 -3.33721e-09
15.25 -3.35524e-09 -3.36676e-09
15.275 -3.37859e-09 -3.39129e-09
15.3 -3.39699e-09 -3.41085e-09
15.325 -3.41051e-09 -3.42551e-09
15.35 -3.41925e-09 -3.43536e-09
15.375 -3.42329e-09 -3.44048e-09
15.4 -3.42276e-09 -3.44099e-09
15.425 -3.41777e-09 -3.437e-09
15.45 -3.40846e-09 -3.42865e-09
15.475 -3.39497e-09 -3.41608e-09
15.5 -3.37745e-09 -3.39942e-09
15.525 -3.35606e-09 -3.37884e-09
15.55 -3.33096e-09 -3.3545e-09
15.575 -3.30232e-09 -3.32657e-09
15.6 -3.27031e-09 -3.29522e-09
15.625 -3.23511e-09 -3.26062e-09
15.65 -3.19691e-09 -3.22296e-09
15.675 -3.15588e-09 -3.18241e-09
15.7 -3.1122e-09 -3.13916e-09
15.725 -3.06606e-09 -3.09339e-09
15.75 -3.01764e-09 -3.04529e-09
15.775 -2.96712e-09 -2.99504e-09
15.8 -2.91469e-09 -2.94281e-09
15.825 -2.86051e-09 -2.88879e-09
15.85 -2.80477e-09 -2.83316e-09
15.875 -2.74764e-09 -2.77608e-09
15.9 -2.68928e-09 -2.71774e-09
15.925 -2.62987e-09 -2.65828e-09
15.95 -2.56955e-09 -2.59788e-09
15.975 -2.50849e-09 -2.53669e-09
16 -2.44683e-09 -2.47486e-09
16.025 -2.38471e-09 -2.41254e-09
16.05 -2.32229e-09 -2.34988e-09
16.075 -2.25968e-09 -2.28699e-09
16.1 -2.19702e-09 -2.22402e-09
16.125 -2.13443e-09 -2.16109e-09
16.15 -2.07202e-09 -2.09831e-09
16.175 -2.00991e-09 -2.0358e-09
16.2 -1.94818e-09 -1.97366e-09
16.225 -1.88695e-09 -1.91198e-09
16.25 -1.82629e-09 -1.85087e-09
16.275 -1.7663e-09 -1.7904e-09
16.3 -1.70705e-09 -1.73065e-09
16.325 -1.64861e-09 -1.67171e-09
16.35 -1.59106e-09 -1.61363e-09
16.375 -1.53444e-09 -1.55648e-09
16.4 -1.47882e-09 -1.50032e-09
16.425 -1.42424e-09 -1.44519e-09
16.45 -1.37075e-09 -1.39115e-09
16.475 -1.31838e-09 -1.33822e-09
16.5 -1.26718e-09 -1.28646e-09
16.525 -1.21716e-09 -1.23588e-09
16.55 -1.16836e-09 -1.18652e-09
16.575 -1.12079e-09 -1.13839e-09
16.6 -1.07447e-09 -1.09152e-09
16.625 -1.02942e-09 -1.04591e-09
16.65 -9.85632e-10 -1.00158e-09
16.675 -9.43122e-10 -9.58522e-10
16.7 -9.01888e-10 -9.16752e-10
16.725 -8.61929e-10 -8.76265e-10
16.75 -8.2324e-10 -8.37055e-10
16.775 -7.85815e-10 -7.99117e-10
16.8 -7.49643e-10 -7.62442e-10
16.825 -7.14711e-10 -7.27018e-10
16.85 -6.81007e-10 -6.9283e-10
16.875 -6.48513e-10 -6.59864e-10
16.9 -6.17212e-10 -6.28101e-10
16.925 -5.87083e-10 -5.97522e-10
16.95 -5.58106e-10 -5.68107e-10
16.975 -5.30259e-10 -5.39832e-10
17 -5.03517e-10 -5.12675e-10
17.025 -4.77856e-10 -4.86611e-10
17.05 -4.53251e-10 -4.61615e-10
17.075 -4.29676e-10 -4.37661e-10
17.1 -4.07103e-10 -4.14722e-10
17.125 -3.85507e-10 -3.9277e-10
17.15 -3.64858e-10 -3.71779e-10
17.175 -3.4513e-10 -3.5172e-10
17.2 -3.26293e-10 -3.32564e-10
17.225 -3.08321e-10 -3.14285e-10
17.25 -2.91185e-10 -2.96853e-10
17.275 -2.74858e-10 -2.80241e-10
17.3 -2.5931e-10 -2.6442e-10
17.325 -2.44515e-10 -2.49362e-10
17.35 -2.30445e-10 -2.3504e-10
17.375 -2.17073e-10 -2.21427e-10
17.4 -2.04373e-10 -2.08496e-10
17.425 -1.92318e-10 -1.9622e-10
17.45 -1.80883e-10 -1.84574e-10
17.475 -1.70043e-10 -1.73532e-10
17.5 -1.59772e-10 -1.63068e-10
17.525 -1.50048e-10 -1.5316e-10
17.55 -1.40845e-10 -1.43782e-10
17.575 -1.32142e-10 -1.34912e-10
17.6 -1.23917e-10 -1.26527e-10
17.625 -1.16146e-10 -1.18606e-10
17.65 -1.08811e-10 -1.11126e-10
17.675 -1.01889e-10 -1.04068e-10
17.7 -9.53622e-11 -9.74118e-11
17.725 -8.92108e-11 -9.11374e-11
17.75 -8.34166e-11 -8.52267e-11
17.775 -7.79618e-11 -7.96616e-11
17.8 -7.28295e-11 -7.44247e-11
17.825 -6.80032e-11 -6.94996e-11
17.85 -6.34671e-11 -6.487e-11
17.875 -5.92061e-11 -6.05207e-11
17.9 -5.52057e-11 -5.64369e-11
17.925 -5.14518e-11 -5.26044e-11
17.95 -4.79313e-11 -4.90096e-11
17.975 -4.46313e-11 -4.56397e-11
18 -4.15396e-11 -4.24821e-11
18.025 -3.86446e-11 -3.95251e-11
18.05 -3.59352e-11 -3.67573e-11
18.075 -3.34007e-11 -3.4168e-11
18.1 -3.10311e-11 -3.17469e-11
18.125 -2.88169e-11 -2.94842e-11
18.15 -2.67487e-11 -2.73706e-11
18.175 -2.4818e-11 -2.53972e-11
18.2 -2.30166e-11 -2.35558e-11
18.225 -2.13365e-11 -2.18383e-11
18.25 -1.97705e-11 -2.02372e-11
18.275 -1.83114e-11 -1.87453e-11
18.3 -1.69527e-11 -1.73559e-11
18.325 -1.5688e-11 -1.60625e-11
18.35 -1.45114e-11 -1.48591e-11
18.375 -1.34173e-11 -1.37399e-11
18.4 -1.24004e-11 -1.26996e-11
18.425 -1.14557e-11 -1.17331e-11
18.45 -1.05785e-11 -1.08355e-11
18.475 -9.76432e-12 -1.00024e-11
18.5 -9.00901e-12 -9.22941e-12
18.525 -8.30865e-12 -8.51259e-12
18.55 -7.65952e-12 -7.84816e-12
18.575 -7.05817e-12 -7.23257e-12
18.6 -6.50133e-12 -6.6625e-12
18.625 -5.98594e-12 -6.13481e-12
18.65 -5.50913e-12 -5.64659e-12
18.675 -5.06822e-12 -5.19507e-12
18.7 -4.66068e-12 -4.7777e-12
18.725 -4.28416e-12 -4.39207e-12
18.75 -3.93645e-12 -4.03591e-12
18.775 -3.6155e-12 -3.70712e-12
18.8 -3.31937e-12 -3.40374e-12
18.825 -3.04626e-12 -3.12393e-12
18.85 -2.7945e-12 -2.86596e-12
18.875 -2.56251e-12 -2.62823e-12
18.9 -2.34885e-12 -2.40927e-12
18.925 -2.15214e-12 -2.20766e-12
18.95 -1.97112e-12 -2.02211e-12
18.975 -1.80461e-12 -1.85143e-12
19 -1.65151e-12 -1.69448e-12
19.025 -1.51081e-12 -1.55022e-12
19.05 -1.38155e-12 -1.41769e-12
19.075 -1.26285e-12 -1.29598e-12
19.1 -1.1539e-12 -1.18425e-12
19.125 -1.05394e-12 -1.08173e-12
19.15 -9.62258e-13 -9.87707e-13
19.175 -8.78215e-13 -9.01502e-13
19.2 -8.01201e-13 -8.22503e-13
19.225 -7.3066e-13 -7.50136e-13
19.25 -6.66072e-13 -6.83873e-13
19.275 -6.06961e-13 -6.23224e-13
19.3 -5.52884e-13 -5.67735e-13
19.325 -5.03433e-13 -5.1699e-13
19.35 -4.5823e-13 -4.706e-13
19.375 -4.16927e-13 -4.2821e-13
19.4 -3.79203e-13 -3.89491e-13
19.425 -3.44762e-13 -3.54138e-13
19.45 -3.13331e-13 -3.21873e-13
19.475 -2.84659e-13 -2.92438e-13
19.5 -2.58513e-13 -2.65594e-13
19.525 -2.3468e-13 -2.41124e-13
19.55 -2.12966e-13 -2.18827e-13
19.575 -1.93188e-13 -1.98517e-13
19.6 -1.75182e-13 -1.80026e-13
19.625 -1.58795e-13 -1.63196e-13
19.65 -1.43888e-13 -1.47885e-13
19.675 -1.30332e-13 -1.3396e-13
19.7 -1.1801e-13 -1.21302e-13
19.725 -1.06813e-13 -1.098e-13
19.75 -9.66437e-14 -9.93521e-14
19.775 -8.74103e-14 -8.98653e-14
19.8 -7.90302e-14 -8.12546e-14
19.825 -7.14275e-14 -7.34422e-14
19.85 -6.45326e-14 -6.63568e-14
19.875 -5.82822e-14 -5.99332e-14
19.9 -5.26181e-14 -5.41118e-14
19.925 -4.74874e-14 -4.88382e-14
19.95 -4.28414e-14 -4.40626e-14
19.975 -3.86361e-14 -3.97397e-14
20 -3.48311e-14 -3.58281e-14
