0 0.13173 0.141027 -0.0366006 0.0522132
0.025 0.13173 0.141027 -0.0366006 0.0522132
0.05 0.131737 0.141033 -0.0365693 0.0522321
0.075 0.131749 0.141044 -0.0365171 0.0522636
0.1 0.131765 0.141059 -0.0364442 0.0523075
0.125 0.131786 0.141079 -0.0363508 0.0523639
0.15 0.131812 0.141102 -0.0362372 0.0524325
0.175 0.131842 0.14113 -0.0361036 0.0525132
0.2 0.131876 0.141162 -0.0359504 0.0526058
0.225 0.131915 0.141198 -0.0357779 0.0527101
0.25 0.131959 0.141238 -0.0355866 0.0528259
0.275 0.132007 0.141283 -0.0353771 0.0529529
0.3 0.13206 0.141331 -0.0351497 0.0530908
0.325 0.132116 0.141384 -0.0349052 0.0532392
0.35 0.132178 0.14144 -0.0346441 0.0533979
0.375 0.132243 0.1415 -0.034367 0.0535665
0.4 0.132312 0.141564 -0.0340748 0.0537446
0.425 0.132386 0.141632 -0.0337681 0.0539318
0.45 0.132463 0.141703 -0.0334476 0.0541277
0.475 0.132545 0.141778 -0.0331142 0.0543318
0.5 0.13263 0.141856 -0.0327688 0.0545436
0.525 0.132719 0.141937 -0.0324121 0.0547627
0.55 0.132811 0.142022 -0.032045 0.0549885
0.575 0.132907 0.14211 -0.0316685 0.0552206
0.6 0.133006 0.1422 -0.0312835 0.0554584
0.625 0.133108 0.142294 -0.0308909 0.0557014
0.65 0.133214 0.14239 -0.0304917 0.055949
0.675 0.133322 0.142488 -0.0300868 0.0562007
0.7 0.133432 0.142589 -0.0296771 0.0564558
0.725 0.133545 0.142692 -0.0292638 0.0567139
0.75 0.13366 0.142796 -0.0288476 0.0569743
0.775 0.133778 0.142903 -0.0284297 0.0572365
0.8 0.133897 0.143011 -0.028011 0.0574999
0.825 0.134017 0.14312 -0.0275924 0.0577638
0.85 0.134139 0.14323 -0.0271749 0.0580276
0.875 0.134263 0.143341 -0.0267595 0.0582909
0.9 0.134386 0.143453 -0.026347 0.058553
0.925 0.134511 0.143565 -0.0259385 0.0588134
0.95 0.134636 0.143677 -0.0255347 0.0590714
0.975 0.134761 0.14379 -0.0251366 0.0593265
1 0.134885 0.143901 -0.024745 0.0595782
1.025 0.135009 0.144012 -0.0243606 0.0598259
1.05 0.135133 0.144123 -0.0239844 0.0600691
1.075 0.135255 0.144232 -0.0236171 0.0603072
1.1 0.135375 0.144339 -0.0232593 0.0605399
1.125 0.135494 0.144445 -0.0229118 0.0607665
1.15 0.135611 0.144549 -0.0225753 0.0609867
1.175 0.135726 0.14465 -0.0222503 0.0612
1.2 0.135838 0.144749 -0.0219374 0.061406
1.225 0.135947 0.144846 -0.0216371 0.0616042
1.25 0.136052 0.144939 -0.02135 0.0617944
1.275 0.136155 0.145029 -0.0210765 0.0619762
1.3 0.136253 0.145115 -0.0208169 0.0621491
1.325 0.136347 0.145198 -0.0205717 0.0623131
1.35 0.136437 0.145277 -0.0203412 0.0624677
1.375 0.136523 0.145351 -0.0201256 0.0626128
1.4 0.136603 0.145421 -0.0199251 0.0627481
1.425 0.136679 0.145487 -0.0197399 0.0628734
1.45 0.136749 0.145548 -0.0195701 0.0629887
1.475 0.136813 0.145603 -0.0194158 0.0630938
1.5 0.136872 0.145654 -0.019277 0.0631886
1.525 0.136925 0.1457 -0.0191537 0.063273
1.55 0.136972 0.14574 -0.0190459 0.0633471
1.575 0.137013 0.145775 -0.0189533 0.0634108
1.6 0.137047 0.145804 -0.0188759 0.0634642
1.625 0.137075 0.145828 -0.0188135 0.0635074
1.65 0.137097 0.145847 -0.0187658 0.0635405
1.675 0.137112 0.14586 -0.0187324 0.0635637
1.7 0.137121 0.145867 -0.0187132 0.063577
1.725 0.137123 0.145869 -0.0187077 0.0635807
1.75 0.137119 0.145866 -0.0187155 0.0635751
1.775 0.137108 0.145857 -0.0187361 0.0635605
1.8 0.137091 0.145843 -0.0187692 0.063537
1.825 0.137068 0.145824 -0.0188141 0.0635051
1.85 0.137038 0.145801 -0.0188703 0.0634651
1.875 0.137003 0.145772 -0.0189374 0.0634174
1.9 0.136963 0.145739 -0.0190145 0.0633625
1.925 0.136916 0.145703 -0.0191013 0.0633006
1.95 0.136865 0.145662 -0.0191969 0.0632324
1.975 0.136809 0.145617 -0.0193008 0.0631582
2 0.136748 0.145569 -0.0194122 0.0630786
2.025 0.136683 0.145519 -0.0195305 0.0629942
2.05 0.136615 0.145466 -0.0196549 0.0629054
2.075 0.136542 0.14541 -0.0197847 0.0628127
2.1 0.136467 0.145353 -0.0199192 0.0627169
2.125 0.13639 0.145295 -0.0200577 0.0626185
2.15 0.13631 0.145235 -0.0201993 0.0625179
2.175 0.136229 0.145175 -0.0203435 0.062416
2.2 0.136147 0.145116 -0.0204893 0.0623132
2.225 0.136064 0.145057 -0.0206362 0.0622103
2.25 0.135981 0.144999 -0.0207833 0.0621077
2.275 0.135899 0.144942 -0.02093 0.0620062
2.3 0.135819 0.144888 -0.0210755 0.0619064
2.325 0.13574 0.144837 -0.0212191 0.0618088
2.35 0.135664 0.144788 -0.0213601 0.0617142
2.375 0.135591 0.144744 -0.021498 0.061623
2.4 0.135521 0.144704 -0.0216319 0.061536
2.425 0.135456 0.144669 -0.0217614 0.0614536
2.45 0.135396 0.144639 -0.0218858 0.0613765
2.475 0.135342 0.144615 -0.0220045 0.0613053
2.5 0.135294 0.144598 -0.0221169 0.0612404
2.525 0.135253 0.144588 -0.0222227 0.0611825
2.55 0.13522 0.144585 -0.0223211 0.061132
2.575 0.135195 0.144591 -0.0224119 0.0610893
2.6 0.135179 0.144605 -0.0224945 0.061055
2.625 0.135172 0.144628 -0.0225686 0.0610296
2.65 0.135175 0.14466 -0.0226338 0.0610133
2.675 0.135188 0.144703 -0.0226898 0.0610065
2.7 0.135213 0.144756 -0.0227362 0.0610097
2.725 0.135249 0.144819 -0.0227729 0.0610232
2.75 0.135298 0.144894 -0.0227996 0.0610471
2.775 0.135359 0.14498 -0.0228161 0.0610818
2.8 0.135432 0.145077 -0.0228223 0.0611275
2.825 0.135519 0.145187 -0.022818 0.0611843
2.85 0.13562 0.145308 -0.0228033 0.0612524
2.875 0.135734 0.145442 -0.0227781 0.0613318
2.9 0.135863 0.145588 -0.0227424 0.0614227
2.925 0.136005 0.145746 -0.0226961 0.061525
2.95 0.136163 0.145917 -0.0226396 0.0616387
2.975 0.136335 0.1461 -0.0225727 0.0617638
3 0.136521 0.146296 -0.0224957 0.0619001
3.025 0.136722 0.146504 -0.0224088 0.0620476
3.05 0.136938 0.146724 -0.0223122 0.0622059
3.075 0.137168 0.146956 -0.0222061 0.0623749
3.1 0.137412 0.147199 -0.0220908 0.0625542
3.125 0.13767 0.147454 -0.0219667 0.0627437
3.15 0.137942 0.14772 -0.0218341 0.0629429
3.175 0.138227 0.147996 -0.0216933 0.0631513
3.2 0.138525 0.148282 -0.0215447 0.0633687
3.225 0.138836 0.148578 -0.0213888 0.0635945
3.25 0.139158 0.148882 -0.0212259 0.0638281
3.275 0.139492 0.149195 -0.0210566 0.0640691
3.3 0.139837 0.149515 -0.0208813 0.0643168
3.325 0.140191 0.149842 -0.0207006 0.0645707
3.35 0.140554 0.150175 -0.0205148 0.06483
3.375 0.140925 0.150513 -0.0203246 0.065094
3.4 0.141304 0.150855 -0.0201305 0.0653622
3.425 0.141689 0.1512 -0.019933 0.0656336
3.45 0.14208 0.151548 -0.0197327 0.0659076
3.475 0.142474 0.151897 -0.0195301 0.0661832
3.5 0.142872 0.152245 -0.0193257 0.0664598
3.525 0.143271 0.152593 -0.0191202 0.0667364
3.55 0.143671 0.152938 -0.0189141 0.0670122
3.575 0.144071 0.15328 -0.018708 0.0672863
3.6 0.144469 0.153618 -0.0185023 0.0675577
3.625 0.144863 0.153949 -0.0182977 0.0678256
3.65 0.145252 0.154273 -0.0180947 0.0680891
3.675 0.145636 0.154588 -0.0178938 0.0683472
3.7 0.146011 0.154893 -0.0176955 0.068599
3.725 0.146378 0.155187 -0.0175004 0.0688434
3.75 0.146734 0.155468 -0.0173089 0.0690797
3.775 0.147078 0.155735 -0.0171215 0.0693067
3.8 0.147408 0.155986 -0.0169386 0.0695237
3.825 0.147723 0.15622 -0.0167607 0.0697296
3.85 0.148021 0.156435 -0.0165882 0.0699235
3.875 0.148301 0.15663 -0.0164215 0.0701045
3.9 0.14856 0.156804 -0.016261 0.0702716
3.925 0.148799 0.156955 -0.016107 0.0704241
3.95 0.149014 0.157082 -0.0159598 0.070561
3.975 0.149204 0.157183 -0.0158198 0.0706814
4 0.149369 0.157256 -0.0156872 0.0707846
4.025 0.149505 0.157302 -0.0155622 0.0708696
4.05 0.149613 0.157317 -0.0154451 0.0709359
4.075 0.14969 0.157301 -0.0153361 0.0709825
4.1 0.149735 0.157253 -0.0152353 0.0710087
4.125 0.149747 0.157171 -0.0151429 0.071014
4.15 0.149725 0.157054 -0.0150589 0.0709976
4.175 0.149666 0.156901 -0.0149834 0.0709589
4.2 0.149571 0.156711 -0.0149165 0.0708973
4.225 0.149437 0.156483 -0.0148582 0.0708123
4.25 0.149264 0.156215 -0.0148085 0.0707034
4.275 0.149051 0.155908 -0.0147673 0.0705702
4.3 0.148796 0.155559 -0.0147346 0.0704122
4.325 0.148499 0.155168 -0.0147103 0.070229
4.35 0.148159 0.154735 -0.0146942 0.0700205
4.375 0.147775 0.154259 -0.0146861 0.0697862
4.4 0.147347 0.153738 -0.014686 0.069526
4.425 0.146874 0.153173 -0.0146936 0.0692397
4.45 0.146355 0.152563 -0.0147086 0.0689272
4.475 0.14579 0.151908 -0.0147309 0.0685885
4.5 0.145179 0.151207 -0.0147601 0.0682234
4.525 0.144522 0.15046 -0.014796 0.0678321
4.55 0.143817 0.149667 -0.0148382 0.0674146
4.575 0.143066 0.148828 -0.0148863 0.0669711
4.6 0.142268 0.147944 -0.0149402 0.0665017
4.625 0.141423 0.147013 -0.0149992 0.0660067
4.65 0.140531 0.146036 -0.0150632 0.0654864
4.675 0.139593 0.145014 -0.0151316 0.064941
4.7 0.13861 0.143946 -0.0152041 0.0643711
4.725 0.13758 0.142834 -0.0152802 0.063777
4.75 0.136506 0.141678 -0.0153594 0.0631592
4.775 0.135387 0.140478 -0.0154415 0.0625183
4.8 0.134225 0.139235 -0.0155258 0.0618547
4.825 0.13302 0.13795 -0.0156119 0.0611692
4.85 0.131773 0.136624 -0.0156994 0.0604622
4.875 0.130484 0.135257 -0.0157878 0.0597347
4.9 0.129156 0.133851 -0.0158767 0.0589872
4.925 0.127788 0.132406 -0.0159655 0.0582205
4.95 0.126383 0.130925 -0.0160538 0.0574354
4.975 0.124941 0.129407 -0.0161411 0.0566328
5 0.123463 0.127854 -0.016227 0.0558135
5.025 0.121951 0.126268 -0.0163111 0.0549784
5.05 0.120407 0.124649 -0.0163928 0.0541283
5.075 0.118832 0.123 -0.0164718 0.0532643
5.1 0.117226 0.121322 -0.0165475 0.0523872
5.125 0.115593 0.119616 -0.0166197 0.051498
5.15 0.113932 0.117883 -0.0166879 0.0505978
5.175 0.112247 0.116126 -0.0167517 0.0496874
5.2 0.110538 0.114347 -0.0168107 0.0487679
5.225 0.108808 0.112545 -0.0168646 0.0478403
5.25 0.107058 0.110724 -0.0169131 0.0469057
5.275 0.105289 0.108886 -0.0169557 0.045965
5.3 0.103503 0.107031 -0.0169922 0.0450192
5.325 0.101703 0.105161 -0.0170224 0.0440693
5.35 0.0998898 0.103279 -0.0170459 0.0431165
5.375 0.0980651 0.101386 -0.0170624 0.0421616
5.4 0.0962308 0.0994832 -0.0170719 0.0412056
5.425 0.0943886 0.0975732 -0.017074 0.0402496
5.45 0.0925402 0.0956576 -0.0170685 0.0392945
5.475 0.0906875 0.0937379 -0.0170554 0.0383412
5.5 0.088832 0.091816 -0.0170345 0.0373908
5.525 0.0869756 0.0898935 -0.0170056 0.0364439
5.55 0.0851198 0.087972 -0.0169686 0.0355017
5.575 0.0832662 0.0860534 -0.0169235 0.0345649
5.6 0.0814166 0.0841391 -0.0168703 0.0336344
5.625 0.0795725 0.0822308 -0.0168089 0.032711
5.65 0.0777354 0.08033 -0.0167392 0.0317954
5.675 0.0759068 0.0784383 -0.0166614 0.0308885
5.7 0.0740883 0.0765571 -0.0165754 0.0299909
5.725 0.0722811 0.0746879 -0.0164813 0.0291033
5.75 0.0704866 0.0728321 -0.0163791 0.0282265
5.775 0.0687063 0.0709911 -0.0162691 0.027361
5.8 0.0669414 0.069166 -0.0161512 0.0265074
5.825 0.065193 0.0673583 -0.0160256 0.0256663
5.85 0.0634625 0.065569 -0.0158926 0.0248382
5.875 0.0617508 0.0637993 -0.0157521 0.0240236
5.9 0.060059 0.0620503 -0.0156045 0.0232229
5.925 0.0583882 0.0603231 -0.0154499 0.0224366
5.95 0.0567394 0.0586185 -0.0152886 0.021665
5.975 0.0551133 0.0569376 -0.0151207 0.0209084
6 0.0535108 0.0552811 -0.0149465 0.0201673
6.025 0.0519328 0.0536499 -0.0147663 0.0194418
6.05 0.0503799 0.0520448 -0.0145803 0.0187322
6.075 0.0488528 0.0504663 -0.0143888 0.0180387
6.1 0.0473521 0.0489151 -0.0141921 0.0173615
6.125 0.0458783 0.0473918 -0.0139905 0.0167007
6.15 0.044432 0.0458969 -0.0137842 0.0160563
6.175 0.0430135 0.0444309 -0.0135736 0.0154286
6.2 0.0416233 0.042994 -0.013359 0.0148175
6.225 0.0402617 0.0415867 -0.0131407 0.014223
6.25 0.0389289 0.0402092 -0.0129189 0.0136452
6.275 0.0376252 0.0388619 -0.0126941 0.0130839
6.3 0.0363507 0.0375447 -0.0124664 0.0125391
6.325 0.0351057 0.036258 -0.0122364 0.0120108
6.35 0.0338901 0.0350017 -0.0120041 0.0114988
6.375 0.0327039 0.0337759 -0.0117701 0.0110029
6.4 0.0315473 0.0325806 -0.0115345 0.0105231
6.425 0.03042 0.0314157 -0.0112977 0.010059
6.45 0.0293221 0.0302811 -0.0110599 0.00961061
6.475 0.0282534 0.0291768 -0.0108216 0.00917759
6.5 0.0272137 0.0281024 -0.0105829 0.00875975
6.525 0.0262028 0.0270578 -0.0103441 0.00835683
6.55 0.0252204 0.0260427 -0.0101056 0.00796856
6.575 0.0242664 0.025057 -0.00986761 0.00759468
6.6 0.0233403 0.0241001 -0.00963035 0.00723489
6.625 0.0224419 0.0231719 -0.00939411 0.0068889
6.65 0.0215708 0.0222719 -0.00915913 0.00655641
6.675 0.0207267 0.0213998 -0.00892564 0.00623709
6.7 0.0199091 0.0205551 -0.00869387 0.00593063
6.725 0.0191176 0.0197374 -0.00846403 0.00563671
6.75 0.0183517 0.0189463 -0.00823632 0.00535499
6.775 0.0176111 0.0181812 -0.00801096 0.00508513
6.8 0.0168952 0.0174417 -0.00778811 0.00482681
6.825 0.0162036 0.0167273 -0.00756795 0.00457968
6.85 0.0155357 0.0160375 -0.00735065 0.00434341
6.875 0.0148911 0.0153717 -0.00713636 0.00411766
6.9 0.0142693 0.0147294 -0.00692522 0.00390208
6.925 0.0136696 0.01411 -0.00671735 0.00369635
6.95 0.0130916 0.0135131 -0.00651289 0.00350012
6.975 0.0125348 0.0129381 -0.00631194 0.00331307
7 0.0119986 0.0123843 -0.00611459 0.00313488
7.025 0.0114825 0.0118514 -0.00592095 0.00296521
7.05 0.0109859 0.0113386 -0.00573108 0.00280375
7.075 0.0105084 0.0108454 -0.00554505 0.00265018
7.1 0.0100492 0.0103713 -0.00536294 0.0025042
7.125 0.00960807 0.0099158 -0.00518477 0.00236551
7.15 0.00918429 0.00947823 -0.00501061 0.00223381
7.175 0.00877738 0.0090581 -0.00484047 0.00210882
7.2 0.00838682 0.00865485 -0.00467438 0.00199024
7.225 0.0080121 0.00826797 -0.00451236 0.0018778
7.25 0.0076527 0.00789691 -0.00435441 0.00177125
7.275 0.00730812 0.00754116 -0.00420053 0.00167031
7.3 0.00697787 0.0072002 -0.00405073 0.00157474
7.325 0.00666145 0.00687354 -0.00390497 0.00148428
7.35 0.0063584 0.00656068 -0.00376325 0.00139871
7.375 0.00606823 0.00626112 -0.00362553 0.0013178
7.4 0.0057905 0.00597441 -0.00349178 0.00124131
7.425 0.00552475 0.00570006 -0.00336198 0.00116904
7.45 0.00527054 0.00543763 -0.00323606 0.00110079
7.475 0.00502743 0.00518667 -0.00311399 0.00103634
7.5 0.00479502 0.00494674 -0.00299571 0.000975517
7.525 0.00457289 0.00471743 -0.00288117 0.000918131
7.55 0.00436064 0.00449832 -0.00277031 0.000864007
7.575 0.00415789 0.00428901 -0.00266306 0.000812974
7.6 0.00396426 0.00408912 -0.00255937 0.000764872
7.625 0.00377937 0.00389825 -0.00245916 0.000719546
7.65 0.00360289 0.00371606 -0.00236237 0.000676846
7.675 0.00343446 0.00354218 -0.00226891 0.000636631
7.7 0.00327374 0.00337626 -0.00217873 0.000598767
7.725 0.00312043 0.00321798 -0.00209173 0.000563123
7.75 0.00297419 0.00306701 -0.00200785 0.000529577
7.775 0.00283474 0.00292304 -0.00192701 0.000498013
7.8 0.00270178 0.00278577 -0.00184913 0.000468317
7.825 0.00257503 0.0026549 -0.00177413 0.000440386
7.85 0.00245422 0.00253017 -0.00170193 0.000414118
7.875 0.00233908 0.00241129 -0.00163246 0.000389417
7.9 0.00222937 0.00229802 -0.00156563 0.000366193
7.925 0.00212484 0.00219009 -0.00150137 0.000344361
7.95 0.00202526 0.00208727 -0.00143959 0.000323839
7.975 0.0019304 0.00198932 -0.00138023 0.00030455
8 0.00184006 0.00189604 -0.00132319 0.000286421
8.025 0.00175401 0.00180719 -0.00126842 0.000269383
8.05 0.00167207 0.00172258 -0.00121583 0.000253372
8.075 0.00159404 0.00164201 -0.00116536 0.000238326
8.1 0.00151974 0.00156529 -0.00111691 0.000224186
8.125 0.00144899 0.00149224 -0.00107044 0.000210899
8.15 0.00138164 0.00142269 -0.00102586 0.000198413
8.175 0.00131751 0.00135647 -0.000983114 0.00018668
8.2 0.00125645 0.00129343 -0.000942127 0.000175653
8.225 0.00119832 0.00123341 -0.000902837 0.000165289
8.25 0.00114298 0.00117628 -0.000865179 0.000155549
8.275 0.00109029 0.00112188 -0.000829092 0.000146393
8.3 0.00104013 0.00107009 -0.000794515 0.000137787
8.325 0.00099237 0.00102078 -0.000761389 0.000129696
8.35 0.000946895 0.000973838 -0.000729659 0.00012209
8.375 0.000903594 0.000929141 -0.000699267 0.000114937
8.4 0.000862362 0.000886583 -0.00067016 0.000108211
8.425 0.000823098 0.000846058 -0.000642287 0.000101886
8.45 0.000785705 0.000807468 -0.000615596 9.59358e-05
8.475 0.00075009 0.000770717 -0.00059004 9.03387e-05
8.5 0.000716168 0.000735716 -0.000565571 8.50726e-05
8.525 0.000683854 0.000702378 -0.000542143 8.01175e-05
8.55 0.00065307 0.000670622 -0.000519713 7.54543e-05
8.575 0.00062374 0.000640369 -0.000498239 7.10652e-05
8.6 0.000595791 0.000611546 -0.000477679 6.69336e-05
8.625 0.000569157 0.000584082 -0.000457995 6.30438e-05
8.65 0.000543772 0.000557911 -0.000439149 5.93812e-05
8.675 0.000519575 0.000532968 -0.000421104 5.5932e-05
8.7 0.000496507 0.000509193 -0.000403826 5.26835e-05
8.725 0.000474512 0.000486528 -0.000387281 4.96235e-05
8.75 0.000453537 0.000464919 -0.000371437 4.67408e-05
8.775 0.000433533 0.000444313 -0.000356264 4.40248e-05
8.8 0.000414451 0.000424662 -0.000341731 4.14655e-05
8.825 0.000396247 0.000405919 -0.000327811 3.90537e-05
8.85 0.000378877 0.000388038 -0.000314477 3.67807e-05
8.875 0.0003623 0.000370979 -0.000301702 3.46383e-05
8.9 0.000346478 0.0003547 -0.000289462 3.26187e-05
8.925 0.000331374 0.000339163 -0.000277733 3.0715e-05
8.95 0.000316953 0.000324333 -0.000266493 2.89202e-05
8.975 0.000303182 0.000310175 -0.000255719 2.72281e-05
9 0.00029003 0.000296657 -0.000245391 2.56328e-05
9.025 0.000277466 0.000283747 -0.00023549 2.41286e-05
9.05 0.000265463 0.000271416 -0.000225996 2.27103e-05
9.075 0.000253993 0.000259638 -0.000216891 2.13731e-05
9.1 0.000243032 0.000248384 -0.000208159 2.01123e-05
9.125 0.000232555 0.00023763 -0.000199783 1.89235e-05
9.15 0.000222539 0.000227353 -0.000191748 1.78028e-05
9.175 0.000212963 0.00021753 -0.000184037 1.67461e-05
9.2 0.000203805 0.000208139 -0.000176639 1.575e-05
9.225 0.000195047 0.00019916 -0.000169538 1.48111e-05
9.25 0.000186669 0.000190574 -0.000162722 1.39261e-05
9.275 0.000178655 0.000182363 -0.000156179 1.3092e-05
9.3 0.000170987 0.000174509 -0.000149897 1.23059e-05
9.325 0.00016365 0.000166995 -0.000143865 1.15653e-05
9.35 0.000156628 0.000159807 -0.000138072 1.08676e-05
9.375 0.000149907 0.00015293 -0.000132509 1.02103e-05
9.4 0.000143474 0.000146348 -0.000127166 9.59134e-06
9.425 0.000137316 0.00014005 -0.000122033 9.00847e-06
9.45 0.00013142 0.000134022 -0.000117102 8.45973e-06
9.475 0.000125775 0.000128252 -0.000112365 7.94323e-06
9.5 0.00012037 0.000122728 -0.000107814 7.45717e-06
9.525 0.000115194 0.00011744 -0.000103441 6.99987e-06
9.55 0.000110238 0.000112378 -9.92386e-05 6.56972e-06
9.575 0.000105491 0.000107531 -9.52007e-05 6.16522e-06
9.6 0.000100945 0.00010289 -9.13205e-05 5.78494e-06
9.625 9.65906e-05 9.84469e-05 -8.75918e-05 5.42753e-06
9.65 9.24205e-05 9.41921e-05 -8.40087e-05 5.0917e-06
9.675 8.84264e-05 9.01178e-05 -8.05654e-05 4.77624e-06
9.7 8.46009e-05 8.62165e-05 -7.72565e-05 4.48e-06
9.725 8.0937e-05 8.24807e-05 -7.40769e-05 4.20189e-06
9.75 7.74278e-05 7.89034e-05 -7.10216e-05 3.94089e-06
9.775 7.40668e-05 7.54779e-05 -6.80859e-05 3.69603e-06
9.8 7.0848e-05 7.21979e-05 -6.52652e-05 3.46636e-06
9.825 6.77654e-05 6.90573e-05 -6.25552e-05 3.25103e-06
9.85 6.48134e-05 6.60502e-05 -5.99518e-05 3.04919e-06
9.875 6.19866e-05 6.31711e-05 -5.7451e-05 2.86006e-06
9.9 5.92799e-05 6.04147e-05 -5.50489e-05 2.6829e-06
9.925 5.66883e-05 5.77759e-05 -5.27419e-05 2.51701e-06
9.95 5.42071e-05 5.52498e-05 -5.05264e-05 2.3617e-06
9.975 5.18319e-05 5.28318e-05 -4.83991e-05 2.21635e-06
10 4.95583e-05 5.05175e-05 -4.63568e-05 2.08036e-06
10.025 4.73821e-05 4.83025e-05 -4.43962e-05 1.95317e-06
10.05 4.52994e-05 4.61829e-05 -4.25144e-05 1.83422e-06
10.075 4.33065e-05 4.41546e-05 -4.07085e-05 1.72302e-06
10.1 4.13995e-05 4.22139e-05 -3.89758e-05 1.61908e-06
10.125 3.95751e-05 4.03573e-05 -3.73134e-05 1.52195e-06
10.15 3.78299e-05 3.85812e-05 -3.57188e-05 1.43119e-06
10.175 3.61606e-05 3.68824e-05 -3.41896e-05 1.34641e-06
10.2 3.45642e-05 3.52577e-05 -3.27233e-05 1.26722e-06
10.225 3.30376e-05 3.3704e-05 -3.13175e-05 1.19325e-06
10.25 3.1578e-05 3.22185e-05 -2.99701e-05 1.12416e-06
10.275 3.01826e-05 3.07982e-05 -2.86789e-05 1.05964e-06
10.3 2.88489e-05 2.94404e-05 -2.74417e-05 9.99377e-07
10.325 2.75742e-05 2.81427e-05 -2.62565e-05 9.43089e-07
10.35 2.63562e-05 2.69025e-05 -2.51215e-05 8.90508e-07
10.375 2.51923e-05 2.57173e-05 -2.40346e-05 8.41381e-07
10.4 2.40805e-05 2.4585e-05 -2.2994e-05 7.95473e-07
10.425 2.30186e-05 2.35032e-05 -2.19981e-05 7.52561e-07
10.45 2.20043e-05 2.24699e-05 -2.1045e-05 7.12437e-07
10.475 2.10358e-05 2.14829e-05 -2.01331e-05 6.74907e-07
10.5 2.01111e-05 2.05404e-05 -1.92609e-05 6.39788e-07
10.525 1.92282e-05 1.96405e-05 -1.84267e-05 6.06911e-07
10.55 1.83856e-05 1.87813e-05 -1.76291e-05 5.76117e-07
10.575 1.75814e-05 1.79611e-05 -1.68666e-05 5.47258e-07
10.6 1.68139e-05 1.71783e-05 -1.61379e-05 5.20196e-07
10.625 1.60816e-05 1.64311e-05 -1.54415e-05 4.94802e-07
10.65 1.5383e-05 1.57182e-05 -1.47762e-05 4.70958e-07
10.675 1.47165e-05 1.50379e-05 -1.41408e-05 4.48552e-07
10.7 1.40809e-05 1.43888e-05 -1.35339e-05 4.27482e-07
10.725 1.34746e-05 1.37697e-05 -1.29544e-05 4.07652e-07
10.75 1.28965e-05 1.31791e-05 -1.24012e-05 3.88974e-07
10.775 1.23452e-05 1.26159e-05 -1.18731e-05 3.71366e-07
10.8 1.18196e-05 1.20787e-05 -1.13692e-05 3.54754e-07
10.825 1.13185e-05 1.15665e-05 -1.08884e-05 3.39067e-07
10.85 1.08409e-05 1.10781e-05 -1.04296e-05 3.2424e-07
10.875 1.03855e-05 1.06124e-05 -9.99197e-06 3.10215e-07
10.9 9.95151e-06 1.01684e-05 -9.57456e-06 2.96936e-07
10.925 9.53784e-06 9.74519e-06 -9.17648e-06 2.84353e-07
10.95 9.14357e-06 9.34171e-06 -8.79687e-06 2.7242e-07
10.975 8.7678e-06 8.95709e-06 -8.43491e-06 2.61093e-07
11 8.40966e-06 8.59046e-06 -8.08979e-06 2.50332e-07
11.025 8.06833e-06 8.24097e-06 -7.76076e-06 2.40101e-07
11.05 7.74301e-06 7.90781e-06 -7.44708e-06 2.30366e-07
11.075 7.43293e-06 7.59022e-06 -7.14803e-06 2.21096e-07
11.1 7.13737e-06 7.28746e-06 -6.86294e-06 2.12262e-07
11.125 6.85562e-06 6.99882e-06 -6.59114e-06 2.03837e-07
11.15 6.58702e-06 6.72361e-06 -6.33201e-06 1.95796e-07
11.175 6.33092e-06 6.46118e-06 -6.08495e-06 1.88117e-07
11.2 6.0867e-06 6.21091e-06 -5.84936e-06 1.80777e-07
11.225 5.85378e-06 5.9722e-06 -5.62469e-06 1.73756e-07
11.25 5.6316e-06 5.74448e-06 -5.4104e-06 1.67037e-07
11.275 5.41961e-06 5.52719e-06 -5.20599e-06 1.60602e-07
11.3 5.21729e-06 5.31982e-06 -5.01095e-06 1.54434e-07
11.325 5.02416e-06 5.12186e-06 -4.82482e-06 1.48518e-07
11.35 4.83975e-06 4.93283e-06 -4.64715e-06 1.42839e-07
11.375 4.6636e-06 4.75227e-06 -4.4775e-06 1.37385e-07
11.4 4.49528e-06 4.57975e-06 -4.31546e-06 1.32142e-07
11.425 4.33439e-06 4.41484e-06 -4.16064e-06 1.27099e-07
11.45 4.18054e-06 4.25715e-06 -4.01267e-06 1.22244e-07
11.475 4.03336e-06 4.10631e-06 -3.87117e-06 1.17566e-07
11.5 3.89248e-06 3.96194e-06 -3.73582e-06 1.13057e-07
11.525 3.75758e-06 3.8237e-06 -3.60629e-06 1.08705e-07
11.55 3.62834e-06 3.69127e-06 -3.48227e-06 1.04503e-07
11.575 3.50445e-06 3.56434e-06 -3.36346e-06 1.00442e-07
11.6 3.38563e-06 3.44262e-06 -3.24959e-06 9.65143e-08
11.625 3.27159e-06 3.32581e-06 -3.14039e-06 9.27129e-08
11.65 3.16209e-06 3.21367e-06 -3.0356e-06 8.90309e-08
11.675 3.05688e-06 3.10593e-06 -2.935e-06 8.54622e-08
11.7 2.95573e-06 3.00237e-06 -2.83836e-06 8.20008e-08
11.725 2.85842e-06 2.90275e-06 -2.74547e-06 7.86417e-08
11.75 2.76474e-06 2.80688e-06 -2.65612e-06 7.53799e-08
11.775 2.6745e-06 2.71454e-06 -2.57012e-06 7.2211e-08
11.8 2.58753e-06 2.62557e-06 -2.48731e-06 6.91311e-08
11.825 2.50364e-06 2.53977e-06 -2.4075e-06 6.61368e-08
11.85 2.42268e-06 2.45699e-06 -2.33054e-06 6.32248e-08
11.875 2.3445e-06 2.37707e-06 -2.25629e-06 6.03925e-08
11.9 2.26895e-06 2.29988e-06 -2.1846e-06 5.76375e-08
11.925 2.19591e-06 2.22526e-06 -2.11535e-06 5.49578e-08
11.95 2.12525e-06 2.15311e-06 -2.04841e-06 5.23519e-08
11.975 2.05686e-06 2.0833e-06 -1.98366e-06 4.98182e-08
12 1.99063e-06 2.01572e-06 -1.921e-06 4.73559e-08
12.025 1.92646e-06 1.95027e-06 -1.86034e-06 4.49642e-08
12.05 1.86425e-06 1.88685e-06 -1.80157e-06 4.26424e-08
12.075 1.80393e-06 1.82538e-06 -1.7446e-06 4.03903e-08
12.1 1.74541e-06 1.76578e-06 -1.68936e-06 3.82077e-08
12.125 1.68862e-06 1.70796e-06 -1.63577e-06 3.60948e-08
12.15 1.63348e-06 1.65187e-06 -1.58376e-06 3.40515e-08
12.175 1.57993e-06 1.59742e-06 -1.53326e-06 3.20782e-08
12.2 1.52792e-06 1.54456e-06 -1.48421e-06 3.01752e-08
12.225 1.47739e-06 1.49324e-06 -1.43655e-06 2.83429e-08
12.25 1.42828e-06 1.44339e-06 -1.39023e-06 2.65817e-08
12.275 1.38054e-06 1.39497e-06 -1.34519e-06 2.48919e-08
12.3 1.33414e-06 1.34793e-06 -1.30139e-06 2.32738e-08
12.325 1.28903e-06 1.30223e-06 -1.25878e-06 2.17278e-08
12.35 1.24517e-06 1.25783e-06 -1.21732e-06 2.0254e-08
12.375 1.20252e-06 1.21468e-06 -1.17697e-06 1.88526e-08
12.4 1.16104e-06 1.17275e-06 -1.1377e-06 1.75235e-08
12.425 1.12071e-06 1.132e-06 -1.09947e-06 1.62664e-08
12.45 1.08149e-06 1.0924e-06 -1.06224e-06 1.50812e-08
12.475 1.04335e-06 1.05392e-06 -1.02599e-06 1.39673e-08
12.5 1.00627e-06 1.01653e-06 -9.90681e-07 1.2924e-08
12.525 9.70207e-07 9.80193e-07 -9.56292e-07 1.19505e-08
12.55 9.35145e-07 9.44886e-07 -9.22795e-07 1.10457e-08
12.575 9.01057e-07 9.10581e-07 -8.90164e-07 1.02084e-08
12.6 8.67918e-07 8.77249e-07 -8.58375e-07 9.43723e-09
12.625 8.35702e-07 8.44866e-07 -8.27405e-07 8.73048e-09
12.65 8.04389e-07 8.13405e-07 -7.97233e-07 8.08639e-09
12.675 7.73954e-07 7.82843e-07 -7.67837e-07 7.50298e-09
12.7 7.44376e-07 7.53155e-07 -7.39199e-07 6.9781e-09
12.725 7.15633e-07 7.24318e-07 -7.11299e-07 6.50945e-09
12.75 6.87705e-07 6.96309e-07 -6.84119e-07 6.09458e-09
12.775 6.60572e-07 6.69105e-07 -6.57644e-07 5.7309e-09
12.8 6.34213e-07 6.42686e-07 -6.31855e-07 5.41573e-09
12.825 6.0861e-07 6.17031e-07 -6.06738e-07 5.14625e-09
12.85 5.83744e-07 5.92119e-07 -5.8228e-07 4.91961e-09
12.875 5.59597e-07 5.6793e-07 -5.58465e-07 4.73286e-09
12.9 5.36153e-07 5.44447e-07 -5.35281e-07 4.58303e-09
12.925 5.13393e-07 5.2165e-07 -5.12716e-07 4.4671e-09
12.95 4.91303e-07 4.99523e-07 -4.90759e-07 4.38208e-09
12.975 4.69866e-07 4.7805e-07 -4.694e-07 4.32498e-09
13 4.49069e-07 4.57213e-07 -4.48628e-07 4.29285e-09
13.025 4.28898e-07 4.37e-07 -4.28434e-07 4.2828e-09
13.05 4.09339e-07 4.17395e-07 -4.08811e-07 4.29199e-09
13.075 3.9038e-07 3.98387e-07 -3.89751e-07 4.31772e-09
13.1 3.72011e-07 3.79963e-07 -3.71248e-07 4.35735e-09
13.125 3.5422e-07 3.62112e-07 -3.53295e-07 4.4084e-09
13.15 3.36997e-07 3.44824e-07 -3.35887e-07 4.46851e-09
13.175 3.20335e-07 3.2809e-07 -3.19019e-07 4.53549e-09
13.2 3.04224e-07 3.11902e-07 -3.02687e-07 4.60729e-09
13.225 2.88658e-07 2.96253e-07 -2.86889e-07 4.68205e-09
13.25 2.7363e-07 2.81136e-07 -2.7162e-07 4.75809e-09
13.275 2.59135e-07 2.66547e-07 -2.56879e-07 4.83393e-09
13.3 2.45167e-07 2.5248e-07 -2.42663e-07 4.90827e-09
13.325 2.31724e-07 2.38932e-07 -2.28972e-07 4.98e-09
13.35 2.188e-07 2.259e-07 -2.15803e-07 5.04824e-09
13.375 2.06395e-07 2.13381e-07 -2.03157e-07 5.11228e-09
13.4 1.94505e-07 2.01375e-07 -1.91032e-07 5.17162e-09
13.425 1.83129e-07 1.89881e-07 -1.79429e-07 5.22597e-09
13.45 1.72265e-07 1.78896e-07 -1.68346e-07 5.27519e-09
13.475 1.61913e-07 1.68423e-07 -1.57784e-07 5.31936e-09
13.5 1.52073e-07 1.58461e-07 -1.47743e-07 5.35872e-09
13.525 1.42744e-07 1.4901e-07 -1.38222e-07 5.39369e-09
13.55 1.33926e-07 1.40071e-07 -1.29222e-07 5.42482e-09
13.575 1.2562e-07 1.31646e-07 -1.20741e-07 5.45282e-09
13.6 1.17825e-07 1.23735e-07 -1.12778e-07 5.47855e-09
13.625 1.10542e-07 1.16339e-07 -1.05333e-07 5.50295e-09
13.65 1.0377e-07 1.09459e-07 -9.84047e-08 5.52711e-09
13.675 9.75093e-08 1.03095e-07 -9.19905e-08 5.55217e-09
13.7 9.1759e-08 9.72469e-08 -8.60882e-08 5.57938e-09
13.725 8.65183e-08 9.1915e-08 -8.06949e-08 5.61003e-09
13.75 8.17858e-08 8.70982e-08 -7.58073e-08 5.64546e-09
13.775 7.75594e-08 8.27953e-08 -7.14211e-08 5.68707e-09
13.8 7.38367e-08 7.90042e-08 -6.75317e-08 5.73622e-09
13.825 7.06145e-08 7.57222e-08 -6.41336e-08 5.79432e-09
13.85 6.78889e-08 7.2946e-08 -6.12205e-08 5.86275e-09
13.875 6.56552e-08 7.06714e-08 -5.87857e-08 5.94286e-09
13.9 6.39082e-08 6.88931e-08 -5.68212e-08 6.03596e-09
13.925 6.26415e-08 6.76053e-08 -5.53187e-08 6.1433e-09
13.95 6.18479e-08 6.6801e-08 -5.42688e-08 6.26607e-09
13.975 6.15195e-08 6.64723e-08 -5.36615e-08 6.40539e-09
14 6.16473e-08 6.66103e-08 -5.34857e-08 6.56229e-09
14.025 6.22214e-08 6.72052e-08 -5.37299e-08 6.73768e-09
14.05 6.3231e-08 6.82462e-08 -5.43815e-08 6.93239e-09
14.075 6.46644e-08 6.97215e-08 -5.54272e-08 7.14712e-09
14.1 6.65089e-08 7.1618e-08 -5.68531e-08 7.38245e-09
14.125 6.87508e-08 7.39222e-08 -5.86445e-08 7.63886e-09
14.15 7.13757e-08 7.66191e-08 -6.07858e-08 7.91666e-09
14.175 7.43683e-08 7.96932e-08 -6.32611e-08 8.21606e-09
14.2 7.77122e-08 8.31279e-08 -6.60537e-08 8.53711e-09
14.225 8.13906e-08 8.69058e-08 -6.91464e-08 8.87973e-09
14.25 8.53857e-08 9.10088e-08 -7.25213e-08 9.24372e-09
14.275 8.9679e-08 9.54178e-08 -7.61603e-08 9.62873e-09
14.3 9.42514e-08 1.00113e-07 -8.00448e-08 1.00343e-08
14.325 9.90832e-08 1.05075e-07 -8.41556e-08 1.04597e-08
14.35 1.04154e-07 1.10282e-07 -8.84735e-08 1.09044e-08
14.375 1.09444e-07 1.15714e-07 -9.2979e-08 1.13674e-08
14.4 1.14931e-07 1.21348e-07 -9.76524e-08 1.18477e-08
14.425 1.20594e-07 1.27162e-07 -1.02474e-07 1.23442e-08
14.45 1.26411e-07 1.33135e-07 -1.07423e-07 1.28559e-08
14.475 1.32361e-07 1.39243e-07 -1.12481e-07 1.33813e-08
14.5 1.38422e-07 1.45465e-07 -1.17627e-07 1.39191e-08
14.525 1.44571e-07 1.51777e-07 -1.22842e-07 1.44678e-08
14.55 1.50787e-07 1.58157e-07 -1.28105e-07 1.50259e-08
14.575 1.57048e-07 1.64583e-07 -1.33399e-07 1.55919e-08
14.6 1.63332e-07 1.71032e-07 -1.38704e-07 1.61641e-08
14.625 1.69618e-07 1.77483e-07 -1.44002e-07 1.67407e-08
14.65 1.75886e-07 1.83914e-07 -1.49273e-07 1.73201e-08
14.675 1.82114e-07 1.90303e-07 -1.54502e-07 1.79006e-08
14.7 1.88282e-07 1.9663e-07 -1.5967e-07 1.84803e-08
14.725 1.94371e-07 2.02876e-07 -1.64761e-07 1.90575e-08
14.75 2.00362e-07 2.0902e-07 -1.69759e-07 1.96304e-08
14.775 2.06237e-07 2.15044e-07 -1.74649e-07 2.01973e-08
14.8 2.11978e-07 2.20929e-07 -1.79416e-07 2.07565e-08
14.825 2.17568e-07 2.26659e-07 -1.84046e-07 2.13062e-08
14.85 2.22991e-07 2.32217e-07 -1.88527e-07 2.18448e-08
14.875 2.28233e-07 2.37587e-07 -1.92846e-07 2.23707e-08
14.9 2.33278e-07 2.42756e-07 -1.96991e-07 2.28823e-08
14.925 2.38114e-07 2.47708e-07 -2.00952e-07 2.3378e-08
14.95 2.42728e-07 2.52432e-07 -2.04719e-07 2.38565e-08
14.975 2.47109e-07 2.56916e-07 -2.08283e-07 2.43165e-08
15 2.51246e-07 2.61149e-07 -2.11636e-07 2.47564e-08
15.025 2.5513e-07 2.65121e-07 -2.1477e-07 2.51753e-08
15.05 2.58752e-07 2.68824e-07 -2.1768e-07 2.55719e-08
15.075 2.62105e-07 2.7225e-07 -2.2036e-07 2.59452e-08
15.1 2.65182e-07 2.75393e-07 -2.22804e-07 2.62942e-08
15.125 2.67979e-07 2.78246e-07 -2.2501e-07 2.66181e-08
15.15 2.7049e-07 2.80807e-07 -2.26974e-07 2.69162e-08
15.175 2.72712e-07 2.8307e-07 -2.28695e-07 2.71877e-08
15.2 2.74643e-07 2.85034e-07 -2.3017e-07 2.7432e-08
15.225 2.76281e-07 2.86697e-07 -2.31399e-07 2.76488e-08
15.25 2.77626e-07 2.88059e-07 -2.32384e-07 2.78376e-08
15.275 2.78678e-07 2.89119e-07 -2.33123e-07 2.79982e-08
15.3 2.79438e-07 2.8988e-07 -2.3362e-07 2.81303e-08
15.325 2.79909e-07 2.90344e-07 -2.33876e-07 2.82339e-08
15.35 2.80093e-07 2.90512e-07 -2.33894e-07 2.8309e-08
15.375 2.79994e-07 2.9039e-07 -2.33679e-07 2.83557e-08
15.4 2.79616e-07 2.89982e-07 -2.33233e-07 2.83741e-08
15.425 2.78964e-07 2.89292e-07 -2.32563e-07 2.83645e-08
15.45 2.78044e-07 2.88327e-07 -2.31673e-07 2.83273e-08
15.475 2.76863e-07 2.87094e-07 -2.30568e-07 2.82628e-08
15.5 2.75428e-07 2.85599e-07 -2.29256e-07 2.81716e-08
15.525 2.73745e-07 2.83851e-07 -2.27742e-07 2.80542e-08
15.55 2.71823e-07 2.81857e-07 -2.26034e-07 2.79112e-08
15.575 2.69671e-07 2.79625e-07 -2.24139e-07 2.77433e-08
15.6 2.67296e-07 2.77166e-07 -2.22064e-07 2.75513e-08
15.625 2.64709e-07 2.74489e-07 -2.19817e-07 2.73359e-08
15.65 2.61918e-07 2.71602e-07 -2.17406e-07 2.7098e-08
15.675 2.58934e-07 2.68517e-07 -2.1484e-07 2.68384e-08
15.7 2.55766e-07 2.65243e-07 -2.12127e-07 2.65581e-08
15.725 2.52425e-07 2.61791e-07 -2.09275e-07 2.62581e-08
15.75 2.4892e-07 2.58171e-07 -2.06293e-07 2.59392e-08
15.775 2.45263e-07 2.54394e-07 -2.03189e-07 2.56025e-08
15.8 2.41463e-07 2.5047e-07 -1.99972e-07 2.5249e-08
15.825 2.37532e-07 2.46411e-07 -1.96651e-07 2.48798e-08
15.85 2.33478e-07 2.42227e-07 -1.93235e-07 2.44958e-08
15.875 2.29314e-07 2.37928e-07 -1.89732e-07 2.40982e-08
15.9 2.25049e-07 2.33526e-07 -1.8615e-07 2.3688e-08
15.925 2.20693e-07 2.29031e-07 -1.82498e-07 2.32663e-08
15.95 2.16257e-07 2.24452e-07 -1.78784e-07 2.2834e-08
15.975 2.11751e-07 2.19801e-07 -1.75016e-07 2.23923e-08
16 2.07183e-07 2.15087e-07 -1.71203e-07 2.19421e-08
16.025 2.02565e-07 2.1032e-07 -1.67351e-07 2.14845e-08
16.05 1.97904e-07 2.0551e-07 -1.63468e-07 2.10206e-08
16.075 1.9321e-07 2.00665e-07 -1.59563e-07 2.05511e-08
16.1 1.88493e-07 1.95795e-07 -1.55641e-07 2.00772e-08
16.125 1.83759e-07 1.90909e-07 -1.51709e-07 1.95998e-08
16.15 1.79019e-07 1.86014e-07 -1.47775e-07 1.91197e-08
16.175 1.74278e-07 1.8112e-07 -1.43844e-07 1.86378e-08
16.2 1.69546e-07 1.76233e-07 -1.39923e-07 1.81551e-08
16.225 1.64829e-07 1.71362e-07 -1.36018e-07 1.76722e-08
16.25 1.60134e-07 1.66513e-07 -1.32133e-07 1.71901e-08
16.275 1.55468e-07 1.61693e-07 -1.28274e-07 1.67094e-08
16.3 1.50836e-07 1.56908e-07 -1.24447e-07 1.62308e-08
16.325 1.46246e-07 1.52165e-07 -1.20655e-07 1.57552e-08
16.35 1.41702e-07 1.47469e-07 -1.16903e-07 1.5283e-08
16.375 1.37209e-07 1.42826e-07 -1.13196e-07 1.48149e-08
16.4 1.32773e-07 1.3824e-07 -1.09537e-07 1.43515e-08
16.425 1.28397e-07 1.33716e-07 -1.05929e-07 1.38933e-08
16.45 1.24086e-07 1.29258e-07 -1.02376e-07 1.34409e-08
16.475 1.19844e-07 1.2487e-07 -9.88812e-08 1.29947e-08
16.5 1.15675e-07 1.20557e-07 -9.54467e-08 1.25551e-08
16.525 1.1158e-07 1.1632e-07 -9.20753e-08 1.21225e-08
16.55 1.07564e-07 1.12164e-07 -8.87692e-08 1.16973e-08
16.575 1.03629e-07 1.0809e-07 -8.55303e-08 1.12799e-08
16.6 9.97764e-08 1.04101e-07 -8.23603e-08 1.08704e-08
16.625 9.6009e-08 1.00199e-07 -7.92608e-08 1.04693e-08
16.65 9.23281e-08 9.63863e-08 -7.62329e-08 1.00767e-08
16.675 8.87352e-08 9.26634e-08 -7.32778e-08 9.69278e-09
16.7 8.52314e-08 8.90319e-08 -7.03964e-08 9.31778e-09
16.725 8.18176e-08 8.54928e-08 -6.75892e-08 8.95183e-09
16.75 7.84944e-08 8.20467e-08 -6.48567e-08 8.59504e-09
16.775 7.52624e-08 7.86942e-08 -6.21992e-08 8.2475e-09
16.8 7.21216e-08 7.54354e-08 -5.96168e-08 7.90928e-09
16.825 6.90721e-08 7.22703e-08 -5.71095e-08 7.58043e-09
16.85 6.61137e-08 6.9199e-08 -5.4677e-08 7.26096e-09
16.875 6.3246e-08 6.62208e-08 -5.23191e-08 6.95088e-09
16.9 6.04686e-08 6.33355e-08 -5.00352e-08 6.65017e-09
16.925 5.77806e-08 6.05423e-08 -4.78247e-08 6.35879e-09
16.95 5.51813e-08 5.78402e-08 -4.56869e-08 6.07667e-09
16.975 5.26697e-08 5.52285e-08 -4.3621e-08 5.80375e-09
17 5.02446e-08 5.27059e-08 -4.16261e-08 5.53994e-09
17.025 4.79049e-08 5.02713e-08 -3.9701e-08 5.28513e-09
17.05 4.56492e-08 4.79233e-08 -3.78448e-08 5.03922e-09
17.075 4.34762e-08 4.56604e-08 -3.60563e-08 4.80206e-09
17.1 4.13842e-08 4.34812e-08 -3.43342e-08 4.57353e-09
17.125 3.93718e-08 4.13841e-08 -3.26771e-08 4.35347e-09
17.15 3.74372e-08 3.93673e-08 -3.10838e-08 4.14173e-09
17.175 3.55788e-08 3.74292e-08 -2.95529e-08 3.93814e-09
17.2 3.37947e-08 3.55679e-08 -2.80829e-08 3.74252e-09
17.225 3.20833e-08 3.37816e-08 -2.66722e-08 3.55471e-09
17.25 3.04426e-08 3.20685e-08 -2.53195e-08 3.3745e-09
17.275 2.88708e-08 3.04267e-08 -2.40232e-08 3.20173e-09
17.3 2.7366e-08 2.88541e-08 -2.27817e-08 3.03619e-09
17.325 2.59263e-08 2.73489e-08 -2.15935e-08 2.87769e-09
17.35 2.45498e-08 2.59091e-08 -2.04571e-08 2.72603e-09
17.375 2.32344e-08 2.45328e-08 -1.93708e-08 2.58102e-09
17.4 2.19784e-08 2.32179e-08 -1.83331e-08 2.44245e-09
17.425 2.07798e-08 2.19626e-08 -1.73424e-08 2.31012e-09
17.45 1.96367e-08 2.07648e-08 -1.63972e-08 2.18384e-09
17.475 1.85472e-08 1.96227e-08 -1.54959e-08 2.06341e-09
17.5 1.75095e-08 1.85343e-08 -1.4637e-08 1.94863e-09
17.525 1.65216e-08 1.74977e-08 -1.38191e-08 1.8393e-09
17.55 1.55817e-08 1.6511e-08 -1.30405e-08 1.73523e-09
17.575 1.46881e-08 1.55724e-08 -1.23e-08 1.63622e-09
17.6 1.3839e-08 1.46801e-08 -1.15959e-08 1.5421e-09
17.625 1.30326e-08 1.38323e-08 -1.0927e-08 1.45266e-09
17.65 1.22673e-08 1.30272e-08 -1.02917e-08 1.36774e-09
17.675 1.15413e-08 1.22631e-08 -9.68882e-09 1.28715e-09
17.7 1.08531e-08 1.15384e-08 -9.11697e-09 1.21071e-09
17.725 1.02011e-08 1.08514e-08 -8.57486e-09 1.13825e-09
17.75 9.58362e-09 1.02005e-08 -8.06123e-09 1.06961e-09
17.775 8.99928e-09 9.58411e-09 -7.57485e-09 1.00463e-09
17.8 8.44657e-09 9.00081e-09 -7.11454e-09 9.43138e-10
17.825 7.92409e-09 8.44909e-09 -6.67912e-09 8.84986e-10
17.85 7.43043e-09 7.92752e-09 -6.26748e-09 8.30024e-10
17.875 6.96428e-09 7.43473e-09 -5.87852e-09 7.78104e-10
17.9 6.52435e-09 6.96938e-09 -5.5112e-09 7.29088e-10
17.925 6.10937e-09 6.53017e-09 -5.16449e-09 6.82837e-10
17.95 5.71815e-09 6.11586e-09 -4.83742e-09 6.3922e-10
17.975 5.34952e-09 5.72524e-09 -4.52902e-09 5.98109e-10
18 5.00237e-09 5.35715e-09 -4.23838e-09 5.59382e-10
18.025 4.67561e-09 5.01047e-09 -3.96463e-09 5.2292e-10
18.05 4.36822e-09 4.68414e-09 -3.70692e-09 4.88609e-10
18.075 4.07918e-09 4.3771e-09 -3.46442e-09 4.56339e-10
18.1 3.80756e-09 4.08837e-09 -3.23636e-09 4.26006e-10
18.125 3.55242e-09 3.817e-09 -3.02199e-09 3.97507e-10
18.15 3.3129e-09 3.56207e-09 -2.82058e-09 3.70746e-10
18.175 3.08815e-09 3.3227e-09 -2.63144e-09 3.4563e-10
18.2 2.87737e-09 3.09807e-09 -2.45393e-09 3.2207e-10
18.225 2.67979e-09 2.88736e-09 -2.28739e-09 2.99982e-10
18.25 2.49467e-09 2.68981e-09 -2.13124e-09 2.79283e-10
18.275 2.32133e-09 2.50469e-09 -1.9849e-09 2.59896e-10
18.3 2.15908e-09 2.33131e-09 -1.84781e-09 2.41748e-10
18.325 2.00729e-09 2.16899e-09 -1.71946e-09 2.24767e-10
18.35 1.86536e-09 2.01711e-09 -1.59934e-09 2.08887e-10
18.375 1.73272e-09 1.87507e-09 -1.48698e-09 1.94044e-10
18.4 1.60881e-09 1.74228e-09 -1.38193e-09 1.80176e-10
18.425 1.49312e-09 1.61821e-09 -1.28376e-09 1.67226e-10
18.45 1.38516e-09 1.50234e-09 -1.19206e-09 1.5514e-10
18.475 1.28445e-09 1.39418e-09 -1.10645e-09 1.43865e-10
18.5 1.19055e-09 1.29327e-09 -1.02656e-09 1.33351e-10
18.525 1.10305e-09 1.19915e-09 -9.52047e-10 1.23553e-10
18.55 1.02155e-09 1.11142e-09 -8.82572e-10 1.14425e-10
18.575 9.45671e-10 1.02968e-09 -8.17829e-10 1.05927e-10
18.6 8.75059e-10 9.53559e-10 -7.57524e-10 9.80178e-11
18.625 8.09379e-10 8.82698e-10 -7.01377e-10 9.06606e-11
18.65 7.48315e-10 8.16766e-10 -6.49125e-10 8.38202e-11
18.675 6.91569e-10 7.55448e-10 -6.00521e-10 7.74632e-11
18.7 6.38861e-10 6.98447e-10 -5.55331e-10 7.15582e-11
18.725 5.89925e-10 6.45483e-10 -5.13332e-10 6.60756e-11
18.75 5.44512e-10 5.96293e-10 -4.74318e-10 6.09875e-11
18.775 5.02388e-10 5.50628e-10 -4.38092e-10 5.62678e-11
18.8 4.63331e-10 5.08254e-10 -4.0447e-10 5.18918e-11
18.825 4.27136e-10 4.68951e-10 -3.73279e-10 4.78362e-11
18.85 3.93608e-10 4.32514e-10 -3.44355e-10 4.40794e-11
18.875 3.62563e-10 3.98748e-10 -3.17546e-10 4.0601e-11
18.9 3.33831e-10 3.67471e-10 -2.92708e-10 3.73816e-11
18.925 3.07252e-10 3.38512e-10 -2.69705e-10 3.44035e-11
18.95 2.82674e-10 3.11711e-10 -2.48412e-10 3.16497e-11
18.975 2.59958e-10 2.86918e-10 -2.28709e-10 2.91045e-11
19 2.38971e-10 2.63993e-10 -2.10487e-10 2.67531e-11
19.025 2.1959e-10 2.42804e-10 -1.9364e-10 2.45817e-11
19.05 2.01701e-10 2.23227e-10 -1.78072e-10 2.25774e-11
19.075 1.85195e-10 2.05149e-10 -1.63692e-10 2.07283e-11
19.1 1.69972e-10 1.88461e-10 -1.50415e-10 1.90229e-11
19.125 1.55938e-10 1.73062e-10 -1.38161e-10 1.74509e-11
19.15 1.43007e-10 1.5886e-10 -1.26856e-10 1.60024e-11
19.175 1.31096e-10 1.45767e-10 -1.16431e-10 1.46683e-11
19.2 1.2013e-10 1.33701e-10 -1.06821e-10 1.344e-11
19.225 1.10038e-10 1.22587e-10 -9.79675e-11 1.23098e-11
19.25 1.00754e-10 1.12353e-10 -8.98131e-11 1.12701e-11
19.275 9.22177e-11 1.02934e-10 -8.23059e-11 1.03142e-11
19.3 8.43717e-11 9.42689e-11 -7.53975e-11 9.43571e-12
19.325 7.71632e-11 8.62999e-11 -6.90427e-11 8.62863e-12
19.35 7.05432e-11 7.89745e-11 -6.31995e-11 7.8875e-12
19.375 6.44662e-11 7.22434e-11 -5.78289e-11 7.20722e-12
19.4 5.889e-11 6.60609e-11 -5.28948e-11 6.58306e-12
19.425 5.37755e-11 6.03847e-11 -4.83634e-11 6.01062e-12
19.45 4.90862e-11 5.51753e-11 -4.42036e-11 5.48584e-12
19.475 4.47888e-11 5.03964e-11 -4.03865e-11 5.00495e-12
19.5 4.08519e-11 4.60141e-11 -3.68852e-11 4.56445e-12
19.525 3.72469e-11 4.19971e-11 -3.36748e-11 4.16113e-12
19.55 3.39471e-11 3.83165e-11 -3.07325e-11 3.792e-12
19.575 3.09279e-11 3.49454e-11 -2.80368e-11 3.45429e-12
19.6 2.81666e-11 3.1859e-11 -2.55681e-11 3.14546e-12
19.625 2.56421e-11 2.90344e-11 -2.33081e-11 2.86315e-12
19.65 2.33351e-11 2.64505e-11 -2.12401e-11 2.60519e-12
19.675 2.12276e-11 2.40876e-11 -1.93484e-11 2.36958e-12
19.7 1.93033e-11 2.19277e-11 -1.76188e-11 2.15447e-12
19.725 1.75468e-11 1.99542e-11 -1.60379e-11 1.95814e-12
19.75 1.59442e-11 1.81516e-11 -1.45935e-11 1.77904e-12
19.775 1.44826e-11 1.65057e-11 -1.32743e-11 1.61571e-12
19.8 1.315e-11 1.50037e-11 -1.207e-11 1.46683e-12
19.825 1.19357e-11 1.36333e-11 -1.0971e-11 1.33117e-12
19.85 1.08295e-11 1.23836e-11 -9.96842e-12 1.20761e-12
19.875 9.82213e-12 1.12444e-11 -9.05419e-12 1.09511e-12
19.9 8.90522e-12 1.02063e-11 -8.22084e-12 9.92728e-13
19.925 8.07094e-12 9.26067e-12 -7.46151e-12 8.99582e-13
19.95 7.31213e-12 8.39963e-12 -6.76988e-12 8.14875e-13
19.975 6.62224e-12 7.6159e-12 -6.14015e-12 7.37873e-13
20 5.99524e-12 6.90282e-12 -5.56701e-12 6.67902e-13
