0 9.65273e-05 -5.75178e-05
0.025 9.65273e-05 -5.75178e-05
0.05 0.000192828 -0.000114856
0.075 0.000288677 -0.000171836
0.1 0.000383848 -0.000228279
0.125 0.00047812 -0.000284011
0.15 0.000571272 -0.000338858
0.175 0.000663089 -0.000392651
0.2 0.000753356 -0.000445224
0.225 0.000841865 -0.000496417
0.25 0.000928414 -0.000546074
0.275 0.0010128 -0.000594046
0.3 0.00109484 -0.000640188
0.325 0.00117435 -0.000684365
0.35 0.00125114 -0.000726446
0.375 0.00132506 -0.00076631
0.4 0.00139593 -0.000803843
0.425 0.0014636 -0.000838942
0.45 0.00152793 -0.000871509
0.475 0.0015888 -0.000901457
0.5 0.00164606 -0.00092871
0.525 0.00169962 -0.000953198
0.55 0.00174936 -0.000974863
0.575 0.0017952 -0.000993657
0.6 0.00183705 -0.00100954
0.625 0.00187484 -0.00102249
0.65 0.00190852 -0.00103247
0.675 0.00193804 -0.00103949
0.7 0.00196335 -0.00104354
0.725 0.00198445 -0.00104464
0.75 0.00200132 -0.00104279
0.775 0.00201395 -0.00103804
0.8 0.00202237 -0.00103042
0.825 0.00202659 -0.00101996
0.85 0.00202665 -0.00100674
0.875 0.00202261 -0.000990798
0.9 0.0020145 -0.000972218
0.925 0.00200242 -0.00095107
0.95 0.00198644 -0.000927439
0.975 0.00196665 -0.000901413
1 0.00194315 -0.000873086
1.025 0.00191606 -0.000842557
1.05 0.0018855 -0.000809932
1.075 0.00185161 -0.000775319
1.1 0.00181452 -0.000738828
1.125 0.0017744 -0.000700576
1.15 0.00173139 -0.000660681
1.175 0.00168567 -0.00061926
1.2 0.00163741 -0.000576437
1.225 0.00158679 -0.000532332
1.25 0.00153402 -0.000487068
1.275 0.00147927 -0.000440769
1.3 0.00142276 -0.000393554
1.325 0.0013647 -0.000345547
1.35 0.00130528 -0.000296866
1.375 0.00124474 -0.000247628
1.4 0.00118329 -0.000197949
1.425 0.00112115 -0.000147941
1.45 0.00105855 -9.77129e-05
1.475 0.000995715 -4.73713e-05
1.5 0.000932874 2.98235e-06
1.525 0.000870257 5.32502e-05
1.55 0.000808091 0.000103339
1.575 0.000746606 0.00015316
1.6 0.000686029 0.000202629
1.625 0.000626584 0.000251668
1.65 0.000568494 0.000300203
1.675 0.000511979 0.000348166
1.7 0.000457255 0.000395495
1.725 0.000404531 0.000442132
1.75 0.000354014 0.000488025
1.775 0.000305905 0.00053313
1.8 0.000260397 0.000577404
1.825 0.000217675 0.000620815
1.85 0.000177921 0.000663331
1.875 0.000141303 0.000704928
1.9 0.000107983 0.000745588
1.925 7.81139e-05 0.000785296
1.95 5.18373e-05 0.000824043
1.975 2.92844e-05 0.000861823
2 1.05751e-05 0.000898635
2.025 -4.18232e-06 0.000934484
2.05 -1.48921e-05 0.000969375
2.075 -2.14711e-05 0.00100332
2.1 -2.38497e-05 0.00103633
2.125 -2.1972e-05 0.00106842
2.15 -1.57961e-05 0.0010996
2.175 -5.29477e-06 0.00112991
2.2 9.54421e-06 0.00115935
2.225 2.87179e-05 0.00118795
2.25 5.2208e-05 0.00121573
2.275 7.998e-05 0.00124272
2.3 0.000111984 0.00126893
2.325 0.000148153 0.00129438
2.35 0.000188405 0.00131909
2.375 0.000232642 0.00134308
2.4 0.000280747 0.00136636
2.425 0.000332589 0.00138894
2.45 0.00038802 0.00141083
2.475 0.000446877 0.00143204
2.5 0.000508979 0.00145256
2.525 0.000574133 0.00147238
2.55 0.000642125 0.0014915
2.575 0.000712733 0.00150991
2.6 0.000785714 0.00152757
2.625 0.000860816 0.00154447
2.65 0.00093777 0.00156056
2.675 0.0010163 0.00157581
2.7 0.0010961 0.00159017
2.725 0.00117688 0.00160358
2.75 0.00125833 0.00161599
2.775 0.00134011 0.00162732
2.8 0.00142189 0.0016375
2.825 0.00150334 0.00164644
2.85 0.0015841 0.00165406
2.875 0.00166382 0.00166025
2.9 0.00174214 0.00166492
2.925 0.0018187 0.00166795
2.95 0.00189313 0.00166922
2.975 0.00196507 0.00166862
3 0.00203416 0.001666
3.025 0.00210001 0.00166124
3.05 0.00216228 0.0016542
3.075 0.00222061 0.00164473
3.1 0.00227463 0.00163269
3.125 0.00232401 0.00161792
3.15 0.00236841 0.00160028
3.175 0.00240748 0.00157961
3.2 0.00244093 0.00155574
3.225 0.00246843 0.00152854
3.25 0.00248968 0.00149783
3.275 0.00250443 0.00146348
3.3 0.00251238 0.00142531
3.325 0.0025133 0.0013832
3.35 0.00250696 0.00133698
3.375 0.00249314 0.00128653
3.4 0.00247165 0.0012317
3.425 0.00244233 0.00117237
3.45 0.00240501 0.00110843
3.475 0.00235958 0.00103975
3.5 0.00230593 0.000966234
3.525 0.00224398 0.000887795
3.55 0.00217368 0.000804349
3.575 0.002095 0.000715826
3.6 0.00200793 0.00062217
3.625 0.00191249 0.000523337
3.65 0.00180874 0.000419297
3.675 0.00169674 0.000310034
3.7 0.0015766 0.000195549
3.725 0.00144845 7.58564e-05
3.75 0.00131243 -4.90121e-05
3.775 0.00116872 -0.000179009
3.8 0.00101754 -0.00031407
3.825 0.000859095 -0.000454114
3.85 0.000693653 -0.000599044
3.875 0.000521486 -0.000748743
3.9 0.000342893 -0.00090308
3.925 0.000158193 -0.00106191
3.95 -3.22703e-05 -0.00122505
3.975 -0.000228137 -0.00139234
4 -0.000429026 -0.00156357
4.025 -0.00063454 -0.00173852
4.05 -0.000844265 -0.00191697
4.075 -0.00105777 -0.00209867
4.1 -0.00127462 -0.00228336
4.125 -0.00149436 -0.00247077
4.15 -0.00171651 -0.00266061
4.175 -0.00194062 -0.00285258
4.2 -0.00216619 -0.00304638
4.225 -0.00239274 -0.00324169
4.25 -0.00261979 -0.00343818
4.275 -0.00284683 -0.00363552
4.3 -0.00307338 -0.00383335
4.325 -0.00329894 -0.00403134
4.35 -0.00352302 -0.00422912
4.375 -0.00374514 -0.00442635
4.4 -0.00396482 -0.00462266
4.425 -0.00418158 -0.00481769
4.45 -0.00439497 -0.00501109
4.475 -0.00460453 -0.00520249
4.5 -0.00480982 -0.00539153
4.525 -0.00501042 -0.00557787
4.55 -0.00520591 -0.00576116
4.575 -0.0053959 -0.00594105
4.6 -0.00558 -0.00611722
4.625 -0.00575787 -0.00628932
4.65 -0.00592915 -0.00645706
4.675 -0.00609354 -0.00662012
4.7 -0.00625072 -0.00677821
4.725 -0.00640043 -0.00693104
4.75 -0.00654241 -0.00707834
4.775 -0.00667642 -0.00721987
4.8 -0.00680227 -0.00735538
4.825 -0.00691977 -0.00748465
4.85 -0.00702876 -0.00760746
4.875 -0.00712911 -0.00772363
4.9 -0.00722071 -0.00783298
4.925 -0.00730348 -0.00793535
4.95 -0.00737736 -0.00803061
4.975 -0.0074423 -0.00811863
5 -0.00749831 -0.00819931
5.025 -0.0075454 -0.00827256
5.05 -0.0075836 -0.00833832
5.075 -0.00761297 -0.00839655
5.1 -0.00763359 -0.0084472
5.125 -0.00764557 -0.00849028
5.15 -0.00764903 -0.00852578
5.175 -0.00764411 -0.00855373
5.2 -0.00763098 -0.00857418
5.225 -0.00760981 -0.00858717
5.25 -0.00758081 -0.00859279
5.275 -0.00754418 -0.00859113
5.3 -0.00750016 -0.00858229
5.325 -0.00744898 -0.00856638
5.35 -0.00739091 -0.00854356
5.375 -0.00732619 -0.00851396
5.4 -0.00725512 -0.00847773
5.425 -0.00717798 -0.00843507
5.45 -0.00709506 -0.00838614
5.475 -0.00700666 -0.00833114
5.5 -0.00691308 -0.00827027
5.525 -0.00681464 -0.00820375
5.55 -0.00671165 -0.00813178
5.575 -0.00660442 -0.0080546
5.6 -0.00649327 -0.00797244
5.625 -0.00637852 -0.00788553
5.65 -0.00626048 -0.00779411
5.675 -0.00613946 -0.00769843
5.7 -0.00601579 -0.00759873
5.725 -0.00588975 -0.00749527
5.75 -0.00576166 -0.00738829
5.775 -0.00563181 -0.00727804
5.8 -0.00550049 -0.00716477
5.825 -0.00536799 -0.00704873
5.85 -0.00523458 -0.00693016
5.875 -0.00510053 -0.00680932
5.9 -0.00496609 -0.00668644
5.925 -0.00483153 -0.00656175
5.95 -0.00469706 -0.0064355
5.975 -0.00456294 -0.00630791
6 -0.00442937 -0.0061792
6.025 -0.00429657 -0.0060496
6.05 -0.00416473 -0.00591931
6.075 -0.00403405 -0.00578854
6.1 -0.00390469 -0.00565749
6.125 -0.00377683 -0.00552636
6.15 -0.00365062 -0.00539532
6.175 -0.00352619 -0.00526455
6.2 -0.00340369 -0.00513423
6.225 -0.00328323 -0.00500452
6.25 -0.00316493 -0.00487556
6.275 -0.00304888 -0.00474752
6.3 -0.00293517 -0.00462052
6.325 -0.00282389 -0.0044947
6.35 -0.0027151 -0.00437018
6.375 -0.00260886 -0.00424708
6.4 -0.00250522 -0.00412549
6.425 -0.00240422 -0.00400553
6.45 -0.0023059 -0.00388727
6.475 -0.00221029 -0.00377082
6.5 -0.00211738 -0.00365623
6.525 -0.00202721 -0.00354359
6.55 -0.00193977 -0.00343294
6.575 -0.00185505 -0.00332436
6.6 -0.00177305 -0.00321788
6.625 -0.00169374 -0.00311355
6.65 -0.00161712 -0.0030114
6.675 -0.00154314 -0.00291147
6.7 -0.00147178 -0.00281378
6.725 -0.001403 -0.00271834
6.75 -0.00133676 -0.00262517
6.775 -0.00127302 -0.00253427
6.8 -0.00121174 -0.00244566
6.825 -0.00115286 -0.00235933
6.85 -0.00109633 -0.00227527
6.875 -0.00104209 -0.00219348
6.9 -0.000990101 -0.00211394
6.925 -0.000940292 -0.00203663
6.95 -0.000892608 -0.00196154
6.975 -0.000846988 -0.00188865
7 -0.000803374 -0.00181792
7.025 -0.000761702 -0.00174933
7.05 -0.000721912 -0.00168285
7.075 -0.000683943 -0.00161845
7.1 -0.000647733 -0.0015561
7.125 -0.000613221 -0.00149575
7.15 -0.000580345 -0.00143737
7.175 -0.000549047 -0.00138092
7.2 -0.000519267 -0.00132637
7.225 -0.000490946 -0.00127366
7.25 -0.000464027 -0.00122277
7.275 -0.000438453 -0.00117364
7.3 -0.000414169 -0.00112624
7.325 -0.000391121 -0.00108052
7.35 -0.000369256 -0.00103644
7.375 -0.000348523 -0.000993961
7.4 -0.000328872 -0.00095303
7.425 -0.000310253 -0.000913609
7.45 -0.00029262 -0.000875654
7.475 -0.000275928 -0.000839123
7.5 -0.000260132 -0.000803973
7.525 -0.000245189 -0.000770163
7.55 -0.000231059 -0.000737651
7.575 -0.000217701 -0.000706396
7.6 -0.000205078 -0.000676358
7.625 -0.000193152 -0.000647498
7.65 -0.00018189 -0.000619776
7.675 -0.000171256 -0.000593155
7.7 -0.000161219 -0.000567597
7.725 -0.000151747 -0.000543065
7.75 -0.000142811 -0.000519524
7.775 -0.000134383 -0.000496938
7.8 -0.000126435 -0.000475275
7.825 -0.000118942 -0.000454499
7.85 -0.00011188 -0.00043458
7.875 -0.000105224 -0.000415485
7.9 -9.89525e-05 -0.000397184
7.925 -9.30445e-05 -0.000379647
7.95 -8.74798e-05 -0.000362846
7.975 -8.22391e-05 -0.000346752
8 -7.73045e-05 -0.000331338
8.025 -7.26585e-05 -0.000316577
8.05 -6.8285e-05 -0.000302446
8.075 -6.41685e-05 -0.000288918
8.1 -6.02944e-05 -0.000275969
8.125 -5.66488e-05 -0.000263578
8.15 -5.32186e-05 -0.000251721
8.175 -4.99914e-05 -0.000240378
8.2 -4.69555e-05 -0.000229527
8.225 -4.40999e-05 -0.000219148
8.25 -4.14141e-05 -0.000209222
8.275 -3.88883e-05 -0.000199732
8.3 -3.6513e-05 -0.000190657
8.325 -3.42797e-05 -0.000181982
8.35 -3.21799e-05 -0.00017369
8.375 -3.02059e-05 -0.000165765
8.4 -2.83503e-05 -0.000158191
8.425 -2.66061e-05 -0.000150954
8.45 -2.49669e-05 -0.00014404
8.475 -2.34264e-05 -0.000137435
8.5 -2.19789e-05 -0.000131125
8.525 -2.06188e-05 -0.000125098
8.55 -1.93411e-05 -0.000119343
8.575 -1.81408e-05 -0.000113847
8.6 -1.70134e-05 -0.000108599
8.625 -1.59546e-05 -0.000103589
8.65 -1.49603e-05 -9.88069e-05
8.675 -1.40267e-05 -9.42418e-05
8.7 -1.31503e-05 -8.98848e-05
8.725 -1.23276e-05 -8.57267e-05
8.75 -1.15554e-05 -8.1759e-05
8.775 -1.08308e-05 -7.79733e-05
8.8 -1.01509e-05 -7.43616e-05
8.825 -9.51302e-06 -7.09163e-05
8.85 -8.9147e-06 -6.763e-05
8.875 -8.35356e-06 -6.44957e-05
8.9 -7.82736e-06 -6.15066e-05
8.925 -7.33402e-06 -5.86564e-05
8.95 -6.87156e-06 -5.59387e-05
8.975 -6.43812e-06 -5.33478e-05
9 -6.03194e-06 -5.08779e-05
9.025 -5.65138e-06 -4.85236e-05
9.05 -5.29487e-06 -4.62797e-05
9.075 -4.96096e-06 -4.41411e-05
9.1 -4.64826e-06 -4.21033e-05
9.125 -4.35547e-06 -4.01614e-05
9.15 -4.08137e-06 -3.83113e-05
9.175 -3.8248e-06 -3.65486e-05
9.2 -3.58468e-06 -3.48694e-05
9.225 -3.35998e-06 -3.32698e-05
9.25 -3.14974e-06 -3.17462e-05
9.275 -2.95306e-06 -3.02951e-05
9.3 -2.76908e-06 -2.89129e-05
9.325 -2.597e-06 -2.75967e-05
9.35 -2.43606e-06 -2.63431e-05
9.375 -2.28555e-06 -2.51494e-05
9.4 -2.14481e-06 -2.40127e-05
9.425 -2.0132e-06 -2.29302e-05
9.45 -1.89014e-06 -2.18994e-05
9.475 -1.77507e-06 -2.09179e-05
9.5 -1.66747e-06 -1.99832e-05
9.525 -1.56686e-06 -1.90931e-05
9.55 -1.47277e-06 -1.82455e-05
9.575 -1.38478e-06 -1.74382e-05
9.6 -1.30247e-06 -1.66694e-05
9.625 -1.22548e-06 -1.59372e-05
9.65 -1.15345e-06 -1.52397e-05
9.675 -1.08605e-06 -1.45752e-05
9.7 -1.02296e-06 -1.39422e-05
9.725 -9.63901e-07 -1.3339e-05
9.75 -9.08597e-07 -1.27642e-05
9.775 -8.56794e-07 -1.22164e-05
9.8 -8.08257e-07 -1.16942e-05
9.825 -7.62762e-07 -1.11964e-05
9.85 -7.20105e-07 -1.07217e-05
9.875 -6.80091e-07 -1.0269e-05
9.9 -6.42541e-07 -9.83717e-06
9.925 -6.07289e-07 -9.42515e-06
9.95 -5.74176e-07 -9.03197e-06
9.975 -5.43059e-07 -8.65667e-06
10 -5.13801e-07 -8.29836e-06
10.025 -4.86277e-07 -7.95619e-06
10.05 -4.6037e-07 -7.62935e-06
10.075 -4.3597e-07 -7.31707e-06
10.1 -4.12977e-07 -7.01863e-06
10.125 -3.91296e-07 -6.73334e-06
10.15 -3.70841e-07 -6.46054e-06
10.175 -3.51529e-07 -6.19962e-06
10.2 -3.33285e-07 -5.95e-06
10.225 -3.16041e-07 -5.71111e-06
10.25 -2.9973e-07 -5.48243e-06
10.275 -2.84292e-07 -5.26347e-06
10.3 -2.69673e-07 -5.05375e-06
10.325 -2.55819e-07 -4.85283e-06
10.35 -2.42684e-07 -4.66029e-06
10.375 -2.30222e-07 -4.47573e-06
10.4 -2.18393e-07 -4.29877e-06
10.425 -2.07157e-07 -4.12905e-06
10.45 -1.96481e-07 -3.96623e-06
10.475 -1.86331e-07 -3.81e-06
10.5 -1.76676e-07 -3.66005e-06
10.525 -1.67489e-07 -3.5161e-06
10.55 -1.58743e-07 -3.37787e-06
10.575 -1.50414e-07 -3.2451e-06
10.6 -1.4248e-07 -3.11755e-06
10.625 -1.34919e-07 -2.99498e-06
10.65 -1.27713e-07 -2.87719e-06
10.675 -1.20843e-07 -2.76396e-06
10.7 -1.14292e-07 -2.65509e-06
10.725 -1.08045e-07 -2.55039e-06
10.75 -1.02088e-07 -2.4497e-06
10.775 -9.64067e-08 -2.35283e-06
10.8 -9.09886e-08 -2.25963e-06
10.825 -8.58218e-08 -2.16995e-06
10.85 -8.08955e-08 -2.08365e-06
10.875 -7.61991e-08 -2.00058e-06
10.9 -7.17231e-08 -1.92061e-06
10.925 -6.74581e-08 -1.84363e-06
10.95 -6.33957e-08 -1.76951e-06
10.975 -5.95275e-08 -1.69814e-06
11 -5.58459e-08 -1.62942e-06
11.025 -5.23435e-08 -1.56324e-06
11.05 -4.90133e-08 -1.49951e-06
11.075 -4.58487e-08 -1.43813e-06
11.1 -4.28433e-08 -1.37903e-06
11.125 -3.9991e-08 -1.32211e-06
11.15 -3.72859e-08 -1.2673e-06
11.175 -3.47224e-08 -1.21452e-06
11.2 -3.2295e-08 -1.1637e-06
11.225 -2.99984e-08 -1.11478e-06
11.25 -2.78276e-08 -1.06768e-06
11.275 -2.57775e-08 -1.02234e-06
11.3 -2.38435e-08 -9.78712e-07
11.325 -2.20207e-08 -9.36729e-07
11.35 -2.03046e-08 -8.96339e-07
11.375 -1.86909e-08 -8.57491e-07
11.4 -1.71751e-08 -8.20133e-07
11.425 -1.57531e-08 -7.84218e-07
11.45 -1.44207e-08 -7.497e-07
11.475 -1.31739e-08 -7.16534e-07
11.5 -1.20087e-08 -6.84676e-07
11.525 -1.09214e-08 -6.54086e-07
11.55 -9.90814e-09 -6.24723e-07
11.575 -8.96535e-09 -5.96549e-07
11.6 -8.08946e-09 -5.69525e-07
11.625 -7.27702e-09 -5.43614e-07
11.65 -6.52468e-09 -5.18781e-07
11.675 -5.82917e-09 -4.94991e-07
11.7 -5.18734e-09 -4.7221e-07
11.725 -4.59612e-09 -4.50405e-07
11.75 -4.05257e-09 -4.29542e-07
11.775 -3.55381e-09 -4.09591e-07
11.8 -3.09709e-09 -3.90519e-07
11.825 -2.67975e-09 -3.72296e-07
11.85 -2.29926e-09 -3.54892e-07
11.875 -1.95315e-09 -3.38278e-07
11.9 -1.63908e-09 -3.22423e-07
11.925 -1.35481e-09 -3.073e-07
11.95 -1.0982e-09 -2.9288e-07
11.975 -8.67203e-10 -2.79136e-07
12 -6.59889e-10 -2.66041e-07
12.025 -4.74415e-10 -2.53569e-07
12.05 -3.09037e-10 -2.41693e-07
12.075 -1.62109e-10 -2.30388e-07
12.1 -3.20777e-11 -2.19629e-07
12.125 8.25194e-11 -2.09392e-07
12.15 1.83055e-10 -1.99654e-07
12.175 2.70816e-10 -1.90391e-07
12.2 3.47006e-10 -1.81581e-07
12.225 4.12745e-10 -1.73203e-07
12.25 4.69078e-10 -1.65235e-07
12.275 5.16973e-10 -1.57657e-07
12.3 5.57328e-10 -1.50449e-07
12.325 5.90971e-10 -1.43594e-07
12.35 6.18665e-10 -1.37072e-07
12.375 6.41109e-10 -1.30866e-07
12.4 6.58944e-10 -1.2496e-07
12.425 6.72756e-10 -1.19339e-07
12.45 6.83076e-10 -1.13986e-07
12.475 6.90387e-10 -1.08888e-07
12.5 6.95123e-10 -1.04031e-07
12.525 6.97677e-10 -9.94034e-08
12.55 6.98398e-10 -9.49918e-08
12.575 6.976e-10 -9.07854e-08
12.6 6.95559e-10 -8.67736e-08
12.625 6.92521e-10 -8.29465e-08
12.65 6.887e-10 -7.92948e-08
12.675 6.84282e-10 -7.58099e-08
12.7 6.79432e-10 -7.24836e-08
12.725 6.74287e-10 -6.93085e-08
12.75 6.68967e-10 -6.62776e-08
12.775 6.63574e-10 -6.33844e-08
12.8 6.58191e-10 -6.06229e-08
12.825 6.52889e-10 -5.79874e-08
12.85 6.47726e-10 -5.54727e-08
12.875 6.42751e-10 -5.30739e-08
12.9 6.38003e-10 -5.07863e-08
12.925 6.33512e-10 -4.86057e-08
12.95 6.29307e-10 -4.65278e-08
12.975 6.2541e-10 -4.45489e-08
13 6.21841e-10 -4.2665e-08
13.025 6.1862e-10 -4.08725e-08
13.05 6.15764e-10 -3.91678e-08
13.075 6.13295e-10 -3.75475e-08
13.1 6.11235e-10 -3.60081e-08
13.125 6.0961e-10 -3.45461e-08
13.15 6.08449e-10 -3.3158e-08
13.175 6.07789e-10 -3.18403e-08
13.2 6.07669e-10 -3.05894e-08
13.225 6.08136e-10 -2.94019e-08
13.25 6.09246e-10 -2.82739e-08
13.275 6.11058e-10 -2.72017e-08
13.3 6.13642e-10 -2.61816e-08
13.325 6.17074e-10 -2.52094e-08
13.35 6.21439e-10 -2.42814e-08
13.375 6.26829e-10 -2.33933e-08
13.4 6.33346e-10 -2.2541e-08
13.425 6.41098e-10 -2.17203e-08
13.45 6.502e-10 -2.09269e-08
13.475 6.60775e-10 -2.01565e-08
13.5 6.72952e-10 -1.94048e-08
13.525 6.86869e-10 -1.86674e-08
13.55 7.02664e-10 -1.79399e-08
13.575 7.20485e-10 -1.72181e-08
13.6 7.4048e-10 -1.64976e-08
13.625 7.62803e-10 -1.57743e-08
13.65 7.87607e-10 -1.5044e-08
13.675 8.15048e-10 -1.43027e-08
13.7 8.45281e-10 -1.35466e-08
13.725 8.78462e-10 -1.27719e-08
13.75 9.14741e-10 -1.1975e-08
13.775 9.54268e-10 -1.11525e-08
13.8 9.97185e-10 -1.03013e-08
13.825 1.04363e-09 -9.41851e-09
13.85 1.09374e-09 -8.50133e-09
13.875 1.14763e-09 -7.54735e-09
13.9 1.20541e-09 -6.55441e-09
13.925 1.26719e-09 -5.52063e-09
13.95 1.33306e-09 -4.44442e-09
13.975 1.40309e-09 -3.3245e-09
14 1.47736e-09 -2.1599e-09
14.025 1.55591e-09 -9.49973e-10
14.05 1.63877e-09 3.0562e-10
14.075 1.72596e-09 1.60689e-09
14.1 1.81749e-09 2.95351e-09
14.125 1.91333e-09 4.34487e-09
14.15 2.01345e-09 5.78002e-09
14.175 2.11781e-09 7.2577e-09
14.2 2.22631e-09 8.77637e-09
14.225 2.33889e-09 1.03342e-08
14.25 2.45542e-09 1.1929e-08
14.275 2.57578e-09 1.35585e-08
14.3 2.69981e-09 1.52199e-08
14.325 2.82736e-09 1.69105e-08
14.35 2.95824e-09 1.86271e-08
14.375 3.09225e-09 2.03665e-08
14.4 3.22916e-09 2.21251e-08
14.425 3.36875e-09 2.38994e-08
14.45 3.51076e-09 2.56854e-08
14.475 3.65493e-09 2.74795e-08
14.5 3.80098e-09 2.92774e-08
14.525 3.94861e-09 3.10752e-08
14.55 4.09753e-09 3.28687e-08
14.575 4.24741e-09 3.46538e-08
14.6 4.39795e-09 3.64262e-08
14.625 4.5488e-09 3.81817e-08
14.65 4.69964e-09 3.99162e-08
14.675 4.85011e-09 4.16256e-08
14.7 4.99988e-09 4.33059e-08
14.725 5.1486e-09 4.49529e-08
14.75 5.29592e-09 4.6563e-08
14.775 5.4415e-09 4.81323e-08
14.8 5.58498e-09 4.96573e-08
14.825 5.72603e-09 5.11344e-08
14.85 5.86431e-09 5.25603e-08
14.875 5.99949e-09 5.3932e-08
14.9 6.13125e-09 5.52465e-08
14.925 6.25928e-09 5.6501e-08
14.95 6.38327e-09 5.76931e-08
14.975 6.50292e-09 5.88203e-08
15 6.61797e-09 5.98806e-08
15.025 6.72814e-09 6.08721e-08
15.05 6.83318e-09 6.17931e-08
15.075 6.93285e-09 6.26422e-08
15.1 7.02694e-09 6.34183e-08
15.125 7.11523e-09 6.41203e-08
15.15 7.19754e-09 6.47475e-08
15.175 7.27371e-09 6.52995e-08
15.2 7.34357e-09 6.57759e-08
15.225 7.407e-09 6.61768e-08
15.25 7.46388e-09 6.65022e-08
15.275 7.51411e-09 6.67526e-08
15.3 7.55763e-09 6.69286e-08
15.325 7.59437e-09 6.70309e-08
15.35 7.6243e-09 6.70605e-08
15.375 7.64739e-09 6.70186e-08
15.4 7.66365e-09 6.69065e-08
15.425 7.6731e-09 6.67257e-08
15.45 7.67576e-09 6.64779e-08
15.475 7.6717e-09 6.61648e-08
15.5 7.66097e-09 6.57884e-08
15.525 7.64368e-09 6.53508e-08
15.55 7.61991e-09 6.4854e-08
15.575 7.58979e-09 6.43004e-08
15.6 7.55345e-09 6.36922e-08
15.625 7.51103e-09 6.3032e-08
15.65 7.46269e-09 6.23222e-08
15.675 7.4086e-09 6.15653e-08
15.7 7.34894e-09 6.07641e-08
15.725 7.2839e-09 5.9921e-08
15.75 7.21368e-09 5.90387e-08
15.775 7.13849e-09 5.812e-08
15.8 7.05854e-09 5.71675e-08
15.825 6.97405e-09 5.61838e-08
15.85 6.88526e-09 5.51717e-08
15.875 6.79239e-09 5.41338e-08
15.9 6.69569e-09 5.30727e-08
15.925 6.59539e-09 5.1991e-08
15.95 6.49174e-09 5.08912e-08
15.975 6.38497e-09 4.97758e-08
16 6.27533e-09 4.86472e-08
16.025 6.16307e-09 4.75079e-08
16.05 6.04843e-09 4.63601e-08
16.075 5.93165e-09 4.52062e-08
16.1 5.81296e-09 4.40481e-08
16.125 5.69261e-09 4.28881e-08
16.15 5.57083e-09 4.17282e-08
16.175 5.44784e-09 4.05702e-08
16.2 5.32386e-09 3.94161e-08
16.225 5.19912e-09 3.82675e-08
16.25 5.07382e-09 3.71262e-08
16.275 4.94818e-09 3.59937e-08
16.3 4.8224e-09 3.48715e-08
16.325 4.69665e-09 3.37611e-08
16.35 4.57114e-09 3.26636e-08
16.375 4.44604e-09 3.15804e-08
16.4 4.32153e-09 3.05125e-08
16.425 4.19775e-09 2.9461e-08
16.45 4.07488e-09 2.84269e-08
16.475 3.95305e-09 2.7411e-08
16.5 3.83241e-09 2.64141e-08
16.525 3.71308e-09 2.5437e-08
16.55 3.5952e-09 2.44802e-08
16.575 3.47887e-09 2.35442e-08
16.6 3.3642e-09 2.26296e-08
16.625 3.25129e-09 2.17368e-08
16.65 3.14023e-09 2.08661e-08
16.675 3.0311e-09 2.00177e-08
16.7 2.92398e-09 1.91919e-08
16.725 2.81894e-09 1.83889e-08
16.75 2.71603e-09 1.76086e-08
16.775 2.61531e-09 1.68511e-08
16.8 2.51682e-09 1.61165e-08
16.825 2.42061e-09 1.54045e-08
16.85 2.3267e-09 1.47152e-08
16.875 2.23513e-09 1.40484e-08
16.9 2.14591e-09 1.34038e-08
16.925 2.05905e-09 1.27813e-08
16.95 1.97458e-09 1.21805e-08
16.975 1.89248e-09 1.16012e-08
17 1.81276e-09 1.1043e-08
17.025 1.73541e-09 1.05056e-08
17.05 1.66043e-09 9.98866e-09
17.075 1.58779e-09 9.49168e-09
17.1 1.51748e-09 9.01429e-09
17.125 1.44948e-09 8.55607e-09
17.15 1.38376e-09 8.11655e-09
17.175 1.3203e-09 7.69529e-09
17.2 1.25905e-09 7.29182e-09
17.225 1.19999e-09 6.90565e-09
17.25 1.14309e-09 6.53632e-09
17.275 1.08829e-09 6.18332e-09
17.3 1.03556e-09 5.84618e-09
17.325 9.84862e-10 5.52439e-09
17.35 9.36146e-10 5.21747e-09
17.375 8.89369e-10 4.92493e-09
17.4 8.44483e-10 4.64628e-09
17.425 8.01442e-10 4.38104e-09
17.45 7.60197e-10 4.12872e-09
17.475 7.207e-10 3.88886e-09
17.5 6.82901e-10 3.66098e-09
17.525 6.46751e-10 3.44462e-09
17.55 6.122e-10 3.23934e-09
17.575 5.79199e-10 3.04469e-09
17.6 5.47698e-10 2.86023e-09
17.625 5.17647e-10 2.68554e-09
17.65 4.88999e-10 2.52021e-09
17.675 4.61704e-10 2.36382e-09
17.7 4.35714e-10 2.21599e-09
17.725 4.10982e-10 2.07633e-09
17.75 3.87462e-10 1.94447e-09
17.775 3.65107e-10 1.82005e-09
17.8 3.43873e-10 1.70272e-09
17.825 3.23714e-10 1.59214e-09
17.85 3.04589e-10 1.48799e-09
17.875 2.86454e-10 1.38994e-09
17.9 2.69268e-10 1.29769e-09
17.925 2.52991e-10 1.21096e-09
17.95 2.37584e-10 1.12945e-09
17.975 2.23008e-10 1.0529e-09
18 2.09226e-10 9.81045e-10
18.025 1.96203e-10 9.13637e-10
18.05 1.83903e-10 8.50436e-10
18.075 1.72293e-10 7.91213e-10
18.1 1.6134e-10 7.35748e-10
18.125 1.51012e-10 6.83833e-10
18.15 1.4128e-10 6.35266e-10
18.175 1.32113e-10 5.89856e-10
18.2 1.23484e-10 5.47423e-10
18.225 1.15365e-10 5.07792e-10
18.25 1.0773e-10 4.70799e-10
18.275 1.00554e-10 4.36287e-10
18.3 9.38135e-11 4.04107e-10
18.325 8.74848e-11 3.74118e-10
18.35 8.1546e-11 3.46185e-10
18.375 7.59758e-11 3.20181e-10
18.4 7.07543e-11 2.95987e-10
18.425 6.58619e-11 2.73488e-10
18.45 6.12803e-11 2.52576e-10
18.475 5.6992e-11 2.33151e-10
18.5 5.29801e-11 2.15115e-10
18.525 4.92288e-11 1.98378e-10
18.55 4.57229e-11 1.82855e-10
18.575 4.24479e-11 1.68465e-10
18.6 3.93901e-11 1.55133e-10
18.625 3.65366e-11 1.42787e-10
18.65 3.38749e-11 1.3136e-10
18.675 3.13935e-11 1.20789e-10
18.7 2.90812e-11 1.11015e-10
18.725 2.69275e-11 1.01984e-10
18.75 2.49226e-11 9.36414e-11
18.775 2.3057e-11 8.59403e-11
18.8 2.13219e-11 7.88346e-11
18.825 1.97089e-11 7.22816e-11
18.85 1.82102e-11 6.62414e-11
18.875 1.68183e-11 6.06767e-11
18.9 1.55261e-11 5.55528e-11
18.925 1.43272e-11 5.0837e-11
18.95 1.32153e-11 4.64992e-11
18.975 1.21845e-11 4.2511e-11
19 1.12294e-11 3.88461e-11
19.025 1.03449e-11 3.54801e-11
19.05 9.52601e-12 3.239e-11
19.075 8.76831e-12 2.95548e-11
19.1 8.06753e-12 2.69547e-11
19.125 7.41969e-12 2.45714e-11
19.15 6.82104e-12 2.2388e-11
19.175 6.26812e-12 2.03887e-11
19.2 5.75764e-12 1.85589e-11
19.225 5.28658e-12 1.68851e-11
19.25 4.85206e-12 1.53547e-11
19.275 4.45145e-12 1.39562e-11
19.3 4.08225e-12 1.26789e-11
19.325 3.74215e-12 1.15128e-11
19.35 3.42899e-12 1.04488e-11
19.375 3.14078e-12 9.47846e-12
19.4 2.87563e-12 8.59398e-12
19.425 2.6318e-12 7.78816e-12
19.45 2.40769e-12 7.05438e-12
19.475 2.20178e-12 6.38655e-12
19.5 2.01267e-12 5.77905e-12
19.525 1.83907e-12 5.2267e-12
19.55 1.67978e-12 4.72476e-12
19.575 1.53368e-12 4.26886e-12
19.6 1.39974e-12 3.85498e-12
19.625 1.27698e-12 3.47946e-12
19.65 1.16454e-12 3.1389e-12
19.675 1.06157e-12 2.83022e-12
19.7 9.67337e-13 2.55057e-12
19.725 8.81121e-13 2.29736e-12
19.75 8.02276e-13 2.0682e-12
19.775 7.30202e-13 1.86092e-12
19.8 6.64345e-13 1.67353e-12
19.825 6.04193e-13 1.50421e-12
19.85 5.49275e-13 1.35129e-12
19.875 4.99157e-13 1.21327e-12
19.9 4.53436e-13 1.08875e-12
19.925 4.11746e-13 9.76477e-13
19.95 3.73745e-13 8.75299e-13
19.975 3.39121e-13 7.84168e-13
20 3.07588e-13 7.02132e-13
