0 9.47895e-05 -5.90657e-05
0.025 9.47895e-05 -5.90657e-05
0.05 0.000189359 -0.000117947
0.075 0.000283488 -0.000176459
0.1 0.000376958 -0.000234419
0.125 0.000469554 -0.000291647
0.15 0.000561061 -0.000347964
0.175 0.000651268 -0.000403197
0.2 0.000739968 -0.000457175
0.225 0.000826958 -0.000509732
0.25 0.00091204 -0.000560708
0.275 0.000995022 -0.000609948
0.3 0.00107572 -0.000657304
0.325 0.00115394 -0.000702635
0.35 0.00122953 -0.000745808
0.375 0.00130232 -0.000786696
0.4 0.00137214 -0.000825182
0.425 0.00143885 -0.000861158
0.45 0.00150231 -0.000894522
0.475 0.00156238 -0.000925186
0.5 0.00161896 -0.000953068
0.525 0.00167191 -0.000978096
0.55 0.00172116 -0.00100021
0.575 0.00176659 -0.00101936
0.6 0.00180814 -0.0010355
0.625 0.00184574 -0.0010486
0.65 0.00187932 -0.00105864
0.675 0.00190884 -0.00106562
0.7 0.00193427 -0.00106952
0.725 0.00195558 -0.00107036
0.75 0.00197276 -0.00106815
0.775 0.00198582 -0.00106293
0.8 0.00199475 -0.00105473
0.825 0.00199959 -0.0010436
0.85 0.00200037 -0.00102958
0.875 0.00199714 -0.00101275
0.9 0.00198995 -0.00099317
0.925 0.00197887 -0.000970921
0.95 0.00196397 -0.000946085
0.975 0.00194536 -0.000918755
1 0.00192313 -0.000889025
1.025 0.00189739 -0.000857
1.05 0.00186826 -0.000822784
1.075 0.00183587 -0.00078649
1.1 0.00180036 -0.000748233
1.125 0.00176187 -0.000708132
1.15 0.00172058 -0.000666308
1.175 0.00167663 -0.000622884
1.2 0.00163021 -0.000577986
1.225 0.00158149 -0.000531741
1.25 0.00153065 -0.000484276
1.275 0.0014779 -0.000435717
1.3 0.00142343 -0.000386193
1.325 0.00136744 -0.00033583
1.35 0.00131014 -0.000284751
1.375 0.00125174 -0.000233081
1.4 0.00119247 -0.000180939
1.425 0.00113254 -0.000128444
1.45 0.00107216 -7.57119e-05
1.475 0.00101157 -2.28531e-05
1.5 0.000950992 3.00242e-05
1.525 0.000890645 8.28163e-05
1.55 0.000830758 0.000135424
1.575 0.000771553 0.000187753
1.6 0.000713255 0.000239712
1.625 0.000656085 0.000291218
1.65 0.000600261 0.000342192
1.675 0.000545998 0.000392559
1.7 0.000493509 0.000442251
1.725 0.000442999 0.000491205
1.75 0.00039467 0.000539364
1.775 0.000348718 0.000586677
1.8 0.000305332 0.000633099
1.825 0.000264694 0.000678589
1.85 0.000226979 0.000723112
1.875 0.000192351 0.000766639
1.9 0.000160969 0.000809147
1.925 0.000132979 0.000850616
1.95 0.000108518 0.000891033
1.975 8.77129e-05 0.000930388
2 7.06774e-05 0.000968676
2.025 5.75149e-05 0.0010059
2.05 4.8316e-05 0.00104205
2.075 4.31581e-05 0.00107715
2.1 4.21056e-05 0.0011112
2.125 4.52089e-05 0.00114421
2.15 5.25043e-05 0.0011762
2.175 6.40134e-05 0.00120718
2.2 7.9743e-05 0.00123717
2.225 9.96847e-05 0.00126619
2.25 0.000123814 0.00129426
2.275 0.000152093 0.0013214
2.3 0.000184464 0.00134762
2.325 0.000220857 0.00137295
2.35 0.000261183 0.0013974
2.375 0.00030534 0.00142098
2.4 0.000353206 0.0014437
2.425 0.000404647 0.00146558
2.45 0.00045951 0.00148663
2.475 0.000517628 0.00150683
2.5 0.000578817 0.0015262
2.525 0.00064288 0.00154472
2.55 0.000709602 0.00156239
2.575 0.000778757 0.00157918
2.6 0.000850102 0.00159508
2.625 0.000923381 0.00161006
2.65 0.000998328 0.00162407
2.675 0.00107466 0.00163709
2.7 0.00115209 0.00164907
2.725 0.00123031 0.00165994
2.75 0.00130901 0.00166966
2.775 0.00138786 0.00167815
2.8 0.00146655 0.00168533
2.825 0.00154472 0.00169113
2.85 0.00162204 0.00169545
2.875 0.00169815 0.00169821
2.9 0.00177272 0.0016993
2.925 0.00184537 0.00169861
2.95 0.00191575 0.00169603
2.975 0.00198351 0.00169144
3 0.00204828 0.00168471
3.025 0.00210971 0.00167571
3.05 0.00216746 0.00166432
3.075 0.00222116 0.00165038
3.1 0.00227049 0.00163377
3.125 0.0023151 0.00161433
3.15 0.00235467 0.00159192
3.175 0.00238888 0.0015664
3.2 0.00241743 0.00153761
3.225 0.00244003 0.0015054
3.25 0.00245638 0.00146964
3.275 0.00246624 0.00143017
3.3 0.00246934 0.00138686
3.325 0.00246545 0.00133956
3.35 0.00245437 0.00128814
3.375 0.00243589 0.00123246
3.4 0.00240984 0.00117242
3.425 0.00237606 0.00110789
3.45 0.00233441 0.00103876
3.475 0.0022848 0.000964931
3.5 0.00222712 0.000886316
3.525 0.00216132 0.000802834
3.55 0.00208735 0.000714416
3.575 0.0020052 0.000621003
3.6 0.00191487 0.000522553
3.625 0.00181641 0.000419034
3.65 0.00170987 0.000310427
3.675 0.00159533 0.00019673
3.7 0.00147292 7.79537e-05
3.725 0.00134275 -4.5874e-05
3.75 0.001205 -0.000174711
3.775 0.00105985 -0.000308499
3.8 0.000907504 -0.000447162
3.825 0.000748203 -0.00059061
3.85 0.000582201 -0.000738734
3.875 0.000409777 -0.000891411
3.9 0.000231231 -0.0010485
3.925 4.68851e-05 -0.00120984
3.95 -0.00014292 -0.00137527
3.975 -0.000337825 -0.00154458
4 -0.000537452 -0.00171758
4.025 -0.000741408 -0.00189405
4.05 -0.000949285 -0.00207375
4.075 -0.00116066 -0.00225643
4.1 -0.0013751 -0.00244184
4.125 -0.00159216 -0.00262969
4.15 -0.00181138 -0.0028197
4.175 -0.0020323 -0.00301157
4.2 -0.00225445 -0.003205
4.225 -0.00247737 -0.00339967
4.25 -0.00270056 -0.00359525
4.275 -0.00292356 -0.00379141
4.3 -0.00314588 -0.00398781
4.325 -0.00336705 -0.0041841
4.35 -0.00358659 -0.00437995
4.375 -0.00380404 -0.004575
4.4 -0.00401894 -0.00476889
4.425 -0.00423082 -0.00496129
4.45 -0.00443924 -0.00515182
4.475 -0.00464377 -0.00534016
4.5 -0.00484399 -0.00552594
4.525 -0.00503949 -0.00570882
4.55 -0.00522987 -0.00588848
4.575 -0.00541475 -0.00606458
4.6 -0.00559378 -0.0062368
4.625 -0.00576661 -0.00640482
4.65 -0.00593292 -0.00656835
4.675 -0.0060924 -0.00672708
4.7 -0.00624477 -0.00688073
4.725 -0.00638976 -0.00702904
4.75 -0.00652714 -0.00717176
4.775 -0.0066567 -0.00730863
4.8 -0.00677823 -0.00743944
4.825 -0.00689156 -0.00756396
4.85 -0.00699656 -0.00768201
4.875 -0.00709309 -0.00779341
4.9 -0.00718105 -0.00789799
4.925 -0.00726037 -0.00799561
4.95 -0.00733101 -0.00808614
4.975 -0.00739292 -0.00816946
5 -0.00744611 -0.0082455
5.025 -0.00749059 -0.00831417
5.05 -0.0075264 -0.00837543
5.075 -0.0075536 -0.00842922
5.1 -0.00757228 -0.00847553
5.125 -0.00758254 -0.00851436
5.15 -0.0075845 -0.00854572
5.175 -0.0075783 -0.00856965
5.2 -0.00756411 -0.00858619
5.225 -0.0075421 -0.0085954
5.25 -0.00751246 -0.00859737
5.275 -0.00747541 -0.00859219
5.3 -0.00743116 -0.00857997
5.325 -0.00737995 -0.00856084
5.35 -0.00732203 -0.00853493
5.375 -0.00725766 -0.00850239
5.4 -0.0071871 -0.00846339
5.425 -0.00711064 -0.00841809
5.45 -0.00702855 -0.00836669
5.475 -0.00694113 -0.00830936
5.5 -0.00684867 -0.00824632
5.525 -0.00675148 -0.00817778
5.55 -0.00664986 -0.00810394
5.575 -0.00654411 -0.00802504
5.6 -0.00643454 -0.0079413
5.625 -0.00632146 -0.00785296
5.65 -0.00620518 -0.00776025
5.675 -0.00608599 -0.00766342
5.7 -0.00596419 -0.0075627
5.725 -0.00584009 -0.00745835
5.75 -0.00571398 -0.0073506
5.775 -0.00558615 -0.00723971
5.8 -0.00545687 -0.00712591
5.825 -0.00532643 -0.00700945
5.85 -0.00519508 -0.00689058
5.875 -0.00506309 -0.00676953
5.9 -0.00493072 -0.00664654
5.925 -0.00479819 -0.00652183
5.95 -0.00466576 -0.00639565
5.975 -0.00453363 -0.00626821
6 -0.00440204 -0.00613972
6.025 -0.00427117 -0.00601041
6.05 -0.00414122 -0.00588049
6.075 -0.00401238 -0.00575014
6.1 -0.00388481 -0.00561957
6.125 -0.00375869 -0.00548896
6.15 -0.00363416 -0.00535849
6.175 -0.00351135 -0.00522834
6.2 -0.00339041 -0.00509867
6.225 -0.00327145 -0.00496964
6.25 -0.00315458 -0.0048414
6.275 -0.00303989 -0.0047141
6.3 -0.00292748 -0.00458786
6.325 -0.00281742 -0.00446281
6.35 -0.00270979 -0.00433908
6.375 -0.00260464 -0.00421678
6.4 -0.00250203 -0.004096
6.425 -0.00240199 -0.00397685
6.45 -0.00230456 -0.00385941
6.475 -0.00220977 -0.00374377
6.5 -0.00211764 -0.00362999
6.525 -0.00202817 -0.00351815
6.55 -0.00194137 -0.00340831
6.575 -0.00185723 -0.00330052
6.6 -0.00177576 -0.00319482
6.625 -0.00169693 -0.00309126
6.65 -0.00162072 -0.00298987
6.675 -0.00154712 -0.00289067
6.7 -0.00147609 -0.0027937
6.725 -0.00140759 -0.00269898
6.75 -0.00134159 -0.0026065
6.775 -0.00127806 -0.00251628
6.8 -0.00121694 -0.00242833
6.825 -0.00115818 -0.00234263
6.85 -0.00110175 -0.0022592
6.875 -0.00104758 -0.00217801
6.9 -0.000995622 -0.00209905
6.925 -0.000945824 -0.00202231
6.95 -0.000898127 -0.00194777
6.975 -0.000852474 -0.0018754
7 -0.000808805 -0.00180518
7.025 -0.000767063 -0.00173708
7.05 -0.000727187 -0.00167107
7.075 -0.000689118 -0.00160713
7.1 -0.000652795 -0.00154521
7.125 -0.00061816 -0.00148528
7.15 -0.000585153 -0.0014273
7.175 -0.000553716 -0.00137124
7.2 -0.00052379 -0.00131706
7.225 -0.000495319 -0.00126471
7.25 -0.000468246 -0.00121416
7.275 -0.000442515 -0.00116536
7.3 -0.000418073 -0.00111828
7.325 -0.000394866 -0.00107286
7.35 -0.000372842 -0.00102907
7.375 -0.00035195 -0.00098686
7.4 -0.000332142 -0.000946193
7.425 -0.000313369 -0.000907025
7.45 -0.000295584 -0.000869313
7.475 -0.000278743 -0.000833015
7.5 -0.000262801 -0.000798088
7.525 -0.000247716 -0.000764492
7.55 -0.000233448 -0.000732185
7.575 -0.000219957 -0.000701126
7.6 -0.000207206 -0.000671277
7.625 -0.000195157 -0.000642598
7.65 -0.000183775 -0.00061505
7.675 -0.000173027 -0.000588595
7.7 -0.000162881 -0.000563198
7.725 -0.000153305 -0.00053882
7.75 -0.00014427 -0.000515427
7.775 -0.000135747 -0.000492984
7.8 -0.00012771 -0.000471457
7.825 -0.000120132 -0.000450814
7.85 -0.00011299 -0.000431022
7.875 -0.000106258 -0.00041205
7.9 -9.99158e-05 -0.000393867
7.925 -9.39409e-05 -0.000376445
7.95 -8.83135e-05 -0.000359754
7.975 -8.30141e-05 -0.000343766
8 -7.80244e-05 -0.000328455
8.025 -7.33272e-05 -0.000313794
8.05 -6.89059e-05 -0.000299759
8.075 -6.4745e-05 -0.000286324
8.1 -6.08295e-05 -0.000273465
8.125 -5.71456e-05 -0.000261161
8.15 -5.36799e-05 -0.000249389
8.175 -5.04199e-05 -0.000238127
8.2 -4.73538e-05 -0.000227354
8.225 -4.44702e-05 -0.000217052
8.25 -4.17587e-05 -0.000207201
8.275 -3.92092e-05 -0.000197781
8.3 -3.68123e-05 -0.000188777
8.325 -3.45591e-05 -0.000180169
8.35 -3.2441e-05 -0.000171942
8.375 -3.04503e-05 -0.00016408
8.4 -2.85795e-05 -0.000156568
8.425 -2.68213e-05 -0.00014939
8.45 -2.51694e-05 -0.000142533
8.475 -2.36173e-05 -0.000135983
8.5 -2.21591e-05 -0.000129727
8.525 -2.07894e-05 -0.000123753
8.55 -1.95028e-05 -0.000118048
8.575 -1.82945e-05 -0.000112601
8.6 -1.71597e-05 -0.0001074
8.625 -1.60942e-05 -0.000102436
8.65 -1.50938e-05 -9.76974e-05
8.675 -1.41546e-05 -9.31751e-05
8.7 -1.32729e-05 -8.88593e-05
8.725 -1.24455e-05 -8.47412e-05
8.75 -1.16689e-05 -8.08121e-05
8.775 -1.09402e-05 -7.70637e-05
8.8 -1.02564e-05 -7.34879e-05
8.825 -9.61502e-06 -7.00773e-05
8.85 -9.01336e-06 -6.68245e-05
8.875 -8.44907e-06 -6.37225e-05
8.9 -7.91989e-06 -6.07646e-05
8.925 -7.42371e-06 -5.79444e-05
8.95 -6.95854e-06 -5.52557e-05
8.975 -6.52249e-06 -5.26927e-05
9 -6.11379e-06 -5.02496e-05
9.025 -5.73079e-06 -4.79211e-05
9.05 -5.37191e-06 -4.57021e-05
9.075 -5.03568e-06 -4.35875e-05
9.1 -4.72071e-06 -4.15726e-05
9.125 -4.4257e-06 -3.96529e-05
9.15 -4.1494e-06 -3.78239e-05
9.175 -3.89067e-06 -3.60816e-05
9.2 -3.64841e-06 -3.4422e-05
9.225 -3.4216e-06 -3.28412e-05
9.25 -3.20927e-06 -3.13356e-05
9.275 -3.01052e-06 -2.99017e-05
9.3 -2.82449e-06 -2.85361e-05
9.325 -2.65037e-06 -2.72356e-05
9.35 -2.48742e-06 -2.59973e-05
9.375 -2.33492e-06 -2.48181e-05
9.4 -2.19221e-06 -2.36952e-05
9.425 -2.05866e-06 -2.2626e-05
9.45 -1.93368e-06 -2.16079e-05
9.475 -1.81672e-06 -2.06385e-05
9.5 -1.70726e-06 -1.97154e-05
9.525 -1.60481e-06 -1.88364e-05
9.55 -1.50892e-06 -1.79993e-05
9.575 -1.41916e-06 -1.72021e-05
9.6 -1.33512e-06 -1.6443e-05
9.625 -1.25644e-06 -1.57199e-05
9.65 -1.18276e-06 -1.50311e-05
9.675 -1.11374e-06 -1.4375e-05
9.7 -1.04909e-06 -1.375e-05
9.725 -9.88505e-07 -1.31544e-05
9.75 -9.31724e-07 -1.25869e-05
9.775 -8.78493e-07 -1.2046e-05
9.8 -8.28574e-07 -1.15304e-05
9.825 -7.81748e-07 -1.10388e-05
9.85 -7.37808e-07 -1.05701e-05
9.875 -6.96562e-07 -1.01231e-05
9.9 -6.57832e-07 -9.69672e-06
9.925 -6.21448e-07 -9.2899e-06
9.95 -5.87256e-07 -8.90168e-06
9.975 -5.55109e-07 -8.53113e-06
10 -5.24873e-07 -8.17735e-06
10.025 -4.9642e-07 -7.83951e-06
10.05 -4.69633e-07 -7.51681e-06
10.075 -4.44403e-07 -7.20849e-06
10.1 -4.20626e-07 -6.91384e-06
10.125 -3.98209e-07 -6.63218e-06
10.15 -3.77062e-07 -6.36286e-06
10.175 -3.57104e-07 -6.10528e-06
10.2 -3.38257e-07 -5.85885e-06
10.225 -3.20451e-07 -5.62302e-06
10.25 -3.03619e-07 -5.39729e-06
10.275 -2.87699e-07 -5.18116e-06
10.3 -2.72635e-07 -4.97416e-06
10.325 -2.58373e-07 -4.77586e-06
10.35 -2.44863e-07 -4.58584e-06
10.375 -2.32059e-07 -4.4037e-06
10.4 -2.19919e-07 -4.22907e-06
10.425 -2.08403e-07 -4.0616e-06
10.45 -1.97473e-07 -3.90096e-06
10.475 -1.87095e-07 -3.74682e-06
10.5 -1.77238e-07 -3.59889e-06
10.525 -1.67871e-07 -3.45688e-06
10.55 -1.58966e-07 -3.32053e-06
10.575 -1.50499e-07 -3.18957e-06
10.6 -1.42445e-07 -3.06378e-06
10.625 -1.34781e-07 -2.94291e-06
10.65 -1.27487e-07 -2.82676e-06
10.675 -1.20544e-07 -2.71511e-06
10.7 -1.13934e-07 -2.60777e-06
10.725 -1.07639e-07 -2.50456e-06
10.75 -1.01645e-07 -2.4053e-06
10.775 -9.59364e-08 -2.30982e-06
10.8 -9.04996e-08 -2.21796e-06
10.825 -8.53219e-08 -2.12958e-06
10.85 -8.03916e-08 -2.04454e-06
10.875 -7.56973e-08 -1.96268e-06
10.9 -7.12285e-08 -1.8839e-06
10.925 -6.69755e-08 -1.80806e-06
10.95 -6.29288e-08 -1.73505e-06
10.975 -5.90798e-08 -1.66475e-06
11 -5.54202e-08 -1.59707e-06
11.025 -5.19421e-08 -1.53191e-06
11.05 -4.86381e-08 -1.46916e-06
11.075 -4.55012e-08 -1.40874e-06
11.1 -4.25247e-08 -1.35056e-06
11.125 -3.97021e-08 -1.29454e-06
11.15 -3.70272e-08 -1.2406e-06
11.175 -3.44943e-08 -1.18867e-06
11.2 -3.20977e-08 -1.13868e-06
11.225 -2.98319e-08 -1.09056e-06
11.25 -2.76916e-08 -1.04424e-06
11.275 -2.56718e-08 -9.99665e-07
11.3 -2.37676e-08 -9.56776e-07
11.325 -2.19741e-08 -9.15516e-07
11.35 -2.02868e-08 -8.75831e-07
11.375 -1.87012e-08 -8.37669e-07
11.4 -1.72128e-08 -8.00981e-07
11.425 -1.58175e-08 -7.65719e-07
11.45 -1.45109e-08 -7.31838e-07
11.475 -1.32892e-08 -6.99292e-07
11.5 -1.21482e-08 -6.6804e-07
11.525 -1.10843e-08 -6.38041e-07
11.55 -1.00935e-08 -6.09254e-07
11.575 -9.17227e-09 -5.81641e-07
11.6 -8.31701e-09 -5.55163e-07
11.625 -7.52424e-09 -5.29785e-07
11.65 -6.79059e-09 -5.05471e-07
11.675 -6.11278e-09 -4.82186e-07
11.7 -5.48762e-09 -4.59897e-07
11.725 -4.91203e-09 -4.38568e-07
11.75 -4.38303e-09 -4.1817e-07
11.775 -3.89774e-09 -3.98668e-07
11.8 -3.45338e-09 -3.80033e-07
11.825 -3.04727e-09 -3.62233e-07
11.85 -2.67683e-09 -3.45238e-07
11.875 -2.33961e-09 -3.29019e-07
11.9 -2.03324e-09 -3.13546e-07
11.925 -1.75546e-09 -2.98792e-07
11.95 -1.50412e-09 -2.84728e-07
11.975 -1.27718e-09 -2.71326e-07
12 -1.0727e-09 -2.58561e-07
12.025 -8.88826e-10 -2.46404e-07
12.05 -7.23835e-10 -2.34832e-07
12.075 -5.76089e-10 -2.23817e-07
12.1 -4.44049e-10 -2.13337e-07
12.125 -3.26277e-10 -2.03366e-07
12.15 -2.21426e-10 -1.93882e-07
12.175 -1.28244e-10 -1.84861e-07
12.2 -4.55654e-11 -1.76281e-07
12.225 2.76868e-11 -1.68122e-07
12.25 9.25076e-11 -1.60363e-07
12.275 1.49812e-10 -1.52983e-07
12.3 2.00438e-10 -1.45964e-07
12.325 2.45152e-10 -1.39286e-07
12.35 2.84649e-10 -1.32934e-07
12.375 3.19559e-10 -1.26888e-07
12.4 3.50451e-10 -1.21134e-07
12.425 3.77835e-10 -1.15656e-07
12.45 4.02164e-10 -1.1044e-07
12.475 4.23844e-10 -1.05471e-07
12.5 4.43231e-10 -1.00736e-07
12.525 4.60638e-10 -9.62242e-08
12.55 4.76336e-10 -9.19228e-08
12.575 4.90563e-10 -8.78212e-08
12.6 5.03519e-10 -8.39092e-08
12.625 5.15376e-10 -8.01773e-08
12.65 5.26279e-10 -7.66166e-08
12.675 5.36348e-10 -7.32188e-08
12.7 5.45682e-10 -6.99761e-08
12.725 5.54362e-10 -6.68816e-08
12.75 5.6245e-10 -6.39283e-08
12.775 5.69999e-10 -6.11102e-08
12.8 5.77048e-10 -5.84214e-08
12.825 5.83627e-10 -5.58566e-08
12.85 5.8976e-10 -5.34108e-08
12.875 5.95465e-10 -5.10792e-08
12.9 6.00758e-10 -4.88573e-08
12.925 6.05651e-10 -4.67411e-08
12.95 6.10159e-10 -4.47263e-08
12.975 6.14297e-10 -4.28093e-08
13 6.1808e-10 -4.09864e-08
13.025 6.21531e-10 -3.92538e-08
13.05 6.24674e-10 -3.76081e-08
13.075 6.2754e-10 -3.60458e-08
13.1 6.30167e-10 -3.45634e-08
13.125 6.32598e-10 -3.31574e-08
13.15 6.34885e-10 -3.18243e-08
13.175 6.37087e-10 -3.05607e-08
13.2 6.39271e-10 -2.93628e-08
13.225 6.41514e-10 -2.8227e-08
13.25 6.43898e-10 -2.71496e-08
13.275 6.46518e-10 -2.61267e-08
13.3 6.49473e-10 -2.51545e-08
13.325 6.52873e-10 -2.42289e-08
13.35 6.56835e-10 -2.33459e-08
13.375 6.61484e-10 -2.25013e-08
13.4 6.66951e-10 -2.16908e-08
13.425 6.73376e-10 -2.09103e-08
13.45 6.80902e-10 -2.01554e-08
13.475 6.8968e-10 -1.94216e-08
13.5 6.99863e-10 -1.87047e-08
13.525 7.11612e-10 -1.80003e-08
13.55 7.25086e-10 -1.7304e-08
13.575 7.4045e-10 -1.66114e-08
13.6 7.57869e-10 -1.59184e-08
13.625 7.77507e-10 -1.52206e-08
13.65 7.99529e-10 -1.45141e-08
13.675 8.24098e-10 -1.37948e-08
13.7 8.51374e-10 -1.3059e-08
13.725 8.81512e-10 -1.23028e-08
13.75 9.14662e-10 -1.15229e-08
13.775 9.50971e-10 -1.0716e-08
13.8 9.90576e-10 -9.87893e-09
13.825 1.03361e-09 -9.00892e-09
13.85 1.08018e-09 -8.10335e-09
13.875 1.13041e-09 -7.15993e-09
13.9 1.1844e-09 -6.17659e-09
13.925 1.24223e-09 -5.15161e-09
13.95 1.30398e-09 -4.08352e-09
13.975 1.36971e-09 -2.97119e-09
14 1.43946e-09 -1.81379e-09
14.025 1.51327e-09 -6.10811e-10
14.05 1.59114e-09 6.37931e-10
14.075 1.67309e-09 1.9323e-09
14.1 1.7591e-09 3.27185e-09
14.125 1.84912e-09 4.6558e-09
14.15 1.94311e-09 6.08308e-09
14.175 2.04101e-09 7.55231e-09
14.2 2.14272e-09 9.06181e-09
14.225 2.24813e-09 1.06096e-08
14.25 2.35714e-09 1.21935e-08
14.275 2.4696e-09 1.3811e-08
14.3 2.58536e-09 1.54593e-08
14.325 2.70425e-09 1.71355e-08
14.35 2.82608e-09 1.88365e-08
14.375 2.95065e-09 2.05588e-08
14.4 3.07774e-09 2.2299e-08
14.425 3.20712e-09 2.40533e-08
14.45 3.33854e-09 2.5818e-08
14.475 3.47176e-09 2.75891e-08
14.5 3.60651e-09 2.93626e-08
14.525 3.7425e-09 3.11345e-08
14.55 3.87946e-09 3.29005e-08
14.575 4.01708e-09 3.46566e-08
14.6 4.15507e-09 3.63986e-08
14.625 4.29312e-09 3.81224e-08
14.65 4.43092e-09 3.98237e-08
14.675 4.56815e-09 4.14987e-08
14.7 4.7045e-09 4.31432e-08
14.725 4.83966e-09 4.47535e-08
14.75 4.9733e-09 4.63257e-08
14.775 5.10511e-09 4.78562e-08
14.8 5.23478e-09 4.93414e-08
14.825 5.36201e-09 5.0778e-08
14.85 5.48649e-09 5.21629e-08
14.875 5.60793e-09 5.34929e-08
14.9 5.72605e-09 5.47653e-08
14.925 5.84056e-09 5.59775e-08
14.95 5.9512e-09 5.7127e-08
14.975 6.05771e-09 5.82116e-08
15 6.15985e-09 5.92294e-08
15.025 6.25738e-09 6.01785e-08
15.05 6.3501e-09 6.10575e-08
15.075 6.43778e-09 6.1865e-08
15.1 6.52025e-09 6.26e-08
15.125 6.59733e-09 6.32616e-08
15.15 6.66886e-09 6.38493e-08
15.175 6.7347e-09 6.43625e-08
15.2 6.79472e-09 6.48012e-08
15.225 6.84882e-09 6.51654e-08
15.25 6.8969e-09 6.54554e-08
15.275 6.93889e-09 6.56716e-08
15.3 6.97473e-09 6.58148e-08
15.325 7.00438e-09 6.58857e-08
15.35 7.02782e-09 6.58855e-08
15.375 7.04504e-09 6.58153e-08
15.4 7.05606e-09 6.56765e-08
15.425 7.06088e-09 6.54708e-08
15.45 7.05957e-09 6.51997e-08
15.475 7.05217e-09 6.48651e-08
15.5 7.03876e-09 6.4469e-08
15.525 7.01943e-09 6.40135e-08
15.55 6.99426e-09 6.35007e-08
15.575 6.96339e-09 6.29329e-08
15.6 6.92693e-09 6.23125e-08
15.625 6.88502e-09 6.16418e-08
15.65 6.8378e-09 6.09234e-08
15.675 6.78544e-09 6.01598e-08
15.7 6.72811e-09 5.93535e-08
15.725 6.66598e-09 5.85073e-08
15.75 6.59924e-09 5.76237e-08
15.775 6.52807e-09 5.67053e-08
15.8 6.45268e-09 5.57548e-08
15.825 6.37327e-09 5.47749e-08
15.85 6.29005e-09 5.37681e-08
15.875 6.20323e-09 5.27371e-08
15.9 6.11302e-09 5.16843e-08
15.925 6.01966e-09 5.06124e-08
15.95 5.92334e-09 4.95238e-08
15.975 5.8243e-09 4.8421e-08
16 5.72275e-09 4.73063e-08
16.025 5.61892e-09 4.6182e-08
16.05 5.51302e-09 4.50504e-08
16.075 5.40528e-09 4.39137e-08
16.1 5.2959e-09 4.27739e-08
16.125 5.1851e-09 4.16331e-08
16.15 5.07308e-09 4.04933e-08
16.175 4.96006e-09 3.93562e-08
16.2 4.84622e-09 3.82237e-08
16.225 4.73178e-09 3.70974e-08
16.25 4.61691e-09 3.5979e-08
16.275 4.5018e-09 3.48699e-08
16.3 4.38663e-09 3.37717e-08
16.325 4.27157e-09 3.26855e-08
16.35 4.15679e-09 3.16127e-08
16.375 4.04244e-09 3.05545e-08
16.4 3.92868e-09 2.95118e-08
16.425 3.81566e-09 2.84857e-08
16.45 3.70351e-09 2.74771e-08
16.475 3.59236e-09 2.64868e-08
16.5 3.48234e-09 2.55155e-08
16.525 3.37356e-09 2.45639e-08
16.55 3.26613e-09 2.36326e-08
16.575 3.16015e-09 2.2722e-08
16.6 3.05572e-09 2.18327e-08
16.625 2.95292e-09 2.09649e-08
16.65 2.85183e-09 2.0119e-08
16.675 2.75253e-09 1.92952e-08
16.7 2.65508e-09 1.84936e-08
16.725 2.55955e-09 1.77144e-08
16.75 2.46597e-09 1.69577e-08
16.775 2.3744e-09 1.62235e-08
16.8 2.28488e-09 1.55116e-08
16.825 2.19745e-09 1.4822e-08
16.85 2.11212e-09 1.41547e-08
16.875 2.02893e-09 1.35093e-08
16.9 1.94788e-09 1.28857e-08
16.925 1.869e-09 1.22837e-08
16.95 1.79229e-09 1.1703e-08
16.975 1.71774e-09 1.11432e-08
17 1.64537e-09 1.0604e-08
17.025 1.57515e-09 1.00851e-08
17.05 1.50709e-09 9.58615e-09
17.075 1.44116e-09 9.10664e-09
17.1 1.37735e-09 8.6462e-09
17.125 1.31565e-09 8.20439e-09
17.15 1.25601e-09 7.78078e-09
17.175 1.19842e-09 7.37491e-09
17.2 1.14285e-09 6.98631e-09
17.225 1.08927e-09 6.61451e-09
17.25 1.03764e-09 6.25903e-09
17.275 9.87923e-10 5.91939e-09
17.3 9.40088e-10 5.59512e-09
17.325 8.94094e-10 5.28572e-09
17.35 8.499e-10 4.99071e-09
17.375 8.07466e-10 4.70962e-09
17.4 7.66747e-10 4.44196e-09
17.425 7.27702e-10 4.18726e-09
17.45 6.90286e-10 3.94505e-09
17.475 6.54455e-10 3.71486e-09
17.5 6.20165e-10 3.49625e-09
17.525 5.87369e-10 3.28876e-09
17.55 5.56024e-10 3.09195e-09
17.575 5.26083e-10 2.90539e-09
17.6 4.97503e-10 2.72865e-09
17.625 4.70238e-10 2.56133e-09
17.65 4.44244e-10 2.40301e-09
17.675 4.19477e-10 2.25331e-09
17.7 3.95894e-10 2.11184e-09
17.725 3.73451e-10 1.97823e-09
17.75 3.52106e-10 1.85213e-09
17.775 3.31818e-10 1.73317e-09
17.8 3.12545e-10 1.62102e-09
17.825 2.94248e-10 1.51535e-09
17.85 2.76887e-10 1.41585e-09
17.875 2.60425e-10 1.32222e-09
17.9 2.44823e-10 1.23415e-09
17.925 2.30045e-10 1.15137e-09
17.95 2.16055e-10 1.07359e-09
17.975 2.02819e-10 1.00057e-09
18 1.90304e-10 9.3205e-10
18.025 1.78476e-10 8.67786e-10
18.05 1.67304e-10 8.0755e-10
18.075 1.56758e-10 7.51122e-10
18.1 1.46808e-10 6.98289e-10
18.125 1.37425e-10 6.4885e-10
18.15 1.28582e-10 6.02614e-10
18.175 1.20252e-10 5.59396e-10
18.2 1.1241e-10 5.19021e-10
18.225 1.05031e-10 4.81324e-10
18.25 9.8091e-11 4.46145e-10
18.275 9.15678e-11 4.13335e-10
18.3 8.54395e-11 3.8275e-10
18.325 7.9685e-11 3.54254e-10
18.35 7.42845e-11 3.27721e-10
18.375 6.92187e-11 3.03026e-10
18.4 6.44694e-11 2.80056e-10
18.425 6.00189e-11 2.58702e-10
18.45 5.58508e-11 2.38859e-10
18.475 5.19489e-11 2.20432e-10
18.5 4.82981e-11 2.03327e-10
18.525 4.48841e-11 1.87459e-10
18.55 4.16929e-11 1.72746e-10
18.575 3.87116e-11 1.5911e-10
18.6 3.59277e-11 1.4648e-10
18.625 3.33294e-11 1.34787e-10
18.65 3.09055e-11 1.23968e-10
18.675 2.86455e-11 1.13963e-10
18.7 2.65392e-11 1.04714e-10
18.725 2.45771e-11 9.61693e-11
18.75 2.27503e-11 8.82795e-11
18.775 2.10503e-11 8.09978e-11
18.8 1.94689e-11 7.4281e-11
18.825 1.79986e-11 6.80883e-11
18.85 1.66323e-11 6.23818e-11
18.875 1.53632e-11 5.7126e-11
18.9 1.41849e-11 5.22877e-11
18.925 1.30914e-11 4.78362e-11
18.95 1.20771e-11 4.37424e-11
18.975 1.11368e-11 3.99797e-11
19 1.02653e-11 3.6523e-11
19.025 9.45813e-12 3.3349e-11
19.05 8.71076e-12 3.04361e-11
19.075 8.01912e-12 2.77641e-11
19.1 7.37933e-12 2.53144e-11
19.125 6.78778e-12 2.30696e-11
19.15 6.24107e-12 2.10137e-11
19.175 5.73604e-12 1.91316e-11
19.2 5.26971e-12 1.74096e-11
19.225 4.83931e-12 1.58348e-11
19.25 4.44226e-12 1.43954e-11
19.275 4.07612e-12 1.30804e-11
19.3 3.73863e-12 1.18797e-11
19.325 3.4277e-12 1.07839e-11
19.35 3.14136e-12 9.78429e-12
19.375 2.87778e-12 8.87295e-12
19.4 2.63526e-12 8.04249e-12
19.425 2.41221e-12 7.28612e-12
19.45 2.20715e-12 6.59757e-12
19.475 2.01872e-12 5.97109e-12
19.5 1.84564e-12 5.40138e-12
19.525 1.68672e-12 4.88354e-12
19.55 1.54088e-12 4.41311e-12
19.575 1.4071e-12 3.98596e-12
19.6 1.28442e-12 3.59832e-12
19.625 1.17197e-12 3.24669e-12
19.65 1.06895e-12 2.92792e-12
19.675 9.74608e-13 2.63907e-12
19.7 8.88241e-13 2.37747e-12
19.725 8.09212e-13 2.14068e-12
19.75 7.36928e-13 1.92646e-12
19.775 6.70839e-13 1.73275e-12
19.8 6.10441e-13 1.55769e-12
19.825 5.55266e-13 1.39956e-12
19.85 5.04883e-13 1.2568e-12
19.875 4.58895e-13 1.12799e-12
19.9 4.16935e-13 1.01182e-12
19.925 3.78667e-13 9.07118e-13
19.95 3.43779e-13 8.12794e-13
19.975 3.11987e-13 7.27869e-13
20 2.83027e-13 6.51447e-13
