0 9.24122e-05 -8.44027e-05
0.025 9.24122e-05 -8.44027e-05
0.05 0.000184619 -0.000168516
0.075 0.000276416 -0.000252053
0.1 0.000367599 -0.000334727
0.125 0.000457966 -0.000416256
0.15 0.000547317 -0.000496363
0.175 0.000635454 -0.000574777
0.2 0.000722185 -0.000651232
0.225 0.000807317 -0.000725471
0.25 0.000890665 -0.000797248
0.275 0.000972048 -0.000866324
0.3 0.00105129 -0.000932471
0.325 0.00112822 -0.000995476
0.35 0.00120267 -0.00105513
0.375 0.00127448 -0.00111126
0.4 0.00134351 -0.00116367
0.425 0.0014096 -0.00121221
0.45 0.00147263 -0.00125673
0.475 0.00153246 -0.00129711
0.5 0.00158898 -0.00133322
0.525 0.00164207 -0.00136498
0.55 0.00169164 -0.00139229
0.575 0.00173758 -0.0014151
0.6 0.00177982 -0.00143336
0.625 0.00181828 -0.00144704
0.65 0.00185291 -0.00145613
0.675 0.00188364 -0.00146062
0.7 0.00191044 -0.00146055
0.725 0.00193328 -0.00145594
0.75 0.00195212 -0.00144684
0.775 0.00196697 -0.00143334
0.8 0.00197783 -0.0014155
0.825 0.0019847 -0.00139343
0.85 0.0019876 -0.00136724
0.875 0.00198658 -0.00133705
0.9 0.00198167 -0.001303
0.925 0.00197293 -0.00126524
0.95 0.00196042 -0.00122394
0.975 0.00194422 -0.00117925
1 0.00192441 -0.00113137
1.025 0.0019011 -0.00108048
1.05 0.00187438 -0.00102678
1.075 0.00184438 -0.000970464
1.1 0.00181121 -0.000911752
1.125 0.00177501 -0.000850854
1.15 0.00173593 -0.000787988
1.175 0.00169411 -0.000723375
1.2 0.00164971 -0.000657238
1.225 0.00160291 -0.0005898
1.25 0.00155387 -0.000521286
1.275 0.00150277 -0.000451918
1.3 0.00144981 -0.000381918
1.325 0.00139518 -0.000311505
1.35 0.00133907 -0.000240894
1.375 0.00128168 -0.000170295
1.4 0.00122324 -9.99156e-05
1.425 0.00116394 -2.99544e-05
1.45 0.00110401 3.93945e-05
1.475 0.00104365 0.000107945
1.5 0.000983094 0.000175519
1.525 0.000922557 0.000241946
1.55 0.000862259 0.000307066
1.575 0.000802424 0.000370726
1.6 0.000743271 0.000432787
1.625 0.00068502 0.000493115
1.65 0.000627888 0.000551591
1.675 0.00057209 0.000608105
1.7 0.000517838 0.000662559
1.725 0.00046534 0.000714865
1.75 0.000414797 0.000764948
1.775 0.000366408 0.000812742
1.8 0.000320365 0.000858196
1.825 0.00027685 0.000901267
1.85 0.000236043 0.000941925
1.875 0.000198112 0.000980152
1.9 0.000163217 0.00101594
1.925 0.000131511 0.00104929
1.95 0.000103133 0.00108021
1.975 7.82137e-05 0.00110873
2 5.68735e-05 0.00113488
2.025 3.92195e-05 0.0011587
2.05 2.53469e-05 0.00118024
2.075 1.53384e-05 0.00119956
2.1 9.26322e-06 0.00121672
2.125 7.17685e-06 0.0012318
2.15 9.12073e-06 0.00124487
2.175 1.51218e-05 0.00125601
2.2 2.51921e-05 0.00126531
2.225 3.93287e-05 0.00127287
2.25 5.75131e-05 0.00127878
2.275 7.97114e-05 0.00128313
2.3 0.000105874 0.00128603
2.325 0.000135935 0.00128757
2.35 0.000169812 0.00128786
2.375 0.00020741 0.00128698
2.4 0.000248614 0.00128504
2.425 0.000293295 0.00128214
2.45 0.000341308 0.00127835
2.475 0.000392495 0.00127377
2.5 0.000446679 0.00126848
2.525 0.000503671 0.00126255
2.55 0.000563266 0.00125606
2.575 0.000625247 0.00124906
2.6 0.000689382 0.00124161
2.625 0.000755426 0.00123375
2.65 0.000823123 0.00122552
2.675 0.000892204 0.00121695
2.7 0.000962391 0.00120805
2.725 0.0010334 0.00119883
2.75 0.00110492 0.00118929
2.775 0.00117665 0.0011794
2.8 0.00124828 0.00116914
2.825 0.00131949 0.00115848
2.85 0.00138996 0.00114735
2.875 0.00145934 0.0011357
2.9 0.00152732 0.00112345
2.925 0.00159354 0.00111051
2.95 0.00165769 0.00109679
2.975 0.00171941 0.00108218
3 0.00177839 0.00106656
3.025 0.00183427 0.00104979
3.05 0.00188674 0.00103174
3.075 0.00193548 0.00101225
3.1 0.00198015 0.000991165
3.125 0.00202046 0.000968318
3.15 0.00205611 0.000943532
3.175 0.00208679 0.000916626
3.2 0.00211223 0.000887412
3.225 0.00213217 0.000855699
3.25 0.00214633 0.000821291
3.275 0.00215449 0.000783988
3.3 0.00215642 0.000743592
3.325 0.0021519 0.000699901
3.35 0.00214074 0.000652717
3.375 0.00212277 0.00060184
3.4 0.00209783 0.000547078
3.425 0.00206578 0.00048824
3.45 0.0020265 0.000425142
3.475 0.0019799 0.000357608
3.5 0.00192591 0.000285468
3.525 0.00186447 0.000208564
3.55 0.00179555 0.000126746
3.575 0.00171913 3.98794e-05
3.6 0.00163525 -5.21599e-05
3.625 0.00154392 -0.000149481
3.65 0.00144522 -0.000252177
3.675 0.00133923 -0.000360325
3.7 0.00122604 -0.000473986
3.725 0.0011058 -0.000593202
3.75 0.000978649 -0.000717994
3.775 0.000844763 -0.000848367
3.8 0.000704336 -0.000984303
3.825 0.000557583 -0.00112576
3.85 0.000404741 -0.00127269
3.875 0.000246065 -0.001425
3.9 8.1831e-05 -0.00158259
3.925 -8.76697e-05 -0.00174533
3.95 -0.000262127 -0.00191309
3.975 -0.000441213 -0.00208568
4 -0.000624588 -0.00226291
4.025 -0.000811896 -0.00244458
4.05 -0.00100277 -0.00263046
4.075 -0.00119682 -0.00282027
4.1 -0.00139367 -0.00301376
4.125 -0.00159291 -0.00321062
4.15 -0.00179414 -0.00341054
4.175 -0.00199693 -0.0036132
4.2 -0.00220087 -0.00381825
4.225 -0.00240553 -0.00402532
4.25 -0.0026105 -0.00423404
4.275 -0.00281533 -0.00444402
4.3 -0.0030196 -0.00465486
4.325 -0.00322289 -0.00486615
4.35 -0.00342477 -0.00507747
4.375 -0.00362482 -0.0052884
4.4 -0.00382263 -0.0054985
4.425 -0.00401779 -0.00570735
4.45 -0.00420991 -0.00591449
4.475 -0.00439859 -0.0061195
4.5 -0.00458345 -0.00632194
4.525 -0.00476414 -0.00652137
4.55 -0.00494029 -0.00671737
4.575 -0.00511156 -0.00690951
4.6 -0.00527763 -0.00709738
4.625 -0.00543818 -0.00728057
4.65 -0.00559293 -0.00745868
4.675 -0.0057416 -0.00763134
4.7 -0.00588393 -0.00779817
4.725 -0.00601968 -0.00795881
4.75 -0.00614862 -0.00811294
4.775 -0.00627056 -0.00826023
4.8 -0.00638532 -0.00840038
4.825 -0.00649273 -0.0085331
4.85 -0.00659265 -0.00865814
4.875 -0.00668496 -0.00877526
4.9 -0.00676957 -0.00888424
4.925 -0.00684639 -0.00898488
4.95 -0.00691537 -0.00907701
4.975 -0.00697647 -0.00916049
5 -0.00702967 -0.0092352
5.025 -0.00707497 -0.00930103
5.05 -0.0071124 -0.00935791
5.075 -0.007142 -0.0094058
5.1 -0.00716383 -0.00944466
5.125 -0.00717796 -0.00947449
5.15 -0.00718449 -0.00949533
5.175 -0.00718354 -0.00950721
5.2 -0.00717524 -0.00951021
5.225 -0.00715972 -0.00950442
5.25 -0.00713715 -0.00948994
5.275 -0.0071077 -0.00946693
5.3 -0.00707156 -0.00943552
5.325 -0.00702893 -0.00939589
5.35 -0.00698001 -0.00934824
5.375 -0.00692503 -0.00929277
5.4 -0.00686421 -0.00922972
5.425 -0.0067978 -0.00915931
5.45 -0.00672604 -0.00908181
5.475 -0.00664917 -0.00899748
5.5 -0.00656747 -0.0089066
5.525 -0.00648118 -0.00880946
5.55 -0.00639059 -0.00870636
5.575 -0.00629595 -0.0085976
5.6 -0.00619753 -0.0084835
5.625 -0.00609562 -0.00836437
5.65 -0.00599048 -0.00824053
5.675 -0.00588238 -0.00811232
5.7 -0.0057716 -0.00798005
5.725 -0.0056584 -0.00784406
5.75 -0.00554304 -0.00770467
5.775 -0.0054258 -0.0075622
5.8 -0.00530692 -0.00741699
5.825 -0.00518666 -0.00726934
5.85 -0.00506526 -0.00711959
5.875 -0.00494297 -0.00696802
5.9 -0.00482002 -0.00681496
5.925 -0.00469664 -0.00666069
5.95 -0.00457304 -0.00650551
5.975 -0.00444945 -0.0063497
6 -0.00432605 -0.00619352
6.025 -0.00420306 -0.00603725
6.05 -0.00408065 -0.00588114
6.075 -0.003959 -0.00572542
6.1 -0.00383829 -0.00557034
6.125 -0.00371866 -0.00541611
6.15 -0.00360028 -0.00526294
6.175 -0.00348328 -0.00511104
6.2 -0.0033678 -0.00496059
6.225 -0.00325396 -0.00481176
6.25 -0.00314186 -0.00466472
6.275 -0.00303162 -0.00451963
6.3 -0.00292333 -0.00437663
6.325 -0.00281708 -0.00423584
6.35 -0.00271294 -0.00409739
6.375 -0.00261098 -0.00396138
6.4 -0.00251126 -0.00382791
6.425 -0.00241384 -0.00369706
6.45 -0.00231877 -0.00356892
6.475 -0.00222607 -0.00344355
6.5 -0.00213577 -0.003321
6.525 -0.00204791 -0.00320133
6.55 -0.00196249 -0.00308456
6.575 -0.00187953 -0.00297073
6.6 -0.00179903 -0.00285987
6.625 -0.00172098 -0.00275198
6.65 -0.00164539 -0.00264707
6.675 -0.00157223 -0.00254513
6.7 -0.00150149 -0.00244617
6.725 -0.00143315 -0.00235017
6.75 -0.00136718 -0.0022571
6.775 -0.00130355 -0.00216695
6.8 -0.00124223 -0.00207968
6.825 -0.00118318 -0.00199525
6.85 -0.00112636 -0.00191364
6.875 -0.00107174 -0.00183479
6.9 -0.00101925 -0.00175866
6.925 -0.00096887 -0.0016852
6.95 -0.000920537 -0.00161436
6.975 -0.000874203 -0.00154609
7 -0.000829819 -0.00148033
7.025 -0.000787331 -0.00141701
7.05 -0.000746688 -0.00135609
7.075 -0.000707834 -0.00129749
7.1 -0.000670716 -0.00124117
7.125 -0.00063528 -0.00118705
7.15 -0.000601471 -0.00113507
7.175 -0.000569234 -0.00108517
7.2 -0.000538516 -0.00103729
7.225 -0.000509262 -0.000991356
7.25 -0.000481419 -0.000947316
7.275 -0.000454935 -0.000905103
7.3 -0.000429757 -0.000864656
7.325 -0.000405835 -0.000825914
7.35 -0.000383118 -0.000788817
7.375 -0.000361558 -0.000753305
7.4 -0.000341104 -0.00071932
7.425 -0.000321712 -0.000686805
7.45 -0.000303334 -0.000655704
7.475 -0.000285927 -0.000625963
7.5 -0.000269446 -0.000597528
7.525 -0.000253849 -0.000570348
7.55 -0.000239096 -0.000544372
7.575 -0.000225147 -0.00051955
7.6 -0.000211963 -0.000495837
7.625 -0.000199508 -0.000473185
7.65 -0.000187746 -0.000451549
7.675 -0.000176642 -0.000430887
7.7 -0.000166164 -0.000411158
7.725 -0.00015628 -0.000392319
7.75 -0.000146958 -0.000374334
7.775 -0.000138171 -0.000357164
7.8 -0.00012989 -0.000340774
7.825 -0.000122088 -0.000325129
7.85 -0.000114739 -0.000310195
7.875 -0.00010782 -0.000295942
7.9 -0.000101306 -0.000282338
7.925 -9.51757e-05 -0.000269354
7.95 -8.94075e-05 -0.000256961
7.975 -8.39812e-05 -0.000245134
8 -7.88778e-05 -0.000233846
8.025 -7.40789e-05 -0.000223073
8.05 -6.95671e-05 -0.000212791
8.075 -6.53261e-05 -0.000202977
8.1 -6.13401e-05 -0.000193611
8.125 -5.75946e-05 -0.000184672
8.15 -5.40753e-05 -0.000176139
8.175 -5.07692e-05 -0.000167995
8.2 -4.76636e-05 -0.000160222
8.225 -4.47467e-05 -0.000152802
8.25 -4.20073e-05 -0.00014572
8.275 -3.94349e-05 -0.000138959
8.3 -3.70194e-05 -0.000132506
8.325 -3.47515e-05 -0.000126347
8.35 -3.26224e-05 -0.000120467
8.375 -3.06235e-05 -0.000114855
8.4 -2.87471e-05 -0.000109498
8.425 -2.69857e-05 -0.000104384
8.45 -2.53324e-05 -9.95029e-05
8.475 -2.37806e-05 -9.48439e-05
8.5 -2.23241e-05 -9.03971e-05
8.525 -2.09571e-05 -8.61529e-05
8.55 -1.9674e-05 -8.21021e-05
8.575 -1.84699e-05 -7.82363e-05
8.6 -1.73398e-05 -7.45471e-05
8.625 -1.62792e-05 -7.10266e-05
8.65 -1.52839e-05 -6.76675e-05
8.675 -1.43498e-05 -6.44624e-05
8.7 -1.34732e-05 -6.14046e-05
8.725 -1.26505e-05 -5.84876e-05
8.75 -1.18784e-05 -5.57052e-05
8.775 -1.11539e-05 -5.30513e-05
8.8 -1.04739e-05 -5.05204e-05
8.825 -9.83579e-06 -4.8107e-05
8.85 -9.23693e-06 -4.5806e-05
8.875 -8.67492e-06 -4.36123e-05
8.9 -8.14748e-06 -4.15213e-05
8.925 -7.65248e-06 -3.95284e-05
8.95 -7.18792e-06 -3.76293e-05
8.975 -6.75193e-06 -3.58199e-05
9 -6.34275e-06 -3.40961e-05
9.025 -5.95871e-06 -3.24542e-05
9.05 -5.59828e-06 -3.08905e-05
9.075 -5.25998e-06 -2.94016e-05
9.1 -4.94246e-06 -2.79841e-05
9.125 -4.64442e-06 -2.66348e-05
9.15 -4.36468e-06 -2.53507e-05
9.175 -4.10209e-06 -2.41288e-05
9.2 -3.8556e-06 -2.29664e-05
9.225 -3.62421e-06 -2.18606e-05
9.25 -3.40698e-06 -2.0809e-05
9.275 -3.20305e-06 -1.9809e-05
9.3 -3.01158e-06 -1.88583e-05
9.325 -2.83181e-06 -1.79546e-05
9.35 -2.66302e-06 -1.70958e-05
9.375 -2.50452e-06 -1.62796e-05
9.4 -2.35567e-06 -1.55042e-05
9.425 -2.21589e-06 -1.47675e-05
9.45 -2.0846e-06 -1.40678e-05
9.475 -1.96129e-06 -1.34033e-05
9.5 -1.84546e-06 -1.27723e-05
9.525 -1.73665e-06 -1.21732e-05
9.55 -1.63443e-06 -1.16044e-05
9.575 -1.53838e-06 -1.10644e-05
9.6 -1.44813e-06 -1.05518e-05
9.625 -1.36332e-06 -1.00653e-05
9.65 -1.28361e-06 -9.60345e-06
9.675 -1.2087e-06 -9.16515e-06
9.7 -1.13828e-06 -8.74914e-06
9.725 -1.07209e-06 -8.35428e-06
9.75 -1.00985e-06 -7.9795e-06
9.775 -9.5134e-07 -7.62375e-06
9.8 -8.96317e-07 -7.28604e-06
9.825 -8.44573e-07 -6.96541e-06
9.85 -7.95907e-07 -6.66097e-06
9.875 -7.50132e-07 -6.37185e-06
9.9 -7.07071e-07 -6.09723e-06
9.925 -6.6656e-07 -5.83633e-06
9.95 -6.28444e-07 -5.58841e-06
9.975 -5.92576e-07 -5.35275e-06
10 -5.58822e-07 -5.12869e-06
10.025 -5.27052e-07 -4.91558e-06
10.05 -4.97146e-07 -4.71283e-06
10.075 -4.68992e-07 -4.51984e-06
10.1 -4.42483e-07 -4.33609e-06
10.125 -4.17521e-07 -4.16105e-06
10.15 -3.94011e-07 -3.99423e-06
10.175 -3.71865e-07 -3.83517e-06
10.2 -3.51002e-07 -3.68344e-06
10.225 -3.31342e-07 -3.53862e-06
10.25 -3.12815e-07 -3.40032e-06
10.275 -2.95351e-07 -3.26818e-06
10.3 -2.78885e-07 -3.14184e-06
10.325 -2.63358e-07 -3.02099e-06
10.35 -2.48713e-07 -2.90532e-06
10.375 -2.34896e-07 -2.79454e-06
10.4 -2.21857e-07 -2.68838e-06
10.425 -2.09549e-07 -2.58659e-06
10.45 -1.97929e-07 -2.48893e-06
10.475 -1.86954e-07 -2.39518e-06
10.5 -1.76586e-07 -2.30513e-06
10.525 -1.66789e-07 -2.21859e-06
10.55 -1.57528e-07 -2.13537e-06
10.575 -1.48772e-07 -2.05531e-06
10.6 -1.4049e-07 -1.97825e-06
10.625 -1.32655e-07 -1.90403e-06
10.65 -1.2524e-07 -1.83253e-06
10.675 -1.18221e-07 -1.7636e-06
10.7 -1.11575e-07 -1.69714e-06
10.725 -1.05281e-07 -1.63303e-06
10.75 -9.93186e-08 -1.57117e-06
10.775 -9.3669e-08 -1.51146e-06
10.8 -8.83151e-08 -1.45381e-06
10.825 -8.32406e-08 -1.39814e-06
10.85 -7.84304e-08 -1.34436e-06
10.875 -7.38704e-08 -1.29241e-06
10.9 -6.95474e-08 -1.24221e-06
10.925 -6.54492e-08 -1.1937e-06
10.95 -6.15642e-08 -1.14682e-06
10.975 -5.78818e-08 -1.10152e-06
11 -5.43919e-08 -1.05774e-06
11.025 -5.10852e-08 -1.01544e-06
11.05 -4.79528e-08 -9.74552e-07
11.075 -4.49866e-08 -9.35049e-07
11.1 -4.21788e-08 -8.96883e-07
11.125 -3.95221e-08 -8.60015e-07
11.15 -3.70096e-08 -8.24407e-07
11.175 -3.46348e-08 -7.90021e-07
11.2 -3.23915e-08 -7.56824e-07
11.225 -3.02739e-08 -7.2478e-07
11.25 -2.82764e-08 -6.93859e-07
11.275 -2.63936e-08 -6.64028e-07
11.3 -2.46205e-08 -6.35258e-07
11.325 -2.29521e-08 -6.07519e-07
11.35 -2.13838e-08 -5.80783e-07
11.375 -1.99109e-08 -5.55022e-07
11.4 -1.85291e-08 -5.30209e-07
11.425 -1.72342e-08 -5.06317e-07
11.45 -1.6022e-08 -4.8332e-07
11.475 -1.48885e-08 -4.61194e-07
11.5 -1.38297e-08 -4.39913e-07
11.525 -1.28421e-08 -4.19453e-07
11.55 -1.19217e-08 -3.9979e-07
11.575 -1.10651e-08 -3.80899e-07
11.6 -1.02688e-08 -3.62759e-07
11.625 -9.52937e-09 -3.45346e-07
11.65 -8.84351e-09 -3.28638e-07
11.675 -8.20801e-09 -3.12612e-07
11.7 -7.61977e-09 -2.97248e-07
11.725 -7.07577e-09 -2.82523e-07
11.75 -6.57311e-09 -2.68417e-07
11.775 -6.10896e-09 -2.54909e-07
11.8 -5.68061e-09 -2.4198e-07
11.825 -5.28546e-09 -2.29609e-07
11.85 -4.921e-09 -2.17778e-07
11.875 -4.58485e-09 -2.06467e-07
11.9 -4.27471e-09 -1.95658e-07
11.925 -3.98842e-09 -1.85333e-07
11.95 -3.72391e-09 -1.75474e-07
11.975 -3.47924e-09 -1.66065e-07
12 -3.25258e-09 -1.57088e-07
12.025 -3.0422e-09 -1.48528e-07
12.05 -2.8465e-09 -1.40368e-07
12.075 -2.66399e-09 -1.32594e-07
12.1 -2.49328e-09 -1.2519e-07
12.125 -2.33309e-09 -1.18143e-07
12.15 -2.18226e-09 -1.11439e-07
12.175 -2.03973e-09 -1.05063e-07
12.2 -1.90452e-09 -9.90036e-08
12.225 -1.77577e-09 -9.32479e-08
12.25 -1.65272e-09 -8.77838e-08
12.275 -1.53468e-09 -8.25998e-08
12.3 -1.42105e-09 -7.76847e-08
12.325 -1.31132e-09 -7.30278e-08
12.35 -1.20504e-09 -6.86188e-08
12.375 -1.10185e-09 -6.44476e-08
12.4 -1.00145e-09 -6.05049e-08
12.425 -9.03602e-10 -5.67813e-08
12.45 -8.08113e-10 -5.32681e-08
12.475 -7.14853e-10 -4.99567e-08
12.5 -6.23734e-10 -4.6839e-08
12.525 -5.3471e-10 -4.39072e-08
12.55 -4.4777e-10 -4.11535e-08
12.575 -3.62933e-10 -3.85708e-08
12.6 -2.80246e-10 -3.61518e-08
12.625 -1.99777e-10 -3.38897e-08
12.65 -1.2161e-10 -3.1778e-08
12.675 -4.58447e-11 -2.981e-08
12.7 2.74115e-11 -2.79796e-08
12.725 9.80449e-11 -2.62805e-08
12.75 1.6594e-10 -2.47068e-08
12.775 2.30981e-10 -2.32526e-08
12.8 2.93058e-10 -2.19121e-08
12.825 3.52064e-10 -2.06797e-08
12.85 4.07906e-10 -1.95496e-08
12.875 4.60496e-10 -1.85164e-08
12.9 5.09763e-10 -1.75746e-08
12.925 5.55648e-10 -1.67187e-08
12.95 5.98109e-10 -1.59433e-08
12.975 6.37119e-10 -1.52431e-08
13 6.7267e-10 -1.46127e-08
13.025 7.0477e-10 -1.40467e-08
13.05 7.33449e-10 -1.35398e-08
13.075 7.58752e-10 -1.30867e-08
13.1 7.80745e-10 -1.26822e-08
13.125 7.99512e-10 -1.2321e-08
13.15 8.15154e-10 -1.19977e-08
13.175 8.27792e-10 -1.17073e-08
13.2 8.37562e-10 -1.14445e-08
13.225 8.44617e-10 -1.12041e-08
13.25 8.49125e-10 -1.0981e-08
13.275 8.51271e-10 -1.07702e-08
13.3 8.51251e-10 -1.05668e-08
13.325 8.49273e-10 -1.03657e-08
13.35 8.45557e-10 -1.01622e-08
13.375 8.40335e-10 -9.95159e-09
13.4 8.33844e-10 -9.72924e-09
13.425 8.2633e-10 -9.49068e-09
13.45 8.18046e-10 -9.2316e-09
13.475 8.09247e-10 -8.94783e-09
13.5 8.00194e-10 -8.63536e-09
13.525 7.91149e-10 -8.29039e-09
13.55 7.82373e-10 -7.90929e-09
13.575 7.74128e-10 -7.48868e-09
13.6 7.66673e-10 -7.02537e-09
13.625 7.60265e-10 -6.51644e-09
13.65 7.55153e-10 -5.95918e-09
13.675 7.51583e-10 -5.35118e-09
13.7 7.49794e-10 -4.69027e-09
13.725 7.50016e-10 -3.97458e-09
13.75 7.52468e-10 -3.20252e-09
13.775 7.57361e-10 -2.37279e-09
13.8 7.64895e-10 -1.48438e-09
13.825 7.75256e-10 -5.36608e-10
13.85 7.88617e-10 4.70928e-10
13.875 8.05139e-10 1.53831e-09
13.9 8.24968e-10 2.66532e-09
13.925 8.48233e-10 3.85142e-09
13.95 8.7505e-10 5.09579e-09
13.975 9.05516e-10 6.39731e-09
14 9.39715e-10 7.75455e-09
14.025 9.77711e-10 9.16581e-09
14.05 1.01955e-09 1.06291e-08
14.075 1.06527e-09 1.21422e-08
14.1 1.11487e-09 1.37026e-08
14.125 1.16836e-09 1.53075e-08
14.15 1.22571e-09 1.6954e-08
14.175 1.28688e-09 1.86389e-08
14.2 1.35182e-09 2.03588e-08
14.225 1.42046e-09 2.211e-08
14.25 1.4927e-09 2.38889e-08
14.275 1.56844e-09 2.56916e-08
14.3 1.64755e-09 2.7514e-08
14.325 1.72991e-09 2.9352e-08
14.35 1.81536e-09 3.12014e-08
14.375 1.90373e-09 3.30577e-08
14.4 1.99486e-09 3.49168e-08
14.425 2.08854e-09 3.67741e-08
14.45 2.18458e-09 3.86252e-08
14.475 2.28276e-09 4.04657e-08
14.5 2.38287e-09 4.22912e-08
14.525 2.48468e-09 4.40973e-08
14.55 2.58793e-09 4.58797e-08
14.575 2.6924e-09 4.76342e-08
14.6 2.79783e-09 4.93566e-08
14.625 2.90396e-09 5.10429e-08
14.65 3.01053e-09 5.26891e-08
14.675 3.11729e-09 5.42915e-08
14.7 3.22395e-09 5.58464e-08
14.725 3.33028e-09 5.73503e-08
14.75 3.43598e-09 5.88e-08
14.775 3.54082e-09 6.01923e-08
14.8 3.64451e-09 6.15244e-08
14.825 3.74681e-09 6.27933e-08
14.85 3.84746e-09 6.39968e-08
14.875 3.94622e-09 6.51324e-08
14.9 4.04283e-09 6.61982e-08
14.925 4.13707e-09 6.71922e-08
14.95 4.22872e-09 6.81128e-08
14.975 4.31754e-09 6.89587e-08
15 4.40333e-09 6.97286e-08
15.025 4.48589e-09 7.04218e-08
15.05 4.56504e-09 7.10374e-08
15.075 4.64058e-09 7.1575e-08
15.1 4.71236e-09 7.20344e-08
15.125 4.78022e-09 7.24155e-08
15.15 4.84402e-09 7.27186e-08
15.175 4.90362e-09 7.2944e-08
15.2 4.95891e-09 7.30924e-08
15.225 5.0098e-09 7.31646e-08
15.25 5.05617e-09 7.31616e-08
15.275 5.09796e-09 7.30845e-08
15.3 5.13511e-09 7.29347e-08
15.325 5.16757e-09 7.27137e-08
15.35 5.19528e-09 7.24233e-08
15.375 5.21825e-09 7.20651e-08
15.4 5.23644e-09 7.16412e-08
15.425 5.24987e-09 7.11537e-08
15.45 5.25855e-09 7.06047e-08
15.475 5.2625e-09 6.99965e-08
15.5 5.26177e-09 6.93316e-08
15.525 5.25641e-09 6.86123e-08
15.55 5.24647e-09 6.78412e-08
15.575 5.23203e-09 6.70209e-08
15.6 5.21317e-09 6.6154e-08
15.625 5.18998e-09 6.52433e-08
15.65 5.16257e-09 6.42915e-08
15.675 5.13104e-09 6.33012e-08
15.7 5.09552e-09 6.22752e-08
15.725 5.05612e-09 6.12164e-08
15.75 5.01297e-09 6.01273e-08
15.775 4.96623e-09 5.90108e-08
15.8 4.91602e-09 5.78695e-08
15.825 4.8625e-09 5.67062e-08
15.85 4.80583e-09 5.55233e-08
15.875 4.74615e-09 5.43236e-08
15.9 4.68363e-09 5.31096e-08
15.925 4.61843e-09 5.18837e-08
15.95 4.55071e-09 5.06483e-08
15.975 4.48064e-09 4.94059e-08
16 4.4084e-09 4.81586e-08
16.025 4.33413e-09 4.69086e-08
16.05 4.25802e-09 4.56582e-08
16.075 4.18023e-09 4.44093e-08
16.1 4.10091e-09 4.31638e-08
16.125 4.02025e-09 4.19237e-08
16.15 3.93839e-09 4.06908e-08
16.175 3.8555e-09 3.94666e-08
16.2 3.77173e-09 3.82528e-08
16.225 3.68724e-09 3.7051e-08
16.25 3.60218e-09 3.58624e-08
16.275 3.51668e-09 3.46885e-08
16.3 3.4309e-09 3.35305e-08
16.325 3.34497e-09 3.23895e-08
16.35 3.25902e-09 3.12665e-08
16.375 3.17318e-09 3.01626e-08
16.4 3.08757e-09 2.90785e-08
16.425 3.00232e-09 2.80151e-08
16.45 2.91753e-09 2.69732e-08
16.475 2.8333e-09 2.59532e-08
16.5 2.74976e-09 2.49558e-08
16.525 2.66698e-09 2.39814e-08
16.55 2.58506e-09 2.30304e-08
16.575 2.50408e-09 2.21032e-08
16.6 2.42413e-09 2.12e-08
16.625 2.34528e-09 2.0321e-08
16.65 2.2676e-09 1.94663e-08
16.675 2.19115e-09 1.86361e-08
16.7 2.11599e-09 1.78302e-08
16.725 2.04217e-09 1.70488e-08
16.75 1.96974e-09 1.62917e-08
16.775 1.89874e-09 1.55587e-08
16.8 1.82922e-09 1.48497e-08
16.825 1.7612e-09 1.41645e-08
16.85 1.69471e-09 1.35028e-08
16.875 1.62978e-09 1.28643e-08
16.9 1.56643e-09 1.22487e-08
16.925 1.50467e-09 1.16557e-08
16.95 1.44452e-09 1.10848e-08
16.975 1.38597e-09 1.05357e-08
17 1.32904e-09 1.00079e-08
17.025 1.27373e-09 9.50105e-09
17.05 1.22004e-09 9.01457e-09
17.075 1.16795e-09 8.54805e-09
17.1 1.11747e-09 8.10097e-09
17.125 1.06857e-09 7.67286e-09
17.15 1.02125e-09 7.26319e-09
17.175 9.75492e-10 6.87146e-09
17.2 9.31273e-10 6.49713e-09
17.225 8.88576e-10 6.1397e-09
17.25 8.47378e-10 5.79864e-09
17.275 8.07655e-10 5.47341e-09
17.3 7.69381e-10 5.16351e-09
17.325 7.32531e-10 4.86841e-09
17.35 6.97075e-10 4.58758e-09
17.375 6.62985e-10 4.32053e-09
17.4 6.30231e-10 4.06675e-09
17.425 5.98781e-10 3.82573e-09
17.45 5.68604e-10 3.59699e-09
17.475 5.39668e-10 3.38004e-09
17.5 5.1194e-10 3.17441e-09
17.525 4.85387e-10 2.97963e-09
17.55 4.59975e-10 2.79525e-09
17.575 4.35671e-10 2.62084e-09
17.6 4.12443e-10 2.45594e-09
17.625 3.90255e-10 2.30016e-09
17.65 3.69075e-10 2.15306e-09
17.675 3.48869e-10 2.01426e-09
17.7 3.29605e-10 1.88338e-09
17.725 3.1125e-10 1.76003e-09
17.75 2.93771e-10 1.64385e-09
17.775 2.77137e-10 1.5345e-09
17.8 2.61317e-10 1.43164e-09
17.825 2.46279e-10 1.33494e-09
17.85 2.31993e-10 1.24409e-09
17.875 2.1843e-10 1.15879e-09
17.9 2.05561e-10 1.07874e-09
17.925 1.93356e-10 1.00367e-09
17.95 1.81789e-10 9.33314e-10
17.975 1.70832e-10 8.67413e-10
18 1.60459e-10 8.05722e-10
18.025 1.50644e-10 7.48008e-10
18.05 1.41363e-10 6.94046e-10
18.075 1.32591e-10 6.43622e-10
18.1 1.24305e-10 5.96533e-10
18.125 1.16482e-10 5.52584e-10
18.15 1.09101e-10 5.1159e-10
18.175 1.0214e-10 4.73375e-10
18.2 9.55785e-11 4.37772e-10
18.225 8.93975e-11 4.04622e-10
18.25 8.35779e-11 3.73774e-10
18.275 7.81013e-11 3.45085e-10
18.3 7.29503e-11 3.1842e-10
18.325 6.8108e-11 2.9365e-10
18.35 6.35583e-11 2.70656e-10
18.375 5.92857e-11 2.49321e-10
18.4 5.52754e-11 2.29538e-10
18.425 5.15132e-11 2.11205e-10
18.45 4.79856e-11 1.94225e-10
18.475 4.46797e-11 1.78508e-10
18.5 4.1583e-11 1.63969e-10
18.525 3.86838e-11 1.50527e-10
18.55 3.59708e-11 1.38107e-10
18.575 3.34334e-11 1.26638e-10
18.6 3.10613e-11 1.16054e-10
18.625 2.88449e-11 1.06291e-10
18.65 2.67749e-11 9.72922e-11
18.675 2.48427e-11 8.90022e-11
18.7 2.30399e-11 8.13697e-11
18.725 2.13587e-11 7.43469e-11
18.75 1.97916e-11 6.7889e-11
18.775 1.83317e-11 6.1954e-11
18.8 1.69721e-11 5.65031e-11
18.825 1.57067e-11 5.14997e-11
18.85 1.45294e-11 4.69099e-11
18.875 1.34347e-11 4.27021e-11
18.9 1.24171e-11 3.8847e-11
18.925 1.14718e-11 3.53171e-11
18.95 1.0594e-11 3.20871e-11
18.975 9.77927e-12 2.91333e-11
19 9.0234e-12 2.64337e-11
19.025 8.32248e-12 2.39682e-11
19.05 7.6728e-12 2.17178e-11
19.075 7.0709e-12 1.96652e-11
19.1 6.51351e-12 1.7794e-11
19.125 5.99759e-12 1.60895e-11
19.15 5.52025e-12 1.45378e-11
19.175 5.07881e-12 1.31262e-11
19.2 4.67076e-12 1.18428e-11
19.225 4.29374e-12 1.06768e-11
19.25 3.94554e-12 9.61818e-12
19.275 3.6241e-12 8.65777e-12
19.3 3.3275e-12 7.78703e-12
19.325 3.05394e-12 6.99817e-12
19.35 2.80173e-12 6.28399e-12
19.375 2.56932e-12 5.63789e-12
19.4 2.35524e-12 5.05383e-12
19.425 2.15813e-12 4.52624e-12
19.45 1.97673e-12 4.05002e-12
19.475 1.80985e-12 3.6205e-12
19.5 1.6564e-12 3.23342e-12
19.525 1.51536e-12 2.88485e-12
19.55 1.38578e-12 2.57123e-12
19.575 1.26679e-12 2.28928e-12
19.6 1.15755e-12 2.03602e-12
19.625 1.05732e-12 1.80873e-12
19.65 9.65383e-13 1.60493e-12
19.675 8.81098e-13 1.42236e-12
19.7 8.03859e-13 1.25895e-12
19.725 7.33105e-13 1.11284e-12
19.75 6.68318e-13 9.82327e-13
19.775 6.09021e-13 8.65859e-13
19.8 5.5477e-13 7.62034e-13
19.825 5.05157e-13 6.69581e-13
19.85 4.59803e-13 5.87345e-13
19.875 4.18361e-13 5.1428e-13
19.9 3.80508e-13 4.49443e-13
19.925 3.45947e-13 3.91977e-13
19.95 3.14405e-13 3.41111e-13
19.975 2.8563e-13 2.96146e-13
20 2.59391e-13 2.56455e-13
