0 0.259013 0.259018 -0.0015711 0.128723
0.025 0.259013 0.259018 -0.0015711 0.128723
0.05 0.258958 0.258974 -0.00157238 0.128701
0.075 0.258865 0.258901 -0.0015745 0.128663
0.1 0.258734 0.258799 -0.00157745 0.128611
0.125 0.258565 0.258667 -0.00158121 0.128543
0.15 0.258358 0.258504 -0.00158575 0.128459
0.175 0.258113 0.25831 -0.00159105 0.128359
0.2 0.257827 0.258084 -0.00159705 0.128243
0.225 0.257502 0.257825 -0.00160373 0.12811
0.25 0.257136 0.257532 -0.00161103 0.12796
0.275 0.256728 0.257204 -0.00161891 0.127793
0.3 0.256277 0.25684 -0.00162731 0.127607
0.325 0.255783 0.256439 -0.00163616 0.127402
0.35 0.255244 0.255999 -0.00164541 0.127177
0.375 0.254659 0.255519 -0.00165499 0.126932
0.4 0.254028 0.254998 -0.00166483 0.126667
0.425 0.253349 0.254434 -0.00167485 0.126379
0.45 0.252621 0.253825 -0.00168498 0.12607
0.475 0.251842 0.25317 -0.00169514 0.125737
0.5 0.251012 0.252467 -0.00170526 0.125381
0.525 0.25013 0.251716 -0.00171525 0.125
0.55 0.249194 0.250913 -0.00172503 0.124594
0.575 0.248203 0.250058 -0.00173452 0.124162
0.6 0.247157 0.249149 -0.00174364 0.123703
0.625 0.246053 0.248185 -0.00175231 0.123216
0.65 0.244891 0.247164 -0.00176044 0.122702
0.675 0.243671 0.246085 -0.00176797 0.122159
0.7 0.242391 0.244947 -0.00177481 0.121586
0.725 0.24105 0.243747 -0.00178088 0.120983
0.75 0.239648 0.242486 -0.00178612 0.12035
0.775 0.238183 0.241162 -0.00179045 0.119686
0.8 0.236657 0.239773 -0.00179381 0.11899
0.825 0.235067 0.23832 -0.00179613 0.118262
0.85 0.233414 0.236801 -0.00179735 0.117502
0.875 0.231697 0.235216 -0.00179742 0.116709
0.9 0.229916 0.233564 -0.00179629 0.115884
0.925 0.228072 0.231845 -0.0017939 0.115025
0.95 0.226164 0.230058 -0.00179021 0.114134
0.975 0.224192 0.228205 -0.00178519 0.11321
1 0.222158 0.226283 -0.0017788 0.112252
1.025 0.220061 0.224295 -0.00177102 0.111262
1.05 0.217903 0.22224 -0.00176182 0.110239
1.075 0.215683 0.220118 -0.00175118 0.109184
1.1 0.213403 0.217932 -0.00173909 0.108096
1.125 0.211064 0.21568 -0.00172554 0.106977
1.15 0.208667 0.213365 -0.00171054 0.105827
1.175 0.206213 0.210987 -0.00169409 0.104646
1.2 0.203704 0.208547 -0.00167619 0.103436
1.225 0.201142 0.206048 -0.00165686 0.102196
1.25 0.198528 0.203491 -0.00163612 0.100927
1.275 0.195863 0.200877 -0.001614 0.0996316
1.3 0.193151 0.198209 -0.00159052 0.0983092
1.325 0.190392 0.195488 -0.00156571 0.0969611
1.35 0.18759 0.192717 -0.00153962 0.0955884
1.375 0.184745 0.189897 -0.0015123 0.0941923
1.4 0.181862 0.187031 -0.00148377 0.0927739
1.425 0.178941 0.184123 -0.00145411 0.0913343
1.45 0.175986 0.181173 -0.00142335 0.0898749
1.475 0.172999 0.178186 -0.00139156 0.088397
1.5 0.169983 0.175163 -0.00135881 0.0869019
1.525 0.166941 0.172107 -0.00132514 0.0853911
1.55 0.163875 0.169022 -0.00129063 0.0838658
1.575 0.160788 0.165911 -0.00125535 0.0823277
1.6 0.157682 0.162775 -0.00121937 0.080778
1.625 0.154562 0.15962 -0.00118275 0.0792184
1.65 0.151429 0.156446 -0.00114557 0.0776504
1.675 0.148287 0.153259 -0.00110791 0.0760754
1.7 0.145138 0.15006 -0.00106984 0.0744949
1.725 0.141986 0.146853 -0.00103143 0.0729106
1.75 0.138833 0.14364 -0.000992754 0.0713238
1.775 0.135682 0.140426 -0.000953894 0.0697362
1.8 0.132536 0.137213 -0.00091492 0.0681492
1.825 0.129398 0.134004 -0.000875906 0.0665643
1.85 0.12627 0.130803 -0.000836924 0.064983
1.875 0.123155 0.127611 -0.000798044 0.0634067
1.9 0.120057 0.124433 -0.000759336 0.0618368
1.925 0.116976 0.12127 -0.000720868 0.0602748
1.95 0.113917 0.118127 -0.000682704 0.0587219
1.975 0.110881 0.115004 -0.000644909 0.0571796
2 0.107871 0.111906 -0.000607543 0.055649
2.025 0.104889 0.108834 -0.000570665 0.0541315
2.05 0.101938 0.105791 -0.00053433 0.0526281
2.075 0.0990184 0.102779 -0.000498592 0.0511402
2.1 0.0961336 0.0998009 -0.000463501 0.0496687
2.125 0.0932852 0.0968585 -0.000429103 0.0482147
2.15 0.090475 0.0939539 -0.000395443 0.0467792
2.175 0.0877047 0.091089 -0.000362562 0.0453632
2.2 0.084976 0.0882655 -0.000330496 0.0439675
2.225 0.0822902 0.0854853 -0.00029928 0.042593
2.25 0.079649 0.0827499 -0.000268946 0.0412405
2.275 0.0770535 0.0800607 -0.00023952 0.0399106
2.3 0.0745049 0.0774192 -0.000211028 0.0386041
2.325 0.0720044 0.0748265 -0.000183489 0.0373215
2.35 0.0695528 0.0722837 -0.000156923 0.0360634
2.375 0.0671512 0.0697919 -0.000131343 0.0348303
2.4 0.0648001 0.067352 -0.000106762 0.0336226
2.425 0.0625004 0.0649647 -8.31875e-05 0.0324407
2.45 0.0602524 0.0626306 -6.06251e-05 0.031285
2.475 0.0580568 0.0603504 -3.90776e-05 0.0301556
2.5 0.0559138 0.0581244 -1.85448e-05 0.0290529
2.525 0.0538237 0.055953 9.76218e-07 0.027977
2.55 0.0517867 0.0538364 1.94907e-05 0.026928
2.575 0.0498028 0.0517748 3.70067e-05 0.0259059
2.6 0.0478721 0.0497682 5.35341e-05 0.0249109
2.625 0.0459943 0.0478165 6.90855e-05 0.0239428
2.65 0.0441694 0.0459196 8.36751e-05 0.0230016
2.675 0.0423971 0.0440772 9.73193e-05 0.0220873
2.7 0.040677 0.0422891 0.000110036 0.0211995
2.725 0.0390087 0.0405547 0.000121845 0.0203383
2.75 0.0373918 0.0388738 0.000132768 0.0195033
2.775 0.0358258 0.0372457 0.000142827 0.0186943
2.8 0.03431 0.0356698 0.000152046 0.0179109
2.825 0.0328437 0.0341455 0.000160449 0.017153
2.85 0.0314264 0.0326721 0.000168064 0.0164201
2.875 0.0300571 0.0312488 0.000174915 0.0157118
2.9 0.0287353 0.0298747 0.00018103 0.0150279
2.925 0.0274599 0.028549 0.000186438 0.0143677
2.95 0.0262301 0.0272709 0.000191167 0.013731
2.975 0.0250451 0.0260393 0.000195244 0.0131173
3 0.0239039 0.0248533 0.000198699 0.012526
3.025 0.0228056 0.0237119 0.000201561 0.0119567
3.05 0.0217491 0.0226141 0.000203858 0.011409
3.075 0.0207335 0.0215589 0.00020562 0.0108823
3.1 0.0197577 0.0205451 0.000206874 0.010376
3.125 0.0188208 0.0195718 0.00020765 0.00988973
3.15 0.0179216 0.0186378 0.000207974 0.00942289
3.175 0.0170592 0.017742 0.000207875 0.00897496
3.2 0.0162325 0.0168834 0.000207379 0.00854541
3.225 0.0154405 0.0160609 0.000206513 0.0081337
3.25 0.0146821 0.0152733 0.000205303 0.00773929
3.275 0.0139562 0.0145196 0.000203773 0.00736166
3.3 0.0132619 0.0137986 0.000201948 0.00700028
3.325 0.0125981 0.0131094 0.000199853 0.00665461
3.35 0.0119638 0.0124508 0.000197509 0.00632413
3.375 0.0113579 0.0118217 0.000194938 0.00600834
3.4 0.0107795 0.0112213 0.000192163 0.00570671
3.425 0.0102276 0.0106483 0.000189203 0.00541875
3.45 0.00970123 0.0101018 0.000186079 0.00514395
3.475 0.00919943 0.00958087 0.000182808 0.00488184
3.5 0.00872127 0.00908445 0.000179408 0.00463193
3.525 0.00826585 0.00861163 0.000175897 0.00439376
3.55 0.00783226 0.00816145 0.000172291 0.00416687
3.575 0.00741964 0.00773302 0.000168604 0.00395081
3.6 0.00702714 0.00732545 0.000164851 0.00374515
3.625 0.00665392 0.00693786 0.000161046 0.00354946
3.65 0.00629917 0.00656943 0.000157201 0.00336332
3.675 0.00596212 0.00621933 0.000153329 0.00318633
3.7 0.005642 0.00588678 0.00014944 0.00301811
3.725 0.00533807 0.00557099 0.000145544 0.00285827
3.75 0.00504962 0.00527123 0.000141651 0.00270644
3.775 0.00477594 0.00498677 0.000137771 0.00256227
3.8 0.00451637 0.00471693 0.00013391 0.00242542
3.825 0.00427027 0.00446102 0.000130077 0.00229555
3.85 0.004037 0.0042184 0.000126278 0.00217234
3.875 0.00381597 0.00398844 0.00012252 0.00205548
3.9 0.00360659 0.00377055 0.000118808 0.00194468
3.925 0.0034083 0.00356414 0.000115148 0.00183965
3.95 0.00322058 0.00336866 0.000111543 0.0017401
3.975 0.00304289 0.00318358 0.000107997 0.00164579
4 0.00287475 0.00300837 0.000104515 0.00155644
4.025 0.00271568 0.00284256 0.000101099 0.00147183
4.05 0.00256523 0.00268567 9.77523e-05 0.00139171
4.075 0.00242296 0.00253725 9.44763e-05 0.00131586
4.1 0.00228845 0.00239687 9.12733e-05 0.00124407
4.125 0.00216131 0.00226412 8.81447e-05 0.00117613
4.15 0.00204115 0.00213861 8.50916e-05 0.00111185
4.175 0.0019276 0.00201996 8.21149e-05 0.00105104
4.2 0.00182033 0.00190781 7.92152e-05 0.000993511
4.225 0.001719 0.00180182 7.63929e-05 0.000939106
4.25 0.00162329 0.00170167 7.36479e-05 0.000887658
4.275 0.00153291 0.00160704 7.09802e-05 0.000839012
4.3 0.00144756 0.00151765 6.83894e-05 0.000793021
4.325 0.00136698 0.00143321 6.5875e-05 0.000749544
4.35 0.0012909 0.00135346 6.34363e-05 0.000708448
4.375 0.00121909 0.00127814 6.10725e-05 0.000669607
4.4 0.0011513 0.00120701 5.87826e-05 0.000632898
4.425 0.00108732 0.00113985 5.65656e-05 0.000598208
4.45 0.00102693 0.00107644 5.44203e-05 0.000565428
4.475 0.000969939 0.00101656 5.23454e-05 0.000534455
4.5 0.000916153 0.000960039 5.03395e-05 0.000505189
4.525 0.000865395 0.000906678 4.84014e-05 0.00047754
4.55 0.000817495 0.000856305 4.65294e-05 0.000451417
4.575 0.000772292 0.000808755 4.47222e-05 0.000426738
4.6 0.000729634 0.00076387 4.29781e-05 0.000403424
4.625 0.000689378 0.000721503 4.12956e-05 0.000381399
4.65 0.000651387 0.000681513 3.96732e-05 0.000360593
4.675 0.000615534 0.000643768 3.81091e-05 0.000340938
4.7 0.000581697 0.000608141 3.66018e-05 0.000322371
4.725 0.000549762 0.000574513 3.51496e-05 0.000304831
4.75 0.00051962 0.000542773 3.3751e-05 0.000288262
4.775 0.000491169 0.000512815 3.24043e-05 0.000272609
4.8 0.000464312 0.000484537 3.1108e-05 0.000257823
4.825 0.00043896 0.000457846 2.98605e-05 0.000243853
4.85 0.000415026 0.000432651 2.86602e-05 0.000230656
4.875 0.000392428 0.00040887 2.75056e-05 0.000218188
4.9 0.000371092 0.00038642 2.63952e-05 0.000206408
4.925 0.000350944 0.000365228 2.53275e-05 0.000195278
4.95 0.000331918 0.000345222 2.4301e-05 0.000184762
4.975 0.000313948 0.000326335 2.33144e-05 0.000174825
5 0.000296976 0.000308504 2.23662e-05 0.000165435
5.025 0.000280943 0.000291669 2.14551e-05 0.000156562
5.05 0.000265798 0.000275773 2.05797e-05 0.000148177
5.075 0.000251488 0.000260764 1.97388e-05 0.000140251
5.1 0.000237968 0.000246591 1.89312e-05 0.000132761
5.125 0.000225192 0.000233207 1.81555e-05 0.000125681
5.15 0.000213117 0.000220567 1.74106e-05 0.000118989
5.175 0.000201705 0.000208629 1.66955e-05 0.000112662
5.2 0.000190918 0.000197354 1.60088e-05 0.000106681
5.225 0.000180721 0.000186703 1.53497e-05 0.000101026
5.25 0.00017108 0.000176642 1.47169e-05 9.56796e-05
5.275 0.000161964 0.000167138 1.41096e-05 9.06236e-05
5.3 0.000153344 0.000158158 1.35268e-05 8.58422e-05
5.325 0.000145192 0.000149673 1.29674e-05 8.13202e-05
5.35 0.000137482 0.000141655 1.24306e-05 7.70431e-05
5.375 0.000130189 0.000134079 1.19155e-05 7.29973e-05
5.4 0.00012329 0.000126919 1.14213e-05 6.917e-05
5.425 0.000116763 0.000120151 1.09472e-05 6.5549e-05
5.45 0.000110587 0.000113754 1.04922e-05 6.2123e-05
5.475 0.000104743 0.000107706 1.00558e-05 5.8881e-05
5.5 9.92124e-05 0.000101989 9.6371e-06 5.58131e-05
5.525 9.3978e-05 9.65834e-05 9.23547e-06 5.29094e-05
5.55 8.90235e-05 9.14719e-05 8.8502e-06 5.0161e-05
5.575 8.43334e-05 8.66381e-05 8.48066e-06 4.75594e-05
5.6 7.98932e-05 8.20664e-05 8.1262e-06 4.50963e-05
5.625 7.56892e-05 7.77423e-05 7.78623e-06 4.27643e-05
5.65 7.17086e-05 7.36519e-05 7.46016e-06 4.0556e-05
5.675 6.7939e-05 6.97822e-05 7.14743e-06 3.84648e-05
5.7 6.43691e-05 6.61209e-05 6.8475e-06 3.64842e-05
5.725 6.09879e-05 6.26564e-05 6.55987e-06 3.46081e-05
5.75 5.77852e-05 5.93778e-05 6.28403e-06 3.28309e-05
5.775 5.47514e-05 5.62747e-05 6.01951e-06 3.11471e-05
5.8 5.18773e-05 5.33376e-05 5.76584e-06 2.95517e-05
5.825 4.91544e-05 5.05571e-05 5.52259e-06 2.80399e-05
5.85 4.65745e-05 4.79247e-05 5.28935e-06 2.6607e-05
5.875 4.413e-05 4.54321e-05 5.06569e-06 2.52489e-05
5.9 4.18136e-05 4.30717e-05 4.85124e-06 2.39615e-05
5.925 3.96185e-05 4.08362e-05 4.64561e-06 2.27409e-05
5.95 3.75382e-05 3.87188e-05 4.44846e-06 2.15836e-05
5.975 3.55666e-05 3.67129e-05 4.25944e-06 2.04862e-05
6 3.36981e-05 3.48125e-05 4.07821e-06 1.94453e-05
6.025 3.19271e-05 3.30118e-05 3.90447e-06 1.84581e-05
6.05 3.02486e-05 3.13053e-05 3.7379e-06 1.75216e-05
6.075 2.86576e-05 2.9688e-05 3.57822e-06 1.66331e-05
6.1 2.71497e-05 2.8155e-05 3.42515e-06 1.57901e-05
6.125 2.57204e-05 2.67016e-05 3.27842e-06 1.499e-05
6.15 2.43656e-05 2.53238e-05 3.13778e-06 1.42308e-05
6.175 2.30816e-05 2.40172e-05 3.00296e-06 1.35101e-05
6.2 2.18646e-05 2.27782e-05 2.87375e-06 1.2826e-05
6.225 2.07111e-05 2.1603e-05 2.74991e-06 1.21765e-05
6.25 1.96179e-05 2.04883e-05 2.63123e-06 1.15598e-05
6.275 1.85819e-05 1.94309e-05 2.51749e-06 1.09742e-05
6.3 1.76e-05 1.84276e-05 2.40849e-06 1.0418e-05
6.325 1.66696e-05 1.74757e-05 2.30406e-06 9.88986e-06
6.35 1.5788e-05 1.65723e-05 2.20399e-06 9.38817e-06
6.375 1.49526e-05 1.57151e-05 2.10811e-06 8.9116e-06
6.4 1.41612e-05 1.49015e-05 2.01626e-06 8.45887e-06
6.425 1.34113e-05 1.41292e-05 1.92826e-06 8.02875e-06
6.45 1.2701e-05 1.33962e-05 1.84398e-06 7.6201e-06
6.475 1.20281e-05 1.27004e-05 1.76324e-06 7.23183e-06
6.5 1.13907e-05 1.20399e-05 1.68592e-06 6.86289e-06
6.525 1.0787e-05 1.14128e-05 1.61187e-06 6.51233e-06
6.55 1.02153e-05 1.08175e-05 1.54096e-06 6.17923e-06
6.575 9.67382e-06 1.02523e-05 1.47306e-06 5.8627e-06
6.6 9.16109e-06 9.71582e-06 1.40806e-06 5.56194e-06
6.625 8.67558e-06 9.20649e-06 1.34583e-06 5.27616e-06
6.65 8.21587e-06 8.723e-06 1.28626e-06 5.00463e-06
6.675 7.78062e-06 8.26405e-06 1.22924e-06 4.74664e-06
6.7 7.36854e-06 7.82843e-06 1.17467e-06 4.50155e-06
6.725 6.97841e-06 7.41499e-06 1.12245e-06 4.26872e-06
6.75 6.60907e-06 7.02264e-06 1.07248e-06 4.04756e-06
6.775 6.25943e-06 6.65034e-06 1.02468e-06 3.83751e-06
6.8 5.92843e-06 6.29712e-06 9.78949e-07 3.63803e-06
6.825 5.6151e-06 5.96204e-06 9.35207e-07 3.44862e-06
6.85 5.31849e-06 5.64422e-06 8.93373e-07 3.2688e-06
6.875 5.0377e-06 5.34283e-06 8.53367e-07 3.0981e-06
6.9 4.7719e-06 5.05707e-06 8.15114e-07 2.93609e-06
6.925 4.52028e-06 4.78619e-06 7.78543e-07 2.78237e-06
6.95 4.28208e-06 4.52946e-06 7.43583e-07 2.63652e-06
6.975 4.05658e-06 4.2862e-06 7.10168e-07 2.49818e-06
7 3.8431e-06 4.05575e-06 6.78234e-07 2.36699e-06
7.025 3.641e-06 3.83749e-06 6.47719e-07 2.24261e-06
7.05 3.44968e-06 3.63083e-06 6.18564e-07 2.1247e-06
7.075 3.26854e-06 3.4352e-06 5.90712e-07 2.01296e-06
7.1 3.09706e-06 3.25006e-06 5.64109e-07 1.90709e-06
7.125 2.93471e-06 3.0749e-06 5.38701e-07 1.8068e-06
7.15 2.78102e-06 2.90921e-06 5.14438e-07 1.71182e-06
7.175 2.63552e-06 2.75252e-06 4.91272e-07 1.6219e-06
7.2 2.49778e-06 2.60439e-06 4.69156e-07 1.53677e-06
7.225 2.3674e-06 2.46437e-06 4.48045e-07 1.45621e-06
7.25 2.24398e-06 2.33207e-06 4.27896e-07 1.37998e-06
7.275 2.12717e-06 2.20708e-06 4.08668e-07 1.30787e-06
7.3 2.01661e-06 2.08902e-06 3.90322e-07 1.23967e-06
7.325 1.912e-06 1.97753e-06 3.72818e-07 1.17518e-06
7.35 1.81301e-06 1.87228e-06 3.5612e-07 1.1142e-06
7.375 1.71936e-06 1.77292e-06 3.40193e-07 1.05656e-06
7.4 1.63077e-06 1.67915e-06 3.25003e-07 1.00207e-06
7.425 1.54699e-06 1.59066e-06 3.10518e-07 9.50587e-07
7.45 1.46777e-06 1.50716e-06 2.96706e-07 9.01935e-07
7.475 1.39286e-06 1.42839e-06 2.83536e-07 8.55965e-07
7.5 1.32205e-06 1.35409e-06 2.70982e-07 8.12534e-07
7.525 1.25514e-06 1.28399e-06 2.59013e-07 7.71504e-07
7.55 1.1919e-06 1.21788e-06 2.47605e-07 7.32743e-07
7.575 1.13216e-06 1.15552e-06 2.36731e-07 6.96126e-07
7.6 1.07573e-06 1.09671e-06 2.26366e-07 6.61536e-07
7.625 1.02243e-06 1.04123e-06 2.16488e-07 6.28859e-07
7.65 9.72099e-07 9.88902e-07 2.07074e-07 5.97988e-07
7.675 9.24573e-07 9.39541e-07 1.98101e-07 5.68821e-07
7.7 8.79698e-07 8.92975e-07 1.8955e-07 5.41262e-07
7.725 8.37328e-07 8.49042e-07 1.81399e-07 5.1522e-07
7.75 7.97322e-07 8.07587e-07 1.7363e-07 4.90609e-07
7.775 7.59543e-07 7.68467e-07 1.66225e-07 4.67346e-07
7.8 7.23863e-07 7.31543e-07 1.59166e-07 4.45355e-07
7.825 6.90158e-07 6.96688e-07 1.52435e-07 4.24561e-07
7.85 6.58307e-07 6.63778e-07 1.46017e-07 4.04898e-07
7.875 6.28198e-07 6.32699e-07 1.39897e-07 3.86298e-07
7.9 5.99722e-07 6.03342e-07 1.34059e-07 3.68701e-07
7.925 5.72774e-07 5.75607e-07 1.28489e-07 3.52048e-07
7.95 5.47257e-07 5.49396e-07 1.23175e-07 3.36285e-07
7.975 5.23074e-07 5.24619e-07 1.18102e-07 3.21361e-07
8 5.00138e-07 5.01191e-07 1.13258e-07 3.07225e-07
8.025 4.78364e-07 4.79032e-07 1.08633e-07 2.93832e-07
8.05 4.57671e-07 4.58065e-07 1.04214e-07 2.81139e-07
8.075 4.37984e-07 4.38219e-07 9.9991e-08 2.69105e-07
8.1 4.19232e-07 4.19427e-07 9.59538e-08 2.5769e-07
8.125 4.0135e-07 4.01624e-07 9.20927e-08 2.46859e-07
8.15 3.84275e-07 3.84752e-07 8.83985e-08 2.36575e-07
8.175 3.6795e-07 3.68753e-07 8.48625e-08 2.26808e-07
8.2 3.52322e-07 3.53573e-07 8.14766e-08 2.17525e-07
8.225 3.37342e-07 3.39161e-07 7.82328e-08 2.08697e-07
8.25 3.22965e-07 3.2547e-07 7.51239e-08 2.00297e-07
8.275 3.09151e-07 3.12454e-07 7.21428e-08 1.92298e-07
8.3 2.95863e-07 3.0007e-07 6.9283e-08 1.84676e-07
8.325 2.83067e-07 2.88276e-07 6.65382e-08 1.77407e-07
8.35 2.70734e-07 2.77035e-07 6.39026e-08 1.70469e-07
8.375 2.58838e-07 2.6631e-07 6.13707e-08 1.6384e-07
8.4 2.47355e-07 2.56066e-07 5.89373e-08 1.57502e-07
8.425 2.36265e-07 2.46271e-07 5.65975e-08 1.51434e-07
8.45 2.2555e-07 2.36894e-07 5.43469e-08 1.45621e-07
8.475 2.15195e-07 2.27907e-07 5.2181e-08 1.40044e-07
8.5 2.05187e-07 2.19281e-07 5.0096e-08 1.34689e-07
8.525 1.95516e-07 2.10993e-07 4.8088e-08 1.2954e-07
8.55 1.86171e-07 2.03017e-07 4.61535e-08 1.24585e-07
8.575 1.77146e-07 1.95332e-07 4.42894e-08 1.19811e-07
8.6 1.68435e-07 1.87918e-07 4.24924e-08 1.15205e-07
8.625 1.60032e-07 1.80756e-07 4.07598e-08 1.10758e-07
8.65 1.51933e-07 1.73828e-07 3.90889e-08 1.06458e-07
8.675 1.44134e-07 1.67118e-07 3.74772e-08 1.02298e-07
8.7 1.36633e-07 1.60612e-07 3.59222e-08 9.82673e-08
8.725 1.29427e-07 1.54298e-07 3.4422e-08 9.436e-08
8.75 1.22513e-07 1.48163e-07 3.29744e-08 9.05687e-08
8.775 1.15889e-07 1.42198e-07 3.15774e-08 8.68876e-08
8.8 1.09551e-07 1.36393e-07 3.02294e-08 8.33111e-08
8.825 1.03497e-07 1.30741e-07 2.89286e-08 7.98347e-08
8.85 9.77227e-08 1.25235e-07 2.76734e-08 7.64543e-08
8.875 9.2225e-08 1.1987e-07 2.64624e-08 7.31663e-08
8.9 8.6999e-08 1.14642e-07 2.52941e-08 6.9968e-08
8.925 8.20398e-08 1.09547e-07 2.41672e-08 6.6857e-08
8.95 7.73414e-08 1.04582e-07 2.30804e-08 6.38313e-08
8.975 7.28976e-08 9.97462e-08 2.20326e-08 6.08894e-08
9 6.87012e-08 9.50382e-08 2.10225e-08 5.80303e-08
9.025 6.47446e-08 9.04574e-08 2.00491e-08 5.52532e-08
9.05 6.10195e-08 8.60041e-08 1.91113e-08 5.25577e-08
9.075 5.75169e-08 8.16788e-08 1.82081e-08 4.99435e-08
9.1 5.42275e-08 7.74825e-08 1.73386e-08 4.74105e-08
9.125 5.11412e-08 7.34162e-08 1.65017e-08 4.4959e-08
9.15 4.82479e-08 6.94815e-08 1.56967e-08 4.25891e-08
9.175 4.55368e-08 6.56797e-08 1.49225e-08 4.03011e-08
9.2 4.29972e-08 6.20124e-08 1.41783e-08 3.80954e-08
9.225 4.06179e-08 5.8481e-08 1.34633e-08 3.59722e-08
9.25 3.8388e-08 5.50867e-08 1.27767e-08 3.39317e-08
9.275 3.62964e-08 5.18308e-08 1.21177e-08 3.19743e-08
9.3 3.43322e-08 4.8714e-08 1.14855e-08 3.00998e-08
9.325 3.24845e-08 4.5737e-08 1.08793e-08 2.83082e-08
9.35 3.07431e-08 4.29e-08 1.02984e-08 2.65992e-08
9.375 2.90977e-08 4.02028e-08 9.74206e-09 2.49724e-08
9.4 2.75389e-08 3.76448e-08 9.20957e-09 2.34272e-08
9.425 2.60575e-08 3.52249e-08 8.70023e-09 2.19626e-08
9.45 2.46449e-08 3.29419e-08 8.21336e-09 2.05776e-08
9.475 2.32933e-08 3.07936e-08 7.74828e-09 1.92709e-08
9.5 2.19953e-08 2.87777e-08 7.30435e-09 1.8041e-08
9.525 2.07446e-08 2.68914e-08 6.88093e-09 1.68861e-08
9.55 1.95353e-08 2.51313e-08 6.47738e-09 1.58043e-08
9.575 1.83622e-08 2.34937e-08 6.09309e-09 1.47934e-08
9.6 1.72212e-08 2.19746e-08 5.72746e-09 1.38511e-08
9.625 1.61087e-08 2.05695e-08 5.37991e-09 1.29747e-08
9.65 1.50218e-08 1.92735e-08 5.04987e-09 1.21617e-08
9.675 1.39585e-08 1.80815e-08 4.73676e-09 1.14091e-08
9.7 1.29173e-08 1.69883e-08 4.44004e-09 1.07142e-08
9.725 1.18975e-08 1.59882e-08 4.15918e-09 1.00737e-08
9.75 1.08989e-08 1.50757e-08 3.89364e-09 9.48464e-09
9.775 9.92187e-09 1.42447e-08 3.64291e-09 8.94382e-09
9.8 8.96742e-09 1.34897e-08 3.40648e-09 8.44807e-09
9.825 8.03685e-09 1.28045e-08 3.18386e-09 7.9942e-09
9.85 7.13191e-09 1.21836e-08 2.97455e-09 7.57907e-09
9.875 6.25463e-09 1.16211e-08 2.77809e-09 7.19958e-09
9.9 5.40732e-09 1.11114e-08 2.59401e-09 6.85271e-09
9.925 4.59246e-09 1.06492e-08 2.42182e-09 6.53551e-09
9.95 3.81266e-09 1.02292e-08 2.2611e-09 6.24516e-09
9.975 3.07055e-09 9.84658e-09 2.11137e-09 5.97898e-09
10 2.36877e-09 9.49662e-09 1.97221e-09 5.73441e-09
10.025 1.70989e-09 9.17498e-09 1.84317e-09 5.50908e-09
10.05 1.09631e-09 8.87768e-09 1.72382e-09 5.30075e-09
10.075 5.30274e-10 8.60107e-09 1.61373e-09 5.1074e-09
10.1 1.37726e-11 8.34186e-09 1.51249e-09 4.92717e-09
10.125 -4.51481e-10 8.09714e-09 1.41967e-09 4.7584e-09
10.15 -8.64098e-10 7.86439e-09 1.33486e-09 4.59962e-09
10.175 -1.22304e-09 7.64146e-09 1.25765e-09 4.44956e-09
10.2 -1.52765e-09 7.42658e-09 1.18764e-09 4.30711e-09
10.225 -1.77768e-09 7.21833e-09 1.12442e-09 4.17138e-09
10.25 -1.97328e-09 7.01564e-09 1.06761e-09 4.04163e-09
10.275 -2.11503e-09 6.81778e-09 1.01682e-09 3.9173e-09
10.3 -2.20395e-09 6.62433e-09 9.71647e-10 3.79799e-09
10.325 -2.24145e-09 6.43514e-09 9.31728e-10 3.68344e-09
10.35 -2.22936e-09 6.25035e-09 8.96685e-10 3.57352e-09
10.375 -2.16992e-09 6.07029e-09 8.66154e-10 3.46822e-09
10.4 -2.06571e-09 5.89552e-09 8.39776e-10 3.36765e-09
10.425 -1.91967e-09 5.72676e-09 8.172e-10 3.27198e-09
10.45 -1.73507e-09 5.56486e-09 7.98084e-10 3.18147e-09
10.475 -1.51542e-09 5.41076e-09 7.82095e-10 3.09643e-09
10.5 -1.2645e-09 5.2655e-09 7.68909e-10 3.0172e-09
10.525 -9.86306e-10 5.13013e-09 7.58214e-10 2.94417e-09
10.55 -6.84964e-10 5.00572e-09 7.49708e-10 2.87771e-09
10.575 -3.64735e-10 4.8933e-09 7.43101e-10 2.8182e-09
10.6 -2.9951e-11 4.79386e-09 7.38114e-10 2.76599e-09
10.625 3.15029e-10 4.70831e-09 7.34483e-10 2.7214e-09
10.65 6.65861e-10 4.63746e-09 7.31957e-10 2.68471e-09
10.675 1.01826e-09 4.58198e-09 7.30296e-10 2.65614e-09
10.7 1.36804e-09 4.54242e-09 7.29278e-10 2.63585e-09
10.725 1.71117e-09 4.51915e-09 7.28695e-10 2.62392e-09
10.75 2.04377e-09 4.51238e-09 7.28351e-10 2.62036e-09
10.775 2.36221e-09 4.52214e-09 7.28069e-10 2.62511e-09
10.8 2.66308e-09 4.54828e-09 7.27685e-10 2.63798e-09
10.825 2.94327e-09 4.59046e-09 7.27051e-10 2.65875e-09
10.85 3.19995e-09 4.64813e-09 7.26035e-10 2.68708e-09
10.875 3.43064e-09 4.72059e-09 7.24519e-10 2.72255e-09
10.9 3.63317e-09 4.80693e-09 7.22401e-10 2.76467e-09
10.925 3.80575e-09 4.90609e-09 7.19594e-10 2.81284e-09
10.95 3.94696e-09 5.01684e-09 7.16024e-10 2.86643e-09
10.975 4.05572e-09 5.1378e-09 7.11634e-10 2.92472e-09
11 4.13136e-09 5.26748e-09 7.06377e-10 2.98693e-09
11.025 4.17355e-09 5.40425e-09 7.00222e-10 3.05224e-09
11.05 4.18235e-09 5.54641e-09 6.93149e-10 3.11978e-09
11.075 4.15813e-09 5.69218e-09 6.85151e-10 3.18866e-09
11.1 4.10166e-09 5.83971e-09 6.76229e-10 3.25797e-09
11.125 4.01398e-09 5.98714e-09 6.66398e-10 3.32677e-09
11.15 3.89646e-09 6.1326e-09 6.55679e-10 3.39414e-09
11.175 3.75074e-09 6.27421e-09 6.44105e-10 3.45916e-09
11.2 3.57872e-09 6.41015e-09 6.31714e-10 3.52093e-09
11.225 3.38254e-09 6.53864e-09 6.18552e-10 3.57859e-09
11.25 3.16451e-09 6.65798e-09 6.0467e-10 3.63132e-09
11.275 2.92715e-09 6.76656e-09 5.90125e-10 3.67834e-09
11.3 2.67309e-09 6.8629e-09 5.74978e-10 3.71894e-09
11.325 2.40509e-09 6.94562e-09 5.59292e-10 3.75246e-09
11.35 2.12596e-09 7.01352e-09 5.43134e-10 3.77832e-09
11.375 1.83859e-09 7.06551e-09 5.26571e-10 3.79604e-09
11.4 1.54587e-09 7.10071e-09 5.09672e-10 3.80519e-09
11.425 1.25066e-09 7.11838e-09 4.92506e-10 3.80545e-09
11.45 9.55812e-10 7.11801e-09 4.75141e-10 3.79657e-09
11.475 6.64073e-10 7.09922e-09 4.57642e-10 3.77843e-09
11.5 3.78108e-10 7.06187e-09 4.40075e-10 3.75097e-09
11.525 1.00458e-10 7.00597e-09 4.22501e-10 3.71423e-09
11.55 -1.66482e-10 6.93175e-09 4.04979e-10 3.66836e-09
11.575 -4.2048e-10 6.8396e-09 3.87563e-10 3.61358e-09
11.6 -6.5949e-10 6.7301e-09 3.70307e-10 3.55021e-09
11.625 -8.81662e-10 6.60401e-09 3.53256e-10 3.47863e-09
11.65 -1.08536e-09 6.46223e-09 3.36454e-10 3.39934e-09
11.675 -1.26916e-09 6.30583e-09 3.19939e-10 3.31288e-09
11.7 -1.4319e-09 6.13598e-09 3.03745e-10 3.21986e-09
11.725 -1.5726e-09 5.95403e-09 2.87899e-10 3.12096e-09
11.75 -1.69057e-09 5.76139e-09 2.72427e-10 3.01691e-09
11.775 -1.78534e-09 5.55958e-09 2.57346e-10 2.90846e-09
11.8 -1.85666e-09 5.3502e-09 2.42672e-10 2.79644e-09
11.825 -1.90454e-09 5.13489e-09 2.28415e-10 2.68165e-09
11.85 -1.92921e-09 4.91536e-09 2.1458e-10 2.56497e-09
11.875 -1.9311e-09 4.69332e-09 2.01168e-10 2.44724e-09
11.9 -1.91087e-09 4.47048e-09 1.88178e-10 2.32933e-09
11.925 -1.86937e-09 4.24856e-09 1.75603e-10 2.21208e-09
11.95 -1.80762e-09 4.02925e-09 1.63434e-10 2.09634e-09
11.975 -1.72682e-09 3.81416e-09 1.5166e-10 1.98291e-09
12 -1.62833e-09 3.60489e-09 1.40266e-10 1.87258e-09
12.025 -1.51361e-09 3.40294e-09 1.29236e-10 1.76609e-09
12.05 -1.38427e-09 3.2097e-09 1.18551e-10 1.66413e-09
12.075 -1.24201e-09 3.02651e-09 1.08191e-10 1.56735e-09
12.1 -1.0886e-09 2.85454e-09 9.8136e-11 1.47634e-09
12.125 -9.25871e-10 2.69489e-09 8.83645e-11 1.39163e-09
12.15 -7.55709e-10 2.54851e-09 7.88547e-11 1.31368e-09
12.175 -5.8001e-10 2.41619e-09 6.95854e-11 1.24289e-09
12.2 -4.0068e-10 2.29861e-09 6.05352e-11 1.17957e-09
12.225 -2.19608e-10 2.1963e-09 5.1684e-11 1.12399e-09
12.25 -3.86568e-11 2.10962e-09 4.30123e-11 1.07632e-09
12.275 1.40361e-10 2.0388e-09 3.45021e-11 1.03665e-09
12.3 3.15692e-10 1.98392e-09 2.6137e-11 1.00503e-09
12.325 4.85661e-10 1.94491e-09 1.79021e-11 9.81407e-10
12.35 6.48681e-10 1.92155e-09 9.78453e-12 9.65669e-10
12.375 8.03267e-10 1.9135e-09 1.77354e-12 9.57635e-10
12.4 9.48046e-10 1.92026e-09 -6.13951e-12 9.5706e-10
12.425 1.08177e-09 1.94123e-09 -1.3961e-11 9.63637e-10
12.45 1.2033e-09 1.97569e-09 -2.16949e-11 9.77e-10
12.475 1.31167e-09 2.02281e-09 -2.93429e-11 9.96732e-10
12.5 1.40602e-09 2.08164e-09 -3.69043e-11 1.02237e-09
12.525 1.48564e-09 2.15119e-09 -4.43763e-11 1.0534e-09
12.55 1.54999e-09 2.23034e-09 -5.17534e-11 1.08929e-09
12.575 1.59866e-09 2.31795e-09 -5.90285e-11 1.12946e-09
12.6 1.63137e-09 2.41281e-09 -6.6192e-11 1.17331e-09
12.625 1.64802e-09 2.51366e-09 -7.32326e-11 1.22022e-09
12.65 1.64863e-09 2.61924e-09 -8.01372e-11 1.26955e-09
12.675 1.63337e-09 2.72825e-09 -8.6891e-11 1.32068e-09
12.7 1.60253e-09 2.8394e-09 -9.3478e-11 1.37296e-09
12.725 1.55653e-09 2.95139e-09 -9.98807e-11 1.42575e-09
12.75 1.49594e-09 3.06297e-09 -1.06081e-10 1.47844e-09
12.775 1.42139e-09 3.1729e-09 -1.1206e-10 1.53042e-09
12.8 1.33366e-09 3.27999e-09 -1.17797e-10 1.5811e-09
12.825 1.2336e-09 3.3831e-09 -1.23273e-10 1.62991e-09
12.85 1.12217e-09 3.48114e-09 -1.28467e-10 1.67634e-09
12.875 1.00037e-09 3.57312e-09 -1.3336e-10 1.71988e-09
12.9 8.69308e-10 3.65809e-09 -1.37932e-10 1.76008e-09
12.925 7.30114e-10 3.73521e-09 -1.42164e-10 1.79652e-09
12.95 5.83981e-10 3.80371e-09 -1.46037e-10 1.82884e-09
12.975 4.32132e-10 3.86293e-09 -1.49533e-10 1.8567e-09
13 2.75814e-10 3.91231e-09 -1.52638e-10 1.87983e-09
13.025 1.16291e-10 3.95137e-09 -1.55334e-10 1.89802e-09
13.05 -4.51721e-11 3.97975e-09 -1.5761e-10 1.91107e-09
13.075 -2.07313e-10 3.9972e-09 -1.59453e-10 1.91887e-09
13.1 -3.68887e-10 4.00356e-09 -1.60853e-10 1.92135e-09
13.125 -5.2867e-10 3.99878e-09 -1.61802e-10 1.91849e-09
13.15 -6.85472e-10 3.98292e-09 -1.62293e-10 1.91031e-09
13.175 -8.38142e-10 3.95612e-09 -1.62322e-10 1.8969e-09
13.2 -9.85577e-10 3.91864e-09 -1.61887e-10 1.87837e-09
13.225 -1.12673e-09 3.87081e-09 -1.60987e-10 1.85491e-09
13.25 -1.26061e-09 3.81307e-09 -1.59625e-10 1.82672e-09
13.275 -1.38628e-09 3.74592e-09 -1.57804e-10 1.79406e-09
13.3 -1.50291e-09 3.66997e-09 -1.55531e-10 1.75722e-09
13.325 -1.6097e-09 3.58587e-09 -1.52814e-10 1.71653e-09
13.35 -1.70596e-09 3.49435e-09 -1.49664e-10 1.67234e-09
13.375 -1.79106e-09 3.39618e-09 -1.46093e-10 1.62505e-09
13.4 -1.86447e-09 3.29221e-09 -1.42115e-10 1.57505e-09
13.425 -1.92572e-09 3.18331e-09 -1.37747e-10 1.52278e-09
13.45 -1.97444e-09 3.07039e-09 -1.33005e-10 1.46869e-09
13.475 -2.01034e-09 2.95439e-09 -1.27911e-10 1.41324e-09
13.5 -2.03322e-09 2.83626e-09 -1.22484e-10 1.35689e-09
13.525 -2.04296e-09 2.71698e-09 -1.16747e-10 1.30012e-09
13.55 -2.03951e-09 2.59751e-09 -1.10724e-10 1.24339e-09
13.575 -2.02292e-09 2.47884e-09 -1.04438e-10 1.1872e-09
13.6 -1.99328e-09 2.36191e-09 -9.79166e-11 1.132e-09
13.625 -1.9508e-09 2.24767e-09 -9.1185e-11 1.07824e-09
13.65 -1.89572e-09 2.13705e-09 -8.42704e-11 1.02639e-09
13.675 -1.82838e-09 2.03092e-09 -7.72002e-11 9.76858e-10
13.7 -1.74915e-09 1.93014e-09 -7.00021e-11 9.30068e-10
13.725 -1.65847e-09 1.83552e-09 -6.2704e-11 8.86408e-10
13.75 -1.55685e-09 1.74783e-09 -5.53338e-11 8.46247e-10
13.775 -1.44482e-09 1.66777e-09 -4.79194e-11 8.09927e-10
13.8 -1.32298e-09 1.59602e-09 -4.04882e-11 7.77764e-10
13.825 -1.19195e-09 1.53316e-09 -3.30672e-11 7.50044e-10
13.85 -1.05239e-09 1.47973e-09 -2.5683e-11 7.27023e-10
13.875 -9.04988e-10 1.43621e-09 -1.83614e-11 7.08925e-10
13.9 -7.50465e-10 1.40301e-09 -1.11275e-11 6.95941e-10
13.925 -5.89551e-10 1.38046e-09 -4.00538e-12 6.88229e-10
13.95 -4.22994e-10 1.36885e-09 2.98184e-12 6.85914e-10
13.975 -2.5155e-10 1.36836e-09 9.81213e-12 6.89086e-10
14 -7.59833e-11 1.37914e-09 1.64647e-11 6.97802e-10
14.025 1.02945e-10 1.40125e-09 2.29198e-11 7.12085e-10
14.05 2.84474e-10 1.43469e-09 2.91594e-11 7.31925e-10
14.075 4.67852e-10 1.47939e-09 3.51664e-11 7.57279e-10
14.1 6.52338e-10 1.53522e-09 4.09256e-11 7.88073e-10
14.125 8.37208e-10 1.60199e-09 4.64227e-11 8.24205e-10
14.15 1.02175e-09 1.67943e-09 5.16455e-11 8.6554e-10
14.175 1.20529e-09 1.76725e-09 5.65827e-11 9.11917e-10
14.2 1.38715e-09 1.86507e-09 6.1225e-11 9.6315e-10
14.225 1.5667e-09 1.97249e-09 6.55642e-11 1.01903e-09
14.25 1.74333e-09 2.08903e-09 6.9594e-11 1.07931e-09
14.275 1.91648e-09 2.2142e-09 7.33093e-11 1.14375e-09
14.3 2.08559e-09 2.34745e-09 7.67065e-11 1.21208e-09
14.325 2.25016e-09 2.48819e-09 7.97835e-11 1.28399e-09
14.35 2.40972e-09 2.63583e-09 8.25395e-11 1.35918e-09
14.375 2.56382e-09 2.78971e-09 8.4975e-11 1.43734e-09
14.4 2.71207e-09 2.94918e-09 8.7092e-11 1.51814e-09
14.425 2.85411e-09 3.11357e-09 8.88936e-11 1.60123e-09
14.45 2.9896e-09 3.28216e-09 9.03839e-11 1.68627e-09
14.475 3.11827e-09 3.45427e-09 9.15685e-11 1.77292e-09
14.5 3.23986e-09 3.62918e-09 9.24536e-11 1.86081e-09
14.525 3.35416e-09 3.80617e-09 9.30467e-11 1.94961e-09
14.55 3.46099e-09 3.98453e-09 9.33561e-11 2.03894e-09
14.575 3.56022e-09 4.16356e-09 9.33908e-11 2.12847e-09
14.6 3.65174e-09 4.34255e-09 9.31607e-11 2.21785e-09
14.625 3.73548e-09 4.52082e-09 9.26764e-11 2.30675e-09
14.65 3.81139e-09 4.6977e-09 9.1949e-11 2.39482e-09
14.675 3.87948e-09 4.87252e-09 9.09901e-11 2.48176e-09
14.7 3.93977e-09 5.04467e-09 8.98119e-11 2.56724e-09
14.725 3.9923e-09 5.21352e-09 8.84267e-11 2.65097e-09
14.75 4.03715e-09 5.37849e-09 8.68474e-11 2.73267e-09
14.775 4.07443e-09 5.53903e-09 8.5087e-11 2.81206e-09
14.8 4.10428e-09 5.69461e-09 8.31585e-11 2.88888e-09
14.825 4.12682e-09 5.84472e-09 8.10753e-11 2.9629e-09
14.85 4.14225e-09 5.98891e-09 7.88507e-11 3.03388e-09
14.875 4.15074e-09 6.12674e-09 7.64978e-11 3.10162e-09
14.9 4.1525e-09 6.25782e-09 7.40299e-11 3.16592e-09
14.925 4.14775e-09 6.38179e-09 7.146e-11 3.22662e-09
14.95 4.13673e-09 6.49831e-09 6.88008e-11 3.28356e-09
14.975 4.11969e-09 6.60711e-09 6.6065e-11 3.33659e-09
15 4.09687e-09 6.70793e-09 6.32648e-11 3.3856e-09
15.025 4.06856e-09 6.80056e-09 6.04123e-11 3.43048e-09
15.05 4.03501e-09 6.8848e-09 5.75191e-11 3.47116e-09
15.075 3.99651e-09 6.96052e-09 5.45963e-11 3.50756e-09
15.1 3.95333e-09 7.02761e-09 5.16547e-11 3.53963e-09
15.125 3.90578e-09 7.08599e-09 4.87048e-11 3.56735e-09
15.15 3.85412e-09 7.13562e-09 4.57563e-11 3.59069e-09
15.175 3.79865e-09 7.17648e-09 4.28186e-11 3.60965e-09
15.2 3.73966e-09 7.2086e-09 3.99007e-11 3.62425e-09
15.225 3.67742e-09 7.23202e-09 3.70108e-11 3.63452e-09
15.25 3.61222e-09 7.24684e-09 3.41569e-11 3.6405e-09
15.275 3.54433e-09 7.25314e-09 3.13462e-11 3.64224e-09
15.3 3.47403e-09 7.25106e-09 2.85854e-11 3.63982e-09
15.325 3.40159e-09 7.24077e-09 2.58808e-11 3.63332e-09
15.35 3.32725e-09 7.22242e-09 2.32381e-11 3.62283e-09
15.375 3.25128e-09 7.19624e-09 2.06625e-11 3.60845e-09
15.4 3.17392e-09 7.16242e-09 1.81586e-11 3.59029e-09
15.425 3.0954e-09 7.12122e-09 1.57306e-11 3.56847e-09
15.45 3.01596e-09 7.07288e-09 1.33821e-11 3.54313e-09
15.475 2.93581e-09 7.01766e-09 1.11162e-11 3.51439e-09
15.5 2.85516e-09 6.95585e-09 8.93558e-12 3.48239e-09
15.525 2.77421e-09 6.88774e-09 6.84255e-12 3.44729e-09
15.55 2.69315e-09 6.81362e-09 4.83885e-12 3.40923e-09
15.575 2.61216e-09 6.73381e-09 2.92583e-12 3.36837e-09
15.6 2.53142e-09 6.64862e-09 1.10445e-12 3.32486e-09
15.625 2.45108e-09 6.55836e-09 -6.24725e-13 3.27887e-09
15.65 2.37129e-09 6.46337e-09 -2.26148e-12 3.23055e-09
15.675 2.29219e-09 6.36395e-09 -3.80594e-12 3.18007e-09
15.7 2.21392e-09 6.26045e-09 -5.25858e-12 3.1276e-09
15.725 2.13659e-09 6.15319e-09 -6.62014e-12 3.07328e-09
15.75 2.06031e-09 6.04248e-09 -7.89167e-12 3.0173e-09
15.775 1.98519e-09 5.92866e-09 -9.07446e-12 2.95979e-09
15.8 1.91132e-09 5.81203e-09 -1.017e-11 2.90093e-09
15.825 1.83878e-09 5.69292e-09 -1.11801e-11 2.84087e-09
15.85 1.76764e-09 5.57162e-09 -1.21067e-11 2.77976e-09
15.875 1.69798e-09 5.44844e-09 -1.29519e-11 2.71774e-09
15.9 1.62985e-09 5.32367e-09 -1.3718e-11 2.65498e-09
15.925 1.5633e-09 5.1976e-09 -1.44073e-11 2.5916e-09
15.95 1.49838e-09 5.07051e-09 -1.50225e-11 2.52774e-09
15.975 1.43511e-09 4.94265e-09 -1.55661e-11 2.46354e-09
16 1.37354e-09 4.8143e-09 -1.60409e-11 2.39913e-09
16.025 1.31368e-09 4.68571e-09 -1.64497e-11 2.33463e-09
16.05 1.25555e-09 4.5571e-09 -1.67952e-11 2.27015e-09
16.075 1.19917e-09 4.4287e-09 -1.70804e-11 2.20581e-09
16.1 1.14452e-09 4.30074e-09 -1.73082e-11 2.14172e-09
16.125 1.09163e-09 4.17343e-09 -1.74814e-11 2.07797e-09
16.15 1.04048e-09 4.04694e-09 -1.7603e-11 2.01467e-09
16.175 9.91065e-10 3.92148e-09 -1.76759e-11 1.9519e-09
16.2 9.43372e-10 3.7972e-09 -1.7703e-11 1.88975e-09
16.225 8.97385e-10 3.67428e-09 -1.76871e-11 1.8283e-09
16.25 8.53085e-10 3.55287e-09 -1.76309e-11 1.76762e-09
16.275 8.1045e-10 3.43309e-09 -1.75373e-11 1.70778e-09
16.3 7.69453e-10 3.31509e-09 -1.74089e-11 1.64884e-09
16.325 7.30066e-10 3.19897e-09 -1.72484e-11 1.59086e-09
16.35 6.92261e-10 3.08485e-09 -1.70584e-11 1.5339e-09
16.375 6.56003e-10 2.97282e-09 -1.68412e-11 1.47799e-09
16.4 6.2126e-10 2.86297e-09 -1.65993e-11 1.42319e-09
16.425 5.87995e-10 2.75538e-09 -1.63351e-11 1.36952e-09
16.45 5.56173e-10 2.65012e-09 -1.60508e-11 1.31703e-09
16.475 5.25754e-10 2.54723e-09 -1.57485e-11 1.26574e-09
16.5 4.96701e-10 2.44678e-09 -1.54303e-11 1.21568e-09
16.525 4.68973e-10 2.34881e-09 -1.50982e-11 1.16686e-09
16.55 4.42531e-10 2.25335e-09 -1.4754e-11 1.1193e-09
16.575 4.17334e-10 2.16042e-09 -1.43996e-11 1.07301e-09
16.6 3.93343e-10 2.07005e-09 -1.40366e-11 1.028e-09
16.625 3.70516e-10 1.98224e-09 -1.36665e-11 9.84285e-10
16.65 3.48813e-10 1.897e-09 -1.32911e-11 9.41854e-10
16.675 3.28193e-10 1.81433e-09 -1.29115e-11 9.0071e-10
16.7 3.08617e-10 1.73423e-09 -1.25293e-11 8.60849e-10
16.725 2.90045e-10 1.65668e-09 -1.21456e-11 8.22265e-10
16.75 2.72438e-10 1.58166e-09 -1.17615e-11 7.84948e-10
16.775 2.55757e-10 1.50915e-09 -1.13782e-11 7.48887e-10
16.8 2.39965e-10 1.43913e-09 -1.09966e-11 7.14067e-10
16.825 2.25024e-10 1.37157e-09 -1.06177e-11 6.80475e-10
16.85 2.10898e-10 1.30642e-09 -1.02422e-11 6.48091e-10
16.875 1.97552e-10 1.24367e-09 -9.87102e-12 6.16898e-10
16.9 1.8495e-10 1.18325e-09 -9.50476e-12 5.86874e-10
16.925 1.7306e-10 1.12514e-09 -9.14406e-12 5.57999e-10
16.95 1.61847e-10 1.06929e-09 -8.78948e-12 5.30248e-10
16.975 1.51281e-10 1.01564e-09 -8.44151e-12 5.03598e-10
17 1.41331e-10 9.6415e-10 -8.1006e-12 4.78025e-10
17.025 1.31965e-10 9.14771e-10 -7.76713e-12 4.53502e-10
17.05 1.23157e-10 8.67447e-10 -7.44143e-12 4.30003e-10
17.075 1.14876e-10 8.22126e-10 -7.12377e-12 4.07501e-10
17.1 1.07098e-10 7.78753e-10 -6.81439e-12 3.8597e-10
17.125 9.9795e-11 7.37274e-10 -6.51347e-12 3.6538e-10
17.15 9.29429e-11 6.97633e-10 -6.22117e-12 3.45706e-10
17.175 8.65176e-11 6.59774e-10 -5.9376e-12 3.26918e-10
17.2 8.0496e-11 6.23641e-10 -5.66281e-12 3.08989e-10
17.225 7.48561e-11 5.89179e-10 -5.39686e-12 2.91891e-10
17.25 6.95768e-11 5.56331e-10 -5.13976e-12 2.75596e-10
17.275 6.4638e-11 5.25044e-10 -4.89148e-12 2.60076e-10
17.3 6.00202e-11 4.95261e-10 -4.65198e-12 2.45304e-10
17.325 5.57052e-11 4.66928e-10 -4.42118e-12 2.31253e-10
17.35 5.16753e-11 4.39992e-10 -4.19901e-12 2.17897e-10
17.375 4.79138e-11 4.144e-10 -3.98535e-12 2.05208e-10
17.4 4.44048e-11 3.90101e-10 -3.78008e-12 1.9316e-10
17.425 4.11332e-11 3.67042e-10 -3.58305e-12 1.81729e-10
17.45 3.80845e-11 3.45174e-10 -3.3941e-12 1.7089e-10
17.475 3.52452e-11 3.24447e-10 -3.21307e-12 1.60617e-10
17.5 3.26023e-11 3.04815e-10 -3.03979e-12 1.50888e-10
17.525 3.01435e-11 2.86231e-10 -2.87406e-12 1.41678e-10
17.55 2.78572e-11 2.68648e-10 -2.7157e-12 1.32966e-10
17.575 2.57325e-11 2.52022e-10 -2.56449e-12 1.24729e-10
17.6 2.37589e-11 2.36311e-10 -2.42025e-12 1.16945e-10
17.625 2.19267e-11 2.21473e-10 -2.28274e-12 1.09595e-10
17.65 2.02267e-11 2.07467e-10 -2.15178e-12 1.02657e-10
17.675 1.865e-11 1.94253e-10 -2.02714e-12 9.61131e-11
17.7 1.71886e-11 1.81795e-10 -1.90861e-12 8.99434e-11
17.725 1.58346e-11 1.70056e-10 -1.79597e-12 8.41299e-11
17.75 1.45808e-11 1.59e-10 -1.68901e-12 7.86552e-11
17.775 1.34204e-11 1.48592e-10 -1.58752e-12 7.35024e-11
17.8 1.2347e-11 1.38802e-10 -1.4913e-12 6.86551e-11
17.825 1.13545e-11 1.29596e-10 -1.40012e-12 6.40978e-11
17.85 1.04372e-11 1.20944e-10 -1.31379e-12 5.98153e-11
17.875 9.58998e-12 1.12819e-10 -1.23211e-12 5.57932e-11
17.9 8.80774e-12 1.0519e-10 -1.15488e-12 5.20177e-11
17.925 8.08588e-12 9.80332e-11 -1.0819e-12 4.84756e-11
17.95 7.42006e-12 9.13214e-11 -1.01299e-12 4.51542e-11
17.975 6.80622e-12 8.50306e-11 -9.47963e-13 4.20413e-11
18 6.24057e-12 7.91374e-11 -8.86643e-13 3.91254e-11
18.025 5.71956e-12 7.36196e-11 -8.28854e-13 3.63954e-11
18.05 5.2399e-12 6.84558e-11 -7.74427e-13 3.38407e-11
18.075 4.79851e-12 6.36258e-11 -7.232e-13 3.14513e-11
18.1 4.39253e-12 5.91103e-11 -6.75013e-13 2.92176e-11
18.125 4.01928e-12 5.4891e-11 -6.29716e-13 2.71306e-11
18.15 3.67628e-12 5.09504e-11 -5.8716e-13 2.51816e-11
18.175 3.36121e-12 4.72719e-11 -5.47203e-13 2.33623e-11
18.2 3.07194e-12 4.38398e-11 -5.0971e-13 2.1665e-11
18.225 2.80647e-12 4.06391e-11 -4.7455e-13 2.00823e-11
18.25 2.56295e-12 3.76558e-11 -4.41596e-13 1.86071e-11
18.275 2.33966e-12 3.48763e-11 -4.10728e-13 1.72328e-11
18.3 2.135e-12 3.22881e-11 -3.8183e-13 1.59531e-11
18.325 1.94751e-12 2.98791e-11 -3.54793e-13 1.47622e-11
18.35 1.77582e-12 2.7638e-11 -3.29512e-13 1.36543e-11
18.375 1.61865e-12 2.55541e-11 -3.05884e-13 1.26241e-11
18.4 1.47486e-12 2.36173e-11 -2.83815e-13 1.16667e-11
18.425 1.34334e-12 2.1818e-11 -2.63212e-13 1.07774e-11
18.45 1.2231e-12 2.01473e-11 -2.4399e-13 9.95165e-12
18.475 1.11323e-12 1.85967e-11 -2.26065e-13 9.1853e-12
18.5 1.01286e-12 1.71582e-11 -2.09358e-13 8.47442e-12
18.525 9.21216e-13 1.58244e-11 -1.93796e-13 7.81529e-12
18.55 8.37569e-13 1.45881e-11 -1.79308e-13 7.20442e-12
18.575 7.61251e-13 1.34429e-11 -1.65826e-13 6.63854e-12
18.6 6.91648e-13 1.23824e-11 -1.53288e-13 6.11458e-12
18.625 6.28194e-13 1.14009e-11 -1.41632e-13 5.62965e-12
18.65 5.70369e-13 1.04929e-11 -1.30804e-13 5.18105e-12
18.675 5.17692e-13 9.65323e-12 -1.20749e-13 4.76624e-12
18.7 4.69724e-13 8.87712e-12 -1.11416e-13 4.38285e-12
18.725 4.26061e-13 8.16008e-12 -1.02759e-13 4.02866e-12
18.75 3.8633e-13 7.49791e-12 -9.47317e-14 3.70159e-12
18.775 3.50191e-13 6.88668e-12 -8.7293e-14 3.39969e-12
18.8 3.17332e-13 6.32272e-12 -8.04028e-14 3.12116e-12
18.825 2.87465e-13 5.80261e-12 -7.40239e-14 2.86429e-12
18.85 2.60328e-13 5.32314e-12 -6.81211e-14 2.62751e-12
18.875 2.3568e-13 4.88133e-12 -6.26617e-14 2.40934e-12
18.9 2.133e-13 4.47441e-12 -5.76147e-14 2.2084e-12
18.925 1.92987e-13 4.09978e-12 -5.29513e-14 2.02341e-12
18.95 1.74557e-13 3.75502e-12 -4.86444e-14 1.85319e-12
18.975 1.5784e-13 3.43789e-12 -4.46686e-14 1.69661e-12
19 1.42682e-13 3.1463e-12 -4.10001e-14 1.55265e-12
19.025 1.28943e-13 2.87831e-12 -3.7617e-14 1.42035e-12
19.05 1.16494e-13 2.63211e-12 -3.44983e-14 1.29881e-12
19.075 1.05217e-13 2.40603e-12 -3.16248e-14 1.1872e-12
19.1 9.50056e-14 2.19851e-12 -2.89784e-14 1.08477e-12
19.125 8.57616e-14 2.0081e-12 -2.65424e-14 9.90781e-13
19.15 7.73961e-14 1.83348e-12 -2.4301e-14 9.04588e-13
19.175 6.9828e-14 1.67339e-12 -2.22395e-14 8.25573e-13
19.2 6.29834e-14 1.52668e-12 -2.03445e-14 7.5317e-13
19.225 5.67949e-14 1.39231e-12 -1.86033e-14 6.86852e-13
19.25 5.12014e-14 1.26927e-12 -1.70041e-14 6.26132e-13
19.275 4.61472e-14 1.15666e-12 -1.5536e-14 5.70562e-13
19.3 4.15815e-14 1.05364e-12 -1.41888e-14 5.19725e-13
19.325 3.74583e-14 9.59428e-13 -1.29532e-14 4.73237e-13
19.35 3.37359e-14 8.73308e-13 -1.18203e-14 4.30744e-13
19.375 3.03761e-14 7.94616e-13 -1.07822e-14 3.91917e-13
19.4 2.73445e-14 7.22742e-13 -9.83126e-15 3.56455e-13
19.425 2.46098e-14 6.5712e-13 -8.96059e-15 3.2408e-13
19.45 2.21435e-14 5.97232e-13 -8.16375e-15 2.94534e-13
19.475 1.992e-14 5.42597e-13 -7.4348e-15 2.67581e-13
19.5 1.79157e-14 4.92776e-13 -6.76824e-15 2.43004e-13
19.525 1.61096e-14 4.47361e-13 -6.15899e-15 2.20601e-13
19.55 1.44825e-14 4.05981e-13 -5.60237e-15 2.00189e-13
19.575 1.3017e-14 3.68291e-13 -5.09403e-15 1.81599e-13
19.6 1.16973e-14 3.33976e-13 -4.63e-15 1.64673e-13
19.625 1.05093e-14 3.02746e-13 -4.20659e-15 1.4927e-13
19.65 9.44002e-15 2.74335e-13 -3.8204e-15 1.35257e-13
19.675 8.47787e-15 2.48498e-13 -3.46832e-15 1.22515e-13
19.7 7.61229e-15 2.25012e-13 -3.14746e-15 1.10932e-13
19.725 6.83378e-15 2.0367e-13 -2.85517e-15 1.00408e-13
19.75 6.13372e-15 1.84286e-13 -2.58902e-15 9.08482e-14
19.775 5.50435e-15 1.66685e-13 -2.34678e-15 8.2169e-14
19.8 4.93865e-15 1.5071e-13 -2.12639e-15 7.42918e-14
19.825 4.43028e-15 1.36217e-13 -1.92595e-15 6.71453e-14
19.85 3.97354e-15 1.23072e-13 -1.74375e-15 6.06642e-14
19.875 3.56326e-15 1.11156e-13 -1.57817e-15 5.47889e-14
19.9 3.19478e-15 1.00357e-13 -1.42778e-15 4.94647e-14
19.925 2.86392e-15 9.05747e-14 -1.29123e-15 4.46417e-14
19.95 2.56689e-15 8.17164e-14 -1.1673e-15 4.02745e-14
19.975 2.30028e-15 7.36979e-14 -1.05486e-15 3.63215e-14
20 2.06102e-15 6.64424e-14 -9.52894e-16 3.27447e-14
