0 0.243732 0.243736 -0.00157857 0.121079
0.025 0.243732 0.243736 -0.00157857 0.121079
0.05 0.243688 0.243703 -0.00157957 0.121062
0.075 0.243613 0.243647 -0.00158122 0.121033
0.1 0.243507 0.243569 -0.00158352 0.120993
0.125 0.243371 0.243467 -0.00158645 0.12094
0.15 0.243204 0.243342 -0.00158999 0.120876
0.175 0.243006 0.243192 -0.00159411 0.120799
0.2 0.242775 0.243018 -0.00159879 0.120709
0.225 0.242512 0.242817 -0.00160399 0.120607
0.25 0.242216 0.24259 -0.00160968 0.12049
0.275 0.241885 0.242335 -0.00161581 0.12036
0.3 0.241519 0.242051 -0.00162234 0.120214
0.325 0.241117 0.241737 -0.00162922 0.120054
0.35 0.240679 0.241391 -0.00163641 0.119877
0.375 0.240202 0.241013 -0.00164384 0.119684
0.4 0.239687 0.2406 -0.00165147 0.119474
0.425 0.239131 0.240152 -0.00165923 0.119246
0.45 0.238534 0.239666 -0.00166706 0.119
0.475 0.237895 0.239142 -0.0016749 0.118734
0.5 0.237213 0.238578 -0.00168269 0.118448
0.525 0.236486 0.237972 -0.00169036 0.118141
0.55 0.235713 0.237323 -0.00169785 0.117812
0.575 0.234893 0.236628 -0.00170508 0.117462
0.6 0.234025 0.235887 -0.00171198 0.117088
0.625 0.233108 0.235098 -0.00171851 0.11669
0.65 0.232141 0.23426 -0.00172457 0.116268
0.675 0.231122 0.23337 -0.00173012 0.11582
0.7 0.230051 0.232428 -0.00173508 0.115347
0.725 0.228927 0.231432 -0.00173939 0.114847
0.75 0.227749 0.230381 -0.00174299 0.114319
0.775 0.226515 0.229274 -0.00174581 0.113764
0.8 0.225226 0.228109 -0.0017478 0.113181
0.825 0.22388 0.226886 -0.0017489 0.112568
0.85 0.222477 0.225602 -0.00174906 0.111927
0.875 0.221017 0.224259 -0.00174822 0.111255
0.9 0.219499 0.222854 -0.00174635 0.110554
0.925 0.217922 0.221387 -0.00174339 0.109822
0.95 0.216286 0.219858 -0.0017393 0.10906
0.975 0.214592 0.218267 -0.00173406 0.108266
1 0.212839 0.216612 -0.00172761 0.107442
1.025 0.211028 0.214894 -0.00171995 0.106587
1.05 0.209158 0.213113 -0.00171103 0.105701
1.075 0.207231 0.211269 -0.00170085 0.104784
1.1 0.205245 0.209362 -0.00168938 0.103837
1.125 0.203203 0.207394 -0.00167662 0.102858
1.15 0.201105 0.205363 -0.00166255 0.10185
1.175 0.198951 0.203271 -0.00164718 0.100812
1.2 0.196743 0.20112 -0.0016305 0.0997447
1.225 0.194481 0.198909 -0.00161253 0.0986484
1.25 0.192168 0.196641 -0.00159327 0.0975238
1.275 0.189803 0.194316 -0.00157275 0.0963715
1.3 0.187389 0.191935 -0.00155097 0.0951923
1.325 0.184927 0.189502 -0.00152797 0.0939868
1.35 0.182419 0.187016 -0.00150377 0.092756
1.375 0.179867 0.18448 -0.00147841 0.0915008
1.4 0.177272 0.181896 -0.00145192 0.090222
1.425 0.174636 0.179266 -0.00142435 0.0889208
1.45 0.171962 0.176592 -0.00139573 0.087598
1.475 0.169252 0.173876 -0.00136611 0.086255
1.5 0.166507 0.171121 -0.00133555 0.0848927
1.525 0.163731 0.168329 -0.0013041 0.0835125
1.55 0.160925 0.165503 -0.00127181 0.0821155
1.575 0.158092 0.162645 -0.00123874 0.0807031
1.6 0.155234 0.159758 -0.00120495 0.0792764
1.625 0.152355 0.156844 -0.00117051 0.0778369
1.65 0.149456 0.153907 -0.00113547 0.076386
1.675 0.14654 0.15095 -0.00109991 0.0749249
1.7 0.14361 0.147974 -0.00106389 0.0734551
1.725 0.140669 0.144984 -0.00102747 0.071978
1.75 0.137719 0.141981 -0.000990736 0.0704951
1.775 0.134763 0.138969 -0.000953742 0.0690076
1.8 0.131803 0.135951 -0.00091656 0.0675172
1.825 0.128843 0.132929 -0.000879259 0.066025
1.85 0.125884 0.129907 -0.000841907 0.0645327
1.875 0.122931 0.126888 -0.00080457 0.0630415
1.9 0.119984 0.123873 -0.000767315 0.061553
1.925 0.117048 0.120867 -0.000730207 0.0600683
1.95 0.114124 0.117871 -0.00069331 0.0585889
1.975 0.111214 0.114889 -0.000656685 0.0571161
2 0.108322 0.111923 -0.000620393 0.0556512
2.025 0.10545 0.108975 -0.000584492 0.0541954
2.05 0.1026 0.106049 -0.000549038 0.05275
2.075 0.0997744 0.103146 -0.000514085 0.0513162
2.1 0.0969752 0.10027 -0.000479684 0.049895
2.125 0.0942045 0.0974213 -0.000445884 0.0484877
2.15 0.0914645 0.0946033 -0.000412731 0.0470953
2.175 0.0887571 0.0918178 -0.000380268 0.0457188
2.2 0.0860841 0.0890668 -0.000348536 0.0443591
2.225 0.0834473 0.0863521 -0.000317571 0.0430173
2.25 0.0808483 0.0836756 -0.000287409 0.0416941
2.275 0.0782887 0.081039 -0.00025808 0.0403904
2.3 0.07577 0.0784437 -0.000229612 0.0391071
2.325 0.0732935 0.0758913 -0.000202031 0.0378447
2.35 0.0708605 0.0733832 -0.000175359 0.0366039
2.375 0.0684721 0.0709205 -0.000149614 0.0353855
2.4 0.0661294 0.0685045 -0.000124813 0.0341898
2.425 0.0638333 0.0661361 -0.000100967 0.0330175
2.45 0.0615848 0.0638162 -7.80878e-05 0.031869
2.475 0.0593845 0.0615457 -5.61811e-05 0.0307447
2.5 0.0572331 0.0593252 -3.52514e-05 0.029645
2.525 0.0551311 0.0571554 -1.53e-05 0.02857
2.55 0.053079 0.0550367 3.6744e-06 0.0275202
2.575 0.0510771 0.0529696 2.16756e-05 0.0264956
2.6 0.0491257 0.0509542 3.871e-05 0.0254965
2.625 0.047225 0.0489909 5.4786e-05 0.0245229
2.65 0.045375 0.0470797 6.99146e-05 0.0235748
2.675 0.0435758 0.0452206 8.41087e-05 0.0226523
2.7 0.0418272 0.0434135 9.73831e-05 0.0217554
2.725 0.040129 0.0416583 0.000109755 0.020884
2.75 0.0384811 0.0399547 0.000121241 0.020038
2.775 0.036883 0.0383024 0.000131863 0.0192171
2.8 0.0353344 0.036701 0.000141642 0.0184213
2.825 0.0338348 0.03515 0.0001506 0.0176503
2.85 0.0323838 0.0336489 0.000158761 0.0169038
2.875 0.0309806 0.0321972 0.00016615 0.0161817
2.9 0.0296247 0.030794 0.000172792 0.0154834
2.925 0.0283155 0.0294389 0.000178715 0.0148088
2.95 0.027052 0.0281309 0.000183944 0.0141574
2.975 0.0258337 0.0268693 0.000188507 0.0135289
3 0.0246595 0.0256533 0.000192433 0.0129229
3.025 0.0235288 0.024482 0.000195749 0.0123389
3.05 0.0224405 0.0233544 0.000198484 0.0117764
3.075 0.0213939 0.0222696 0.000200666 0.0112351
3.1 0.0203878 0.0212267 0.000202323 0.0107145
3.125 0.0194214 0.0202247 0.000203483 0.0102141
3.15 0.0184937 0.0192625 0.000204175 0.00973336
3.175 0.0176037 0.0183392 0.000204426 0.00927181
3.2 0.0167503 0.0174537 0.000204262 0.00882896
3.225 0.0159326 0.0166049 0.000203711 0.00840429
3.25 0.0151494 0.0157918 0.000202799 0.00799729
3.275 0.0143999 0.0150133 0.000201551 0.00760743
3.3 0.0136829 0.0142684 0.000199993 0.00723422
3.325 0.0129974 0.0135561 0.000198147 0.00687712
3.35 0.0123424 0.0128752 0.000196039 0.00653563
3.375 0.0117168 0.0122248 0.000193689 0.00620924
3.4 0.0111197 0.0116037 0.000191122 0.00589743
3.425 0.0105501 0.0110111 0.000188356 0.00559972
3.45 0.010007 0.0104458 0.000185413 0.00531559
3.475 0.00948928 0.00990682 0.000182312 0.00504457
3.5 0.00899614 0.00939325 0.000179071 0.00478616
3.525 0.00852658 0.00890409 0.000175708 0.0045399
3.55 0.0080797 0.00843839 0.00017224 0.00430532
3.575 0.00765457 0.00799523 0.000168681 0.00408196
3.6 0.00725031 0.0075737 0.000165049 0.00386938
3.625 0.00686606 0.00717291 0.000161355 0.00366713
3.65 0.00650098 0.006792 0.000157614 0.00347481
3.675 0.00615424 0.00643012 0.000153838 0.00329198
3.7 0.00582505 0.00608645 0.000150039 0.00311825
3.725 0.00551263 0.00576021 0.000146227 0.00295322
3.75 0.00521623 0.00545061 0.000142412 0.00279651
3.775 0.00493512 0.00515691 0.000138604 0.00264776
3.8 0.00466861 0.00487838 0.00013481 0.0025066
3.825 0.004416 0.00461433 0.00013104 0.00237268
3.85 0.00417664 0.00436407 0.000127299 0.00224569
3.875 0.00394991 0.00412696 0.000123595 0.00212528
3.9 0.00373518 0.00390237 0.000119933 0.00201115
3.925 0.00353188 0.00368969 0.000116319 0.00190301
3.95 0.00333943 0.00348834 0.000112757 0.00180055
3.975 0.00315731 0.00329777 0.000109251 0.00170351
4 0.00298498 0.00311742 0.000105806 0.00161162
4.025 0.00282196 0.0029468 0.000102424 0.00152461
4.05 0.00266777 0.00278541 9.91076e-05 0.00144226
4.075 0.00252195 0.00263277 9.58598e-05 0.00136431
4.1 0.00238407 0.00248843 9.26823e-05 0.00129056
4.125 0.0022537 0.00235197 8.95768e-05 0.00122077
4.15 0.00213047 0.00222297 8.65444e-05 0.00115476
4.175 0.00201398 0.00210104 8.3586e-05 0.00109231
4.2 0.00190387 0.0019858 8.07023e-05 0.00103325
4.225 0.00179982 0.00187689 7.78936e-05 0.000977393
4.25 0.00170148 0.00177399 7.51602e-05 0.000924573
4.275 0.00160855 0.00167675 7.25018e-05 0.000874627
4.3 0.00152074 0.00158488 6.99182e-05 0.000827401
4.325 0.00143776 0.00149809 6.74089e-05 0.000782749
4.35 0.00135935 0.00141609 6.49732e-05 0.000740532
4.375 0.00128526 0.00133863 6.26105e-05 0.000700618
4.4 0.00121525 0.00126544 6.03196e-05 0.000662881
4.425 0.00114909 0.00119631 5.80997e-05 0.000627204
4.45 0.00108658 0.00113099 5.59495e-05 0.000593472
4.475 0.0010275 0.00106929 5.38679e-05 0.00056158
4.5 0.000971675 0.001011 5.18535e-05 0.000531425
4.525 0.000918913 0.000955921 4.9905e-05 0.000502913
4.55 0.000869047 0.000903885 4.8021e-05 0.000475953
4.575 0.000821915 0.000854717 4.62e-05 0.000450458
4.6 0.000777364 0.000808257 4.44406e-05 0.000426349
4.625 0.000735251 0.000764354 4.27411e-05 0.000403548
4.65 0.000695439 0.000722864 4.11002e-05 0.000381982
4.675 0.000657799 0.000683652 3.95162e-05 0.000361584
4.7 0.000622212 0.00064659 3.79876e-05 0.000342289
4.725 0.000588562 0.000611557 3.65129e-05 0.000324035
4.75 0.000556742 0.000578441 3.50905e-05 0.000306766
4.775 0.000526651 0.000547134 3.37189e-05 0.000290426
4.8 0.000498191 0.000517534 3.23965e-05 0.000274965
4.825 0.000471274 0.000489547 3.1122e-05 0.000260334
4.85 0.000445815 0.000463082 2.98938e-05 0.000246488
4.875 0.000421731 0.000438056 2.87105e-05 0.000233383
4.9 0.000398949 0.000414388 2.75706e-05 0.000220979
4.925 0.000377397 0.000392003 2.64728e-05 0.000209238
4.95 0.000357007 0.00037083 2.54157e-05 0.000198123
4.975 0.000337716 0.000350802 2.43979e-05 0.0001876
5 0.000319464 0.000331856 2.34182e-05 0.000177637
5.025 0.000302195 0.000313934 2.24753e-05 0.000168205
5.05 0.000285855 0.000296978 2.1568e-05 0.000159273
5.075 0.000270395 0.000280937 2.06949e-05 0.000150816
5.1 0.000255767 0.00026576 1.98551e-05 0.000142807
5.125 0.000241925 0.0002514 1.90473e-05 0.000135224
5.15 0.000228829 0.000237813 1.82704e-05 0.000128042
5.175 0.000216438 0.000224958 1.75233e-05 0.000121241
5.2 0.000204714 0.000212795 1.68051e-05 0.0001148
5.225 0.000193622 0.000201286 1.61146e-05 0.0001087
5.25 0.000183128 0.000190397 1.5451e-05 0.000102924
5.275 0.0001732 0.000180095 1.48133e-05 9.7454e-05
5.3 0.000163809 0.000170347 1.42005e-05 9.22739e-05
5.325 0.000154925 0.000161125 1.36117e-05 8.73685e-05
5.35 0.000146522 0.0001524 1.30462e-05 8.27233e-05
5.375 0.000138575 0.000144147 1.25031e-05 7.83249e-05
5.4 0.000131059 0.000136339 1.19815e-05 7.41601e-05
5.425 0.000123951 0.000128953 1.14806e-05 7.02169e-05
5.45 0.00011723 0.000121967 1.09998e-05 6.64835e-05
5.475 0.000110874 0.00011536 1.05383e-05 6.29491e-05
5.5 0.000104866 0.000109111 1.00954e-05 5.96033e-05
5.525 9.91859e-05 0.000103202 9.67043e-06 5.64361e-05
5.55 9.38165e-05 9.76137e-05 9.26267e-06 5.34382e-05
5.575 8.87413e-05 9.23301e-05 8.87151e-06 5.06008e-05
5.6 8.39445e-05 8.73346e-05 8.49634e-06 4.79155e-05
5.625 7.94112e-05 8.26119e-05 8.13655e-06 4.53742e-05
5.65 7.51272e-05 7.81475e-05 7.79157e-06 4.29695e-05
5.675 7.10792e-05 7.39276e-05 7.46083e-06 4.06942e-05
5.7 6.72544e-05 6.99391e-05 7.1438e-06 3.85414e-05
5.725 6.36406e-05 6.61695e-05 6.83995e-06 3.65047e-05
5.75 6.02264e-05 6.26072e-05 6.54878e-06 3.4578e-05
5.775 5.7001e-05 5.92409e-05 6.26978e-06 3.27553e-05
5.8 5.39539e-05 5.60601e-05 6.0025e-06 3.10313e-05
5.825 5.10755e-05 5.30546e-05 5.74647e-06 2.94006e-05
5.85 4.83564e-05 5.02151e-05 5.50125e-06 2.78582e-05
5.875 4.57878e-05 4.75324e-05 5.2664e-06 2.63994e-05
5.9 4.33614e-05 4.49979e-05 5.04153e-06 2.50197e-05
5.925 4.10692e-05 4.26036e-05 4.82622e-06 2.37149e-05
5.95 3.89038e-05 4.03416e-05 4.62009e-06 2.24809e-05
5.975 3.68581e-05 3.82048e-05 4.42277e-06 2.13138e-05
6 3.49253e-05 3.6186e-05 4.2339e-06 2.021e-05
6.025 3.30991e-05 3.42789e-05 4.05313e-06 1.9166e-05
6.05 3.13735e-05 3.24771e-05 3.88013e-06 1.81786e-05
6.075 2.97426e-05 3.07747e-05 3.71457e-06 1.72447e-05
6.1 2.82013e-05 2.91662e-05 3.55613e-06 1.63612e-05
6.125 2.67443e-05 2.76463e-05 3.40453e-06 1.55254e-05
6.15 2.53668e-05 2.62099e-05 3.25947e-06 1.47347e-05
6.175 2.40643e-05 2.48522e-05 3.12068e-06 1.39865e-05
6.2 2.28326e-05 2.35689e-05 2.98787e-06 1.32784e-05
6.225 2.16674e-05 2.23557e-05 2.86081e-06 1.26083e-05
6.25 2.05651e-05 2.12086e-05 2.73923e-06 1.19739e-05
6.275 1.95219e-05 2.01237e-05 2.62289e-06 1.13733e-05
6.3 1.85345e-05 1.90975e-05 2.51158e-06 1.08045e-05
6.325 1.75997e-05 1.81267e-05 2.40507e-06 1.02659e-05
6.35 1.67144e-05 1.72079e-05 2.30315e-06 9.75555e-06
6.375 1.58758e-05 1.63384e-05 2.20561e-06 9.27199e-06
6.4 1.50813e-05 1.55151e-05 2.11226e-06 8.81369e-06
6.425 1.43282e-05 1.47355e-05 2.02292e-06 8.37921e-06
6.45 1.36142e-05 1.3997e-05 1.9374e-06 7.9672e-06
6.475 1.29371e-05 1.32973e-05 1.85554e-06 7.5764e-06
6.5 1.22948e-05 1.26341e-05 1.77717e-06 7.20562e-06
6.525 1.16853e-05 1.20053e-05 1.70214e-06 6.85372e-06
6.55 1.11068e-05 1.1409e-05 1.63029e-06 6.51964e-06
6.575 1.05574e-05 1.08433e-05 1.56149e-06 6.2024e-06
6.6 1.00356e-05 1.03065e-05 1.4956e-06 5.90106e-06
6.625 9.53992e-06 9.79697e-06 1.43248e-06 5.61473e-06
6.65 9.0688e-06 9.31314e-06 1.37202e-06 5.34258e-06
6.675 8.62095e-06 8.85359e-06 1.31409e-06 5.08384e-06
6.7 8.19509e-06 8.41697e-06 1.25859e-06 4.83778e-06
6.725 7.79004e-06 8.00202e-06 1.2054e-06 4.60371e-06
6.75 7.40469e-06 7.60754e-06 1.15442e-06 4.38098e-06
6.775 7.03799e-06 7.23243e-06 1.10556e-06 4.169e-06
6.8 6.68897e-06 6.87565e-06 1.05873e-06 3.96719e-06
6.825 6.35672e-06 6.53621e-06 1.01383e-06 3.77502e-06
6.85 6.04038e-06 6.2132e-06 9.70781e-07 3.59199e-06
6.875 5.73914e-06 5.90575e-06 9.29505e-07 3.41763e-06
6.9 5.45225e-06 5.61308e-06 8.89924e-07 3.2515e-06
6.925 5.179e-06 5.33441e-06 8.51967e-07 3.09319e-06
6.95 4.91872e-06 5.06904e-06 8.15565e-07 2.9423e-06
6.975 4.6708e-06 4.8163e-06 7.80654e-07 2.79848e-06
7 4.43464e-06 4.57557e-06 7.4717e-07 2.66137e-06
7.025 4.20969e-06 4.34626e-06 7.15056e-07 2.53066e-06
7.05 3.99543e-06 4.12782e-06 6.84254e-07 2.40604e-06
7.075 3.79137e-06 3.91974e-06 6.54712e-07 2.28722e-06
7.1 3.59705e-06 3.72151e-06 6.26379e-07 2.17394e-06
7.125 3.41203e-06 3.53269e-06 5.99206e-07 2.06595e-06
7.15 3.2359e-06 3.35283e-06 5.73147e-07 1.96299e-06
7.175 3.06826e-06 3.18153e-06 5.48159e-07 1.86484e-06
7.2 2.90875e-06 3.01839e-06 5.24199e-07 1.7713e-06
7.225 2.757e-06 2.86306e-06 5.01228e-07 1.68215e-06
7.25 2.61268e-06 2.71519e-06 4.79206e-07 1.5972e-06
7.275 2.47546e-06 2.57444e-06 4.58098e-07 1.51627e-06
7.3 2.34505e-06 2.4405e-06 4.37869e-07 1.43918e-06
7.325 2.22115e-06 2.31308e-06 4.18485e-07 1.36578e-06
7.35 2.10347e-06 2.19189e-06 3.99914e-07 1.2959e-06
7.375 1.99174e-06 2.07666e-06 3.82125e-07 1.22939e-06
7.4 1.88571e-06 1.96713e-06 3.65089e-07 1.16611e-06
7.425 1.78512e-06 1.86306e-06 3.48777e-07 1.10592e-06
7.45 1.68974e-06 1.76421e-06 3.33162e-07 1.04869e-06
7.475 1.59933e-06 1.67036e-06 3.18218e-07 9.94288e-07
7.5 1.51367e-06 1.58128e-06 3.0392e-07 9.426e-07
7.525 1.43255e-06 1.49677e-06 2.90242e-07 8.93508e-07
7.55 1.35576e-06 1.41664e-06 2.77162e-07 8.469e-07
7.575 1.28309e-06 1.34068e-06 2.64656e-07 8.02667e-07
7.6 1.21435e-06 1.26871e-06 2.52703e-07 7.60705e-07
7.625 1.14936e-06 1.20055e-06 2.41282e-07 7.20916e-07
7.65 1.08794e-06 1.13603e-06 2.30371e-07 6.83203e-07
7.675 1.0299e-06 1.07499e-06 2.19951e-07 6.47471e-07
7.7 9.75096e-07 1.01726e-06 2.10002e-07 6.13632e-07
7.725 9.23352e-07 9.62692e-07 2.00506e-07 5.81599e-07
7.75 8.74517e-07 9.11131e-07 1.91445e-07 5.51288e-07
7.775 8.28439e-07 8.62435e-07 1.828e-07 5.22618e-07
7.8 7.84977e-07 8.16464e-07 1.74556e-07 4.9551e-07
7.825 7.43991e-07 7.73085e-07 1.66695e-07 4.6989e-07
7.85 7.0535e-07 7.32167e-07 1.59201e-07 4.45684e-07
7.875 6.68926e-07 6.93585e-07 1.52059e-07 4.22822e-07
7.9 6.34598e-07 6.57219e-07 1.45253e-07 4.01236e-07
7.925 6.0225e-07 6.22952e-07 1.3877e-07 3.80861e-07
7.95 5.7177e-07 5.90673e-07 1.32594e-07 3.61634e-07
7.975 5.43052e-07 5.60274e-07 1.26712e-07 3.43493e-07
8 5.15996e-07 5.31651e-07 1.21112e-07 3.26381e-07
8.025 4.90504e-07 5.04705e-07 1.15779e-07 3.10242e-07
8.05 4.66485e-07 4.7934e-07 1.10702e-07 2.95021e-07
8.075 4.43851e-07 4.55466e-07 1.05869e-07 2.80667e-07
8.1 4.22519e-07 4.32994e-07 1.01268e-07 2.67131e-07
8.125 4.0241e-07 4.11841e-07 9.68871e-08 2.54364e-07
8.15 3.8345e-07 3.91926e-07 9.27167e-08 2.42322e-07
8.175 3.65567e-07 3.73175e-07 8.8746e-08 2.3096e-07
8.2 3.48693e-07 3.55514e-07 8.4965e-08 2.20239e-07
8.225 3.32766e-07 3.38873e-07 8.13642e-08 2.10119e-07
8.25 3.17723e-07 3.23189e-07 7.79342e-08 2.00561e-07
8.275 3.03509e-07 3.08397e-07 7.46663e-08 1.91532e-07
8.3 2.90069e-07 2.94441e-07 7.1552e-08 1.82996e-07
8.325 2.77352e-07 2.81263e-07 6.85831e-08 1.74923e-07
8.35 2.6531e-07 2.68811e-07 6.57521e-08 1.67282e-07
8.375 2.53897e-07 2.57037e-07 6.30513e-08 1.60044e-07
8.4 2.4307e-07 2.45893e-07 6.04739e-08 1.53183e-07
8.425 2.32789e-07 2.35335e-07 5.80131e-08 1.46674e-07
8.45 2.23017e-07 2.25324e-07 5.56624e-08 1.40493e-07
8.475 2.13717e-07 2.1582e-07 5.34159e-08 1.34618e-07
8.5 2.04857e-07 2.06788e-07 5.12678e-08 1.29028e-07
8.525 1.96405e-07 1.98195e-07 4.92127e-08 1.23704e-07
8.55 1.88332e-07 1.90009e-07 4.72453e-08 1.18627e-07
8.575 1.80611e-07 1.82202e-07 4.53609e-08 1.13782e-07
8.6 1.73218e-07 1.74747e-07 4.35549e-08 1.09151e-07
8.625 1.66128e-07 1.6762e-07 4.18229e-08 1.04722e-07
8.65 1.59321e-07 1.60798e-07 4.0161e-08 1.00479e-07
8.675 1.52777e-07 1.54259e-07 3.85652e-08 9.64123e-08
8.7 1.46479e-07 1.47986e-07 3.70322e-08 9.25089e-08
8.725 1.40409e-07 1.41959e-07 3.55585e-08 8.87588e-08
8.75 1.34553e-07 1.36164e-07 3.4141e-08 8.51524e-08
8.775 1.28898e-07 1.30585e-07 3.27769e-08 8.16808e-08
8.8 1.23432e-07 1.25209e-07 3.14634e-08 7.83362e-08
8.825 1.18144e-07 1.20024e-07 3.01981e-08 7.51111e-08
8.85 1.13026e-07 1.1502e-07 2.89786e-08 7.19991e-08
8.875 1.08068e-07 1.10185e-07 2.78029e-08 6.89941e-08
8.9 1.03265e-07 1.05513e-07 2.66688e-08 6.60907e-08
8.925 9.86105e-08 1.00993e-07 2.55746e-08 6.3284e-08
8.95 9.40988e-08 9.66207e-08 2.45186e-08 6.05697e-08
8.975 8.9726e-08 9.23884e-08 2.34992e-08 5.79438e-08
9 8.54887e-08 8.82908e-08 2.25149e-08 5.54029e-08
9.025 8.1384e-08 8.4323e-08 2.15645e-08 5.29437e-08
9.05 7.74098e-08 8.04806e-08 2.06467e-08 5.05637e-08
9.075 7.35641e-08 7.676e-08 1.97604e-08 4.82602e-08
9.1 6.98457e-08 7.31577e-08 1.89046e-08 4.60311e-08
9.125 6.62534e-08 6.96709e-08 1.80782e-08 4.38746e-08
9.15 6.27865e-08 6.62971e-08 1.72805e-08 4.17888e-08
9.175 5.94442e-08 6.3034e-08 1.65105e-08 3.97722e-08
9.2 5.62258e-08 5.98797e-08 1.57675e-08 3.78236e-08
9.225 5.31309e-08 5.68325e-08 1.50508e-08 3.59417e-08
9.25 5.01588e-08 5.3891e-08 1.43598e-08 3.41254e-08
9.275 4.73086e-08 5.10537e-08 1.36937e-08 3.23737e-08
9.3 4.45796e-08 4.83194e-08 1.3052e-08 3.06857e-08
9.325 4.19707e-08 4.56871e-08 1.24342e-08 2.90606e-08
9.35 3.94806e-08 4.31555e-08 1.18397e-08 2.74976e-08
9.375 3.71077e-08 4.07236e-08 1.12679e-08 2.59958e-08
9.4 3.48504e-08 3.83903e-08 1.07184e-08 2.45544e-08
9.425 3.27066e-08 3.61546e-08 1.01907e-08 2.31727e-08
9.45 3.0674e-08 3.40152e-08 9.68432e-09 2.18498e-08
9.475 2.87501e-08 3.19711e-08 9.19872e-09 2.05849e-08
9.5 2.69321e-08 3.00208e-08 8.73347e-09 1.93771e-08
9.525 2.52169e-08 2.8163e-08 8.28811e-09 1.82255e-08
9.55 2.36013e-08 2.63962e-08 7.86217e-09 1.71292e-08
9.575 2.20818e-08 2.47188e-08 7.45518e-09 1.6087e-08
9.6 2.06549e-08 2.31291e-08 7.06669e-09 1.50979e-08
9.625 1.93168e-08 2.16252e-08 6.69621e-09 1.41607e-08
9.65 1.80636e-08 2.02052e-08 6.34328e-09 1.32742e-08
9.675 1.68915e-08 1.88669e-08 6.00743e-09 1.24372e-08
9.7 1.57965e-08 1.76082e-08 5.68817e-09 1.16482e-08
9.725 1.47745e-08 1.64268e-08 5.38502e-09 1.09059e-08
9.75 1.38218e-08 1.53202e-08 5.09749e-09 1.02088e-08
9.775 1.29344e-08 1.42858e-08 4.82509e-09 9.55547e-09
9.8 1.21086e-08 1.33212e-08 4.56734e-09 8.94425e-09
9.825 1.13406e-08 1.24235e-08 4.32372e-09 8.3736e-09
9.85 1.06269e-08 1.159e-08 4.09375e-09 7.84187e-09
9.875 9.96417e-09 1.08179e-08 3.87692e-09 7.34741e-09
9.9 9.34911e-09 1.01044e-08 3.67273e-09 6.88856e-09
9.925 8.77869e-09 9.44653e-09 3.48069e-09 6.46361e-09
9.95 8.25005e-09 8.84146e-09 3.30028e-09 6.07087e-09
9.975 7.76051e-09 8.28631e-09 3.13101e-09 5.70866e-09
10 7.30759e-09 7.77821e-09 2.97239e-09 5.3753e-09
10.025 6.88899e-09 7.31431e-09 2.82392e-09 5.06911e-09
10.05 6.5026e-09 6.89183e-09 2.68512e-09 4.78847e-09
10.075 6.14647e-09 6.50803e-09 2.55549e-09 4.53176e-09
10.1 5.81882e-09 6.16024e-09 2.43456e-09 4.2974e-09
10.125 5.51802e-09 5.84586e-09 2.32187e-09 4.08387e-09
10.15 5.24257e-09 5.5624e-09 2.21695e-09 3.88967e-09
10.175 4.99107e-09 5.30742e-09 2.11934e-09 3.71338e-09
10.2 4.76225e-09 5.07861e-09 2.02861e-09 3.55361e-09
10.225 4.55489e-09 4.87376e-09 1.94431e-09 3.40904e-09
10.25 4.36787e-09 4.69076e-09 1.86603e-09 3.27839e-09
10.275 4.20008e-09 4.52762e-09 1.79335e-09 3.16048e-09
10.3 4.05046e-09 4.38244e-09 1.72587e-09 3.05415e-09
10.325 3.91798e-09 4.25346e-09 1.66321e-09 2.95833e-09
10.35 3.8016e-09 4.13901e-09 1.60499e-09 2.872e-09
10.375 3.70026e-09 4.03755e-09 1.55086e-09 2.7942e-09
10.4 3.61292e-09 3.94761e-09 1.50047e-09 2.72404e-09
10.425 3.53849e-09 3.86787e-09 1.45349e-09 2.66068e-09
10.45 3.47587e-09 3.79706e-09 1.40961e-09 2.60334e-09
10.475 3.42391e-09 3.73405e-09 1.36852e-09 2.55128e-09
10.5 3.38146e-09 3.67775e-09 1.32995e-09 2.50385e-09
10.525 3.34731e-09 3.62719e-09 1.29362e-09 2.46041e-09
10.55 3.32027e-09 3.58147e-09 1.25928e-09 2.42038e-09
10.575 3.29911e-09 3.53975e-09 1.2267e-09 2.38322e-09
10.6 3.28257e-09 3.50126e-09 1.19565e-09 2.34845e-09
10.625 3.26945e-09 3.46529e-09 1.16594e-09 2.31561e-09
10.65 3.25851e-09 3.43119e-09 1.13737e-09 2.28428e-09
10.675 3.24856e-09 3.39837e-09 1.10977e-09 2.25407e-09
10.7 3.23844e-09 3.36627e-09 1.08298e-09 2.22462e-09
10.725 3.22705e-09 3.33438e-09 1.05686e-09 2.19562e-09
10.75 3.21334e-09 3.30223e-09 1.03128e-09 2.16675e-09
10.775 3.19634e-09 3.26939e-09 1.00613e-09 2.13776e-09
10.8 3.17515e-09 3.23546e-09 9.81295e-10 2.10838e-09
10.825 3.14899e-09 3.20009e-09 9.56702e-10 2.0784e-09
10.85 3.11717e-09 3.16294e-09 9.32271e-10 2.0476e-09
10.875 3.07912e-09 3.12371e-09 9.0794e-10 2.01583e-09
10.9 3.03439e-09 3.08215e-09 8.83657e-10 1.9829e-09
10.925 2.98265e-09 3.03802e-09 8.59381e-10 1.9487e-09
10.95 2.92368e-09 2.99111e-09 8.35083e-10 1.9131e-09
10.975 2.85743e-09 2.94127e-09 8.10741e-10 1.87601e-09
11 2.78393e-09 2.88836e-09 7.86342e-10 1.83735e-09
11.025 2.70337e-09 2.83229e-09 7.61883e-10 1.79709e-09
11.05 2.61603e-09 2.77299e-09 7.37366e-10 1.75518e-09
11.075 2.52232e-09 2.71045e-09 7.12801e-10 1.71162e-09
11.1 2.42274e-09 2.64467e-09 6.88203e-10 1.66643e-09
11.125 2.3179e-09 2.5757e-09 6.63592e-10 1.61965e-09
11.15 2.20847e-09 2.50364e-09 6.38994e-10 1.57132e-09
11.175 2.0952e-09 2.42861e-09 6.14437e-10 1.52152e-09
11.2 1.9789e-09 2.35077e-09 5.89952e-10 1.47036e-09
11.225 1.86041e-09 2.27033e-09 5.65574e-10 1.41795e-09
11.25 1.74061e-09 2.18751e-09 5.41339e-10 1.36442e-09
11.275 1.62039e-09 2.10258e-09 5.17284e-10 1.30993e-09
11.3 1.50063e-09 2.01582e-09 4.93448e-10 1.25463e-09
11.325 1.38219e-09 1.92757e-09 4.69868e-10 1.19872e-09
11.35 1.26592e-09 1.83816e-09 4.46585e-10 1.14237e-09
11.375 1.15261e-09 1.74795e-09 4.23634e-10 1.08579e-09
11.4 1.04302e-09 1.65733e-09 4.01054e-10 1.02919e-09
11.425 9.37815e-10 1.56669e-09 3.7888e-10 9.72783e-10
11.45 8.37608e-10 1.4764e-09 3.57146e-10 9.16776e-10
11.475 7.42923e-10 1.38689e-09 3.35885e-10 8.61388e-10
11.5 6.54202e-10 1.29854e-09 3.15128e-10 8.06833e-10
11.525 5.71794e-10 1.21174e-09 2.94902e-10 7.53319e-10
11.55 4.95952e-10 1.12686e-09 2.75234e-10 7.01046e-10
11.575 4.26838e-10 1.04427e-09 2.56149e-10 6.50207e-10
11.6 3.64519e-10 9.64297e-10 2.37666e-10 6.00981e-10
11.625 3.08967e-10 8.87267e-10 2.19805e-10 5.53536e-10
11.65 2.60069e-10 8.13461e-10 2.02584e-10 5.08022e-10
11.675 2.17629e-10 7.43134e-10 1.86015e-10 4.64574e-10
11.7 1.81373e-10 6.76506e-10 1.7011e-10 4.23308e-10
11.725 1.50959e-10 6.13761e-10 1.54879e-10 3.8432e-10
11.75 1.25983e-10 5.55046e-10 1.40329e-10 3.47688e-10
11.775 1.05991e-10 5.00467e-10 1.26464e-10 3.13466e-10
11.8 9.04867e-11 4.50091e-10 1.13287e-10 2.81689e-10
11.825 7.89434e-11 4.03946e-10 1.00798e-10 2.52372e-10
11.85 7.08129e-11 3.6202e-10 8.89968e-11 2.25508e-10
11.875 6.55368e-11 3.24262e-10 7.7879e-11 2.01071e-10
11.9 6.25566e-11 2.90589e-10 6.744e-11 1.79014e-10
11.925 6.13237e-11 2.60878e-10 5.76729e-11 1.59276e-10
11.95 6.13082e-11 2.34981e-10 4.85696e-11 1.41775e-10
11.975 6.20084e-11 2.12716e-10 4.01202e-11 1.26418e-10
12 6.2958e-11 1.9388e-10 3.23136e-11 1.13097e-10
12.025 6.37335e-11 1.78247e-10 2.51373e-11 1.01692e-10
12.05 6.39597e-11 1.65574e-10 1.85778e-11 9.20759e-11
12.075 6.33148e-11 1.55606e-10 1.26202e-11 8.41129e-11
12.1 6.15337e-11 1.48076e-10 7.24859e-12 7.76624e-11
12.125 5.84108e-11 1.42715e-10 2.4461e-12 7.25808e-11
12.15 5.38012e-11 1.39252e-10 -1.80512e-12 6.87237e-11
12.175 4.76204e-11 1.37419e-10 -5.52381e-12 6.59475e-11
12.2 3.98438e-11 1.36953e-10 -8.72953e-12 6.4112e-11
12.225 3.05041e-11 1.37605e-10 -1.14426e-11 6.30813e-11
12.25 1.96883e-11 1.39136e-10 -1.36842e-11 6.27261e-11
12.275 7.53349e-12 1.41326e-10 -1.5476e-11 6.29249e-11
12.3 -5.77794e-12 1.43971e-10 -1.68403e-11 6.35654e-11
12.325 -2.0024e-11 1.46891e-10 -1.78001e-11 6.45453e-11
12.35 -3.49495e-11 1.49925e-10 -1.83789e-11 6.57732e-11
12.375 -5.02723e-11 1.5294e-10 -1.86004e-11 6.71696e-11
12.4 -6.56907e-11 1.55822e-10 -1.84889e-11 6.86667e-11
12.425 -8.08907e-11 1.58487e-10 -1.80689e-11 7.02089e-11
12.45 -9.55528e-11 1.6087e-10 -1.73652e-11 7.17526e-11
12.475 -1.0936e-10 1.62934e-10 -1.64027e-11 7.32659e-11
12.5 -1.22002e-10 1.64663e-10 -1.52064e-11 7.47283e-11
12.525 -1.33187e-10 1.66061e-10 -1.38012e-11 7.61297e-11
12.55 -1.42642e-10 1.67152e-10 -1.22119e-11 7.74699e-11
12.575 -1.50123e-10 1.67978e-10 -1.04632e-11 7.87572e-11
12.6 -1.55418e-10 1.68595e-10 -8.57938e-12 8.00078e-11
12.625 -1.58349e-10 1.69073e-10 -6.58434e-12 8.12441e-11
12.65 -1.5878e-10 1.69489e-10 -4.50147e-12 8.24936e-11
12.675 -1.56616e-10 1.69929e-10 -2.35355e-12 8.37878e-11
12.7 -1.51809e-10 1.70483e-10 -1.62645e-13 8.51603e-11
12.725 -1.44353e-10 1.71242e-10 2.05e-12 8.66461e-11
12.75 -1.34288e-10 1.72295e-10 4.26405e-12 8.82798e-11
12.775 -1.21701e-10 1.73729e-10 6.46015e-12 9.00945e-11
12.8 -1.06719e-10 1.75622e-10 8.62007e-12 9.21209e-11
12.825 -8.95113e-11 1.78045e-10 1.07267e-11 9.43857e-11
12.85 -7.02857e-11 1.81058e-10 1.27642e-11 9.6911e-11
12.875 -4.92832e-11 1.84708e-10 1.47181e-11 9.97133e-11
12.9 -2.67753e-11 1.89031e-10 1.65752e-11 1.02803e-10
12.925 -3.05905e-12 1.94044e-10 1.83238e-11 1.06184e-10
12.95 2.15483e-11 1.99751e-10 1.99534e-11 1.09852e-10
12.975 4.6714e-11 2.0614e-10 2.14553e-11 1.13798e-10
13 7.2096e-11 2.13181e-10 2.2822e-11 1.18002e-10
13.025 9.7348e-11 2.20831e-10 2.40477e-11 1.22439e-10
13.05 1.22125e-10 2.29029e-10 2.5128e-11 1.27078e-10
13.075 1.4609e-10 2.377e-10 2.60597e-11 1.3188e-10
13.1 1.68917e-10 2.46758e-10 2.68413e-11 1.368e-10
13.125 1.90298e-10 2.56103e-10 2.74726e-11 1.41788e-10
13.15 2.09948e-10 2.65625e-10 2.79545e-11 1.4679e-10
13.175 2.27606e-10 2.75207e-10 2.82894e-11 1.51748e-10
13.2 2.43043e-10 2.84725e-10 2.84806e-11 1.56603e-10
13.225 2.56063e-10 2.9405e-10 2.85325e-11 1.61291e-10
13.25 2.66507e-10 3.03054e-10 2.84507e-11 1.65752e-10
13.275 2.74251e-10 3.11605e-10 2.82414e-11 1.69923e-10
13.3 2.79214e-10 3.19578e-10 2.79117e-11 1.73745e-10
13.325 2.81354e-10 3.26851e-10 2.74692e-11 1.7716e-10
13.35 2.80669e-10 3.33307e-10 2.69221e-11 1.80115e-10
13.375 2.77198e-10 3.38842e-10 2.62793e-11 1.82561e-10
13.4 2.71018e-10 3.4336e-10 2.55496e-11 1.84455e-10
13.425 2.62244e-10 3.46778e-10 2.47423e-11 1.8576e-10
13.45 2.51026e-10 3.49028e-10 2.38666e-11 1.86447e-10
13.475 2.37547e-10 3.50055e-10 2.29318e-11 1.86493e-10
13.5 2.22017e-10 3.49823e-10 2.19472e-11 1.85885e-10
13.525 2.04675e-10 3.4831e-10 2.09216e-11 1.84616e-10
13.55 1.8578e-10 3.45514e-10 1.98639e-11 1.82689e-10
13.575 1.65609e-10 3.41449e-10 1.87824e-11 1.80116e-10
13.6 1.44452e-10 3.36146e-10 1.7685e-11 1.76916e-10
13.625 1.2261e-10 3.29654e-10 1.6579e-11 1.73116e-10
13.65 1.00386e-10 3.22036e-10 1.54716e-11 1.68754e-10
13.675 7.80858e-11 3.13374e-10 1.43689e-11 1.63871e-10
13.7 5.60092e-11 3.0376e-10 1.32766e-11 1.58518e-10
13.725 3.44482e-11 2.93303e-10 1.21999e-11 1.52752e-10
13.75 1.36825e-11 2.8212e-10 1.11431e-11 1.46632e-10
13.775 -6.02468e-12 2.70339e-10 1.01101e-11 1.40224e-10
13.8 -2.44294e-11 2.58094e-10 9.10403e-12 1.33599e-10
13.825 -4.13106e-11 2.45528e-10 8.12735e-12 1.26828e-10
13.85 -5.64727e-11 2.32784e-10 7.182e-12 1.19983e-10
13.875 -6.97475e-11 2.20008e-10 6.26934e-12 1.13139e-10
13.9 -8.09964e-11 2.07347e-10 5.39017e-12 1.06369e-10
13.925 -9.01118e-11 1.94944e-10 4.54481e-12 9.97443e-11
13.95 -9.70177e-11 1.82937e-10 3.73314e-12 9.33349e-11
13.975 -1.0167e-10 1.71458e-10 2.95462e-12 8.72062e-11
14 -1.04058e-10 1.60631e-10 2.2084e-12 8.14197e-11
14.025 -1.04201e-10 1.50571e-10 1.49334e-12 7.60321e-11
14.05 -1.02149e-10 1.41379e-10 8.08046e-13 7.10938e-11
14.075 -9.79832e-11 1.33147e-10 1.50983e-13 6.66491e-11
14.1 -9.18107e-11 1.2595e-10 -4.79514e-13 6.27352e-11
14.125 -8.3765e-11 1.19849e-10 -1.08517e-12 5.93819e-11
14.15 -7.40024e-11 1.14891e-10 -1.66771e-12 5.66115e-11
14.175 -6.27e-11 1.11105e-10 -2.22883e-12 5.44381e-11
14.2 -5.00523e-11 1.08506e-10 -2.77015e-12 5.28679e-11
14.225 -3.62686e-11 1.07092e-10 -3.29313e-12 5.18992e-11
14.25 -2.15695e-11 1.06844e-10 -3.7991e-12 5.15225e-11
14.275 -6.18382e-12 1.0773e-10 -4.2892e-12 5.17206e-11
14.3 9.65486e-12 1.09702e-10 -4.76433e-12 5.2469e-11
14.325 2.57114e-11 1.12698e-10 -5.22518e-12 5.37366e-11
14.35 4.17523e-11 1.16644e-10 -5.67218e-12 5.54858e-11
14.375 5.75491e-11 1.21453e-10 -6.1055e-12 5.76736e-11
14.4 7.2881e-11 1.27029e-10 -6.52506e-12 6.02518e-11
14.425 8.7538e-11 1.33267e-10 -6.93054e-12 6.3168e-11
14.45 1.01323e-10 1.40054e-10 -7.32135e-12 6.63664e-11
14.475 1.14056e-10 1.47273e-10 -7.6967e-12 6.97884e-11
14.5 1.25572e-10 1.54803e-10 -8.05557e-12 7.33737e-11
14.525 1.35729e-10 1.62519e-10 -8.39678e-12 7.7061e-11
14.55 1.44404e-10 1.70297e-10 -8.71897e-12 8.07889e-11
14.575 1.51496e-10 1.78014e-10 -9.02066e-12 8.44967e-11
14.6 1.56928e-10 1.8555e-10 -9.30029e-12 8.8125e-11
14.625 1.60647e-10 1.9279e-10 -9.55623e-12 9.16171e-11
14.65 1.62624e-10 1.99625e-10 -9.78683e-12 9.49189e-11
14.675 1.62853e-10 2.05951e-10 -9.99046e-12 9.79803e-11
14.7 1.61352e-10 2.11676e-10 -1.01656e-11 1.00755e-10
14.725 1.58162e-10 2.16716e-10 -1.03106e-11 1.03203e-10
14.75 1.53344e-10 2.20998e-10 -1.04243e-11 1.05287e-10
14.775 1.46983e-10 2.24461e-10 -1.05054e-11 1.06978e-10
14.8 1.39179e-10 2.27056e-10 -1.05529e-11 1.08252e-10
14.825 1.30051e-10 2.28746e-10 -1.05661e-11 1.0909e-10
14.85 1.19736e-10 2.29507e-10 -1.05443e-11 1.09481e-10
14.875 1.08379e-10 2.29328e-10 -1.04874e-11 1.09421e-10
14.9 9.61408e-11 2.28213e-10 -1.03954e-11 1.08909e-10
14.925 8.31892e-11 2.26177e-10 -1.02686e-11 1.07954e-10
14.95 6.9699e-11 2.23246e-10 -1.01077e-11 1.06569e-10
14.975 5.58494e-11 2.19459e-10 -9.91358e-12 1.04773e-10
15 4.18214e-11 2.14868e-10 -9.68763e-12 1.0259e-10
15.025 2.77959e-11 2.09533e-10 -9.43145e-12 1.00051e-10
15.05 1.3951e-11 2.03523e-10 -9.14697e-12 9.71878e-11
15.075 4.60043e-13 1.96915e-10 -8.83642e-12 9.40395e-11
15.1 -1.25103e-11 1.89796e-10 -8.50232e-12 9.0647e-11
15.125 -2.48024e-11 1.82256e-10 -8.14746e-12 8.70543e-11
15.15 -3.62688e-11 1.7439e-10 -7.77487e-12 8.33076e-11
15.175 -4.67746e-11 1.66297e-10 -7.38778e-12 7.94546e-11
15.2 -5.61983e-11 1.58077e-10 -6.98964e-12 7.55439e-11
15.225 -6.44333e-11 1.49832e-10 -6.58401e-12 7.16242e-11
15.25 -7.13887e-11 1.41662e-10 -6.1746e-12 6.77439e-11
15.275 -7.69905e-11 1.33666e-10 -5.76519e-12 6.39504e-11
15.3 -8.11818e-11 1.25938e-10 -5.35959e-12 6.02894e-11
15.325 -8.39233e-11 1.18571e-10 -4.96164e-12 5.68045e-11
15.35 -8.51936e-11 1.11648e-10 -4.57512e-12 5.35365e-11
15.375 -8.49891e-11 1.0525e-10 -4.20376e-12 5.05231e-11
15.4 -8.33234e-11 9.94475e-11 -3.85115e-12 4.77982e-11
15.425 -8.02274e-11 9.43045e-11 -3.52076e-12 4.53919e-11
15.45 -7.57482e-11 8.98755e-11 -3.21584e-12 4.33298e-11
15.475 -6.99485e-11 8.62058e-11 -2.93945e-12 4.16332e-11
15.5 -6.29056e-11 8.33309e-11 -2.69438e-12 4.03183e-11
15.525 -5.471e-11 8.12761e-11 -2.48314e-12 3.93965e-11
15.55 -4.54647e-11 8.00564e-11 -2.30793e-12 3.88742e-11
15.575 -3.52832e-11 7.96765e-11 -2.17062e-12 3.87529e-11
15.6 -2.42886e-11 8.01308e-11 -2.07273e-12 3.9029e-11
15.625 -1.26115e-11 8.14037e-11 -2.0154e-12 3.96942e-11
15.65 -3.89007e-13 8.34699e-11 -1.9994e-12 4.07352e-11
15.675 1.22374e-11 8.62947e-11 -2.0251e-12 4.21348e-11
15.7 2.51231e-11 8.98347e-11 -2.09246e-12 4.38711e-11
15.725 3.81223e-11 9.40384e-11 -2.20107e-12 4.59187e-11
15.75 5.10895e-11 9.88469e-11 -2.35009e-12 4.82484e-11
15.775 6.38811e-11 1.04195e-10 -2.53832e-12 5.08282e-11
15.8 7.63567e-11 1.10011e-10 -2.76415e-12 5.36232e-11
15.825 8.8381e-11 1.16218e-10 -3.02562e-12 5.65964e-11
15.85 9.98249e-11 1.22738e-10 -3.32042e-12 5.97089e-11
15.875 1.10567e-10 1.29487e-10 -3.64589e-12 6.29207e-11
15.9 1.20493e-10 1.36381e-10 -3.99909e-12 6.61908e-11
15.925 1.29502e-10 1.43333e-10 -4.37676e-12 6.94782e-11
15.95 1.375e-10 1.50259e-10 -4.77542e-12 7.27418e-11
15.975 1.44406e-10 1.57074e-10 -5.19134e-12 7.59414e-11
16 1.50152e-10 1.63696e-10 -5.62059e-12 7.90378e-11
16.025 1.54681e-10 1.70046e-10 -6.05911e-12 8.19935e-11
16.05 1.57951e-10 1.76049e-10 -6.50268e-12 8.4773e-11
16.075 1.59931e-10 1.81633e-10 -6.947e-12 8.73431e-11
16.1 1.60607e-10 1.86735e-10 -7.38772e-12 8.96734e-11
16.125 1.59974e-10 1.91294e-10 -7.82044e-12 9.17368e-11
16.15 1.58044e-10 1.95259e-10 -8.24082e-12 9.35093e-11
16.175 1.54841e-10 1.98586e-10 -8.64451e-12 9.49707e-11
16.2 1.50401e-10 2.01237e-10 -9.02729e-12 9.61046e-11
16.225 1.44772e-10 2.03182e-10 -9.38504e-12 9.68987e-11
16.25 1.38015e-10 2.04403e-10 -9.71376e-12 9.73446e-11
16.275 1.30201e-10 2.04886e-10 -1.00097e-11 9.74383e-11
16.3 1.21411e-10 2.04629e-10 -1.02691e-11 9.71801e-11
16.325 1.11736e-10 2.03637e-10 -1.04888e-11 9.65743e-11
16.35 1.01274e-10 2.01925e-10 -1.06656e-11 9.56295e-11
16.375 9.0131e-11 1.99513e-10 -1.07966e-11 9.43584e-11
16.4 7.84197e-11 1.96434e-10 -1.08793e-11 9.27776e-11
16.425 6.62574e-11 1.92726e-10 -1.09115e-11 9.09073e-11
16.45 5.37659e-11 1.88434e-10 -1.08912e-11 8.87716e-11
16.475 4.10699e-11 1.83612e-10 -1.08168e-11 8.63975e-11
16.5 2.82962e-11 1.78318e-10 -1.06871e-11 8.38155e-11
16.525 1.55723e-11 1.72618e-10 -1.05012e-11 8.10585e-11
16.55 3.02575e-12 1.66582e-10 -1.02586e-11 7.81619e-11
16.575 -9.21742e-12 1.60286e-10 -9.95899e-12 7.51634e-11
16.6 -2.10332e-11 1.53807e-10 -9.6026e-12 7.21022e-11
16.625 -3.2301e-11 1.47228e-10 -9.18991e-12 6.90191e-11
16.65 -4.2904e-11 1.40633e-10 -8.72174e-12 6.59558e-11
16.675 -5.27308e-11 1.34108e-10 -8.19923e-12 6.29546e-11
16.7 -6.16754e-11 1.2774e-10 -7.62386e-12 6.00582e-11
16.725 -6.96386e-11 1.21616e-10 -6.99738e-12 5.73092e-11
16.75 -7.65281e-11 1.15821e-10 -6.32184e-12 5.47497e-11
16.775 -8.22596e-11 1.10441e-10 -5.59955e-12 5.24209e-11
16.8 -8.6757e-11 1.05559e-10 -4.83308e-12 5.0363e-11
16.825 -8.99527e-11 1.01255e-10 -4.02522e-12 4.86147e-11
16.85 -9.17884e-11 9.76045e-11 -3.17896e-12 4.72128e-11
16.875 -9.2215e-11 9.46815e-11 -2.29748e-12 4.6192e-11
16.9 -9.1193e-11 9.25537e-11 -1.38413e-12 4.55848e-11
16.925 -8.86925e-11 9.12844e-11 -4.42395e-13 4.5421e-11
16.95 -8.46933e-11 9.0931e-11 5.24134e-13 4.57275e-11
16.975 -7.91847e-11 9.15451e-11 1.51176e-12 4.65284e-11
17 -7.21659e-11 9.31723e-11 2.51672e-12 4.78445e-11
17.025 -6.36451e-11 9.58511e-11 3.53522e-12 4.96932e-11
17.05 -5.36399e-11 9.96136e-11 4.56341e-12 5.20885e-11
17.075 -4.21768e-11 1.04485e-10 5.59748e-12 5.50411e-11
17.1 -2.92906e-11 1.10482e-10 6.6336e-12 5.85578e-11
17.125 -1.50244e-11 1.17616e-10 7.66802e-12 6.26421e-11
17.15 5.71057e-13 1.25891e-10 8.69703e-12 6.72938e-11
17.175 1.74379e-11 1.35301e-10 9.717e-12 7.2509e-11
17.2 3.55114e-11 1.45837e-10 1.07244e-11 7.82806e-11
17.225 5.47208e-11 1.5748e-10 1.17159e-11 8.45979e-11
17.25 7.49899e-11 1.70205e-10 1.26881e-11 9.14468e-11
17.275 9.62373e-11 1.83982e-10 1.36379e-11 9.88101e-11
17.3 1.18377e-10 1.98773e-10 1.45623e-11 1.06668e-10
17.325 1.4132e-10 2.14533e-10 1.54587e-11 1.14996e-10
17.35 1.64974e-10 2.31215e-10 1.63242e-11 1.2377e-10
17.375 1.89243e-10 2.48764e-10 1.71565e-11 1.3296e-10
17.4 2.14031e-10 2.6712e-10 1.79533e-11 1.42536e-10
17.425 2.39239e-10 2.8622e-10 1.87126e-11 1.52466e-10
17.45 2.64768e-10 3.05996e-10 1.94326e-11 1.62714e-10
17.475 2.90518e-10 3.26378e-10 2.01115e-11 1.73245e-10
17.5 3.16393e-10 3.47292e-10 2.07481e-11 1.8402e-10
17.525 3.42292e-10 3.68661e-10 2.13411e-11 1.95001e-10
17.55 3.68121e-10 3.90406e-10 2.18894e-11 2.06148e-10
17.575 3.93785e-10 4.12448e-10 2.23923e-11 2.1742e-10
17.6 4.19193e-10 4.34706e-10 2.28493e-11 2.28778e-10
17.625 4.44254e-10 4.57097e-10 2.32598e-11 2.40178e-10
17.65 4.68883e-10 4.7954e-10 2.36237e-11 2.51582e-10
17.675 4.92999e-10 5.01953e-10 2.39409e-11 2.62947e-10
17.7 5.16522e-10 5.24256e-10 2.42118e-11 2.74234e-10
17.725 5.3938e-10 5.46368e-10 2.44365e-11 2.85402e-10
17.75 5.61501e-10 5.68213e-10 2.46157e-11 2.96414e-10
17.775 5.82821e-10 5.89714e-10 2.47499e-11 3.07232e-10
17.8 6.03279e-10 6.10798e-10 2.484e-11 3.17819e-10
17.825 6.22821e-10 6.31393e-10 2.48869e-11 3.2814e-10
17.85 6.41397e-10 6.51432e-10 2.48918e-11 3.38162e-10
17.875 6.58961e-10 6.7085e-10 2.48557e-11 3.47853e-10
17.9 6.75473e-10 6.89585e-10 2.47802e-11 3.57183e-10
17.925 6.909e-10 7.0758e-10 2.46664e-11 3.66123e-10
17.95 7.05211e-10 7.24782e-10 2.45159e-11 3.74649e-10
17.975 7.18383e-10 7.41141e-10 2.43304e-11 3.82736e-10
18 7.30396e-10 7.56612e-10 2.41114e-11 3.90362e-10
18.025 7.41236e-10 7.71153e-10 2.38606e-11 3.97507e-10
18.05 7.50894e-10 7.84728e-10 2.35797e-11 4.04154e-10
18.075 7.59365e-10 7.97305e-10 2.32706e-11 4.10288e-10
18.1 7.6665e-10 8.08857e-10 2.2935e-11 4.15896e-10
18.125 7.72752e-10 8.19359e-10 2.25748e-11 4.20967e-10
18.15 7.7768e-10 8.28793e-10 2.21917e-11 4.25492e-10
18.175 7.81448e-10 8.37145e-10 2.17877e-11 4.29466e-10
18.2 7.8407e-10 8.44404e-10 2.13645e-11 4.32884e-10
18.225 7.85568e-10 8.50565e-10 2.09239e-11 4.35745e-10
18.25 7.85964e-10 8.55627e-10 2.04677e-11 4.38047e-10
18.275 7.85285e-10 8.5959e-10 1.99978e-11 4.39794e-10
18.3 7.8356e-10 8.62462e-10 1.95158e-11 4.40989e-10
18.325 7.8082e-10 8.64252e-10 1.90234e-11 4.41637e-10
18.35 7.771e-10 8.64973e-10 1.85222e-11 4.41748e-10
18.375 7.72436e-10 8.64642e-10 1.80139e-11 4.41328e-10
18.4 7.66865e-10 8.63279e-10 1.74999e-11 4.4039e-10
18.425 7.60428e-10 8.60907e-10 1.69819e-11 4.38944e-10
18.45 7.53166e-10 8.57551e-10 1.64611e-11 4.37006e-10
18.475 7.45121e-10 8.53239e-10 1.5939e-11 4.34589e-10
18.5 7.36335e-10 8.48001e-10 1.54168e-11 4.31709e-10
18.525 7.26853e-10 8.41871e-10 1.48959e-11 4.28383e-10
18.55 7.16719e-10 8.34881e-10 1.43773e-11 4.24629e-10
18.575 7.05978e-10 8.2707e-10 1.38622e-11 4.20466e-10
18.6 6.94673e-10 8.18472e-10 1.33515e-11 4.15912e-10
18.625 6.8285e-10 8.09129e-10 1.28463e-11 4.10988e-10
18.65 6.70553e-10 7.99079e-10 1.23474e-11 4.05713e-10
18.675 6.57826e-10 7.88363e-10 1.18557e-11 4.00109e-10
18.7 6.44713e-10 7.77022e-10 1.1372e-11 3.94197e-10
18.725 6.31254e-10 7.65098e-10 1.08968e-11 3.87998e-10
18.75 6.17494e-10 7.52634e-10 1.04308e-11 3.81532e-10
18.775 6.03471e-10 7.3967e-10 9.97463e-12 3.74822e-10
18.8 5.89227e-10 7.2625e-10 9.52873e-12 3.67889e-10
18.825 5.74799e-10 7.12414e-10 9.09354e-12 3.60754e-10
18.85 5.60225e-10 6.98205e-10 8.66945e-12 3.53437e-10
18.875 5.4554e-10 6.83663e-10 8.25678e-12 3.4596e-10
18.9 5.3078e-10 6.68829e-10 7.85578e-12 3.38342e-10
18.925 5.15978e-10 6.53741e-10 7.46669e-12 3.30604e-10
18.95 5.01165e-10 6.3844e-10 7.08966e-12 3.22765e-10
18.975 4.86371e-10 6.22961e-10 6.72481e-12 3.14843e-10
19 4.71625e-10 6.07342e-10 6.37222e-12 3.06857e-10
19.025 4.56954e-10 5.91617e-10 6.03193e-12 2.98825e-10
19.05 4.42383e-10 5.75822e-10 5.70393e-12 2.90763e-10
19.075 4.27937e-10 5.59989e-10 5.38817e-12 2.82689e-10
19.1 4.13637e-10 5.44149e-10 5.08459e-12 2.74617e-10
19.125 3.99504e-10 5.28333e-10 4.79308e-12 2.66563e-10
19.15 3.85558e-10 5.12568e-10 4.5135e-12 2.58541e-10
19.175 3.71816e-10 4.96883e-10 4.24569e-12 2.50564e-10
19.2 3.58294e-10 4.81302e-10 3.98947e-12 2.42646e-10
19.225 3.45007e-10 4.65851e-10 3.74463e-12 2.34798e-10
19.25 3.31968e-10 4.50552e-10 3.51094e-12 2.27031e-10
19.275 3.19188e-10 4.35425e-10 3.28817e-12 2.19357e-10
19.3 3.0668e-10 4.20491e-10 3.07604e-12 2.11784e-10
19.325 2.9445e-10 4.05768e-10 2.8743e-12 2.04321e-10
19.35 2.82509e-10 3.91273e-10 2.68265e-12 1.96978e-10
19.375 2.70861e-10 3.7702e-10 2.50081e-12 1.89761e-10
19.4 2.59513e-10 3.63025e-10 2.32848e-12 1.82677e-10
19.425 2.48469e-10 3.49298e-10 2.16534e-12 1.75732e-10
19.45 2.37733e-10 3.35853e-10 2.0111e-12 1.68932e-10
19.475 2.27307e-10 3.22697e-10 1.86544e-12 1.62281e-10
19.5 2.17193e-10 3.09841e-10 1.72803e-12 1.55784e-10
19.525 2.0739e-10 2.97291e-10 1.59858e-12 1.49445e-10
19.55 1.979e-10 2.85053e-10 1.47676e-12 1.43265e-10
19.575 1.8872e-10 2.73133e-10 1.36226e-12 1.37248e-10
19.6 1.79849e-10 2.61535e-10 1.25477e-12 1.31395e-10
19.625 1.71285e-10 2.50262e-10 1.15398e-12 1.25708e-10
19.65 1.63025e-10 2.39315e-10 1.0596e-12 1.20187e-10
19.675 1.55065e-10 2.28696e-10 9.71327e-13 1.14834e-10
19.7 1.474e-10 2.18405e-10 8.88866e-13 1.09647e-10
19.725 1.40028e-10 2.08442e-10 8.11937e-13 1.04627e-10
19.75 1.32941e-10 1.98805e-10 7.4026e-13 9.97726e-11
19.775 1.26136e-10 1.89492e-10 6.73566e-13 9.50827e-11
19.8 1.19606e-10 1.805e-10 6.11592e-13 9.05559e-11
19.825 1.13346e-10 1.71827e-10 5.54082e-13 8.61904e-11
19.85 1.07348e-10 1.63467e-10 5.00792e-13 8.1984e-11
19.875 1.01607e-10 1.55418e-10 4.51481e-13 7.79346e-11
19.9 9.61163e-11 1.47673e-10 4.05921e-13 7.40395e-11
19.925 9.08686e-11 1.40228e-10 3.6389e-13 7.0296e-11
19.95 8.58571e-11 1.33077e-10 3.25175e-13 6.67012e-11
19.975 8.10749e-11 1.26215e-10 2.89573e-13 6.3252e-11
20 7.65148e-11 1.19633e-10 2.56887e-13 5.99452e-11
