0 0.260701 0.260705 -0.00157512 0.129565
0.025 0.260701 0.260705 -0.00157512 0.129565
0.05 0.260644 0.260661 -0.00157641 0.129542
0.075 0.260548 0.260586 -0.00157855 0.129504
0.1 0.260414 0.260481 -0.00158152 0.12945
0.125 0.260241 0.260344 -0.00158531 0.12938
0.15 0.260029 0.260177 -0.00158988 0.129294
0.175 0.259776 0.259978 -0.00159521 0.129191
0.2 0.259484 0.259745 -0.00160125 0.129072
0.225 0.25915 0.259479 -0.00160798 0.128936
0.25 0.258774 0.259179 -0.00161533 0.128782
0.275 0.258355 0.258842 -0.00162326 0.12861
0.3 0.257893 0.258469 -0.00163171 0.128419
0.325 0.257386 0.258057 -0.00164063 0.128208
0.35 0.256834 0.257606 -0.00164994 0.127978
0.375 0.256235 0.257115 -0.00165958 0.127728
0.4 0.255589 0.25658 -0.00166948 0.127455
0.425 0.254894 0.256002 -0.00167956 0.127161
0.45 0.254149 0.255379 -0.00168975 0.126845
0.475 0.253352 0.254709 -0.00169998 0.126505
0.5 0.252504 0.25399 -0.00171015 0.12614
0.525 0.251602 0.253222 -0.00172019 0.125751
0.55 0.250646 0.252402 -0.00173003 0.125336
0.575 0.249634 0.251529 -0.00173957 0.124895
0.6 0.248566 0.250601 -0.00174873 0.124426
0.625 0.247439 0.249617 -0.00175744 0.12393
0.65 0.246255 0.248576 -0.00176561 0.123405
0.675 0.24501 0.247475 -0.00177316 0.122851
0.7 0.243706 0.246315 -0.00178002 0.122267
0.725 0.24234 0.245093 -0.00178611 0.121653
0.75 0.240912 0.243808 -0.00179135 0.121008
0.775 0.239421 0.24246 -0.00179568 0.120332
0.8 0.237867 0.241047 -0.00179903 0.119624
0.825 0.23625 0.239569 -0.00180133 0.118884
0.85 0.234569 0.238024 -0.00180253 0.118111
0.875 0.232824 0.236413 -0.00180256 0.117305
0.9 0.231015 0.234735 -0.00180137 0.116467
0.925 0.229142 0.232989 -0.00179893 0.115595
0.95 0.227205 0.231175 -0.00179517 0.11469
0.975 0.225204 0.229293 -0.00179008 0.113751
1 0.22314 0.227343 -0.0017836 0.11278
1.025 0.221013 0.225326 -0.00177572 0.111775
1.05 0.218824 0.223242 -0.00176641 0.110738
1.075 0.216574 0.221092 -0.00175566 0.109668
1.1 0.214264 0.218876 -0.00174345 0.108566
1.125 0.211894 0.216594 -0.00172977 0.107432
1.15 0.209467 0.214249 -0.00171463 0.106267
1.175 0.206983 0.211841 -0.00169803 0.105072
1.2 0.204444 0.209372 -0.00167997 0.103846
1.225 0.201852 0.206843 -0.00166048 0.102591
1.25 0.199208 0.204256 -0.00163957 0.101308
1.275 0.196514 0.201612 -0.00161727 0.0999975
1.3 0.193772 0.198914 -0.00159361 0.0986603
1.325 0.190984 0.196164 -0.00156862 0.0972975
1.35 0.188153 0.193363 -0.00154234 0.0959102
1.375 0.18528 0.190514 -0.00151482 0.0944995
1.4 0.182368 0.187619 -0.0014861 0.0930666
1.425 0.17942 0.184682 -0.00145623 0.0916128
1.45 0.176438 0.181704 -0.00142528 0.0901393
1.475 0.173424 0.178688 -0.00139328 0.0886475
1.5 0.170382 0.175638 -0.00136032 0.0871387
1.525 0.167313 0.172555 -0.00132645 0.0856143
1.55 0.164222 0.169443 -0.00129174 0.0840758
1.575 0.16111 0.166305 -0.00125626 0.0825246
1.6 0.157981 0.163144 -0.00122007 0.0809622
1.625 0.154837 0.159963 -0.00118326 0.0793901
1.65 0.151682 0.156765 -0.00114589 0.0778098
1.675 0.148517 0.153554 -0.00110804 0.0762228
1.7 0.145347 0.150331 -0.00106978 0.0746308
1.725 0.142174 0.147101 -0.00103119 0.0730351
1.75 0.139001 0.143867 -0.00099234 0.0714374
1.775 0.135831 0.140632 -0.00095331 0.0698392
1.8 0.132666 0.137398 -0.000914173 0.0682419
1.825 0.12951 0.134169 -0.000875002 0.0666471
1.85 0.126365 0.130948 -0.00083587 0.0650562
1.875 0.123234 0.127738 -0.000796848 0.0634707
1.9 0.12012 0.124542 -0.000758005 0.061892
1.925 0.117024 0.121362 -0.00071941 0.0603214
1.95 0.113951 0.118202 -0.000681127 0.0587605
1.975 0.110901 0.115064 -0.000643221 0.0572104
2 0.107878 0.111951 -0.000605753 0.0556724
2.025 0.104884 0.108865 -0.000568781 0.0541479
2.05 0.101921 0.105808 -0.000532361 0.0526379
2.075 0.0989914 0.102784 -0.000496546 0.0511437
2.1 0.0960966 0.0997939 -0.000461386 0.0496663
2.125 0.0932388 0.0968404 -0.000426928 0.0482067
2.15 0.0904199 0.0939253 -0.000393216 0.046766
2.175 0.0876415 0.0910506 -0.000360291 0.0453451
2.2 0.0849053 0.088218 -0.00032819 0.0439449
2.225 0.0822128 0.0854294 -0.000296947 0.0425662
2.25 0.0795653 0.0826861 -0.000266593 0.0412098
2.275 0.0769641 0.0799898 -0.000237155 0.0398763
2.3 0.0744105 0.0773417 -0.000208658 0.0385665
2.325 0.0719054 0.074743 -0.000181121 0.037281
2.35 0.0694498 0.0721949 -0.000154564 0.0360202
2.375 0.0670446 0.0696983 -0.000128999 0.0347846
2.4 0.0646905 0.0672541 -0.000104439 0.0335748
2.425 0.0623881 0.064863 -8.08909e-05 0.032391
2.45 0.060138 0.0625257 -5.83607e-05 0.0312336
2.475 0.0579406 0.0602426 -3.68504e-05 0.0301029
2.5 0.0557962 0.0580143 -1.63594e-05 0.028999
2.525 0.0537051 0.055841 3.11535e-06 0.0279221
2.55 0.0516674 0.0537229 2.15797e-05 0.0268722
2.575 0.0496832 0.0516602 3.90418e-05 0.0258496
2.6 0.0477524 0.0496528 5.55123e-05 0.0248542
2.625 0.0458749 0.0477007 7.10037e-05 0.0238858
2.65 0.0440506 0.0458036 8.55308e-05 0.0229446
2.675 0.042279 0.0439615 9.91103e-05 0.0220303
2.7 0.0405599 0.0421738 0.000111761 0.0211428
2.725 0.0388929 0.0404402 0.000123502 0.0202819
2.75 0.0372775 0.0387602 0.000134355 0.0194473
2.775 0.035713 0.0371333 0.000144344 0.0186388
2.8 0.0341989 0.0355588 0.000153492 0.0178562
2.825 0.0327346 0.0340361 0.000161824 0.017099
2.85 0.0313193 0.0325644 0.000169367 0.0163669
2.875 0.0299522 0.0311429 0.000176147 0.0156595
2.9 0.0286325 0.0297709 0.000182191 0.0149765
2.925 0.0273595 0.0284473 0.000187529 0.0143174
2.95 0.0261321 0.0271714 0.000192188 0.0136818
2.975 0.0249496 0.0259421 0.000196197 0.0130691
3 0.0238109 0.0247585 0.000199585 0.012479
3.025 0.0227151 0.0236195 0.000202381 0.011911
3.05 0.0216611 0.0225242 0.000204614 0.0113644
3.075 0.0206481 0.0214715 0.000206312 0.0108389
3.1 0.0196749 0.0204603 0.000207506 0.0103339
3.125 0.0187406 0.0194895 0.000208222 0.00984886
3.15 0.017844 0.0185581 0.000208489 0.00938327
3.175 0.0169842 0.0176648 0.000208334 0.00893659
3.2 0.01616 0.0168088 0.000207785 0.00850828
3.225 0.0153705 0.0159888 0.000206868 0.00809781
3.25 0.0146146 0.0152037 0.000205609 0.00770464
3.275 0.0138912 0.0144524 0.000204032 0.00732822
3.3 0.0131992 0.0137339 0.000202163 0.00696803
3.325 0.0125378 0.0130471 0.000200024 0.00662354
3.35 0.0119057 0.0123908 0.00019764 0.00629422
3.375 0.0113021 0.0117641 0.000195031 0.00597956
3.4 0.0107259 0.0111659 0.00019222 0.00567904
3.425 0.0101762 0.0105951 0.000189226 0.00539216
3.45 0.00965186 0.0100508 0.00018607 0.00511842
3.475 0.00915208 0.00953192 0.000182769 0.00485734
3.5 0.00867589 0.00903753 0.000179341 0.00460844
3.525 0.00822237 0.00856667 0.000175804 0.00437124
3.55 0.00779062 0.00811841 0.000172174 0.00414529
3.575 0.00737978 0.00769182 0.000168464 0.00393014
3.6 0.00698899 0.00728603 0.000164691 0.00372536
3.625 0.00661742 0.00690017 0.000160867 0.00353052
3.65 0.00626428 0.0065334 0.000157005 0.0033452
3.675 0.00592876 0.0061849 0.000153117 0.00316901
3.7 0.00561012 0.00585389 0.000149213 0.00300155
3.725 0.00530761 0.00553958 0.000145305 0.00284244
3.75 0.00502051 0.00524124 0.000141401 0.00269132
3.775 0.00474814 0.00495815 0.00013751 0.00254783
3.8 0.00448983 0.00468961 0.00013364 0.00241163
3.825 0.00424493 0.00443495 0.000129799 0.00228238
3.85 0.00401281 0.00419353 0.000125994 0.00215976
3.875 0.00379287 0.00396473 0.00012223 0.00204348
3.9 0.00358455 0.00374793 0.000118514 0.00193322
3.925 0.00338727 0.00354257 0.000114849 0.00182871
3.95 0.0032005 0.00334809 0.000111241 0.00172967
3.975 0.00302373 0.00316396 0.000107694 0.00163583
4 0.00285647 0.00298967 0.00010421 0.00154694
4.025 0.00269824 0.00282472 0.000100793 0.00146276
4.05 0.00254859 0.00266866 9.74463e-05 0.00138305
4.075 0.00240708 0.00252103 9.41707e-05 0.0013076
4.1 0.0022733 0.0023814 9.09686e-05 0.00123619
4.125 0.00214685 0.00224937 8.78415e-05 0.0011686
4.15 0.00202734 0.00212454 8.47903e-05 0.00110466
4.175 0.00191443 0.00200653 8.18159e-05 0.00104417
4.2 0.00180776 0.001895 7.89189e-05 0.00098696
4.225 0.001707 0.0017896 7.60996e-05 0.00093285
4.25 0.00161184 0.00169001 7.33579e-05 0.000881683
4.275 0.00152197 0.00159592 7.06938e-05 0.000833306
4.3 0.00143712 0.00150703 6.81069e-05 0.00078757
4.325 0.00135701 0.00142308 6.55965e-05 0.000744337
4.35 0.00128139 0.00134378 6.31621e-05 0.000703473
4.375 0.00121001 0.0012689 6.08027e-05 0.000664852
4.4 0.00114263 0.00119819 5.85173e-05 0.000628355
4.425 0.00107904 0.00113143 5.6305e-05 0.000593866
4.45 0.00101902 0.00106839 5.41645e-05 0.000561277
4.475 0.000962388 0.00100888 5.20945e-05 0.000530487
4.5 0.000908943 0.000952698 5.00936e-05 0.000501396
4.525 0.00085851 0.000899665 4.81605e-05 0.000473913
4.55 0.000810919 0.000849606 4.62936e-05 0.00044795
4.575 0.000766013 0.000802354 4.44914e-05 0.000423423
4.6 0.000723638 0.000757755 4.27525e-05 0.000400254
4.625 0.000683652 0.000715661 4.10751e-05 0.000378368
4.65 0.00064592 0.000675931 3.94577e-05 0.000357695
4.675 0.000610315 0.000638435 3.78988e-05 0.000338167
4.7 0.000576714 0.000603045 3.63965e-05 0.000319721
4.725 0.000545005 0.000569646 3.49494e-05 0.000302298
4.75 0.000515079 0.000538124 3.35559e-05 0.00028584
4.775 0.000486835 0.000508373 3.22142e-05 0.000270294
4.8 0.000460177 0.000480295 3.09229e-05 0.000255609
4.825 0.000435014 0.000453795 2.96803e-05 0.000241738
4.85 0.000411261 0.000428784 2.84848e-05 0.000228634
4.875 0.000388837 0.000405178 2.7335e-05 0.000216256
4.9 0.000367667 0.000382896 2.62293e-05 0.000204563
4.925 0.000347679 0.000361865 2.51663e-05 0.000193516
4.95 0.000328805 0.000342014 2.41444e-05 0.000183079
4.975 0.000310982 0.000323275 2.31623e-05 0.000173219
5 0.00029415 0.000305586 2.22186e-05 0.000163902
5.025 0.000278252 0.000288887 2.13119e-05 0.000155099
5.05 0.000263234 0.000273122 2.04409e-05 0.000146781
5.075 0.000249048 0.000258238 1.96042e-05 0.000138921
5.1 0.000235646 0.000244185 1.88007e-05 0.000131493
5.125 0.000222982 0.000230916 1.80292e-05 0.000124472
5.15 0.000211016 0.000218386 1.72883e-05 0.000117837
5.175 0.000199707 0.000206554 1.65771e-05 0.000111566
5.2 0.000189019 0.00019538 1.58943e-05 0.000105637
5.225 0.000178916 0.000184826 1.52389e-05 0.000100033
5.25 0.000169366 0.000174858 1.46098e-05 9.4734e-05
5.275 0.000160337 0.000165442 1.40061e-05 8.97243e-05
5.3 0.0001518 0.000156548 1.34268e-05 8.49872e-05
5.325 0.000143727 0.000148144 1.28708e-05 8.05076e-05
5.35 0.000136092 0.000140205 1.23374e-05 7.62712e-05
5.375 0.000128872 0.000132703 1.18256e-05 7.22643e-05
5.4 0.000122041 0.000125614 1.13346e-05 6.84742e-05
5.425 0.00011558 0.000118914 1.08635e-05 6.48888e-05
5.45 0.000109467 0.000112582 1.04115e-05 6.14967e-05
5.475 0.000103682 0.000106596 9.97803e-06 5.82872e-05
5.5 9.82087e-05 0.000100938 9.56219e-06 5.52503e-05
5.525 9.30284e-05 9.5589e-05 9.16332e-06 5.23762e-05
5.55 8.81254e-05 9.05312e-05 8.78074e-06 4.9656e-05
5.575 8.34843e-05 8.57485e-05 8.41379e-06 4.70811e-05
5.6 7.90907e-05 8.12255e-05 8.06186e-06 4.46437e-05
5.625 7.4931e-05 7.69476e-05 7.72432e-06 4.2336e-05
5.65 7.09923e-05 7.29011e-05 7.40062e-06 4.01509e-05
5.675 6.72625e-05 6.90731e-05 7.09017e-06 3.80816e-05
5.7 6.37302e-05 6.54514e-05 6.79246e-06 3.61219e-05
5.725 6.03847e-05 6.20245e-05 6.50696e-06 3.42657e-05
5.75 5.72159e-05 5.87815e-05 6.23318e-06 3.25073e-05
5.775 5.4214e-05 5.57122e-05 5.97064e-06 3.08414e-05
5.8 5.13701e-05 5.28069e-05 5.71889e-06 2.92629e-05
5.825 4.86756e-05 5.00566e-05 5.47749e-06 2.7767e-05
5.85 4.61226e-05 4.74527e-05 5.24602e-06 2.63493e-05
5.875 4.37034e-05 4.4987e-05 5.02408e-06 2.50055e-05
5.9 4.14108e-05 4.2652e-05 4.81127e-06 2.37316e-05
5.925 3.92381e-05 4.04404e-05 4.60723e-06 2.25238e-05
5.95 3.71789e-05 3.83455e-05 4.41159e-06 2.13786e-05
5.975 3.52272e-05 3.63609e-05 4.22403e-06 2.02924e-05
6 3.33773e-05 3.44804e-05 4.0442e-06 1.92623e-05
6.025 3.16238e-05 3.26984e-05 3.8718e-06 1.82851e-05
6.05 2.99617e-05 3.10096e-05 3.70651e-06 1.73581e-05
6.075 2.83861e-05 2.94088e-05 3.54807e-06 1.64784e-05
6.1 2.68926e-05 2.78913e-05 3.39617e-06 1.56437e-05
6.125 2.54767e-05 2.64525e-05 3.25057e-06 1.48515e-05
6.15 2.41346e-05 2.50882e-05 3.111e-06 1.40996e-05
6.175 2.28624e-05 2.37944e-05 2.97722e-06 1.33858e-05
6.2 2.16564e-05 2.25673e-05 2.84899e-06 1.27082e-05
6.225 2.05133e-05 2.14033e-05 2.72609e-06 1.20647e-05
6.25 1.94298e-05 2.0299e-05 2.6083e-06 1.14537e-05
6.275 1.84028e-05 1.92513e-05 2.49542e-06 1.08733e-05
6.3 1.74295e-05 1.82571e-05 2.38725e-06 1.03222e-05
6.325 1.6507e-05 1.73136e-05 2.28359e-06 9.79861e-06
6.35 1.56328e-05 1.64182e-05 2.18427e-06 9.30125e-06
6.375 1.48044e-05 1.55683e-05 2.08911e-06 8.82872e-06
6.4 1.40194e-05 1.47616e-05 1.99794e-06 8.37977e-06
6.425 1.32757e-05 1.39958e-05 1.91059e-06 7.95319e-06
6.45 1.25711e-05 1.32688e-05 1.82693e-06 7.54784e-06
6.475 1.19036e-05 1.25785e-05 1.74679e-06 7.16266e-06
6.5 1.12713e-05 1.19232e-05 1.67003e-06 6.79662e-06
6.525 1.06724e-05 1.1301e-05 1.59652e-06 6.44877e-06
6.55 1.01052e-05 1.07103e-05 1.52613e-06 6.11821e-06
6.575 9.56796e-06 1.01494e-05 1.45873e-06 5.80407e-06
6.6 9.05926e-06 9.61691e-06 1.3942e-06 5.50556e-06
6.625 8.57757e-06 9.11135e-06 1.33243e-06 5.22189e-06
6.65 8.12148e-06 8.6314e-06 1.27329e-06 4.95234e-06
6.675 7.68967e-06 8.17579e-06 1.21669e-06 4.69624e-06
6.7 7.28087e-06 7.74332e-06 1.16253e-06 4.45292e-06
6.725 6.89387e-06 7.33287e-06 1.11069e-06 4.22178e-06
6.75 6.52752e-06 6.94334e-06 1.0611e-06 4.00222e-06
6.775 6.18073e-06 6.57373e-06 1.01365e-06 3.79369e-06
6.8 5.85248e-06 6.22307e-06 9.6827e-07 3.59567e-06
6.825 5.54178e-06 5.89044e-06 9.24861e-07 3.40765e-06
6.85 5.2477e-06 5.57497e-06 8.83349e-07 3.22916e-06
6.875 4.96935e-06 5.27584e-06 8.43654e-07 3.05975e-06
6.9 4.70589e-06 4.99225e-06 8.05702e-07 2.89898e-06
6.925 4.45654e-06 4.72346e-06 7.69423e-07 2.74644e-06
6.95 4.22053e-06 4.46876e-06 7.34746e-07 2.60175e-06
6.975 3.99715e-06 4.22746e-06 7.01605e-07 2.46453e-06
7 3.78573e-06 3.99893e-06 6.69938e-07 2.33443e-06
7.025 3.58562e-06 3.78253e-06 6.39682e-07 2.21111e-06
7.05 3.39623e-06 3.57769e-06 6.10779e-07 2.09423e-06
7.075 3.21697e-06 3.38383e-06 5.83173e-07 1.9835e-06
7.1 3.04731e-06 3.20043e-06 5.56808e-07 1.87862e-06
7.125 2.88674e-06 3.02696e-06 5.31633e-07 1.7793e-06
7.15 2.73477e-06 2.86294e-06 5.07598e-07 1.68527e-06
7.175 2.59095e-06 2.70788e-06 4.84654e-07 1.59627e-06
7.2 2.45485e-06 2.56135e-06 4.62755e-07 1.51205e-06
7.225 2.32606e-06 2.42291e-06 4.41856e-07 1.43238e-06
7.25 2.2042e-06 2.29215e-06 4.21915e-07 1.35703e-06
7.275 2.0889e-06 2.16868e-06 4.0289e-07 1.28578e-06
7.3 1.97983e-06 2.05211e-06 3.84741e-07 1.21842e-06
7.325 1.87666e-06 1.94208e-06 3.67431e-07 1.15476e-06
7.35 1.77908e-06 1.83826e-06 3.50923e-07 1.09459e-06
7.375 1.68681e-06 1.74031e-06 3.35182e-07 1.03774e-06
7.4 1.59956e-06 1.64791e-06 3.20173e-07 9.84041e-07
7.425 1.51709e-06 1.56076e-06 3.05866e-07 9.33314e-07
7.45 1.43914e-06 1.47859e-06 2.92227e-07 8.85406e-07
7.475 1.36549e-06 1.4011e-06 2.79228e-07 8.40164e-07
7.5 1.2959e-06 1.32805e-06 2.66839e-07 7.97444e-07
7.525 1.23017e-06 1.25918e-06 2.55033e-07 7.57106e-07
7.55 1.1681e-06 1.19426e-06 2.43783e-07 7.1902e-07
7.575 1.10949e-06 1.13306e-06 2.33064e-07 6.83061e-07
7.6 1.05416e-06 1.07537e-06 2.2285e-07 6.4911e-07
7.625 1.00194e-06 1.02099e-06 2.1312e-07 6.17054e-07
7.65 9.52657e-07 9.69722e-07 2.03849e-07 5.86785e-07
7.675 9.0615e-07 9.21389e-07 1.95016e-07 5.58203e-07
7.7 8.62266e-07 8.75818e-07 1.866e-07 5.31209e-07
7.725 8.20859e-07 8.32847e-07 1.78582e-07 5.05715e-07
7.75 7.81788e-07 7.92321e-07 1.70942e-07 4.81632e-07
7.775 7.44916e-07 7.54097e-07 1.63662e-07 4.58879e-07
7.8 7.10114e-07 7.18036e-07 1.56723e-07 4.3738e-07
7.825 6.77257e-07 6.8401e-07 1.5011e-07 4.1706e-07
7.85 6.46227e-07 6.51898e-07 1.43806e-07 3.97852e-07
7.875 6.16909e-07 6.21585e-07 1.37796e-07 3.79691e-07
7.9 5.89193e-07 5.92964e-07 1.32064e-07 3.62514e-07
7.925 5.62977e-07 5.65932e-07 1.26597e-07 3.46265e-07
7.95 5.38161e-07 5.40395e-07 1.21381e-07 3.30888e-07
7.975 5.1465e-07 5.16261e-07 1.16403e-07 3.16332e-07
8 4.92356e-07 4.93448e-07 1.11651e-07 3.02549e-07
8.025 4.71192e-07 4.71874e-07 1.07113e-07 2.89494e-07
8.05 4.51079e-07 4.51465e-07 1.02778e-07 2.77122e-07
8.075 4.31942e-07 4.32149e-07 9.86359e-08 2.65393e-07
8.1 4.1371e-07 4.13861e-07 9.46756e-08 2.54268e-07
8.125 3.96317e-07 3.96536e-07 9.08879e-08 2.43712e-07
8.15 3.79701e-07 3.80116e-07 8.72636e-08 2.3369e-07
8.175 3.63805e-07 3.64544e-07 8.37942e-08 2.24169e-07
8.2 3.48577e-07 3.49767e-07 8.04715e-08 2.15119e-07
8.225 3.33969e-07 3.35736e-07 7.72877e-08 2.06512e-07
8.25 3.19935e-07 3.22402e-07 7.42355e-08 1.98319e-07
8.275 3.06437e-07 3.0972e-07 7.1308e-08 1.90514e-07
8.3 2.93437e-07 2.97649e-07 6.84987e-08 1.83074e-07
8.325 2.80904e-07 2.86147e-07 6.58015e-08 1.75974e-07
8.35 2.68808e-07 2.75178e-07 6.32106e-08 1.69194e-07
8.375 2.57125e-07 2.64705e-07 6.07205e-08 1.62713e-07
8.4 2.45831e-07 2.54693e-07 5.83263e-08 1.5651e-07
8.425 2.34909e-07 2.45112e-07 5.60232e-08 1.50568e-07
8.45 2.2434e-07 2.35931e-07 5.38066e-08 1.44869e-07
8.475 2.14112e-07 2.27122e-07 5.16724e-08 1.39397e-07
8.5 2.04212e-07 2.18659e-07 4.96167e-08 1.34138e-07
8.525 1.94631e-07 2.10515e-07 4.76359e-08 1.29076e-07
8.55 1.85362e-07 2.0267e-07 4.57265e-08 1.24198e-07
8.575 1.76397e-07 1.951e-07 4.38855e-08 1.19493e-07
8.6 1.67732e-07 1.87786e-07 4.21097e-08 1.14948e-07
8.625 1.59363e-07 1.8071e-07 4.03965e-08 1.10553e-07
8.65 1.51288e-07 1.73855e-07 3.87434e-08 1.06299e-07
8.675 1.43503e-07 1.67207e-07 3.71478e-08 1.02177e-07
8.7 1.36008e-07 1.60751e-07 3.56076e-08 9.8179e-08
8.725 1.288e-07 1.54474e-07 3.41206e-08 9.42975e-08
8.75 1.21879e-07 1.48368e-07 3.2685e-08 9.05263e-08
8.775 1.15242e-07 1.4242e-07 3.12989e-08 8.68597e-08
8.8 1.08888e-07 1.36625e-07 2.99606e-08 8.32928e-08
8.825 1.02815e-07 1.30974e-07 2.86686e-08 7.98214e-08
8.85 9.70203e-08 1.25462e-07 2.74212e-08 7.64418e-08
8.875 9.15006e-08 1.20085e-07 2.62172e-08 7.31509e-08
8.9 8.62523e-08 1.14838e-07 2.50551e-08 6.99463e-08
8.925 8.12711e-08 1.09718e-07 2.39337e-08 6.6826e-08
8.95 7.65516e-08 1.04725e-07 2.28518e-08 6.37885e-08
8.975 7.20881e-08 9.98569e-08 2.18083e-08 6.08326e-08
9 6.7874e-08 9.51134e-08 2.08021e-08 5.79577e-08
9.025 6.3902e-08 9.04948e-08 1.98321e-08 5.51634e-08
9.05 6.01639e-08 8.60019e-08 1.88973e-08 5.24496e-08
9.075 5.66511e-08 8.16358e-08 1.79969e-08 4.98164e-08
9.1 5.33543e-08 7.73982e-08 1.71298e-08 4.7264e-08
9.125 5.02637e-08 7.32907e-08 1.62952e-08 4.47929e-08
9.15 4.73691e-08 6.93153e-08 1.54921e-08 4.24037e-08
9.175 4.46596e-08 6.54739e-08 1.47198e-08 4.00968e-08
9.2 4.21244e-08 6.17685e-08 1.39773e-08 3.78729e-08
9.225 3.97523e-08 5.82008e-08 1.3264e-08 3.57324e-08
9.25 3.7532e-08 5.47727e-08 1.2579e-08 3.36759e-08
9.275 3.54524e-08 5.14855e-08 1.19215e-08 3.17035e-08
9.3 3.35021e-08 4.83404e-08 1.12908e-08 2.98156e-08
9.325 3.16702e-08 4.53381e-08 1.06862e-08 2.80121e-08
9.35 2.99461e-08 4.24791e-08 1.01069e-08 2.6293e-08
9.375 2.83193e-08 3.97633e-08 9.55212e-09 2.46577e-08
9.4 2.67799e-08 3.71903e-08 9.02129e-09 2.31058e-08
9.425 2.53185e-08 3.4759e-08 8.51366e-09 2.16363e-08
9.45 2.39262e-08 3.2468e-08 8.02858e-09 2.02483e-08
9.475 2.2595e-08 3.03153e-08 7.56538e-09 1.89403e-08
9.5 2.13173e-08 2.82985e-08 7.12341e-09 1.77109e-08
9.525 2.00864e-08 2.64145e-08 6.70203e-09 1.65583e-08
9.55 1.88961e-08 2.466e-08 6.30064e-09 1.54803e-08
9.575 1.77412e-08 2.3031e-08 5.9186e-09 1.44748e-08
9.6 1.66174e-08 2.15232e-08 5.55534e-09 1.35393e-08
9.625 1.55208e-08 2.01319e-08 5.21025e-09 1.26711e-08
9.65 1.44485e-08 1.88522e-08 4.88278e-09 1.18675e-08
9.675 1.33985e-08 1.76785e-08 4.57235e-09 1.11254e-08
9.7 1.23691e-08 1.66054e-08 4.27842e-09 1.04419e-08
9.725 1.13597e-08 1.56269e-08 4.00046e-09 9.81369e-09
9.75 1.03701e-08 1.47372e-08 3.73792e-09 9.23756e-09
9.775 9.40066e-09 1.39301e-08 3.49029e-09 8.7102e-09
9.8 8.45247e-09 1.31996e-08 3.25707e-09 8.22831e-09
9.825 7.52694e-09 1.25394e-08 3.03775e-09 7.78857e-09
9.85 6.62592e-09 1.19436e-08 2.83185e-09 7.38771e-09
9.875 5.75159e-09 1.14061e-08 2.63888e-09 7.02249e-09
9.9 4.90642e-09 1.09212e-08 2.45837e-09 6.68977e-09
9.925 4.09305e-09 1.04832e-08 2.28986e-09 6.38652e-09
9.95 3.31428e-09 1.00868e-08 2.13287e-09 6.10981e-09
9.975 2.57293e-09 9.72678e-09 1.98696e-09 5.85687e-09
10 1.87183e-09 9.39846e-09 1.85169e-09 5.62507e-09
10.025 1.21374e-09 9.09734e-09 1.72659e-09 5.41197e-09
10.05 6.01279e-10 8.81932e-09 1.61125e-09 5.21528e-09
10.075 3.68609e-11 8.56067e-09 1.50522e-09 5.03294e-09
10.1 -4.77332e-10 8.31807e-09 1.40807e-09 4.86307e-09
10.125 -9.39415e-10 8.08858e-09 1.31938e-09 4.70398e-09
10.15 -1.34783e-09 7.86967e-09 1.23873e-09 4.5542e-09
10.175 -1.70141e-09 7.65922e-09 1.16571e-09 4.41246e-09
10.2 -1.99935e-09 7.45548e-09 1.09989e-09 4.27769e-09
10.225 -2.2413e-09 7.2571e-09 1.04088e-09 4.14899e-09
10.25 -2.42732e-09 7.06309e-09 9.88262e-10 4.02568e-09
10.275 -2.55792e-09 6.87281e-09 9.41646e-10 3.90723e-09
10.3 -2.63407e-09 6.68594e-09 9.00636e-10 3.79329e-09
10.325 -2.65716e-09 6.50245e-09 8.64846e-10 3.68365e-09
10.35 -2.62903e-09 6.32259e-09 8.33892e-10 3.57824e-09
10.375 -2.55192e-09 6.14684e-09 8.07401e-10 3.47712e-09
10.4 -2.42847e-09 5.97588e-09 7.85006e-10 3.38044e-09
10.425 -2.26168e-09 5.81057e-09 7.66346e-10 3.28846e-09
10.45 -2.0549e-09 5.6519e-09 7.51072e-10 3.20149e-09
10.475 -1.81177e-09 5.50095e-09 7.38841e-10 3.1199e-09
10.5 -1.53618e-09 5.35888e-09 7.29321e-10 3.0441e-09
10.525 -1.23227e-09 5.22686e-09 7.22194e-10 2.97453e-09
10.55 -9.04322e-10 5.10608e-09 7.17148e-10 2.91161e-09
10.575 -5.56769e-10 4.99768e-09 7.13887e-10 2.85578e-09
10.6 -1.94121e-10 4.90274e-09 7.12126e-10 2.80743e-09
10.625 1.79074e-10 4.82224e-09 7.11594e-10 2.76692e-09
10.65 5.58277e-10 4.75706e-09 7.12035e-10 2.73455e-09
10.675 9.39004e-10 4.70794e-09 7.13205e-10 2.71057e-09
10.7 1.31687e-09 4.67544e-09 7.14877e-10 2.69516e-09
10.725 1.68764e-09 4.65997e-09 7.16839e-10 2.68841e-09
10.75 2.04725e-09 4.66175e-09 7.18893e-10 2.69032e-09
10.775 2.39186e-09 4.6808e-09 7.20858e-10 2.70083e-09
10.8 2.7179e-09 4.71694e-09 7.22571e-10 2.71976e-09
10.825 3.02207e-09 4.76979e-09 7.23881e-10 2.74684e-09
10.85 3.30138e-09 4.83876e-09 7.24657e-10 2.78171e-09
10.875 3.55319e-09 4.92308e-09 7.24782e-10 2.82393e-09
10.9 3.77521e-09 5.02176e-09 7.24154e-10 2.87296e-09
10.925 3.96553e-09 5.13366e-09 7.22688e-10 2.92817e-09
10.95 4.12261e-09 5.25744e-09 7.20315e-10 2.98888e-09
10.975 4.24531e-09 5.39164e-09 7.16979e-10 3.05431e-09
11 4.33286e-09 5.53464e-09 7.12638e-10 3.12364e-09
11.025 4.38491e-09 5.6847e-09 7.07265e-10 3.19598e-09
11.05 4.40146e-09 5.84001e-09 7.00845e-10 3.27043e-09
11.075 4.38291e-09 5.99865e-09 6.93375e-10 3.34601e-09
11.1 4.33e-09 6.15867e-09 6.84864e-10 3.42177e-09
11.125 4.24382e-09 6.31808e-09 6.75333e-10 3.4967e-09
11.15 4.12577e-09 6.47488e-09 6.64809e-10 3.56985e-09
11.175 3.97757e-09 6.62711e-09 6.53331e-10 3.64022e-09
11.2 3.80119e-09 6.77283e-09 6.40946e-10 3.70689e-09
11.225 3.59886e-09 6.91016e-09 6.27705e-10 3.76893e-09
11.25 3.37301e-09 7.03731e-09 6.13668e-10 3.82549e-09
11.275 3.12627e-09 7.1526e-09 5.98899e-10 3.87575e-09
11.3 2.86141e-09 7.25447e-09 5.83465e-10 3.91897e-09
11.325 2.58132e-09 7.34149e-09 5.67439e-10 3.95446e-09
11.35 2.28899e-09 7.41239e-09 5.50892e-10 3.98164e-09
11.375 1.98745e-09 7.46608e-09 5.33901e-10 3.99999e-09
11.4 1.67974e-09 7.50164e-09 5.16541e-10 4.00909e-09
11.425 1.36892e-09 7.51834e-09 4.98886e-10 4.00861e-09
11.45 1.05798e-09 7.51564e-09 4.8101e-10 3.99833e-09
11.475 7.49859e-10 7.49322e-09 4.62987e-10 3.9781e-09
11.5 4.47379e-10 7.45094e-09 4.44886e-10 3.94791e-09
11.525 1.53247e-10 7.38888e-09 4.26774e-10 3.90783e-09
11.55 -1.29981e-10 7.3073e-09 4.08714e-10 3.85801e-09
11.575 -3.99919e-10 7.20668e-09 3.90767e-10 3.79872e-09
11.6 -6.54373e-10 7.08766e-09 3.72988e-10 3.73032e-09
11.625 -8.91356e-10 6.95109e-09 3.55428e-10 3.65326e-09
11.65 -1.1091e-09 6.79797e-09 3.38132e-10 3.56805e-09
11.675 -1.30607e-09 6.62946e-09 3.21141e-10 3.4753e-09
11.7 -1.48098e-09 6.44687e-09 3.04491e-10 3.37568e-09
11.725 -1.63277e-09 6.25163e-09 2.88213e-10 3.26992e-09
11.75 -1.76067e-09 6.04528e-09 2.72332e-10 3.1588e-09
11.775 -1.86412e-09 5.82946e-09 2.56867e-10 3.04316e-09
11.8 -1.94284e-09 5.6059e-09 2.41833e-10 2.92387e-09
11.825 -1.99679e-09 5.37636e-09 2.27241e-10 2.8018e-09
11.85 -2.02615e-09 5.14266e-09 2.13096e-10 2.67788e-09
11.875 -2.03137e-09 4.90663e-09 1.994e-10 2.55302e-09
11.9 -2.01309e-09 4.67012e-09 1.86148e-10 2.42813e-09
11.925 -1.97216e-09 4.43494e-09 1.73333e-10 2.30414e-09
11.95 -1.90965e-09 4.20289e-09 1.60946e-10 2.18192e-09
11.975 -1.82679e-09 3.97569e-09 1.48974e-10 2.06233e-09
12 -1.72496e-09 3.75502e-09 1.37398e-10 1.94621e-09
12.025 -1.60572e-09 3.54246e-09 1.26203e-10 1.83433e-09
12.05 -1.47073e-09 3.33949e-09 1.15366e-10 1.72743e-09
12.075 -1.32176e-09 3.14751e-09 1.04866e-10 1.62619e-09
12.1 -1.16067e-09 2.96775e-09 9.46807e-11 1.53122e-09
12.125 -9.89395e-10 2.80136e-09 8.47863e-11 1.44307e-09
12.15 -8.09909e-10 2.6493e-09 7.51592e-11 1.36223e-09
12.175 -6.24214e-10 2.51242e-09 6.57758e-11 1.2891e-09
12.2 -4.34323e-10 2.3914e-09 5.6613e-11 1.22401e-09
12.225 -2.42238e-10 2.28676e-09 4.76486e-11 1.16721e-09
12.25 -4.99327e-11 2.19888e-09 3.88615e-11 1.11887e-09
12.275 1.40667e-10 2.12796e-09 3.0232e-11 1.0791e-09
12.3 3.27694e-10 2.07405e-09 2.17421e-11 1.04789e-09
12.325 5.09363e-10 2.03704e-09 1.33759e-11 1.02521e-09
12.35 6.83977e-10 2.01667e-09 5.11916e-12 1.0109e-09
12.375 8.49945e-10 2.01255e-09 -3.03965e-12 1.00476e-09
12.4 1.00579e-09 2.02412e-09 -1.11099e-11 1.00651e-09
12.425 1.15017e-09 2.05071e-09 -1.90985e-11 1.01581e-09
12.45 1.28185e-09 2.09152e-09 -2.70096e-11 1.03225e-09
12.475 1.39978e-09 2.14563e-09 -3.48451e-11 1.05539e-09
12.5 1.50302e-09 2.21204e-09 -4.26041e-11 1.08472e-09
12.525 1.59081e-09 2.28963e-09 -5.02833e-11 1.11967e-09
12.55 1.66251e-09 2.37722e-09 -5.78769e-11 1.15967e-09
12.575 1.71767e-09 2.47357e-09 -6.53768e-11 1.2041e-09
12.6 1.75597e-09 2.57737e-09 -7.27727e-11 1.2523e-09
12.625 1.77727e-09 2.68727e-09 -8.0052e-11 1.30361e-09
12.65 1.78155e-09 2.80191e-09 -8.72003e-11 1.35735e-09
12.675 1.76896e-09 2.9199e-09 -9.42017e-11 1.41285e-09
12.7 1.73979e-09 3.03986e-09 -1.01038e-10 1.46941e-09
12.725 1.69446e-09 3.16042e-09 -1.07691e-10 1.52637e-09
12.75 1.63352e-09 3.28023e-09 -1.1414e-10 1.58304e-09
12.775 1.55763e-09 3.39797e-09 -1.20365e-10 1.63881e-09
12.8 1.4676e-09 3.51239e-09 -1.26343e-10 1.69302e-09
12.825 1.36429e-09 3.62227e-09 -1.32053e-10 1.74511e-09
12.85 1.2487e-09 3.72648e-09 -1.37472e-10 1.7945e-09
12.875 1.12189e-09 3.82394e-09 -1.42579e-10 1.84068e-09
12.9 9.84996e-10 3.91368e-09 -1.47353e-10 1.88316e-09
12.925 8.39214e-10 3.99481e-09 -1.51771e-10 1.92152e-09
12.95 6.85795e-10 4.06653e-09 -1.55814e-10 1.95536e-09
12.975 5.26026e-10 4.12816e-09 -1.59463e-10 1.98435e-09
13 3.61226e-10 4.1791e-09 -1.62699e-10 2.0082e-09
13.025 1.92728e-10 4.21888e-09 -1.65506e-10 2.02669e-09
13.05 2.18742e-11 4.24714e-09 -1.67869e-10 2.03964e-09
13.075 -1.49997e-10 4.26363e-09 -1.69775e-10 2.04693e-09
13.1 -3.21559e-10 4.26819e-09 -1.71212e-10 2.04849e-09
13.125 -4.91511e-10 4.26081e-09 -1.7217e-10 2.04432e-09
13.15 -6.5858e-10 4.24155e-09 -1.72643e-10 2.03445e-09
13.175 -8.21537e-10 4.21061e-09 -1.72625e-10 2.01899e-09
13.2 -9.79198e-10 4.16827e-09 -1.72114e-10 1.99808e-09
13.225 -1.13043e-09 4.11492e-09 -1.71108e-10 1.97191e-09
13.25 -1.27418e-09 4.05104e-09 -1.69609e-10 1.94071e-09
13.275 -1.40944e-09 3.97719e-09 -1.67622e-10 1.90479e-09
13.3 -1.53529e-09 3.89403e-09 -1.65152e-10 1.86444e-09
13.325 -1.65087e-09 3.80229e-09 -1.62208e-10 1.82004e-09
13.35 -1.75543e-09 3.70274e-09 -1.58801e-10 1.77197e-09
13.375 -1.84827e-09 3.59625e-09 -1.54944e-10 1.72065e-09
13.4 -1.92881e-09 3.48371e-09 -1.50651e-10 1.66653e-09
13.425 -1.99653e-09 3.36608e-09 -1.4594e-10 1.61007e-09
13.45 -2.05101e-09 3.24434e-09 -1.40829e-10 1.55176e-09
13.475 -2.09192e-09 3.1195e-09 -1.3534e-10 1.49208e-09
13.5 -2.11903e-09 2.99259e-09 -1.29493e-10 1.43155e-09
13.525 -2.13216e-09 2.86465e-09 -1.23314e-10 1.37067e-09
13.55 -2.13127e-09 2.73673e-09 -1.16826e-10 1.30995e-09
13.575 -2.11635e-09 2.60987e-09 -1.10057e-10 1.24991e-09
13.6 -2.08752e-09 2.48509e-09 -1.03032e-10 1.19103e-09
13.625 -2.04494e-09 2.3634e-09 -9.57816e-11 1.13381e-09
13.65 -1.98887e-09 2.24578e-09 -8.8333e-11 1.07872e-09
13.675 -1.91963e-09 2.13318e-09 -8.07157e-11 1.02623e-09
13.7 -1.83761e-09 2.0265e-09 -7.29596e-11 9.76768e-10
13.725 -1.74326e-09 1.9266e-09 -6.50943e-11 9.30754e-10
13.75 -1.63709e-09 1.8343e-09 -5.71498e-11 8.88576e-10
13.775 -1.51966e-09 1.75035e-09 -4.91559e-11 8.50597e-10
13.8 -1.39158e-09 1.67544e-09 -4.11419e-11 8.1715e-10
13.825 -1.25352e-09 1.61021e-09 -3.3137e-11 7.88536e-10
13.85 -1.10615e-09 1.55521e-09 -2.51695e-11 7.65023e-10
13.875 -9.50202e-10 1.51096e-09 -1.72672e-11 7.46844e-10
13.9 -7.86432e-10 1.47785e-09 -9.45711e-12 7.34198e-10
13.925 -6.1561e-10 1.45626e-09 -1.76506e-12 7.27249e-10
13.95 -4.38526e-10 1.44646e-09 5.78404e-12 7.26121e-10
13.975 -2.55982e-10 1.44865e-09 1.31665e-11 7.30906e-10
14 -6.87882e-11 1.46295e-09 2.03597e-11 7.41657e-10
14.025 1.22244e-10 1.48944e-09 2.73427e-11 7.58392e-10
14.05 3.16306e-10 1.52809e-09 3.40958e-11 7.81094e-10
14.075 5.12594e-10 1.57882e-09 4.06005e-11 8.09709e-10
14.1 7.10315e-10 1.64147e-09 4.68403e-11 8.44153e-10
14.125 9.08692e-10 1.71582e-09 5.28e-11 8.84308e-10
14.15 1.10697e-09 1.80158e-09 5.84659e-11 9.30025e-10
14.175 1.3044e-09 1.89842e-09 6.3826e-11 9.81125e-10
14.2 1.50027e-09 2.00593e-09 6.887e-11 1.0374e-09
14.225 1.6939e-09 2.12366e-09 7.35892e-11 1.09862e-09
14.25 1.88463e-09 2.25109e-09 7.79762e-11 1.16454e-09
14.275 2.07184e-09 2.38769e-09 8.20256e-11 1.23486e-09
14.3 2.25493e-09 2.53285e-09 8.57334e-11 1.30929e-09
14.325 2.43335e-09 2.68595e-09 8.90969e-11 1.38752e-09
14.35 2.60658e-09 2.84633e-09 9.21153e-11 1.46922e-09
14.375 2.77414e-09 3.01329e-09 9.47889e-11 1.55404e-09
14.4 2.93559e-09 3.18612e-09 9.71196e-11 1.64162e-09
14.425 3.09053e-09 3.36409e-09 9.91104e-11 1.7316e-09
14.45 3.2386e-09 3.54645e-09 1.00766e-10 1.82361e-09
14.475 3.37946e-09 3.73244e-09 1.02091e-10 1.91727e-09
14.5 3.51285e-09 3.9213e-09 1.03094e-10 2.0122e-09
14.525 3.63852e-09 4.11226e-09 1.03781e-10 2.10802e-09
14.55 3.75626e-09 4.30455e-09 1.04161e-10 2.20436e-09
14.575 3.86592e-09 4.49742e-09 1.04245e-10 2.30083e-09
14.6 3.96736e-09 4.69011e-09 1.04041e-10 2.39708e-09
14.625 4.06049e-09 4.8819e-09 1.03563e-10 2.49273e-09
14.65 4.14526e-09 5.07205e-09 1.0282e-10 2.58744e-09
14.675 4.22164e-09 5.25988e-09 1.01827e-10 2.68085e-09
14.7 4.28964e-09 5.4447e-09 1.00595e-10 2.77265e-09
14.725 4.34932e-09 5.62587e-09 9.91378e-11 2.86251e-09
14.75 4.40073e-09 5.80276e-09 9.74693e-11 2.95012e-09
14.775 4.44397e-09 5.97478e-09 9.56032e-11 3.03519e-09
14.8 4.47918e-09 6.14136e-09 9.35536e-11 3.11746e-09
14.825 4.5065e-09 6.30198e-09 9.13345e-11 3.19666e-09
14.85 4.52609e-09 6.45615e-09 8.89603e-11 3.27255e-09
14.875 4.53816e-09 6.6034e-09 8.6445e-11 3.34492e-09
14.9 4.54292e-09 6.74332e-09 8.38028e-11 3.41356e-09
14.925 4.54059e-09 6.87553e-09 8.10477e-11 3.47829e-09
14.95 4.53141e-09 6.99968e-09 7.81934e-11 3.53894e-09
14.975 4.51564e-09 7.11547e-09 7.52533e-11 3.59536e-09
15 4.49356e-09 7.22264e-09 7.22408e-11 3.64744e-09
15.025 4.46544e-09 7.32096e-09 6.91687e-11 3.69507e-09
15.05 4.43156e-09 7.41025e-09 6.60495e-11 3.73815e-09
15.075 4.39222e-09 7.49034e-09 6.28953e-11 3.77662e-09
15.1 4.34772e-09 7.56114e-09 5.97176e-11 3.81043e-09
15.125 4.29836e-09 7.62256e-09 5.65278e-11 3.83954e-09
15.15 4.24445e-09 7.67456e-09 5.33363e-11 3.86395e-09
15.175 4.18629e-09 7.71714e-09 5.01534e-11 3.88365e-09
15.2 4.12418e-09 7.75032e-09 4.69888e-11 3.89866e-09
15.225 4.05844e-09 7.77417e-09 4.38513e-11 3.90901e-09
15.25 3.98936e-09 7.78878e-09 4.07496e-11 3.91476e-09
15.275 3.91724e-09 7.79425e-09 3.76916e-11 3.91597e-09
15.3 3.84236e-09 7.79074e-09 3.46846e-11 3.91271e-09
15.325 3.76503e-09 7.77842e-09 3.17354e-11 3.90508e-09
15.35 3.68552e-09 7.75749e-09 2.88503e-11 3.89317e-09
15.375 3.6041e-09 7.72815e-09 2.6035e-11 3.87709e-09
15.4 3.52104e-09 7.69066e-09 2.32944e-11 3.85698e-09
15.425 3.43659e-09 7.64526e-09 2.06333e-11 3.83294e-09
15.45 3.35101e-09 7.59222e-09 1.80557e-11 3.80514e-09
15.475 3.26453e-09 7.53185e-09 1.55649e-11 3.77371e-09
15.5 3.17738e-09 7.46443e-09 1.31642e-11 3.7388e-09
15.525 3.08979e-09 7.39029e-09 1.08559e-11 3.70057e-09
15.55 3.00195e-09 7.30975e-09 8.64205e-12 3.65919e-09
15.575 2.91408e-09 7.22313e-09 6.52434e-12 3.61483e-09
15.6 2.82635e-09 7.13078e-09 4.50386e-12 3.56764e-09
15.625 2.73895e-09 7.03304e-09 2.58137e-12 3.51781e-09
15.65 2.65204e-09 6.93026e-09 7.5721e-13 3.46551e-09
15.675 2.56578e-09 6.82278e-09 -9.68639e-13 3.41091e-09
15.7 2.48031e-09 6.71096e-09 -2.59654e-12 3.35418e-09
15.725 2.39577e-09 6.59515e-09 -4.1272e-12 3.29551e-09
15.75 2.31229e-09 6.47569e-09 -5.5616e-12 3.23506e-09
15.775 2.22998e-09 6.35293e-09 -6.90102e-12 3.17302e-09
15.8 2.14894e-09 6.22721e-09 -8.147e-12 3.10953e-09
15.825 2.06927e-09 6.09886e-09 -9.3013e-12 3.04478e-09
15.85 1.99106e-09 5.96822e-09 -1.03659e-11 2.97893e-09
15.875 1.91438e-09 5.8356e-09 -1.1343e-11 2.91213e-09
15.9 1.8393e-09 5.70132e-09 -1.22349e-11 2.84454e-09
15.925 1.76589e-09 5.56568e-09 -1.30441e-11 2.77632e-09
15.95 1.69418e-09 5.42899e-09 -1.37733e-11 2.70761e-09
15.975 1.62424e-09 5.29152e-09 -1.44252e-11 2.63855e-09
16 1.55609e-09 5.15356e-09 -1.50026e-11 2.56928e-09
16.025 1.48976e-09 5.01537e-09 -1.55085e-11 2.49993e-09
16.05 1.42527e-09 4.8772e-09 -1.59457e-11 2.43063e-09
16.075 1.36265e-09 4.7393e-09 -1.63175e-11 2.36149e-09
16.1 1.3019e-09 4.6019e-09 -1.66267e-11 2.29263e-09
16.125 1.24303e-09 4.46521e-09 -1.68764e-11 2.22417e-09
16.15 1.18603e-09 4.32946e-09 -1.70698e-11 2.15619e-09
16.175 1.13091e-09 4.19482e-09 -1.72099e-11 2.08881e-09
16.2 1.07764e-09 4.06149e-09 -1.72997e-11 2.0221e-09
16.225 1.02623e-09 3.92964e-09 -1.73422e-11 1.95615e-09
16.25 9.76641e-10 3.79943e-09 -1.73404e-11 1.89104e-09
16.275 9.28864e-10 3.671e-09 -1.72972e-11 1.82685e-09
16.3 8.8287e-10 3.54449e-09 -1.72156e-11 1.76364e-09
16.325 8.38632e-10 3.42003e-09 -1.70982e-11 1.70146e-09
16.35 7.9612e-10 3.29772e-09 -1.69478e-11 1.64039e-09
16.375 7.55301e-10 3.17768e-09 -1.6767e-11 1.58046e-09
16.4 7.16141e-10 3.06e-09 -1.65585e-11 1.52172e-09
16.425 6.78603e-10 2.94475e-09 -1.63246e-11 1.46421e-09
16.45 6.42649e-10 2.832e-09 -1.60679e-11 1.40797e-09
16.475 6.0824e-10 2.72183e-09 -1.57906e-11 1.35302e-09
16.5 5.75336e-10 2.61428e-09 -1.54949e-11 1.29939e-09
16.525 5.43894e-10 2.50939e-09 -1.51829e-11 1.2471e-09
16.55 5.13874e-10 2.4072e-09 -1.48567e-11 1.19617e-09
16.575 4.85233e-10 2.30774e-09 -1.45182e-11 1.14661e-09
16.6 4.57927e-10 2.21102e-09 -1.41691e-11 1.09843e-09
16.625 4.31913e-10 2.11707e-09 -1.38113e-11 1.05163e-09
16.65 4.07149e-10 2.02587e-09 -1.34463e-11 1.00621e-09
16.675 3.8359e-10 1.93744e-09 -1.30757e-11 9.62182e-10
16.7 3.61196e-10 1.85176e-09 -1.2701e-11 9.19529e-10
16.725 3.39921e-10 1.76882e-09 -1.23234e-11 8.78246e-10
16.75 3.19726e-10 1.68859e-09 -1.19442e-11 8.38324e-10
16.775 3.00568e-10 1.61106e-09 -1.15647e-11 7.9975e-10
16.8 2.82405e-10 1.5362e-09 -1.11859e-11 7.62508e-10
16.825 2.65199e-10 1.46397e-09 -1.08087e-11 7.26583e-10
16.85 2.48909e-10 1.39434e-09 -1.04342e-11 6.91954e-10
16.875 2.33496e-10 1.32727e-09 -1.00632e-11 6.58602e-10
16.9 2.18924e-10 1.2627e-09 -9.69631e-12 6.26503e-10
16.925 2.05154e-10 1.2006e-09 -9.33439e-12 5.95635e-10
16.95 1.92151e-10 1.14092e-09 -8.97801e-12 5.65973e-10
16.975 1.79879e-10 1.08361e-09 -8.62774e-12 5.3749e-10
17 1.68306e-10 1.0286e-09 -8.28407e-12 5.1016e-10
17.025 1.57398e-10 9.75857e-10 -7.94743e-12 4.83955e-10
17.05 1.47122e-10 9.25311e-10 -7.61822e-12 4.58847e-10
17.075 1.37449e-10 8.76909e-10 -7.29675e-12 4.34806e-10
17.1 1.28348e-10 8.30592e-10 -6.9833e-12 4.11804e-10
17.125 1.1979e-10 7.863e-10 -6.67811e-12 3.89811e-10
17.15 1.11748e-10 7.43975e-10 -6.38135e-12 3.68797e-10
17.175 1.04196e-10 7.03556e-10 -6.09317e-12 3.48731e-10
17.2 9.71063e-11 6.64984e-10 -5.81367e-12 3.29585e-10
17.225 9.04558e-11 6.28197e-10 -5.54293e-12 3.11327e-10
17.25 8.42205e-11 5.93138e-10 -5.28098e-12 2.93928e-10
17.275 7.83777e-11 5.59746e-10 -5.02782e-12 2.77359e-10
17.3 7.29058e-11 5.27962e-10 -4.78343e-12 2.61589e-10
17.325 6.77841e-11 4.97728e-10 -4.54777e-12 2.4659e-10
17.35 6.29928e-11 4.68988e-10 -4.32075e-12 2.32333e-10
17.375 5.8513e-11 4.41683e-10 -4.10229e-12 2.1879e-10
17.4 5.43268e-11 4.15759e-10 -3.89227e-12 2.05933e-10
17.425 5.0417e-11 3.9116e-10 -3.69057e-12 1.93735e-10
17.45 4.67673e-11 3.67834e-10 -3.49704e-12 1.82168e-10
17.475 4.33621e-11 3.45727e-10 -3.31152e-12 1.71208e-10
17.5 4.01868e-11 3.24789e-10 -3.13384e-12 1.60828e-10
17.525 3.72274e-11 3.04969e-10 -2.96382e-12 1.51003e-10
17.55 3.44706e-11 2.86219e-10 -2.80128e-12 1.41709e-10
17.575 3.19039e-11 2.68491e-10 -2.64602e-12 1.32923e-10
17.6 2.95153e-11 2.5174e-10 -2.49784e-12 1.24621e-10
17.625 2.72937e-11 2.35919e-10 -2.35652e-12 1.16781e-10
17.65 2.52283e-11 2.20988e-10 -2.22187e-12 1.09383e-10
17.675 2.33092e-11 2.06902e-10 -2.09367e-12 1.02404e-10
17.7 2.15269e-11 1.93623e-10 -1.97171e-12 9.58255e-11
17.725 1.98724e-11 1.8111e-10 -1.85577e-12 8.9627e-11
17.75 1.83373e-11 1.69326e-10 -1.74563e-12 8.37901e-11
17.775 1.69136e-11 1.58235e-10 -1.6411e-12 7.82967e-11
17.8 1.5594e-11 1.47801e-10 -1.54194e-12 7.31294e-11
17.825 1.43714e-11 1.37991e-10 -1.44797e-12 6.82714e-11
17.85 1.32392e-11 1.28773e-10 -1.35896e-12 6.37068e-11
17.875 1.21912e-11 1.20115e-10 -1.27471e-12 5.942e-11
17.9 1.12215e-11 1.11988e-10 -1.19504e-12 5.53963e-11
17.925 1.03249e-11 1.04363e-10 -1.11973e-12 5.16215e-11
17.95 9.496e-12 9.72128e-11 -1.0486e-12 4.80821e-11
17.975 8.73021e-12 9.05117e-11 -9.81458e-13 4.47651e-11
18 8.02298e-12 8.42345e-11 -9.18128e-13 4.16582e-11
18.025 7.37014e-12 7.83574e-11 -8.5843e-13 3.87495e-11
18.05 6.76777e-12 7.28578e-11 -8.02192e-13 3.60278e-11
18.075 6.21222e-12 6.7714e-11 -7.49248e-13 3.34824e-11
18.1 5.70006e-12 6.29054e-11 -6.99435e-13 3.1103e-11
18.125 5.22812e-12 5.84124e-11 -6.52598e-13 2.88799e-11
18.15 4.79343e-12 5.42164e-11 -6.08586e-13 2.68039e-11
18.175 4.39322e-12 5.02998e-11 -5.67254e-13 2.48663e-11
18.2 4.0249e-12 4.66457e-11 -5.28462e-13 2.30586e-11
18.225 3.68609e-12 4.32382e-11 -4.92076e-13 2.13731e-11
18.25 3.37454e-12 4.00622e-11 -4.57967e-13 1.98021e-11
18.275 3.08819e-12 3.71035e-11 -4.26011e-13 1.83387e-11
18.3 2.8251e-12 3.43485e-11 -3.9609e-13 1.69762e-11
18.325 2.58348e-12 3.17843e-11 -3.6809e-13 1.57081e-11
18.35 2.36168e-12 2.9399e-11 -3.41903e-13 1.45286e-11
18.375 2.15814e-12 2.71811e-11 -3.17426e-13 1.34319e-11
18.4 1.97145e-12 2.51199e-11 -2.94559e-13 1.24127e-11
18.425 1.80026e-12 2.32051e-11 -2.73208e-13 1.1466e-11
18.45 1.64337e-12 2.14273e-11 -2.53285e-13 1.0587e-11
18.475 1.49963e-12 1.97773e-11 -2.34703e-13 9.77129e-12
18.5 1.36798e-12 1.82467e-11 -2.17382e-13 9.01466e-12
18.525 1.24747e-12 1.68276e-11 -2.01245e-13 8.31315e-12
18.55 1.13718e-12 1.55123e-11 -1.8622e-13 7.66304e-12
18.575 1.03629e-12 1.42939e-11 -1.72236e-13 7.06084e-12
18.6 9.44039e-13 1.31658e-11 -1.59229e-13 6.50327e-12
18.625 8.59711e-13 1.21217e-11 -1.47136e-13 5.98727e-12
18.65 7.82657e-13 1.11558e-11 -1.359e-13 5.50994e-12
18.675 7.12276e-13 1.02626e-11 -1.25465e-13 5.06859e-12
18.7 6.48012e-13 9.43715e-12 -1.15779e-13 4.66069e-12
18.725 5.89356e-13 8.67453e-12 -1.06792e-13 4.28387e-12
18.75 5.35838e-13 7.97029e-12 -9.84589e-14 3.93591e-12
18.775 4.87024e-13 7.32026e-12 -9.07354e-14 3.61476e-12
18.8 4.42517e-13 6.72053e-12 -8.35807e-14 3.31847e-12
18.825 4.01952e-13 6.16745e-12 -7.69561e-14 3.04525e-12
18.85 3.64992e-13 5.65761e-12 -7.08254e-14 2.79339e-12
18.875 3.31328e-13 5.18785e-12 -6.51545e-14 2.56135e-12
18.9 3.00677e-13 4.75519e-12 -5.99116e-14 2.34764e-12
18.925 2.72778e-13 4.35688e-12 -5.50665e-14 2.1509e-12
18.95 2.47394e-13 3.99034e-12 -5.05914e-14 1.96988e-12
18.975 2.24305e-13 3.6532e-12 -4.646e-14 1.80337e-12
19 2.0331e-13 3.34323e-12 -4.26476e-14 1.65029e-12
19.025 1.84227e-13 3.05835e-12 -3.91313e-14 1.50961e-12
19.05 1.66886e-13 2.79665e-12 -3.58896e-14 1.38038e-12
19.075 1.51134e-13 2.55634e-12 -3.29026e-14 1.26172e-12
19.1 1.36829e-13 2.33576e-12 -3.01514e-14 1.15281e-12
19.125 1.23843e-13 2.13339e-12 -2.76186e-14 1.05289e-12
19.15 1.12057e-13 1.9478e-12 -2.52879e-14 9.61256e-13
19.175 1.01365e-13 1.77766e-12 -2.31443e-14 8.7726e-13
19.2 9.16679e-14 1.62176e-12 -2.11735e-14 8.00294e-13
19.225 8.28754e-14 1.47896e-12 -1.93626e-14 7.298e-13
19.25 7.49058e-14 1.34822e-12 -1.76992e-14 6.6526e-13
19.275 6.76843e-14 1.22856e-12 -1.6172e-14 6.06195e-13
19.3 6.11425e-14 1.1191e-12 -1.47706e-14 5.52163e-13
19.325 5.52182e-14 1.019e-12 -1.34851e-14 5.02756e-13
19.35 4.98548e-14 9.27497e-13 -1.23064e-14 4.57595e-13
19.375 4.50006e-14 8.43894e-13 -1.12262e-14 4.16334e-13
19.4 4.06084e-14 7.67536e-13 -1.02367e-14 3.78649e-13
19.425 3.66354e-14 6.97823e-13 -9.33063e-15 3.44246e-13
19.45 3.30426e-14 6.34203e-13 -8.50134e-15 3.12851e-13
19.475 2.97946e-14 5.76167e-13 -7.74265e-15 2.84212e-13
19.5 2.68591e-14 5.23245e-13 -7.04885e-15 2.58098e-13
19.525 2.42068e-14 4.75007e-13 -6.41467e-15 2.34296e-13
19.55 2.18109e-14 4.31055e-13 -5.83523e-15 2.1261e-13
19.575 1.96473e-14 3.91024e-13 -5.30603e-15 1.92859e-13
19.6 1.7694e-14 3.54579e-13 -4.82292e-15 1.74878e-13
19.625 1.59311e-14 3.21412e-13 -4.38208e-15 1.58515e-13
19.65 1.43403e-14 2.91239e-13 -3.97996e-15 1.4363e-13
19.675 1.29052e-14 2.63802e-13 -3.61334e-15 1.30094e-13
19.7 1.16111e-14 2.38862e-13 -3.27921e-15 1.17791e-13
19.725 1.04442e-14 2.162e-13 -2.97482e-15 1.06612e-13
19.75 9.39235e-15 1.95616e-13 -2.69764e-15 9.64592e-14
19.775 8.44448e-15 1.76927e-13 -2.44534e-15 8.72411e-14
19.8 7.59051e-15 1.59966e-13 -2.21578e-15 7.88751e-14
19.825 6.82132e-15 1.44578e-13 -2.00701e-15 7.12854e-14
19.85 6.12868e-15 1.30623e-13 -1.8172e-15 6.44027e-14
19.875 5.50511e-15 1.17972e-13 -1.64472e-15 5.81634e-14
19.9 4.94387e-15 1.06507e-13 -1.48805e-15 5.25096e-14
19.925 4.43884e-15 9.61224e-14 -1.34578e-15 4.73883e-14
19.95 3.98451e-15 8.67188e-14 -1.21666e-15 4.27511e-14
19.975 3.57588e-15 7.8207e-14 -1.09951e-15 3.85538e-14
20 3.20845e-15 7.05055e-14 -9.93266e-16 3.47561e-14
