0 0.261646 0.261652 -0.00141596 0.130118
0.025 0.261646 0.261652 -0.00141596 0.130118
0.05 0.261581 0.261605 -0.00141701 0.130094
0.075 0.261473 0.261527 -0.00141874 0.130054
0.1 0.261321 0.261417 -0.00142116 0.129998
0.125 0.261126 0.261274 -0.00142423 0.129925
0.15 0.260886 0.261099 -0.00142795 0.129836
0.175 0.260602 0.260891 -0.00143228 0.129729
0.2 0.260273 0.260648 -0.0014372 0.129605
0.225 0.259898 0.26037 -0.00144268 0.129464
0.25 0.259477 0.260056 -0.00144867 0.129304
0.275 0.25901 0.259705 -0.00145514 0.129125
0.3 0.258495 0.259316 -0.00146204 0.128927
0.325 0.257932 0.258886 -0.00146933 0.128709
0.35 0.25732 0.258416 -0.00147694 0.12847
0.375 0.256658 0.257904 -0.00148484 0.128209
0.4 0.255945 0.257347 -0.00149296 0.127927
0.425 0.255181 0.256745 -0.00150125 0.127622
0.45 0.254365 0.256097 -0.00150964 0.127293
0.475 0.253496 0.2554 -0.00151806 0.126941
0.5 0.252573 0.254653 -0.00152647 0.126563
0.525 0.251594 0.253854 -0.00153479 0.12616
0.55 0.25056 0.253003 -0.00154295 0.12573
0.575 0.24947 0.252097 -0.00155089 0.125273
0.6 0.248323 0.251135 -0.00155854 0.124788
0.625 0.247117 0.250116 -0.00156584 0.124275
0.65 0.245853 0.249037 -0.00157272 0.123732
0.675 0.244529 0.247899 -0.00157911 0.12316
0.7 0.243146 0.246699 -0.00158495 0.122557
0.725 0.241703 0.245437 -0.00159018 0.121923
0.75 0.240198 0.244111 -0.00159472 0.121258
0.775 0.238633 0.242721 -0.00159854 0.120561
0.8 0.237006 0.241265 -0.00160156 0.119832
0.825 0.235318 0.239743 -0.00160373 0.11907
0.85 0.233569 0.238155 -0.001605 0.118275
0.875 0.231758 0.236499 -0.00160531 0.117447
0.9 0.229885 0.234776 -0.00160464 0.116586
0.925 0.227952 0.232985 -0.00160292 0.115691
0.95 0.225957 0.231126 -0.00160012 0.114763
0.975 0.223903 0.229199 -0.00159621 0.113802
1 0.221788 0.227206 -0.00159116 0.112807
1.025 0.219615 0.225145 -0.00158493 0.11178
1.05 0.217384 0.223017 -0.0015775 0.11072
1.075 0.215095 0.220824 -0.00156886 0.109628
1.1 0.21275 0.218566 -0.00155898 0.108504
1.125 0.210351 0.216244 -0.00154787 0.107348
1.15 0.207897 0.21386 -0.0015355 0.106162
1.175 0.205391 0.211414 -0.00152189 0.104946
1.2 0.202834 0.208908 -0.00150703 0.103701
1.225 0.200228 0.206345 -0.00149093 0.102427
1.25 0.197575 0.203725 -0.00147361 0.101125
1.275 0.194876 0.20105 -0.00145507 0.0997974
1.3 0.192133 0.198323 -0.00143534 0.0984437
1.325 0.189349 0.195545 -0.00141444 0.0970654
1.35 0.186524 0.19272 -0.0013924 0.0956637
1.375 0.183663 0.189849 -0.00136926 0.0942397
1.4 0.180766 0.186934 -0.00134504 0.0927946
1.425 0.177836 0.183979 -0.00131978 0.0913298
1.45 0.174876 0.180987 -0.00129354 0.0898465
1.475 0.171888 0.177959 -0.00126635 0.0883461
1.5 0.168874 0.174898 -0.00123826 0.08683
1.525 0.165837 0.171808 -0.00120932 0.0852996
1.55 0.162781 0.168692 -0.00117959 0.0837563
1.575 0.159706 0.165552 -0.00114912 0.0822016
1.6 0.156616 0.162392 -0.00111797 0.0806369
1.625 0.153514 0.159214 -0.00108619 0.0790638
1.65 0.150402 0.156021 -0.00105386 0.0774838
1.675 0.147284 0.152818 -0.00102102 0.0758983
1.7 0.144161 0.149606 -0.000987752 0.0743089
1.725 0.141036 0.146388 -0.000954107 0.0727171
1.75 0.137913 0.143169 -0.000920154 0.0711242
1.775 0.134793 0.13995 -0.000885955 0.0695319
1.8 0.13168 0.136735 -0.000851576 0.0679415
1.825 0.128575 0.133526 -0.00081708 0.0663546
1.85 0.125483 0.130327 -0.00078253 0.0647724
1.875 0.122404 0.127141 -0.000747989 0.0631965
1.9 0.119341 0.12397 -0.000713519 0.0616281
1.925 0.116298 0.120816 -0.00067918 0.0600686
1.95 0.113276 0.117683 -0.000645032 0.0585192
1.975 0.110277 0.114574 -0.000611131 0.0569813
2 0.107305 0.11149 -0.000577534 0.055456
2.025 0.10436 0.108433 -0.000544294 0.0539445
2.05 0.101445 0.105407 -0.000511464 0.0524478
2.075 0.0985614 0.102413 -0.000479093 0.0509672
2.1 0.0957121 0.0994543 -0.000447229 0.0495035
2.125 0.0928983 0.0965317 -0.000415916 0.0480579
2.15 0.0901219 0.0936474 -0.000385197 0.0466311
2.175 0.0873844 0.0908033 -0.000355112 0.0452241
2.2 0.0846873 0.088001 -0.000325698 0.0438377
2.225 0.0820322 0.0852422 -0.000296989 0.0424726
2.25 0.0794203 0.0825282 -0.000269017 0.0411296
2.275 0.0768528 0.0798604 -0.00024181 0.0398093
2.3 0.0743309 0.07724 -0.000215395 0.0385123
2.325 0.0718557 0.0746682 -0.000189795 0.0372392
2.35 0.069428 0.072146 -0.000165029 0.0359905
2.375 0.0670488 0.0696743 -0.000141116 0.0347666
2.4 0.0647188 0.0672538 -0.00011807 0.0335679
2.425 0.0624385 0.0648853 -9.59022e-05 0.0323947
2.45 0.0602087 0.0625693 -7.46227e-05 0.0312473
2.475 0.0580297 0.0603063 -5.42378e-05 0.0301261
2.5 0.0559019 0.0580968 -3.47514e-05 0.029031
2.525 0.0538256 0.055941 -1.6165e-05 0.0279624
2.55 0.051801 0.0538391 1.52232e-06 0.0269203
2.575 0.0498282 0.0517911 1.83138e-05 0.0259047
2.6 0.0479072 0.0497972 3.42148e-05 0.0249157
2.625 0.046038 0.0478572 4.9233e-05 0.0239532
2.65 0.0442205 0.045971 6.33779e-05 0.0230172
2.675 0.0424543 0.0441383 7.66611e-05 0.0221075
2.7 0.0407394 0.0423589 8.90957e-05 0.021224
2.725 0.0390752 0.0406323 0.000100697 0.0203665
2.75 0.0374615 0.0389581 0.00011148 0.0195348
2.775 0.0358977 0.0373358 0.000121465 0.0187286
2.8 0.0343832 0.0357648 0.000130669 0.0179477
2.825 0.0329176 0.0342445 0.000139114 0.0171918
2.85 0.0315002 0.0327742 0.00014682 0.0164605
2.875 0.0301303 0.0313532 0.00015381 0.0157535
2.9 0.0288071 0.0299807 0.000160107 0.0150704
2.925 0.0275299 0.0286558 0.000165735 0.0144108
2.95 0.0262979 0.0273778 0.000170719 0.0137743
2.975 0.0251103 0.0261457 0.000175082 0.0131604
3 0.0239661 0.0249587 0.000178851 0.0125688
3.025 0.0228644 0.0238157 0.000182052 0.0119989
3.05 0.0218045 0.0227158 0.000184709 0.0114503
3.075 0.0207852 0.021658 0.000186848 0.0109224
3.1 0.0198056 0.0206413 0.000188496 0.0104149
3.125 0.0188648 0.0196647 0.000189678 0.00992719
3.15 0.0179617 0.0187271 0.000190419 0.00945876
3.175 0.0170954 0.0178275 0.000190745 0.00900913
3.2 0.0162648 0.0169648 0.000190681 0.00857776
3.225 0.0154689 0.0161381 0.000190251 0.00816416
3.25 0.0147068 0.0153461 0.000189479 0.0077678
3.275 0.0139773 0.0145879 0.000188388 0.00738817
3.3 0.0132794 0.0138625 0.000187002 0.00702475
3.325 0.0126123 0.0131687 0.000185343 0.00667704
3.35 0.0119748 0.0125056 0.000183432 0.00634453
3.375 0.0113659 0.0118721 0.000181292 0.00602671
3.4 0.0107848 0.0112672 0.000178941 0.00572309
3.425 0.0102303 0.0106899 0.0001764 0.00543317
3.45 0.00970153 0.0101393 0.000173687 0.00515648
3.475 0.00919757 0.00961424 0.000170821 0.00489253
3.5 0.00871748 0.00911389 0.000167819 0.00464086
3.525 0.00826033 0.00863729 0.000164697 0.00440099
3.55 0.00782523 0.00818352 0.000161471 0.00417249
3.575 0.00741131 0.00775167 0.000158156 0.00395491
3.6 0.0070177 0.00734087 0.000154767 0.00374782
3.625 0.00664357 0.00695026 0.000151316 0.00355079
3.65 0.00628811 0.00657901 0.000147816 0.00336341
3.675 0.00595051 0.00622629 0.000144279 0.00318528
3.7 0.00563002 0.00589131 0.000140716 0.00301601
3.725 0.00532587 0.00557332 0.000137138 0.00285523
3.75 0.00503734 0.00527155 0.000133554 0.00270255
3.775 0.00476372 0.00498528 0.000129972 0.00255763
3.8 0.00450434 0.00471382 0.000126402 0.00242011
3.825 0.00425853 0.00445649 0.00012285 0.00228967
3.85 0.00402565 0.00421263 0.000119324 0.00216598
3.875 0.0038051 0.00398161 0.00011583 0.00204872
3.9 0.00359627 0.00376283 0.000112374 0.0019376
3.925 0.0033986 0.00355568 0.000108962 0.00183232
3.95 0.00321155 0.00335962 0.000105596 0.00173261
3.975 0.00303458 0.00317409 0.000102283 0.00163819
4 0.00286719 0.00299858 9.90253e-05 0.0015488
4.025 0.00270889 0.00283258 9.58265e-05 0.0014642
4.05 0.00255922 0.00267562 9.26892e-05 0.00138415
4.075 0.00241774 0.00252723 8.96159e-05 0.00130842
4.1 0.00228402 0.00238697 8.66087e-05 0.00123679
4.125 0.00215766 0.00225442 8.36692e-05 0.00116905
4.15 0.00203826 0.00212919 8.07987e-05 0.00110499
4.175 0.00192546 0.00201088 7.79982e-05 0.00104444
4.2 0.00181891 0.00189913 7.52686e-05 0.000987201
4.225 0.00171826 0.00179359 7.26101e-05 0.000933101
4.25 0.00162321 0.00169393 7.00232e-05 0.000881975
4.275 0.00153344 0.00159982 6.75078e-05 0.000833664
4.3 0.00144867 0.00151097 6.50637e-05 0.000788016
4.325 0.00136862 0.00142709 6.26904e-05 0.000744889
4.35 0.00129303 0.0013479 6.03876e-05 0.000704144
4.375 0.00122166 0.00127315 5.81544e-05 0.000665653
4.4 0.00115426 0.00120259 5.59901e-05 0.000629292
4.425 0.00109063 0.00113599 5.38937e-05 0.000594943
4.45 0.00103054 0.00107313 5.18641e-05 0.000562495
4.475 0.000973803 0.00101379 4.99003e-05 0.000531844
4.5 0.000920226 0.000957778 4.80009e-05 0.000502889
4.525 0.000869632 0.000904908 4.61647e-05 0.000475536
4.55 0.000821852 0.000855 4.43903e-05 0.000449695
4.575 0.000776729 0.000807888 4.26764e-05 0.000425282
4.6 0.00073411 0.000763411 4.10215e-05 0.000402216
4.625 0.000693855 0.00072142 3.94241e-05 0.000380422
4.65 0.00065583 0.000681774 3.78828e-05 0.000359829
4.675 0.000619909 0.000644339 3.63961e-05 0.000340368
4.7 0.000585972 0.000608988 3.49625e-05 0.000321975
4.725 0.000553908 0.000575604 3.35804e-05 0.000304592
4.75 0.00052361 0.000544073 3.22484e-05 0.000288161
4.775 0.00049498 0.00051429 3.0965e-05 0.000272627
4.8 0.000467922 0.000486156 2.97287e-05 0.000257942
4.825 0.000442349 0.000459576 2.85381e-05 0.000244057
4.85 0.000418177 0.000434462 2.73916e-05 0.000230927
4.875 0.000395327 0.000410732 2.6288e-05 0.00021851
4.9 0.000373727 0.000388307 2.52257e-05 0.000206766
4.925 0.000353305 0.000367112 2.42034e-05 0.000195658
4.95 0.000333997 0.000347079 2.32198e-05 0.000185149
4.975 0.00031574 0.000328142 2.22736e-05 0.000175208
5 0.000298477 0.000310239 2.13636e-05 0.000165802
5.025 0.000282152 0.000293314 2.04883e-05 0.000156901
5.05 0.000266715 0.00027731 1.96467e-05 0.000148479
5.075 0.000252116 0.000262178 1.88376e-05 0.000140508
5.1 0.000238309 0.000247868 1.80598e-05 0.000132964
5.125 0.000225252 0.000234335 1.73122e-05 0.000125824
5.15 0.000212903 0.000221536 1.65938e-05 0.000119065
5.175 0.000201225 0.000209432 1.59034e-05 0.000112668
5.2 0.000190181 0.000197983 1.52402e-05 0.000106612
5.225 0.000179736 0.000187154 1.4603e-05 0.000100879
5.25 0.000169859 0.000176912 1.3991e-05 9.54516e-05
5.275 0.000160519 0.000167225 1.34033e-05 9.0314e-05
5.3 0.000151688 0.000158062 1.28389e-05 8.54504e-05
5.325 0.000143338 0.000149396 1.2297e-05 8.08462e-05
5.35 0.000135443 0.000141199 1.17767e-05 7.64878e-05
5.375 0.00012798 0.000133447 1.12774e-05 7.2362e-05
5.4 0.000120924 0.000126115 1.07982e-05 6.84566e-05
5.425 0.000114256 0.000119182 1.03383e-05 6.47601e-05
5.45 0.000107953 0.000112626 9.89709e-06 6.12614e-05
5.475 0.000101997 0.000106427 9.47382e-06 5.79502e-05
5.5 9.63685e-05 0.000100566 9.06783e-06 5.48167e-05
5.525 9.10508e-05 9.50247e-05 8.67848e-06 5.18516e-05
5.55 8.60271e-05 8.9787e-05 8.30515e-06 4.90461e-05
5.575 8.12817e-05 8.48363e-05 7.94722e-06 4.63918e-05
5.6 7.67996e-05 8.01575e-05 7.60412e-06 4.38808e-05
5.625 7.25668e-05 7.57361e-05 7.27529e-06 4.15057e-05
5.65 6.85698e-05 7.15586e-05 6.96018e-06 3.92594e-05
5.675 6.4796e-05 6.76118e-05 6.65828e-06 3.71351e-05
5.7 6.12332e-05 6.38837e-05 6.36906e-06 3.51264e-05
5.725 5.78699e-05 6.03624e-05 6.09205e-06 3.32272e-05
5.75 5.46955e-05 5.7037e-05 5.82678e-06 3.14319e-05
5.775 5.16994e-05 5.38969e-05 5.57278e-06 2.97349e-05
5.8 4.88719e-05 5.09323e-05 5.32961e-06 2.8131e-05
5.825 4.62038e-05 4.81337e-05 5.09686e-06 2.66153e-05
5.85 4.36863e-05 4.5492e-05 4.87411e-06 2.51831e-05
5.875 4.13109e-05 4.29988e-05 4.66096e-06 2.38299e-05
5.9 3.90697e-05 4.0646e-05 4.45703e-06 2.25515e-05
5.925 3.69553e-05 3.84259e-05 4.26194e-06 2.13439e-05
5.95 3.49604e-05 3.63312e-05 4.07535e-06 2.02033e-05
5.975 3.30784e-05 3.4355e-05 3.89689e-06 1.91259e-05
6 3.13029e-05 3.24907e-05 3.72625e-06 1.81085e-05
6.025 2.96277e-05 3.07321e-05 3.5631e-06 1.71476e-05
6.05 2.80472e-05 2.90732e-05 3.40712e-06 1.62401e-05
6.075 2.65558e-05 2.75084e-05 3.25802e-06 1.53832e-05
6.1 2.51485e-05 2.60324e-05 3.1155e-06 1.45739e-05
6.125 2.38204e-05 2.46401e-05 2.97929e-06 1.38097e-05
6.15 2.25669e-05 2.33268e-05 2.84911e-06 1.3088e-05
6.175 2.13836e-05 2.20879e-05 2.72472e-06 1.24063e-05
6.2 2.02665e-05 2.09191e-05 2.60585e-06 1.17625e-05
6.225 1.92117e-05 1.98163e-05 2.49226e-06 1.11543e-05
6.25 1.82154e-05 1.87757e-05 2.38373e-06 1.05797e-05
6.275 1.72743e-05 1.77936e-05 2.28003e-06 1.00368e-05
6.3 1.63851e-05 1.68666e-05 2.18094e-06 9.52379e-06
6.325 1.55447e-05 1.59915e-05 2.08627e-06 9.03888e-06
6.35 1.47503e-05 1.51651e-05 1.9958e-06 8.58045e-06
6.375 1.39991e-05 1.43846e-05 1.90936e-06 8.14696e-06
6.4 1.32885e-05 1.36472e-05 1.82675e-06 7.73695e-06
6.425 1.26161e-05 1.29503e-05 1.7478e-06 7.34905e-06
6.45 1.19797e-05 1.22916e-05 1.67235e-06 6.98196e-06
6.475 1.13772e-05 1.16687e-05 1.60023e-06 6.63446e-06
6.5 1.08064e-05 1.10795e-05 1.53129e-06 6.30539e-06
6.525 1.02656e-05 1.0522e-05 1.46539e-06 5.99367e-06
6.55 9.75302e-06 9.99421e-06 1.40237e-06 5.69829e-06
6.575 9.26692e-06 9.49445e-06 1.34211e-06 5.41828e-06
6.6 8.8058e-06 9.02101e-06 1.28448e-06 5.15274e-06
6.625 8.36819e-06 8.57233e-06 1.22935e-06 4.90084e-06
6.65 7.95272e-06 8.14693e-06 1.17661e-06 4.66177e-06
6.675 7.55813e-06 7.74344e-06 1.12614e-06 4.43479e-06
6.7 7.18322e-06 7.36058e-06 1.07785e-06 4.21921e-06
6.725 6.82687e-06 6.99712e-06 1.03163e-06 4.01437e-06
6.75 6.48804e-06 6.65196e-06 9.87377e-07 3.81967e-06
6.775 6.16575e-06 6.32402e-06 9.45009e-07 3.63452e-06
6.8 5.85909e-06 6.01234e-06 9.04436e-07 3.45839e-06
6.825 5.56722e-06 5.71598e-06 8.65576e-07 3.29078e-06
6.85 5.28934e-06 5.43409e-06 8.28351e-07 3.13122e-06
6.875 5.02471e-06 5.16586e-06 7.92687e-07 2.97927e-06
6.9 4.77264e-06 4.91055e-06 7.58513e-07 2.83453e-06
6.925 4.53248e-06 4.66745e-06 7.25763e-07 2.69661e-06
6.95 4.30364e-06 4.43592e-06 6.94373e-07 2.56514e-06
6.975 4.08555e-06 4.21534e-06 6.64284e-07 2.43981e-06
7 3.87769e-06 4.00514e-06 6.35439e-07 2.32029e-06
7.025 3.67958e-06 3.8048e-06 6.07784e-07 2.20629e-06
7.05 3.49074e-06 3.61381e-06 5.81268e-07 2.09754e-06
7.075 3.31076e-06 3.43172e-06 5.55844e-07 1.99378e-06
7.1 3.13924e-06 3.25809e-06 5.31464e-07 1.89478e-06
7.125 2.97579e-06 3.09251e-06 5.08087e-07 1.8003e-06
7.15 2.82006e-06 2.93461e-06 4.8567e-07 1.71014e-06
7.175 2.67172e-06 2.78403e-06 4.64176e-07 1.62411e-06
7.2 2.53046e-06 2.64045e-06 4.43566e-07 1.54201e-06
7.225 2.39597e-06 2.50353e-06 4.23806e-07 1.46367e-06
7.25 2.26797e-06 2.373e-06 4.04863e-07 1.38893e-06
7.275 2.1462e-06 2.24858e-06 3.86704e-07 1.31764e-06
7.3 2.0304e-06 2.13e-06 3.69299e-07 1.24965e-06
7.325 1.92032e-06 2.01702e-06 3.5262e-07 1.18482e-06
7.35 1.81573e-06 1.90941e-06 3.36639e-07 1.12303e-06
7.375 1.71641e-06 1.80695e-06 3.21329e-07 1.06414e-06
7.4 1.62213e-06 1.70943e-06 3.06666e-07 1.00805e-06
7.425 1.53269e-06 1.61665e-06 2.92626e-07 9.54637e-07
7.45 1.44789e-06 1.52842e-06 2.79185e-07 9.038e-07
7.475 1.36754e-06 1.44455e-06 2.66321e-07 8.55436e-07
7.5 1.29144e-06 1.36488e-06 2.54013e-07 8.09447e-07
7.525 1.2194e-06 1.28924e-06 2.4224e-07 7.6574e-07
7.55 1.15127e-06 1.21747e-06 2.30983e-07 7.24225e-07
7.575 1.08685e-06 1.14941e-06 2.20223e-07 6.84814e-07
7.6 1.02599e-06 1.08491e-06 2.09941e-07 6.47424e-07
7.625 9.68511e-07 1.02383e-06 2.00119e-07 6.11973e-07
7.65 9.14268e-07 9.66026e-07 1.90741e-07 5.78383e-07
7.675 8.63103e-07 9.11365e-07 1.81789e-07 5.46577e-07
7.7 8.14868e-07 8.59713e-07 1.73247e-07 5.1648e-07
7.725 7.69417e-07 8.1094e-07 1.65101e-07 4.88021e-07
7.75 7.26612e-07 7.64922e-07 1.57334e-07 4.61128e-07
7.775 6.86317e-07 7.21534e-07 1.49931e-07 4.35733e-07
7.8 6.48403e-07 6.80657e-07 1.42879e-07 4.11768e-07
7.825 6.12743e-07 6.42176e-07 1.36164e-07 3.8917e-07
7.85 5.79217e-07 6.05975e-07 1.29771e-07 3.67873e-07
7.875 5.47709e-07 5.71945e-07 1.23688e-07 3.47816e-07
7.9 5.18107e-07 5.39976e-07 1.17902e-07 3.28939e-07
7.925 4.90304e-07 5.09964e-07 1.124e-07 3.11182e-07
7.95 4.64198e-07 4.81807e-07 1.0717e-07 2.94488e-07
7.975 4.39691e-07 4.55406e-07 1.022e-07 2.78803e-07
8 4.1669e-07 4.30663e-07 9.74785e-08 2.64071e-07
8.025 3.95106e-07 4.07485e-07 9.29948e-08 2.5024e-07
8.05 3.74854e-07 3.85783e-07 8.87378e-08 2.37261e-07
8.075 3.55855e-07 3.6547e-07 8.46968e-08 2.25083e-07
8.1 3.3803e-07 3.46461e-07 8.08618e-08 2.13661e-07
8.125 3.21309e-07 3.28675e-07 7.72226e-08 2.02949e-07
8.15 3.05621e-07 3.12036e-07 7.37697e-08 1.92903e-07
8.175 2.90901e-07 2.96469e-07 7.04938e-08 1.83482e-07
8.2 2.77087e-07 2.81904e-07 6.73858e-08 1.74645e-07
8.225 2.64121e-07 2.68274e-07 6.44371e-08 1.66355e-07
8.25 2.51946e-07 2.55513e-07 6.16393e-08 1.58576e-07
8.275 2.4051e-07 2.43562e-07 5.89842e-08 1.51273e-07
8.3 2.29762e-07 2.32362e-07 5.64641e-08 1.44413e-07
8.325 2.19655e-07 2.21859e-07 5.40715e-08 1.37965e-07
8.35 2.10145e-07 2.12003e-07 5.17991e-08 1.31901e-07
8.375 2.01187e-07 2.02745e-07 4.96402e-08 1.26193e-07
8.4 1.92743e-07 1.9404e-07 4.75881e-08 1.20814e-07
8.425 1.84773e-07 1.85845e-07 4.56365e-08 1.15741e-07
8.45 1.77242e-07 1.78121e-07 4.37793e-08 1.1095e-07
8.475 1.70115e-07 1.70832e-07 4.2011e-08 1.06422e-07
8.5 1.6336e-07 1.63943e-07 4.0326e-08 1.02135e-07
8.525 1.56947e-07 1.57423e-07 3.87192e-08 9.80709e-08
8.55 1.50846e-07 1.51241e-07 3.71857e-08 9.42133e-08
8.575 1.45032e-07 1.45371e-07 3.57209e-08 9.05459e-08
8.6 1.39479e-07 1.39787e-07 3.43205e-08 8.70539e-08
8.625 1.34164e-07 1.34467e-07 3.29805e-08 8.37238e-08
8.65 1.29065e-07 1.29389e-07 3.16969e-08 8.05428e-08
8.675 1.24162e-07 1.24533e-07 3.04662e-08 7.74995e-08
8.7 1.19438e-07 1.19881e-07 2.92852e-08 7.4583e-08
8.725 1.14875e-07 1.15417e-07 2.81506e-08 7.17836e-08
8.75 1.10459e-07 1.11125e-07 2.70596e-08 6.90922e-08
8.775 1.06176e-07 1.06992e-07 2.60096e-08 6.65006e-08
8.8 1.02015e-07 1.03004e-07 2.4998e-08 6.40012e-08
8.825 9.79651e-08 9.91515e-08 2.40227e-08 6.15871e-08
8.85 9.40174e-08 9.54227e-08 2.30816e-08 5.92521e-08
8.875 9.01645e-08 9.18084e-08 2.21728e-08 5.69906e-08
8.9 8.64005e-08 8.83002e-08 2.12945e-08 5.47974e-08
8.925 8.27204e-08 8.48905e-08 2.04452e-08 5.26679e-08
8.95 7.91207e-08 8.15725e-08 1.96235e-08 5.0598e-08
8.975 7.55988e-08 7.83401e-08 1.88281e-08 4.85841e-08
9 7.21531e-08 7.51882e-08 1.80578e-08 4.6623e-08
9.025 6.8783e-08 7.21122e-08 1.73116e-08 4.47119e-08
9.05 6.54886e-08 6.91082e-08 1.65887e-08 4.28484e-08
9.075 6.22708e-08 6.6173e-08 1.5888e-08 4.10305e-08
9.1 5.9131e-08 6.33039e-08 1.5209e-08 3.92564e-08
9.125 5.6071e-08 6.04989e-08 1.45509e-08 3.75249e-08
9.15 5.30929e-08 5.77564e-08 1.39132e-08 3.58348e-08
9.175 5.01993e-08 5.50754e-08 1.32954e-08 3.41854e-08
9.2 4.73927e-08 5.24552e-08 1.26969e-08 3.25761e-08
9.225 4.46756e-08 4.98958e-08 1.21174e-08 3.10066e-08
9.25 4.20506e-08 4.73972e-08 1.15566e-08 2.94769e-08
9.275 3.95201e-08 4.49601e-08 1.10139e-08 2.7987e-08
9.3 3.70861e-08 4.25853e-08 1.04892e-08 2.65373e-08
9.325 3.47505e-08 4.02738e-08 9.98222e-09 2.5128e-08
9.35 3.25147e-08 3.8027e-08 9.4926e-09 2.37598e-08
9.375 3.03799e-08 3.58462e-08 9.02013e-09 2.24331e-08
9.4 2.83465e-08 3.37329e-08 8.56456e-09 2.11487e-08
9.425 2.64147e-08 3.16889e-08 8.12566e-09 1.99073e-08
9.45 2.45841e-08 2.97156e-08 7.70321e-09 1.87094e-08
9.475 2.28539e-08 2.78146e-08 7.29696e-09 1.75558e-08
9.5 2.12226e-08 2.59875e-08 6.9067e-09 1.64471e-08
9.525 1.96885e-08 2.42354e-08 6.53217e-09 1.53838e-08
9.55 1.82493e-08 2.25597e-08 6.17316e-09 1.43664e-08
9.575 1.69023e-08 2.09613e-08 5.8294e-09 1.33954e-08
9.6 1.56443e-08 1.94409e-08 5.50064e-09 1.24708e-08
9.625 1.4472e-08 1.7999e-08 5.18663e-09 1.15928e-08
9.65 1.33817e-08 1.66358e-08 4.88708e-09 1.07614e-08
9.675 1.23695e-08 1.53511e-08 4.60172e-09 9.97643e-09
9.7 1.14313e-08 1.41446e-08 4.33025e-09 9.23744e-09
9.725 1.05628e-08 1.30155e-08 4.07237e-09 8.54392e-09
9.75 9.75997e-09 1.19626e-08 3.82778e-09 7.89517e-09
9.775 9.01838e-09 1.09845e-08 3.59614e-09 7.29033e-09
9.8 8.33387e-09 1.00796e-08 3.37713e-09 6.72836e-09
9.825 7.70234e-09 9.24573e-09 3.17042e-09 6.20807e-09
9.85 7.1198e-09 8.48062e-09 2.97565e-09 5.72813e-09
9.875 6.58249e-09 7.78169e-09 2.79246e-09 5.28707e-09
9.9 6.08683e-09 7.14611e-09 2.6205e-09 4.8833e-09
9.925 5.62949e-09 6.57087e-09 2.45939e-09 4.51513e-09
9.95 5.2074e-09 6.05277e-09 2.30877e-09 4.18077e-09
9.975 4.8178e-09 5.58848e-09 2.16824e-09 3.87836e-09
10 4.45816e-09 5.17456e-09 2.03742e-09 3.60599e-09
10.025 4.12628e-09 4.80754e-09 1.91592e-09 3.36173e-09
10.05 3.82021e-09 4.48386e-09 1.80335e-09 3.1436e-09
10.075 3.53831e-09 4.20002e-09 1.6993e-09 2.94966e-09
10.1 3.27914e-09 3.95254e-09 1.60339e-09 2.77797e-09
10.125 3.04155e-09 3.73801e-09 1.51521e-09 2.62661e-09
10.15 2.82456e-09 3.55314e-09 1.43436e-09 2.49375e-09
10.175 2.62738e-09 3.39476e-09 1.36044e-09 2.3776e-09
10.2 2.44937e-09 3.25985e-09 1.29306e-09 2.27646e-09
10.225 2.29003e-09 3.1456e-09 1.23182e-09 2.18871e-09
10.25 2.14893e-09 3.04934e-09 1.17632e-09 2.11283e-09
10.275 2.0257e-09 2.96867e-09 1.12618e-09 2.04742e-09
10.3 1.91998e-09 2.90135e-09 1.08102e-09 1.99118e-09
10.325 1.83143e-09 2.8454e-09 1.04046e-09 1.94293e-09
10.35 1.75966e-09 2.79904e-09 1.00412e-09 1.90158e-09
10.375 1.70424e-09 2.76072e-09 9.71658e-10 1.86619e-09
10.4 1.66463e-09 2.72909e-09 9.42708e-10 1.8359e-09
10.425 1.64022e-09 2.70303e-09 9.16931e-10 1.80998e-09
10.45 1.63029e-09 2.68159e-09 8.93997e-10 1.78779e-09
10.475 1.63399e-09 2.66399e-09 8.73585e-10 1.76879e-09
10.5 1.65034e-09 2.64962e-09 8.55388e-10 1.7525e-09
10.525 1.67825e-09 2.63801e-09 8.39114e-10 1.73856e-09
10.55 1.71651e-09 2.6288e-09 8.24484e-10 1.72664e-09
10.575 1.76378e-09 2.62175e-09 8.11232e-10 1.71649e-09
10.6 1.81862e-09 2.61668e-09 7.99112e-10 1.70789e-09
10.625 1.87952e-09 2.61347e-09 7.8789e-10 1.70068e-09
10.65 1.94489e-09 2.61204e-09 7.77351e-10 1.6947e-09
10.675 2.01308e-09 2.61234e-09 7.67294e-10 1.68982e-09
10.7 2.08243e-09 2.61431e-09 7.57539e-10 1.68593e-09
10.725 2.15127e-09 2.61789e-09 7.47919e-10 1.68291e-09
10.75 2.21794e-09 2.62298e-09 7.38288e-10 1.68063e-09
10.775 2.28085e-09 2.62945e-09 7.28513e-10 1.67898e-09
10.8 2.33846e-09 2.63712e-09 7.18481e-10 1.6778e-09
10.825 2.38934e-09 2.64577e-09 7.08095e-10 1.67693e-09
10.85 2.43217e-09 2.65512e-09 6.97271e-10 1.67619e-09
10.875 2.46576e-09 2.66482e-09 6.85945e-10 1.67538e-09
10.9 2.48909e-09 2.67448e-09 6.74064e-10 1.67427e-09
10.925 2.5013e-09 2.68366e-09 6.61592e-10 1.67262e-09
10.95 2.50173e-09 2.69186e-09 6.48504e-10 1.67018e-09
10.975 2.4899e-09 2.69856e-09 6.34789e-10 1.66668e-09
11 2.46553e-09 2.7032e-09 6.20447e-10 1.66183e-09
11.025 2.42854e-09 2.70521e-09 6.05488e-10 1.65535e-09
11.05 2.37906e-09 2.704e-09 5.89933e-10 1.64697e-09
11.075 2.31742e-09 2.69901e-09 5.7381e-10 1.63641e-09
11.1 2.24411e-09 2.68967e-09 5.57156e-10 1.62341e-09
11.125 2.15982e-09 2.67545e-09 5.40012e-10 1.60773e-09
11.15 2.06541e-09 2.65589e-09 5.22426e-10 1.58916e-09
11.175 1.96186e-09 2.63055e-09 5.04451e-10 1.5675e-09
11.2 1.8503e-09 2.59908e-09 4.86143e-10 1.54261e-09
11.225 1.73196e-09 2.5612e-09 4.67558e-10 1.51438e-09
11.25 1.60814e-09 2.51671e-09 4.48757e-10 1.48273e-09
11.275 1.48022e-09 2.4655e-09 4.29799e-10 1.44765e-09
11.3 1.3496e-09 2.40756e-09 4.10745e-10 1.40915e-09
11.325 1.21771e-09 2.343e-09 3.91653e-10 1.36733e-09
11.35 1.08595e-09 2.27199e-09 3.72582e-10 1.32229e-09
11.375 9.557e-10 2.19483e-09 3.53587e-10 1.27421e-09
11.4 8.2827e-10 2.11191e-09 3.34722e-10 1.22332e-09
11.425 7.04901e-10 2.02371e-09 3.16038e-10 1.16987e-09
11.45 5.86737e-10 1.9308e-09 2.9758e-10 1.11419e-09
11.475 4.74807e-10 1.83382e-09 2.79395e-10 1.05661e-09
11.5 3.70017e-10 1.73348e-09 2.61521e-10 9.97502e-10
11.525 2.73133e-10 1.63056e-09 2.43997e-10 9.3728e-10
11.55 1.84773e-10 1.52587e-09 2.26854e-10 8.76364e-10
11.575 1.05406e-10 1.42027e-09 2.10124e-10 8.15195e-10
11.6 3.53429e-11 1.3146e-09 1.93832e-10 7.54217e-10
11.625 -2.52613e-11 1.20976e-09 1.78001e-10 6.93879e-10
11.65 -7.64041e-11 1.1066e-09 1.6265e-10 6.34623e-10
11.675 -1.18231e-10 1.00596e-09 1.47796e-10 5.76876e-10
11.7 -1.51029e-10 9.08646e-10 1.33452e-10 5.21049e-10
11.725 -1.75213e-10 8.15422e-10 1.19631e-10 4.67526e-10
11.75 -1.91319e-10 7.26982e-10 1.0634e-10 4.16661e-10
11.775 -1.99985e-10 6.43955e-10 9.35873e-11 3.68771e-10
11.8 -2.01941e-10 5.6689e-10 8.13774e-11 3.24134e-10
11.825 -1.97988e-10 4.9625e-10 6.9714e-11 2.82982e-10
11.85 -1.88984e-10 4.32405e-10 5.85995e-11 2.45502e-10
11.875 -1.75824e-10 3.75629e-10 4.8035e-11 2.11832e-10
11.9 -1.59423e-10 3.26095e-10 3.80209e-11 1.82058e-10
11.925 -1.40702e-10 2.83877e-10 2.85566e-11 1.56217e-10
11.95 -1.20564e-10 2.48948e-10 1.96411e-11 1.34295e-10
11.975 -9.98838e-11 2.21186e-10 1.12727e-11 1.16229e-10
12 -7.94901e-11 2.00373e-10 3.44931e-12 1.01911e-10
12.025 -6.0152e-11 1.86208e-10 -3.83161e-12 9.11882e-11
12.05 -4.2567e-11 1.78306e-10 -1.0573e-11 8.38666e-11
12.075 -2.73502e-11 1.76213e-10 -1.67783e-11 7.97171e-11
12.1 -1.50257e-11 1.79409e-10 -2.24514e-11 7.8479e-11
12.125 -6.02002e-12 1.87327e-10 -2.75966e-11 7.98651e-11
12.15 -6.57086e-13 1.99353e-10 -3.2219e-11 8.3567e-11
12.175 8.44212e-13 2.14846e-10 -3.63245e-11 8.9261e-11
12.2 -1.62932e-12 2.33146e-10 -3.99195e-11 9.66135e-11
12.225 -8.08659e-12 2.53586e-10 -4.30116e-11 1.05287e-10
12.25 -1.84356e-11 2.75502e-10 -4.56095e-11 1.14946e-10
12.275 -3.24883e-11 2.98246e-10 -4.77228e-11 1.25262e-10
12.3 -4.9968e-11 3.21197e-10 -4.93627e-11 1.35917e-10
12.325 -7.05166e-11 3.43768e-10 -5.05415e-11 1.46613e-10
12.35 -9.37053e-11 3.65417e-10 -5.12732e-11 1.57072e-10
12.375 -1.19044e-10 3.85655e-10 -5.15732e-11 1.67041e-10
12.4 -1.45995e-10 4.04049e-10 -5.14585e-11 1.76295e-10
12.425 -1.73981e-10 4.20234e-10 -5.09476e-11 1.84643e-10
12.45 -2.02402e-10 4.33909e-10 -5.00609e-11 1.91924e-10
12.475 -2.30645e-10 4.44847e-10 -4.88199e-11 1.98013e-10
12.5 -2.58099e-10 4.52892e-10 -4.72481e-11 2.02822e-10
12.525 -2.84164e-10 4.57962e-10 -4.53701e-11 2.06296e-10
12.55 -3.08266e-10 4.60045e-10 -4.32121e-11 2.08416e-10
12.575 -3.29865e-10 4.59196e-10 -4.08012e-11 2.09198e-10
12.6 -3.48469e-10 4.55539e-10 -3.81658e-11 2.08686e-10
12.625 -3.63637e-10 4.49254e-10 -3.5335e-11 2.0696e-10
12.65 -3.74994e-10 4.40579e-10 -3.23388e-11 2.0412e-10
12.675 -3.82231e-10 4.29798e-10 -2.92073e-11 2.00295e-10
12.7 -3.85114e-10 4.17236e-10 -2.59711e-11 1.95633e-10
12.725 -3.83489e-10 4.03252e-10 -2.26607e-11 1.90295e-10
12.75 -3.77278e-10 3.88227e-10 -1.93063e-11 1.8446e-10
12.775 -3.66485e-10 3.72562e-10 -1.59377e-11 1.78312e-10
12.8 -3.51196e-10 3.56664e-10 -1.25838e-11 1.7204e-10
12.825 -3.31572e-10 3.40938e-10 -9.27245e-12 1.65833e-10
12.85 -3.07849e-10 3.25783e-10 -6.03046e-12 1.59876e-10
12.875 -2.80334e-10 3.11579e-10 -2.88299e-12 1.54348e-10
12.9 -2.49395e-10 2.98684e-10 1.46449e-13 1.49415e-10
12.925 -2.15459e-10 2.87426e-10 3.03621e-12 1.45231e-10
12.95 -1.79e-10 2.78093e-10 5.76672e-12 1.4193e-10
12.975 -1.40534e-10 2.70935e-10 8.32059e-12 1.39628e-10
13 -1.00609e-10 2.66155e-10 1.06828e-11 1.38419e-10
13.025 -5.97941e-11 2.63905e-10 1.28406e-11 1.38373e-10
13.05 -1.86702e-11 2.64289e-10 1.4784e-11 1.39537e-10
13.075 2.21778e-11 2.67356e-10 1.65052e-11 1.41931e-10
13.1 6.2172e-11 2.73102e-10 1.79993e-11 1.4555e-10
13.125 1.00751e-10 2.8147e-10 1.92635e-11 1.50367e-10
13.15 1.37377e-10 2.92353e-10 2.02978e-11 1.56325e-10
13.175 1.71547e-10 3.05596e-10 2.11044e-11 1.6335e-10
13.2 2.02798e-10 3.20997e-10 2.16877e-11 1.71343e-10
13.225 2.30716e-10 3.38316e-10 2.20544e-11 1.80185e-10
13.25 2.54938e-10 3.57274e-10 2.2213e-11 1.89744e-10
13.275 2.75162e-10 3.77562e-10 2.21741e-11 1.99868e-10
13.3 2.91148e-10 3.98846e-10 2.19494e-11 2.10398e-10
13.325 3.02721e-10 4.20773e-10 2.15526e-11 2.21163e-10
13.35 3.09774e-10 4.42976e-10 2.09981e-11 2.31987e-10
13.375 3.12267e-10 4.65084e-10 2.03015e-11 2.42693e-10
13.4 3.1023e-10 4.86725e-10 1.94789e-11 2.53102e-10
13.425 3.03757e-10 5.07533e-10 1.85473e-11 2.6304e-10
13.45 2.93005e-10 5.27157e-10 1.75234e-11 2.7234e-10
13.475 2.78195e-10 5.45263e-10 1.64244e-11 2.80844e-10
13.5 2.59602e-10 5.61542e-10 1.52671e-11 2.88405e-10
13.525 2.37551e-10 5.75714e-10 1.40678e-11 2.94891e-10
13.55 2.12415e-10 5.87533e-10 1.28424e-11 3.00188e-10
13.575 1.84605e-10 5.9679e-10 1.16059e-11 3.04198e-10
13.6 1.54564e-10 6.03316e-10 1.03724e-11 3.06844e-10
13.625 1.22761e-10 6.06987e-10 9.15485e-12 3.08071e-10
13.65 8.96833e-11 6.07723e-10 7.96512e-12 3.07844e-10
13.675 5.5827e-11 6.05487e-10 6.81367e-12 3.0615e-10
13.7 2.16928e-11 6.00291e-10 5.70958e-12 3.03e-10
13.725 -1.22239e-11 5.92191e-10 4.66053e-12 2.98426e-10
13.75 -4.54389e-11 5.81287e-10 3.67271e-12 2.9248e-10
13.775 -7.74867e-11 5.67721e-10 2.75082e-12 2.85236e-10
13.8 -1.07927e-10 5.51673e-10 1.89812e-12 2.76785e-10
13.825 -1.36349e-10 5.3336e-10 1.1164e-12 2.67238e-10
13.85 -1.6238e-10 5.13032e-10 4.06126e-13 2.56719e-10
13.875 -1.85686e-10 4.90967e-10 -2.33585e-13 2.45367e-10
13.9 -2.0598e-10 4.67465e-10 -8.04806e-13 2.3333e-10
13.925 -2.23022e-10 4.42846e-10 -1.31072e-12 2.20768e-10
13.95 -2.36623e-10 4.17444e-10 -1.75551e-12 2.07844e-10
13.975 -2.46645e-10 3.91602e-10 -2.14422e-12 1.94729e-10
14 -2.53005e-10 3.65664e-10 -2.4826e-12 1.81591e-10
14.025 -2.55673e-10 3.39973e-10 -2.77701e-12 1.68598e-10
14.05 -2.54671e-10 3.14868e-10 -3.03423e-12 1.55917e-10
14.075 -2.50074e-10 2.90671e-10 -3.26135e-12 1.43705e-10
14.1 -2.42003e-10 2.6769e-10 -3.46558e-12 1.32112e-10
14.125 -2.30629e-10 2.46214e-10 -3.65416e-12 1.2128e-10
14.15 -2.16165e-10 2.26504e-10 -3.83418e-12 1.11335e-10
14.175 -1.98862e-10 2.08795e-10 -4.01247e-12 1.02391e-10
14.2 -1.79009e-10 1.93288e-10 -4.19546e-12 9.45463e-11
14.225 -1.56921e-10 1.80154e-10 -4.3891e-12 8.78824e-11
14.25 -1.32943e-10 1.69525e-10 -4.59875e-12 8.24632e-11
14.275 -1.07436e-10 1.61498e-10 -4.82907e-12 7.83344e-11
14.3 -8.07787e-11 1.56131e-10 -5.08398e-12 7.55234e-11
14.325 -5.33559e-11 1.53444e-10 -5.3666e-12 7.40386e-11
14.35 -2.55579e-11 1.53419e-10 -5.67919e-12 7.38699e-11
14.375 2.22776e-12 1.56002e-10 -6.02314e-12 7.49893e-11
14.4 2.96203e-11 1.61102e-10 -6.39895e-12 7.73514e-11
14.425 5.62515e-11 1.68595e-10 -6.80624e-12 8.08943e-11
14.45 8.177e-11 1.78325e-10 -7.24377e-12 8.55406e-11
14.475 1.05846e-10 1.90108e-10 -7.70947e-12 9.11993e-11
14.5 1.28174e-10 2.03734e-10 -8.20049e-12 9.77666e-11
14.525 1.48481e-10 2.18969e-10 -8.71325e-12 1.05128e-10
14.55 1.66521e-10 2.35564e-10 -9.24351e-12 1.1316e-10
14.575 1.82087e-10 2.53251e-10 -9.78646e-12 1.21732e-10
14.6 1.95006e-10 2.71754e-10 -1.03368e-11 1.30709e-10
14.625 2.05147e-10 2.90789e-10 -1.08888e-11 1.3995e-10
14.65 2.12413e-10 3.10068e-10 -1.14365e-11 1.49316e-10
14.675 2.16752e-10 3.29307e-10 -1.19737e-11 1.58666e-10
14.7 2.18149e-10 3.48223e-10 -1.24941e-11 1.67864e-10
14.725 2.16628e-10 3.66545e-10 -1.29914e-11 1.76777e-10
14.75 2.12251e-10 3.84013e-10 -1.34594e-11 1.85277e-10
14.775 2.05118e-10 4.00384e-10 -1.38922e-11 1.93246e-10
14.8 1.95361e-10 4.15431e-10 -1.42842e-11 2.00573e-10
14.825 1.83147e-10 4.2895e-10 -1.463e-11 2.0716e-10
14.85 1.68668e-10 4.40761e-10 -1.49249e-11 2.12918e-10
14.875 1.52145e-10 4.50709e-10 -1.51647e-11 2.17772e-10
14.9 1.33821e-10 4.58666e-10 -1.53458e-11 2.2166e-10
14.925 1.13958e-10 4.64534e-10 -1.54654e-11 2.24534e-10
14.95 9.28328e-11 4.68243e-10 -1.55212e-11 2.26361e-10
14.975 7.07352e-11 4.69753e-10 -1.55119e-11 2.27121e-10
15 4.79616e-11 4.69054e-10 -1.54369e-11 2.26808e-10
15.025 2.48121e-11 4.66164e-10 -1.52964e-11 2.25434e-10
15.05 1.58696e-12 4.6113e-10 -1.50914e-11 2.23019e-10
15.075 -2.14173e-11 4.54028e-10 -1.48238e-11 2.19602e-10
15.1 -4.39119e-11 4.44957e-10 -1.44962e-11 2.1523e-10
15.125 -6.56189e-11 4.34042e-10 -1.41121e-11 2.09965e-10
15.15 -8.62743e-11 4.2143e-10 -1.36755e-11 2.03877e-10
15.175 -1.05632e-10 4.07286e-10 -1.31913e-11 1.97047e-10
15.2 -1.23464e-10 3.91793e-10 -1.26649e-11 1.89564e-10
15.225 -1.39567e-10 3.75149e-10 -1.21022e-11 1.81523e-10
15.25 -1.53761e-10 3.57563e-10 -1.15097e-11 1.73026e-10
15.275 -1.6589e-10 3.39252e-10 -1.08944e-11 1.64179e-10
15.3 -1.75829e-10 3.20441e-10 -1.02634e-11 1.55089e-10
15.325 -1.8348e-10 3.01355e-10 -9.62414e-12 1.45866e-10
15.35 -1.88772e-10 2.82222e-10 -8.98426e-12 1.36619e-10
15.375 -1.91666e-10 2.63265e-10 -8.35143e-12 1.27457e-10
15.4 -1.92152e-10 2.44701e-10 -7.73329e-12 1.18484e-10
15.425 -1.90248e-10 2.2674e-10 -7.13739e-12 1.09801e-10
15.45 -1.86001e-10 2.0958e-10 -6.57107e-12 1.01505e-10
15.475 -1.79484e-10 1.93409e-10 -6.04139e-12 9.36836e-11
15.5 -1.70796e-10 1.78395e-10 -5.55505e-12 8.642e-11
15.525 -1.60062e-10 1.64693e-10 -5.1183e-12 7.97875e-11
15.55 -1.47427e-10 1.52439e-10 -4.7369e-12 7.3851e-11
15.575 -1.33057e-10 1.41747e-10 -4.41602e-12 6.86656e-11
15.6 -1.17136e-10 1.32714e-10 -4.16022e-12 6.42767e-11
15.625 -9.98645e-11 1.25411e-10 -3.97335e-12 6.07187e-11
15.65 -8.1454e-11 1.1989e-10 -3.85856e-12 5.80159e-11
15.675 -6.2128e-11 1.16181e-10 -3.81822e-12 5.61815e-11
15.7 -4.21174e-11 1.14291e-10 -3.85395e-12 5.52184e-11
15.725 -2.16577e-11 1.14204e-10 -3.96652e-12 5.51187e-11
15.75 -9.8729e-13 1.15885e-10 -4.15593e-12 5.58645e-11
15.775 1.96562e-11 1.19278e-10 -4.42134e-12 5.74281e-11
15.8 4.0038e-11 1.24306e-10 -4.76112e-12 5.97726e-11
15.825 5.99288e-11 1.30878e-10 -5.17284e-12 6.28526e-11
15.85 7.91071e-11 1.38883e-10 -5.65331e-12 6.66148e-11
15.875 9.73617e-11 1.48196e-10 -6.1986e-12 7.09986e-11
15.9 1.14494e-10 1.58679e-10 -6.80409e-12 7.59377e-11
15.925 1.30318e-10 1.70184e-10 -7.46451e-12 8.136e-11
15.95 1.44666e-10 1.82553e-10 -8.17396e-12 8.71894e-11
15.975 1.57387e-10 1.95619e-10 -8.92603e-12 9.33464e-11
16 1.68348e-10 2.09212e-10 -9.71381e-12 9.97493e-11
16.025 1.77437e-10 2.2316e-10 -1.05299e-11 1.06315e-10
16.05 1.84562e-10 2.37286e-10 -1.13667e-11 1.1296e-10
16.075 1.89653e-10 2.51419e-10 -1.22162e-11 1.19601e-10
16.1 1.92662e-10 2.65387e-10 -1.30702e-11 1.26159e-10
16.125 1.93564e-10 2.79027e-10 -1.39204e-11 1.32553e-10
16.15 1.92353e-10 2.92178e-10 -1.47582e-11 1.3871e-10
16.175 1.89049e-10 3.04693e-10 -1.55755e-11 1.44559e-10
16.2 1.83691e-10 3.16432e-10 -1.63637e-11 1.50034e-10
16.225 1.76339e-10 3.27266e-10 -1.71147e-11 1.55076e-10
16.25 1.67073e-10 3.37082e-10 -1.78206e-11 1.5963e-10
16.275 1.55992e-10 3.45778e-10 -1.84737e-11 1.63652e-10
16.3 1.43215e-10 3.53268e-10 -1.90665e-11 1.67101e-10
16.325 1.28873e-10 3.59484e-10 -1.95921e-11 1.69946e-10
16.35 1.13117e-10 3.64371e-10 -2.00439e-11 1.72164e-10
16.375 9.61075e-11 3.67893e-10 -2.04161e-11 1.73739e-10
16.4 7.80192e-11 3.7003e-10 -2.07029e-11 1.74664e-10
16.425 5.90366e-11 3.7078e-10 -2.08997e-11 1.7494e-10
16.45 3.93526e-11 3.70156e-10 -2.10019e-11 1.74577e-10
16.475 1.91668e-11 3.6819e-10 -2.1006e-11 1.73592e-10
16.5 -1.3163e-12 3.64929e-10 -2.09089e-11 1.7201e-10
16.525 -2.18889e-11 3.60435e-10 -2.07083e-11 1.69863e-10
16.55 -4.2342e-11 3.54785e-10 -2.04025e-11 1.67191e-10
16.575 -6.2467e-11 3.48071e-10 -1.99906e-11 1.6404e-10
16.6 -8.20575e-11 3.40397e-10 -1.94722e-11 1.60462e-10
16.625 -1.00911e-10 3.31877e-10 -1.88478e-11 1.56515e-10
16.65 -1.1883e-10 3.2264e-10 -1.81184e-11 1.52261e-10
16.675 -1.35623e-10 3.12818e-10 -1.72857e-11 1.47766e-10
16.7 -1.5111e-10 3.02556e-10 -1.63521e-11 1.43102e-10
16.725 -1.65117e-10 2.92003e-10 -1.53205e-11 1.38341e-10
16.75 -1.77483e-10 2.81313e-10 -1.41945e-11 1.33559e-10
16.775 -1.88058e-10 2.70644e-10 -1.29781e-11 1.28833e-10
16.8 -1.96704e-10 2.60156e-10 -1.16759e-11 1.2424e-10
16.825 -2.03298e-10 2.5001e-10 -1.02929e-11 1.19858e-10
16.85 -2.07732e-10 2.40364e-10 -8.83467e-12 1.15764e-10
16.875 -2.0991e-10 2.31375e-10 -7.30703e-12 1.12034e-10
16.9 -2.09755e-10 2.23198e-10 -5.71619e-12 1.08741e-10
16.925 -2.07203e-10 2.15981e-10 -4.06865e-12 1.05956e-10
16.95 -2.02207e-10 2.09865e-10 -2.37119e-12 1.03747e-10
16.975 -1.94735e-10 2.04987e-10 -6.30734e-13 1.02178e-10
17 -1.84772e-10 2.01472e-10 1.14559e-12 1.01309e-10
17.025 -1.72319e-10 1.99439e-10 2.95057e-12 1.01195e-10
17.05 -1.5739e-10 1.98992e-10 4.77692e-12 1.01885e-10
17.075 -1.40017e-10 2.0023e-10 6.61734e-12 1.03424e-10
17.1 -1.20245e-10 2.03235e-10 8.46457e-12 1.0585e-10
17.125 -9.81331e-11 2.0808e-10 1.03114e-11 1.09196e-10
17.15 -7.37534e-11 2.14824e-10 1.21508e-11 1.13487e-10
17.175 -4.71911e-11 2.23513e-10 1.39757e-11 1.18744e-10
17.2 -1.8543e-11 2.3418e-10 1.57794e-11 1.2498e-10
17.225 1.20832e-11 2.46844e-10 1.75554e-11 1.322e-10
17.25 4.45698e-11 2.61513e-10 1.92974e-11 1.40405e-10
17.275 7.879e-11 2.78177e-10 2.09994e-11 1.49588e-10
17.3 1.14609e-10 2.96819e-10 2.26557e-11 1.59737e-10
17.325 1.51885e-10 3.17403e-10 2.42608e-11 1.70832e-10
17.35 1.90469e-10 3.39885e-10 2.58099e-11 1.82847e-10
17.375 2.30209e-10 3.64207e-10 2.72982e-11 1.95753e-10
17.4 2.70948e-10 3.90301e-10 2.87214e-11 2.09511e-10
17.425 3.12525e-10 4.18086e-10 3.00756e-11 2.24081e-10
17.45 3.54778e-10 4.47473e-10 3.13574e-11 2.39415e-10
17.475 3.97544e-10 4.78362e-10 3.25637e-11 2.55463e-10
17.5 4.40659e-10 5.10645e-10 3.36917e-11 2.72168e-10
17.525 4.83961e-10 5.44207e-10 3.47394e-11 2.89473e-10
17.55 5.2729e-10 5.78924e-10 3.57046e-11 3.07314e-10
17.575 5.70486e-10 6.14668e-10 3.65861e-11 3.25627e-10
17.6 6.13394e-10 6.51305e-10 3.73828e-11 3.44344e-10
17.625 6.55864e-10 6.88695e-10 3.8094e-11 3.63395e-10
17.65 6.9775e-10 7.26698e-10 3.87193e-11 3.82708e-10
17.675 7.3891e-10 7.65168e-10 3.9259e-11 4.02213e-10
17.7 7.79209e-10 8.03959e-10 3.97133e-11 4.21836e-10
17.725 8.1852e-10 8.42926e-10 4.00831e-11 4.41504e-10
17.75 8.5672e-10 8.8192e-10 4.03695e-11 4.61145e-10
17.775 8.93696e-10 9.20797e-10 4.05737e-11 4.80685e-10
17.8 9.29341e-10 9.59412e-10 4.06976e-11 5.00055e-10
17.825 9.63556e-10 9.97624e-10 4.0743e-11 5.19183e-10
17.85 9.96252e-10 1.03529e-09 4.07121e-11 5.38003e-10
17.875 1.02735e-09 1.07229e-09 4.06072e-11 5.56449e-10
17.9 1.05676e-09 1.10848e-09 4.04311e-11 5.74456e-10
17.925 1.08444e-09 1.14374e-09 4.01864e-11 5.91963e-10
17.95 1.11033e-09 1.17795e-09 3.98761e-11 6.08914e-10
17.975 1.13437e-09 1.211e-09 3.95033e-11 6.25252e-10
18 1.15652e-09 1.24278e-09 3.90712e-11 6.40928e-10
18.025 1.17676e-09 1.2732e-09 3.8583e-11 6.55891e-10
18.05 1.19507e-09 1.30216e-09 3.80422e-11 6.70099e-10
18.075 1.21142e-09 1.32957e-09 3.74522e-11 6.83511e-10
18.1 1.22582e-09 1.35536e-09 3.68165e-11 6.9609e-10
18.125 1.23825e-09 1.37947e-09 3.61385e-11 7.07803e-10
18.15 1.24874e-09 1.40182e-09 3.54218e-11 7.18623e-10
18.175 1.25729e-09 1.42238e-09 3.46698e-11 7.28525e-10
18.2 1.26393e-09 1.44109e-09 3.38861e-11 7.37487e-10
18.225 1.26868e-09 1.45792e-09 3.30741e-11 7.45495e-10
18.25 1.27157e-09 1.47283e-09 3.22371e-11 7.52534e-10
18.275 1.27265e-09 1.48582e-09 3.13785e-11 7.58598e-10
18.3 1.27196e-09 1.49686e-09 3.05015e-11 7.6368e-10
18.325 1.26954e-09 1.50595e-09 2.96092e-11 7.6778e-10
18.35 1.26546e-09 1.5131e-09 2.87047e-11 7.70901e-10
18.375 1.25975e-09 1.51831e-09 2.7791e-11 7.73048e-10
18.4 1.25249e-09 1.52159e-09 2.68708e-11 7.74231e-10
18.425 1.24374e-09 1.52298e-09 2.5947e-11 7.74463e-10
18.45 1.23356e-09 1.5225e-09 2.50221e-11 7.73759e-10
18.475 1.22202e-09 1.52018e-09 2.40985e-11 7.72137e-10
18.5 1.20919e-09 1.51606e-09 2.31786e-11 7.69619e-10
18.525 1.19514e-09 1.51019e-09 2.22647e-11 7.66227e-10
18.55 1.17994e-09 1.50262e-09 2.13587e-11 7.61988e-10
18.575 1.16367e-09 1.4934e-09 2.04625e-11 7.5693e-10
18.6 1.14639e-09 1.48259e-09 1.95781e-11 7.51082e-10
18.625 1.12819e-09 1.47024e-09 1.8707e-11 7.44476e-10
18.65 1.10913e-09 1.45644e-09 1.78507e-11 7.37143e-10
18.675 1.08929e-09 1.44123e-09 1.70106e-11 7.2912e-10
18.7 1.06874e-09 1.42469e-09 1.6188e-11 7.2044e-10
18.725 1.04754e-09 1.4069e-09 1.5384e-11 7.1114e-10
18.75 1.02578e-09 1.38791e-09 1.45996e-11 7.01256e-10
18.775 1.00352e-09 1.36782e-09 1.38356e-11 6.90826e-10
18.8 9.80817e-10 1.34668e-09 1.30928e-11 6.79889e-10
18.825 9.57749e-10 1.32459e-09 1.23718e-11 6.6848e-10
18.85 9.34375e-10 1.30161e-09 1.16731e-11 6.56639e-10
18.875 9.10755e-10 1.27781e-09 1.09973e-11 6.44404e-10
18.9 8.8695e-10 1.25328e-09 1.03445e-11 6.31812e-10
18.925 8.63016e-10 1.22808e-09 9.71502e-12 6.189e-10
18.95 8.39006e-10 1.2023e-09 9.10898e-12 6.05704e-10
18.975 8.14973e-10 1.176e-09 8.52643e-12 5.92262e-10
19 7.90967e-10 1.14925e-09 7.96734e-12 5.78608e-10
19.025 7.67033e-10 1.12212e-09 7.43159e-12 5.64777e-10
19.05 7.43217e-10 1.09469e-09 6.91901e-12 5.50802e-10
19.075 7.1956e-10 1.067e-09 6.42936e-12 5.36716e-10
19.1 6.96101e-10 1.03914e-09 5.96235e-12 5.2255e-10
19.125 6.72877e-10 1.01115e-09 5.51762e-12 5.08335e-10
19.15 6.49922e-10 9.83105e-10 5.09478e-12 4.941e-10
19.175 6.27266e-10 9.5505e-10 4.69339e-12 4.79872e-10
19.2 6.0494e-10 9.27044e-10 4.31295e-12 4.65678e-10
19.225 5.82969e-10 8.99135e-10 3.95296e-12 4.51544e-10
19.25 5.61377e-10 8.71374e-10 3.61288e-12 4.37493e-10
19.275 5.40187e-10 8.43805e-10 3.29213e-12 4.23549e-10
19.3 5.19417e-10 8.16472e-10 2.99012e-12 4.09731e-10
19.325 4.99085e-10 7.89415e-10 2.70625e-12 3.96061e-10
19.35 4.79205e-10 7.62672e-10 2.43988e-12 3.82556e-10
19.375 4.59792e-10 7.36277e-10 2.1904e-12 3.69234e-10
19.4 4.40855e-10 7.10263e-10 1.95716e-12 3.5611e-10
19.425 4.22405e-10 6.84659e-10 1.7395e-12 3.43199e-10
19.45 4.04448e-10 6.59493e-10 1.5368e-12 3.30515e-10
19.475 3.8699e-10 6.34789e-10 1.3484e-12 3.18069e-10
19.5 3.70035e-10 6.10568e-10 1.17365e-12 3.05871e-10
19.525 3.53586e-10 5.86851e-10 1.01194e-12 2.93932e-10
19.55 3.37644e-10 5.63655e-10 8.62616e-13 2.82259e-10
19.575 3.22207e-10 5.40995e-10 7.25073e-13 2.7086e-10
19.6 3.07276e-10 5.18882e-10 5.987e-13 2.59741e-10
19.625 2.92846e-10 4.9733e-10 4.82902e-13 2.48906e-10
19.65 2.78915e-10 4.76345e-10 3.77098e-13 2.38361e-10
19.675 2.65477e-10 4.55934e-10 2.80721e-13 2.28107e-10
19.7 2.52527e-10 4.36103e-10 1.9322e-13 2.18148e-10
19.725 2.40057e-10 4.16855e-10 1.14061e-13 2.08485e-10
19.75 2.28062e-10 3.98192e-10 4.27287e-14 1.99117e-10
19.775 2.16531e-10 3.80113e-10 -2.12766e-14 1.90046e-10
19.8 2.05458e-10 3.62617e-10 -7.84351e-14 1.81269e-10
19.825 1.94831e-10 3.45701e-10 -1.29209e-13 1.72786e-10
19.85 1.84643e-10 3.29361e-10 -1.7404e-13 1.64594e-10
19.875 1.74883e-10 3.13593e-10 -2.13354e-13 1.5669e-10
19.9 1.65539e-10 2.98389e-10 -2.47555e-13 1.49071e-10
19.925 1.56602e-10 2.83743e-10 -2.7703e-13 1.41733e-10
19.95 1.48061e-10 2.69647e-10 -3.02147e-13 1.34672e-10
19.975 1.39903e-10 2.56091e-10 -3.23254e-13 1.27884e-10
20 1.32118e-10 2.43066e-10 -3.40683e-13 1.21363e-10
