0 -0.000961652 -0.000837714 2.86507e-05 -0.000404532
0.025 -0.000961652 -0.000837714 2.86507e-05 -0.000404532
0.05 -0.00192036 -0.00167288 5.7149e-05 -0.000807866
0.075 -0.00287318 -0.00250296 8.53428e-05 -0.00120881
0.1 -0.0038172 -0.00332544 0.00011308 -0.00160618
0.125 -0.00474953 -0.00413782 0.000140211 -0.0019988
0.15 -0.00566731 -0.00493763 0.000166584 -0.00238552
0.175 -0.00656774 -0.00572245 0.000192052 -0.0027652
0.2 -0.00744806 -0.00648991 0.000216468 -0.00313672
0.225 -0.0083056 -0.0072377 0.000239685 -0.00349901
0.25 -0.00913774 -0.00796356 0.000261562 -0.003851
0.275 -0.00994194 -0.00866531 0.000281955 -0.00419168
0.3 -0.0107158 -0.00934086 0.000300728 -0.00452007
0.325 -0.0114569 -0.00998819 0.000317744 -0.00483522
0.35 -0.012163 -0.0106054 0.00033287 -0.00513626
0.375 -0.0128321 -0.0111906 0.000345975 -0.00542232
0.4 -0.013462 -0.0117422 0.000356934 -0.00569261
0.425 -0.014051 -0.0122584 0.000365622 -0.0059464
0.45 -0.0145972 -0.0127379 0.00037192 -0.00618299
0.475 -0.0150991 -0.0131792 0.000375711 -0.00640176
0.5 -0.0155551 -0.0135812 0.000376885 -0.00660214
0.525 -0.015964 -0.0139426 0.000375332 -0.00678362
0.55 -0.0163245 -0.0142625 0.00037095 -0.00694578
0.575 -0.0166357 -0.0145401 0.000363639 -0.00708822
0.6 -0.0168967 -0.0147746 0.000353305 -0.00721065
0.625 -0.0171068 -0.0149655 0.000339858 -0.00731283
0.65 -0.0172654 -0.0151124 0.000323212 -0.00739458
0.675 -0.0173722 -0.0152149 0.000303287 -0.00745581
0.7 -0.017427 -0.015273 0.000280009 -0.00749649
0.725 -0.0174297 -0.0152866 0.000253307 -0.00751665
0.75 -0.0173805 -0.0152559 0.000223117 -0.00751642
0.775 -0.0172797 -0.0151813 0.00018938 -0.00749596
0.8 -0.0171277 -0.0150631 0.000152042 -0.00745553
0.825 -0.0169252 -0.014902 0.000111055 -0.00739545
0.85 -0.016673 -0.0146986 6.63774e-05 -0.00731611
0.875 -0.016372 -0.0144539 1.79731e-05 -0.00721797
0.9 -0.0160234 -0.0141689 -3.4188e-05 -0.00710154
0.925 -0.0156284 -0.0138447 -9.01297e-05 -0.00696742
0.95 -0.0151886 -0.0134826 -0.000149869 -0.00681624
0.975 -0.0147053 -0.013084 -0.000213418 -0.00664872
1 -0.0141805 -0.0126505 -0.000280779 -0.00646562
1.025 -0.0136159 -0.0121836 -0.000351951 -0.00626777
1.05 -0.0130136 -0.0116852 -0.000426923 -0.00605605
1.075 -0.0123756 -0.0111571 -0.000505679 -0.00583137
1.1 -0.0117042 -0.0106013 -0.000588194 -0.00559473
1.125 -0.0110019 -0.0100198 -0.000674437 -0.00534713
1.15 -0.010271 -0.00941493 -0.000764367 -0.00508965
1.175 -0.00951413 -0.00878882 -0.000857938 -0.00482338
1.2 -0.00873397 -0.00814383 -0.000955093 -0.00454946
1.225 -0.00793328 -0.00748238 -0.00105577 -0.00426907
1.25 -0.00711488 -0.00680692 -0.00115989 -0.0039834
1.275 -0.00628168 -0.00611999 -0.00126738 -0.00369369
1.3 -0.00543664 -0.00542418 -0.00137815 -0.00340116
1.325 -0.00458279 -0.0047221 -0.00149209 -0.00310709
1.35 -0.00372317 -0.00401643 -0.00160909 -0.00281276
1.375 -0.00286089 -0.00330985 -0.00172905 -0.00251945
1.4 -0.00199907 -0.00260509 -0.00185182 -0.00222845
1.425 -0.00114086 -0.00190486 -0.00197727 -0.00194107
1.45 -0.000289386 -0.00121191 -0.00210526 -0.00165858
1.475 0.00055219 -0.000528967 -0.00223562 -0.00138229
1.5 0.00138074 0.000141241 -0.00236818 -0.00111347
1.525 0.00219314 0.000796008 -0.00250277 -0.000853379
1.55 0.00298632 0.00143265 -0.00263919 -0.000603267
1.575 0.00375723 0.00204852 -0.00277724 -0.000364358
1.6 0.00450286 0.002641 -0.00291671 -0.000137852
1.625 0.00522027 0.00320754 -0.00305738 7.50819e-05
1.65 0.00590658 0.00374562 -0.00319901 0.000273305
1.675 0.006559 0.0042528 -0.00334137 0.000455716
1.7 0.00717479 0.0047267 -0.00348419 0.000621253
1.725 0.00775132 0.00516502 -0.00362722 0.000768898
1.75 0.00828607 0.00556553 -0.00377018 0.000897679
1.775 0.00877659 0.00592612 -0.00391278 0.00100667
1.8 0.00922058 0.00624475 -0.00405473 0.00109501
1.825 0.00961583 0.00651949 -0.00419574 0.00116188
1.85 0.00996028 0.00674851 -0.00433548 0.00120651
1.875 0.010252 0.0069301 -0.00447364 0.00122823
1.9 0.0104892 0.00706266 -0.0046099 0.00122638
1.925 0.0106701 0.00714474 -0.00474391 0.00120041
1.95 0.0107934 0.00717499 -0.00487535 0.00114982
1.975 0.0108577 0.00715219 -0.00500385 0.00107417
2 0.0108617 0.00707528 -0.00512907 0.000973105
2.025 0.0108044 0.00694333 -0.00525066 0.000846332
2.05 0.0106851 0.00675553 -0.00536826 0.000693638
2.075 0.0105029 0.00651126 -0.0054815 0.000514882
2.1 0.0102574 0.00621002 -0.00559002 0.000309999
2.125 0.00994815 0.00585145 -0.00569346 7.89966e-05
2.15 0.00957509 0.00543538 -0.00579146 -0.000178038
2.175 0.00913818 0.00496176 -0.00588365 -0.000460943
2.2 0.00863759 0.00443072 -0.00596968 -0.000769481
2.225 0.00807369 0.00384251 -0.00604919 -0.00110334
2.25 0.00744699 0.00319758 -0.00612184 -0.00146213
2.275 0.0067582 0.00249651 -0.00618728 -0.00184538
2.3 0.0060082 0.00174002 -0.00624517 -0.00225257
2.325 0.00519804 0.000929023 -0.0062952 -0.00268309
2.35 0.00432893 6.45424e-05 -0.00633705 -0.00313625
2.375 0.00340224 -0.000852227 -0.0063704 -0.00361132
2.4 0.00241952 -0.00181995 -0.00639498 -0.00410747
2.425 0.00138245 -0.00283715 -0.00641051 -0.00462383
2.45 0.000292892 -0.0039022 -0.00641672 -0.00515946
2.475 -0.000847171 -0.00501336 -0.00641337 -0.00571337
2.5 -0.0020356 -0.00616874 -0.00640024 -0.00628449
2.525 -0.00327014 -0.00736632 -0.00637711 -0.00687171
2.55 -0.00454838 -0.00860397 -0.0063438 -0.00747389
2.575 -0.00586782 -0.00987945 -0.00630015 -0.0080898
2.6 -0.00722581 -0.0111904 -0.00624601 -0.0087182
2.625 -0.00861963 -0.0125343 -0.00618127 -0.0093578
2.65 -0.0100464 -0.0139087 -0.00610582 -0.0100073
2.675 -0.0115033 -0.0153109 -0.0060196 -0.0106653
2.7 -0.0129872 -0.0167381 -0.00592257 -0.0113304
2.725 -0.0144951 -0.0181876 -0.00581472 -0.0120012
2.75 -0.0160238 -0.0196565 -0.00569604 -0.0126763
2.775 -0.0175702 -0.0211418 -0.00556659 -0.0133542
2.8 -0.0191309 -0.0226405 -0.00542642 -0.0140335
2.825 -0.0207028 -0.0241497 -0.00527564 -0.0147127
2.85 -0.0222824 -0.0256663 -0.00511438 -0.0153903
2.875 -0.0238665 -0.0271871 -0.00494278 -0.0160649
2.9 -0.0254518 -0.028709 -0.00476104 -0.016735
2.925 -0.0270349 -0.030229 -0.00456936 -0.0173992
2.95 -0.0286124 -0.031744 -0.00436799 -0.018056
2.975 -0.0301812 -0.0332508 -0.00415719 -0.018704
3 -0.0317379 -0.0347463 -0.00393727 -0.0193418
3.025 -0.0332793 -0.0362275 -0.00370856 -0.019968
3.05 -0.0348023 -0.0376913 -0.0034714 -0.0205814
3.075 -0.0363037 -0.0391349 -0.00322618 -0.0211805
3.1 -0.0377805 -0.0405552 -0.00297329 -0.0217643
3.125 -0.0392297 -0.0419495 -0.00271317 -0.0223313
3.15 -0.0406483 -0.0433148 -0.00244627 -0.0228805
3.175 -0.0420338 -0.0446486 -0.00217306 -0.0234108
3.2 -0.0433832 -0.0459481 -0.00189402 -0.0239211
3.225 -0.0446941 -0.0472109 -0.00160968 -0.0244103
3.25 -0.0459639 -0.0484345 -0.00132056 -0.0248775
3.275 -0.0471903 -0.0496165 -0.00102721 -0.0253219
3.3 -0.048371 -0.0507548 -0.000730182 -0.0257425
3.325 -0.0495041 -0.0518473 -0.000430047 -0.0261387
3.35 -0.0505874 -0.052892 -0.000127388 -0.0265097
3.375 -0.0516191 -0.0538869 0.000177206 -0.0268549
3.4 -0.0525976 -0.0548306 0.000483138 -0.0271737
3.425 -0.0535213 -0.0557212 0.000789807 -0.0274657
3.45 -0.0543889 -0.0565575 0.00109661 -0.0277304
3.475 -0.0551991 -0.0573381 0.00140294 -0.0279676
3.5 -0.0559507 -0.0580618 0.00170819 -0.0281768
3.525 -0.056643 -0.0587277 0.00201176 -0.028358
3.55 -0.057275 -0.0593349 0.00231306 -0.0285109
3.575 -0.0578463 -0.0598828 0.0026115 -0.0286356
3.6 -0.0583563 -0.0603706 0.0029065 -0.0287321
3.625 -0.0588047 -0.0607982 0.00319748 -0.0288004
3.65 -0.0591913 -0.0611652 0.00348389 -0.0288406
3.675 -0.0595163 -0.0614715 0.0037652 -0.0288531
3.7 -0.0597796 -0.0617171 0.00404086 -0.0288381
3.725 -0.0599816 -0.0619023 0.00431038 -0.028796
3.75 -0.0601228 -0.0620274 0.00457326 -0.0287271
3.775 -0.0602037 -0.0620928 0.00482904 -0.0286319
3.8 -0.0602249 -0.0620992 0.00507726 -0.028511
3.825 -0.0601875 -0.0620473 0.00531751 -0.0283649
3.85 -0.0600922 -0.061938 0.00554939 -0.0281943
3.875 -0.0599403 -0.0617722 0.00577252 -0.0279999
3.9 -0.0597329 -0.0615512 0.00598656 -0.0277823
3.925 -0.0594712 -0.0612759 0.00619118 -0.0275424
3.95 -0.0591568 -0.0609479 0.00638611 -0.0272809
3.975 -0.0587911 -0.0605686 0.00657107 -0.0269988
4 -0.0583758 -0.0601394 0.00674584 -0.0266968
4.025 -0.0579124 -0.059662 0.00691021 -0.0263759
4.05 -0.0574028 -0.059138 0.00706401 -0.026037
4.075 -0.0568487 -0.0585692 0.00720709 -0.0256811
4.1 -0.0562521 -0.0579576 0.00733935 -0.0253091
4.125 -0.055615 -0.0573048 0.00746071 -0.024922
4.15 -0.0549392 -0.056613 0.00757111 -0.0245209
4.175 -0.0542269 -0.055884 0.00767052 -0.0241067
4.2 -0.05348 -0.05512 0.00775896 -0.0236805
4.225 -0.0527007 -0.0543229 0.00783646 -0.0232432
4.25 -0.0518911 -0.0534949 0.00790308 -0.0227959
4.275 -0.0510533 -0.0526381 0.00795891 -0.0223396
4.3 -0.0501895 -0.0517546 0.00800407 -0.0218753
4.325 -0.0493017 -0.0508466 0.0080387 -0.0214039
4.35 -0.0483922 -0.0499161 0.00806296 -0.0209266
4.375 -0.0474629 -0.0489652 0.00807704 -0.0204441
4.4 -0.046516 -0.0479962 0.00808115 -0.0199575
4.425 -0.0455536 -0.047011 0.00807553 -0.0194677
4.45 -0.0445777 -0.0460117 0.00806042 -0.0189756
4.475 -0.0435903 -0.0450003 0.00803609 -0.0184821
4.5 -0.0425934 -0.0439789 0.00800283 -0.017988
4.525 -0.0415889 -0.0429494 0.00796094 -0.0174942
4.55 -0.0405787 -0.0419136 0.00791074 -0.0170014
4.575 -0.0395645 -0.0408735 0.00785255 -0.0165105
4.6 -0.0385482 -0.0398308 0.00778672 -0.0160221
4.625 -0.0375315 -0.0387874 0.00771358 -0.0155369
4.65 -0.036516 -0.0377448 0.0076335 -0.0150557
4.675 -0.0355033 -0.0367048 0.00754685 -0.014579
4.7 -0.0344949 -0.0356688 0.00745398 -0.0141074
4.725 -0.0334923 -0.0346383 0.00735529 -0.0136415
4.75 -0.0324968 -0.0336149 0.00725113 -0.0131819
4.775 -0.0315098 -0.0325998 0.0071419 -0.0127289
4.8 -0.0305325 -0.0315943 0.00702796 -0.0122832
4.825 -0.029566 -0.0305996 0.00690969 -0.0118449
4.85 -0.0286115 -0.0296169 0.00678748 -0.0114147
4.875 -0.0276699 -0.0286472 0.00666168 -0.0109927
4.9 -0.0267422 -0.0276915 0.00653267 -0.0105794
4.925 -0.0258294 -0.0267507 0.00640081 -0.0101749
4.95 -0.024932 -0.0258256 0.00626645 -0.00977959
4.975 -0.024051 -0.0249171 0.00612993 -0.00939358
5 -0.0231869 -0.0240258 0.00599161 -0.00901708
5.025 -0.0223404 -0.0231523 0.00585179 -0.00865025
5.05 -0.021512 -0.0222972 0.00571081 -0.00829318
5.075 -0.020702 -0.0214609 0.00556898 -0.00794598
5.1 -0.019911 -0.020644 0.00542659 -0.00760871
5.125 -0.0191392 -0.0198467 0.00528393 -0.0072814
5.15 -0.018387 -0.0190694 0.00514127 -0.00696406
5.175 -0.0176544 -0.0183122 0.00499887 -0.00665667
5.2 -0.0169418 -0.0175754 0.00485699 -0.00635921
5.225 -0.0162491 -0.0168591 0.00471587 -0.00607161
5.25 -0.0155765 -0.0161633 0.00457572 -0.0057938
5.275 -0.0149239 -0.0154881 0.00443676 -0.00552568
5.3 -0.0142913 -0.0148335 0.00429918 -0.00526714
5.325 -0.0136787 -0.0141993 0.00416317 -0.00501806
5.35 -0.0130859 -0.0135855 0.0040289 -0.00477828
5.375 -0.0125127 -0.0129919 0.00389653 -0.00454766
5.4 -0.0119589 -0.0124183 0.00376621 -0.00432603
5.425 -0.0114244 -0.0118645 0.00363806 -0.0041132
5.45 -0.0109088 -0.0113302 0.0035122 -0.003909
5.475 -0.0104119 -0.0108152 0.00338876 -0.00371322
5.5 -0.00993335 -0.0103191 0.00326781 -0.00352566
5.525 -0.00947285 -0.00984168 0.00314944 -0.00334612
5.55 -0.00903003 -0.00938247 0.00303374 -0.00317437
5.575 -0.00860451 -0.00894113 0.00292075 -0.00301019
5.6 -0.00819591 -0.00851728 0.00281053 -0.00285337
5.625 -0.00780384 -0.00811049 0.00270313 -0.00270368
5.65 -0.00742787 -0.00772036 0.00259858 -0.00256089
5.675 -0.00706759 -0.00734646 0.00249689 -0.00242478
5.7 -0.00672256 -0.00698833 0.00239809 -0.00229512
5.725 -0.00639236 -0.00664554 0.00230219 -0.00217168
5.75 -0.00607653 -0.00631763 0.00220917 -0.00205423
5.775 -0.00577464 -0.00600415 0.00211903 -0.00194256
5.8 -0.00548624 -0.00570464 0.00203176 -0.00183644
5.825 -0.00521089 -0.00541865 0.00194733 -0.00173566
5.85 -0.00494814 -0.00514572 0.00186573 -0.00164
5.875 -0.00469756 -0.00488539 0.0017869 -0.00154924
5.9 -0.0044587 -0.00463722 0.00171083 -0.00146319
5.925 -0.00423113 -0.00440075 0.00163747 -0.00138164
5.95 -0.00401443 -0.00417556 0.00156676 -0.0013044
5.975 -0.00380818 -0.0039612 0.00149867 -0.00123126
6 -0.00361196 -0.00375724 0.00143314 -0.00116205
6.025 -0.00342537 -0.00356328 0.00137011 -0.00109658
6.05 -0.00324801 -0.00337889 0.00130953 -0.00103468
6.075 -0.00307949 -0.00320368 0.00125134 -0.000976172
6.1 -0.00291943 -0.00303726 0.00119547 -0.000920892
6.125 -0.00276747 -0.00287923 0.00114187 -0.000868682
6.15 -0.00262324 -0.00272924 0.00109047 -0.000819388
6.175 -0.0024864 -0.00258692 0.0010412 -0.000772862
6.2 -0.0023566 -0.00245192 0.000993998 -0.000728961
6.225 -0.00223353 -0.0023239 0.000948802 -0.000687549
6.25 -0.00211686 -0.00220253 0.000905546 -0.000648494
6.275 -0.0020063 -0.0020875 0.000864162 -0.00061167
6.3 -0.00190153 -0.0019785 0.000824587 -0.000576958
6.325 -0.00180229 -0.00187524 0.000786755 -0.000544242
6.35 -0.00170829 -0.00177743 0.000750603 -0.000513412
6.375 -0.00161927 -0.00168479 0.000716068 -0.000484363
6.4 -0.00153499 -0.00159708 0.000683088 -0.000456996
6.425 -0.0014552 -0.00151404 0.000651603 -0.000431217
6.45 -0.00137967 -0.00143542 0.000621551 -0.000406933
6.475 -0.00130817 -0.001361 0.000592876 -0.00038406
6.5 -0.0012405 -0.00129055 0.00056552 -0.000362517
6.525 -0.00117645 -0.00122388 0.000539428 -0.000342225
6.55 -0.00111583 -0.00116077 0.000514545 -0.000323112
6.575 -0.00105846 -0.00110104 0.00049082 -0.000305109
6.6 -0.00100416 -0.0010445 0.000468201 -0.000288149
6.625 -0.000952761 -0.000990983 0.000446639 -0.000272172
6.65 -0.000904109 -0.000940324 0.000426087 -0.000257118
6.675 -0.000858053 -0.000892365 0.000406499 -0.000242933
6.7 -0.00081445 -0.000846958 0.00038783 -0.000229564
6.725 -0.000773163 -0.000803963 0.000370038 -0.000216963
6.75 -0.000734066 -0.000763246 0.000353081 -0.000205083
6.775 -0.000697035 -0.000724681 0.00033692 -0.00019388
6.8 -0.000661956 -0.000688148 0.000321518 -0.000183315
6.825 -0.000628721 -0.000653534 0.000306838 -0.000173348
6.85 -0.000597226 -0.000620733 0.000292845 -0.000163944
6.875 -0.000567373 -0.000589642 0.000279507 -0.000155068
6.9 -0.000539073 -0.000560167 0.000266791 -0.000146688
6.925 -0.000512237 -0.000532218 0.000254667 -0.000138776
6.95 -0.000486784 -0.000505711 0.000243106 -0.000131302
6.975 -0.000462637 -0.000480564 0.000232081 -0.000124241
7 -0.000439724 -0.000456702 0.000221565 -0.000117569
7.025 -0.000417977 -0.000434055 0.000211534 -0.000111261
7.05 -0.00039733 -0.000412556 0.000201963 -0.000105297
7.075 -0.000377724 -0.000392141 0.00019283 -9.96555e-05
7.1 -0.000359101 -0.000372752 0.000184114 -9.43189e-05
7.125 -0.000341409 -0.000354333 0.000175795 -8.92689e-05
7.15 -0.000324596 -0.00033683 0.000167852 -8.44891e-05
7.175 -0.000308615 -0.000320196 0.000160268 -7.99638e-05
7.2 -0.000293422 -0.000304383 0.000153025 -7.56786e-05
7.225 -0.000278975 -0.000289347 0.000146108 -7.16199e-05
7.25 -0.000265234 -0.000275049 0.000139499 -6.7775e-05
7.275 -0.000252163 -0.000261449 0.000133185 -6.4132e-05
7.3 -0.000239726 -0.000248511 0.000127152 -6.06796e-05
7.325 -0.000227891 -0.000236201 0.000121386 -5.74075e-05
7.35 -0.000216627 -0.000224486 0.000115875 -5.43059e-05
7.375 -0.000205905 -0.000213337 0.000110606 -5.13655e-05
7.4 -0.000195697 -0.000202726 0.00010557 -4.85778e-05
7.425 -0.000185979 -0.000192624 0.000100755 -4.59346e-05
7.45 -0.000176726 -0.000183008 9.61509e-05 -4.34284e-05
7.475 -0.000167915 -0.000173852 9.17485e-05 -4.1052e-05
7.5 -0.000159524 -0.000165136 8.75388e-05 -3.87986e-05
7.525 -0.000151534 -0.000156837 8.35131e-05 -3.66621e-05
7.55 -0.000143925 -0.000148936 7.96635e-05 -3.46364e-05
7.575 -0.00013668 -0.000141414 7.59822e-05 -3.27159e-05
7.6 -0.00012978 -0.000134253 7.24619e-05 -3.08953e-05
7.625 -0.00012321 -0.000127435 6.90958e-05 -2.91697e-05
7.65 -0.000116955 -0.000120946 6.58772e-05 -2.75342e-05
7.675 -0.000111 -0.000114769 6.28001e-05 -2.59845e-05
7.7 -0.000105331 -0.000108891 5.98583e-05 -2.45163e-05
7.725 -9.99358e-05 -0.000103297 5.70462e-05 -2.31256e-05
7.75 -9.48013e-05 -9.79759e-05 5.43586e-05 -2.18086e-05
7.775 -8.99159e-05 -9.29137e-05 5.17902e-05 -2.05618e-05
7.8 -8.52684e-05 -8.80993e-05 4.93361e-05 -1.93816e-05
7.825 -8.08481e-05 -8.35214e-05 4.69917e-05 -1.82648e-05
7.85 -7.66449e-05 -7.91694e-05 4.47525e-05 -1.72084e-05
7.875 -7.26489e-05 -7.50331e-05 4.26143e-05 -1.62094e-05
7.9 -6.8851e-05 -7.11028e-05 4.05728e-05 -1.5265e-05
7.925 -6.52424e-05 -6.73692e-05 3.86242e-05 -1.43725e-05
7.95 -6.18144e-05 -6.38234e-05 3.67648e-05 -1.35293e-05
7.975 -5.8559e-05 -6.04571e-05 3.49908e-05 -1.27331e-05
8 -5.54685e-05 -5.7262e-05 3.32989e-05 -1.19816e-05
8.025 -5.25355e-05 -5.42304e-05 3.16856e-05 -1.12724e-05
8.05 -4.97527e-05 -5.13548e-05 3.01478e-05 -1.06035e-05
8.075 -4.71135e-05 -4.86281e-05 2.86824e-05 -9.97284e-06
8.1 -4.46112e-05 -4.60435e-05 2.72864e-05 -9.37853e-06
8.125 -4.22395e-05 -4.35943e-05 2.59569e-05 -8.81871e-06
8.15 -3.99924e-05 -4.12743e-05 2.46911e-05 -8.2916e-06
8.175 -3.78642e-05 -3.90774e-05 2.34864e-05 -7.79553e-06
8.2 -3.58492e-05 -3.69979e-05 2.23401e-05 -7.32888e-06
8.225 -3.39421e-05 -3.50301e-05 2.12499e-05 -6.8901e-06
8.25 -3.21379e-05 -3.31686e-05 2.02132e-05 -6.47773e-06
8.275 -3.04315e-05 -3.14085e-05 1.92277e-05 -6.09035e-06
8.3 -2.88182e-05 -2.97446e-05 1.82913e-05 -5.72663e-06
8.325 -2.72935e-05 -2.81723e-05 1.74018e-05 -5.38527e-06
8.35 -2.58531e-05 -2.66871e-05 1.6557e-05 -5.06506e-06
8.375 -2.44926e-05 -2.52845e-05 1.57549e-05 -4.76481e-06
8.4 -2.32082e-05 -2.39605e-05 1.49936e-05 -4.48342e-06
8.425 -2.19959e-05 -2.27109e-05 1.42713e-05 -4.21981e-06
8.45 -2.08521e-05 -2.15319e-05 1.3586e-05 -3.97297e-06
8.475 -1.97732e-05 -2.04199e-05 1.29361e-05 -3.74193e-06
8.5 -1.87558e-05 -1.93713e-05 1.23198e-05 -3.52577e-06
8.525 -1.77966e-05 -1.83827e-05 1.17355e-05 -3.3236e-06
8.55 -1.68925e-05 -1.7451e-05 1.11818e-05 -3.1346e-06
8.575 -1.60405e-05 -1.65729e-05 1.0657e-05 -2.95795e-06
8.6 -1.52378e-05 -1.57455e-05 1.01597e-05 -2.79291e-06
8.625 -1.44815e-05 -1.4966e-05 9.6885e-06 -2.63875e-06
8.65 -1.37692e-05 -1.42317e-05 9.24211e-06 -2.4948e-06
8.675 -1.30983e-05 -1.354e-05 8.81922e-06 -2.3604e-06
8.7 -1.24665e-05 -1.28885e-05 8.4186e-06 -2.23493e-06
8.725 -1.18713e-05 -1.22747e-05 8.03908e-06 -2.11782e-06
8.75 -1.13108e-05 -1.16965e-05 7.6795e-06 -2.0085e-06
8.775 -1.07827e-05 -1.11517e-05 7.33881e-06 -1.90646e-06
8.8 -1.02853e-05 -1.06384e-05 7.01596e-06 -1.8112e-06
8.825 -9.81647e-06 -1.01545e-05 6.70997e-06 -1.72225e-06
8.85 -9.37459e-06 -9.69824e-06 6.41988e-06 -1.63918e-06
8.875 -8.95794e-06 -9.26793e-06 6.14482e-06 -1.56156e-06
8.9 -8.56493e-06 -8.8619e-06 5.8839e-06 -1.489e-06
8.925 -8.19405e-06 -8.4786e-06 5.63633e-06 -1.42113e-06
8.95 -7.84386e-06 -8.11655e-06 5.40133e-06 -1.35761e-06
8.975 -7.51301e-06 -7.77438e-06 5.17816e-06 -1.29811e-06
9 -7.20023e-06 -7.45076e-06 4.96613e-06 -1.24232e-06
9.025 -6.90431e-06 -7.14448e-06 4.76456e-06 -1.18996e-06
9.05 -6.62413e-06 -6.85436e-06 4.57285e-06 -1.14075e-06
9.075 -6.35861e-06 -6.57931e-06 4.39039e-06 -1.09446e-06
9.1 -6.10676e-06 -6.31831e-06 4.21662e-06 -1.05084e-06
9.125 -5.86763e-06 -6.07039e-06 4.05102e-06 -1.00969e-06
9.15 -5.64034e-06 -5.83467e-06 3.8931e-06 -9.70786e-07
9.175 -5.42408e-06 -5.61029e-06 3.74237e-06 -9.33958e-07
9.2 -5.21808e-06 -5.39647e-06 3.59841e-06 -8.9903e-07
9.225 -5.02162e-06 -5.19248e-06 3.4608e-06 -8.65842e-07
9.25 -4.83404e-06 -4.99765e-06 3.32915e-06 -8.34247e-07
9.275 -4.65471e-06 -4.81133e-06 3.20311e-06 -8.04112e-07
9.3 -4.48307e-06 -4.63295e-06 3.08232e-06 -7.75313e-07
9.325 -4.31858e-06 -4.46196e-06 2.96648e-06 -7.47738e-07
9.35 -4.16075e-06 -4.29786e-06 2.85529e-06 -7.21285e-07
9.375 -4.00914e-06 -4.1402e-06 2.74848e-06 -6.95861e-07
9.4 -3.86333e-06 -3.98855e-06 2.64578e-06 -6.71382e-07
9.425 -3.72293e-06 -3.84252e-06 2.54697e-06 -6.47773e-07
9.45 -3.5876e-06 -3.70175e-06 2.45182e-06 -6.24966e-07
9.475 -3.45703e-06 -3.56593e-06 2.36013e-06 -6.02901e-07
9.5 -3.33091e-06 -3.43476e-06 2.27171e-06 -5.81524e-07
9.525 -3.209e-06 -3.30797e-06 2.18639e-06 -5.60789e-07
9.55 -3.09104e-06 -3.18531e-06 2.104e-06 -5.40652e-07
9.575 -2.97683e-06 -3.06656e-06 2.0244e-06 -5.21078e-07
9.6 -2.86617e-06 -2.95153e-06 1.94746e-06 -5.02036e-07
9.625 -2.75888e-06 -2.84004e-06 1.87304e-06 -4.83497e-07
9.65 -2.65481e-06 -2.73192e-06 1.80104e-06 -4.65438e-07
9.675 -2.55381e-06 -2.62703e-06 1.73135e-06 -4.4784e-07
9.7 -2.45577e-06 -2.52524e-06 1.66387e-06 -4.30685e-07
9.725 -2.36056e-06 -2.42644e-06 1.59852e-06 -4.13959e-07
9.75 -2.26809e-06 -2.33052e-06 1.53522e-06 -3.97651e-07
9.775 -2.17827e-06 -2.23739e-06 1.47389e-06 -3.81751e-07
9.8 -2.09102e-06 -2.14697e-06 1.41447e-06 -3.66251e-07
9.825 -2.00627e-06 -2.05918e-06 1.35689e-06 -3.51145e-07
9.85 -1.92395e-06 -1.97396e-06 1.30111e-06 -3.36427e-07
9.875 -1.84401e-06 -1.89125e-06 1.24706e-06 -3.22093e-07
9.9 -1.7664e-06 -1.81098e-06 1.1947e-06 -3.08141e-07
9.925 -1.69108e-06 -1.73313e-06 1.14399e-06 -2.94567e-07
9.95 -1.61799e-06 -1.65763e-06 1.09489e-06 -2.81368e-07
9.975 -1.54711e-06 -1.58445e-06 1.04736e-06 -2.68543e-07
10 -1.47839e-06 -1.51354e-06 1.00136e-06 -2.56089e-07
10.025 -1.4118e-06 -1.44488e-06 9.56871e-07 -2.44005e-07
10.05 -1.34732e-06 -1.37843e-06 9.13851e-07 -2.32288e-07
10.075 -1.2849e-06 -1.31414e-06 8.72273e-07 -2.20936e-07
10.1 -1.22453e-06 -1.252e-06 8.3211e-07 -2.09946e-07
10.125 -1.16617e-06 -1.19197e-06 7.93335e-07 -1.99316e-07
10.15 -1.10978e-06 -1.134e-06 7.55922e-07 -1.89041e-07
10.175 -1.05535e-06 -1.07808e-06 7.19844e-07 -1.7912e-07
10.2 -1.00284e-06 -1.02417e-06 6.85078e-07 -1.69547e-07
10.225 -9.52228e-07 -9.72234e-07 6.51598e-07 -1.60318e-07
10.25 -9.03473e-07 -9.22238e-07 6.19379e-07 -1.51429e-07
10.275 -8.56546e-07 -8.74147e-07 5.88398e-07 -1.42875e-07
10.3 -8.11418e-07 -8.27928e-07 5.58628e-07 -1.3465e-07
10.325 -7.68053e-07 -7.83542e-07 5.30046e-07 -1.26748e-07
10.35 -7.26419e-07 -7.40955e-07 5.02626e-07 -1.19165e-07
10.375 -6.86481e-07 -7.00127e-07 4.76343e-07 -1.11892e-07
10.4 -6.48204e-07 -6.61021e-07 4.51171e-07 -1.04925e-07
10.425 -6.11552e-07 -6.23597e-07 4.27086e-07 -9.82557e-08
10.45 -5.76488e-07 -5.87817e-07 4.04061e-07 -9.18784e-08
10.475 -5.42976e-07 -5.53641e-07 3.82069e-07 -8.57861e-08
10.5 -5.10977e-07 -5.21027e-07 3.61084e-07 -7.99718e-08
10.525 -4.80454e-07 -4.89936e-07 3.41079e-07 -7.44286e-08
10.55 -4.51369e-07 -4.60326e-07 3.22027e-07 -6.91496e-08
10.575 -4.23683e-07 -4.32157e-07 3.03901e-07 -6.4128e-08
10.6 -3.97357e-07 -4.05388e-07 2.86674e-07 -5.93567e-08
10.625 -3.72354e-07 -3.79976e-07 2.70318e-07 -5.48291e-08
10.65 -3.48634e-07 -3.55883e-07 2.54806e-07 -5.05385e-08
10.675 -3.2616e-07 -3.33066e-07 2.40109e-07 -4.64781e-08
10.7 -3.04892e-07 -3.11485e-07 2.26202e-07 -4.26417e-08
10.725 -2.84793e-07 -2.911e-07 2.13055e-07 -3.90226e-08
10.75 -2.65825e-07 -2.71872e-07 2.00643e-07 -3.56147e-08
10.775 -2.4795e-07 -2.53761e-07 1.88937e-07 -3.24118e-08
10.8 -2.31132e-07 -2.36727e-07 1.77912e-07 -2.94078e-08
10.825 -2.15334e-07 -2.20734e-07 1.6754e-07 -2.65968e-08
10.85 -2.00519e-07 -2.05741e-07 1.57795e-07 -2.39728e-08
10.875 -1.86652e-07 -1.91713e-07 1.48652e-07 -2.15303e-08
10.9 -1.73697e-07 -1.78612e-07 1.40085e-07 -1.92633e-08
10.925 -1.61619e-07 -1.66401e-07 1.32069e-07 -1.71663e-08
10.95 -1.50384e-07 -1.55046e-07 1.24578e-07 -1.52337e-08
10.975 -1.39958e-07 -1.4451e-07 1.1759e-07 -1.346e-08
11 -1.30307e-07 -1.34759e-07 1.1108e-07 -1.18395e-08
11.025 -1.21399e-07 -1.25759e-07 1.05025e-07 -1.03668e-08
11.05 -1.132e-07 -1.17476e-07 9.94033e-08 -9.03629e-09
11.075 -1.05678e-07 -1.09877e-07 9.41917e-08 -7.84244e-09
11.1 -9.88025e-08 -1.02928e-07 8.93691e-08 -6.77967e-09
11.125 -9.25409e-08 -9.65992e-08 8.49145e-08 -5.84235e-09
11.15 -8.68625e-08 -9.08572e-08 8.08075e-08 -5.02485e-09
11.175 -8.1737e-08 -8.56713e-08 7.70284e-08 -4.32146e-09
11.2 -7.71342e-08 -8.10107e-08 7.35578e-08 -3.72645e-09
11.225 -7.30245e-08 -7.68451e-08 7.03771e-08 -3.23404e-09
11.25 -6.93786e-08 -7.31449e-08 6.74681e-08 -2.83841e-09
11.275 -6.61678e-08 -6.98807e-08 6.48133e-08 -2.53371e-09
11.3 -6.33637e-08 -6.70239e-08 6.23958e-08 -2.31406e-09
11.325 -6.09385e-08 -6.45462e-08 6.0199e-08 -2.17359e-09
11.35 -5.88647e-08 -6.24198e-08 5.82071e-08 -2.10638e-09
11.375 -5.71156e-08 -6.06178e-08 5.64047e-08 -2.10657e-09
11.4 -5.56649e-08 -5.91136e-08 5.4777e-08 -2.1683e-09
11.425 -5.44867e-08 -5.78813e-08 5.33097e-08 -2.28578e-09
11.45 -5.35562e-08 -5.68956e-08 5.19891e-08 -2.45325e-09
11.475 -5.28487e-08 -5.61321e-08 5.0802e-08 -2.66508e-09
11.5 -5.23406e-08 -5.55669e-08 4.97355e-08 -2.9157e-09
11.525 -5.20089e-08 -5.5177e-08 4.87776e-08 -3.19971e-09
11.55 -5.18313e-08 -5.49402e-08 4.79165e-08 -3.51182e-09
11.575 -5.17865e-08 -5.4835e-08 4.71411e-08 -3.84694e-09
11.6 -5.18539e-08 -5.4841e-08 4.64407e-08 -4.20016e-09
11.625 -5.2014e-08 -5.49386e-08 4.58051e-08 -4.56676e-09
11.65 -5.2248e-08 -5.51092e-08 4.52247e-08 -4.94227e-09
11.675 -5.25382e-08 -5.53352e-08 4.46903e-08 -5.32246e-09
11.7 -5.28679e-08 -5.56e-08 4.41932e-08 -5.70338e-09
11.725 -5.32217e-08 -5.58881e-08 4.37255e-08 -6.08131e-09
11.75 -5.35848e-08 -5.6185e-08 4.32793e-08 -6.45287e-09
11.775 -5.39438e-08 -5.64776e-08 4.28477e-08 -6.81494e-09
11.8 -5.42865e-08 -5.67534e-08 4.24239e-08 -7.16474e-09
11.825 -5.46016e-08 -5.70015e-08 4.2002e-08 -7.49977e-09
11.85 -5.4879e-08 -5.7212e-08 4.15762e-08 -7.81786e-09
11.875 -5.51099e-08 -5.73759e-08 4.11416e-08 -8.11717e-09
11.9 -5.52865e-08 -5.74858e-08 4.06935e-08 -8.39615e-09
11.925 -5.5402e-08 -5.7535e-08 4.02278e-08 -8.65358e-09
11.95 -5.5451e-08 -5.75181e-08 3.9741e-08 -8.88854e-09
11.975 -5.5429e-08 -5.74308e-08 3.923e-08 -9.10038e-09
12 -5.53325e-08 -5.72696e-08 3.86921e-08 -9.28878e-09
12.025 -5.51592e-08 -5.70325e-08 3.81252e-08 -9.45365e-09
12.05 -5.49076e-08 -5.67179e-08 3.75276e-08 -9.59518e-09
12.075 -5.45774e-08 -5.63256e-08 3.6898e-08 -9.71379e-09
12.1 -5.41689e-08 -5.5856e-08 3.62357e-08 -9.81011e-09
12.125 -5.36833e-08 -5.53104e-08 3.55404e-08 -9.88499e-09
12.15 -5.31227e-08 -5.46909e-08 3.4812e-08 -9.93946e-09
12.175 -5.24898e-08 -5.40002e-08 3.40509e-08 -9.97468e-09
12.2 -5.1788e-08 -5.32419e-08 3.32579e-08 -9.99198e-09
12.225 -5.10212e-08 -5.24197e-08 3.24342e-08 -9.99277e-09
12.25 -5.01938e-08 -5.15383e-08 3.15812e-08 -9.97857e-09
12.275 -4.93109e-08 -5.06025e-08 3.07006e-08 -9.95096e-09
12.3 -4.83775e-08 -4.96176e-08 2.97945e-08 -9.91157e-09
12.325 -4.73994e-08 -4.85891e-08 2.88651e-08 -9.86204e-09
12.35 -4.63821e-08 -4.75228e-08 2.79148e-08 -9.80401e-09
12.375 -4.53317e-08 -4.64246e-08 2.69464e-08 -9.73911e-09
12.4 -4.42541e-08 -4.53004e-08 2.59626e-08 -9.66891e-09
12.425 -4.31553e-08 -4.41563e-08 2.49665e-08 -9.59494e-09
12.45 -4.20414e-08 -4.29982e-08 2.39609e-08 -9.51864e-09
12.475 -4.09181e-08 -4.18319e-08 2.29492e-08 -9.44137e-09
12.5 -3.97911e-08 -4.06632e-08 2.19344e-08 -9.36438e-09
12.525 -3.8666e-08 -3.94974e-08 2.09197e-08 -9.28882e-09
12.55 -3.75478e-08 -3.83397e-08 1.99083e-08 -9.21567e-09
12.575 -3.64416e-08 -3.7195e-08 1.89033e-08 -9.14583e-09
12.6 -3.53519e-08 -3.60679e-08 1.79078e-08 -9.08004e-09
12.625 -3.42828e-08 -3.49624e-08 1.69247e-08 -9.01887e-09
12.65 -3.32381e-08 -3.38824e-08 1.59568e-08 -8.96279e-09
12.675 -3.22211e-08 -3.28312e-08 1.5007e-08 -8.9121e-09
12.7 -3.12347e-08 -3.18116e-08 1.40777e-08 -8.86696e-09
12.725 -3.02813e-08 -3.08261e-08 1.31713e-08 -8.82739e-09
12.75 -2.9363e-08 -2.98766e-08 1.229e-08 -8.79327e-09
12.775 -2.84812e-08 -2.89646e-08 1.14358e-08 -8.76436e-09
12.8 -2.76369e-08 -2.80911e-08 1.06105e-08 -8.7403e-09
12.825 -2.68307e-08 -2.72569e-08 9.81561e-09 -8.72062e-09
12.85 -2.60627e-08 -2.64619e-08 9.05237e-09 -8.70475e-09
12.875 -2.53328e-08 -2.57059e-08 8.32188e-09 -8.69202e-09
12.9 -2.46401e-08 -2.49883e-08 7.62493e-09 -8.6817e-09
12.925 -2.39836e-08 -2.43081e-08 6.96209e-09 -8.67299e-09
12.95 -2.3362e-08 -2.36638e-08 6.33367e-09 -8.66505e-09
12.975 -2.27736e-08 -2.30537e-08 5.73973e-09 -8.657e-09
13 -2.22162e-08 -2.2476e-08 5.18009e-09 -8.64793e-09
13.025 -2.16877e-08 -2.19283e-08 4.65434e-09 -8.63695e-09
13.05 -2.11856e-08 -2.14082e-08 4.16186e-09 -8.62316e-09
13.075 -2.07074e-08 -2.09131e-08 3.70178e-09 -8.60568e-09
13.1 -2.02502e-08 -2.04404e-08 3.27306e-09 -8.58368e-09
13.125 -1.98112e-08 -1.99872e-08 2.87444e-09 -8.55637e-09
13.15 -1.93875e-08 -1.95505e-08 2.50451e-09 -8.52302e-09
13.175 -1.89762e-08 -1.91276e-08 2.16168e-09 -8.48297e-09
13.2 -1.85745e-08 -1.87155e-08 1.84423e-09 -8.43566e-09
13.225 -1.81794e-08 -1.83115e-08 1.5503e-09 -8.3806e-09
13.25 -1.77883e-08 -1.79128e-08 1.27793e-09 -8.31742e-09
13.275 -1.73986e-08 -1.75168e-08 1.02507e-09 -8.24585e-09
13.3 -1.70078e-08 -1.7121e-08 7.89592e-10 -8.16572e-09
13.325 -1.66136e-08 -1.67233e-08 5.69328e-10 -8.077e-09
13.35 -1.62141e-08 -1.63216e-08 3.62067e-10 -7.97976e-09
13.375 -1.58075e-08 -1.5914e-08 1.65587e-10 -7.87422e-09
13.4 -1.53922e-08 -1.54991e-08 -2.233e-11 -7.76069e-09
13.425 -1.49669e-08 -1.50754e-08 -2.03878e-10 -7.63964e-09
13.45 -1.45307e-08 -1.4642e-08 -3.81213e-10 -7.51163e-09
13.475 -1.40828e-08 -1.41983e-08 -5.56433e-10 -7.37735e-09
13.5 -1.3623e-08 -1.37437e-08 -7.31563e-10 -7.23761e-09
13.525 -1.31511e-08 -1.32781e-08 -9.08541e-10 -7.09332e-09
13.55 -1.26674e-08 -1.28018e-08 -1.0892e-09 -6.9455e-09
13.575 -1.21724e-08 -1.23152e-08 -1.27527e-09 -6.79525e-09
13.6 -1.1667e-08 -1.18192e-08 -1.46834e-09 -6.64377e-09
13.625 -1.11524e-08 -1.13148e-08 -1.66987e-09 -6.49233e-09
13.65 -1.06299e-08 -1.08033e-08 -1.88118e-09 -6.34226e-09
13.675 -1.01013e-08 -1.02865e-08 -2.10342e-09 -6.19496e-09
13.7 -9.56855e-09 -9.76615e-09 -2.3376e-09 -6.05187e-09
13.725 -9.03377e-09 -9.24438e-09 -2.58455e-09 -5.91447e-09
13.75 -8.49941e-09 -8.72353e-09 -2.84495e-09 -5.78424e-09
13.775 -7.96804e-09 -8.20609e-09 -3.1193e-09 -5.6627e-09
13.8 -7.44243e-09 -7.69475e-09 -3.40793e-09 -5.55134e-09
13.825 -6.92549e-09 -7.19233e-09 -3.711e-09 -5.45167e-09
13.85 -6.42024e-09 -6.70177e-09 -4.02851e-09 -5.36514e-09
13.875 -5.92978e-09 -6.2261e-09 -4.36028e-09 -5.29319e-09
13.9 -5.45729e-09 -5.7684e-09 -4.70598e-09 -5.23719e-09
13.925 -5.00599e-09 -5.33182e-09 -5.06513e-09 -5.19847e-09
13.95 -4.5791e-09 -4.91949e-09 -5.43709e-09 -5.17829e-09
13.975 -4.17981e-09 -4.53455e-09 -5.82108e-09 -5.17782e-09
14 -3.8113e-09 -4.18008e-09 -6.21621e-09 -5.19815e-09
14.025 -3.47664e-09 -3.85909e-09 -6.62144e-09 -5.24026e-09
14.05 -3.17882e-09 -3.57451e-09 -7.03561e-09 -5.30506e-09
14.075 -2.92071e-09 -3.32914e-09 -7.4575e-09 -5.39332e-09
14.1 -2.70503e-09 -3.12566e-09 -7.88574e-09 -5.5057e-09
14.125 -2.53436e-09 -2.96656e-09 -8.31892e-09 -5.64274e-09
14.15 -2.41105e-09 -2.85417e-09 -8.75554e-09 -5.80486e-09
14.175 -2.33727e-09 -2.79062e-09 -9.19406e-09 -5.99234e-09
14.2 -2.31498e-09 -2.77781e-09 -9.63287e-09 -6.20534e-09
14.225 -2.34588e-09 -2.81743e-09 -1.00703e-08 -6.44389e-09
14.25 -2.43144e-09 -2.91091e-09 -1.05048e-08 -6.70787e-09
14.275 -2.57286e-09 -3.05943e-09 -1.09346e-08 -6.99704e-09
14.3 -2.77107e-09 -3.2639e-09 -1.13581e-08 -7.31102e-09
14.325 -3.02674e-09 -3.52499e-09 -1.17736e-08 -7.64931e-09
14.35 -3.34023e-09 -3.84304e-09 -1.21795e-08 -8.01129e-09
14.375 -3.71164e-09 -4.21817e-09 -1.25742e-08 -8.39619e-09
14.4 -4.14078e-09 -4.65017e-09 -1.29561e-08 -8.80314e-09
14.425 -4.62718e-09 -5.13859e-09 -1.33237e-08 -9.23117e-09
14.45 -5.17007e-09 -5.68269e-09 -1.36757e-08 -9.67917e-09
14.475 -5.76842e-09 -6.28144e-09 -1.40105e-08 -1.0146e-08
14.5 -6.42095e-09 -6.93357e-09 -1.43269e-08 -1.06302e-08
14.525 -7.12607e-09 -7.63756e-09 -1.46237e-08 -1.11306e-08
14.55 -7.88198e-09 -8.3916e-09 -1.48997e-08 -1.16457e-08
14.575 -8.68662e-09 -9.19369e-09 -1.5154e-08 -1.21738e-08
14.6 -9.53772e-09 -1.00416e-08 -1.53856e-08 -1.27136e-08
14.625 -1.04328e-08 -1.09328e-08 -1.55936e-08 -1.32632e-08
14.65 -1.13691e-08 -1.18647e-08 -1.57773e-08 -1.3821e-08
14.675 -1.23438e-08 -1.28345e-08 -1.59362e-08 -1.43853e-08
14.7 -1.33538e-08 -1.38391e-08 -1.60696e-08 -1.49544e-08
14.725 -1.43959e-08 -1.48754e-08 -1.61773e-08 -1.55263e-08
14.75 -1.54669e-08 -1.59401e-08 -1.62588e-08 -1.60995e-08
14.775 -1.65633e-08 -1.70299e-08 -1.63141e-08 -1.6672e-08
14.8 -1.76814e-08 -1.81412e-08 -1.6343e-08 -1.72421e-08
14.825 -1.88178e-08 -1.92705e-08 -1.63457e-08 -1.78081e-08
14.85 -1.99688e-08 -2.04141e-08 -1.63221e-08 -1.83681e-08
14.875 -2.11305e-08 -2.15685e-08 -1.62726e-08 -1.89205e-08
14.9 -2.22994e-08 -2.27298e-08 -1.61976e-08 -1.94637e-08
14.925 -2.34717e-08 -2.38944e-08 -1.60973e-08 -1.99959e-08
14.95 -2.46436e-08 -2.50587e-08 -1.59725e-08 -2.05156e-08
14.975 -2.58114e-08 -2.6219e-08 -1.58236e-08 -2.10213e-08
15 -2.69716e-08 -2.73717e-08 -1.56514e-08 -2.15115e-08
15.025 -2.81206e-08 -2.85132e-08 -1.54566e-08 -2.19849e-08
15.05 -2.92548e-08 -2.96401e-08 -1.52401e-08 -2.24401e-08
15.075 -3.03708e-08 -3.07491e-08 -1.50028e-08 -2.28759e-08
15.1 -3.14655e-08 -3.18368e-08 -1.47455e-08 -2.32912e-08
15.125 -3.25355e-08 -3.29002e-08 -1.44694e-08 -2.36848e-08
15.15 -3.35779e-08 -3.39362e-08 -1.41755e-08 -2.40559e-08
15.175 -3.45897e-08 -3.49419e-08 -1.38649e-08 -2.44034e-08
15.2 -3.55683e-08 -3.59147e-08 -1.35387e-08 -2.47267e-08
15.225 -3.6511e-08 -3.68518e-08 -1.3198e-08 -2.50249e-08
15.25 -3.74154e-08 -3.7751e-08 -1.28441e-08 -2.52976e-08
15.275 -3.82792e-08 -3.86101e-08 -1.24782e-08 -2.55441e-08
15.3 -3.91004e-08 -3.94268e-08 -1.21014e-08 -2.57641e-08
15.325 -3.98772e-08 -4.01994e-08 -1.17149e-08 -2.59572e-08
15.35 -4.06078e-08 -4.09262e-08 -1.132e-08 -2.61231e-08
15.375 -4.12906e-08 -4.16057e-08 -1.09179e-08 -2.62618e-08
15.4 -4.19245e-08 -4.22365e-08 -1.05097e-08 -2.63731e-08
15.425 -4.25082e-08 -4.28176e-08 -1.00967e-08 -2.64571e-08
15.45 -4.30409e-08 -4.33479e-08 -9.67997e-09 -2.65139e-08
15.475 -4.35217e-08 -4.38267e-08 -9.26068e-09 -2.65437e-08
15.5 -4.39502e-08 -4.42534e-08 -8.83992e-09 -2.65467e-08
15.525 -4.43259e-08 -4.46277e-08 -8.41878e-09 -2.65233e-08
15.55 -4.46486e-08 -4.49494e-08 -7.99829e-09 -2.64738e-08
15.575 -4.49183e-08 -4.52183e-08 -7.57945e-09 -2.63989e-08
15.6 -4.51351e-08 -4.54346e-08 -7.16323e-09 -2.62989e-08
15.625 -4.52994e-08 -4.55985e-08 -6.75055e-09 -2.61745e-08
15.65 -4.54116e-08 -4.57107e-08 -6.34228e-09 -2.60265e-08
15.675 -4.54723e-08 -4.57715e-08 -5.93924e-09 -2.58554e-08
15.7 -4.54822e-08 -4.57817e-08 -5.54223e-09 -2.5662e-08
15.725 -4.54422e-08 -4.57423e-08 -5.15198e-09 -2.54471e-08
15.75 -4.53534e-08 -4.56541e-08 -4.76915e-09 -2.52116e-08
15.775 -4.52169e-08 -4.55184e-08 -4.3944e-09 -2.49564e-08
15.8 -4.50339e-08 -4.53362e-08 -4.02829e-09 -2.46823e-08
15.825 -4.48057e-08 -4.5109e-08 -3.67137e-09 -2.43902e-08
15.85 -4.45338e-08 -4.48381e-08 -3.3241e-09 -2.40811e-08
15.875 -4.42198e-08 -4.45251e-08 -2.98692e-09 -2.3756e-08
15.9 -4.38651e-08 -4.41714e-08 -2.6602e-09 -2.34158e-08
15.925 -4.34715e-08 -4.37789e-08 -2.34429e-09 -2.30616e-08
15.95 -4.30406e-08 -4.3349e-08 -2.03946e-09 -2.26943e-08
15.975 -4.25743e-08 -4.28837e-08 -1.74595e-09 -2.23148e-08
16 -4.20744e-08 -4.23847e-08 -1.46394e-09 -2.19243e-08
16.025 -4.15426e-08 -4.18538e-08 -1.19359e-09 -2.15237e-08
16.05 -4.09809e-08 -4.12928e-08 -9.35008e-10 -2.11139e-08
16.075 -4.03912e-08 -4.07038e-08 -6.88245e-10 -2.0696e-08
16.1 -3.97754e-08 -4.00884e-08 -4.53332e-10 -2.02709e-08
16.125 -3.91353e-08 -3.94487e-08 -2.30254e-10 -1.98395e-08
16.15 -3.84729e-08 -3.87865e-08 -1.89654e-11 -1.94027e-08
16.175 -3.77901e-08 -3.81037e-08 1.80616e-10 -1.89615e-08
16.2 -3.70887e-08 -3.74022e-08 3.68604e-10 -1.85168e-08
16.225 -3.63705e-08 -3.66838e-08 5.45139e-10 -1.80693e-08
16.25 -3.56376e-08 -3.59503e-08 7.1039e-10 -1.762e-08
16.275 -3.48915e-08 -3.52036e-08 8.64553e-10 -1.71695e-08
16.3 -3.41341e-08 -3.44453e-08 1.00784e-09 -1.67187e-08
16.325 -3.33672e-08 -3.36773e-08 1.1405e-09 -1.62684e-08
16.35 -3.25923e-08 -3.29011e-08 1.26279e-09 -1.58192e-08
16.375 -3.18112e-08 -3.21184e-08 1.37497e-09 -1.53717e-08
16.4 -3.10253e-08 -3.13309e-08 1.47735e-09 -1.49268e-08
16.425 -3.02363e-08 -3.054e-08 1.57022e-09 -1.44849e-08
16.45 -2.94456e-08 -2.97471e-08 1.65389e-09 -1.40466e-08
16.475 -2.86546e-08 -2.89538e-08 1.72871e-09 -1.36125e-08
16.5 -2.78647e-08 -2.81613e-08 1.79499e-09 -1.31831e-08
16.525 -2.70771e-08 -2.73709e-08 1.85308e-09 -1.27589e-08
16.55 -2.62931e-08 -2.6584e-08 1.90331e-09 -1.23403e-08
16.575 -2.55138e-08 -2.58016e-08 1.94605e-09 -1.19278e-08
16.6 -2.47404e-08 -2.50249e-08 1.98163e-09 -1.15216e-08
16.625 -2.39739e-08 -2.42549e-08 2.01041e-09 -1.11223e-08
16.65 -2.32152e-08 -2.34926e-08 2.03274e-09 -1.07299e-08
16.675 -2.24654e-08 -2.27389e-08 2.04896e-09 -1.0345e-08
16.7 -2.17251e-08 -2.19947e-08 2.05942e-09 -9.96763e-09
16.725 -2.09952e-08 -2.12607e-08 2.06445e-09 -9.59812e-09
16.75 -2.02765e-08 -2.05377e-08 2.0644e-09 -9.23665e-09
16.775 -1.95696e-08 -1.98264e-08 2.05959e-09 -8.88339e-09
16.8 -1.8875e-08 -1.91273e-08 2.05034e-09 -8.53848e-09
16.825 -1.81933e-08 -1.84411e-08 2.03697e-09 -8.20204e-09
16.85 -1.75251e-08 -1.77681e-08 2.0198e-09 -7.87416e-09
16.875 -1.68707e-08 -1.71089e-08 1.9991e-09 -7.55492e-09
16.9 -1.62306e-08 -1.64639e-08 1.97519e-09 -7.24435e-09
16.925 -1.5605e-08 -1.58333e-08 1.94833e-09 -6.9425e-09
16.95 -1.49942e-08 -1.52175e-08 1.91879e-09 -6.64937e-09
16.975 -1.43985e-08 -1.46167e-08 1.88685e-09 -6.36494e-09
17 -1.3818e-08 -1.40311e-08 1.85274e-09 -6.08919e-09
17.025 -1.32528e-08 -1.34609e-08 1.81671e-09 -5.82207e-09
17.05 -1.27032e-08 -1.2906e-08 1.77899e-09 -5.56352e-09
17.075 -1.21691e-08 -1.23667e-08 1.73979e-09 -5.31347e-09
17.1 -1.16505e-08 -1.1843e-08 1.69933e-09 -5.07181e-09
17.125 -1.11474e-08 -1.13347e-08 1.6578e-09 -4.83846e-09
17.15 -1.06599e-08 -1.0842e-08 1.61539e-09 -4.6133e-09
17.175 -1.01877e-08 -1.03647e-08 1.57227e-09 -4.3962e-09
17.2 -9.73087e-09 -9.90268e-09 1.52862e-09 -4.18703e-09
17.225 -9.28916e-09 -9.45588e-09 1.48457e-09 -3.98565e-09
17.25 -8.86246e-09 -9.02411e-09 1.44029e-09 -3.79191e-09
17.275 -8.45058e-09 -8.60721e-09 1.39591e-09 -3.60565e-09
17.3 -8.05331e-09 -8.20497e-09 1.35155e-09 -3.42671e-09
17.325 -7.67042e-09 -7.81718e-09 1.30733e-09 -3.25492e-09
17.35 -7.30169e-09 -7.44359e-09 1.26336e-09 -3.09012e-09
17.375 -6.94684e-09 -7.08397e-09 1.21974e-09 -2.93211e-09
17.4 -6.60561e-09 -6.73803e-09 1.17655e-09 -2.78074e-09
17.425 -6.27772e-09 -6.40551e-09 1.13389e-09 -2.63581e-09
17.45 -5.96286e-09 -6.08611e-09 1.09182e-09 -2.49714e-09
17.475 -5.66075e-09 -5.77953e-09 1.05042e-09 -2.36455e-09
17.5 -5.37106e-09 -5.48546e-09 1.00974e-09 -2.23786e-09
17.525 -5.09348e-09 -5.20359e-09 9.6984e-10 -2.11688e-09
17.55 -4.82768e-09 -4.9336e-09 9.30762e-10 -2.00142e-09
17.575 -4.57335e-09 -4.67516e-09 8.9255e-10 -1.89131e-09
17.6 -4.33014e-09 -4.42795e-09 8.55238e-10 -1.78636e-09
17.625 -4.09772e-09 -4.19163e-09 8.18856e-10 -1.68639e-09
17.65 -3.87577e-09 -3.96587e-09 7.83429e-10 -1.59122e-09
17.675 -3.66395e-09 -3.75035e-09 7.48977e-10 -1.50068e-09
17.7 -3.46193e-09 -3.54472e-09 7.15514e-10 -1.4146e-09
17.725 -3.26938e-09 -3.34866e-09 6.83051e-10 -1.33281e-09
17.75 -3.08597e-09 -3.16185e-09 6.51596e-10 -1.25513e-09
17.775 -2.91137e-09 -2.98396e-09 6.21152e-10 -1.1814e-09
17.8 -2.74527e-09 -2.81466e-09 5.9172e-10 -1.11147e-09
17.825 -2.58736e-09 -2.65364e-09 5.63295e-10 -1.04517e-09
17.85 -2.43731e-09 -2.5006e-09 5.35873e-10 -9.82363e-10
17.875 -2.29482e-09 -2.35522e-09 5.09445e-10 -9.22886e-10
17.9 -2.1596e-09 -2.2172e-09 4.84e-10 -8.66599e-10
17.925 -2.03135e-09 -2.08625e-09 4.59525e-10 -8.1336e-10
17.95 -1.90978e-09 -1.96207e-09 4.36007e-10 -7.63032e-10
17.975 -1.79461e-09 -1.84439e-09 4.13427e-10 -7.15483e-10
18 -1.68557e-09 -1.73294e-09 3.9177e-10 -6.70584e-10
18.025 -1.58239e-09 -1.62744e-09 3.71015e-10 -6.28211e-10
18.05 -1.48482e-09 -1.52763e-09 3.51141e-10 -5.88242e-10
18.075 -1.3926e-09 -1.43325e-09 3.32129e-10 -5.50563e-10
18.1 -1.30548e-09 -1.34408e-09 3.13956e-10 -5.1506e-10
18.125 -1.22323e-09 -1.25985e-09 2.96598e-10 -4.81627e-10
18.15 -1.14562e-09 -1.18035e-09 2.80034e-10 -4.50158e-10
18.175 -1.07244e-09 -1.10535e-09 2.64238e-10 -4.20555e-10
18.2 -1.00346e-09 -1.03463e-09 2.49188e-10 -3.9272e-10
18.225 -9.38475e-10 -9.67985e-10 2.34859e-10 -3.66563e-10
18.25 -8.77295e-10 -9.05216e-10 2.21227e-10 -3.41995e-10
18.275 -8.19723e-10 -8.46127e-10 2.08267e-10 -3.1893e-10
18.3 -7.65578e-10 -7.90533e-10 1.95956e-10 -2.97289e-10
18.325 -7.14681e-10 -7.38255e-10 1.84269e-10 -2.76993e-10
18.35 -6.66863e-10 -6.8912e-10 1.73183e-10 -2.57968e-10
18.375 -6.21961e-10 -6.42964e-10 1.62674e-10 -2.40145e-10
18.4 -5.7982e-10 -5.99629e-10 1.52719e-10 -2.23455e-10
18.425 -5.4029e-10 -5.58963e-10 1.43296e-10 -2.07834e-10
18.45 -5.03229e-10 -5.20822e-10 1.34381e-10 -1.9322e-10
18.475 -4.685e-10 -4.85066e-10 1.25954e-10 -1.79556e-10
18.5 -4.35973e-10 -4.51565e-10 1.17992e-10 -1.66786e-10
18.525 -4.05524e-10 -4.20191e-10 1.10475e-10 -1.54858e-10
18.55 -3.77035e-10 -3.90825e-10 1.03383e-10 -1.43721e-10
18.575 -3.50392e-10 -3.63351e-10 9.66961e-11 -1.33327e-10
18.6 -3.25488e-10 -3.3766e-10 9.03947e-11 -1.23633e-10
18.625 -3.02222e-10 -3.13649e-10 8.44604e-11 -1.14594e-10
18.65 -2.80497e-10 -2.91219e-10 7.88755e-11 -1.06172e-10
18.675 -2.6022e-10 -2.70275e-10 7.36225e-11 -9.83265e-11
18.7 -2.41304e-10 -2.5073e-10 6.86847e-11 -9.10225e-11
18.725 -2.23666e-10 -2.32497e-10 6.40459e-11 -8.42258e-11
18.75 -2.07228e-10 -2.15498e-10 5.96906e-11 -7.79039e-11
18.775 -1.91916e-10 -1.99657e-10 5.5604e-11 -7.20264e-11
18.8 -1.77659e-10 -1.84901e-10 5.17717e-11 -6.65647e-11
18.825 -1.64391e-10 -1.71163e-10 4.81798e-11 -6.14916e-11
18.85 -1.5205e-10 -1.58379e-10 4.48154e-11 -5.67816e-11
18.875 -1.40575e-10 -1.46487e-10 4.16656e-11 -5.24108e-11
18.9 -1.29911e-10 -1.35432e-10 3.87186e-11 -4.83566e-11
18.925 -1.20006e-10 -1.25158e-10 3.59628e-11 -4.45976e-11
18.95 -1.10809e-10 -1.15615e-10 3.33873e-11 -4.11141e-11
18.975 -1.02274e-10 -1.06756e-10 3.09815e-11 -3.78872e-11
19 -9.43576e-11 -9.85342e-11 2.87354e-11 -3.48994e-11
19.025 -8.70175e-11 -9.09081e-11 2.66397e-11 -3.21342e-11
19.05 -8.02151e-11 -8.38376e-11 2.46854e-11 -2.95761e-11
19.075 -7.39139e-11 -7.72851e-11 2.28637e-11 -2.72107e-11
19.1 -6.80796e-11 -7.12156e-11 2.11667e-11 -2.50244e-11
19.125 -6.268e-11 -6.55958e-11 1.95866e-11 -2.30046e-11
19.15 -5.76851e-11 -6.03949e-11 1.81162e-11 -2.11393e-11
19.175 -5.30665e-11 -5.55837e-11 1.67485e-11 -1.94176e-11
19.2 -4.87977e-11 -5.11351e-11 1.54771e-11 -1.7829e-11
19.225 -4.48542e-11 -4.70234e-11 1.42957e-11 -1.63639e-11
19.25 -4.12126e-11 -4.32249e-11 1.31985e-11 -1.50132e-11
19.275 -3.78514e-11 -3.97173e-11 1.21801e-11 -1.37686e-11
19.3 -3.47503e-11 -3.64797e-11 1.12353e-11 -1.26222e-11
19.325 -3.18905e-11 -3.34926e-11 1.03591e-11 -1.15667e-11
19.35 -2.92543e-11 -3.07378e-11 9.5471e-12 -1.05954e-11
19.375 -2.68253e-11 -2.81984e-11 8.79483e-12 -9.70179e-12
19.4 -2.45881e-11 -2.58585e-11 8.09828e-12 -8.88013e-12
19.425 -2.25286e-11 -2.37034e-11 7.45365e-12 -8.1249e-12
19.45 -2.06334e-11 -2.17194e-11 6.85734e-12 -7.43102e-12
19.475 -1.88902e-11 -1.98936e-11 6.30601e-12 -6.79377e-12
19.5 -1.72874e-11 -1.82141e-11 5.7965e-12 -6.20879e-12
19.525 -1.58144e-11 -1.66698e-11 5.32586e-12 -5.67199e-12
19.55 -1.44612e-11 -1.52506e-11 4.89135e-12 -5.17962e-12
19.575 -1.32187e-11 -1.39467e-11 4.49036e-12 -4.72818e-12
19.6 -1.20781e-11 -1.27494e-11 4.1205e-12 -4.31444e-12
19.625 -1.10317e-11 -1.16503e-11 3.7795e-12 -3.93541e-12
19.65 -1.00721e-11 -1.06419e-11 3.46526e-12 -3.58831e-12
19.675 -9.19234e-12 -9.71698e-12 3.1758e-12 -3.27059e-12
19.7 -8.38619e-12 -8.86906e-12 2.90931e-12 -2.97988e-12
19.725 -7.64779e-12 -8.09202e-12 2.66407e-12 -2.71398e-12
19.75 -6.97173e-12 -7.38024e-12 2.43848e-12 -2.47088e-12
19.775 -6.35299e-12 -6.72849e-12 2.23107e-12 -2.24871e-12
19.8 -5.78695e-12 -6.13196e-12 2.04046e-12 -2.04575e-12
19.825 -5.26933e-12 -5.5862e-12 1.86537e-12 -1.86042e-12
19.85 -4.79618e-12 -5.08708e-12 1.7046e-12 -1.69124e-12
19.875 -4.36386e-12 -4.6308e-12 1.55705e-12 -1.53688e-12
19.9 -3.969e-12 -4.21386e-12 1.42169e-12 -1.39609e-12
19.925 -3.6085e-12 -3.83301e-12 1.29757e-12 -1.26772e-12
19.95 -3.27951e-12 -3.48528e-12 1.18381e-12 -1.15074e-12
19.975 -2.97939e-12 -3.1679e-12 1.07958e-12 -1.04416e-12
20 -2.70571e-12 -2.87835e-12 9.84137e-13 -9.47107e-13
