0 -6.33216e-06 -4.09688e-06 0.00016198 7.89415e-05
0.025 -6.33216e-06 -4.09688e-06 0.00016198 7.89415e-05
0.05 -1.22583e-05 -7.83361e-06 0.000323519 0.000157843
0.075 -1.7375e-05 -1.08524e-05 0.000484179 0.000236663
0.1 -2.12836e-05 -1.27999e-05 0.000643523 0.000315362
0.125 -2.35934e-05 -1.333e-05 0.00080112 0.000393895
0.15 -2.39231e-05 -1.21053e-05 0.000956546 0.00047222
0.175 -2.1904e-05 -8.80001e-06 0.00110938 0.000550292
0.2 -1.71821e-05 -3.10168e-06 0.00125922 0.000628061
0.225 -9.42002e-06 5.28674e-06 0.00140567 0.000705479
0.25 1.70066e-06 1.66449e-05 0.00154834 0.000782493
0.275 1.64773e-05 3.12331e-05 0.00168686 0.000859046
0.3 3.51844e-05 4.9291e-05 0.00182087 0.000935081
0.325 5.80718e-05 7.10353e-05 0.00195004 0.00101054
0.35 8.53633e-05 9.66591e-05 0.00207403 0.00108534
0.375 0.000117254 0.00012633 0.00219255 0.00115944
0.4 0.000153912 0.000160189 0.0023053 0.00123274
0.425 0.000195473 0.000198349 0.00241202 0.00130518
0.45 0.000242042 0.000240897 0.00251246 0.00137668
0.475 0.000293693 0.000287887 0.00260641 0.00144715
0.5 0.000350466 0.000339346 0.00269365 0.0015165
0.525 0.000412369 0.000395272 0.00277401 0.00158464
0.55 0.000479374 0.000455629 0.00284732 0.00165148
0.575 0.000551423 0.000520355 0.00291347 0.00171691
0.6 0.000628421 0.000589356 0.00297233 0.00178084
0.625 0.000710243 0.000662507 0.00302382 0.00184316
0.65 0.000796729 0.000739657 0.00306788 0.00190377
0.675 0.000887688 0.000820624 0.00310447 0.00196255
0.7 0.000982895 0.000905198 0.00313358 0.00201939
0.725 0.0010821 0.000993143 0.0031552 0.00207417
0.75 0.00118501 0.0010842 0.00316939 0.00212679
0.775 0.00129133 0.00117808 0.00317618 0.00217713
0.8 0.0014007 0.00127447 0.00317565 0.00222506
0.825 0.00151278 0.00137305 0.00316791 0.00227048
0.85 0.00162716 0.00147346 0.00315306 0.00231326
0.875 0.00174345 0.00157533 0.00313126 0.00235329
0.9 0.00186121 0.00167828 0.00310265 0.00239046
0.925 0.00198 0.0017819 0.00306741 0.00242465
0.95 0.00209934 0.00188578 0.00302573 0.00245576
0.975 0.00221877 0.00198951 0.00297783 0.00248367
1 0.00233779 0.00209263 0.00292393 0.00250828
1.025 0.0024559 0.00219472 0.00286427 0.0025295
1.05 0.0025726 0.00229532 0.00279911 0.00254722
1.075 0.00268737 0.002394 0.00272871 0.00256136
1.1 0.00279971 0.0024903 0.00265336 0.00257183
1.125 0.00290909 0.00258377 0.00257332 0.00257855
1.15 0.003015 0.00267398 0.00248892 0.00258145
1.175 0.00311693 0.00276048 0.00240044 0.00258046
1.2 0.00321439 0.00284285 0.00230821 0.00257553
1.225 0.00330686 0.00292067 0.00221254 0.0025666
1.25 0.00339389 0.00299353 0.00211375 0.00255364
1.275 0.00347498 0.00306103 0.00201217 0.0025366
1.3 0.00354969 0.00312281 0.00190812 0.00251546
1.325 0.00361758 0.00317849 0.00180193 0.00249021
1.35 0.00367823 0.00322773 0.00169394 0.00246084
1.375 0.00373125 0.00327022 0.00158447 0.00242734
1.4 0.00377625 0.00330564 0.00147385 0.00238974
1.425 0.00381289 0.00333373 0.00136239 0.00234806
1.45 0.00384085 0.00335423 0.00125043 0.00230233
1.475 0.00385982 0.00336691 0.00113828 0.0022526
1.5 0.00386954 0.00337158 0.00102624 0.00219891
1.525 0.00386976 0.00336805 0.000914624 0.00214133
1.55 0.0038603 0.00335618 0.000803723 0.00207995
1.575 0.00384096 0.00333586 0.000693829 0.00201484
1.6 0.00381161 0.00330699 0.000585222 0.00194611
1.625 0.00377214 0.00326954 0.000478174 0.00187386
1.65 0.00372248 0.00322346 0.000372949 0.0017982
1.675 0.0036626 0.00316876 0.000269799 0.00171928
1.7 0.0035925 0.00310548 0.000168967 0.00163722
1.725 0.0035122 0.00303369 7.06844e-05 0.00155219
1.75 0.00342179 0.00295349 -2.48279e-05 0.00146433
1.775 0.00332137 0.002865 -0.000117361 0.00137382
1.8 0.00321109 0.00276839 -0.000206716 0.00128083
1.825 0.00309114 0.00266384 -0.000292709 0.00118557
1.85 0.00296172 0.00255158 -0.000375165 0.00108821
1.875 0.0028231 0.00243187 -0.000453923 0.000988971
1.9 0.00267556 0.00230497 -0.000528835 0.000888067
1.925 0.00251943 0.0021712 -0.000599763 0.000785718
1.95 0.00235508 0.00203089 -0.000666584 0.000682155
1.975 0.00218289 0.00188442 -0.000729187 0.000577615
2 0.00200329 0.00173216 -0.000787472 0.000472343
2.025 0.00181673 0.00157453 -0.000841352 0.000366589
2.05 0.00162371 0.00141198 -0.000890755 0.000260611
2.075 0.00142475 0.00124496 -0.000935618 0.00015467
2.1 0.00122039 0.00107396 -0.000975892 4.90328e-05
2.125 0.0010112 0.000899483 -0.00101154 -5.60278e-05
2.15 0.000797789 0.00072206 -0.00104253 -0.000160236
2.175 0.000580778 0.000542235 -0.00106886 -0.000263314
2.2 0.000360814 0.000360569 -0.00109052 -0.000364977
2.225 0.000138565 0.00017764 -0.00110753 -0.000464943
2.25 -8.52788e-05 -5.95552e-06 -0.00111989 -0.000562924
2.275 -0.000310012 -0.000189612 -0.00112765 -0.000658632
2.3 -0.000534911 -0.000372709 -0.00113085 -0.000751779
2.325 -0.000759239 -0.000554616 -0.00112954 -0.000842077
2.35 -0.000982246 -0.000734693 -0.00112378 -0.000929236
2.375 -0.00120317 -0.000912293 -0.00111365 -0.00101297
2.4 -0.00142125 -0.00108676 -0.00109924 -0.001093
2.425 -0.00163569 -0.00125743 -0.00108063 -0.00116903
2.45 -0.00184573 -0.00142366 -0.00105793 -0.00124079
2.475 -0.00205058 -0.00158476 -0.00103125 -0.00130801
2.5 -0.00224945 -0.00174008 -0.00100072 -0.0013704
2.525 -0.00244156 -0.00188895 -0.00096647 -0.00142771
2.55 -0.00262614 -0.00203071 -0.000928632 -0.00147967
2.575 -0.00280241 -0.00216472 -0.000887355 -0.00152604
2.6 -0.00296961 -0.00229031 -0.000842797 -0.00156655
2.625 -0.00312699 -0.00240685 -0.00079512 -0.00160099
2.65 -0.0032738 -0.00251371 -0.000744494 -0.0016291
2.675 -0.00340931 -0.00261028 -0.000691099 -0.00165069
2.7 -0.00353283 -0.00269593 -0.000635117 -0.00166552
2.725 -0.00364366 -0.00277009 -0.000576741 -0.00167342
2.75 -0.00374114 -0.00283218 -0.000516168 -0.00167417
2.775 -0.00382462 -0.00288165 -0.0004536 -0.00166763
2.8 -0.00389348 -0.00291796 -0.000389246 -0.0016536
2.825 -0.00394715 -0.00294061 -0.000323319 -0.00163196
2.85 -0.00398505 -0.0029491 -0.000256038 -0.00160257
2.875 -0.00400667 -0.00294298 -0.000187624 -0.0015653
2.9 -0.00401153 -0.00292182 -0.000118305 -0.00152006
2.925 -0.00399915 -0.00288521 -4.83086e-05 -0.00146676
2.95 -0.00396914 -0.00283277 2.21324e-05 -0.00140532
2.975 -0.00392111 -0.00276418 9.27838e-05 -0.0013357
3 -0.00385474 -0.00267913 0.000163409 -0.00125786
3.025 -0.00376974 -0.00257735 0.000233772 -0.00117179
3.05 -0.00366586 -0.00245862 0.000303632 -0.00107749
3.075 -0.00354292 -0.00232273 0.000372754 -0.00097499
3.1 -0.00340077 -0.00216956 0.000440899 -0.00086433
3.125 -0.00323931 -0.00199898 0.00050783 -0.000745577
3.15 -0.0030585 -0.00181095 0.000573315 -0.000618816
3.175 -0.00285835 -0.00160543 0.000637119 -0.000484155
3.2 -0.00263891 -0.00138246 0.000699015 -0.000341723
3.225 -0.00240031 -0.00114212 0.000758778 -0.000191669
3.25 -0.00214271 -0.000884519 0.000816188 -3.41656e-05
3.275 -0.00186633 -0.000609839 0.000871029 0.000130595
3.3 -0.00157145 -0.000318296 0.000923092 0.000302398
3.325 -0.00125841 -1.01611e-05 0.000972176 0.000481008
3.35 -0.00092759 0.000314248 0.00101809 0.000666167
3.375 -0.000579433 0.000654563 0.00106063 0.000857598
3.4 -0.000214436 0.00101037 0.00109964 0.001055
3.425 0.000166854 0.00138119 0.00113494 0.00125807
3.45 0.000563834 0.00176651 0.00116638 0.00146645
3.475 0.000975854 0.00216578 0.0011938 0.00167979
3.5 0.00140221 0.00257838 0.00121708 0.00189773
3.525 0.00184216 0.00300364 0.00123608 0.00211986
3.55 0.0022949 0.00344087 0.0012507 0.00234578
3.575 0.00275959 0.00388933 0.00126083 0.00257508
3.6 0.00323536 0.00434821 0.00126641 0.00280731
3.625 0.00372127 0.0048167 0.00126734 0.00304202
3.65 0.00421637 0.00529392 0.00126359 0.00327876
3.675 0.00471966 0.00577898 0.00125511 0.00351704
3.7 0.00523012 0.00627093 0.00124186 0.0037564
3.725 0.00574669 0.00676881 0.00122386 0.00399633
3.75 0.00626829 0.00727163 0.00120109 0.00423636
3.775 0.00679382 0.00777835 0.00117358 0.00447597
3.8 0.00732215 0.00828794 0.00114137 0.00471466
3.825 0.00785215 0.00879934 0.00110452 0.00495193
3.85 0.00838266 0.00931146 0.00106308 0.00518727
3.875 0.00891254 0.00982321 0.00101715 0.00542018
3.9 0.0094406 0.0103335 0.000966822 0.00565016
3.925 0.0099657 0.0108412 0.000912215 0.00587672
3.95 0.0104867 0.0113453 0.000853459 0.00609936
3.975 0.0110024 0.0118445 0.000790696 0.0063176
4 0.0115116 0.0123379 0.000724085 0.00653098
4.025 0.0120134 0.0128243 0.000653797 0.00673903
4.05 0.0125064 0.0133026 0.000580016 0.00694131
4.075 0.0129897 0.0137718 0.000502937 0.00713739
4.1 0.0134623 0.0142309 0.00042277 0.00732685
4.125 0.0139229 0.0146789 0.00033973 0.00750929
4.15 0.0143708 0.0151146 0.000254045 0.00768434
4.175 0.0148049 0.0155373 0.000165951 0.00785163
4.2 0.0152243 0.015946 7.56933e-05 0.00801083
4.225 0.015628 0.0163397 -1.64788e-05 0.00816162
4.25 0.0160154 0.0167177 -0.000110308 0.00830371
4.275 0.0163856 0.0170792 -0.000205533 0.00843683
4.3 0.0167378 0.0174234 -0.000301889 0.00856075
4.325 0.0170715 0.0177496 -0.000399107 0.00867524
4.35 0.0173859 0.0180572 -0.000496919 0.00878012
4.375 0.0176805 0.0183455 -0.000595053 0.00887522
4.4 0.0179548 0.0186141 -0.00069324 0.00896041
4.425 0.0182083 0.0188624 -0.000791213 0.00903559
4.45 0.0184408 0.01909 -0.000888705 0.00910067
4.475 0.0186517 0.0192967 -0.000985456 0.00915561
4.5 0.0188409 0.019482 -0.00108121 0.00920037
4.525 0.0190082 0.0196457 -0.00117571 0.00923498
4.55 0.0191535 0.0197876 -0.00126872 0.00925946
4.575 0.0192766 0.0199077 -0.00135999 0.00927387
4.6 0.0193775 0.0200059 -0.00144931 0.0092783
4.625 0.0194564 0.0200822 -0.00153644 0.00927286
4.65 0.0195132 0.0201366 -0.00162119 0.00925768
4.675 0.0195482 0.0201692 -0.00170335 0.00923294
4.7 0.0195617 0.0201804 -0.00178274 0.00919882
4.725 0.0195538 0.0201702 -0.00185918 0.00915551
4.75 0.0195249 0.020139 -0.0019325 0.00910327
4.775 0.0194754 0.0200872 -0.00200257 0.00904232
4.8 0.0194058 0.0200151 -0.00206923 0.00897295
4.825 0.0193165 0.0199232 -0.00213238 0.00889543
4.85 0.019208 0.019812 -0.0021919 0.00881008
4.875 0.019081 0.0196821 -0.00224769 0.0087172
4.9 0.0189359 0.0195339 -0.00229968 0.00861713
4.925 0.0187736 0.0193682 -0.00234779 0.00851021
4.95 0.0185946 0.0191856 -0.00239198 0.00839679
4.975 0.0183996 0.0189867 -0.00243221 0.00827724
5 0.0181894 0.0187723 -0.00246845 0.00815192
5.025 0.0179648 0.0185431 -0.0025007 0.00802122
5.05 0.0177264 0.0183 -0.00252895 0.00788552
5.075 0.0174752 0.0180436 -0.00255322 0.00774518
5.1 0.0172119 0.0177748 -0.00257354 0.00760062
5.125 0.0169373 0.0174943 -0.00258994 0.0074522
5.15 0.0166522 0.0172031 -0.00260249 0.00730031
5.175 0.0163575 0.0169019 -0.00261124 0.00714535
5.2 0.0160541 0.0165916 -0.00261627 0.00698767
5.225 0.0157426 0.016273 -0.00261765 0.00682767
5.25 0.0154241 0.0159469 -0.00261549 0.00666571
5.275 0.0150992 0.0156142 -0.00260988 0.00650215
5.3 0.0147687 0.0152756 -0.00260093 0.00633734
5.325 0.0144335 0.014932 -0.00258876 0.00617163
5.35 0.0140944 0.0145842 -0.00257349 0.00600535
5.375 0.0137521 0.0142329 -0.00255524 0.00583882
5.4 0.0134073 0.0138789 -0.00253416 0.00567237
5.425 0.0130608 0.013523 -0.00251038 0.00550629
5.45 0.0127132 0.0131657 -0.00248404 0.00534086
5.475 0.0123653 0.012808 -0.00245528 0.00517636
5.5 0.0120176 0.0124504 -0.00242425 0.00501305
5.525 0.0116709 0.0120935 -0.0023911 0.00485118
5.55 0.0113256 0.011738 -0.00235598 0.00469099
5.575 0.0109824 0.0113844 -0.00231903 0.00453268
5.6 0.0106418 0.0110333 -0.00228041 0.00437646
5.625 0.0103043 0.0106853 -0.00224027 0.00422253
5.65 0.00997041 0.0103409 -0.00219874 0.00407106
5.675 0.00964051 0.0100004 -0.00215597 0.0039222
5.7 0.00931504 0.00966433 -0.00211211 0.00377611
5.725 0.00899438 0.00933311 -0.00206729 0.00363291
5.75 0.00867889 0.0090071 -0.00202165 0.00349273
5.775 0.00836888 0.00868663 -0.00197532 0.00335566
5.8 0.00806465 0.00837201 -0.00192843 0.00322179
5.825 0.00776646 0.00806353 -0.0018811 0.00309122
5.85 0.00747454 0.00776142 -0.00183345 0.00296399
5.875 0.0071891 0.00746592 -0.0017856 0.00284016
5.9 0.00691031 0.0071772 -0.00173765 0.00271978
5.925 0.00663833 0.00689545 -0.00168971 0.00260287
5.95 0.00637327 0.00662078 -0.00164187 0.00248945
5.975 0.00611525 0.00635332 -0.00159423 0.00237954
6 0.00586433 0.00609314 -0.00154688 0.00227313
6.025 0.00562057 0.00584033 -0.0014999 0.00217021
6.05 0.005384 0.00559491 -0.00145336 0.00207077
6.075 0.00515464 0.0053569 -0.00140734 0.00197478
6.1 0.00493248 0.00512631 -0.0013619 0.0018822
6.125 0.00471749 0.00490311 -0.0013171 0.00179301
6.15 0.00450963 0.00468728 -0.00127299 0.00170714
6.175 0.00430885 0.00447874 -0.00122963 0.00162456
6.2 0.00411508 0.00427745 -0.00118706 0.00154519
6.225 0.00392822 0.00408331 -0.00114532 0.00146899
6.25 0.00374818 0.00389622 -0.00110445 0.00139589
6.275 0.00357486 0.00371609 -0.00106447 0.00132581
6.3 0.00340814 0.00354279 -0.0010254 0.00125869
6.325 0.00324789 0.00337619 -0.000987283 0.00119445
6.35 0.00309397 0.00321616 -0.000950122 0.00113302
6.375 0.00294624 0.00306255 -0.000913933 0.00107431
6.4 0.00280456 0.00291522 -0.000878728 0.00101824
6.425 0.00266878 0.002774 -0.000844512 0.000964743
6.45 0.00253873 0.00263874 -0.00081129 0.000913723
6.475 0.00241425 0.00250927 -0.000779061 0.000865103
6.5 0.00229519 0.00238542 -0.000747823 0.000818799
6.525 0.00218138 0.00226703 -0.000717572 0.00077473
6.55 0.00207265 0.00215393 -0.000688299 0.000732813
6.575 0.00196884 0.00204593 -0.000659997 0.000692968
6.6 0.00186977 0.00194288 -0.000632652 0.000655114
6.625 0.0017753 0.0018446 -0.000606253 0.000619172
6.65 0.00168524 0.00175091 -0.000580784 0.000585064
6.675 0.00159943 0.00166166 -0.000556229 0.000552714
6.7 0.00151773 0.00157666 -0.000532571 0.000522047
6.725 0.00143995 0.00149577 -0.00050979 0.000492989
6.75 0.00136596 0.00141881 -0.000487868 0.000465469
6.775 0.00129559 0.00134562 -0.000466784 0.000439418
6.8 0.0012287 0.00127605 -0.000446516 0.000414768
6.825 0.00116513 0.00120995 -0.000427044 0.000391453
6.85 0.00110475 0.00114717 -0.000408346 0.00036941
6.875 0.00104742 0.00108755 -0.000390398 0.000348578
6.9 0.000992994 0.00103097 -0.000373178 0.000328896
6.925 0.000941347 0.000977279 -0.000356665 0.000310307
6.95 0.00089235 0.000926349 -0.000340834 0.000292758
6.975 0.000845879 0.00087805 -0.000325664 0.000276193
7 0.000801816 0.000832257 -0.000311132 0.000260563
7.025 0.000760045 0.000788851 -0.000297216 0.000245818
7.05 0.000720455 0.000747716 -0.000283893 0.000231912
7.075 0.000682939 0.000708741 -0.000271142 0.000218799
7.1 0.000647395 0.000671817 -0.000258943 0.000206437
7.125 0.000613723 0.000636843 -0.000247273 0.000194785
7.15 0.000581829 0.00060372 -0.000236112 0.000183804
7.175 0.000551623 0.000572353 -0.00022544 0.000173456
7.2 0.000523018 0.000542651 -0.000215238 0.000163706
7.225 0.000495931 0.000514528 -0.000205487 0.000154521
7.25 0.000470282 0.000487902 -0.000196168 0.000145867
7.275 0.000445997 0.000462693 -0.000187263 0.000137715
7.3 0.000423002 0.000438827 -0.000178755 0.000130036
7.325 0.000401229 0.000416231 -0.000170627 0.000122802
7.35 0.000380614 0.000394838 -0.000162863 0.000115987
7.375 0.000361093 0.000374582 -0.000155447 0.000109568
7.4 0.000342608 0.000355403 -0.000148364 0.00010352
7.425 0.000325102 0.000337241 -0.000141599 9.78209e-05
7.45 0.000308522 0.000320041 -0.000135138 9.24512e-05
7.475 0.000292819 0.00030375 -0.000128969 8.73908e-05
7.5 0.000277943 0.000288319 -0.000123077 8.26212e-05
7.525 0.000263851 0.000273701 -0.000117451 7.8125e-05
7.55 0.000250498 0.00025985 -0.000112078 7.3886e-05
7.575 0.000237844 0.000246725 -0.000106948 6.98885e-05
7.6 0.000225851 0.000234286 -0.00010205 6.61181e-05
7.625 0.000214483 0.000222494 -9.73717e-05 6.25612e-05
7.65 0.000203705 0.000211315 -9.29048e-05 5.9205e-05
7.675 0.000193486 0.000200714 -8.86395e-05 5.60374e-05
7.7 0.000183794 0.000190661 -8.45665e-05 5.3047e-05
7.725 0.0001746 0.000181124 -8.06772e-05 5.02234e-05
7.75 0.000165879 0.000172076 -7.69633e-05 4.75564e-05
7.775 0.000157603 0.00016349 -7.34169e-05 4.50368e-05
7.8 0.00014975 0.000155342 -7.00305e-05 4.26558e-05
7.825 0.000142296 0.000147607 -6.67968e-05 4.04053e-05
7.85 0.000135219 0.000140264 -6.37091e-05 3.82774e-05
7.875 0.0001285 0.000133291 -6.07609e-05 3.6265e-05
7.9 0.00012212 0.000126669 -5.79458e-05 3.43614e-05
7.925 0.00011606 0.000120378 -5.5258e-05 3.25602e-05
7.95 0.000110304 0.000114403 -5.26918e-05 3.08555e-05
7.975 0.000104836 0.000108725 -5.02418e-05 2.92417e-05
8 9.964e-05 0.00010333 -4.79029e-05 2.77137e-05
8.025 9.47031e-05 9.82032e-05 -4.56702e-05 2.62665e-05
8.05 9.00114e-05 9.33303e-05 -4.3539e-05 2.48956e-05
8.075 8.55523e-05 8.86985e-05 -4.15049e-05 2.35968e-05
8.1 8.13141e-05 8.42955e-05 -3.95636e-05 2.2366e-05
8.125 7.72854e-05 8.01097e-05 -3.7711e-05 2.11994e-05
8.15 7.34558e-05 7.61302e-05 -3.59433e-05 2.00935e-05
8.175 6.98151e-05 7.23467e-05 -3.42568e-05 1.9045e-05
8.2 6.6354e-05 6.87494e-05 -3.26479e-05 1.80508e-05
8.225 6.30634e-05 6.53291e-05 -3.11133e-05 1.71079e-05
8.25 5.9935e-05 6.2077e-05 -2.96497e-05 1.62137e-05
8.275 5.69608e-05 5.8985e-05 -2.82541e-05 1.53654e-05
8.3 5.41331e-05 5.60451e-05 -2.69235e-05 1.45608e-05
8.325 5.14448e-05 5.32499e-05 -2.5655e-05 1.37975e-05
8.35 4.88891e-05 5.05925e-05 -2.4446e-05 1.30733e-05
8.375 4.64595e-05 4.80661e-05 -2.32938e-05 1.23862e-05
8.4 4.41499e-05 4.56645e-05 -2.2196e-05 1.17343e-05
8.425 4.19545e-05 4.33816e-05 -2.11502e-05 1.11157e-05
8.45 3.98677e-05 4.12117e-05 -2.0154e-05 1.05288e-05
8.475 3.78843e-05 3.91494e-05 -1.92054e-05 9.97198e-06
8.5 3.59994e-05 3.71895e-05 -1.83022e-05 9.44364e-06
8.525 3.42081e-05 3.5327e-05 -1.74423e-05 8.94237e-06
8.55 3.25059e-05 3.35575e-05 -1.66239e-05 8.46679e-06
8.575 3.08885e-05 3.18763e-05 -1.58451e-05 8.0156e-06
8.6 2.93519e-05 3.02792e-05 -1.5104e-05 7.58758e-06
8.625 2.78922e-05 2.87622e-05 -1.4399e-05 7.18156e-06
8.65 2.65055e-05 2.73214e-05 -1.37285e-05 6.79644e-06
8.675 2.51884e-05 2.59531e-05 -1.30908e-05 6.43117e-06
8.7 2.39375e-05 2.4654e-05 -1.24844e-05 6.08475e-06
8.725 2.27496e-05 2.34205e-05 -1.19079e-05 5.75626e-06
8.75 2.16216e-05 2.22495e-05 -1.13599e-05 5.44478e-06
8.775 2.05506e-05 2.1138e-05 -1.0839e-05 5.14948e-06
8.8 1.95338e-05 2.0083e-05 -1.03439e-05 4.86955e-06
8.825 1.85685e-05 1.90818e-05 -9.87338e-06 4.60423e-06
8.85 1.76522e-05 1.81318e-05 -9.42626e-06 4.35278e-06
8.875 1.67825e-05 1.72304e-05 -9.00139e-06 4.11452e-06
8.9 1.59571e-05 1.63753e-05 -8.59767e-06 3.8888e-06
8.925 1.51737e-05 1.5564e-05 -8.21406e-06 3.67499e-06
8.95 1.44303e-05 1.47945e-05 -7.84953e-06 3.47251e-06
8.975 1.37249e-05 1.40647e-05 -7.50314e-06 3.28078e-06
9 1.30556e-05 1.33725e-05 -7.17394e-06 3.09929e-06
9.025 1.24205e-05 1.27161e-05 -6.86106e-06 2.92751e-06
9.05 1.18179e-05 1.20936e-05 -6.56365e-06 2.76498e-06
9.075 1.12462e-05 1.15033e-05 -6.28089e-06 2.61123e-06
9.1 1.07038e-05 1.09437e-05 -6.01201e-06 2.46582e-06
9.125 1.01892e-05 1.0413e-05 -5.75627e-06 2.32835e-06
9.15 9.70099e-06 9.90979e-06 -5.51295e-06 2.19842e-06
9.175 9.23776e-06 9.43268e-06 -5.2814e-06 2.07564e-06
9.2 8.79824e-06 8.9803e-06 -5.06095e-06 1.95967e-06
9.225 8.38119e-06 8.55134e-06 -4.85101e-06 1.85017e-06
9.25 7.98544e-06 8.14457e-06 -4.65097e-06 1.7468e-06
9.275 7.60986e-06 7.75881e-06 -4.4603e-06 1.64925e-06
9.3 7.25338e-06 7.39295e-06 -4.27847e-06 1.55724e-06
9.325 6.915e-06 7.04592e-06 -4.10496e-06 1.47048e-06
9.35 6.59374e-06 6.7167e-06 -3.93932e-06 1.38869e-06
9.375 6.28868e-06 6.40434e-06 -3.78109e-06 1.31162e-06
9.4 5.99894e-06 6.1079e-06 -3.62984e-06 1.23903e-06
9.425 5.72371e-06 5.82653e-06 -3.48518e-06 1.17067e-06
9.45 5.46217e-06 5.55938e-06 -3.34673e-06 1.10633e-06
9.475 5.21359e-06 5.30568e-06 -3.21413e-06 1.04577e-06
9.5 4.97725e-06 5.06467e-06 -3.08705e-06 9.88809e-07
9.525 4.75247e-06 4.83564e-06 -2.96517e-06 9.35233e-07
9.55 4.53862e-06 4.61791e-06 -2.8482e-06 8.84857e-07
9.575 4.33508e-06 4.41086e-06 -2.73586e-06 8.37499e-07
9.6 4.14128e-06 4.21388e-06 -2.62791e-06 7.92985e-07
9.625 3.95667e-06 4.02639e-06 -2.52409e-06 7.51149e-07
9.65 3.78075e-06 3.84785e-06 -2.42418e-06 7.11834e-07
9.675 3.61301e-06 3.67775e-06 -2.32798e-06 6.74886e-07
9.7 3.45302e-06 3.51562e-06 -2.23529e-06 6.40161e-07
9.725 3.30032e-06 3.36099e-06 -2.14595e-06 6.07522e-07
9.75 3.15453e-06 3.21344e-06 -2.05977e-06 5.76837e-07
9.775 3.01526e-06 3.07258e-06 -1.97662e-06 5.4798e-07
9.8 2.88214e-06 2.93801e-06 -1.89634e-06 5.20835e-07
9.825 2.75484e-06 2.8094e-06 -1.81883e-06 4.95287e-07
9.85 2.63306e-06 2.68641e-06 -1.74395e-06 4.7123e-07
9.875 2.51649e-06 2.56873e-06 -1.6716e-06 4.48564e-07
9.9 2.40487e-06 2.45607e-06 -1.60169e-06 4.27194e-07
9.925 2.29793e-06 2.34817e-06 -1.53411e-06 4.0703e-07
9.95 2.19544e-06 2.24478e-06 -1.4688e-06 3.87989e-07
9.975 2.09717e-06 2.14566e-06 -1.40568e-06 3.69991e-07
10 2.00293e-06 2.0506e-06 -1.34468e-06 3.52963e-07
10.025 1.91253e-06 1.95941e-06 -1.28573e-06 3.36838e-07
10.05 1.82577e-06 1.87188e-06 -1.22878e-06 3.21551e-07
10.075 1.74252e-06 1.78787e-06 -1.17378e-06 3.07044e-07
10.1 1.6626e-06 1.7072e-06 -1.12068e-06 2.93261e-07
10.125 1.58588e-06 1.62974e-06 -1.06943e-06 2.80154e-07
10.15 1.51224e-06 1.55535e-06 -1.01999e-06 2.67676e-07
10.175 1.44155e-06 1.4839e-06 -9.72327e-07 2.55785e-07
10.2 1.3737e-06 1.41528e-06 -9.26395e-07 2.44442e-07
10.225 1.30859e-06 1.34939e-06 -8.82161e-07 2.33614e-07
10.25 1.24612e-06 1.28612e-06 -8.3959e-07 2.23267e-07
10.275 1.18621e-06 1.2254e-06 -7.98647e-07 2.13375e-07
10.3 1.12876e-06 1.16712e-06 -7.593e-07 2.0391e-07
10.325 1.0737e-06 1.11122e-06 -7.21514e-07 1.94851e-07
10.35 1.02096e-06 1.05761e-06 -6.85258e-07 1.86176e-07
10.375 9.70463e-07 1.00623e-06 -6.50497e-07 1.77867e-07
10.4 9.22141e-07 9.57014e-07 -6.17198e-07 1.69908e-07
10.425 8.7593e-07 9.09893e-07 -5.85326e-07 1.62284e-07
10.45 8.31768e-07 8.64808e-07 -5.54847e-07 1.54981e-07
10.475 7.89595e-07 8.21701e-07 -5.25724e-07 1.47988e-07
10.5 7.4935e-07 7.80512e-07 -4.97923e-07 1.41295e-07
10.525 7.10976e-07 7.41187e-07 -4.71406e-07 1.34891e-07
10.55 6.74416e-07 7.03669e-07 -4.46134e-07 1.28767e-07
10.575 6.39612e-07 6.67905e-07 -4.22071e-07 1.22917e-07
10.6 6.06508e-07 6.3384e-07 -3.99177e-07 1.17331e-07
10.625 5.75048e-07 6.0142e-07 -3.77413e-07 1.12003e-07
10.65 5.45176e-07 5.70591e-07 -3.56739e-07 1.06926e-07
10.675 5.16836e-07 5.41301e-07 -3.37114e-07 1.02093e-07
10.7 4.89973e-07 5.13494e-07 -3.18499e-07 9.74973e-08
10.725 4.64529e-07 4.87117e-07 -3.00854e-07 9.31317e-08
10.75 4.40451e-07 4.62116e-07 -2.84137e-07 8.89897e-08
10.775 4.17681e-07 4.38438e-07 -2.68309e-07 8.50643e-08
10.8 3.96164e-07 4.16027e-07 -2.53331e-07 8.13483e-08
10.825 3.75845e-07 3.94832e-07 -2.39163e-07 7.78343e-08
10.85 3.56669e-07 3.74797e-07 -2.25767e-07 7.45147e-08
10.875 3.38582e-07 3.5587e-07 -2.13106e-07 7.13818e-08
10.9 3.2153e-07 3.37998e-07 -2.01143e-07 6.84275e-08
10.925 3.05461e-07 3.2113e-07 -1.89843e-07 6.56435e-08
10.95 2.90321e-07 3.05213e-07 -1.7917e-07 6.30213e-08
10.975 2.76061e-07 2.90198e-07 -1.69094e-07 6.05524e-08
11 2.62631e-07 2.76037e-07 -1.59581e-07 5.82279e-08
11.025 2.49982e-07 2.6268e-07 -1.50602e-07 5.60391e-08
11.05 2.38069e-07 2.50081e-07 -1.42128e-07 5.39769e-08
11.075 2.26847e-07 2.38197e-07 -1.34132e-07 5.20325e-08
11.1 2.16271e-07 2.26983e-07 -1.26589e-07 5.0197e-08
11.125 2.06302e-07 2.16398e-07 -1.19475e-07 4.84616e-08
11.15 1.96899e-07 2.06403e-07 -1.12767e-07 4.68178e-08
11.175 1.88027e-07 1.9696e-07 -1.06446e-07 4.52571e-08
11.2 1.79649e-07 1.88035e-07 -1.00492e-07 4.37712e-08
11.225 1.71733e-07 1.79592e-07 -9.48876e-08 4.23524e-08
11.25 1.64249e-07 1.71603e-07 -8.96165e-08 4.09931e-08
11.275 1.57167e-07 1.64037e-07 -8.46642e-08 3.96861e-08
11.3 1.50461e-07 1.56867e-07 -8.00173e-08 3.84247e-08
11.325 1.44108e-07 1.50069e-07 -7.56635e-08 3.72026e-08
11.35 1.38085e-07 1.4362e-07 -7.15917e-08 3.6014e-08
11.375 1.32372e-07 1.37499e-07 -6.77919e-08 3.48535e-08
11.4 1.26951e-07 1.31688e-07 -6.42549e-08 3.37165e-08
11.425 1.21805e-07 1.26169e-07 -6.09722e-08 3.25986e-08
11.45 1.1692e-07 1.20929e-07 -5.79361e-08 3.14962e-08
11.475 1.12284e-07 1.15952e-07 -5.51392e-08 3.04062e-08
11.5 1.07883e-07 1.11227e-07 -5.2575e-08 2.93259e-08
11.525 1.03709e-07 1.06743e-07 -5.02368e-08 2.82533e-08
11.55 9.97515e-08 1.02492e-07 -4.81184e-08 2.71868e-08
11.575 9.60038e-08 9.84645e-08 -4.62135e-08 2.61255e-08
11.6 9.24587e-08 9.46535e-08 -4.45161e-08 2.50687e-08
11.625 8.911e-08 9.10526e-08 -4.30198e-08 2.40164e-08
11.65 8.59522e-08 8.76561e-08 -4.17181e-08 2.2969e-08
11.675 8.29803e-08 8.44586e-08 -4.06044e-08 2.19271e-08
11.7 8.01898e-08 8.14555e-08 -3.96716e-08 2.08919e-08
11.725 7.75763e-08 7.8642e-08 -3.89122e-08 1.98649e-08
11.75 7.51357e-08 7.60138e-08 -3.83185e-08 1.88476e-08
11.775 7.28637e-08 7.35665e-08 -3.78822e-08 1.78422e-08
11.8 7.07561e-08 7.12958e-08 -3.75945e-08 1.68506e-08
11.825 6.88084e-08 6.91969e-08 -3.74463e-08 1.58753e-08
11.85 6.70159e-08 6.7265e-08 -3.74276e-08 1.49187e-08
11.875 6.53737e-08 6.54949e-08 -3.75285e-08 1.39832e-08
11.9 6.38764e-08 6.38811e-08 -3.77383e-08 1.30714e-08
11.925 6.2518e-08 6.24176e-08 -3.80458e-08 1.21859e-08
11.95 6.12924e-08 6.10978e-08 -3.84397e-08 1.1329e-08
11.975 6.01929e-08 5.9915e-08 -3.89083e-08 1.05033e-08
12 5.92121e-08 5.88615e-08 -3.94395e-08 9.71101e-09
12.025 5.83425e-08 5.79295e-08 -4.0021e-08 8.95425e-09
12.05 5.75759e-08 5.71106e-08 -4.06406e-08 8.23501e-09
12.075 5.69037e-08 5.63959e-08 -4.12858e-08 7.55508e-09
12.1 5.6317e-08 5.57762e-08 -4.19442e-08 6.916e-09
12.125 5.58063e-08 5.52417e-08 -4.26035e-08 6.31909e-09
12.15 5.53623e-08 5.47825e-08 -4.32517e-08 5.76542e-09
12.175 5.49749e-08 5.43884e-08 -4.38768e-08 5.25579e-09
12.2 5.46341e-08 5.40489e-08 -4.44674e-08 4.79072e-09
12.225 5.433e-08 5.37535e-08 -4.50126e-08 4.37044e-09
12.25 5.40523e-08 5.34916e-08 -4.55018e-08 3.99493e-09
12.275 5.3791e-08 5.32527e-08 -4.5925e-08 3.66387e-09
12.3 5.35361e-08 5.30264e-08 -4.62731e-08 3.37664e-09
12.325 5.32779e-08 5.28023e-08 -4.65376e-08 3.13238e-09
12.35 5.30071e-08 5.25707e-08 -4.67108e-08 2.92997e-09
12.375 5.27146e-08 5.23219e-08 -4.67859e-08 2.76801e-09
12.4 5.23917e-08 5.20468e-08 -4.6757e-08 2.6449e-09
12.425 5.20305e-08 5.17368e-08 -4.66193e-08 2.55879e-09
12.45 5.16234e-08 5.1384e-08 -4.63687e-08 2.50765e-09
12.475 5.11636e-08 5.09809e-08 -4.60024e-08 2.48926e-09
12.5 5.06451e-08 5.0521e-08 -4.55185e-08 2.50124e-09
12.525 5.00625e-08 4.99984e-08 -4.49163e-08 2.54106e-09
12.55 4.94112e-08 4.94081e-08 -4.41959e-08 2.60609e-09
12.575 4.86875e-08 4.87459e-08 -4.33587e-08 2.69359e-09
12.6 4.78887e-08 4.80086e-08 -4.2407e-08 2.80077e-09
12.625 4.70128e-08 4.71937e-08 -4.13442e-08 2.92478e-09
12.65 4.60587e-08 4.63e-08 -4.01745e-08 3.06275e-09
12.675 4.50265e-08 4.53268e-08 -3.89032e-08 3.2118e-09
12.7 4.39167e-08 4.42747e-08 -3.75365e-08 3.36909e-09
12.725 4.27313e-08 4.3145e-08 -3.60814e-08 3.53181e-09
12.75 4.14726e-08 4.194e-08 -3.45456e-08 3.69722e-09
12.775 4.01442e-08 4.0663e-08 -3.29376e-08 3.86266e-09
12.8 3.87502e-08 3.93178e-08 -3.12666e-08 4.02558e-09
12.825 3.72957e-08 3.79094e-08 -2.95423e-08 4.18355e-09
12.85 3.57864e-08 3.64433e-08 -2.77748e-08 4.33427e-09
12.875 3.42287e-08 3.49259e-08 -2.59748e-08 4.47558e-09
12.9 3.26297e-08 3.33642e-08 -2.41532e-08 4.60551e-09
12.925 3.0997e-08 3.17656e-08 -2.23212e-08 4.72222e-09
12.95 2.93386e-08 3.01383e-08 -2.04901e-08 4.8241e-09
12.975 2.7663e-08 2.84908e-08 -1.86714e-08 4.90969e-09
13 2.59792e-08 2.6832e-08 -1.68766e-08 4.97774e-09
13.025 2.42962e-08 2.51712e-08 -1.51168e-08 5.02721e-09
13.05 2.26235e-08 2.35178e-08 -1.34033e-08 5.05724e-09
13.075 2.09705e-08 2.18814e-08 -1.1747e-08 5.06717e-09
13.1 1.93467e-08 2.02717e-08 -1.01585e-08 5.05657e-09
13.125 1.77616e-08 1.86983e-08 -8.64796e-09 5.02517e-09
13.15 1.62247e-08 1.71709e-08 -7.22505e-09 4.97292e-09
13.175 1.47452e-08 1.56989e-08 -5.899e-09 4.89995e-09
13.2 1.33321e-08 1.42915e-08 -4.67839e-09 4.80657e-09
13.225 1.19941e-08 1.29577e-08 -3.5712e-09 4.69326e-09
13.25 1.07397e-08 1.17061e-08 -2.58471e-09 4.56069e-09
13.275 9.57674e-09 1.05448e-08 -1.72545e-09 4.40966e-09
13.3 8.51268e-09 9.48145e-09 -9.99209e-10 4.24112e-09
13.325 7.55449e-09 8.52332e-09 -4.10987e-10 4.05617e-09
13.35 6.70853e-09 7.67697e-09 3.50433e-11 3.85601e-09
13.375 5.98059e-09 6.94838e-09 3.35538e-10 3.64196e-09
13.4 5.37578e-09 6.3429e-09 4.87998e-10 3.41545e-09
13.425 4.89857e-09 5.86519e-09 4.9077e-10 3.17798e-09
13.45 4.55271e-09 5.51919e-09 3.43048e-10 2.93112e-09
13.475 4.34126e-09 5.30815e-09 4.48698e-11 2.67651e-09
13.5 4.26654e-09 5.23455e-09 -4.02903e-10 2.41582e-09
13.525 4.33014e-09 5.30015e-09 -9.98597e-10 2.15077e-09
13.55 4.53293e-09 5.50593e-09 -1.73975e-09 1.88309e-09
13.575 4.87502e-09 5.85216e-09 -2.62315e-09 1.6145e-09
13.6 5.35582e-09 6.33834e-09 -3.64483e-09 1.34675e-09
13.625 5.97401e-09 6.96326e-09 -4.80016e-09 1.08155e-09
13.65 6.7276e-09 7.725e-09 -6.08385e-09 8.20572e-10
13.675 7.61391e-09 8.62094e-09 -7.48999e-09 5.65475e-10
13.7 8.62962e-09 9.64782e-09 -9.01211e-09 3.17854e-10
13.725 9.77079e-09 1.08017e-08 -1.06432e-08 7.92484e-11
13.75 1.10329e-08 1.20781e-08 -1.23759e-08 -1.48869e-10
13.775 1.24109e-08 1.3472e-08 -1.42022e-08 -3.65098e-10
13.8 1.38991e-08 1.49777e-08 -1.61139e-08 -5.68123e-10
13.825 1.54916e-08 1.65891e-08 -1.81026e-08 -7.56715e-10
13.85 1.71817e-08 1.82998e-08 -2.01593e-08 -9.29736e-10
13.875 1.89628e-08 2.01028e-08 -2.22751e-08 -1.08615e-09
13.9 2.08274e-08 2.19909e-08 -2.44409e-08 -1.22502e-09
13.925 2.27682e-08 2.39564e-08 -2.66474e-08 -1.34552e-09
13.95 2.47774e-08 2.59915e-08 -2.88853e-08 -1.44691e-09
13.975 2.68469e-08 2.80881e-08 -3.11453e-08 -1.5286e-09
14 2.89687e-08 3.02381e-08 -3.34183e-08 -1.59008e-09
14.025 3.11346e-08 3.24331e-08 -3.5695e-08 -1.63095e-09
14.05 3.33361e-08 3.46647e-08 -3.79666e-08 -1.65092e-09
14.075 3.55651e-08 3.69245e-08 -4.02241e-08 -1.64984e-09
14.1 3.78132e-08 3.9204e-08 -4.24592e-08 -1.62762e-09
14.125 4.00722e-08 4.14949e-08 -4.46635e-08 -1.58431e-09
14.15 4.23338e-08 4.37889e-08 -4.68291e-08 -1.52006e-09
14.175 4.45902e-08 4.6078e-08 -4.89482e-08 -1.43508e-09
14.2 4.68334e-08 4.83541e-08 -5.10136e-08 -1.32973e-09
14.225 4.90558e-08 5.06096e-08 -5.30184e-08 -1.20443e-09
14.25 5.125e-08 5.28369e-08 -5.49562e-08 -1.05969e-09
14.275 5.3409e-08 5.50287e-08 -5.68209e-08 -8.96092e-10
14.3 5.55258e-08 5.71782e-08 -5.86069e-08 -7.14321e-10
14.325 5.7594e-08 5.92788e-08 -6.0309e-08 -5.15112e-10
14.35 5.96073e-08 6.13241e-08 -6.19226e-08 -2.99272e-10
14.375 6.156e-08 6.33082e-08 -6.34435e-08 -6.76654e-11
14.4 6.34464e-08 6.52256e-08 -6.4868e-08 1.78786e-10
14.425 6.52617e-08 6.70711e-08 -6.61929e-08 4.39116e-10
14.45 6.7001e-08 6.884e-08 -6.74154e-08 7.12313e-10
14.475 6.86601e-08 7.05279e-08 -6.85333e-08 9.97331e-10
14.5 7.02352e-08 7.21309e-08 -6.95447e-08 1.29309e-09
14.525 7.17226e-08 7.36454e-08 -7.04484e-08 1.5985e-09
14.55 7.31195e-08 7.50683e-08 -7.12435e-08 1.91243e-09
14.575 7.4423e-08 7.6397e-08 -7.19295e-08 2.23375e-09
14.6 7.5631e-08 7.76292e-08 -7.25065e-08 2.56133e-09
14.625 7.67417e-08 7.87629e-08 -7.29749e-08 2.89401e-09
14.65 7.77536e-08 7.97967e-08 -7.33354e-08 3.23067e-09
14.675 7.86655e-08 8.07296e-08 -7.35893e-08 3.57016e-09
14.7 7.9477e-08 8.15608e-08 -7.37381e-08 3.91137e-09
14.725 8.01875e-08 8.229e-08 -7.37836e-08 4.25321e-09
14.75 8.07973e-08 8.29173e-08 -7.37281e-08 4.59458e-09
14.775 8.13065e-08 8.34429e-08 -7.3574e-08 4.93444e-09
14.8 8.1716e-08 8.38676e-08 -7.33241e-08 5.27176e-09
14.825 8.20267e-08 8.41924e-08 -7.29813e-08 5.60554e-09
14.85 8.22399e-08 8.44186e-08 -7.25489e-08 5.93483e-09
14.875 8.23573e-08 8.45477e-08 -7.20303e-08 6.2587e-09
14.9 8.23805e-08 8.45816e-08 -7.1429e-08 6.57628e-09
14.925 8.23117e-08 8.45224e-08 -7.07489e-08 6.88674e-09
14.95 8.21531e-08 8.43723e-08 -6.99938e-08 7.18927e-09
14.975 8.19073e-08 8.41339e-08 -6.91676e-08 7.48315e-09
15 8.15768e-08 8.38098e-08 -6.82744e-08 7.76766e-09
15.025 8.11646e-08 8.34028e-08 -6.73185e-08 8.04217e-09
15.05 8.06736e-08 8.2916e-08 -6.63039e-08 8.30607e-09
15.075 8.01069e-08 8.23525e-08 -6.52348e-08 8.55883e-09
15.1 7.94676e-08 8.17154e-08 -6.41156e-08 8.79994e-09
15.125 7.87592e-08 8.10082e-08 -6.29503e-08 9.02896e-09
15.15 7.79851e-08 8.02343e-08 -6.17433e-08 9.2455e-09
15.175 7.71485e-08 7.9397e-08 -6.04986e-08 9.44922e-09
15.2 7.62531e-08 7.84999e-08 -5.92203e-08 9.63983e-09
15.225 7.53024e-08 7.75466e-08 -5.79124e-08 9.81707e-09
15.25 7.42998e-08 7.65405e-08 -5.6579e-08 9.98077e-09
15.275 7.3249e-08 7.54853e-08 -5.52237e-08 1.01308e-08
15.3 7.21535e-08 7.43844e-08 -5.38505e-08 1.0267e-08
15.325 7.10168e-08 7.32415e-08 -5.24628e-08 1.03893e-08
15.35 6.98422e-08 7.20599e-08 -5.10643e-08 1.04978e-08
15.375 6.86334e-08 7.08432e-08 -4.96582e-08 1.05925e-08
15.4 6.73936e-08 6.95947e-08 -4.82479e-08 1.06734e-08
15.425 6.61262e-08 6.83177e-08 -4.68364e-08 1.07407e-08
15.45 6.48344e-08 6.70155e-08 -4.54267e-08 1.07944e-08
15.475 6.35214e-08 6.56913e-08 -4.40216e-08 1.08349e-08
15.5 6.21902e-08 6.43481e-08 -4.26237e-08 1.08622e-08
15.525 6.08438e-08 6.2989e-08 -4.12357e-08 1.08767e-08
15.55 5.94851e-08 6.16168e-08 -3.98597e-08 1.08785e-08
15.575 5.81169e-08 6.02344e-08 -3.84981e-08 1.08681e-08
15.6 5.67419e-08 5.88444e-08 -3.71528e-08 1.08458e-08
15.625 5.53627e-08 5.74494e-08 -3.58258e-08 1.08118e-08
15.65 5.39817e-08 5.60518e-08 -3.45188e-08 1.07665e-08
15.675 5.26012e-08 5.46542e-08 -3.32334e-08 1.07104e-08
15.7 5.12236e-08 5.32586e-08 -3.1971e-08 1.06438e-08
15.725 4.98508e-08 5.18673e-08 -3.0733e-08 1.05672e-08
15.75 4.8485e-08 5.04822e-08 -2.95205e-08 1.04809e-08
15.775 4.71281e-08 4.91053e-08 -2.83345e-08 1.03854e-08
15.8 4.57817e-08 4.77384e-08 -2.71759e-08 1.02812e-08
15.825 4.44476e-08 4.6383e-08 -2.60455e-08 1.01688e-08
15.85 4.31273e-08 4.50409e-08 -2.4944e-08 1.00485e-08
15.875 4.18222e-08 4.37134e-08 -2.38719e-08 9.92078e-09
15.9 4.05337e-08 4.24019e-08 -2.28295e-08 9.7862e-09
15.925 3.92631e-08 4.11077e-08 -2.18174e-08 9.64517e-09
15.95 3.80113e-08 3.98319e-08 -2.08355e-08 9.49816e-09
15.975 3.67795e-08 3.85754e-08 -1.98842e-08 9.34563e-09
16 3.55686e-08 3.73394e-08 -1.89633e-08 9.18802e-09
16.025 3.43794e-08 3.61245e-08 -1.8073e-08 9.02579e-09
16.05 3.32126e-08 3.49317e-08 -1.72129e-08 8.85939e-09
16.075 3.20689e-08 3.37615e-08 -1.6383e-08 8.68924e-09
16.1 3.09488e-08 3.26145e-08 -1.5583e-08 8.51577e-09
16.125 2.98528e-08 3.14913e-08 -1.48125e-08 8.33941e-09
16.15 2.87814e-08 3.03922e-08 -1.40711e-08 8.16055e-09
16.175 2.77348e-08 2.93177e-08 -1.33585e-08 7.97959e-09
16.2 2.67133e-08 2.82679e-08 -1.26741e-08 7.79691e-09
16.225 2.57172e-08 2.72432e-08 -1.20174e-08 7.6129e-09
16.25 2.47464e-08 2.62437e-08 -1.13879e-08 7.42789e-09
16.275 2.38011e-08 2.52695e-08 -1.0785e-08 7.24225e-09
16.3 2.28814e-08 2.43205e-08 -1.02079e-08 7.0563e-09
16.325 2.19871e-08 2.33969e-08 -9.65621e-09 6.87037e-09
16.35 2.11182e-08 2.24986e-08 -9.1291e-09 6.68475e-09
16.375 2.02745e-08 2.16254e-08 -8.62593e-09 6.49973e-09
16.4 1.94559e-08 2.07772e-08 -8.146e-09 6.31559e-09
16.425 1.86622e-08 1.99538e-08 -7.6886e-09 6.13258e-09
16.45 1.7893e-08 1.9155e-08 -7.25302e-09 5.95097e-09
16.475 1.71482e-08 1.83805e-08 -6.83853e-09 5.77097e-09
16.5 1.64273e-08 1.763e-08 -6.44442e-09 5.5928e-09
16.525 1.57301e-08 1.69033e-08 -6.06995e-09 5.41666e-09
16.55 1.50561e-08 1.61999e-08 -5.71443e-09 5.24275e-09
16.575 1.4405e-08 1.55196e-08 -5.37713e-09 5.07123e-09
16.6 1.37765e-08 1.48619e-08 -5.05734e-09 4.90227e-09
16.625 1.31699e-08 1.42264e-08 -4.75437e-09 4.73601e-09
16.65 1.25849e-08 1.36127e-08 -4.46754e-09 4.57259e-09
16.675 1.20211e-08 1.30204e-08 -4.19616e-09 4.41213e-09
16.7 1.1478e-08 1.2449e-08 -3.93958e-09 4.25473e-09
16.725 1.0955e-08 1.18981e-08 -3.69715e-09 4.1005e-09
16.75 1.04518e-08 1.13672e-08 -3.46823e-09 3.94951e-09
16.775 9.96774e-09 1.08559e-08 -3.25221e-09 3.80184e-09
16.8 9.50243e-09 1.03636e-08 -3.04848e-09 3.65756e-09
16.825 9.05534e-09 9.88989e-09 -2.85647e-09 3.51671e-09
16.85 8.62597e-09 9.43428e-09 -2.6756e-09 3.37934e-09
16.875 8.21382e-09 8.99629e-09 -2.50533e-09 3.24548e-09
16.9 7.8184e-09 8.57543e-09 -2.34513e-09 3.11515e-09
16.925 7.4392e-09 8.17122e-09 -2.19448e-09 2.98837e-09
16.95 7.07574e-09 7.78318e-09 -2.0529e-09 2.86514e-09
16.975 6.72752e-09 7.41084e-09 -1.9199e-09 2.74547e-09
17 6.39405e-09 7.05371e-09 -1.79503e-09 2.62934e-09
17.025 6.07486e-09 6.71133e-09 -1.67785e-09 2.51674e-09
17.05 5.76948e-09 6.38323e-09 -1.56794e-09 2.40764e-09
17.075 5.47744e-09 6.06896e-09 -1.4649e-09 2.30203e-09
17.1 5.19827e-09 5.76806e-09 -1.36834e-09 2.19986e-09
17.125 4.93153e-09 5.48009e-09 -1.2779e-09 2.10109e-09
17.15 4.67679e-09 5.20461e-09 -1.19321e-09 2.0057e-09
17.175 4.43359e-09 4.94119e-09 -1.11396e-09 1.91362e-09
17.2 4.20152e-09 4.68941e-09 -1.03981e-09 1.8248e-09
17.225 3.98016e-09 4.44885e-09 -9.70461e-10 1.73919e-09
17.25 3.76912e-09 4.21911e-09 -9.05631e-10 1.65674e-09
17.275 3.56798e-09 3.9998e-09 -8.45043e-10 1.57738e-09
17.3 3.37637e-09 3.79052e-09 -7.88437e-10 1.50104e-09
17.325 3.19391e-09 3.59091e-09 -7.35567e-10 1.42767e-09
17.35 3.02023e-09 3.40058e-09 -6.86201e-10 1.35719e-09
17.375 2.85498e-09 3.21919e-09 -6.40118e-10 1.28954e-09
17.4 2.69782e-09 3.04638e-09 -5.9711e-10 1.22463e-09
17.425 2.5484e-09 2.88181e-09 -5.56982e-10 1.16241e-09
17.45 2.40641e-09 2.72516e-09 -5.19547e-10 1.1028e-09
17.475 2.27152e-09 2.57609e-09 -4.84632e-10 1.04573e-09
17.5 2.14344e-09 2.43431e-09 -4.52073e-10 9.91118e-10
17.525 2.02187e-09 2.29951e-09 -4.21714e-10 9.38896e-10
17.55 1.90652e-09 2.17139e-09 -3.93411e-10 8.88988e-10
17.575 1.79712e-09 2.04967e-09 -3.67027e-10 8.41322e-10
17.6 1.6934e-09 1.93408e-09 -3.42435e-10 7.95825e-10
17.625 1.5951e-09 1.82436e-09 -3.19513e-10 7.52423e-10
17.65 1.50198e-09 1.72024e-09 -2.9815e-10 7.11046e-10
17.675 1.4138e-09 1.62148e-09 -2.7824e-10 6.71621e-10
17.7 1.33033e-09 1.52784e-09 -2.59684e-10 6.3408e-10
17.725 1.25135e-09 1.43909e-09 -2.42391e-10 5.98351e-10
17.75 1.17664e-09 1.35501e-09 -2.26273e-10 5.64369e-10
17.775 1.106e-09 1.27538e-09 -2.11251e-10 5.32065e-10
17.8 1.03924e-09 1.2e-09 -1.97249e-10 5.01374e-10
17.825 9.76166e-10 1.12866e-09 -1.84197e-10 4.72232e-10
17.85 9.16597e-10 1.06118e-09 -1.72028e-10 4.44577e-10
17.875 8.6036e-10 9.97377e-10 -1.60683e-10 4.18347e-10
17.9 8.07289e-10 9.37069e-10 -1.50104e-10 3.93483e-10
17.925 7.57226e-10 8.80089e-10 -1.40238e-10 3.69925e-10
17.95 7.10016e-10 8.26273e-10 -1.31036e-10 3.47618e-10
17.975 6.65516e-10 7.75467e-10 -1.22452e-10 3.26507e-10
18 6.23585e-10 7.2752e-10 -1.14442e-10 3.06539e-10
18.025 5.84089e-10 6.82289e-10 -1.06968e-10 2.8766e-10
18.05 5.46902e-10 6.39638e-10 -9.99921e-11 2.69823e-10
18.075 5.11902e-10 5.99434e-10 -9.34798e-11 2.52977e-10
18.1 4.78973e-10 5.61552e-10 -8.73994e-11 2.37077e-10
18.125 4.48003e-10 5.25873e-10 -8.17209e-11 2.22076e-10
18.15 4.18888e-10 4.9228e-10 -7.6417e-11 2.07932e-10
18.175 3.91526e-10 4.60665e-10 -7.14618e-11 1.94602e-10
18.2 3.65822e-10 4.30923e-10 -6.68316e-11 1.82046e-10
18.225 3.41684e-10 4.02953e-10 -6.25042e-11 1.70225e-10
18.25 3.19026e-10 3.76661e-10 -5.8459e-11 1.59101e-10
18.275 2.97764e-10 3.51955e-10 -5.46769e-11 1.48639e-10
18.3 2.77821e-10 3.28749e-10 -5.11403e-11 1.38804e-10
18.325 2.59122e-10 3.0696e-10 -4.78325e-11 1.29564e-10
18.35 2.41595e-10 2.8651e-10 -4.47382e-11 1.20886e-10
18.375 2.25174e-10 2.67324e-10 -4.18433e-11 1.12741e-10
18.4 2.09794e-10 2.49331e-10 -3.91344e-11 1.05099e-10
18.425 1.95395e-10 2.32464e-10 -3.65993e-11 9.79324e-11
18.45 1.8192e-10 2.16658e-10 -3.42264e-11 9.12157e-11
18.475 1.69313e-10 2.01852e-10 -3.20053e-11 8.49234e-11
18.5 1.57524e-10 1.87989e-10 -2.99258e-11 7.90314e-11
18.525 1.46504e-10 1.75013e-10 -2.79789e-11 7.35169e-11
18.55 1.36206e-10 1.62872e-10 -2.6156e-11 6.83582e-11
18.575 1.26586e-10 1.51518e-10 -2.4449e-11 6.35347e-11
18.6 1.17604e-10 1.40904e-10 -2.28505e-11 5.90266e-11
18.625 1.0922e-10 1.30984e-10 -2.13535e-11 5.48154e-11
18.65 1.01398e-10 1.21718e-10 -1.99516e-11 5.08833e-11
18.675 9.41018e-11 1.13066e-10 -1.86387e-11 4.72135e-11
18.7 8.72996e-11 1.0499e-10 -1.74093e-11 4.37901e-11
18.725 8.09601e-11 9.74542e-11 -1.62579e-11 4.05981e-11
18.75 7.50541e-11 9.04262e-11 -1.51798e-11 3.76232e-11
18.775 6.9554e-11 8.3874e-11 -1.41702e-11 3.48519e-11
18.8 6.44339e-11 7.77678e-11 -1.3225e-11 3.22714e-11
18.825 5.96693e-11 7.20795e-11 -1.23401e-11 2.98697e-11
18.85 5.52372e-11 6.67825e-11 -1.15117e-11 2.76354e-11
18.875 5.1116e-11 6.18519e-11 -1.07363e-11 2.55578e-11
18.9 4.72853e-11 5.72642e-11 -1.00106e-11 2.36268e-11
18.925 4.3726e-11 5.29971e-11 -9.33162e-12 2.18328e-11
18.95 4.04201e-11 4.90299e-11 -8.69632e-12 2.01668e-11
18.975 3.73507e-11 4.53428e-11 -8.10205e-12 1.86204e-11
19 3.45021e-11 4.19176e-11 -7.54625e-12 1.71857e-11
19.025 3.18592e-11 3.87367e-11 -7.02655e-12 1.58551e-11
19.05 2.94083e-11 3.5784e-11 -6.54069e-12 1.46217e-11
19.075 2.71361e-11 3.30442e-11 -6.08658e-12 1.34788e-11
19.1 2.50306e-11 3.05028e-11 -5.66224e-12 1.24203e-11
19.125 2.30801e-11 2.81465e-11 -5.26582e-12 1.14404e-11
19.15 2.1274e-11 2.59627e-11 -4.89558e-12 1.05336e-11
19.175 1.96022e-11 2.39394e-11 -4.54988e-12 9.69479e-12
19.2 1.80552e-11 2.20657e-11 -4.22718e-12 8.91928e-12
19.225 1.66244e-11 2.03312e-11 -3.92604e-12 8.20257e-12
19.25 1.53015e-11 1.87261e-11 -3.6451e-12 7.54048e-12
19.275 1.40789e-11 1.72413e-11 -3.38309e-12 6.92912e-12
19.3 1.29492e-11 1.58685e-11 -3.13881e-12 6.36483e-12
19.325 1.1906e-11 1.45995e-11 -2.91113e-12 5.84421e-12
19.35 1.09429e-11 1.34272e-11 -2.699e-12 5.36408e-12
19.375 1.00541e-11 1.23444e-11 -2.50141e-12 4.92148e-12
19.4 9.23414e-12 1.13447e-11 -2.31744e-12 4.51365e-12
19.425 8.47805e-12 1.04222e-11 -2.1462e-12 4.13802e-12
19.45 7.78108e-12 9.57124e-12 -1.98688e-12 3.79218e-12
19.475 7.13886e-12 8.7865e-12 -1.83869e-12 3.4739e-12
19.5 6.5473e-12 8.06314e-12 -1.70091e-12 3.18112e-12
19.525 6.00262e-12 7.39663e-12 -1.57285e-12 2.91189e-12
19.55 5.50129e-12 6.78274e-12 -1.45388e-12 2.66443e-12
19.575 5.04003e-12 6.21752e-12 -1.34339e-12 2.43706e-12
19.6 4.6158e-12 5.69732e-12 -1.24081e-12 2.22825e-12
19.625 4.22577e-12 5.21874e-12 -1.14562e-12 2.03656e-12
19.65 3.86732e-12 4.77862e-12 -1.05732e-12 1.86065e-12
19.675 3.53801e-12 4.37402e-12 -9.75439e-13 1.69929e-12
19.7 3.2356e-12 4.00222e-12 -8.99546e-13 1.55134e-12
19.725 2.95798e-12 3.6607e-12 -8.29228e-13 1.41573e-12
19.75 2.70322e-12 3.3471e-12 -7.64104e-13 1.2915e-12
19.775 2.46952e-12 3.05925e-12 -7.03814e-13 1.17772e-12
19.8 2.25523e-12 2.79515e-12 -6.48023e-13 1.07356e-12
19.825 2.0588e-12 2.55292e-12 -5.96415e-13 9.78253e-13
19.85 1.87882e-12 2.33084e-12 -5.48697e-13 8.91071e-13
19.875 1.71396e-12 2.12731e-12 -5.04594e-13 8.11357e-13
19.9 1.56302e-12 1.94085e-12 -4.63849e-13 7.38499e-13
19.925 1.42486e-12 1.77009e-12 -4.26223e-13 6.71934e-13
19.95 1.29846e-12 1.61378e-12 -3.9149e-13 6.11143e-13
19.975 1.18285e-12 1.47074e-12 -3.59443e-13 5.55646e-13
20 1.07716e-12 1.33989e-12 -3.29886e-13 5.05003e-13
