0 458.233 376.033 -3.25099 10.4965
0.025 458.233 376.033 -3.25099 10.4965
0.05 457.884 375.491 -3.24692 10.4957
0.075 457.69 375.305 -3.24567 10.4946
0.1 457.426 375.07 -3.24393 10.4934
0.125 457.102 374.757 -3.24183 10.4919
0.15 456.713 374.419 -3.23949 10.49
0.175 456.261 374.027 -3.23685 10.4878
0.2 455.745 373.58 -3.23382 10.4852
0.225 455.171 373.081 -3.23043 10.4823
0.25 454.533 372.531 -3.22667 10.4791
0.275 453.838 371.931 -3.22265 10.4756
0.3 453.087 371.283 -3.21831 10.4716
0.325 452.282 370.589 -3.21374 10.4674
0.35 451.428 369.852 -3.20887 10.4629
0.375 450.526 369.073 -3.20378 10.458
0.4 449.581 368.257 -3.19851 10.4528
0.425 448.594 367.404 -3.19311 10.4473
0.45 447.57 366.518 -3.18754 10.4414
0.475 446.511 365.601 -3.18186 10.4353
0.5 445.421 364.657 -3.17611 10.4288
0.525 444.304 363.689 -3.17035 10.422
0.55 443.164 362.699 -3.16459 10.4149
0.575 442.005 361.691 -3.15891 10.4075
0.6 440.83 360.669 -3.15328 10.3998
0.625 439.643 359.634 -3.14785 10.3918
0.65 438.448 358.591 -3.14259 10.3834
0.675 437.25 357.544 -3.1376 10.3748
0.7 436.051 356.494 -3.13291 10.3659
0.725 434.856 355.446 -3.12857 10.3567
0.75 433.669 354.403 -3.12461 10.3472
0.775 432.493 353.367 -3.12115 10.3374
0.8 431.333 352.344 -3.11823 10.3274
0.825 430.192 351.334 -3.11591 10.317
0.85 429.073 350.343 -3.11422 10.3064
0.875 427.981 349.371 -3.11326 10.2956
0.9 426.918 348.424 -3.1131 10.2843
0.925 425.889 347.503 -3.11377 10.2728
0.95 424.895 346.611 -3.11535 10.2611
0.975 423.941 345.752 -3.11788 10.2491
1 423.028 344.926 -3.12145 10.2368
1.025 422.16 344.138 -3.12612 10.2243
1.05 421.339 343.388 -3.13192 10.2115
1.075 420.567 342.679 -3.13893 10.1984
1.1 419.847 342.014 -3.14721 10.1851
1.125 419.18 341.393 -3.15679 10.1715
1.15 418.569 340.819 -3.16772 10.1577
1.175 418.014 340.292 -3.18007 10.1436
1.2 417.517 339.814 -3.19384 10.1292
1.225 417.078 339.386 -3.2091 10.1146
1.25 416.699 339.008 -3.22588 10.0997
1.275 416.38 338.682 -3.24421 10.0846
1.3 416.122 338.407 -3.26414 10.0692
1.325 415.923 338.184 -3.28563 10.0535
1.35 415.784 338.013 -3.30871 10.0376
1.375 415.705 337.893 -3.33345 10.0214
1.4 415.684 337.824 -3.35981 10.005
1.425 415.721 337.804 -3.38779 9.98837
1.45 415.814 337.832 -3.41744 9.97143
1.475 415.962 337.909 -3.44864 9.95424
1.5 416.163 338.034 -3.48153 9.93678
1.525 416.415 338.203 -3.51599 9.91908
1.55 416.715 338.416 -3.55202 9.90111
1.575 417.062 338.67 -3.58963 9.88288
1.6 417.452 338.963 -3.62874 9.86438
1.625 417.882 339.293 -3.66935 9.84562
1.65 418.35 339.658 -3.71146 9.8266
1.675 418.852 340.054 -3.75499 9.8073
1.7 419.385 340.479 -3.79993 9.78773
1.725 419.945 340.93 -3.84622 9.76789
1.75 420.527 341.403 -3.8938 9.74779
1.775 421.128 341.897 -3.94265 9.72741
1.8 421.745 342.408 -3.99275 9.70676
1.825 422.371 342.93 -4.04401 9.68582
1.85 423.004 343.461 -4.09644 9.6646
1.875 423.638 343.997 -4.14992 9.64311
1.9 424.269 344.536 -4.20453 9.62133
1.925 424.892 345.071 -4.26012 9.59927
1.95 425.503 345.601 -4.31662 9.57692
1.975 426.096 346.121 -4.37407 9.55428
2 426.667 346.627 -4.4324 9.53136
2.025 427.211 347.115 -4.4916 9.50814
2.05 427.722 347.58 -4.55161 9.48463
2.075 428.197 348.02 -4.61238 9.46083
2.1 428.63 348.43 -4.67391 9.43674
2.125 429.016 348.805 -4.73615 9.41235
2.15 429.35 349.143 -4.79905 9.38766
2.175 429.629 349.439 -4.86266 9.36267
2.2 429.846 349.689 -4.92688 9.33739
2.225 429.999 349.889 -4.9917 9.31181
2.25 430.081 350.036 -5.05712 9.28593
2.275 430.089 350.125 -5.12318 9.25975
2.3 430.018 350.154 -5.18978 9.23328
2.325 429.865 350.119 -5.25695 9.20649
2.35 429.625 350.017 -5.32471 9.17942
2.375 429.295 349.843 -5.39307 9.15205
2.4 428.871 349.594 -5.46193 9.12438
2.425 428.35 349.269 -5.5313 9.09641
2.45 427.727 348.864 -5.60132 9.06816
2.475 427.002 348.376 -5.67187 9.03961
2.5 426.169 347.803 -5.74308 9.01077
2.525 425.224 347.142 -5.81485 8.98164
2.55 424.174 346.395 -5.88717 8.95222
2.575 423.006 345.551 -5.96013 8.92253
2.6 421.723 344.612 -6.03377 8.89254
2.625 420.322 343.576 -6.10804 8.86229
2.65 418.801 342.442 -6.1829 8.83175
2.675 417.16 341.209 -6.25845 8.80095
2.7 415.398 339.874 -6.33471 8.76988
2.725 413.513 338.437 -6.41176 8.73855
2.75 411.505 336.897 -6.48944 8.70696
2.775 409.374 335.253 -6.56782 8.67511
2.8 407.12 333.504 -6.64699 8.64302
2.825 404.742 331.65 -6.72692 8.61068
2.85 402.242 329.69 -6.80759 8.5781
2.875 399.619 327.621 -6.88904 8.54529
2.9 396.875 325.45 -6.97121 8.51226
2.925 394.011 323.175 -7.05418 8.479
2.95 391.028 320.795 -7.13789 8.44553
2.975 387.927 318.311 -7.22236 8.41185
3 384.711 315.724 -7.30753 8.37796
3.025 381.382 313.036 -7.39336 8.34389
3.05 377.94 310.247 -7.4799 8.30963
3.075 374.39 307.359 -7.56705 8.27518
3.1 370.733 304.374 -7.6548 8.24056
3.125 366.972 301.293 -7.74309 8.20578
3.15 363.111 298.118 -7.8318 8.17084
3.175 359.151 294.852 -7.92094 8.13575
3.2 355.097 291.497 -8.0104 8.10052
3.225 350.952 288.055 -8.09998 8.06516
3.25 346.719 284.529 -8.18971 8.02967
3.275 342.402 280.923 -8.27944 7.99407
3.3 338.005 277.238 -8.36898 7.95835
3.325 333.532 273.479 -8.45822 7.92254
3.35 328.986 269.648 -8.54702 7.88664
3.375 324.371 265.749 -8.63522 7.85065
3.4 319.693 261.786 -8.72253 7.81459
3.425 314.955 257.761 -8.80884 7.77847
3.45 310.161 253.679 -8.89387 7.74228
3.475 305.316 249.544 -8.97745 7.70606
3.5 300.424 245.36 -9.05943 7.66979
3.525 295.49 241.13 -9.1394 7.63349
3.55 290.517 236.859 -9.21707 7.59717
3.575 285.511 232.552 -9.29227 7.56084
3.6 280.476 228.211 -9.36475 7.5245
3.625 275.417 223.842 -9.43416 7.48817
3.65 270.337 219.443 -9.5002 7.45186
3.675 265.241 215.03 -9.56261 7.41556
3.7 260.134 210.601 -9.62114 7.37929
3.725 255.02 206.161 -9.67531 7.34306
3.75 249.903 201.713 -9.72489 7.30687
3.775 244.787 197.264 -9.7696 7.27074
3.8 239.677 192.815 -9.8092 7.23467
3.825 234.577 188.373 -9.84338 7.19867
3.85 229.49 183.94 -9.87204 7.16275
3.875 224.421 179.521 -9.89453 7.12691
3.9 219.374 175.12 -9.91107 7.09116
3.925 214.351 170.742 -9.92112 7.05551
3.95 209.358 166.388 -9.92451 7.01996
3.975 204.397 162.064 -9.92114 6.98452
4 199.471 157.773 -9.91087 6.94921
4.025 194.585 153.519 -9.89354 6.91402
4.05 189.74 149.304 -9.86904 6.87895
4.075 184.941 145.132 -9.83733 6.84403
4.1 180.19 141.007 -9.79839 6.80924
4.125 175.49 136.93 -9.75211 6.77461
4.15 170.844 132.905 -9.69857 6.74013
4.175 166.253 128.935 -9.63779 6.7058
4.2 161.721 125.021 -9.56988 6.67164
4.225 157.25 121.167 -9.49493 6.63765
4.25 152.841 117.374 -9.41308 6.60382
4.275 148.498 113.645 -9.32452 6.57018
4.3 144.22 109.981 -9.22935 6.53671
4.325 140.011 106.383 -9.12783 6.50343
4.35 135.872 102.854 -9.02022 6.47034
4.375 131.804 99.3953 -8.90672 6.43744
4.4 127.808 96.0072 -8.78764 6.40473
4.425 123.886 92.691 -8.66322 6.37223
4.45 120.039 89.4478 -8.53388 6.33992
4.475 116.267 86.2781 -8.39988 6.30781
4.5 112.571 83.1826 -8.26155 6.27592
4.525 108.951 80.1618 -8.11923 6.24423
4.55 105.409 77.2159 -7.97316 6.21275
4.575 101.945 74.3451 -7.82392 6.18148
4.6 98.5583 71.5494 -7.67175 6.15042
4.625 95.2498 68.8287 -7.517 6.11958
4.65 92.0193 66.1828 -7.36002 6.08896
4.675 88.8667 63.6115 -7.20116 6.05856
4.7 85.7919 61.1141 -7.04076 6.02837
4.725 82.7946 58.6903 -6.87915 5.99841
4.75 79.8744 56.3394 -6.71667 5.96866
4.775 77.0309 54.0606 -6.55364 5.93914
4.8 74.2634 51.8531 -6.39035 5.90984
4.825 71.5715 49.716 -6.22727 5.88076
4.85 68.9543 47.6483 -6.06435 5.8519
4.875 66.4112 45.6491 -5.90203 5.82327
4.9 63.9412 43.7171 -5.74056 5.79486
4.925 61.5434 41.8513 -5.58018 5.76667
4.95 59.217 40.0504 -5.42112 5.7387
4.975 56.9609 38.3132 -5.2636 5.71095
5 54.7739 36.6383 -5.1078 5.68342
5.025 52.6551 35.0244 -4.95379 5.65611
5.05 50.6032 33.4702 -4.80199 5.62903
5.075 48.617 31.9743 -4.65242 5.60216
5.1 46.6951 30.5351 -4.50523 5.57551
5.125 44.8367 29.1514 -4.36054 5.54908
5.15 43.0404 27.8217 -4.21846 5.52286
5.175 41.3046 26.5444 -4.07908 5.49686
5.2 39.6281 25.3181 -3.9425 5.47107
5.225 38.0098 24.1415 -3.80879 5.4455
5.25 36.4481 23.0129 -3.67801 5.42013
5.275 34.9417 21.931 -3.55021 5.39498
5.3 33.4892 20.8943 -3.42544 5.37003
5.325 32.0892 19.9014 -3.30372 5.34529
5.35 30.7404 18.9508 -3.18507 5.32075
5.375 29.4415 18.0411 -3.06952 5.29643
5.4 28.191 17.1709 -2.95706 5.2723
5.425 26.9875 16.339 -2.84769 5.24837
5.45 25.8298 15.5438 -2.74141 5.22464
5.475 24.7165 14.7841 -2.63819 5.20111
5.5 23.6462 14.0587 -2.53802 5.17778
5.525 22.6177 13.3661 -2.44086 5.15464
5.55 21.6297 12.7052 -2.34669 5.13169
5.575 20.6808 12.0747 -2.25546 5.10894
5.6 19.7698 11.4735 -2.16714 5.08637
5.625 18.8956 10.9003 -2.08168 5.06399
5.65 18.0567 10.3542 -1.99903 5.0418
5.675 17.2522 9.83383 -1.91915 5.01979
5.7 16.4807 9.33829 -1.84198 4.99796
5.725 15.7412 8.86649 -1.76745 4.97631
5.75 15.0325 8.41743 -1.69553 4.95484
5.775 14.3535 7.99013 -1.62615 4.93355
5.8 13.7032 7.58364 -1.55924 4.91243
5.825 13.0805 7.19706 -1.49475 4.89149
5.85 12.4843 6.8295 -1.43262 4.87071
5.875 11.9137 6.4801 -1.37278 4.85011
5.9 11.3678 6.14806 -1.31517 4.82967
5.925 10.8455 5.83256 -1.25973 4.8094
5.95 10.346 5.53286 -1.2064 4.7893
5.975 9.86833 5.24821 -1.15512 4.76936
6 9.41168 4.97791 -1.10582 4.74957
6.025 8.97521 4.72129 -1.05844 4.72995
6.05 8.55811 4.47769 -1.01292 4.71049
6.075 8.15958 4.24649 -0.969211 4.69118
6.1 7.77888 4.02709 -0.927241 4.67202
6.125 7.41527 3.81891 -0.886956 4.65302
6.15 7.06804 3.62141 -0.848301 4.63417
6.175 6.7365 3.43407 -0.811218 4.61547
6.2 6.42001 3.25637 -0.775654 4.59691
6.225 6.11792 3.08784 -0.741555 4.5785
6.25 5.82961 2.92803 -0.708867 4.56024
6.275 5.55451 2.77648 -0.677541 4.54212
6.3 5.29203 2.6328 -0.647527 4.52414
6.325 5.04163 2.49657 -0.618775 4.5063
6.35 4.80279 2.36741 -0.591238 4.4886
6.375 4.57499 2.24497 -0.564871 4.47103
6.4 4.35776 2.1289 -0.539629 4.4536
6.425 4.15061 2.01888 -0.515468 4.4363
6.45 3.95311 1.91458 -0.492346 4.41914
6.475 3.76483 1.81572 -0.470223 4.40211
6.5 3.58534 1.72201 -0.449059 4.3852
6.525 3.41425 1.63319 -0.428815 4.36843
6.55 3.25119 1.54899 -0.409456 4.35178
6.575 3.09579 1.46918 -0.390944 4.33526
6.6 2.9477 1.39353 -0.373246 4.31886
6.625 2.80658 1.32182 -0.356327 4.30258
6.65 2.67212 1.25384 -0.340157 4.28642
6.675 2.54401 1.18939 -0.324703 4.27039
6.7 2.42196 1.1283 -0.309937 4.25447
6.725 2.30568 1.07038 -0.295828 4.23867
6.75 2.19491 1.01547 -0.28235 4.22299
6.775 2.0894 0.963411 -0.269475 4.20742
6.8 1.9889 0.914049 -0.257177 4.19196
6.825 1.89317 0.867243 -0.245433 4.17662
6.85 1.802 0.822859 -0.234218 4.16139
6.875 1.71517 0.780769 -0.22351 4.14627
6.9 1.63247 0.740853 -0.213285 4.13126
6.925 1.55371 0.702997 -0.203524 4.11635
6.95 1.47871 0.667092 -0.194206 4.10156
6.975 1.40729 0.633036 -0.185312 4.08686
7 1.33928 0.600732 -0.176822 4.07228
7.025 1.27453 0.570088 -0.168719 4.05779
7.05 1.21286 0.541017 -0.160986 4.04341
7.075 1.15415 0.513438 -0.153607 4.02913
7.1 1.09825 0.487271 -0.146564 4.01495
7.125 1.04503 0.462445 -0.139845 4.00087
7.15 0.994357 0.438889 -0.133433 3.98688
7.175 0.946115 0.416536 -0.127316 3.973
7.2 0.900188 0.395326 -0.121479 3.95921
7.225 0.856465 0.375198 -0.115911 3.94551
7.25 0.814843 0.356097 -0.110598 3.93191
7.275 0.775221 0.33797 -0.10553 3.91841
7.3 0.737505 0.320767 -0.100695 3.90499
7.325 0.701604 0.30444 -0.096083 3.89167
7.35 0.667431 0.288945 -0.0916834 3.87843
7.375 0.634905 0.274238 -0.0874865 3.86529
7.4 0.603948 0.26028 -0.0834831 3.85223
7.425 0.574483 0.247033 -0.0796643 3.83927
7.45 0.546442 0.234459 -0.0760217 3.82639
7.475 0.519755 0.222526 -0.0725471 3.81359
7.5 0.494359 0.211201 -0.0692329 3.80088
7.525 0.470191 0.200452 -0.0660716 3.78826
7.55 0.447195 0.190251 -0.0630563 3.77572
7.575 0.425312 0.18057 -0.06018 3.76326
7.6 0.404492 0.171383 -0.0574366 3.75088
7.625 0.384682 0.162665 -0.0548198 3.73858
7.65 0.365836 0.154392 -0.0523237 3.72637
7.675 0.347906 0.146541 -0.0499428 3.71423
7.7 0.330849 0.139093 -0.0476718 3.70217
7.725 0.314623 0.132025 -0.0455055 3.69019
7.75 0.299189 0.12532 -0.0434391 3.67829
7.775 0.284509 0.118959 -0.0414681 3.66647
7.8 0.270547 0.112924 -0.0395879 3.65472
7.825 0.257267 0.1072 -0.0377943 3.64304
7.85 0.244639 0.10177 -0.0360834 3.63144
7.875 0.232629 0.0966198 -0.0344513 3.61991
7.9 0.22121 0.0917351 -0.0328943 3.60846
7.925 0.210351 0.0871026 -0.0314089 3.59708
7.95 0.200026 0.0827095 -0.0299919 3.58576
7.975 0.19021 0.0785435 -0.0286399 3.57452
8 0.180878 0.0745931 -0.0273501 3.56335
8.025 0.172006 0.0708474 -0.0261195 3.55225
8.05 0.163572 0.0672958 -0.0249453 3.54122
8.075 0.155554 0.0639285 -0.0238249 3.53026
8.1 0.147934 0.060736 -0.0227559 3.51937
8.125 0.14069 0.0577092 -0.0217357 3.50854
8.15 0.133806 0.0548395 -0.0207622 3.49778
8.175 0.127262 0.0521189 -0.0198331 3.48708
8.2 0.121043 0.0495396 -0.0189463 3.47645
8.225 0.115133 0.0470943 -0.0181 3.46588
8.25 0.109516 0.0447758 -0.0172921 3.45538
8.275 0.104179 0.0425776 -0.0165209 3.44494
8.3 0.0991062 0.0404933 -0.0157847 3.43457
8.325 0.0942859 0.0385169 -0.0150819 3.42425
8.35 0.0897052 0.0366428 -0.0144108 3.414
8.375 0.0853522 0.0348654 -0.01377 3.40381
8.4 0.0812157 0.0331796 -0.0131581 3.39368
8.425 0.0772848 0.0315807 -0.0125738 3.38361
8.45 0.0735493 0.0300638 -0.0120157 3.3736
8.475 0.0699995 0.0286247 -0.0114826 3.36365
8.5 0.066626 0.0272592 -0.0109734 3.35376
8.525 0.06342 0.0259633 -0.010487 3.34392
8.55 0.0603732 0.0247332 -0.0100223 3.33414
8.575 0.0574774 0.0235656 -0.0095783 3.32442
8.6 0.0547252 0.022457 -0.00915406 3.31476
8.625 0.0521093 0.0214042 -0.00874868 3.30515
8.65 0.0496229 0.0204043 -0.00836129 3.2956
8.675 0.0472593 0.0194544 -0.00799108 3.2861
8.7 0.0450125 0.0185519 -0.00763726 3.27666
8.725 0.0428765 0.0176942 -0.00729911 3.26727
8.75 0.0408457 0.0168789 -0.0069759 3.25794
8.775 0.0389149 0.0161039 -0.00666697 3.24866
8.8 0.0370789 0.0153669 -0.00637168 3.23943
8.825 0.035333 0.014666 -0.00608943 3.23025
8.85 0.0336727 0.0139993 -0.00581964 3.22113
8.875 0.0320935 0.013365 -0.00556175 3.21205
8.9 0.0305915 0.0127613 -0.00531526 3.20303
8.925 0.0291628 0.0121867 -0.00507965 3.19406
8.95 0.0278036 0.0116398 -0.00485446 3.18514
8.975 0.0265104 0.011119 -0.00463923 3.17626
9 0.0252799 0.010623 -0.00443353 3.16744
9.025 0.024109 0.0101506 -0.00423695 3.15867
9.05 0.0229946 0.00970053 -0.00404909 3.14994
9.075 0.0219339 0.00927165 -0.00386958 3.14126
9.1 0.0209242 0.00886297 -0.00369804 3.13263
9.125 0.0199631 0.00847342 -0.00353415 3.12405
9.15 0.0190479 0.008102 -0.00337759 3.11552
9.175 0.0181765 0.00774787 -0.00322803 3.10703
9.2 0.0173466 0.00741012 -0.00308517 3.09858
9.225 0.0165561 0.00708794 -0.00294872 3.09019
9.25 0.0158032 0.00678054 -0.00281839 3.08184
9.275 0.0150858 0.00648721 -0.00269393 3.07353
9.3 0.0144022 0.0062072 -0.00257508 3.06527
9.325 0.0137508 0.00593986 -0.00246159 3.05705
9.35 0.0131299 0.00568456 -0.00235323 3.04888
9.375 0.012538 0.00544069 -0.00224976 3.04075
9.4 0.0119737 0.00520769 -0.00215096 3.03266
9.425 0.0114355 0.004985 -0.00205664 3.02461
9.45 0.0109223 0.00477211 -0.00196659 3.01661
9.475 0.0104327 0.00456852 -0.00188061 3.00865
9.5 0.00996552 0.00437378 -0.00179852 3.00074
9.525 0.00951976 0.00418743 -0.00172013 2.99286
9.55 0.00909431 0.00400905 -0.00164529 2.98503
9.575 0.00868817 0.00383825 -0.00157382 2.97723
9.6 0.0083004 0.00367464 -0.00150556 2.96948
9.625 0.00793008 0.00351788 -0.00144037 2.96177
9.65 0.00757646 0.00336762 -0.00137811 2.95409
9.675 0.00723856 0.00322355 -0.00131862 2.94646
9.7 0.0069157 0.00308536 -0.00126179 2.93887
9.725 0.00660715 0.00295278 -0.00120748 2.93131
9.75 0.00631224 0.00282554 -0.00115558 2.92379
9.775 0.00603031 0.00270339 -0.00110597 2.91632
9.8 0.00576076 0.0025861 -0.00105855 2.90888
9.825 0.005503 0.00247346 -0.0010132 2.90148
9.85 0.00525649 0.00236525 -0.000969838 2.89411
9.875 0.00502072 0.00226129 -0.000928366 2.88679
9.9 0.00479518 0.00216141 -0.000888695 2.8795
9.925 0.00457943 0.00206543 -0.000850741 2.87224
9.95 0.00437303 0.00197322 -0.000814431 2.86503
9.975 0.00417556 0.00188463 -0.000779691 2.85785
10 0.00398664 0.00179952 -0.000746445 2.8507
10.025 0.00380591 0.00171777 -0.000714629 2.84359
10.05 0.00363301 0.00163928 -0.000684182 2.83652
10.075 0.00346762 0.00156393 -0.000655045 2.82948
10.1 0.00330942 0.00149163 -0.000627163 2.82248
10.125 0.00315813 0.0014223 -0.000600483 2.81551
10.15 0.00301347 0.00135583 -0.000574957 2.80857
10.175 0.00287514 0.00129216 -0.000550537 2.80167
10.2 0.00274296 0.0012312 -0.00052718 2.79481
10.225 0.00261664 0.00117288 -0.000504844 2.78797
10.25 0.00249597 0.00111714 -0.00048349 2.78117
10.275 0.00238072 0.0010639 -0.000463079 2.77441
10.3 0.0022707 0.0010131 -0.000443576 2.76767
10.325 0.0021657 0.00096468 -0.000424946 2.76097
10.35 0.00206552 0.000918572 -0.000407157 2.7543
10.375 0.00197 0.000874714 -0.000390176 2.74766
10.4 0.00187893 0.000833042 -0.000373973 2.74106
10.425 0.00179217 0.000793495 -0.000358518 2.73449
10.45 0.00170953 0.000756008 -0.000343782 2.72794
10.475 0.00163086 0.000720517 -0.000329737 2.72143
10.5 0.001556 0.000686956 -0.000316356 2.71495
10.525 0.0014848 0.000655258 -0.000303612 2.70851
10.55 0.0014171 0.000625357 -0.000291478 2.70209
10.575 0.00135279 0.000597183 -0.000279928 2.6957
10.6 0.00129169 0.000570665 -0.000268937 2.68934
10.625 0.00123366 0.000545734 -0.00025848 2.68301
10.65 0.00117859 0.000522316 -0.000248531 2.67672
10.675 0.00112632 0.000500338 -0.000239067 2.67045
10.7 0.00107674 0.000479721 -0.000230061 2.66421
10.725 0.00102972 0.000460409 -0.000221496 2.658
10.75 0.000985126 0.00044231 -0.000213342 2.65182
10.775 0.000942845 0.000425355 -0.000205578 2.64566
10.8 0.000902756 0.00040947 -0.000198182 2.63954
10.825 0.000864745 0.000394582 -0.000191132 2.63344
10.85 0.000828698 0.00038062 -0.000184406 2.62738
10.875 0.000794507 0.000367512 -0.000177983 2.62134
10.9 0.000762067 0.000355182 -0.000171844 2.61532
10.925 0.000731275 0.000343576 -0.000165969 2.60934
10.95 0.000702034 0.000332622 -0.000160338 2.60338
10.975 0.000674249 0.000322265 -0.000154935 2.59745
11 0.000647829 0.000312437 -0.000149741 2.59155
11.025 0.000622687 0.000303074 -0.000144741 2.58567
11.05 0.000598742 0.000294131 -0.00013992 2.57982
11.075 0.000575915 0.000285556 -0.000135261 2.574
11.1 0.00055413 0.000277302 -0.000130754 2.5682
11.125 0.000533323 0.000269328 -0.000126384 2.56243
11.15 0.000513423 0.000261594 -0.000122141 2.55668
11.175 0.000494372 0.000254064 -0.000118014 2.55097
11.2 0.000476112 0.000246701 -0.000113994 2.54527
11.225 0.000458592 0.000239492 -0.000110073 2.5396
11.25 0.000441764 0.000232407 -0.000106243 2.53396
11.275 0.000425584 0.000225426 -0.000102499 2.52834
11.3 0.000410013 0.000218537 -9.88347e-05 2.52275
11.325 0.000395014 0.000211726 -9.52465e-05 2.51718
11.35 0.000380557 0.000204978 -9.17311e-05 2.51163
11.375 0.000366614 0.000198299 -8.82859e-05 2.50611
11.4 0.00035316 0.000191683 -8.49111e-05 2.50062
11.425 0.000340174 0.000185133 -8.16008e-05 2.49515
11.45 0.000327638 0.000178653 -7.836e-05 2.4897
11.475 0.000315537 0.00017225 -7.51875e-05 2.48427
11.5 0.000303859 0.000165933 -7.20845e-05 2.47887
11.525 0.000292593 0.000159714 -6.90527e-05 2.4735
11.55 0.000281733 0.000153604 -6.60942e-05 2.46814
11.575 0.000271272 0.000147618 -6.32114e-05 2.46281
11.6 0.000261204 0.000141771 -6.0407e-05 2.4575
11.625 0.000251529 0.000136078 -5.76842e-05 2.45222
11.65 0.000242243 0.000130557 -5.50458e-05 2.44696
11.675 0.000233346 0.000125223 -5.24953e-05 2.44172
11.7 0.000224838 0.000120091 -5.00355e-05 2.4365
11.725 0.000216719 0.000115179 -4.76697e-05 2.4313
11.75 0.000208989 0.000110501 -4.54008e-05 2.42613
11.775 0.000201648 0.000106071 -4.32315e-05 2.42098
11.8 0.000194696 0.000101902 -4.11643e-05 2.41585
11.825 0.000188132 9.80051e-05 -3.92014e-05 2.41074
11.85 0.000181955 9.43905e-05 -3.73446e-05 2.40566
11.875 0.000176164 9.10664e-05 -3.55953e-05 2.40059
11.9 0.000170754 8.80392e-05 -3.39545e-05 2.39555
11.925 0.000165723 8.53133e-05 -3.24226e-05 2.39053
11.95 0.000161064 8.28924e-05 -3.09997e-05 2.38553
11.975 0.000156771 8.07741e-05 -2.96853e-05 2.38055
12 0.000152838 7.89572e-05 -2.84783e-05 2.37559
12.025 0.000149254 7.74387e-05 -2.73773e-05 2.37065
12.05 0.000146009 7.62119e-05 -2.63802e-05 2.36573
12.075 0.000143093 7.52698e-05 -2.54842e-05 2.36083
12.1 0.00014049 7.45982e-05 -2.46861e-05 2.35596
12.125 0.000138189 7.41879e-05 -2.39837e-05 2.3511
12.15 0.000136174 7.40248e-05 -2.33708e-05 2.34626
12.175 0.000134428 7.40926e-05 -2.2845e-05 2.34144
12.2 0.000132933 7.4374e-05 -2.24005e-05 2.33664
12.225 0.000131672 7.48502e-05 -2.2032e-05 2.33187
12.25 0.000130624 7.55012e-05 -2.17341e-05 2.32711
12.275 0.000129771 7.63059e-05 -2.1501e-05 2.32237
12.3 0.000129092 7.72423e-05 -2.13269e-05 2.31765
12.325 0.000128565 7.8288e-05 -2.12053e-05 2.31295
12.35 0.000128171 7.94197e-05 -2.11301e-05 2.30826
12.375 0.000127888 8.06143e-05 -2.10948e-05 2.3036
12.4 0.000127694 8.18483e-05 -2.1093e-05 2.29896
12.425 0.00012757 8.30985e-05 -2.11182e-05 2.29433
12.45 0.000127495 8.43422e-05 -2.11641e-05 2.28972
12.475 0.000127449 8.5557e-05 -2.12244e-05 2.28514
12.5 0.000127413 8.67215e-05 -2.12932e-05 2.28056
12.525 0.000127368 8.78151e-05 -2.13645e-05 2.27601
12.55 0.000127298 8.88183e-05 -2.14328e-05 2.27148
12.575 0.000127186 8.97131e-05 -2.14927e-05 2.26696
12.6 0.000127018 9.04826e-05 -2.15395e-05 2.26247
12.625 0.000126779 9.11117e-05 -2.15684e-05 2.25799
12.65 0.000126458 9.15869e-05 -2.15753e-05 2.25352
12.675 0.000126044 9.18964e-05 -2.15564e-05 2.24908
12.7 0.000125528 9.20298e-05 -2.15088e-05 2.24465
12.725 0.000124902 9.19807e-05 -2.14294e-05 2.24024
12.75 0.000124162 9.17425e-05 -2.13159e-05 2.23585
12.775 0.000123302 9.13113e-05 -2.11667e-05 2.23147
12.8 0.000122321 9.06852e-05 -2.09804e-05 2.22712
12.825 0.000121219 8.98647e-05 -2.07562e-05 2.22277
12.85 0.000119997 8.8852e-05 -2.0494e-05 2.21845
12.875 0.000118658 8.76513e-05 -2.0194e-05 2.21414
12.9 0.000117207 8.62692e-05 -1.98569e-05 2.20985
12.925 0.00011565 8.47139e-05 -1.9484e-05 2.20558
12.95 0.000113997 8.29954e-05 -1.90771e-05 2.20132
12.975 0.000112255 8.11253e-05 -1.86384e-05 2.19708
13 0.000110435 7.91172e-05 -1.81703e-05 2.19285
13.025 0.000108552 7.6986e-05 -1.76759e-05 2.18864
13.05 0.000106617 7.47476e-05 -1.71587e-05 2.18445
13.075 0.000104647 7.24202e-05 -1.66223e-05 2.18027
13.1 0.000102656 7.00223e-05 -1.60708e-05 2.17611
13.125 0.000100661 6.75735e-05 -1.55084e-05 2.17197
13.15 9.868e-05 6.50944e-05 -1.49397e-05 2.16784
13.175 9.67305e-05 6.2606e-05 -1.43696e-05 2.16373
13.2 9.48308e-05 6.01321e-05 -1.38026e-05 2.15963
13.225 9.29998e-05 5.76905e-05 -1.32438e-05 2.15554
13.25 9.12566e-05 5.53041e-05 -1.26985e-05 2.15148
13.275 8.96201e-05 5.29977e-05 -1.2172e-05 2.14743
13.3 8.81093e-05 5.07919e-05 -1.16687e-05 2.14339
13.325 8.67429e-05 4.87085e-05 -1.11937e-05 2.13937
13.35 8.55392e-05 4.67687e-05 -1.07528e-05 2.13536
13.375 8.45161e-05 4.49931e-05 -1.03505e-05 2.13137
13.4 8.36908e-05 4.34018e-05 -9.99156e-06 2.12739
13.425 8.30798e-05 4.20136e-05 -9.68049e-06 2.12343
13.45 8.26985e-05 4.08468e-05 -9.42167e-06 2.11949
13.475 8.25622e-05 3.99181e-05 -9.21921e-06 2.11555
13.5 8.26843e-05 3.92434e-05 -9.07696e-06 2.11164
13.525 8.30772e-05 3.8837e-05 -8.99847e-06 2.10773
13.55 8.37521e-05 3.8712e-05 -8.98697e-06 2.10384
13.575 8.47192e-05 3.88801e-05 -9.04536e-06 2.09997
13.6 8.59868e-05 3.9351e-05 -9.17621e-06 2.09611
13.625 8.75623e-05 4.01334e-05 -9.38165e-06 2.09226
13.65 8.94513e-05 4.12335e-05 -9.6634e-06 2.08843
13.675 9.1659e-05 4.26574e-05 -1.00231e-05 2.08461
13.7 9.41861e-05 4.44081e-05 -1.04615e-05 2.08081
13.725 9.70348e-05 4.64875e-05 -1.09794e-05 2.07702
13.75 0.000100205 4.88951e-05 -1.15769e-05 2.07324
13.775 0.000103694 5.16302e-05 -1.22538e-05 2.06948
13.8 0.000107499 5.46892e-05 -1.30101e-05 2.06573
13.825 0.000111616 5.807e-05 -1.38438e-05 2.062
13.85 0.000116036 6.1761e-05 -1.47533e-05 2.05827
13.875 0.000120752 6.57535e-05 -1.57381e-05 2.05456
13.9 0.000125756 7.00443e-05 -1.67956e-05 2.05087
13.925 0.000131037 7.46195e-05 -1.79233e-05 2.04719
13.95 0.00013658 7.94662e-05 -1.91184e-05 2.04352
13.975 0.000142377 8.45727e-05 -2.03775e-05 2.03986
14 0.000148411 8.99235e-05 -2.16978e-05 2.03622
14.025 0.000154667 9.55031e-05 -2.30754e-05 2.03259
14.05 0.00016113 0.000101295 -2.45064e-05 2.02897
14.075 0.00016778 0.000107281 -2.59866e-05 2.02537
14.1 0.000174602 0.000113444 -2.75117e-05 2.02178
14.125 0.000181576 0.000119764 -2.90772e-05 2.0182
14.15 0.000188682 0.000126221 -3.06784e-05 2.01464
14.175 0.000195902 0.000132796 -3.23104e-05 2.01108
14.2 0.000203214 0.000139469 -3.39686e-05 2.00754
14.225 0.000210599 0.000146218 -3.56475e-05 2.00401
14.25 0.000218034 0.000153022 -3.73424e-05 2.0005
14.275 0.0002255 0.00015986 -3.90481e-05 1.99699
14.3 0.000232978 0.000166712 -4.07594e-05 1.9935
14.325 0.000240442 0.000173557 -4.24713e-05 1.99002
14.35 0.000247873 0.000180373 -4.41787e-05 1.98656
14.375 0.000255251 0.00018714 -4.58767e-05 1.9831
14.4 0.000262556 0.000193839 -4.75602e-05 1.97966
14.425 0.000269767 0.00020045 -4.92245e-05 1.97623
14.45 0.000276865 0.000206954 -5.08648e-05 1.97281
14.475 0.000283831 0.000213332 -5.24766e-05 1.9694
14.5 0.000290647 0.000219566 -5.40555e-05 1.96601
14.525 0.000297295 0.000225641 -5.5597e-05 1.96262
14.55 0.000303757 0.000231538 -5.70973e-05 1.95925
14.575 0.000310019 0.000237244 -5.85524e-05 1.95589
14.6 0.000316063 0.000242742 -5.99586e-05 1.95254
14.625 0.000321876 0.000248021 -6.13124e-05 1.9492
14.65 0.000327444 0.000253067 -6.26106e-05 1.94588
14.675 0.000332754 0.000257867 -6.38502e-05 1.94256
14.7 0.000337794 0.000262413 -6.50284e-05 1.93926
14.725 0.000342554 0.000266694 -6.61427e-05 1.93597
14.75 0.000347023 0.000270701 -6.71908e-05 1.93269
14.775 0.000351194 0.000274426 -6.81707e-05 1.92941
14.8 0.000355057 0.000277864 -6.90805e-05 1.92616
14.825 0.000358607 0.000281008 -6.99187e-05 1.92291
14.85 0.000361837 0.000283854 -7.06847e-05 1.91967
14.875 0.000364743 0.000286401 -7.13762e-05 1.91644
14.9 0.000367322 0.000288642 -7.1993e-05 1.91323
14.925 0.000369569 0.000290577 -7.25346e-05 1.91002
14.95 0.000371485 0.000292205 -7.30006e-05 1.90683
14.975 0.000373067 0.000293528 -7.3391e-05 1.90365
15 0.000374317 0.000294546 -7.37058e-05 1.90047
15.025 0.000375234 0.000295262 -7.39455e-05 1.89731
15.05 0.000375822 0.000295677 -7.41106e-05 1.89416
15.075 0.000376082 0.000295797 -7.42018e-05 1.89102
15.1 0.000376019 0.000295625 -7.42208e-05 1.88789
15.125 0.000375636 0.000295166 -7.41673e-05 1.88477
15.15 0.00037494 0.00029443 -7.40433e-05 1.88166
15.175 0.000373934 0.000293416 -7.38502e-05 1.87856
15.2 0.000372628 0.000292136 -7.35898e-05 1.87547
15.225 0.000371026 0.000290596 -7.32636e-05 1.87239
15.25 0.000369137 0.000288804 -7.28737e-05 1.86932
15.275 0.000366969 0.00028677 -7.24219e-05 1.86626
15.3 0.00036453 0.000284501 -7.19104e-05 1.86321
15.325 0.000361831 0.000282008 -7.13414e-05 1.86017
15.35 0.000358879 0.0002793 -7.07171e-05 1.85714
15.375 0.000355686 0.000276386 -7.00399e-05 1.85412
15.4 0.00035226 0.000273277 -6.93123e-05 1.85111
15.425 0.000348613 0.000269983 -6.85366e-05 1.84811
15.45 0.000344756 0.000266504 -6.77155e-05 1.84512
15.475 0.000340698 0.000262871 -6.68514e-05 1.84214
15.5 0.000336451 0.000259085 -6.59469e-05 1.83917
15.525 0.000332027 0.000255156 -6.50047e-05 1.83621
15.55 0.000327435 0.000251095 -6.40272e-05 1.83325
15.575 0.000322688 0.000246911 -6.30151e-05 1.83031
15.6 0.000317796 0.000242617 -6.19751e-05 1.82738
15.625 0.000312771 0.000238221 -6.09076e-05 1.82446
15.65 0.000307624 0.000233735 -5.98153e-05 1.82154
15.675 0.000302366 0.000229169 -5.87006e-05 1.81864
15.7 0.000297007 0.000224532 -5.75659e-05 1.81574
15.725 0.000291558 0.000219834 -5.64137e-05 1.81285
15.75 0.00028603 0.000215084 -5.52464e-05 1.80998
15.775 0.000280433 0.000210292 -5.40664e-05 1.80711
15.8 0.000274777 0.000205467 -5.28757e-05 1.80425
15.825 0.000269073 0.000200618 -5.16767e-05 1.8014
15.85 0.000263329 0.000195752 -5.04715e-05 1.79856
15.875 0.000257555 0.000190879 -4.92622e-05 1.79572
15.9 0.000251759 0.000186005 -4.80507e-05 1.7929
15.925 0.000245952 0.000181138 -4.68389e-05 1.79009
15.95 0.000240141 0.000176286 -4.56288e-05 1.78728
15.975 0.000234334 0.000171455 -4.44219e-05 1.78448
16 0.00022854 0.000166652 -4.32201e-05 1.78169
16.025 0.000222765 0.000161883 -4.20249e-05 1.77891
16.05 0.000217016 0.000157153 -4.08379e-05 1.77614
16.075 0.000211301 0.000152469 -3.96603e-05 1.77338
16.1 0.000205626 0.000147835 -3.84937e-05 1.77063
16.125 0.000199997 0.000143256 -3.73393e-05 1.76788
16.15 0.00019442 0.000138736 -3.61981e-05 1.76515
16.175 0.000188899 0.00013428 -3.50714e-05 1.76242
16.2 0.000183441 0.000129891 -3.39602e-05 1.7597
16.225 0.000178049 0.000125573 -3.28654e-05 1.75699
16.25 0.000172729 0.000121329 -3.17878e-05 1.75428
16.275 0.000167484 0.000117162 -3.07283e-05 1.75159
16.3 0.000162318 0.000113075 -2.96876e-05 1.7489
16.325 0.000157234 0.000109069 -2.86658e-05 1.74622
16.35 0.000152236 0.000105146 -2.76645e-05 1.74355
16.375 0.000147325 0.000101309 -2.6684e-05 1.74089
16.4 0.000142506 9.75592e-05 -2.5724e-05 1.73824
16.425 0.000137779 9.38958e-05 -2.47853e-05 1.73559
16.45 0.000133148 9.0324e-05 -2.38682e-05 1.73296
16.475 0.000128612 8.68406e-05 -2.29729e-05 1.73033
16.5 0.000124175 8.34475e-05 -2.20997e-05 1.7277
16.525 0.000119837 8.0145e-05 -2.12487e-05 1.72509
16.55 0.000115598 7.69332e-05 -2.04199e-05 1.72248
16.575 0.000111461 7.3812e-05 -1.96135e-05 1.71989
16.6 0.000107424 7.07812e-05 -1.88294e-05 1.7173
16.625 0.000103489 6.78403e-05 -1.80676e-05 1.71471
16.65 9.96553e-05 6.49888e-05 -1.7328e-05 1.71214
16.675 9.59229e-05 6.2226e-05 -1.66104e-05 1.70957
16.7 9.22917e-05 5.95511e-05 -1.59147e-05 1.70701
16.725 8.8761e-05 5.6963e-05 -1.52407e-05 1.70446
16.75 8.53303e-05 5.44606e-05 -1.45883e-05 1.70192
16.775 8.19989e-05 5.20429e-05 -1.3957e-05 1.69938
16.8 7.87659e-05 4.97085e-05 -1.33467e-05 1.69685
16.825 7.56302e-05 4.7456e-05 -1.2757e-05 1.69433
16.85 7.25908e-05 4.5284e-05 -1.21877e-05 1.69182
16.875 6.96463e-05 4.3191e-05 -1.16383e-05 1.68931
16.9 6.67956e-05 4.11753e-05 -1.11086e-05 1.68681
16.925 6.40371e-05 3.92354e-05 -1.05981e-05 1.68432
16.95 6.13693e-05 3.73696e-05 -1.01064e-05 1.68184
16.975 5.87908e-05 3.55761e-05 -9.63316e-06 1.67936
17 5.62998e-05 3.38532e-05 -9.17794e-06 1.67689
17.025 5.38946e-05 3.2199e-05 -8.74031e-06 1.67443
17.05 5.15736e-05 3.06119e-05 -8.31984e-06 1.67197
17.075 4.93348e-05 2.909e-05 -7.9161e-06 1.66952
17.1 4.71766e-05 2.76314e-05 -7.52865e-06 1.66708
17.125 4.50971e-05 2.62343e-05 -7.15704e-06 1.66465
17.15 4.30943e-05 2.48967e-05 -6.80082e-06 1.66222
17.175 4.11664e-05 2.36172e-05 -6.45951e-06 1.6598
17.2 3.93114e-05 2.23937e-05 -6.13274e-06 1.65739
17.225 3.75275e-05 2.12244e-05 -5.82003e-06 1.65499
17.25 3.58128e-05 2.01076e-05 -5.52093e-06 1.65259
17.275 3.41652e-05 1.90414e-05 -5.235e-06 1.65019
17.3 3.25829e-05 1.80241e-05 -4.96181e-06 1.64781
17.325 3.1064e-05 1.70539e-05 -4.70093e-06 1.64543
17.35 2.96066e-05 1.61293e-05 -4.45194e-06 1.64306
17.375 2.82088e-05 1.52484e-05 -4.2144e-06 1.6407
17.4 2.68687e-05 1.44097e-05 -3.98792e-06 1.63834
17.425 2.55845e-05 1.36115e-05 -3.77208e-06 1.63599
17.45 2.43544e-05 1.28523e-05 -3.56649e-06 1.63365
17.475 2.31766e-05 1.21305e-05 -3.37076e-06 1.63131
17.5 2.20492e-05 1.14446e-05 -3.18451e-06 1.62898
17.525 2.09706e-05 1.07932e-05 -3.00736e-06 1.62665
17.55 1.99392e-05 1.01748e-05 -2.83895e-06 1.62434
17.575 1.89531e-05 9.58802e-06 -2.67893e-06 1.62203
17.6 1.80107e-05 9.03153e-06 -2.52695e-06 1.61972
17.625 1.71106e-05 8.50401e-06 -2.38267e-06 1.61743
17.65 1.6251e-05 8.00418e-06 -2.24578e-06 1.61513
17.675 1.54304e-05 7.53082e-06 -2.11594e-06 1.61285
17.7 1.46475e-05 7.08273e-06 -1.99285e-06 1.61057
17.725 1.39006e-05 6.65875e-06 -1.87622e-06 1.6083
17.75 1.31885e-05 6.25777e-06 -1.76575e-06 1.60603
17.775 1.25096e-05 5.87872e-06 -1.66117e-06 1.60378
17.8 1.18628e-05 5.52055e-06 -1.56221e-06 1.60152
17.825 1.12466e-05 5.18226e-06 -1.46861e-06 1.59928
17.85 1.06599e-05 4.8629e-06 -1.3801e-06 1.59704
17.875 1.01013e-05 4.56154e-06 -1.29646e-06 1.5948
17.9 9.56978e-06 4.27728e-06 -1.21746e-06 1.59258
17.925 9.06411e-06 4.00927e-06 -1.14285e-06 1.59036
17.95 8.5832e-06 3.75669e-06 -1.07243e-06 1.58814
17.975 8.12597e-06 3.51876e-06 -1.006e-06 1.58593
18 7.69139e-06 3.29471e-06 -9.43352e-07 1.58373
18.025 7.27847e-06 3.08383e-06 -8.84293e-07 1.58153
18.05 6.88624e-06 2.88542e-06 -8.28643e-07 1.57934
18.075 6.51376e-06 2.69883e-06 -7.76227e-07 1.57716
18.1 6.16015e-06 2.52342e-06 -7.26875e-07 1.57498
18.125 5.82454e-06 2.35858e-06 -6.80429e-07 1.57281
18.15 5.50611e-06 2.20376e-06 -6.36734e-07 1.57064
18.175 5.20406e-06 2.05838e-06 -5.95643e-07 1.56848
18.2 4.91762e-06 1.92194e-06 -5.57017e-07 1.56633
18.225 4.64606e-06 1.79393e-06 -5.20721e-07 1.56418
18.25 4.38866e-06 1.67388e-06 -4.86631e-07 1.56203
18.275 4.14476e-06 1.56135e-06 -4.54621e-07 1.5599
18.3 3.91371e-06 1.45589e-06 -4.24577e-07 1.55777
18.325 3.69487e-06 1.3571e-06 -3.96389e-07 1.55564
18.35 3.48766e-06 1.26459e-06 -3.69952e-07 1.55352
18.375 3.2915e-06 1.17801e-06 -3.45167e-07 1.55141
18.4 3.10585e-06 1.09699e-06 -3.21939e-07 1.5493
18.425 2.93018e-06 1.02122e-06 -3.00179e-07 1.5472
18.45 2.76401e-06 9.50369e-07 -2.79801e-07 1.5451
18.475 2.60683e-06 8.84151e-07 -2.60724e-07 1.54301
18.5 2.45822e-06 8.22286e-07 -2.42871e-07 1.54093
18.525 2.31771e-06 7.645e-07 -2.26169e-07 1.53885
18.55 2.18491e-06 7.10557e-07 -2.10552e-07 1.53677
18.575 2.05942e-06 6.60214e-07 -1.95953e-07 1.5347
18.6 1.94085e-06 6.13246e-07 -1.82311e-07 1.53264
18.625 1.82885e-06 5.69443e-07 -1.69567e-07 1.53058
18.65 1.72307e-06 5.28607e-07 -1.57666e-07 1.52853
18.675 1.6232e-06 4.90549e-07 -1.46557e-07 1.52649
18.7 1.5289e-06 4.55092e-07 -1.36189e-07 1.52444
18.725 1.4399e-06 4.22071e-07 -1.26518e-07 1.52241
18.75 1.35591e-06 3.91329e-07 -1.17499e-07 1.52038
18.775 1.27666e-06 3.62717e-07 -1.0909e-07 1.51836
18.8 1.20189e-06 3.36098e-07 -1.01254e-07 1.51634
18.825 1.13137e-06 3.1134e-07 -9.39541e-08 1.51432
18.85 1.06486e-06 2.88322e-07 -8.71552e-08 1.51231
18.875 1.00215e-06 2.66928e-07 -8.08251e-08 1.51031
18.9 9.43025e-07 2.47049e-07 -7.49335e-08 1.50831
18.925 8.87293e-07 2.28586e-07 -6.94518e-08 1.50632
18.95 8.34766e-07 2.11441e-07 -6.43531e-08 1.50433
18.975 7.85268e-07 1.95528e-07 -5.9612e-08 1.50235
19 7.38631e-07 1.8076e-07 -5.5205e-08 1.50037
19.025 6.94694e-07 1.67061e-07 -5.11096e-08 1.4984
19.05 6.53309e-07 1.54358e-07 -4.73052e-08 1.49644
19.075 6.14331e-07 1.4258e-07 -4.3772e-08 1.49448
19.1 5.77627e-07 1.31665e-07 -4.04917e-08 1.49252
19.125 5.43066e-07 1.21552e-07 -3.74472e-08 1.49057
19.15 5.1053e-07 1.12185e-07 -3.46222e-08 1.48862
19.175 4.79901e-07 1.03512e-07 -3.20019e-08 1.48668
19.2 4.51074e-07 9.54833e-08 -2.9572e-08 1.48475
19.225 4.23943e-07 8.80536e-08 -2.73193e-08 1.48281
19.25 3.98413e-07 8.11802e-08 -2.52316e-08 1.48089
19.275 3.74392e-07 7.48231e-08 -2.32972e-08 1.47897
19.3 3.51793e-07 6.89454e-08 -2.15055e-08 1.47705
19.325 3.30534e-07 6.35122e-08 -1.98463e-08 1.47514
19.35 3.10537e-07 5.84915e-08 -1.83103e-08 1.47324
19.375 2.9173e-07 5.38531e-08 -1.68887e-08 1.47133
19.4 2.74044e-07 4.9569e-08 -1.55732e-08 1.46944
19.425 2.57412e-07 4.56133e-08 -1.43564e-08 1.46755
19.45 2.41774e-07 4.19616e-08 -1.32311e-08 1.46566
19.475 2.27072e-07 3.85913e-08 -1.21905e-08 1.46378
19.5 2.1325e-07 3.54816e-08 -1.12287e-08 1.4619
19.525 2.00257e-07 3.26129e-08 -1.03397e-08 1.46003
19.55 1.88045e-07 2.99671e-08 -9.51828e-09 1.45816
19.575 1.76566e-07 2.75274e-08 -8.75942e-09 1.4563
19.6 1.65779e-07 2.5278e-08 -8.05847e-09 1.45444
19.625 1.55641e-07 2.32045e-08 -7.41111e-09 1.45259
19.65 1.46115e-07 2.12934e-08 -6.81333e-09 1.45074
19.675 1.37163e-07 1.95321e-08 -6.26138e-09 1.4489
19.7 1.28753e-07 1.7909e-08 -5.75178e-09 1.44706
19.725 1.20851e-07 1.64133e-08 -5.2813e-09 1.44523
19.75 1.13427e-07 1.5035e-08 -4.84693e-09 1.4434
19.775 1.06452e-07 1.37648e-08 -4.44587e-09 1.44157
19.8 9.99001e-08 1.25941e-08 -4.07552e-09 1.43975
19.825 9.37452e-08 1.15148e-08 -3.73346e-09 1.43794
19.85 8.79636e-08 1.05195e-08 -3.41743e-09 1.43613
19.875 8.25326e-08 9.60123e-09 -3.12535e-09 1.43432
19.9 7.74312e-08 8.75363e-09 -2.85525e-09 1.43252
19.925 7.26393e-08 7.9707e-09 -2.60533e-09 1.43072
19.95 6.81382e-08 7.24683e-09 -2.37386e-09 1.42893
19.975 6.39102e-08 6.57701e-09 -2.15933e-09 1.42714
20 5.99385e-08 5.95586e-09 -1.96009e-09 1.42536
