1.31103e-05 0 1 -1 1
-2.36944e-05 1 1 -1 1
3.03779e-06 2 1 -1 1
2.17016e-06 3 1 -1 1
2.11016e-06 4 1 -1 1
5.19462e-08 5 1 -1 1
-2.15547e-07 6 1 -1 1
-4.04928e-07 7 1 -1 1
-4.48041e-07 8 1 -1 1
-2.4325e-07 9 1 -1 1
-7.93603e-07 10 1 -1 1
-1.74382e-07 0 1 -1 -1
1.06285e-06 1 1 -1 -1
-2.23292e-06 2 1 -1 -1
2.17467e-07 3 1 -1 -1
3.36059e-07 4 1 -1 -1
3.98094e-07 5 1 -1 -1
1.33037e-08 6 1 -1 -1
-1.12319e-07 7 1 -1 -1
-1.36449e-07 8 1 -1 -1
-9.88912e-08 9 1 -1 -1
8.02557e-08 10 1 -1 -1
5.00143e-09 0 -1 -1 1
1.85121e-07 1 -1 -1 1
2.42038e-07 2 -1 -1 1
1.3248e-08 3 -1 -1 1
-1.42319e-08 4 -1 -1 1
-2.53848e-08 5 -1 -1 1
-5.01075e-09 6 -1 -1 1
7.80115e-10 7 -1 -1 1
4.4829e-09 8 -1 -1 1
3.87885e-09 9 -1 -1 1
2.45342e-09 10 -1 -1 1
-9.57725e-10 1 -1 -1 -1
-1.65453e-08 2 -1 -1 -1
-3.15232e-08 3 -1 -1 -1
-5.90561e-09 4 -1 -1 -1
1.27491e-09 5 -1 -1 -1
6.11527e-09 6 -1 -1 -1
3.55839e-09 7 -1 -1 -1
1.67491e-09 8 -1 -1 -1
-1.74282e-10 9 -1 -1 -1
-8.79135e-10 10 -1 -1 -1
-1.05443e-09 11 -1 -1 -1
-0.00564685 0 2 -1 1
-0.00488809 1 2 -1 1
-0.00130484 2 2 -1 1
-0.000105298 3 2 -1 1
0.000234575 4 2 -1 1
0.000141398 5 2 -1 1
5.47073e-05 6 2 -1 1
1.08187e-05 7 2 -1 1
1.89513e-05 8 2 -1 1
4.03223e-05 9 2 -1 1
1.60902e-05 10 2 -1 1
3.68668e-05 0 2 -1 -1
-0.000320575 1 2 -1 -1
-0.000510275 2 2 -1 -1
-0.000222994 3 2 -1 -1
-3.34776e-05 4 2 -1 -1
6.81143e-05 5 2 -1 -1
7.48862e-05 6 2 -1 -1
4.88849e-05 7 2 -1 -1
1.46067e-05 8 2 -1 -1
-9.0102e-06 9 2 -1 -1
-1.50228e-05 10 2 -1 -1
2.38568e-06 0 -2 -1 1
-1.11223e-05 1 -2 -1 1
-1.35889e-06 2 -2 -1 1
3.97045e-07 3 -2 -1 1
8.9454e-07 4 -2 -1 1
3.11232e-07 5 -2 -1 1
4.77578e-08 6 -2 -1 1
-1.23181e-07 7 -2 -1 1
-1.30028e-07 8 -2 -1 1
-1.09036e-07 9 -2 -1 1
-1.14746e-07 10 -2 -1 1
-1.30605e-07 1 -2 -1 -1
1.21299e-06 2 -2 -1 -1
2.76578e-07 3 -2 -1 -1
1.02461e-08 4 -2 -1 -1
-1.33412e-07 5 -2 -1 -1
-7.47952e-08 6 -2 -1 -1
-3.11348e-08 7 -2 -1 -1
9.92369e-09 8 -2 -1 -1
1.82816e-08 9 -2 -1 -1
1.03198e-08 10 -2 -1 -1
1.84863e-08 11 -2 -1 -1
0.944924 0 3 -1 1
0.310485 1 3 -1 1
0.065657 2 3 -1 1
-0.0128483 3 3 -1 1
-0.017983 4 3 -1 1
-0.00983844 5 3 -1 1
-0.00333554 6 3 -1 1
-0.00207763 7 3 -1 1
-0.00104686 8 3 -1 1
-0.00412922 9 3 -1 1
0.00151406 10 3 -1 1
-0.0104312 0 3 -1 -1
0.0631549 1 3 -1 -1
0.0366948 2 3 -1 -1
0.0117736 3 3 -1 -1
-0.00270266 4 3 -1 -1
-0.00640555 5 3 -1 -1
-0.00518798 6 3 -1 -1
-0.00238031 7 3 -1 -1
-0.000374904 8 3 -1 -1
0.00134357 9 3 -1 -1
0.000645789 10 3 -1 -1
-0.000307161 0 -3 -1 1
-0.000269851 1 -3 -1 1
-6.66658e-05 2 -3 -1 1
-2.43256e-06 3 -3 -1 1
1.3685e-05 4 -3 -1 1
6.43908e-06 5 -3 -1 1
1.41999e-06 6 -3 -1 1
-1.07249e-06 7 -3 -1 1
1.41363e-06 8 -3 -1 1
7.68665e-07 9 -3 -1 1
5.12847e-06 10 -3 -1 1
4.00322e-05 1 -3 -1 -1
4.20879e-05 2 -3 -1 -1
1.63416e-05 3 -3 -1 -1
2.36836e-06 4 -3 -1 -1
-4.39628e-06 5 -3 -1 -1
-4.7425e-06 6 -3 -1 -1
-3.17471e-06 7 -3 -1 -1
-8.43063e-07 8 -3 -1 -1
1.58453e-07 9 -3 -1 -1
1.58767e-06 10 -3 -1 -1
5.06683e-07 11 -3 -1 -1
0.00739735 0 4 -1 1
0.00236637 1 4 -1 1
0.00059038 2 4 -1 1
-8.48942e-05 3 4 -1 1
-0.000119893 4 4 -1 1
-7.57163e-05 5 4 -1 1
-2.71029e-05 6 4 -1 1
-4.98579e-05 7 4 -1 1
-2.46574e-05 8 4 -1 1
-9.0785e-05 9 4 -1 1
5.67364e-06 10 4 -1 1
-0.000134053 0 4 -1 -1
0.000524283 1 4 -1 -1
0.000306191 2 4 -1 -1
0.000104606 3 4 -1 -1
-3.55949e-05 4 4 -1 -1
-7.05778e-05 5 4 -1 -1
-5.98046e-05 6 4 -1 -1
-2.50669e-05 7 4 -1 -1
-5.8574e-06 8 4 -1 -1
2.20199e-05 9 4 -1 -1
6.80694e-06 10 4 -1 -1
-4.90131e-06 0 -4 -1 1
-3.01743e-06 1 -4 -1 1
-6.02354e-07 2 -4 -1 1
7.37004e-08 3 -4 -1 1
2.14645e-07 4 -4 -1 1
6.06901e-08 5 -4 -1 1
-9.27978e-09 6 -4 -1 1
-6.02925e-08 7 -4 -1 1
6.98697e-09 8 -4 -1 1
-1.68187e-08 9 -4 -1 1
7.83048e-08 10 -4 -1 1
6.40209e-07 1 -4 -1 -1
5.4121e-07 2 -4 -1 -1
2.07133e-07 3 -4 -1 -1
2.75496e-08 4 -4 -1 -1
-6.81079e-08 5 -4 -1 -1
-7.13065e-08 6 -4 -1 -1
-5.33402e-08 7 -4 -1 -1
-1.37648e-08 8 -4 -1 -1
-3.65773e-09 9 -4 -1 -1
2.59738e-08 10 -4 -1 -1
6.37137e-09 11 -4 -1 -1
4.19078e-05 0 5 -1 1
1.30914e-05 1 5 -1 1
3.97778e-06 2 5 -1 1
-3.75368e-07 3 5 -1 1
-3.89742e-07 4 5 -1 1
-3.56106e-07 5 5 -1 1
4.40521e-08 6 5 -1 1
-5.08481e-07 7 5 -1 1
-9.90443e-08 8 5 -1 1
-9.40799e-07 9 5 -1 1
-5.03487e-08 10 5 -1 1
-1.13025e-06 0 5 -1 -1
3.07806e-06 1 5 -1 -1
1.82037e-06 2 5 -1 -1
6.97951e-07 3 5 -1 -1
-2.99412e-07 4 5 -1 -1
-5.345e-07 5 5 -1 -1
-5.13844e-07 6 5 -1 -1
-2.0081e-07 7 5 -1 -1
-1.12376e-07 8 5 -1 -1
1.95756e-07 9 5 -1 -1
2.8165e-08 10 5 -1 -1
-3.20704e-08 0 -5 -1 1
-1.77653e-08 1 -5 -1 1
-2.7046e-09 2 -5 -1 1
8.57401e-10 3 -5 -1 1
1.65113e-09 4 -5 -1 1
5.41896e-11 5 -5 -1 1
-2.20694e-10 6 -5 -1 1
-8.94928e-10 7 -5 -1 1
1.50016e-10 8 -5 -1 1
-3.655e-10 9 -5 -1 1
8.34879e-10 10 -5 -1 1
4.525e-09 1 -5 -1 -1
3.6365e-09 2 -5 -1 -1
1.36259e-09 3 -5 -1 -1
1.71748e-10 4 -5 -1 -1
-5.91576e-10 5 -5 -1 -1
-5.61704e-10 6 -5 -1 -1
-5.03385e-10 7 -5 -1 -1
-8.63261e-11 8 -5 -1 -1
-1.06631e-10 9 -5 -1 -1
2.60821e-10 10 -5 -1 -1
1.58361e-11 11 -5 -1 -1
1.9552e-07 0 6 -1 1
5.91836e-08 1 6 -1 1
2.39662e-08 2 6 -1 1
-2.53378e-10 3 6 -1 1
1.79646e-09 4 6 -1 1
-1.18916e-09 5 6 -1 1
2.73012e-09 6 6 -1 1
-4.52117e-09 7 6 -1 1
3.54637e-10 8 6 -1 1
-7.24919e-09 9 6 -1 1
-1.62519e-09 10 6 -1 1
-6.4854e-09 0 6 -1 -1
1.52172e-08 1 6 -1 -1
8.8751e-09 2 6 -1 -1
4.1002e-09 3 6 -1 -1
-1.89571e-09 4 6 -1 -1
-2.96293e-09 5 6 -1 -1
-3.60562e-09 6 6 -1 -1
-1.14458e-09 7 6 -1 -1
-1.36564e-09 8 6 -1 -1
1.26689e-09 9 6 -1 -1
-2.2384e-11 10 6 -1 -1
-1.22935e-10 0 -6 -1 1
-6.60648e-11 1 -6 -1 1
-3.66169e-12 2 -6 -1 1
3.58671e-12 3 -6 -1 1
7.75885e-12 4 -6 -1 1
-5.4372e-12 5 -6 -1 1
-2.09463e-12 6 -6 -1 1
-9.97065e-12 7 -6 -1 1
2.84566e-12 8 -6 -1 1
-4.6624e-12 9 -6 -1 1
7.44785e-12 10 -6 -1 1
2.02291e-11 1 -6 -1 -1
1.67825e-11 2 -6 -1 -1
5.84621e-12 3 -6 -1 -1
8.26885e-13 4 -6 -1 -1
-3.98405e-12 5 -6 -1 -1
-2.8766e-12 6 -6 -1 -1
-3.76442e-12 7 -6 -1 -1
1.08326e-13 8 -6 -1 -1
-1.49864e-12 9 -6 -1 -1
2.22636e-12 10 -6 -1 -1
-3.35911e-13 11 -6 -1 -1
8.89797e-10 0 7 -1 1
2.84356e-10 1 7 -1 1
1.5837e-10 2 7 -1 1
1.16684e-11 3 7 -1 1
3.72669e-11 4 7 -1 1
-9.0978e-12 5 7 -1 1
3.49761e-11 6 7 -1 1
-3.5578e-11 7 7 -1 1
1.04177e-11 8 7 -1 1
-4.28261e-11 9 7 -1 1
-2.27504e-11 10 7 -1 1
-3.48421e-11 0 7 -1 -1
7.19565e-11 1 7 -1 -1
4.39849e-11 2 7 -1 -1
2.8053e-11 3 7 -1 -1
-8.20913e-12 4 7 -1 -1
-1.16599e-11 5 7 -1 -1
-2.40907e-11 6 7 -1 -1
-5.80303e-12 7 7 -1 -1
-1.38939e-11 8 7 -1 -1
5.15155e-12 9 7 -1 -1
-1.18898e-12 10 7 -1 -1
-3.74448e-13 0 -7 -1 1
-1.96984e-13 1 -7 -1 1
4.48178e-14 2 -7 -1 1
1.87591e-14 3 -7 -1 1
6.03158e-14 4 -7 -1 1
-5.49427e-14 5 -7 -1 1
1.21969e-14 6 -7 -1 1
-8.74242e-14 7 -7 -1 1
4.28815e-14 8 -7 -1 1
-4.79473e-14 9 -7 -1 1
6.19786e-14 10 -7 -1 1
7.56316e-14 1 -7 -1 -1
6.75053e-14 2 -7 -1 -1
1.81572e-14 3 -7 -1 -1
4.14064e-15 4 -7 -1 -1
-2.76814e-14 5 -7 -1 -1
-1.0119e-14 6 -7 -1 -1
-2.89444e-14 7 -7 -1 -1
8.61751e-15 8 -7 -1 -1
-1.60328e-14 9 -7 -1 -1
1.96091e-14 10 -7 -1 -1
-4.40411e-15 11 -7 -1 -1
3.73748e-12 0 8 -1 1
1.19017e-12 1 8 -1 1
9.01159e-13 2 8 -1 1
6.10732e-14 3 8 -1 1
3.91596e-13 4 8 -1 1
-7.7926e-14 5 8 -1 1
3.68251e-13 6 8 -1 1
-2.28847e-13 7 8 -1 1
1.00878e-13 8 8 -1 1
-2.09868e-13 9 8 -1 1
-2.7518e-13 10 8 -1 1
-1.49616e-13 0 8 -1 -1
3.40637e-13 1 8 -1 -1
2.12896e-13 2 8 -1 -1
1.88395e-13 3 8 -1 -1
-2.75815e-14 4 8 -1 -1
-7.32459e-15 5 8 -1 -1
-1.39024e-13 6 8 -1 -1
-5.26023e-16 7 8 -1 -1
-8.946e-14 8 8 -1 -1
2.62196e-14 9 8 -1 -1
1.53811e-14 10 8 -1 -1
-1.20118e-15 0 -8 -1 1
-8.05467e-16 1 -8 -1 1
3.07497e-16 2 -8 -1 1
-1.4419e-16 3 -8 -1 1
9.16797e-18 4 -8 -1 1
-1.64758e-15 5 -8 -1 1
-1.07004e-15 6 -8 -1 1
-1.91948e-15 7 -8 -1 1
5.96611e-16 8 -8 -1 1
8.41222e-16 9 -8 -1 1
1.71144e-15 10 -8 -1 1
4.46135e-16 1 -8 -1 -1
3.1047e-16 2 -8 -1 -1
1.24031e-16 3 -8 -1 -1
1.84344e-16 4 -8 -1 -1
-1.5943e-16 5 -8 -1 -1
1.50964e-16 6 -8 -1 -1
-6.14074e-17 7 -8 -1 -1
2.37429e-16 8 -8 -1 -1
-2.17917e-17 9 -8 -1 -1
8.64984e-17 10 -8 -1 -1
-3.18782e-16 11 -8 -1 -1
1.438e-14 0 9 -1 1
3.82689e-15 1 9 -1 1
4.22008e-15 2 9 -1 1
-8.02332e-16 3 9 -1 1
2.6721e-15 4 9 -1 1
-1.40831e-15 5 9 -1 1
2.84484e-15 6 9 -1 1
-1.37513e-15 7 9 -1 1
8.61908e-16 8 9 -1 1
-7.91172e-16 9 9 -1 1
-2.09424e-15 10 9 -1 1
-4.43695e-16 0 9 -1 -1
1.79233e-15 1 9 -1 -1
9.90474e-16 2 9 -1 -1
1.18537e-15 3 9 -1 -1
-1.82409e-16 4 9 -1 -1
2.7542e-16 5 9 -1 -1
-9.06864e-16 6 9 -1 -1
1.31159e-16 7 9 -1 -1
-6.39775e-16 8 9 -1 -1
9.31132e-17 9 9 -1 -1
1.16867e-16 10 9 -1 -1
-7.63496e-18 0 -9 -1 1
-4.98655e-17 1 -9 -1 1
-6.93373e-17 2 -9 -1 1
1.12607e-16 3 -9 -1 1
6.24382e-16 4 -9 -1 1
1.0399e-15 5 -9 -1 1
4.73645e-16 6 -9 -1 1
-8.11813e-16 7 -9 -1 1
-1.19411e-15 8 -9 -1 1
-1.79087e-16 9 -9 -1 1
9.19273e-16 10 -9 -1 1
2.1817e-17 1 -9 -1 -1
-1.27614e-16 2 -9 -1 -1
3.49157e-17 3 -9 -1 -1
-1.17315e-16 4 -9 -1 -1
-5.80636e-19 5 -9 -1 -1
-9.04128e-17 6 -9 -1 -1
-2.24124e-16 7 -9 -1 -1
-4.78775e-17 8 -9 -1 -1
2.61093e-16 9 -9 -1 -1
1.99743e-16 10 -9 -1 -1
-2.09171e-16 11 -9 -1 -1
5.82061e-17 0 10 -1 1
1.88711e-17 1 10 -1 1
-7.5887e-17 2 10 -1 1
-1.55698e-16 3 10 -1 1
-2.2017e-16 4 10 -1 1
-8.33475e-17 5 10 -1 1
3.53333e-16 6 10 -1 1
4.10165e-16 7 10 -1 1
-1.56449e-17 8 10 -1 1
-9.18313e-16 9 10 -1 1
-7.69925e-16 10 10 -1 1
-4.16472e-18 0 10 -1 -1
7.01495e-18 1 10 -1 -1
-9.64405e-17 2 10 -1 -1
8.7745e-17 3 10 -1 -1
-7.26186e-17 4 10 -1 -1
2.19664e-17 5 10 -1 -1
-3.19203e-17 6 10 -1 -1
-1.15191e-16 7 10 -1 -1
3.37511e-17 8 10 -1 -1
1.99791e-16 9 10 -1 -1
-7.27735e-17 10 10 -1 -1
-3.48861e-17 0 -10 -1 1
-1.51396e-16 1 -10 -1 1
-1.5209e-16 2 -10 -1 1
3.0573e-16 3 -10 -1 1
1.12427e-15 4 -10 -1 1
1.66844e-15 5 -10 -1 1
3.73992e-16 6 -10 -1 1
-2.08038e-15 7 -10 -1 1
-2.69686e-15 8 -10 -1 1
4.54728e-16 9 -10 -1 1
2.37128e-15 10 -10 -1 1
2.08527e-17 1 -10 -1 -1
-2.82161e-17 2 -10 -1 -1
-5.26108e-17 3 -10 -1 -1
8.08305e-17 4 -10 -1 -1
-5.18457e-17 5 -10 -1 -1
-2.49865e-16 6 -10 -1 -1
-3.39469e-16 7 -10 -1 -1
3.29344e-17 8 -10 -1 -1
4.11609e-16 9 -10 -1 -1
1.78483e-16 10 -10 -1 -1
-2.66307e-16 11 -10 -1 -1
-1.51708e-17 0 11 -1 1
-1.08542e-17 1 11 -1 1
-1.08782e-16 2 11 -1 1
-4.2822e-16 3 11 -1 1
-8.09709e-16 4 11 -1 1
-1.14007e-15 5 11 -1 1
-6.79103e-16 6 11 -1 1
3.48633e-16 7 11 -1 1
7.54522e-16 8 11 -1 1
3.2171e-16 9 11 -1 1
-6.99833e-17 10 11 -1 1
-9.20471e-17 0 11 -1 -1
5.26053e-17 1 11 -1 -1
-5.26003e-17 2 11 -1 -1
-6.07647e-17 3 11 -1 -1
1.02988e-16 4 11 -1 -1
1.52977e-17 5 11 -1 -1
3.5851e-17 6 11 -1 -1
-2.27641e-16 7 11 -1 -1
-7.43969e-18 8 11 -1 -1
-3.78533e-19 9 11 -1 -1
-1.08469e-17 10 11 -1 -1
-3.03528e-17 0 -11 -1 1
-8.67076e-17 1 -11 -1 1
-5.31449e-17 2 -11 -1 1
2.02572e-16 3 -11 -1 1
6.58177e-16 4 -11 -1 1
1.07905e-15 5 -11 -1 1
2.35835e-16 6 -11 -1 1
-1.28687e-15 7 -11 -1 1
-1.56993e-15 8 -11 -1 1
7.80686e-17 9 -11 -1 1
1.22295e-15 10 -11 -1 1
6.69178e-17 1 -11 -1 -1
-1.10512e-16 2 -11 -1 -1
1.05254e-16 3 -11 -1 -1
3.99128e-17 4 -11 -1 -1
-7.07443e-17 5 -11 -1 -1
-1.19775e-16 6 -11 -1 -1
-1.07574e-16 7 -11 -1 -1
-1.66274e-18 8 -11 -1 -1
4.17741e-16 9 -11 -1 -1
1.90237e-16 10 -11 -1 -1
-1.05838e-16 11 -11 -1 -1
-8.70661e-17 0 12 -1 1
-7.59171e-16 1 12 -1 1
-2.03987e-15 2 12 -1 1
-2.92991e-15 3 12 -1 1
-1.43289e-15 4 12 -1 1
1.71633e-15 5 12 -1 1
2.77478e-15 6 12 -1 1
-7.93548e-16 7 12 -1 1
-2.50934e-15 8 12 -1 1
2.06596e-16 9 12 -1 1
1.65851e-15 10 12 -1 1
-1.48657e-17 0 12 -1 -1
7.44746e-17 1 12 -1 -1
3.42806e-16 2 12 -1 -1
2.93556e-16 3 12 -1 -1
-4.7255e-17 4 12 -1 -1
-3.61937e-16 5 12 -1 -1
-2.28654e-16 6 12 -1 -1
3.12033e-16 7 12 -1 -1
4.27253e-16 8 12 -1 -1
-3.71128e-16 9 12 -1 -1
-2.72016e-16 10 12 -1 -1
3.93199e-18 0 -12 -1 1
4.31012e-17 1 -12 -1 1
7.21945e-17 2 -12 -1 1
2.21075e-17 3 -12 -1 1
-3.34325e-16 4 -12 -1 1
-6.88847e-16 5 -12 -1 1
-9.02455e-16 6 -12 -1 1
-2.75108e-16 7 -12 -1 1
6.57534e-16 8 -12 -1 1
1.58715e-15 9 -12 -1 1
1.20214e-15 10 -12 -1 1
9.30889e-17 1 -12 -1 -1
-1.79754e-17 2 -12 -1 -1
-1.61988e-17 3 -12 -1 -1
3.54591e-17 4 -12 -1 -1
-9.41489e-17 5 -12 -1 -1
4.96057e-17 6 -12 -1 -1
8.46672e-17 7 -12 -1 -1
1.22868e-16 8 -12 -1 -1
1.63812e-17 9 -12 -1 -1
-1.96782e-16 10 -12 -1 -1
-2.06595e-16 11 -12 -1 -1
