0.00131241 0 5 -9 1
0.000435183 1 5 -9 1
8.37179e-05 2 5 -9 1
-7.46462e-05 3 5 -9 1
-7.04157e-05 4 5 -9 1
-3.57024e-05 5 5 -9 1
2.01662e-06 6 5 -9 1
1.49891e-05 7 5 -9 1
2.37793e-05 8 5 -9 1
5.90873e-06 9 5 -9 1
1.97817e-05 10 5 -9 1
-7.64277e-05 0 5 -9 -1
6.90373e-05 1 5 -9 -1
6.19813e-05 2 5 -9 -1
3.95454e-05 3 5 -9 -1
8.63639e-06 4 5 -9 -1
-7.50438e-06 5 5 -9 -1
-1.42708e-05 6 5 -9 -1
-1.20344e-05 7 5 -9 -1
-8.84882e-06 8 5 -9 -1
-1.65016e-06 9 5 -9 -1
-2.50237e-06 10 5 -9 -1
0.924776 0 -5 -9 1
0.344423 1 -5 -9 1
0.0676843 2 -5 -9 1
-0.0406719 3 -5 -9 1
-0.0474554 4 -5 -9 1
-0.0265674 5 -5 -9 1
-0.00538813 6 -5 -9 1
0.00584294 7 -5 -9 1
0.00912132 8 -5 -9 1
0.0070095 9 -5 -9 1
0.00451859 10 -5 -9 1
-0.109259 1 -5 -9 -1
-0.0616562 2 -5 -9 -1
-0.0287626 3 -5 -9 -1
-0.00606234 4 -5 -9 -1
0.00400389 5 -5 -9 -1
0.00695191 6 -5 -9 -1
0.00592425 7 -5 -9 -1
0.00374709 8 -5 -9 -1
0.00150433 9 -5 -9 -1
0.000123203 10 -5 -9 -1
-0.00108156 11 -5 -9 -1
8.79084e-06 0 6 -9 1
2.85279e-06 1 6 -9 1
6.59594e-07 2 6 -9 1
-6.19844e-07 3 6 -9 1
-5.47919e-07 4 6 -9 1
-3.26128e-07 5 6 -9 1
3.86427e-08 6 6 -9 1
9.84327e-08 7 6 -9 1
2.60464e-07 8 6 -9 1
1.08808e-08 9 6 -9 1
2.10949e-07 10 6 -9 1
-6.14197e-07 0 6 -9 -1
4.43373e-07 1 6 -9 -1
4.25829e-07 2 6 -9 -1
3.272e-07 3 6 -9 -1
8.41608e-08 4 6 -9 -1
-4.26243e-08 5 6 -9 -1
-1.23811e-07 6 6 -9 -1
-1.03209e-07 7 6 -9 -1
-9.84996e-08 8 6 -9 -1
-1.22218e-08 9 6 -9 -1
-4.02309e-08 10 6 -9 -1
0.00523716 0 -6 -9 1
0.001906 1 -6 -9 1
0.000417649 2 -6 -9 1
-0.000277237 3 -6 -9 1
-0.000312343 4 -6 -9 1
-0.000183346 5 -6 -9 1
-3.2108e-05 6 -6 -9 1
4.57105e-05 7 -6 -9 1
7.35633e-05 8 -6 -9 1
5.29318e-05 9 -6 -9 1
3.61054e-05 10 -6 -9 1
-0.000669487 1 -6 -9 -1
-0.000373989 2 -6 -9 -1
-0.000193897 3 -6 -9 -1
-4.32162e-05 4 -6 -9 -1
2.50479e-05 5 -6 -9 -1
5.13118e-05 6 -6 -9 -1
4.5844e-05 7 -6 -9 -1
3.18909e-05 8 -6 -9 -1
1.36544e-05 9 -6 -9 -1
3.07297e-06 10 -6 -9 -1
-8.14219e-06 11 -6 -9 -1
4.43568e-08 0 7 -9 1
1.38261e-08 1 7 -9 1
4.50618e-09 2 7 -9 1
-3.51245e-09 3 7 -9 1
-2.56201e-09 4 7 -9 1
-2.16267e-09 5 7 -9 1
6.92522e-10 6 7 -9 1
1.18213e-10 7 7 -9 1
2.16059e-09 8 7 -9 1
-4.5672e-10 9 7 -9 1
1.52734e-09 10 7 -9 1
-3.40299e-09 0 7 -9 -1
2.27757e-09 1 7 -9 -1
2.13532e-09 2 7 -9 -1
2.00326e-09 3 7 -9 -1
5.17874e-10 4 7 -9 -1
-9.54579e-11 5 7 -9 -1
-8.21575e-10 6 7 -9 -1
-5.54514e-10 7 7 -9 -1
-8.09444e-10 8 7 -9 -1
3.85906e-12 9 7 -9 -1
-4.02267e-10 10 7 -9 -1
2.46745e-05 0 -7 -9 1
8.68359e-06 1 -7 -9 1
2.23722e-06 2 -7 -9 1
-1.54569e-06 3 -7 -9 1
-1.61605e-06 4 -7 -9 1
-1.0228e-06 5 -7 -9 1
-1.1606e-07 6 -7 -9 1
2.83085e-07 7 -7 -9 1
4.8455e-07 8 -7 -9 1
3.12665e-07 9 -7 -9 1
2.09998e-07 10 -7 -9 1
-3.41479e-06 1 -7 -9 -1
-1.88121e-06 2 -7 -9 -1
-1.09609e-06 3 -7 -9 -1
-2.44175e-07 4 -7 -9 -1
1.23426e-07 5 -7 -9 -1
3.16171e-07 6 -7 -9 -1
2.85501e-07 7 -7 -9 -1
2.20879e-07 8 -7 -9 -1
9.59441e-08 9 -7 -9 -1
3.14781e-08 10 -7 -9 -1
-4.61675e-08 11 -7 -9 -1
2.14449e-10 0 8 -9 1
7.16075e-11 1 8 -9 1
3.73162e-11 2 8 -9 1
-1.48983e-11 3 8 -9 1
-6.40231e-12 4 8 -9 1
-1.58724e-11 5 8 -9 1
7.56556e-12 6 8 -9 1
-6.33409e-12 7 8 -9 1
1.59663e-11 8 8 -9 1
-7.16404e-12 9 8 -9 1
9.10367e-12 10 8 -9 1
-1.84064e-11 0 8 -9 -1
9.75302e-12 1 8 -9 -1
9.18539e-12 2 8 -9 -1
1.17986e-11 3 8 -9 -1
3.20649e-12 4 8 -9 -1
1.70856e-12 5 8 -9 -1
-4.8366e-12 6 8 -9 -1
-1.52304e-12 7 8 -9 -1
-6.11899e-12 8 8 -9 -1
7.98697e-13 9 8 -9 -1
-3.41879e-12 10 8 -9 -1
1.03348e-07 0 -8 -9 1
3.4439e-08 1 -8 -9 1
1.1461e-08 2 -8 -9 1
-7.46855e-09 3 -8 -9 1
-6.67595e-09 4 -8 -9 1
-5.03807e-09 5 -8 -9 1
-2.08049e-11 6 -8 -9 1
1.33312e-09 7 -8 -9 1
2.74198e-09 8 -8 -9 1
1.49918e-09 9 -8 -9 1
9.11949e-10 10 -8 -9 1
-1.53964e-08 1 -8 -9 -1
-8.26624e-09 2 -8 -9 -1
-5.62385e-09 3 -8 -9 -1
-1.25198e-09 4 -8 -9 -1
3.36024e-10 5 -8 -9 -1
1.66274e-09 6 -8 -9 -1
1.45367e-09 7 -8 -9 -1
1.3347e-09 8 -8 -9 -1
5.80737e-10 9 -8 -9 -1
2.67171e-10 10 -8 -9 -1
-1.65403e-10 11 -8 -9 -1
9.56959e-13 0 9 -9 1
3.27663e-13 1 9 -9 1
2.55679e-13 2 9 -9 1
-7.12509e-14 3 9 -9 1
3.15439e-14 4 9 -9 1
-1.22815e-13 5 9 -9 1
9.22822e-14 6 9 -9 1
-8.7699e-14 7 9 -9 1
1.30421e-13 8 9 -9 1
-7.08578e-14 9 9 -9 1
6.30416e-14 10 9 -9 1
-8.7463e-14 0 9 -9 -1
4.12509e-14 1 9 -9 -1
3.28421e-14 2 9 -9 -1
6.58849e-14 3 9 -9 -1
1.33193e-14 4 9 -9 -1
2.7075e-14 5 9 -9 -1
-3.05691e-14 6 9 -9 -1
9.92146e-15 7 9 -9 -1
-4.3629e-14 8 9 -9 -1
1.46227e-14 9 9 -9 -1
-2.68279e-14 10 9 -9 -1
4.22477e-10 0 -9 -9 1
1.36816e-10 1 -9 -9 1
6.50867e-11 2 -9 -9 1
-3.34504e-11 3 -9 -9 1
-2.25024e-11 4 -9 -9 1
-2.67523e-11 5 -9 -9 1
2.53048e-12 6 -9 -9 1
3.11783e-12 7 -9 -9 1
1.42775e-11 8 -9 -9 1
6.1719e-12 9 -9 -9 1
3.61013e-12 10 -9 -9 1
-6.7668e-11 1 -9 -9 -1
-3.62606e-11 2 -9 -9 -1
-3.0108e-11 3 -9 -9 -1
-7.37024e-12 4 -9 -9 -1
-1.71193e-12 5 -9 -9 -1
7.94545e-12 6 -9 -9 -1
6.24233e-12 7 -9 -9 -1
7.87588e-12 8 -9 -9 -1
3.46788e-12 9 -9 -9 -1
2.37578e-12 10 -9 -9 -1
5.66729e-14 11 -9 -9 -1
3.97773e-15 0 10 -9 1
1.21601e-15 1 10 -9 1
1.45961e-15 2 10 -9 1
-7.41007e-16 3 10 -9 1
3.30221e-16 4 10 -9 1
-1.20633e-15 5 10 -9 1
1.5761e-15 6 10 -9 1
2.1379e-16 7 10 -9 1
1.87528e-15 8 10 -9 1
-7.9645e-16 9 10 -9 1
3.58605e-16 10 10 -9 1
-2.78519e-16 0 10 -9 -1
1.77263e-16 1 10 -9 -1
1.92352e-16 2 10 -9 -1
3.28359e-16 3 10 -9 -1
1.67432e-16 4 10 -9 -1
2.26007e-16 5 10 -9 -1
-2.13242e-16 6 10 -9 -1
2.88871e-16 7 10 -9 -1
-2.57539e-16 8 10 -9 -1
4.47301e-16 9 10 -9 -1
-1.23019e-16 10 10 -9 -1
1.66981e-12 0 -10 -9 1
5.02684e-13 1 -10 -9 1
3.45223e-13 2 -10 -9 1
-1.76554e-13 3 -10 -9 1
-5.32368e-14 4 -10 -9 1
-1.5855e-13 5 -10 -9 1
4.03033e-14 6 -10 -9 1
-5.58678e-15 7 -10 -9 1
9.16925e-14 8 -10 -9 1
3.15535e-14 9 -10 -9 1
3.10561e-14 10 -10 -9 1
-2.86107e-13 1 -10 -9 -1
-1.50311e-13 2 -10 -9 -1
-1.58097e-13 3 -10 -9 -1
-3.95398e-14 4 -10 -9 -1
-3.3958e-14 5 -10 -9 -1
3.51364e-14 6 -10 -9 -1
1.6034e-14 7 -10 -9 -1
4.33829e-14 8 -10 -9 -1
1.55091e-14 9 -10 -9 -1
1.84046e-14 10 -10 -9 -1
3.26879e-15 11 -10 -9 -1
2.66894e-17 0 11 -9 1
-2.29132e-17 1 11 -9 1
-1.87525e-16 2 11 -9 1
-6.23622e-16 3 11 -9 1
-9.67772e-16 4 11 -9 1
-8.63478e-16 5 11 -9 1
3.0186e-16 6 11 -9 1
1.48351e-15 7 11 -9 1
1.01922e-15 8 11 -9 1
-5.42318e-16 9 11 -9 1
-7.46938e-16 10 11 -9 1
-8.30371e-17 0 11 -9 -1
3.24283e-17 1 11 -9 -1
-5.90847e-17 2 11 -9 -1
8.38255e-17 3 11 -9 -1
1.20702e-16 4 11 -9 -1
-6.78642e-17 5 11 -9 -1
-1.02277e-16 6 11 -9 -1
-2.07524e-16 7 11 -9 -1
2.85824e-18 8 11 -9 -1
1.69297e-16 9 11 -9 -1
1.35858e-16 10 11 -9 -1
6.3779e-15 0 -11 -9 1
1.60085e-15 1 -11 -9 1
1.71346e-15 2 -11 -9 1
-1.19409e-15 3 -11 -9 1
-4.28605e-17 4 -11 -9 1
-1.31017e-15 5 -11 -9 1
4.61941e-16 6 -11 -9 1
-2.1614e-16 7 -11 -9 1
4.40277e-16 8 -11 -9 1
-3.94214e-16 9 -11 -9 1
-7.79158e-17 10 -11 -9 1
-1.18346e-15 1 -11 -9 -1
-5.11835e-16 2 -11 -9 -1
-7.31355e-16 3 -11 -9 -1
-1.43769e-16 4 -11 -9 -1
-3.29242e-16 5 -11 -9 -1
1.65685e-16 6 -11 -9 -1
-1.0348e-16 7 -11 -9 -1
2.61653e-16 8 -11 -9 -1
7.86241e-17 9 -11 -9 -1
1.80996e-16 10 -11 -9 -1
1.1775e-16 11 -11 -9 -1
5.61514e-18 0 12 -9 1
5.72159e-18 1 12 -9 1
5.81176e-17 2 12 -9 1
1.97699e-16 3 12 -9 1
4.02884e-16 4 12 -9 1
3.85099e-16 5 12 -9 1
2.90255e-16 6 12 -9 1
-3.92845e-16 7 12 -9 1
-7.02877e-16 8 12 -9 1
-8.03137e-16 9 12 -9 1
-4.72083e-16 10 12 -9 1
-3.91394e-18 0 12 -9 -1
-9.86661e-17 1 12 -9 -1
-7.06117e-17 2 12 -9 -1
-1.14989e-16 3 12 -9 -1
-1.2871e-16 4 12 -9 -1
4.01151e-17 5 12 -9 -1
-2.85042e-17 6 12 -9 -1
8.24695e-17 7 12 -9 -1
4.44997e-17 8 12 -9 -1
6.10553e-17 9 12 -9 -1
-1.187e-16 10 12 -9 -1
3.24095e-17 0 -12 -9 1
7.05216e-18 1 -12 -9 1
-4.49345e-17 2 -12 -9 1
-2.24237e-16 3 -12 -9 1
-4.04193e-16 4 -12 -9 1
-3.1614e-16 5 -12 -9 1
1.78033e-16 6 -12 -9 1
5.51294e-16 7 -12 -9 1
-5.0356e-16 8 -12 -9 1
-2.35443e-15 9 -12 -9 1
-2.57185e-15 10 -12 -9 1
-8.32946e-17 1 -12 -9 -1
-6.54703e-17 2 -12 -9 -1
1.05976e-16 3 -12 -9 -1
-9.7532e-17 4 -12 -9 -1
8.98338e-18 5 -12 -9 -1
7.34999e-17 6 -12 -9 -1
3.55537e-17 7 -12 -9 -1
-3.75247e-17 8 -12 -9 -1
-8.67582e-17 9 -12 -9 -1
1.13948e-16 10 -12 -9 -1
5.23486e-16 11 -12 -9 -1
