-1.22084e-05 0 3 -5 1
-5.32219e-07 1 3 -5 1
8.07025e-07 2 3 -5 1
3.87059e-07 3 3 -5 1
-3.78086e-07 4 3 -5 1
-4.19319e-07 5 3 -5 1
-1.75076e-07 6 3 -5 1
3.45118e-08 7 3 -5 1
3.16336e-07 8 3 -5 1
8.65353e-08 9 3 -5 1
4.55157e-07 10 3 -5 1
2.51012e-07 0 3 -5 -1
-1.04174e-06 1 3 -5 -1
-2.60786e-07 2 3 -5 -1
1.25703e-07 3 3 -5 -1
2.32215e-07 4 3 -5 -1
1.03629e-07 5 3 -5 -1
-1.96928e-08 6 3 -5 -1
-8.07051e-08 7 3 -5 -1
-1.0956e-07 8 3 -5 -1
-3.11705e-08 9 3 -5 -1
-7.87721e-08 10 3 -5 -1
0.000421057 0 -3 -5 1
0.000943915 1 -3 -5 1
0.000587789 2 -3 -5 1
-5.74871e-05 3 -3 -5 1
-0.000227853 4 -3 -5 1
-0.000187375 5 -3 -5 1
-6.2296e-05 6 -3 -5 1
2.51824e-05 7 -3 -5 1
6.17103e-05 8 -3 -5 1
5.67784e-05 9 -3 -5 1
3.89112e-05 10 -3 -5 1
2.50095e-05 1 -3 -5 -1
-0.000109231 2 -3 -5 -1
-0.00013497 3 -3 -5 -1
-5.28187e-05 4 -3 -5 -1
7.39345e-06 5 -3 -5 -1
3.99868e-05 6 -3 -5 -1
4.09413e-05 7 -3 -5 -1
2.8083e-05 8 -3 -5 -1
1.13226e-05 9 -3 -5 -1
-1.24754e-06 10 -3 -5 -1
-1.18026e-05 11 -3 -5 -1
-0.000407839 0 4 -5 1
-0.000147858 1 4 -5 1
4.94505e-05 2 4 -5 1
7.95865e-05 3 4 -5 1
5.1364e-05 4 4 -5 1
1.24676e-05 5 4 -5 1
-1.23185e-05 6 4 -5 1
-1.65672e-05 7 4 -5 1
-2.02691e-05 8 4 -5 1
-5.41717e-07 9 4 -5 1
-1.89399e-05 10 4 -5 1
2.95709e-05 0 4 -5 -1
-2.10312e-05 1 4 -5 -1
-2.85535e-05 2 4 -5 -1
-1.00531e-05 3 4 -5 -1
4.13874e-06 4 4 -5 -1
1.06676e-05 5 4 -5 -1
1.00702e-05 6 4 -5 -1
5.62356e-06 7 4 -5 -1
2.49573e-06 8 4 -5 -1
-3.12916e-06 9 4 -5 -1
2.56376e-07 10 4 -5 -1
-0.95437 0 -4 -5 1
-0.258433 1 -4 -5 1
0.00355058 2 -4 -5 1
0.0638212 3 -4 -5 1
0.0418883 4 -4 -5 1
0.0125377 5 -4 -5 1
-0.00494036 6 -4 -5 1
-0.00999202 7 -4 -5 1
-0.00784946 8 -4 -5 1
-0.00444352 9 -4 -5 1
-9.64836e-06 10 -4 -5 1
0.113329 1 -4 -5 -1
0.0537286 2 -4 -5 -1
0.0165373 3 -4 -5 -1
-0.00324824 4 -4 -5 -1
-0.00887409 5 -4 -5 -1
-0.00792715 6 -4 -5 -1
-0.00469528 7 -4 -5 -1
-0.00158573 8 -4 -5 -1
0.000372747 9 -4 -5 -1
0.00156581 10 -4 -5 -1
0.0013829 11 -4 -5 -1
-2.94289e-06 0 5 -5 1
-6.45913e-07 1 5 -5 1
3.48585e-07 2 5 -5 1
6.08832e-07 3 5 -5 1
3.31057e-07 4 5 -5 1
2.92582e-08 5 5 -5 1
-1.30004e-07 6 5 -5 1
-2.1658e-07 7 5 -5 1
-1.10817e-07 8 5 -5 1
-8.89883e-08 9 5 -5 1
-5.66077e-08 10 5 -5 1
2.09039e-07 0 5 -5 -1
-2.02928e-07 1 5 -5 -1
-1.94094e-07 2 5 -5 -1
-8.46561e-08 3 5 -5 -1
4.25769e-08 4 5 -5 -1
9.47126e-08 5 5 -5 -1
8.77111e-08 6 5 -5 -1
5.95148e-08 7 5 -5 -1
4.86272e-09 8 5 -5 -1
-1.17496e-08 9 5 -5 -1
-3.13925e-08 10 5 -5 -1
-0.000772447 0 -5 -5 1
-0.000219678 1 -5 -5 1
0.000340477 2 -5 -5 1
0.000308649 3 -5 -5 1
0.000148683 4 -5 -5 1
-1.0834e-05 5 -5 -5 1
-8.18521e-05 6 -5 -5 1
-8.6575e-05 7 -5 -5 1
-5.65895e-05 8 -5 -5 1
-2.22309e-05 9 -5 -5 1
1.40047e-05 10 -5 -5 1
0.000171967 1 -5 -5 -1
0.000113859 2 -5 -5 -1
-6.26133e-06 3 -5 -5 -1
-5.55492e-05 4 -5 -5 -1
-6.44526e-05 5 -5 -5 -1
-4.42382e-05 6 -5 -5 -1
-1.88376e-05 7 -5 -5 -1
2.2358e-06 8 -5 -5 -1
1.44257e-05 9 -5 -5 -1
1.99496e-05 10 -5 -5 -1
1.37889e-05 11 -5 -5 -1
-5.52336e-09 0 6 -5 1
-2.32143e-09 1 6 -5 1
2.30094e-09 2 6 -5 1
2.41176e-09 3 6 -5 1
1.39709e-09 4 6 -5 1
1.55436e-11 5 6 -5 1
-1.17448e-09 6 6 -5 1
-8.30635e-10 7 6 -5 1
-1.21172e-09 8 6 -5 1
9.19522e-11 9 6 -5 1
-7.16367e-10 10 6 -5 1
2.8292e-10 0 6 -5 -1
-5.22618e-10 1 6 -5 -1
-8.2049e-10 2 6 -5 -1
-2.00264e-10 3 6 -5 -1
2.6716e-10 4 6 -5 -1
5.27605e-10 5 6 -5 -1
5.31851e-10 6 6 -5 -1
2.17075e-10 7 6 -5 -1
1.16565e-10 8 6 -5 -1
-2.74406e-10 9 6 -5 -1
-1.02221e-10 10 6 -5 -1
-7.89195e-06 0 -6 -5 1
-1.45275e-06 1 -6 -5 1
7.11349e-07 2 -6 -5 1
1.29624e-06 3 -6 -5 1
4.96594e-07 4 -6 -5 1
-1.33303e-07 5 -6 -5 1
-4.88105e-07 6 -6 -5 1
-4.62365e-07 7 -6 -5 1
-2.63989e-07 8 -6 -5 1
-5.3207e-08 9 -6 -5 1
1.74199e-07 10 -6 -5 1
1.32889e-06 1 -6 -5 -1
5.8946e-07 2 -6 -5 -1
9.46141e-08 3 -6 -5 -1
-2.70261e-07 4 -6 -5 -1
-3.13256e-07 5 -6 -5 -1
-2.36299e-07 6 -6 -5 -1
-9.18405e-08 7 -6 -5 -1
2.81966e-08 8 -6 -5 -1
1.00956e-07 9 -6 -5 -1
1.35354e-07 10 -6 -5 -1
8.32875e-08 11 -6 -5 -1
-6.15287e-11 0 7 -5 1
-2.57556e-11 1 7 -5 1
-5.78672e-12 2 7 -5 1
7.91449e-12 3 7 -5 1
6.79759e-12 4 7 -5 1
3.52616e-13 5 7 -5 1
1.73406e-13 6 7 -5 1
-7.22275e-12 7 7 -5 1
7.5753e-13 8 7 -5 1
-4.62691e-12 9 7 -5 1
2.22247e-12 10 7 -5 1
5.67239e-12 0 7 -5 -1
-2.3917e-12 1 7 -5 -1
-3.74421e-12 2 7 -5 -1
-3.06804e-12 3 7 -5 -1
-2.29484e-13 4 7 -5 -1
1.73311e-12 5 7 -5 -1
1.56474e-12 6 7 -5 -1
2.21552e-12 7 7 -5 -1
-4.62989e-13 8 7 -5 -1
4.82427e-13 9 7 -5 -1
-1.83573e-12 10 7 -5 -1
-6.328e-09 0 -7 -5 1
-3.08017e-09 1 -7 -5 1
5.75299e-09 2 -7 -5 1
4.10832e-09 3 -7 -5 1
2.17005e-09 4 -7 -5 1
-1.20711e-09 5 -7 -5 1
-2.25938e-09 6 -7 -5 1
-2.24082e-09 7 -7 -5 1
-1.22813e-09 8 -7 -5 1
-6.85487e-11 9 -7 -5 1
9.57043e-10 10 -7 -5 1
2.09279e-09 1 -7 -5 -1
1.78456e-09 2 -7 -5 -1
-4.0631e-10 3 -7 -5 -1
-1.13269e-09 4 -7 -5 -1
-1.48675e-09 5 -7 -5 -1
-9.35234e-10 6 -7 -5 -1
-3.39702e-10 7 -7 -5 -1
2.64185e-10 8 -7 -5 -1
6.17534e-10 9 -7 -5 -1
7.41416e-10 10 -7 -5 -1
4.67492e-10 11 -7 -5 -1
-8.53275e-14 0 8 -5 1
-1.02867e-13 1 8 -5 1
-1.17568e-14 2 8 -5 1
1.86865e-14 3 8 -5 1
2.34743e-14 4 8 -5 1
3.73036e-14 5 8 -5 1
-2.81443e-14 6 8 -5 1
2.28496e-14 7 8 -5 1
-5.47279e-14 8 8 -5 1
2.8987e-14 9 8 -5 1
-4.33224e-14 10 8 -5 1
4.59091e-15 0 8 -5 -1
-1.85286e-15 1 8 -5 -1
-1.57891e-14 2 8 -5 -1
-1.04482e-14 3 8 -5 -1
-3.12828e-15 4 8 -5 -1
6.81954e-16 5 8 -5 -1
1.33335e-14 6 8 -5 -1
-6.78314e-16 7 8 -5 -1
1.39721e-14 8 8 -5 -1
-1.0148e-14 9 8 -5 -1
8.42041e-15 10 8 -5 -1
-1.02045e-10 0 -8 -5 1
-2.94973e-11 1 -8 -5 1
-5.72563e-12 2 -8 -5 1
1.76107e-11 3 -8 -5 1
5.47583e-12 4 -8 -5 1
4.76548e-13 5 -8 -5 1
-8.46413e-12 6 -8 -5 1
-7.77699e-12 7 -8 -5 1
-4.95352e-12 8 -8 -5 1
-2.94419e-13 9 -8 -5 1
4.584e-12 10 -8 -5 1
2.07754e-11 1 -8 -5 -1
1.23078e-11 2 -8 -5 -1
6.752e-12 3 -8 -5 -1
-2.04147e-12 4 -8 -5 -1
-3.58891e-12 5 -8 -5 -1
-4.48251e-12 6 -8 -5 -1
-2.01907e-12 7 -8 -5 -1
-8.33529e-14 8 -8 -5 -1
1.70701e-12 9 -8 -5 -1
2.59424e-12 10 -8 -5 -1
1.54667e-12 11 -8 -5 -1
-8.42754e-16 0 9 -5 1
-5.4897e-16 1 9 -5 1
-5.8967e-16 2 9 -5 1
-8.89694e-16 3 9 -5 1
-1.08902e-15 4 9 -5 1
-1.53655e-15 5 9 -5 1
-1.71131e-16 6 9 -5 1
1.85446e-16 7 9 -5 1
9.23582e-16 8 9 -5 1
-7.80512e-16 9 9 -5 1
-2.5557e-16 10 9 -5 1
7.47392e-17 0 9 -5 -1
-8.98937e-17 1 9 -5 -1
-4.82389e-17 2 9 -5 -1
-2.68266e-17 3 9 -5 -1
6.31727e-17 4 9 -5 -1
5.05614e-17 5 9 -5 -1
-2.03236e-16 6 9 -5 -1
-1.61716e-17 7 9 -5 -1
-1.66995e-16 8 9 -5 -1
2.24784e-16 9 9 -5 -1
-2.0892e-16 10 9 -5 -1
-3.25994e-14 0 -9 -5 1
-9.53453e-14 1 -9 -5 1
6.97118e-14 2 -9 -5 1
4.07186e-14 3 -9 -5 1
7.92433e-14 4 -9 -5 1
5.6517e-15 5 -9 -5 1
-6.07993e-15 6 -9 -5 1
-3.78308e-14 7 -9 -5 1
-3.31644e-14 8 -9 -5 1
-1.67859e-14 9 -9 -5 1
-7.70776e-15 10 -9 -5 1
2.71635e-14 1 -9 -5 -1
4.83072e-14 2 -9 -5 -1
1.32321e-14 3 -9 -5 -1
6.00722e-15 4 -9 -5 -1
-1.9505e-14 5 -9 -5 -1
-1.53097e-14 6 -9 -5 -1
-1.66639e-14 7 -9 -5 -1
-6.01579e-15 8 -9 -5 -1
1.42237e-15 9 -9 -5 -1
5.4246e-15 10 -9 -5 -1
8.71674e-15 11 -9 -5 -1
1.5634e-18 0 10 -5 1
-2.99835e-17 1 10 -5 1
-2.1175e-16 2 10 -5 1
-4.26009e-16 3 10 -5 1
-6.67549e-16 4 10 -5 1
-2.1752e-16 5 10 -5 1
7.50597e-16 6 10 -5 1
1.47608e-15 7 10 -5 1
9.30247e-16 8 10 -5 1
-5.5041e-16 9 10 -5 1
-7.42324e-16 10 10 -5 1
-3.27184e-19 0 10 -5 -1
6.89677e-17 1 10 -5 -1
-8.42653e-17 2 10 -5 -1
9.73183e-17 3 10 -5 -1
6.01904e-17 4 10 -5 -1
5.00514e-17 5 10 -5 -1
-1.5726e-16 6 10 -5 -1
-1.20427e-16 7 10 -5 -1
1.22108e-16 8 10 -5 -1
2.98239e-16 9 10 -5 -1
1.12547e-16 10 10 -5 -1
-1.09969e-15 0 -10 -5 1
-2.32714e-16 1 -10 -5 1
-2.08766e-16 2 -10 -5 1
5.85812e-16 3 -10 -5 1
6.07641e-16 4 -10 -5 1
1.03949e-15 5 -10 -5 1
3.05385e-17 6 -10 -5 1
-8.34334e-16 7 -10 -5 1
-1.15133e-15 8 -10 -5 1
-3.17133e-16 9 -10 -5 1
2.83498e-16 10 -10 -5 1
4.00594e-16 1 -10 -5 -1
1.90678e-16 2 -10 -5 -1
1.54336e-16 3 -10 -5 -1
-7.82253e-17 4 -10 -5 -1
-4.83964e-17 5 -10 -5 -1
-7.73816e-17 6 -10 -5 -1
-1.4313e-16 7 -10 -5 -1
5.43886e-17 8 -10 -5 -1
1.81108e-16 9 -10 -5 -1
9.36452e-17 10 -10 -5 -1
-6.12935e-17 11 -10 -5 -1
3.5233e-18 0 11 -5 1
8.95082e-18 1 11 -5 1
2.48165e-17 2 11 -5 1
2.42547e-17 3 11 -5 1
-7.76827e-18 4 11 -5 1
1.03141e-16 5 11 -5 1
2.88479e-17 6 11 -5 1
-1.57967e-17 7 11 -5 1
-3.56611e-17 8 11 -5 1
-4.79313e-17 9 11 -5 1
-7.32229e-18 10 11 -5 1
-2.61576e-17 0 11 -5 -1
1.26802e-17 1 11 -5 -1
8.87325e-18 2 11 -5 -1
3.51855e-17 3 11 -5 -1
-3.56675e-17 4 11 -5 -1
8.63981e-17 5 11 -5 -1
9.56187e-19 6 11 -5 -1
-5.07463e-17 7 11 -5 -1
7.69451e-17 8 11 -5 -1
6.55211e-17 9 11 -5 -1
-1.42343e-16 10 11 -5 -1
-6.29764e-17 0 -11 -5 1
-1.34189e-16 1 -11 -5 1
-8.85083e-17 2 -11 -5 1
3.40972e-16 3 -11 -5 1
1.31454e-15 4 -11 -5 1
2.20383e-15 5 -11 -5 1
1.76986e-15 6 -11 -5 1
5.94411e-17 7 -11 -5 1
-1.48626e-15 8 -11 -5 1
-1.10887e-15 9 -11 -5 1
1.42975e-17 10 -11 -5 1
-7.86342e-17 1 -11 -5 -1
-4.26687e-17 2 -11 -5 -1
-6.62894e-17 3 -11 -5 -1
-4.34625e-17 4 -11 -5 -1
-1.81346e-16 5 -11 -5 -1
-1.68572e-16 6 -11 -5 -1
-2.87518e-16 7 -11 -5 -1
-1.84044e-16 8 -11 -5 -1
2.31976e-16 9 -11 -5 -1
1.39342e-16 10 -11 -5 -1
2.09128e-17 11 -11 -5 -1
6.40091e-18 0 12 -5 1
-1.968e-17 1 12 -5 1
-9.01802e-17 2 12 -5 1
-1.95355e-16 3 12 -5 1
-1.34875e-16 4 12 -5 1
-1.11105e-16 5 12 -5 1
5.59052e-17 6 12 -5 1
2.75441e-16 7 12 -5 1
1.3584e-16 8 12 -5 1
-3.1371e-16 9 12 -5 1
-2.91393e-16 10 12 -5 1
-7.87946e-17 0 12 -5 -1
-8.80785e-17 1 12 -5 -1
-2.33253e-17 2 12 -5 -1
7.87724e-18 3 12 -5 -1
-2.59083e-17 4 12 -5 -1
8.3757e-17 5 12 -5 -1
-1.45994e-16 6 12 -5 -1
-5.79744e-17 7 12 -5 -1
3.59036e-18 8 12 -5 -1
1.4657e-16 9 12 -5 -1
-1.07214e-16 10 12 -5 -1
7.54562e-18 0 -12 -5 1
4.58363e-17 1 -12 -5 1
4.60832e-17 2 -12 -5 1
3.28824e-18 3 -12 -5 1
-1.92889e-16 4 -12 -5 1
-5.49418e-16 5 -12 -5 1
-1.03255e-15 6 -12 -5 1
-1.23934e-15 7 -12 -5 1
-3.28352e-16 8 -12 -5 1
8.51214e-16 9 -12 -5 1
1.11338e-15 10 -12 -5 1
-1.05272e-16 1 -12 -5 -1
9.53574e-17 2 -12 -5 -1
-1.88084e-16 3 -12 -5 -1
-9.88196e-17 4 -12 -5 -1
5.37517e-18 5 -12 -5 -1
3.50028e-17 6 -12 -5 -1
7.80049e-17 7 -12 -5 -1
2.42905e-16 8 -12 -5 -1
2.1012e-16 9 -12 -5 -1
-1.27178e-16 10 -12 -5 -1
-1.78433e-16 11 -12 -5 -1
