0 1.52666e-06 1.32427e-06 -1.44433e-06 -6.0028e-08
0.025 1.52666e-06 1.32427e-06 -1.44433e-06 -6.0028e-08
0.05 3.04877e-06 2.64448e-06 -2.88587e-06 -1.20695e-07
0.075 4.5618e-06 3.95658e-06 -4.32185e-06 -1.82635e-07
0.1 6.06125e-06 5.25654e-06 -5.7495e-06 -2.4648e-07
0.125 7.54266e-06 6.54039e-06 -7.16609e-06 -3.12851e-07
0.15 9.00162e-06 7.80421e-06 -8.56892e-06 -3.82357e-07
0.175 1.04338e-05 9.04412e-06 -9.95531e-06 -4.55596e-07
0.2 1.1835e-05 1.02564e-05 -1.13227e-05 -5.33146e-07
0.225 1.32009e-05 1.14372e-05 -1.26684e-05 -6.15569e-07
0.25 1.45277e-05 1.25832e-05 -1.399e-05 -7.03403e-07
0.275 1.58114e-05 1.36908e-05 -1.52851e-05 -7.97163e-07
0.3 1.70481e-05 1.47566e-05 -1.65513e-05 -8.97336e-07
0.325 1.82343e-05 1.57775e-05 -1.77863e-05 -1.00438e-06
0.35 1.93665e-05 1.67505e-05 -1.8988e-05 -1.11873e-06
0.375 2.04414e-05 1.76726e-05 -2.01542e-05 -1.24078e-06
0.4 2.14559e-05 1.85412e-05 -2.1283e-05 -1.37089e-06
0.425 2.24069e-05 1.93537e-05 -2.23725e-05 -1.50939e-06
0.45 2.32919e-05 2.01078e-05 -2.3421e-05 -1.65657e-06
0.475 2.41082e-05 2.08013e-05 -2.44267e-05 -1.81267e-06
0.5 2.48536e-05 2.14323e-05 -2.53881e-05 -1.97791e-06
0.525 2.55259e-05 2.19989e-05 -2.63038e-05 -2.15246e-06
0.55 2.61233e-05 2.24997e-05 -2.71726e-05 -2.33645e-06
0.575 2.66441e-05 2.29333e-05 -2.79933e-05 -2.52997e-06
0.6 2.70868e-05 2.32986e-05 -2.87647e-05 -2.73305e-06
0.625 2.74504e-05 2.35948e-05 -2.94862e-05 -2.9457e-06
0.65 2.77339e-05 2.3821e-05 -3.01567e-05 -3.16788e-06
0.675 2.79366e-05 2.39768e-05 -3.07759e-05 -3.39951e-06
0.7 2.8058e-05 2.40621e-05 -3.1343e-05 -3.64045e-06
0.725 2.8098e-05 2.40768e-05 -3.18579e-05 -3.89055e-06
0.75 2.80565e-05 2.4021e-05 -3.23202e-05 -4.14958e-06
0.775 2.7934e-05 2.38952e-05 -3.27298e-05 -4.4173e-06
0.8 2.77307e-05 2.37001e-05 -3.30869e-05 -4.69343e-06
0.825 2.74477e-05 2.34363e-05 -3.33916e-05 -4.97763e-06
0.85 2.70858e-05 2.31051e-05 -3.36441e-05 -5.26953e-06
0.875 2.66462e-05 2.27075e-05 -3.3845e-05 -5.56874e-06
0.9 2.61304e-05 2.22451e-05 -3.39947e-05 -5.87481e-06
0.925 2.55401e-05 2.17194e-05 -3.40939e-05 -6.18728e-06
0.95 2.48772e-05 2.11322e-05 -3.41435e-05 -6.50566e-06
0.975 2.41437e-05 2.04856e-05 -3.41444e-05 -6.82939e-06
1 2.3342e-05 1.97816e-05 -3.40975e-05 -7.15794e-06
1.025 2.24745e-05 1.90226e-05 -3.4004e-05 -7.49072e-06
1.05 2.15438e-05 1.82109e-05 -3.38651e-05 -7.82711e-06
1.075 2.05529e-05 1.73493e-05 -3.36822e-05 -8.16649e-06
1.1 1.95048e-05 1.64403e-05 -3.34567e-05 -8.50821e-06
1.125 1.84026e-05 1.54868e-05 -3.31901e-05 -8.85161e-06
1.15 1.72496e-05 1.44919e-05 -3.28839e-05 -9.196e-06
1.175 1.60493e-05 1.34585e-05 -3.25399e-05 -9.54069e-06
1.2 1.48053e-05 1.23898e-05 -3.21598e-05 -9.88498e-06
1.225 1.35212e-05 1.12891e-05 -3.17454e-05 -1.02281e-05
1.25 1.2201e-05 1.01597e-05 -3.12986e-05 -1.05695e-05
1.275 1.08484e-05 9.00496e-06 -3.08214e-05 -1.09082e-05
1.3 9.46751e-06 7.82831e-06 -3.03157e-05 -1.12437e-05
1.325 8.06236e-06 6.63326e-06 -2.97835e-05 -1.15751e-05
1.35 6.63707e-06 5.42334e-06 -2.9227e-05 -1.19018e-05
1.375 5.19581e-06 4.2021e-06 -2.86482e-05 -1.2223e-05
1.4 3.74281e-06 2.97313e-06 -2.80493e-05 -1.25381e-05
1.425 2.28231e-06 1.74001e-06 -2.74325e-05 -1.28462e-05
1.45 8.18564e-07 5.06333e-07 -2.67999e-05 -1.31468e-05
1.475 -6.44155e-07 -7.24324e-07 -2.61537e-05 -1.3439e-05
1.5 -2.10158e-06 -1.94839e-06 -2.54962e-05 -1.37223e-05
1.525 -3.54947e-06 -3.16232e-06 -2.48296e-05 -1.3996e-05
1.55 -4.9836e-06 -4.36259e-06 -2.41561e-05 -1.42593e-05
1.575 -6.39977e-06 -5.54574e-06 -2.34778e-05 -1.45118e-05
1.6 -7.79384e-06 -6.70832e-06 -2.27972e-05 -1.47527e-05
1.625 -9.16173e-06 -7.84695e-06 -2.21162e-05 -1.49816e-05
1.65 -1.04994e-05 -8.95832e-06 -2.1437e-05 -1.51977e-05
1.675 -1.18029e-05 -1.00392e-05 -2.0762e-05 -1.54006e-05
1.7 -1.30685e-05 -1.10863e-05 -2.00931e-05 -1.55897e-05
1.725 -1.42922e-05 -1.20966e-05 -1.94324e-05 -1.57645e-05
1.75 -1.54705e-05 -1.30671e-05 -1.8782e-05 -1.59246e-05
1.775 -1.65997e-05 -1.39948e-05 -1.8144e-05 -1.60694e-05
1.8 -1.76766e-05 -1.48768e-05 -1.75204e-05 -1.61986e-05
1.825 -1.86976e-05 -1.57105e-05 -1.69129e-05 -1.63117e-05
1.85 -1.96597e-05 -1.64931e-05 -1.63237e-05 -1.64084e-05
1.875 -2.05598e-05 -1.72222e-05 -1.57544e-05 -1.64883e-05
1.9 -2.1395e-05 -1.78953e-05 -1.52069e-05 -1.65511e-05
1.925 -2.21626e-05 -1.851e-05 -1.46829e-05 -1.65965e-05
1.95 -2.28599e-05 -1.90642e-05 -1.41841e-05 -1.66242e-05
1.975 -2.34847e-05 -1.95559e-05 -1.37121e-05 -1.6634e-05
2 -2.40345e-05 -1.9983e-05 -1.32684e-05 -1.66257e-05
2.025 -2.45074e-05 -2.03437e-05 -1.28545e-05 -1.65991e-05
2.05 -2.49014e-05 -2.06364e-05 -1.24717e-05 -1.65541e-05
2.075 -2.52148e-05 -2.08595e-05 -1.21215e-05 -1.64905e-05
2.1 -2.54461e-05 -2.10116e-05 -1.18051e-05 -1.64083e-05
2.125 -2.5594e-05 -2.10914e-05 -1.15235e-05 -1.63075e-05
2.15 -2.56573e-05 -2.10979e-05 -1.1278e-05 -1.6188e-05
2.175 -2.56351e-05 -2.103e-05 -1.10696e-05 -1.60498e-05
2.2 -2.55267e-05 -2.08869e-05 -1.0899e-05 -1.5893e-05
2.225 -2.53314e-05 -2.06679e-05 -1.07673e-05 -1.57176e-05
2.25 -2.50489e-05 -2.03726e-05 -1.06751e-05 -1.55239e-05
2.275 -2.46792e-05 -2.00006e-05 -1.06231e-05 -1.53118e-05
2.3 -2.42223e-05 -1.95516e-05 -1.06119e-05 -1.50818e-05
2.325 -2.36785e-05 -1.90258e-05 -1.06418e-05 -1.48338e-05
2.35 -2.30482e-05 -1.84231e-05 -1.07134e-05 -1.45683e-05
2.375 -2.23321e-05 -1.77439e-05 -1.08269e-05 -1.42854e-05
2.4 -2.15311e-05 -1.69888e-05 -1.09824e-05 -1.39856e-05
2.425 -2.06464e-05 -1.61582e-05 -1.11801e-05 -1.36691e-05
2.45 -1.96792e-05 -1.52531e-05 -1.14199e-05 -1.33365e-05
2.475 -1.86311e-05 -1.42744e-05 -1.17017e-05 -1.2988e-05
2.5 -1.75037e-05 -1.32233e-05 -1.20252e-05 -1.26243e-05
2.525 -1.62988e-05 -1.21011e-05 -1.23902e-05 -1.22457e-05
2.55 -1.50187e-05 -1.09094e-05 -1.27963e-05 -1.18528e-05
2.575 -1.36656e-05 -9.64972e-06 -1.32428e-05 -1.14463e-05
2.6 -1.22419e-05 -8.32404e-06 -1.37292e-05 -1.10266e-05
2.625 -1.07503e-05 -6.93434e-06 -1.42548e-05 -1.05946e-05
2.65 -9.19358e-06 -5.48281e-06 -1.48186e-05 -1.01507e-05
2.675 -7.5747e-06 -3.9718e-06 -1.54198e-05 -9.69579e-06
2.7 -5.89681e-06 -2.40384e-06 -1.60573e-05 -9.23057e-06
2.725 -4.16321e-06 -7.81589e-07 -1.673e-05 -8.75579e-06
2.75 -2.37734e-06 8.92103e-07 -1.74367e-05 -8.27228e-06
2.775 -5.4277e-07 2.61426e-06 -1.8176e-05 -7.78085e-06
2.8 1.33679e-06 4.38174e-06 -1.89465e-05 -7.28236e-06
2.825 3.25749e-06 6.19129e-06 -1.97467e-05 -6.7777e-06
2.85 5.21541e-06 8.03949e-06 -2.0575e-05 -6.26777e-06
2.875 7.20648e-06 9.92281e-06 -2.14298e-05 -5.7535e-06
2.9 9.22657e-06 1.18376e-05 -2.23093e-05 -5.23584e-06
2.925 1.12714e-05 1.37801e-05 -2.32116e-05 -4.71575e-06
2.95 1.33368e-05 1.57465e-05 -2.41349e-05 -4.19421e-06
2.975 1.54183e-05 1.77327e-05 -2.50771e-05 -3.67221e-06
3 1.75115e-05 1.97347e-05 -2.60363e-05 -3.15075e-06
3.025 1.9612e-05 2.17485e-05 -2.70103e-05 -2.63085e-06
3.05 2.17152e-05 2.37699e-05 -2.79969e-05 -2.11352e-06
3.075 2.38168e-05 2.57946e-05 -2.89941e-05 -1.59978e-06
3.1 2.59122e-05 2.78183e-05 -2.99995e-05 -1.09063e-06
3.125 2.79969e-05 2.98368e-05 -3.10109e-05 -5.87087e-07
3.15 3.00665e-05 3.18457e-05 -3.2026e-05 -9.01544e-08
3.175 3.21166e-05 3.38408e-05 -3.30425e-05 3.99181e-07
3.2 3.41428e-05 3.58178e-05 -3.40579e-05 8.79943e-07
3.225 3.61408e-05 3.77723e-05 -3.507e-05 1.35117e-06
3.25 3.81064e-05 3.97002e-05 -3.60764e-05 1.81194e-06
3.275 4.00354e-05 4.15973e-05 -3.70747e-05 2.26132e-06
3.3 4.19238e-05 4.34595e-05 -3.80626e-05 2.69845e-06
3.325 4.37676e-05 4.52827e-05 -3.90378e-05 3.12246e-06
3.35 4.55632e-05 4.70631e-05 -3.9998e-05 3.53253e-06
3.375 4.73068e-05 4.87967e-05 -4.09409e-05 3.92789e-06
3.4 4.89948e-05 5.04799e-05 -4.18643e-05 4.30779e-06
3.425 5.0624e-05 5.21091e-05 -4.2766e-05 4.67154e-06
3.45 5.21911e-05 5.36808e-05 -4.36438e-05 5.01849e-06
3.475 5.36932e-05 5.51919e-05 -4.44958e-05 5.34802e-06
3.5 5.51273e-05 5.66391e-05 -4.53199e-05 5.65959e-06
3.525 5.64909e-05 5.80196e-05 -4.61142e-05 5.95269e-06
3.55 5.77815e-05 5.93306e-05 -4.68768e-05 6.22688e-06
3.575 5.8997e-05 6.05695e-05 -4.7606e-05 6.48178e-06
3.6 6.01352e-05 6.17341e-05 -4.83e-05 6.71704e-06
3.625 6.11945e-05 6.28222e-05 -4.89574e-05 6.9324e-06
3.65 6.21732e-05 6.38319e-05 -4.95766e-05 7.12765e-06
3.675 6.30701e-05 6.47615e-05 -5.01562e-05 7.30263e-06
3.7 6.38839e-05 6.56096e-05 -5.06951e-05 7.45726e-06
3.725 6.4614e-05 6.6375e-05 -5.1192e-05 7.5915e-06
3.75 6.52595e-05 6.70566e-05 -5.16458e-05 7.70538e-06
3.775 6.58202e-05 6.76538e-05 -5.20558e-05 7.79901e-06
3.8 6.62958e-05 6.81661e-05 -5.2421e-05 7.87254e-06
3.825 6.66864e-05 6.85932e-05 -5.27408e-05 7.92618e-06
3.85 6.69923e-05 6.89351e-05 -5.30147e-05 7.9602e-06
3.875 6.72141e-05 6.9192e-05 -5.32422e-05 7.97492e-06
3.9 6.73524e-05 6.93644e-05 -5.34229e-05 7.97074e-06
3.925 6.74082e-05 6.94531e-05 -5.35569e-05 7.94809e-06
3.95 6.73828e-05 6.94588e-05 -5.36439e-05 7.90745e-06
3.975 6.72773e-05 6.93828e-05 -5.36841e-05 7.84936e-06
4 6.70935e-05 6.92264e-05 -5.36776e-05 7.77439e-06
4.025 6.68331e-05 6.89911e-05 -5.36248e-05 7.68318e-06
4.05 6.64979e-05 6.86788e-05 -5.3526e-05 7.57638e-06
4.075 6.60901e-05 6.82913e-05 -5.33819e-05 7.45469e-06
4.1 6.56119e-05 6.78308e-05 -5.31931e-05 7.31885e-06
4.125 6.50658e-05 6.72996e-05 -5.29604e-05 7.16961e-06
4.15 6.44542e-05 6.67001e-05 -5.26846e-05 7.00777e-06
4.175 6.37798e-05 6.60349e-05 -5.23667e-05 6.83413e-06
4.2 6.30455e-05 6.53068e-05 -5.20077e-05 6.64952e-06
4.225 6.2254e-05 6.45185e-05 -5.16089e-05 6.45479e-06
4.25 6.14083e-05 6.3673e-05 -5.11714e-05 6.25079e-06
4.275 6.05115e-05 6.27733e-05 -5.06966e-05 6.03839e-06
4.3 5.95667e-05 6.18227e-05 -5.01858e-05 5.81846e-06
4.325 5.85771e-05 6.08242e-05 -4.96405e-05 5.59186e-06
4.35 5.75457e-05 5.97811e-05 -4.90622e-05 5.35947e-06
4.375 5.64759e-05 5.86968e-05 -4.84525e-05 5.12213e-06
4.4 5.53709e-05 5.75744e-05 -4.7813e-05 4.88071e-06
4.425 5.4234e-05 5.64174e-05 -4.71453e-05 4.63603e-06
4.45 5.30683e-05 5.52291e-05 -4.64512e-05 4.38892e-06
4.475 5.18771e-05 5.40127e-05 -4.57324e-05 4.14018e-06
4.5 5.06636e-05 5.27717e-05 -4.49905e-05 3.89059e-06
4.525 4.94309e-05 5.15093e-05 -4.42274e-05 3.64091e-06
4.55 4.81821e-05 5.02286e-05 -4.34449e-05 3.39187e-06
4.575 4.69203e-05 4.8933e-05 -4.26446e-05 3.14417e-06
4.6 4.56484e-05 4.76254e-05 -4.18284e-05 2.89847e-06
4.625 4.43693e-05 4.63089e-05 -4.09981e-05 2.65542e-06
4.65 4.30858e-05 4.49865e-05 -4.01553e-05 2.41563e-06
4.675 4.18006e-05 4.3661e-05 -3.93017e-05 2.17965e-06
4.7 4.05164e-05 4.23353e-05 -3.84392e-05 1.94803e-06
4.725 3.92357e-05 4.10119e-05 -3.75694e-05 1.72125e-06
4.75 3.79608e-05 3.96934e-05 -3.66938e-05 1.49978e-06
4.775 3.6694e-05 3.83822e-05 -3.58142e-05 1.28403e-06
4.8 3.54376e-05 3.70808e-05 -3.4932e-05 1.07439e-06
4.825 3.41936e-05 3.57911e-05 -3.40488e-05 8.7119e-07
4.85 3.29639e-05 3.45154e-05 -3.3166e-05 6.74742e-07
4.875 3.17503e-05 3.32556e-05 -3.2285e-05 4.85307e-07
4.9 3.05546e-05 3.20134e-05 -3.14072e-05 3.03116e-07
4.925 2.93782e-05 3.07906e-05 -3.05339e-05 1.28357e-07
4.95 2.82226e-05 2.95887e-05 -2.96663e-05 -3.88141e-08
4.975 2.7089e-05 2.84091e-05 -2.88056e-05 -1.98277e-07
5 2.59788e-05 2.7253e-05 -2.79529e-05 -3.49946e-07
5.025 2.48929e-05 2.61217e-05 -2.71093e-05 -4.93767e-07
5.05 2.38322e-05 2.50162e-05 -2.62756e-05 -6.29719e-07
5.075 2.27977e-05 2.39373e-05 -2.5453e-05 -7.57807e-07
5.1 2.17899e-05 2.28859e-05 -2.46421e-05 -8.78069e-07
5.125 2.08095e-05 2.18626e-05 -2.38437e-05 -9.90565e-07
5.15 1.9857e-05 2.08679e-05 -2.30587e-05 -1.09538e-06
5.175 1.89327e-05 1.99024e-05 -2.22876e-05 -1.19263e-06
5.2 1.80369e-05 1.89662e-05 -2.15311e-05 -1.28244e-06
5.225 1.71698e-05 1.80597e-05 -2.07896e-05 -1.36497e-06
5.25 1.63315e-05 1.71829e-05 -2.00636e-05 -1.44038e-06
5.275 1.5522e-05 1.63359e-05 -1.93536e-05 -1.50885e-06
5.3 1.47412e-05 1.55187e-05 -1.86599e-05 -1.57059e-06
5.325 1.3989e-05 1.47312e-05 -1.79828e-05 -1.62581e-06
5.35 1.32651e-05 1.3973e-05 -1.73225e-05 -1.67473e-06
5.375 1.25693e-05 1.3244e-05 -1.66791e-05 -1.71758e-06
5.4 1.19011e-05 1.25437e-05 -1.6053e-05 -1.75461e-06
5.425 1.12602e-05 1.18719e-05 -1.5444e-05 -1.78605e-06
5.45 1.06462e-05 1.1228e-05 -1.48523e-05 -1.81216e-06
5.475 1.00584e-05 1.06114e-05 -1.42778e-05 -1.83319e-06
5.5 9.49643e-06 1.00218e-05 -1.37206e-05 -1.84939e-06
5.525 8.95964e-06 9.45839e-06 -1.31805e-05 -1.86103e-06
5.55 8.44743e-06 8.92064e-06 -1.26573e-05 -1.86835e-06
5.575 7.95914e-06 8.40787e-06 -1.21511e-05 -1.87161e-06
5.6 7.49411e-06 7.91939e-06 -1.16615e-05 -1.87107e-06
5.625 7.05167e-06 7.4545e-06 -1.11884e-05 -1.86696e-06
5.65 6.6311e-06 7.01247e-06 -1.07315e-05 -1.85952e-06
5.675 6.23169e-06 6.59257e-06 -1.02906e-05 -1.84901e-06
5.7 5.85274e-06 6.19406e-06 -9.86535e-06 -1.83564e-06
5.725 5.4935e-06 5.81618e-06 -9.45548e-06 -1.81965e-06
5.75 5.15326e-06 5.45818e-06 -9.06067e-06 -1.80125e-06
5.775 4.83128e-06 5.1193e-06 -8.68059e-06 -1.78064e-06
5.8 4.52685e-06 4.7988e-06 -8.31489e-06 -1.75805e-06
5.825 4.23924e-06 4.49592e-06 -7.96321e-06 -1.73365e-06
5.85 3.96776e-06 4.20993e-06 -7.62519e-06 -1.70763e-06
5.875 3.7117e-06 3.94011e-06 -7.30046e-06 -1.68017e-06
5.9 3.47037e-06 3.68573e-06 -6.98864e-06 -1.65145e-06
5.925 3.2431e-06 3.4461e-06 -6.68934e-06 -1.62162e-06
5.95 3.02923e-06 3.22053e-06 -6.40218e-06 -1.59083e-06
5.975 2.82812e-06 3.00834e-06 -6.12679e-06 -1.55923e-06
6 2.63915e-06 2.80888e-06 -5.86277e-06 -1.52695e-06
6.025 2.4617e-06 2.62152e-06 -5.60974e-06 -1.49411e-06
6.05 2.29518e-06 2.44565e-06 -5.36733e-06 -1.46084e-06
6.075 2.13903e-06 2.28065e-06 -5.13515e-06 -1.42725e-06
6.1 1.9927e-06 2.12597e-06 -4.91284e-06 -1.39343e-06
6.125 1.85564e-06 1.98104e-06 -4.70003e-06 -1.35949e-06
6.15 1.72736e-06 1.84533e-06 -4.49636e-06 -1.32551e-06
6.175 1.60736e-06 1.71833e-06 -4.30148e-06 -1.29157e-06
6.2 1.49517e-06 1.59953e-06 -4.11503e-06 -1.25775e-06
6.225 1.39034e-06 1.48848e-06 -3.9367e-06 -1.22411e-06
6.25 1.29243e-06 1.38471e-06 -3.76614e-06 -1.19072e-06
6.275 1.20104e-06 1.28779e-06 -3.60304e-06 -1.15762e-06
6.3 1.11576e-06 1.19732e-06 -3.44709e-06 -1.12488e-06
6.325 1.03624e-06 1.11291e-06 -3.29797e-06 -1.09253e-06
6.35 9.62107e-07 1.03417e-06 -3.15541e-06 -1.06062e-06
6.375 8.93028e-07 9.60751e-07 -3.01912e-06 -1.02918e-06
6.4 8.28682e-07 8.92325e-07 -2.88882e-06 -9.98248e-07
6.425 7.68765e-07 8.28568e-07 -2.76425e-06 -9.67842e-07
6.45 7.12991e-07 7.69181e-07 -2.64516e-06 -9.37991e-07
6.475 6.61088e-07 7.13877e-07 -2.5313e-06 -9.08713e-07
6.5 6.12799e-07 6.62389e-07 -2.42244e-06 -8.80026e-07
6.525 5.67882e-07 6.14463e-07 -2.31835e-06 -8.51944e-07
6.55 5.26111e-07 5.69859e-07 -2.21881e-06 -8.24478e-07
6.575 4.87271e-07 5.28354e-07 -2.12363e-06 -7.97636e-07
6.6 4.5116e-07 4.89735e-07 -2.03258e-06 -7.71424e-07
6.625 4.17591e-07 4.53805e-07 -1.9455e-06 -7.45848e-07
6.65 3.86385e-07 4.20377e-07 -1.86219e-06 -7.20907e-07
6.675 3.57377e-07 3.89278e-07 -1.78249e-06 -6.96604e-07
6.7 3.30411e-07 3.60344e-07 -1.70622e-06 -6.72937e-07
6.725 3.05342e-07 3.33422e-07 -1.63323e-06 -6.49903e-07
6.75 2.82035e-07 3.0837e-07 -1.56337e-06 -6.27499e-07
6.775 2.60362e-07 2.85055e-07 -1.49649e-06 -6.05718e-07
6.8 2.40207e-07 2.63354e-07 -1.43246e-06 -5.84555e-07
6.825 2.21459e-07 2.43149e-07 -1.37115e-06 -5.64003e-07
6.85 2.04016e-07 2.24335e-07 -1.31244e-06 -5.44053e-07
6.875 1.87784e-07 2.06811e-07 -1.25621e-06 -5.24697e-07
6.9 1.72673e-07 1.90485e-07 -1.20234e-06 -5.05926e-07
6.925 1.58603e-07 1.7527e-07 -1.15073e-06 -4.87729e-07
6.95 1.45499e-07 1.61086e-07 -1.10128e-06 -4.70096e-07
6.975 1.33289e-07 1.47861e-07 -1.0539e-06 -4.53017e-07
7 1.21909e-07 1.35525e-07 -1.00849e-06 -4.3648e-07
7.025 1.11299e-07 1.24015e-07 -9.64964e-07 -4.20474e-07
7.05 1.01404e-07 1.13274e-07 -9.23248e-07 -4.04987e-07
7.075 9.21735e-08 1.03246e-07 -8.83262e-07 -3.90008e-07
7.1 8.35599e-08 9.3882e-08 -8.4493e-07 -3.75524e-07
7.125 7.55201e-08 8.51365e-08 -8.08184e-07 -3.61524e-07
7.15 6.80142e-08 7.69671e-08 -7.72958e-07 -3.47995e-07
7.175 6.10056e-08 6.93346e-08 -7.39187e-07 -3.34926e-07
7.2 5.44605e-08 6.22032e-08 -7.06812e-07 -3.22305e-07
7.225 4.83478e-08 5.55398e-08 -6.75777e-07 -3.10119e-07
7.25 4.26392e-08 4.93139e-08 -6.46028e-07 -2.98357e-07
7.275 3.73082e-08 4.34974e-08 -6.17511e-07 -2.87007e-07
7.3 3.23308e-08 3.80644e-08 -5.9018e-07 -2.76058e-07
7.325 2.76847e-08 3.29911e-08 -5.63986e-07 -2.65498e-07
7.35 2.33494e-08 2.82554e-08 -5.38886e-07 -2.55315e-07
7.375 1.9306e-08 2.3837e-08 -5.14837e-07 -2.455e-07
7.4 1.55371e-08 1.9717e-08 -4.91797e-07 -2.3604e-07
7.425 1.20266e-08 1.58779e-08 -4.6973e-07 -2.26926e-07
7.45 8.75954e-09 1.23037e-08 -4.48596e-07 -2.18146e-07
7.475 5.72208e-09 8.97916e-09 -4.28361e-07 -2.09691e-07
7.5 2.90136e-09 5.8904e-09 -4.0899e-07 -2.0155e-07
7.525 2.85389e-10 3.02432e-09 -3.90451e-07 -1.93713e-07
7.55 -2.13702e-09 3.68708e-10 -3.72713e-07 -1.86172e-07
7.575 -4.37635e-09 -2.0879e-09 -3.55744e-07 -1.78916e-07
7.6 -6.44242e-09 -4.35625e-09 -3.39517e-07 -1.71936e-07
7.625 -8.34451e-09 -6.44649e-09 -3.24002e-07 -1.65224e-07
7.65 -1.00913e-08 -8.36819e-09 -3.09174e-07 -1.58771e-07
7.675 -1.16911e-08 -1.01304e-08 -2.95005e-07 -1.52568e-07
7.7 -1.31518e-08 -1.17417e-08 -2.81471e-07 -1.46606e-07
7.725 -1.44807e-08 -1.32103e-08 -2.68547e-07 -1.40879e-07
7.75 -1.5685e-08 -1.45439e-08 -2.5621e-07 -1.35377e-07
7.775 -1.67714e-08 -1.57499e-08 -2.44438e-07 -1.30094e-07
7.8 -1.77465e-08 -1.68354e-08 -2.33207e-07 -1.25021e-07
7.825 -1.86163e-08 -1.78073e-08 -2.22496e-07 -1.20152e-07
7.85 -1.93868e-08 -1.86719e-08 -2.12285e-07 -1.15479e-07
7.875 -2.00638e-08 -1.94354e-08 -2.02554e-07 -1.10995e-07
7.9 -2.06527e-08 -2.01039e-08 -1.93283e-07 -1.06694e-07
7.925 -2.11587e-08 -2.0683e-08 -1.84453e-07 -1.02568e-07
7.95 -2.15869e-08 -2.11781e-08 -1.76047e-07 -9.86123e-08
7.975 -2.19421e-08 -2.15946e-08 -1.68045e-07 -9.48196e-08
8 -2.2229e-08 -2.19374e-08 -1.6043e-07 -9.11838e-08
8.025 -2.24519e-08 -2.22113e-08 -1.53187e-07 -8.76991e-08
8.05 -2.26152e-08 -2.2421e-08 -1.46298e-07 -8.43595e-08
8.075 -2.27229e-08 -2.25707e-08 -1.39748e-07 -8.11595e-08
8.1 -2.27789e-08 -2.26648e-08 -1.33522e-07 -7.80934e-08
8.125 -2.2787e-08 -2.27071e-08 -1.27605e-07 -7.51558e-08
8.15 -2.27506e-08 -2.27016e-08 -1.21981e-07 -7.23415e-08
8.175 -2.26732e-08 -2.26518e-08 -1.16639e-07 -6.96454e-08
8.2 -2.25579e-08 -2.25611e-08 -1.11564e-07 -6.70624e-08
8.225 -2.24078e-08 -2.24328e-08 -1.06743e-07 -6.45877e-08
8.25 -2.22258e-08 -2.227e-08 -1.02163e-07 -6.22167e-08
8.275 -2.20146e-08 -2.20757e-08 -9.78136e-08 -5.99447e-08
8.3 -2.17768e-08 -2.18525e-08 -9.3682e-08 -5.77673e-08
8.325 -2.15148e-08 -2.16031e-08 -8.97573e-08 -5.56802e-08
8.35 -2.12308e-08 -2.13298e-08 -8.60286e-08 -5.36792e-08
8.375 -2.09271e-08 -2.10351e-08 -8.24858e-08 -5.17605e-08
8.4 -2.06057e-08 -2.07211e-08 -7.91188e-08 -4.992e-08
8.425 -2.02684e-08 -2.03899e-08 -7.59183e-08 -4.81541e-08
8.45 -1.9917e-08 -2.00432e-08 -7.2875e-08 -4.64591e-08
8.475 -1.95533e-08 -1.9683e-08 -6.99803e-08 -4.48316e-08
8.5 -1.91788e-08 -1.93109e-08 -6.7226e-08 -4.32684e-08
8.525 -1.87948e-08 -1.89284e-08 -6.4604e-08 -4.17662e-08
8.55 -1.84029e-08 -1.85372e-08 -6.21069e-08 -4.0322e-08
8.575 -1.80044e-08 -1.81384e-08 -5.97275e-08 -3.8933e-08
8.6 -1.76003e-08 -1.77336e-08 -5.7459e-08 -3.75963e-08
8.625 -1.71919e-08 -1.73238e-08 -5.52948e-08 -3.63093e-08
8.65 -1.67801e-08 -1.69102e-08 -5.3229e-08 -3.50696e-08
8.675 -1.63661e-08 -1.64939e-08 -5.12557e-08 -3.38748e-08
8.7 -1.59507e-08 -1.60759e-08 -4.93694e-08 -3.27227e-08
8.725 -1.55349e-08 -1.56572e-08 -4.7565e-08 -3.16111e-08
8.75 -1.51194e-08 -1.52386e-08 -4.58376e-08 -3.05381e-08
8.775 -1.47051e-08 -1.4821e-08 -4.41826e-08 -2.95018e-08
8.8 -1.42926e-08 -1.44052e-08 -4.25958e-08 -2.85005e-08
8.825 -1.38827e-08 -1.39919e-08 -4.10731e-08 -2.75325e-08
8.85 -1.34761e-08 -1.35818e-08 -3.96107e-08 -2.65962e-08
8.875 -1.30732e-08 -1.31756e-08 -3.82051e-08 -2.56903e-08
8.9 -1.26749e-08 -1.27738e-08 -3.6853e-08 -2.48134e-08
8.925 -1.22814e-08 -1.23772e-08 -3.55514e-08 -2.39643e-08
8.95 -1.18935e-08 -1.19861e-08 -3.42973e-08 -2.31417e-08
8.975 -1.15115e-08 -1.16011e-08 -3.30881e-08 -2.23446e-08
9 -1.11359e-08 -1.12226e-08 -3.19213e-08 -2.1572e-08
9.025 -1.07671e-08 -1.08511e-08 -3.07946e-08 -2.08229e-08
9.05 -1.04055e-08 -1.04869e-08 -2.97059e-08 -2.00964e-08
9.075 -1.00514e-08 -1.01305e-08 -2.86533e-08 -1.93919e-08
9.1 -9.70505e-09 -9.78197e-09 -2.76348e-08 -1.87084e-08
9.125 -9.36681e-09 -9.44172e-09 -2.66488e-08 -1.80453e-08
9.15 -9.03689e-09 -9.10997e-09 -2.56937e-08 -1.74019e-08
9.175 -8.71548e-09 -8.78689e-09 -2.47682e-08 -1.67776e-08
9.2 -8.40274e-09 -8.47266e-09 -2.38709e-08 -1.61718e-08
9.225 -8.09882e-09 -8.16738e-09 -2.30006e-08 -1.5584e-08
9.25 -7.8038e-09 -7.87114e-09 -2.21562e-08 -1.50137e-08
9.275 -7.51775e-09 -7.584e-09 -2.13366e-08 -1.44603e-08
9.3 -7.2407e-09 -7.30598e-09 -2.0541e-08 -1.39235e-08
9.325 -6.97264e-09 -7.03704e-09 -1.97684e-08 -1.34027e-08
9.35 -6.71355e-09 -6.77715e-09 -1.90181e-08 -1.28976e-08
9.375 -6.46335e-09 -6.52623e-09 -1.82893e-08 -1.24078e-08
9.4 -6.22195e-09 -6.28417e-09 -1.75815e-08 -1.19328e-08
9.425 -5.98924e-09 -6.05083e-09 -1.68939e-08 -1.14724e-08
9.45 -5.76507e-09 -5.82606e-09 -1.6226e-08 -1.10261e-08
9.475 -5.54926e-09 -5.60968e-09 -1.55774e-08 -1.05935e-08
9.5 -5.34164e-09 -5.40147e-09 -1.49475e-08 -1.01745e-08
9.525 -5.14198e-09 -5.20123e-09 -1.43359e-08 -9.76854e-09
9.55 -4.95007e-09 -5.00871e-09 -1.37421e-08 -9.37542e-09
9.575 -4.76565e-09 -4.82367e-09 -1.31659e-08 -8.9948e-09
9.6 -4.58849e-09 -4.64585e-09 -1.26069e-08 -8.62639e-09
9.625 -4.41832e-09 -4.47497e-09 -1.20648e-08 -8.26987e-09
9.65 -4.25487e-09 -4.31078e-09 -1.15392e-08 -7.92497e-09
9.675 -4.09787e-09 -4.15298e-09 -1.10298e-08 -7.59141e-09
9.7 -3.94705e-09 -4.00131e-09 -1.05365e-08 -7.26891e-09
9.725 -3.80212e-09 -3.85549e-09 -1.00589e-08 -6.95721e-09
9.75 -3.66282e-09 -3.71525e-09 -9.59686e-09 -6.65606e-09
9.775 -3.52888e-09 -3.58032e-09 -9.15007e-09 -6.3652e-09
9.8 -3.40005e-09 -3.45045e-09 -8.71832e-09 -6.08439e-09
9.825 -3.27607e-09 -3.3254e-09 -8.30141e-09 -5.8134e-09
9.85 -3.1567e-09 -3.20491e-09 -7.8991e-09 -5.55201e-09
9.875 -3.04171e-09 -3.08878e-09 -7.5112e-09 -5.29999e-09
9.9 -2.93088e-09 -2.97678e-09 -7.13749e-09 -5.05713e-09
9.925 -2.82401e-09 -2.86873e-09 -6.77775e-09 -4.82324e-09
9.95 -2.72091e-09 -2.76444e-09 -6.43179e-09 -4.59811e-09
9.975 -2.62141e-09 -2.66373e-09 -6.09939e-09 -4.38156e-09
10 -2.52535e-09 -2.56647e-09 -5.78033e-09 -4.1734e-09
10.025 -2.43258e-09 -2.47251e-09 -5.4744e-09 -3.97346e-09
10.05 -2.34298e-09 -2.38173e-09 -5.18138e-09 -3.78156e-09
10.075 -2.25642e-09 -2.29402e-09 -4.90104e-09 -3.59753e-09
10.1 -2.17281e-09 -2.20929e-09 -4.63315e-09 -3.42122e-09
10.125 -2.09207e-09 -2.12746e-09 -4.37747e-09 -3.25247e-09
10.15 -2.01411e-09 -2.04845e-09 -4.13377e-09 -3.09111e-09
10.175 -1.93888e-09 -1.97221e-09 -3.9018e-09 -2.93701e-09
10.2 -1.86632e-09 -1.8987e-09 -3.68129e-09 -2.78999e-09
10.225 -1.79639e-09 -1.82786e-09 -3.472e-09 -2.64993e-09
10.25 -1.72904e-09 -1.75966e-09 -3.27365e-09 -2.51666e-09
10.275 -1.66426e-09 -1.69409e-09 -3.08597e-09 -2.39003e-09
10.3 -1.60202e-09 -1.6311e-09 -2.90868e-09 -2.26989e-09
10.325 -1.5423e-09 -1.5707e-09 -2.7415e-09 -2.1561e-09
10.35 -1.48508e-09 -1.51284e-09 -2.58412e-09 -2.04848e-09
10.375 -1.43034e-09 -1.45753e-09 -2.43626e-09 -1.9469e-09
10.4 -1.37806e-09 -1.40473e-09 -2.29761e-09 -1.85117e-09
10.425 -1.32824e-09 -1.35443e-09 -2.16786e-09 -1.76114e-09
10.45 -1.28084e-09 -1.3066e-09 -2.04669e-09 -1.67665e-09
10.475 -1.23584e-09 -1.26122e-09 -1.93379e-09 -1.59751e-09
10.5 -1.19322e-09 -1.21825e-09 -1.82884e-09 -1.52355e-09
10.525 -1.15293e-09 -1.17766e-09 -1.73151e-09 -1.45458e-09
10.55 -1.11495e-09 -1.13939e-09 -1.64148e-09 -1.39043e-09
10.575 -1.07922e-09 -1.10339e-09 -1.55841e-09 -1.3309e-09
10.6 -1.04568e-09 -1.06962e-09 -1.48199e-09 -1.27581e-09
10.625 -1.01429e-09 -1.038e-09 -1.41188e-09 -1.22494e-09
10.65 -9.8497e-10 -1.00846e-09 -1.34774e-09 -1.1781e-09
10.675 -9.57646e-10 -9.80922e-10 -1.28927e-09 -1.13509e-09
10.7 -9.32239e-10 -9.55298e-10 -1.23612e-09 -1.09571e-09
10.725 -9.08661e-10 -9.31497e-10 -1.18798e-09 -1.05974e-09
10.75 -8.86817e-10 -9.09419e-10 -1.14452e-09 -1.02697e-09
10.775 -8.66609e-10 -8.88962e-10 -1.10544e-09 -9.97203e-10
10.8 -8.4793e-10 -8.70016e-10 -1.07043e-09 -9.70224e-10
10.825 -8.30672e-10 -8.52469e-10 -1.03918e-09 -9.45827e-10
10.85 -8.14722e-10 -8.36205e-10 -1.0114e-09 -9.23804e-10
10.875 -7.99966e-10 -8.21108e-10 -9.86801e-10 -9.03954e-10
10.9 -7.86285e-10 -8.07056e-10 -9.65097e-10 -8.86077e-10
10.925 -7.73561e-10 -7.93932e-10 -9.4602e-10 -8.69976e-10
10.95 -7.61677e-10 -7.81617e-10 -9.29307e-10 -8.55462e-10
10.975 -7.50515e-10 -7.69992e-10 -9.14705e-10 -8.42349e-10
11 -7.39961e-10 -7.58943e-10 -9.01973e-10 -8.30458e-10
11.025 -7.29902e-10 -7.48358e-10 -8.90878e-10 -8.19618e-10
11.05 -7.20229e-10 -7.38131e-10 -8.812e-10 -8.09666e-10
11.075 -7.10838e-10 -7.28157e-10 -8.72731e-10 -8.00444e-10
11.1 -7.01631e-10 -7.18342e-10 -8.65272e-10 -7.91807e-10
11.125 -6.92516e-10 -7.08594e-10 -8.58639e-10 -7.83617e-10
11.15 -6.83406e-10 -6.9883e-10 -8.52659e-10 -7.75744e-10
11.175 -6.74223e-10 -6.88976e-10 -8.47169e-10 -7.68072e-10
11.2 -6.64897e-10 -6.78963e-10 -8.42022e-10 -7.60492e-10
11.225 -6.55364e-10 -6.68731e-10 -8.3708e-10 -7.52906e-10
11.25 -6.45571e-10 -6.58232e-10 -8.3222e-10 -7.45226e-10
11.275 -6.35472e-10 -6.47422e-10 -8.27328e-10 -7.37375e-10
11.3 -6.2503e-10 -6.36268e-10 -8.22303e-10 -7.29286e-10
11.325 -6.14218e-10 -6.24747e-10 -8.17056e-10 -7.20902e-10
11.35 -6.03015e-10 -6.12842e-10 -8.1151e-10 -7.12176e-10
11.375 -5.91412e-10 -6.00546e-10 -8.05595e-10 -7.0307e-10
11.4 -5.79405e-10 -5.87859e-10 -7.99256e-10 -6.93558e-10
11.425 -5.66999e-10 -5.74791e-10 -7.92446e-10 -6.83618e-10
11.45 -5.54208e-10 -5.61356e-10 -7.85127e-10 -6.73242e-10
11.475 -5.41049e-10 -5.47577e-10 -7.77272e-10 -6.62424e-10
11.5 -5.2755e-10 -5.33482e-10 -7.68859e-10 -6.5117e-10
11.525 -5.13741e-10 -5.19105e-10 -7.59878e-10 -6.39491e-10
11.55 -4.9966e-10 -5.04484e-10 -7.50325e-10 -6.27405e-10
11.575 -4.85347e-10 -4.89663e-10 -7.40202e-10 -6.14932e-10
11.6 -4.70847e-10 -4.74688e-10 -7.29517e-10 -6.02102e-10
11.625 -4.56208e-10 -4.59606e-10 -7.18286e-10 -5.88946e-10
11.65 -4.4148e-10 -4.4447e-10 -7.06527e-10 -5.75499e-10
11.675 -4.26714e-10 -4.2933e-10 -6.94266e-10 -5.61798e-10
11.7 -4.11962e-10 -4.1424e-10 -6.81529e-10 -5.47884e-10
11.725 -3.97277e-10 -3.9925e-10 -6.68348e-10 -5.33799e-10
11.75 -3.8271e-10 -3.84413e-10 -6.54757e-10 -5.19585e-10
11.775 -3.68311e-10 -3.69778e-10 -6.40792e-10 -5.05285e-10
11.8 -3.54129e-10 -3.55391e-10 -6.26491e-10 -4.90941e-10
11.825 -3.40209e-10 -3.41298e-10 -6.11893e-10 -4.76596e-10
11.85 -3.26596e-10 -3.27541e-10 -5.97037e-10 -4.62289e-10
11.875 -3.13327e-10 -3.14157e-10 -5.81963e-10 -4.4806e-10
11.9 -3.00439e-10 -3.01179e-10 -5.66711e-10 -4.33945e-10
11.925 -2.87963e-10 -2.88638e-10 -5.5132e-10 -4.19979e-10
11.95 -2.75927e-10 -2.76558e-10 -5.35828e-10 -4.06193e-10
11.975 -2.64352e-10 -2.6496e-10 -5.20272e-10 -3.92616e-10
12 -2.53256e-10 -2.53858e-10 -5.04687e-10 -3.79273e-10
12.025 -2.42651e-10 -2.43263e-10 -4.89108e-10 -3.66185e-10
12.05 -2.32546e-10 -2.33181e-10 -4.73564e-10 -3.53373e-10
12.075 -2.22943e-10 -2.23611e-10 -4.58087e-10 -3.40849e-10
12.1 -2.13839e-10 -2.1455e-10 -4.42704e-10 -3.28627e-10
12.125 -2.05229e-10 -2.05989e-10 -4.27438e-10 -3.16714e-10
12.15 -1.971e-10 -1.97914e-10 -4.12313e-10 -3.05114e-10
12.175 -1.89439e-10 -1.90309e-10 -3.97349e-10 -2.93829e-10
12.2 -1.82225e-10 -1.83152e-10 -3.82563e-10 -2.82857e-10
12.225 -1.75435e-10 -1.76418e-10 -3.67969e-10 -2.72194e-10
12.25 -1.69046e-10 -1.70082e-10 -3.53581e-10 -2.61831e-10
12.275 -1.63026e-10 -1.64111e-10 -3.39409e-10 -2.5176e-10
12.3 -1.57346e-10 -1.58475e-10 -3.25461e-10 -2.41968e-10
12.325 -1.51973e-10 -1.53139e-10 -3.11742e-10 -2.32441e-10
12.35 -1.46873e-10 -1.48069e-10 -2.98257e-10 -2.23163e-10
12.375 -1.4201e-10 -1.43227e-10 -2.85009e-10 -2.14118e-10
12.4 -1.37348e-10 -1.38578e-10 -2.71996e-10 -2.05287e-10
12.425 -1.32853e-10 -1.34085e-10 -2.5922e-10 -1.96652e-10
12.45 -1.28487e-10 -1.29713e-10 -2.46677e-10 -1.88195e-10
12.475 -1.24217e-10 -1.25426e-10 -2.34365e-10 -1.79895e-10
12.5 -1.20009e-10 -1.21192e-10 -2.22279e-10 -1.71736e-10
12.525 -1.15832e-10 -1.16979e-10 -2.10415e-10 -1.63697e-10
12.55 -1.11654e-10 -1.12756e-10 -1.98768e-10 -1.55762e-10
12.575 -1.0745e-10 -1.08497e-10 -1.87333e-10 -1.47915e-10
12.6 -1.03193e-10 -1.04177e-10 -1.76105e-10 -1.40141e-10
12.625 -9.88607e-11 -9.97747e-11 -1.65077e-10 -1.32426e-10
12.65 -9.44347e-11 -9.52709e-11 -1.54247e-10 -1.24759e-10
12.675 -8.98987e-11 -9.06508e-11 -1.43609e-10 -1.1713e-10
12.7 -8.52399e-11 -8.59023e-11 -1.33159e-10 -1.09531e-10
12.725 -8.04491e-11 -8.10173e-11 -1.22895e-10 -1.01956e-10
12.75 -7.55208e-11 -7.59911e-11 -1.12815e-10 -9.44033e-11
12.775 -7.04528e-11 -7.08224e-11 -1.02919e-10 -8.68706e-11
12.8 -6.52465e-11 -6.55137e-11 -9.32056e-11 -7.93597e-11
12.825 -5.99069e-11 -6.00708e-11 -8.36773e-11 -7.18741e-11
12.85 -5.44422e-11 -5.45031e-11 -7.43367e-11 -6.44199e-11
12.875 -4.88641e-11 -4.8823e-11 -6.51878e-11 -5.70054e-11
12.9 -4.31871e-11 -4.30462e-11 -5.62359e-11 -4.96411e-11
12.925 -3.7429e-11 -3.7191e-11 -4.7488e-11 -4.23395e-11
12.95 -3.16099e-11 -3.12788e-11 -3.8952e-11 -3.51154e-11
12.975 -2.57528e-11 -2.5333e-11 -3.06374e-11 -2.79852e-11
13 -1.98826e-11 -1.93793e-11 -2.25548e-11 -2.09671e-11
13.025 -1.40262e-11 -1.34454e-11 -1.4716e-11 -1.40807e-11
13.05 -8.2122e-12 -7.5605e-12 -7.13406e-12 -7.34728e-12
13.075 -2.47052e-12 -1.75493e-12 1.77047e-13 -7.88943e-13
13.1 3.16789e-12 3.93986e-12 7.20235e-12 5.5711e-12
13.125 8.67138e-12 9.49183e-12 1.39261e-11 1.17089e-11
13.15 1.40079e-11 1.48686e-11 2.03317e-11 1.76002e-11
13.175 1.91453e-11 2.00379e-11 2.64022e-11 2.322e-11
13.2 2.40518e-11 2.49676e-11 3.212e-11 2.85438e-11
13.225 2.86959e-11 2.96262e-11 3.74674e-11 3.35468e-11
13.25 3.30471e-11 3.39834e-11 4.24265e-11 3.82049e-11
13.275 3.70761e-11 3.80096e-11 4.69793e-11 4.24944e-11
13.3 4.07548e-11 4.1677e-11 5.11081e-11 4.63925e-11
13.325 4.40569e-11 4.49594e-11 5.47955e-11 4.98774e-11
13.35 4.69579e-11 4.78325e-11 5.80246e-11 5.29286e-11
13.375 4.94352e-11 5.02742e-11 6.07791e-11 5.55267e-11
13.4 5.14689e-11 5.22647e-11 6.30435e-11 5.76541e-11
13.425 5.30412e-11 5.37867e-11 6.48032e-11 5.92949e-11
13.45 5.41369e-11 5.48254e-11 6.60447e-11 6.04351e-11
13.475 5.47437e-11 5.53689e-11 6.67558e-11 6.10624e-11
13.5 5.4852e-11 5.54081e-11 6.69255e-11 6.11668e-11
13.525 5.4455e-11 5.49366e-11 6.65443e-11 6.07405e-11
13.55 5.35489e-11 5.39513e-11 6.56043e-11 5.97778e-11
13.575 5.21329e-11 5.24518e-11 6.4099e-11 5.82754e-11
13.6 5.02089e-11 5.04406e-11 6.20241e-11 5.62323e-11
13.625 4.77821e-11 4.79233e-11 5.93766e-11 5.36499e-11
13.65 4.48602e-11 4.49082e-11 5.61558e-11 5.0532e-11
13.675 4.14539e-11 4.14066e-11 5.23626e-11 4.68846e-11
13.7 3.75764e-11 3.74323e-11 4.80001e-11 4.27162e-11
13.725 3.32439e-11 3.30018e-11 4.30733e-11 3.80375e-11
13.75 2.84746e-11 2.81339e-11 3.75891e-11 3.28615e-11
13.775 2.32893e-11 2.285e-11 3.15564e-11 2.72032e-11
13.8 1.77109e-11 1.71733e-11 2.49863e-11 2.10798e-11
13.825 1.17644e-11 1.11292e-11 1.78917e-11 1.45105e-11
13.85 5.47644e-12 4.74494e-12 1.02873e-11 7.51614e-12
13.875 -1.12455e-12 -1.95077e-12 2.18997e-12 1.196e-13
13.9 -8.00877e-12 -8.92774e-12 -6.3819e-12 -7.65482e-12
13.925 -1.51452e-11 -1.61545e-11 -1.5408e-11 -1.57813e-11
13.95 -2.25016e-11 -2.35988e-11 -2.48665e-11 -2.42326e-11
13.975 -3.00453e-11 -3.12273e-11 -3.47338e-11 -3.29805e-11
14 -3.77425e-11 -3.90063e-11 -4.49849e-11 -4.19956e-11
14.025 -4.55595e-11 -4.69016e-11 -5.55936e-11 -5.12476e-11
14.05 -5.34621e-11 -5.48789e-11 -6.65322e-11 -6.07055e-11
14.075 -6.14161e-11 -6.29037e-11 -7.7772e-11 -7.03379e-11
14.1 -6.93876e-11 -7.09422e-11 -8.92832e-11 -8.01127e-11
14.125 -7.7343e-11 -7.89605e-11 -1.01035e-10 -8.99978e-11
14.15 -8.52494e-11 -8.69256e-11 -1.12996e-10 -9.99609e-11
14.175 -9.30744e-11 -9.48051e-11 -1.25135e-10 -1.0997e-10
14.2 -1.00787e-10 -1.02568e-10 -1.37418e-10 -1.19993e-10
14.225 -1.08356e-10 -1.10183e-10 -1.49813e-10 -1.29998e-10
14.25 -1.15754e-10 -1.17622e-10 -1.62286e-10 -1.39954e-10
14.275 -1.22951e-10 -1.24856e-10 -1.74805e-10 -1.49831e-10
14.3 -1.29923e-10 -1.31861e-10 -1.87337e-10 -1.59599e-10
14.325 -1.36643e-10 -1.3861e-10 -1.99847e-10 -1.69228e-10
14.35 -1.4309e-10 -1.4508e-10 -2.12304e-10 -1.78692e-10
14.375 -1.49241e-10 -1.51251e-10 -2.24675e-10 -1.87963e-10
14.4 -1.55077e-10 -1.57103e-10 -2.36929e-10 -1.97016e-10
14.425 -1.6058e-10 -1.62618e-10 -2.49034e-10 -2.05826e-10
14.45 -1.65734e-10 -1.6778e-10 -2.60961e-10 -2.14371e-10
14.475 -1.70526e-10 -1.72576e-10 -2.72679e-10 -2.22628e-10
14.5 -1.74943e-10 -1.76994e-10 -2.84161e-10 -2.30577e-10
14.525 -1.78976e-10 -1.81023e-10 -2.95379e-10 -2.38201e-10
14.55 -1.82615e-10 -1.84655e-10 -3.06306e-10 -2.45481e-10
14.575 -1.85856e-10 -1.87885e-10 -3.16919e-10 -2.52402e-10
14.6 -1.88692e-10 -1.90708e-10 -3.27193e-10 -2.5895e-10
14.625 -1.91123e-10 -1.93121e-10 -3.37106e-10 -2.65114e-10
14.65 -1.93146e-10 -1.95124e-10 -3.46638e-10 -2.70881e-10
14.675 -1.94763e-10 -1.96719e-10 -3.55769e-10 -2.76244e-10
14.7 -1.95978e-10 -1.97907e-10 -3.64481e-10 -2.81194e-10
14.725 -1.96793e-10 -1.98694e-10 -3.72758e-10 -2.85726e-10
14.75 -1.97215e-10 -1.99085e-10 -3.80586e-10 -2.89835e-10
14.775 -1.97251e-10 -1.99087e-10 -3.8795e-10 -2.93519e-10
14.8 -1.96909e-10 -1.9871e-10 -3.94841e-10 -2.96775e-10
14.825 -1.962e-10 -1.97963e-10 -4.01248e-10 -2.99605e-10
14.85 -1.95134e-10 -1.96857e-10 -4.07162e-10 -3.02009e-10
14.875 -1.93723e-10 -1.95404e-10 -4.12578e-10 -3.03991e-10
14.9 -1.91982e-10 -1.93619e-10 -4.1749e-10 -3.05554e-10
14.925 -1.89922e-10 -1.91514e-10 -4.21894e-10 -3.06704e-10
14.95 -1.8756e-10 -1.89105e-10 -4.25789e-10 -3.07447e-10
14.975 -1.84911e-10 -1.86407e-10 -4.29174e-10 -3.07791e-10
15 -1.81991e-10 -1.83437e-10 -4.3205e-10 -3.07744e-10
15.025 -1.78815e-10 -1.8021e-10 -4.3442e-10 -3.07315e-10
15.05 -1.75402e-10 -1.76744e-10 -4.36287e-10 -3.06516e-10
15.075 -1.71767e-10 -1.73056e-10 -4.37657e-10 -3.05357e-10
15.1 -1.67929e-10 -1.69164e-10 -4.38535e-10 -3.0385e-10
15.125 -1.63906e-10 -1.65085e-10 -4.38929e-10 -3.02007e-10
15.15 -1.59713e-10 -1.60837e-10 -4.38848e-10 -2.99843e-10
15.175 -1.5537e-10 -1.56438e-10 -4.38302e-10 -2.9737e-10
15.2 -1.50893e-10 -1.51904e-10 -4.373e-10 -2.94602e-10
15.225 -1.46299e-10 -1.47253e-10 -4.35856e-10 -2.91554e-10
15.25 -1.41606e-10 -1.42502e-10 -4.3398e-10 -2.88241e-10
15.275 -1.3683e-10 -1.37668e-10 -4.31688e-10 -2.84678e-10
15.3 -1.31987e-10 -1.32767e-10 -4.28991e-10 -2.80879e-10
15.325 -1.27092e-10 -1.27815e-10 -4.25906e-10 -2.7686e-10
15.35 -1.22162e-10 -1.22827e-10 -4.22447e-10 -2.72637e-10
15.375 -1.1721e-10 -1.17817e-10 -4.1863e-10 -2.68224e-10
15.4 -1.12251e-10 -1.12801e-10 -4.14471e-10 -2.63636e-10
15.425 -1.07299e-10 -1.07792e-10 -4.09987e-10 -2.5889e-10
15.45 -1.02366e-10 -1.02803e-10 -4.05195e-10 -2.53999e-10
15.475 -9.74647e-11 -9.78459e-11 -4.00111e-10 -2.48979e-10
15.5 -9.26068e-11 -9.29328e-11 -3.94753e-10 -2.43843e-10
15.525 -8.78031e-11 -8.80746e-11 -3.89138e-10 -2.38606e-10
15.55 -8.30638e-11 -8.32816e-11 -3.83284e-10 -2.33283e-10
15.575 -7.83984e-11 -7.85635e-11 -3.77208e-10 -2.27886e-10
15.6 -7.38158e-11 -7.3929e-11 -3.70927e-10 -2.22428e-10
15.625 -6.93239e-11 -6.93863e-11 -3.64458e-10 -2.16922e-10
15.65 -6.49303e-11 -6.49429e-11 -3.57819e-10 -2.11381e-10
15.675 -6.06415e-11 -6.06056e-11 -3.51027e-10 -2.05816e-10
15.7 -5.64635e-11 -5.63803e-11 -3.44097e-10 -2.00239e-10
15.725 -5.24018e-11 -5.22725e-11 -3.37047e-10 -1.9466e-10
15.75 -4.84609e-11 -4.82868e-11 -3.29892e-10 -1.89089e-10
15.775 -4.46448e-11 -4.44274e-11 -3.22648e-10 -1.83537e-10
15.8 -4.09569e-11 -4.06976e-11 -3.15329e-10 -1.78013e-10
15.825 -3.74e-11 -3.71002e-11 -3.07952e-10 -1.72526e-10
15.85 -3.39763e-11 -3.36375e-11 -3.0053e-10 -1.67084e-10
15.875 -3.06875e-11 -3.03113e-11 -2.93077e-10 -1.61694e-10
15.9 -2.75345e-11 -2.71224e-11 -2.85606e-10 -1.56364e-10
15.925 -2.45181e-11 -2.40718e-11 -2.7813e-10 -1.51101e-10
15.95 -2.16383e-11 -2.11593e-11 -2.70662e-10 -1.45911e-10
15.975 -1.88947e-11 -1.83848e-11 -2.63213e-10 -1.40799e-10
16 -1.62868e-11 -1.57475e-11 -2.55795e-10 -1.35771e-10
16.025 -1.38132e-11 -1.32462e-11 -2.48417e-10 -1.30832e-10
16.05 -1.14724e-11 -1.08794e-11 -2.41091e-10 -1.25985e-10
16.075 -9.26261e-12 -8.64531e-12 -2.33826e-10 -1.21236e-10
16.1 -7.18163e-12 -6.54167e-12 -2.26631e-10 -1.16586e-10
16.125 -5.22699e-12 -4.56602e-12 -2.19513e-10 -1.1204e-10
16.15 -3.39596e-12 -2.71564e-12 -2.12482e-10 -1.07599e-10
16.175 -1.68561e-12 -9.8757e-13 -2.05544e-10 -1.03266e-10
16.2 -9.2762e-14 6.21374e-13 -1.98706e-10 -9.90423e-11
16.225 1.38591e-12 2.11455e-12 -1.91974e-10 -9.49299e-11
16.25 2.75391e-12 3.49547e-12 -1.85355e-10 -9.09295e-11
16.275 4.01486e-12 4.76779e-12 -1.78852e-10 -8.7042e-11
16.3 5.1725e-12 5.93528e-12 -1.72471e-10 -8.32678e-11
16.325 6.23065e-12 7.0018e-12 -1.66216e-10 -7.9607e-11
16.35 7.19321e-12 7.97128e-12 -1.6009e-10 -7.60595e-11
16.375 8.06413e-12 8.8477e-12 -1.54098e-10 -7.26249e-11
16.4 8.84737e-12 9.63507e-12 -1.4824e-10 -6.93026e-11
16.425 9.54694e-12 1.03374e-11 -1.42521e-10 -6.60917e-11
16.45 1.01668e-11 1.09588e-11 -1.36941e-10 -6.29913e-11
16.475 1.0711e-11 1.15032e-11 -1.31503e-10 -5.99999e-11
16.5 1.11833e-11 1.19747e-11 -1.26207e-10 -5.71162e-11
16.525 1.15878e-11 1.23771e-11 -1.21055e-10 -5.43387e-11
16.55 1.19283e-11 1.27144e-11 -1.16046e-10 -5.16656e-11
16.575 1.22085e-11 1.29904e-11 -1.1118e-10 -4.9095e-11
16.6 1.24321e-11 1.32088e-11 -1.06459e-10 -4.66249e-11
16.625 1.26029e-11 1.33733e-11 -1.0188e-10 -4.42533e-11
16.65 1.27242e-11 1.34876e-11 -9.74437e-11 -4.1978e-11
16.675 1.27995e-11 1.3555e-11 -9.31486e-11 -3.97968e-11
16.7 1.28322e-11 1.3579e-11 -8.89937e-11 -3.77073e-11
16.725 1.28255e-11 1.35629e-11 -8.49772e-11 -3.57072e-11
16.75 1.27825e-11 1.35097e-11 -8.10977e-11 -3.3794e-11
16.775 1.27061e-11 1.34226e-11 -7.73533e-11 -3.19653e-11
16.8 1.25994e-11 1.33045e-11 -7.37418e-11 -3.02187e-11
16.825 1.24649e-11 1.31581e-11 -7.02612e-11 -2.85515e-11
16.85 1.23054e-11 1.29862e-11 -6.6909e-11 -2.69614e-11
16.875 1.21234e-11 1.27914e-11 -6.3683e-11 -2.54458e-11
16.9 1.19212e-11 1.2576e-11 -6.05804e-11 -2.40022e-11
16.925 1.17012e-11 1.23424e-11 -5.75988e-11 -2.26282e-11
16.95 1.14654e-11 1.20928e-11 -5.47352e-11 -2.13212e-11
16.975 1.1216e-11 1.18292e-11 -5.19869e-11 -2.00789e-11
17 1.09548e-11 1.15536e-11 -4.93511e-11 -1.88987e-11
17.025 1.06837e-11 1.12679e-11 -4.68248e-11 -1.77784e-11
17.05 1.04043e-11 1.09738e-11 -4.44051e-11 -1.67156e-11
17.075 1.01182e-11 1.06729e-11 -4.20889e-11 -1.5708e-11
17.1 9.82685e-12 1.03666e-11 -3.98734e-11 -1.47534e-11
17.125 9.53166e-12 1.00565e-11 -3.77554e-11 -1.38494e-11
17.15 9.23388e-12 9.7438e-12 -3.57319e-11 -1.29941e-11
17.175 8.93469e-12 9.42969e-12 -3.38e-11 -1.21852e-11
17.2 8.63516e-12 9.11529e-12 -3.19567e-11 -1.14207e-11
17.225 8.33628e-12 8.80161e-12 -3.01989e-11 -1.06986e-11
17.25 8.03894e-12 8.48959e-12 -2.85238e-11 -1.00171e-11
17.275 7.74398e-12 8.18006e-12 -2.69283e-11 -9.37413e-12
17.3 7.45212e-12 7.87378e-12 -2.54097e-11 -8.76795e-12
17.325 7.16404e-12 7.57145e-12 -2.39651e-11 -8.19681e-12
17.35 6.88033e-12 7.27368e-12 -2.25916e-11 -7.65898e-12
17.375 6.60151e-12 6.98101e-12 -2.12866e-11 -7.15282e-12
17.4 6.32807e-12 6.69393e-12 -2.00474e-11 -6.67675e-12
17.425 6.06039e-12 6.41285e-12 -1.88713e-11 -6.22924e-12
17.45 5.79884e-12 6.13815e-12 -1.77558e-11 -5.80882e-12
17.475 5.5437e-12 5.87012e-12 -1.66983e-11 -5.41407e-12
17.5 5.29524e-12 5.60903e-12 -1.56963e-11 -5.04365e-12
17.525 5.05364e-12 5.35509e-12 -1.47476e-11 -4.69624e-12
17.55 4.81908e-12 5.10847e-12 -1.38497e-11 -4.37061e-12
17.575 4.59167e-12 4.8693e-12 -1.30004e-11 -4.06555e-12
17.6 4.3715e-12 4.63766e-12 -1.21975e-11 -3.77994e-12
17.625 4.15862e-12 4.41362e-12 -1.1439e-11 -3.51268e-12
17.65 3.95306e-12 4.19721e-12 -1.07226e-11 -3.26272e-12
17.675 3.75481e-12 3.98841e-12 -1.00466e-11 -3.02908e-12
17.7 3.56384e-12 3.7872e-12 -9.4088e-12 -2.8108e-12
17.725 3.38009e-12 3.59352e-12 -8.80752e-12 -2.607e-12
17.75 3.20349e-12 3.4073e-12 -8.24093e-12 -2.41681e-12
17.775 3.03394e-12 3.22845e-12 -7.7073e-12 -2.23942e-12
17.8 2.87135e-12 3.05686e-12 -7.20498e-12 -2.07406e-12
17.825 2.71558e-12 2.8924e-12 -6.73239e-12 -1.91999e-12
17.85 2.5665e-12 2.73493e-12 -6.28798e-12 -1.77652e-12
17.875 2.42396e-12 2.5843e-12 -5.87029e-12 -1.64299e-12
17.9 2.2878e-12 2.44035e-12 -5.47791e-12 -1.51878e-12
17.925 2.15787e-12 2.30291e-12 -5.10951e-12 -1.4033e-12
17.95 2.03399e-12 2.17181e-12 -4.76378e-12 -1.29598e-12
17.975 1.91598e-12 2.04687e-12 -4.43949e-12 -1.19631e-12
18 1.80367e-12 1.92789e-12 -4.13547e-12 -1.10379e-12
18.025 1.69687e-12 1.8147e-12 -3.85059e-12 -1.01794e-12
18.05 1.59539e-12 1.7071e-12 -3.58378e-12 -9.38338e-13
18.075 1.49906e-12 1.6049e-12 -3.33401e-12 -8.64554e-13
18.1 1.40769e-12 1.5079e-12 -3.1003e-12 -7.96202e-13
18.125 1.32108e-12 1.41592e-12 -2.88174e-12 -7.32913e-13
18.15 1.23906e-12 1.32876e-12 -2.67744e-12 -6.74343e-13
18.175 1.16144e-12 1.24623e-12 -2.48656e-12 -6.20167e-13
18.2 1.08804e-12 1.16815e-12 -2.30831e-12 -5.7008e-13
18.225 1.01869e-12 1.09433e-12 -2.14192e-12 -5.23796e-13
18.25 9.53207e-13 1.02458e-12 -1.98668e-12 -4.8105e-13
18.275 8.91422e-13 9.58743e-13 -1.84192e-12 -4.41589e-13
18.3 8.3317e-13 8.96629e-13 -1.70699e-12 -4.05179e-13
18.325 7.78285e-13 8.38073e-13 -1.58128e-12 -3.71602e-13
18.35 7.2661e-13 7.82908e-13 -1.46421e-12 -3.40651e-13
18.375 6.7799e-13 7.30973e-13 -1.35524e-12 -3.12136e-13
18.4 6.32276e-13 6.82112e-13 -1.25387e-12 -2.85877e-13
18.425 5.89323e-13 6.36174e-13 -1.15959e-12 -2.61709e-13
18.45 5.4899e-13 5.93012e-13 -1.07196e-12 -2.39475e-13
18.475 5.11144e-13 5.52485e-13 -9.90546e-13 -2.1903e-13
18.5 4.75652e-13 5.14456e-13 -9.14937e-13 -2.00241e-13
18.525 4.42391e-13 4.78794e-13 -8.44753e-13 -1.8298e-13
18.55 4.11239e-13 4.45372e-13 -7.79634e-13 -1.67131e-13
18.575 3.82081e-13 4.14069e-13 -7.19242e-13 -1.52587e-13
18.6 3.54806e-13 3.84769e-13 -6.63258e-13 -1.39245e-13
18.625 3.29309e-13 3.57359e-13 -6.11384e-13 -1.27012e-13
18.65 3.05487e-13 3.31735e-13 -5.6334e-13 -1.15802e-13
18.675 2.83245e-13 3.07793e-13 -5.18861e-13 -1.05534e-13
18.7 2.62489e-13 2.85436e-13 -4.77703e-13 -9.61334e-14
18.725 2.43133e-13 2.64572e-13 -4.39633e-13 -8.75305e-14
18.75 2.25091e-13 2.45111e-13 -4.04435e-13 -7.96618e-14
18.775 2.08284e-13 2.26971e-13 -3.71907e-13 -7.24679e-14
18.8 1.92638e-13 2.10071e-13 -3.41859e-13 -6.5894e-14
18.825 1.78079e-13 1.94334e-13 -3.14114e-13 -5.98897e-14
18.85 1.6454e-13 1.7969e-13 -2.88506e-13 -5.4408e-14
18.875 1.51957e-13 1.6607e-13 -2.64882e-13 -4.9406e-14
18.9 1.40269e-13 1.53409e-13 -2.43096e-13 -4.48437e-14
18.925 1.29417e-13 1.41646e-13 -2.23015e-13 -4.06844e-14
18.95 1.19348e-13 1.30723e-13 -2.04512e-13 -3.68944e-14
18.975 1.1001e-13 1.20586e-13 -1.87471e-13 -3.34425e-14
19 1.01355e-13 1.11183e-13 -1.71783e-13 -3.02999e-14
19.025 9.33372e-14 1.02466e-13 -1.57347e-13 -2.74404e-14
19.05 8.59132e-14 9.43887e-14 -1.44068e-13 -2.48395e-14
19.075 7.9043e-14 8.6908e-14 -1.31858e-13 -2.24751e-14
19.1 7.26885e-14 7.99837e-14 -1.20637e-13 -2.03267e-14
19.125 6.6814e-14 7.35775e-14 -1.10328e-13 -1.83753e-14
19.15 6.13862e-14 6.76537e-14 -1.00861e-13 -1.66039e-14
19.175 5.63736e-14 6.21788e-14 -9.21717e-14 -1.49964e-14
19.2 5.17467e-14 5.71214e-14 -8.41984e-14 -1.35385e-14
19.225 4.74781e-14 5.24518e-14 -7.68855e-14 -1.22168e-14
19.25 4.35421e-14 4.81425e-14 -7.01809e-14 -1.10192e-14
19.275 3.99144e-14 4.41678e-14 -6.40368e-14 -9.9345e-15
19.3 3.65726e-14 4.05033e-14 -5.84083e-14 -8.95252e-15
19.325 3.34958e-14 3.71265e-14 -5.32545e-14 -8.06396e-15
19.35 3.06642e-14 3.40164e-14 -4.8537e-14 -7.2603e-15
19.375 2.80596e-14 3.11533e-14 -4.42208e-14 -6.53377e-15
19.4 2.56649e-14 2.85188e-14 -4.02733e-14 -5.87727e-15
19.425 2.34644e-14 2.60958e-14 -3.66645e-14 -5.28433e-15
19.45 2.14432e-14 2.38684e-14 -3.33665e-14 -4.74904e-15
19.475 1.95876e-14 2.18218e-14 -3.03538e-14 -4.26603e-15
19.5 1.78848e-14 1.99421e-14 -2.76029e-14 -3.83039e-15
19.525 1.63231e-14 1.82167e-14 -2.5092e-14 -3.43765e-15
19.55 1.48913e-14 1.66334e-14 -2.2801e-14 -3.08377e-15
19.575 1.35793e-14 1.51814e-14 -2.07115e-14 -2.76504e-15
19.6 1.23777e-14 1.38503e-14 -1.88065e-14 -2.47811e-15
19.625 1.12776e-14 1.26306e-14 -1.70705e-14 -2.21992e-15
19.65 1.02709e-14 1.15136e-14 -1.5489e-14 -1.98771e-15
19.675 9.35013e-15 1.0491e-14 -1.40489e-14 -1.77896e-15
19.7 8.50835e-15 9.5552e-15 -1.2738e-14 -1.59139e-15
19.725 7.73911e-15 8.69932e-15 -1.15452e-14 -1.42293e-15
19.75 7.03649e-15 7.91685e-15 -1.04603e-14 -1.2717e-15
19.775 6.395e-15 7.20181e-15 -9.47383e-15 -1.13601e-15
19.8 5.80959e-15 6.54868e-15 -8.57731e-15 -1.01432e-15
19.825 5.27559e-15 5.95235e-15 -7.76281e-15 -9.05229e-16
19.85 4.78871e-15 5.40814e-15 -7.02311e-15 -8.07487e-16
19.875 4.34497e-15 4.9117e-15 -6.3516e-15 -7.19952e-16
19.9 3.94075e-15 4.45903e-15 -5.74222e-15 -6.41597e-16
19.925 3.57267e-15 4.04645e-15 -5.18944e-15 -5.71493e-16
19.95 3.23766e-15 3.67058e-15 -4.68819e-15 -5.088e-16
19.975 2.93288e-15 3.3283e-15 -4.23383e-15 -4.52764e-16
20 2.65572e-15 3.01674e-15 -3.82214e-15 -4.02701e-16
